2.74385e+06 2.53191e+06 2.47562e+06
2.71405e+06 2.51964e+06 2.48638e+06
2.79447e+06 2.54904e+06 2.47287e+06
2.70275e+06 2.5345e+06 2.50851e+06
2.68112e+06 2.52077e+06 2.55402e+06
2.69409e+06 2.53451e+06 2.51536e+06
2.74414e+06 2.59399e+06 2.42842e+06
2.7501e+06 2.54993e+06 2.46671e+06
2.72865e+06 2.59509e+06 2.44576e+06
2.63982e+06 2.5518e+06 2.52067e+06
2.70226e+06 2.61488e+06 2.43629e+06
2.76503e+06 2.58117e+06 2.44279e+06
2.73433e+06 2.57392e+06 2.45128e+06
2.74165e+06 2.56564e+06 2.45521e+06
2.70923e+06 2.58006e+06 2.4495e+06
2.66086e+06 2.58163e+06 2.48527e+06
2.70197e+06 2.58903e+06 2.46296e+06
2.71517e+06 2.56817e+06 2.46437e+06
2.71714e+06 2.55673e+06 2.462e+06
2.71645e+06 2.57634e+06 2.46391e+06
2.75538e+06 2.56482e+06 2.46114e+06
2.69471e+06 2.59456e+06 2.45221e+06
2.6694e+06 2.58871e+06 2.4732e+06
2.75333e+06 2.58273e+06 2.43716e+06
2.70375e+06 2.6193e+06 2.42952e+06
2.68584e+06 2.59998e+06 2.45183e+06
2.70285e+06 2.58058e+06 2.45645e+06
2.65593e+06 2.63218e+06 2.44934e+06
2.68619e+06 2.58094e+06 2.46486e+06
2.71715e+06 2.57533e+06 2.44758e+06
2.66921e+06 2.58677e+06 2.48067e+06
2.68572e+06 2.57825e+06 2.46963e+06
2.7103e+06 2.57766e+06 2.46626e+06
2.7426e+06 2.56914e+06 2.45407e+06
2.72852e+06 2.61665e+06 2.43526e+06
2.67511e+06 2.59765e+06 2.4568e+06
2.66241e+06 2.56912e+06 2.48272e+06
2.69267e+06 2.5371e+06 2.47347e+06
2.6822e+06 2.55358e+06 2.47533e+06
2.70991e+06 2.59626e+06 2.43777e+06
2.69427e+06 2.53667e+06 2.50741e+06
2.67791e+06 2.55794e+06 2.49148e+06
2.69828e+06 2.57596e+06 2.47142e+06
2.66195e+06 2.56634e+06 2.48544e+06
2.70365e+06 2.56891e+06 2.4679e+06
2.70478e+06 2.59897e+06 2.45078e+06
2.66734e+06 2.56167e+06 2.50154e+06
2.67535e+06 2.53285e+06 2.5162e+06
2.64768e+06 2.5453e+06 2.54439e+06
2.65102e+06 2.66081e+06 2.45381e+06
2.68724e+06 2.61332e+06 2.44344e+06
2.68575e+06 2.58613e+06 2.46885e+06
2.61515e+06 2.61638e+06 2.48824e+06
2.59218e+06 2.61854e+06 2.48944e+06
2.66055e+06 2.63552e+06 2.44818e+06
2.67828e+06 2.61966e+06 2.43604e+06
2.67595e+06 2.63286e+06 2.43812e+06
2.67923e+06 2.60323e+06 2.44966e+06
2.64395e+06 2.54565e+06 2.50384e+06
2.65733e+06 2.5379e+06 2.54977e+06
2.59153e+06 2.56279e+06 2.57964e+06
2.62263e+06 2.60898e+06 2.4709e+06
2.65142e+06 2.54236e+06 2.58264e+06
2.61976e+06 2.54648e+06 2.5765e+06
2.67956e+06 2.58446e+06 2.47942e+06
2.65651e+06 2.56211e+06 2.49335e+06
2.64203e+06 2.59062e+06 2.47948e+06
2.64637e+06 2.55985e+06 2.5035e+06
2.63691e+06 2.65226e+06 2.45611e+06
2.67766e+06 2.58912e+06 2.47207e+06
2.62232e+06 2.62141e+06 2.4754e+06
2.62667e+06 2.66097e+06 2.46551e+06
2.63946e+06 2.55283e+06 2.53197e+06
2.59213e+06 2.64862e+06 2.4671e+06
2.60561e+06 2.63366e+06 2.46934e+06
2.64359e+06 2.61755e+06 2.45526e+06
2.60642e+06 2.58449e+06 2.49616e+06
2.6087e+06 2.57484e+06 2.49431e+06
2.58794e+06 2.64998e+06 2.46982e+06
2.62482e+06 2.58324e+06 2.48422e+06
2.55385e+06 2.59739e+06 2.52804e+06
2.62228e+06 2.55336e+06 2.55627e+06
2.57623e+06 2.56876e+06 2.5033e+06
2.59386e+06 2.55478e+06 2.53169e+06
2.62016e+06 2.59852e+06 2.47607e+06
2.60137e+06 2.59316e+06 2.49943e+06
2.60033e+06 2.61363e+06 2.49323e+06
2.61787e+06 2.56837e+06 2.51355e+06
2.61703e+06 2.61818e+06 2.47681e+06
2.60334e+06 2.59794e+06 2.49516e+06
2.63641e+06 2.59198e+06 2.45876e+06
2.59838e+06 2.56331e+06 2.52949e+06
2.57911e+06 2.62495e+06 2.4782e+06
2.61063e+06 2.61735e+06 2.47844e+06
2.61027e+06 2.6127e+06 2.49401e+06
2.63258e+06 2.62768e+06 2.46553e+06
2.63395e+06 2.60946e+06 2.45928e+06
2.56545e+06 2.60882e+06 2.51026e+06
2.6107e+06 2.6165e+06 2.48636e+06
2.56618e+06 2.60979e+06 2.49631e+06
2.60843e+06 2.64312e+06 2.46817e+06
2.65841e+06 2.62548e+06 2.45443e+06
2.58025e+06 2.62408e+06 2.49181e+06
2.56208e+06 2.61244e+06 2.5152e+06
2.60622e+06 2.61779e+06 2.48562e+06
2.56626e+06 2.60584e+06 2.51024e+06
2.56356e+06 2.59694e+06 2.51569e+06
2.51432e+06 2.59689e+06 2.54996e+06
2.50767e+06 2.60244e+06 2.56114e+06
2.56509e+06 2.61561e+06 2.50555e+06
2.55134e+06 2.60959e+06 2.51798e+06
2.54333e+06 2.61831e+06 2.51758e+06
2.5556e+06 2.63195e+06 2.51238e+06
2.51499e+06 2.60912e+06 2.53392e+06
2.61556e+06 2.59929e+06 2.47713e+06
2.54984e+06 2.58789e+06 2.53544e+06
2.53367e+06 2.63098e+06 2.52957e+06
2.54622e+06 2.59871e+06 2.52875e+06
2.57017e+06 2.59926e+06 2.51535e+06
2.55911e+06 2.63214e+06 2.48413e+06
2.53443e+06 2.59558e+06 2.56698e+06
2.5196e+06 2.60576e+06 2.54836e+06
2.53761e+06 2.59795e+06 2.53788e+06
2.57706e+06 2.60882e+06 2.49446e+06
2.5355e+06 2.61414e+06 2.52309e+06
2.59531e+06 2.60283e+06 2.49664e+06
2.61971e+06 2.56008e+06 2.50374e+06
2.56268e+06 2.63171e+06 2.5109e+06
2.5409e+06 2.58866e+06 2.5355e+06
2.53106e+06 2.69467e+06 2.51925e+06
2.52894e+06 2.5985e+06 2.53116e+06
2.56781e+06 2.5713e+06 2.53222e+06
2.53503e+06 2.63831e+06 2.51296e+06
2.56458e+06 2.58589e+06 2.51625e+06
2.56668e+06 2.57168e+06 2.53861e+06
2.53718e+06 2.59352e+06 2.54485e+06
2.53516e+06 2.63503e+06 2.52947e+06
2.52061e+06 2.63766e+06 2.52318e+06
2.56785e+06 2.62831e+06 2.49458e+06
2.51972e+06 2.64329e+06 2.53103e+06
2.55732e+06 2.59807e+06 2.51759e+06
2.53909e+06 2.63381e+06 2.50723e+06
2.56258e+06 2.60005e+06 2.51602e+06
2.53824e+06 2.58771e+06 2.5597e+06
2.53735e+06 2.591e+06 2.57044e+06
2.5736e+06 2.60214e+06 2.51393e+06
2.52056e+06 2.60581e+06 2.54209e+06
2.56885e+06 2.57759e+06 2.52648e+06
2.55516e+06 2.65856e+06 2.4997e+06
2.54296e+06 2.56929e+06 2.54338e+06
