1.51604e+06 1.52216e+06 1.45813e+06 1.54889e+06
1.58057e+06 1.4633e+06 1.59656e+06 1.57419e+06
1.58949e+06 1.47205e+06 1.59197e+06 1.56822e+06
1.51798e+06 1.58016e+06 1.5671e+06 1.49506e+06
1.44678e+06 1.55818e+06 1.56985e+06 1.57061e+06
1.53551e+06 1.48017e+06 1.60033e+06 1.58808e+06
1.51152e+06 1.56159e+06 1.56535e+06 1.49538e+06
1.56504e+06 1.47099e+06 1.58672e+06 1.5815e+06
1.54123e+06 1.48104e+06 1.58787e+06 1.58022e+06
1.5782e+06 1.46517e+06 1.5921e+06 1.56492e+06
1.56266e+06 1.47926e+06 1.57886e+06 1.58547e+06
1.54611e+06 1.47401e+06 1.58184e+06 1.57088e+06
1.58409e+06 1.47374e+06 1.58379e+06 1.56043e+06
1.57398e+06 1.47195e+06 1.58694e+06 1.57988e+06
1.5521e+06 1.47983e+06 1.56335e+06 1.56214e+06
1.57179e+06 1.47586e+06 1.57242e+06 1.57062e+06
1.54447e+06 1.48222e+06 1.59639e+06 1.5678e+06
1.56341e+06 1.47884e+06 1.57578e+06 1.57344e+06
1.57782e+06 1.48066e+06 1.58305e+06 1.53538e+06
1.55307e+06 1.47762e+06 1.59364e+06 1.55857e+06
1.56894e+06 1.47693e+06 1.57477e+06 1.56942e+06
1.55743e+06 1.47882e+06 1.58135e+06 1.57802e+06
1.56048e+06 1.47309e+06 1.59371e+06 1.57576e+06
1.55579e+06 1.47657e+06 1.5946e+06 1.56973e+06
1.55236e+06 1.48148e+06 1.55339e+06 1.56712e+06
1.44823e+06 1.54432e+06 1.57411e+06 1.56099e+06
1.46917e+06 1.55964e+06 1.55968e+06 1.52166e+06
1.53336e+06 1.48169e+06 1.54776e+06 1.56861e+06
1.56999e+06 1.47492e+06 1.59556e+06 1.55281e+06
1.56487e+06 1.47872e+06 1.57294e+06 1.57822e+06
1.49949e+06 1.48625e+06 1.5421e+06 1.53749e+06
1.46616e+06 1.53167e+06 1.5407e+06 1.54868e+06
1.55962e+06 1.47687e+06 1.58096e+06 1.58078e+06
1.46252e+06 1.53325e+06 1.53771e+06 1.53283e+06
1.45595e+06 1.55118e+06 1.55824e+06 1.55917e+06
1.56635e+06 1.47737e+06 1.57911e+06 1.54649e+06
1.49885e+06 1.48553e+06 1.54454e+06 1.53134e+06
1.55613e+06 1.47651e+06 1.58658e+06 1.56331e+06
1.46465e+06 1.55487e+06 1.54909e+06 1.52193e+06
1.46666e+06 1.52938e+06 1.59675e+06 1.5322e+06
1.454e+06 1.54658e+06 1.56102e+06 1.57612e+06
1.4493e+06 1.55437e+06 1.57261e+06 1.5404e+06
1.45273e+06 1.56142e+06 1.55548e+06 1.55309e+06
1.56119e+06 1.47924e+06 1.58191e+06 1.54936e+06
1.50423e+06 1.54923e+06 1.57574e+06 1.49732e+06
1.45539e+06 1.55556e+06 1.55464e+06 1.56804e+06
1.45658e+06 1.54274e+06 1.54743e+06 1.55306e+06
1.45486e+06 1.55523e+06 1.56991e+06 1.54126e+06
1.47135e+06 1.55775e+06 1.55662e+06 1.52125e+06
1.56384e+06 1.48182e+06 1.56213e+06 1.55903e+06
1.57045e+06 1.47613e+06 1.58345e+06 1.55486e+06
1.46173e+06 1.55718e+06 1.56448e+06 1.53091e+06
1.44871e+06 1.5508e+06 1.56049e+06 1.55096e+06
1.52404e+06 1.52885e+06 1.51493e+06 1.49709e+06
1.45243e+06 1.54066e+06 1.58094e+06 1.55396e+06
1.45979e+06 1.5306e+06 1.57688e+06 1.54881e+06
1.46807e+06 1.55264e+06 1.55118e+06 1.53013e+06
1.45101e+06 1.54103e+06 1.58154e+06 1.55213e+06
1.45176e+06 1.53471e+06 1.57807e+06 1.56072e+06
1.46334e+06 1.52338e+06 1.5684e+06 1.53415e+06
1.53057e+06 1.52399e+06 1.50291e+06 1.50443e+06
1.51105e+06 1.51968e+06 1.52443e+06 1.49542e+06
1.45366e+06 1.54561e+06 1.57314e+06 1.55597e+06
1.46407e+06 1.53306e+06 1.55066e+06 1.565e+06
1.45829e+06 1.54819e+06 1.55985e+06 1.54106e+06
1.50798e+06 1.48392e+06 1.52946e+06 1.55012e+06
1.46059e+06 1.54717e+06 1.55532e+06 1.54008e+06
1.478e+06 1.50035e+06 1.50108e+06 1.56588e+06
1.47394e+06 1.55375e+06 1.55306e+06 1.51313e+06
1.45606e+06 1.55314e+06 1.555e+06 1.55152e+06
1.55658e+06 1.47664e+06 1.59385e+06 1.56277e+06
1.46238e+06 1.53571e+06 1.54508e+06 1.56576e+06
1.53165e+06 1.49097e+06 1.51585e+06 1.51864e+06
1.51757e+06 1.51803e+06 1.5277e+06 1.49766e+06
1.46514e+06 1.5298e+06 1.55776e+06 1.53432e+06
1.45717e+06 1.53911e+06 1.54582e+06 1.54225e+06
1.45114e+06 1.55664e+06 1.56628e+06 1.54575e+06
1.46939e+06 1.55484e+06 1.58742e+06 1.51457e+06
1.45826e+06 1.5358e+06 1.56982e+06 1.56512e+06
1.52698e+06 1.48261e+06 1.51829e+06 1.53275e+06
1.46639e+06 1.5138e+06 1.57936e+06 1.55744e+06
1.46034e+06 1.53357e+06 1.55996e+06 1.5585e+06
1.5319e+06 1.52112e+06 1.46697e+06 1.53576e+06
1.4642e+06 1.53233e+06 1.54626e+06 1.54212e+06
1.46123e+06 1.53545e+06 1.563e+06 1.54454e+06
1.49461e+06 1.51059e+06 1.5314e+06 1.51235e+06
1.49854e+06 1.54526e+06 1.48083e+06 1.52856e+06
1.50722e+06 1.51562e+06 1.53643e+06 1.50221e+06
1.53425e+06 1.51494e+06 1.49861e+06 1.5091e+06
1.5565e+06 1.48238e+06 1.56301e+06 1.56435e+06
1.45913e+06 1.51788e+06 1.55254e+06 1.56052e+06
1.50897e+06 1.51956e+06 1.53504e+06 1.49975e+06
1.51005e+06 1.51308e+06 1.46396e+06 1.55768e+06
1.45507e+06 1.5463e+06 1.56096e+06 1.56248e+06
1.50585e+06 1.52122e+06 1.4629e+06 1.56116e+06
1.48581e+06 1.4884e+06 1.51169e+06 1.55988e+06
1.45208e+06 1.55699e+06 1.57519e+06 1.53926e+06
1.46353e+06 1.54137e+06 1.56174e+06 1.52378e+06
1.46691e+06 1.54045e+06 1.54697e+06 1.53274e+06
1.48848e+06 1.49442e+06 1.53078e+06 1.52502e+06
1.47532e+06 1.49808e+06 1.51789e+06 1.54186e+06
1.48915e+06 1.50057e+06 1.52916e+06 1.51812e+06
1.50831e+06 1.52174e+06 1.52235e+06 1.49925e+06
1.50928e+06 1.51632e+06 1.51415e+06 1.50454e+06
1.5189e+06 1.51268e+06 1.46365e+06 1.5546e+06
1.49586e+06 1.55647e+06 1.57251e+06 1.50201e+06
1.5125e+06 1.4848e+06 1.52012e+06 1.53401e+06
1.49635e+06 1.48665e+06 1.53554e+06 1.54084e+06
1.51882e+06 1.48728e+06 1.50948e+06 1.52815e+06
1.501e+06 1.52835e+06 1.52408e+06 1.49844e+06
1.52657e+06 1.49704e+06 1.48846e+06 1.53971e+06
1.52944e+06 1.53025e+06 1.48257e+06 1.5137e+06
1.5275e+06 1.49166e+06 1.51196e+06 1.5239e+06
1.46215e+06 1.53438e+06 1.5522e+06 1.55161e+06
1.4943e+06 1.52405e+06 1.46768e+06 1.54789e+06
1.45995e+06 1.52492e+06 1.56521e+06 1.53659e+06
1.50184e+06 1.52221e+06 1.52684e+06 1.50153e+06
1.51585e+06 1.49007e+06 1.52003e+06 1.52873e+06
1.45664e+06 1.54595e+06 1.56128e+06 1.53782e+06
1.51052e+06 1.51271e+06 1.46472e+06 1.56369e+06
1.48813e+06 1.5444e+06 1.49046e+06 1.52092e+06
1.50134e+06 1.52014e+06 1.5135e+06 1.505e+06
1.51654e+06 1.48424e+06 1.52098e+06 1.5259e+06
1.49192e+06 1.49982e+06 1.53012e+06 1.51904e+06
1.48888e+06 1.50707e+06 1.5331e+06 1.51404e+06
1.51604e+06 1.52196e+06 1.51891e+06 1.49868e+06
1.46788e+06 1.53138e+06 1.55168e+06 1.53314e+06
1.50605e+06 1.51652e+06 1.52878e+06 1.50011e+06
1.47177e+06 1.50278e+06 1.51742e+06 1.54442e+06
1.51356e+06 1.51746e+06 1.46005e+06 1.55605e+06
1.5044e+06 1.50179e+06 1.53344e+06 1.51513e+06
1.52483e+06 1.53763e+06 1.47667e+06 1.52071e+06
1.52244e+06 1.49212e+06 1.52368e+06 1.5222e+06
1.47876e+06 1.52329e+06 1.48501e+06 1.5324e+06
1.50524e+06 1.5293e+06 1.46891e+06 1.54328e+06
1.50389e+06 1.50506e+06 1.5116e+06 1.50629e+06
1.48388e+06 1.49484e+06 1.4899e+06 1.56521e+06
1.50139e+06 1.48969e+06 1.5196e+06 1.55205e+06
1.50458e+06 1.53706e+06 1.4805e+06 1.51287e+06
1.49803e+06 1.53877e+06 1.46563e+06 1.54754e+06
1.46285e+06 1.52096e+06 1.567e+06 1.54473e+06
1.49232e+06 1.50394e+06 1.52508e+06 1.51547e+06
1.4827e+06 1.51808e+06 1.48168e+06 1.53802e+06
1.45568e+06 1.53288e+06 1.57929e+06 1.56346e+06
1.49007e+06 1.5029e+06 1.53236e+06 1.51539e+06
1.45842e+06 1.52633e+06 1.56157e+06 1.54963e+06
1.45757e+06 1.53846e+06 1.56116e+06 1.54478e+06
1.52117e+06 1.49997e+06 1.48605e+06 1.5292e+06
1.47833e+06 1.51002e+06 1.52261e+06 1.51717e+06
1.5167e+06 1.48813e+06 1.49598e+06 1.54906e+06
1.48204e+06 1.5007e+06 1.50011e+06 1.53296e+06
1.46741e+06 1.53656e+06 1.54463e+06 1.53058e+06
1.49376e+06 1.48858e+06 1.52814e+06 1.5236e+06
1.49508e+06 1.51917e+06 1.47285e+06 1.55671e+06
1.48794e+06 1.49856e+06 1.53202e+06 1.52342e+06
1.52034e+06 1.48917e+06 1.50812e+06 1.53073e+06
1.47038e+06 1.5048e+06 1.51123e+06 1.53448e+06
1.49403e+06 1.51548e+06 1.53399e+06 1.50775e+06
1.51933e+06 1.48873e+06 1.50352e+06 1.53339e+06
1.52072e+06 1.50602e+06 1.48542e+06 1.52738e+06
1.45151e+06 1.542e+06 1.57307e+06 1.55683e+06
1.48736e+06 1.50965e+06 1.49265e+06 1.53877e+06
1.46755e+06 1.50254e+06 1.52448e+06 1.53736e+06
1.48564e+06 1.49536e+06 1.51688e+06 1.53617e+06
1.50632e+06 1.53975e+06 1.47655e+06 1.52909e+06
1.51859e+06 1.50354e+06 1.49471e+06 1.51935e+06
1.4949e+06 1.48706e+06 1.52236e+06 1.54596e+06
1.50761e+06 1.51153e+06 1.53628e+06 1.50315e+06
1.50434e+06 1.54209e+06 1.47864e+06 1.52774e+06
1.52257e+06 1.52591e+06 1.4698e+06 1.52954e+06
1.51167e+06 1.52386e+06 1.49221e+06 1.5115e+06
1.48772e+06 1.54159e+06 1.55793e+06 1.50972e+06
1.50035e+06 1.51932e+06 1.51626e+06 1.50675e+06
1.50908e+06 1.51863e+06 1.45937e+06 1.54872e+06
1.49903e+06 1.52843e+06 1.51577e+06 1.50073e+06
1.48018e+06 1.53249e+06 1.49508e+06 1.52243e+06
1.45436e+06 1.5528e+06 1.56012e+06 1.54809e+06
1.5021e+06 1.48796e+06 1.55199e+06 1.53054e+06
1.48953e+06 1.5056e+06 1.53461e+06 1.51617e+06
1.47329e+06 1.52046e+06 1.50313e+06 1.5317e+06
1.49184e+06 1.53684e+06 1.50398e+06 1.5071e+06
1.48444e+06 1.52156e+06 1.49796e+06 1.51916e+06
1.46861e+06 1.53484e+06 1.56051e+06 1.53226e+06
1.48116e+06 1.51045e+06 1.49808e+06 1.52326e+06
1.49754e+06 1.53921e+06 1.47726e+06 1.53457e+06
1.48882e+06 1.50031e+06 1.52621e+06 1.51986e+06
1.50853e+06 1.51612e+06 1.52294e+06 1.50114e+06
1.46997e+06 1.51422e+06 1.50178e+06 1.5526e+06
1.46088e+06 1.53302e+06 1.55816e+06 1.55066e+06
1.50515e+06 1.52426e+06 1.49041e+06 1.50943e+06
1.48336e+06 1.51149e+06 1.49654e+06 1.52902e+06
1.51341e+06 1.51444e+06 1.50705e+06 1.51023e+06
1.46549e+06 1.52908e+06 1.55604e+06 1.55192e+06
1.46567e+06 1.5383e+06 1.56016e+06 1.53115e+06
1.52924e+06 1.53237e+06 1.50126e+06 1.50403e+06
1.48641e+06 1.52697e+06 1.4795e+06 1.5564e+06
1.49612e+06 1.52094e+06 1.47434e+06 1.55505e+06
1.4866e+06 1.50673e+06 1.51928e+06 1.51693e+06
1.51134e+06 1.52183e+06 1.45833e+06 1.54983e+06
1.51151e+06 1.51713e+06 1.46134e+06 1.55563e+06
1.47481e+06 1.4974e+06 1.50311e+06 1.55052e+06
1.47443e+06 1.53588e+06 1.57912e+06 1.51013e+06
1.48584e+06 1.49586e+06 1.52728e+06 1.52409e+06
1.50819e+06 1.51568e+06 1.52315e+06 1.50369e+06
1.50502e+06 1.52299e+06 1.49375e+06 1.51063e+06
1.47028e+06 1.50784e+06 1.49184e+06 1.54797e+06
1.46817e+06 1.51026e+06 1.52034e+06 1.53404e+06
1.5005e+06 1.51238e+06 1.51866e+06 1.50694e+06
1.51488e+06 1.49346e+06 1.50568e+06 1.53911e+06
1.50691e+06 1.52247e+06 1.47091e+06 1.54346e+06
1.50951e+06 1.50414e+06 1.48268e+06 1.53556e+06
1.4771e+06 1.53145e+06 1.48692e+06 1.55234e+06
1.52713e+06 1.49042e+06 1.50738e+06 1.52521e+06
1.4772e+06 1.52796e+06 1.5132e+06 1.51614e+06
1.46903e+06 1.50088e+06 1.52381e+06 1.53537e+06
1.49679e+06 1.53631e+06 1.50072e+06 1.50913e+06
1.49023e+06 1.51682e+06 1.4841e+06 1.52425e+06
1.48982e+06 1.53517e+06 1.50261e+06 1.51436e+06
1.48487e+06 1.51819e+06 1.51207e+06 1.51355e+06
1.52839e+06 1.48909e+06 1.51244e+06 1.52478e+06
1.49769e+06 1.50541e+06 1.506e+06 1.52082e+06
1.51208e+06 1.52569e+06 1.50909e+06 1.50721e+06
1.47633e+06 1.50772e+06 1.49746e+06 1.54267e+06
1.5006e+06 1.51202e+06 1.52112e+06 1.50881e+06
1.51962e+06 1.54663e+06 1.47368e+06 1.52615e+06
1.50331e+06 1.51336e+06 1.49566e+06 1.5178e+06
1.49528e+06 1.53003e+06 1.48566e+06 1.52233e+06
1.50298e+06 1.52455e+06 1.49134e+06 1.50755e+06
1.48709e+06 1.49772e+06 1.52203e+06 1.52621e+06
1.50896e+06 1.51899e+06 1.46042e+06 1.55101e+06
1.51988e+06 1.49514e+06 1.50491e+06 1.5175e+06
1.486e+06 1.49345e+06 1.53278e+06 1.53076e+06
1.51198e+06 1.52648e+06 1.46084e+06 1.54563e+06
1.49771e+06 1.51841e+06 1.51658e+06 1.50792e+06
1.50569e+06 1.52354e+06 1.47189e+06 1.53303e+06
1.47239e+06 1.5342e+06 1.4975e+06 1.53735e+06
1.51319e+06 1.52295e+06 1.47212e+06 1.52659e+06
1.5014e+06 1.51533e+06 1.52965e+06 1.50601e+06
1.46333e+06 1.53915e+06 1.55594e+06 1.5247e+06
1.51118e+06 1.51685e+06 1.4633e+06 1.55528e+06
1.47602e+06 1.51657e+06 1.50634e+06 1.54785e+06
1.47461e+06 1.50942e+06 1.51063e+06 1.52535e+06
1.50934e+06 1.51385e+06 1.47552e+06 1.54162e+06
1.49699e+06 1.49437e+06 1.50934e+06 1.54458e+06
1.47685e+06 1.5087e+06 1.48973e+06 1.54664e+06
1.50252e+06 1.50685e+06 1.47578e+06 1.55416e+06
1.52508e+06 1.51117e+06 1.5014e+06 1.51001e+06
1.47206e+06 1.50882e+06 1.49062e+06 1.55746e+06
1.48302e+06 1.51298e+06 1.52554e+06 1.50984e+06
1.5011e+06 1.49124e+06 1.52168e+06 1.53353e+06
1.49453e+06 1.49793e+06 1.50213e+06 1.53273e+06
1.49964e+06 1.51219e+06 1.48907e+06 1.52928e+06
1.49992e+06 1.5033e+06 1.51458e+06 1.51728e+06
1.53404e+06 1.49663e+06 1.51162e+06 1.51711e+06
1.50744e+06 1.53115e+06 1.46521e+06 1.54367e+06
1.48295e+06 1.51694e+06 1.50764e+06 1.51502e+06
1.526e+06 1.53505e+06 1.47798e+06 1.52132e+06
1.50028e+06 1.51419e+06 1.52585e+06 1.50658e+06
1.47972e+06 1.49961e+06 1.49947e+06 1.5383e+06
1.52874e+06 1.51774e+06 1.50632e+06 1.50389e+06
1.52805e+06 1.52373e+06 1.47832e+06 1.52263e+06
1.50134e+06 1.49032e+06 1.50987e+06 1.52713e+06
1.47758e+06 1.50437e+06 1.49822e+06 1.5429e+06
1.5141e+06 1.49571e+06 1.51086e+06 1.52432e+06
1.5018e+06 1.53634e+06 1.46539e+06 1.54734e+06
1.48358e+06 1.51873e+06 1.49358e+06 1.52213e+06
1.47792e+06 1.49938e+06 1.5176e+06 1.53791e+06
1.52356e+06 1.52549e+06 1.48022e+06 1.5197e+06
1.51535e+06 1.51573e+06 1.46145e+06 1.54822e+06
1.49279e+06 1.54633e+06 1.49868e+06 1.51267e+06
1.49156e+06 1.53093e+06 1.4754e+06 1.54542e+06
1.4547e+06 1.55675e+06 1.58143e+06 1.53476e+06
1.47351e+06 1.51895e+06 1.50426e+06 1.52476e+06
1.50861e+06 1.52674e+06 1.46743e+06 1.53121e+06
1.4818e+06 1.5063e+06 1.49678e+06 1.53856e+06
1.50362e+06 1.52202e+06 1.46626e+06 1.55359e+06
1.51546e+06 1.51601e+06 1.4901e+06 1.51123e+06
1.50698e+06 1.52473e+06 1.45888e+06 1.54985e+06
1.49881e+06 1.50458e+06 1.48458e+06 1.53685e+06
1.50275e+06 1.52221e+06 1.53432e+06 1.50043e+06
1.50875e+06 1.52105e+06 1.52688e+06 1.50032e+06
1.50273e+06 1.53208e+06 1.48354e+06 1.52045e+06
1.46531e+06 1.52738e+06 1.55183e+06 1.56012e+06
1.50466e+06 1.52225e+06 1.48793e+06 1.5225e+06
1.49327e+06 1.5174e+06 1.47412e+06 1.56451e+06
1.49243e+06 1.49261e+06 1.52861e+06 1.52724e+06
1.51774e+06 1.51699e+06 1.52191e+06 1.5009e+06
1.50491e+06 1.51751e+06 1.49132e+06 1.51636e+06
1.48058e+06 1.51204e+06 1.49762e+06 1.53592e+06
1.48532e+06 1.51289e+06 1.50688e+06 1.52136e+06
1.49624e+06 1.51328e+06 1.48753e+06 1.52751e+06
1.51218e+06 1.52204e+06 1.47155e+06 1.53973e+06
1.50361e+06 1.52576e+06 1.4646e+06 1.55121e+06
1.51043e+06 1.5147e+06 1.46243e+06 1.5571e+06
1.48682e+06 1.50637e+06 1.48715e+06 1.54614e+06
1.49359e+06 1.53788e+06 1.47632e+06 1.54122e+06
1.52835e+06 1.51113e+06 1.48203e+06 1.53707e+06
1.5154e+06 1.51068e+06 1.51039e+06 1.50818e+06
1.52151e+06 1.50129e+06 1.49234e+06 1.52036e+06
1.51263e+06 1.49847e+06 1.4894e+06 1.53527e+06
1.4841e+06 1.52691e+06 1.51271e+06 1.51272e+06
1.48973e+06 1.51156e+06 1.50858e+06 1.51958e+06
1.49174e+06 1.52464e+06 1.47679e+06 1.54529e+06
1.49688e+06 1.49381e+06 1.50047e+06 1.55023e+06
1.49441e+06 1.52507e+06 1.50523e+06 1.50959e+06
1.49208e+06 1.49928e+06 1.513e+06 1.52706e+06
1.5e+06 1.52814e+06 1.47945e+06 1.52176e+06
1.49972e+06 1.53042e+06 1.50017e+06 1.51094e+06
1.50243e+06 1.51805e+06 1.50875e+06 1.51179e+06
1.502e+06 1.52026e+06 1.47891e+06 1.52735e+06
1.51074e+06 1.54177e+06 1.4747e+06 1.52162e+06
1.49548e+06 1.52461e+06 1.48307e+06 1.52689e+06
1.49845e+06 1.52564e+06 1.47244e+06 1.54301e+06
1.48498e+06 1.50415e+06 1.49699e+06 1.54027e+06
1.52592e+06 1.50906e+06 1.47979e+06 1.53864e+06
1.51014e+06 1.52544e+06 1.46189e+06 1.54498e+06
1.50768e+06 1.51515e+06 1.49485e+06 1.5086e+06
1.5041e+06 1.51879e+06 1.51585e+06 1.50257e+06
1.50628e+06 1.51614e+06 1.47338e+06 1.53516e+06
1.50533e+06 1.49306e+06 1.5023e+06 1.54386e+06
1.4756e+06 1.5204e+06 1.49448e+06 1.52915e+06
1.51943e+06 1.51401e+06 1.46654e+06 1.54993e+06
1.4982e+06 1.49661e+06 1.52062e+06 1.52066e+06
1.48834e+06 1.51407e+06 1.52077e+06 1.51221e+06
1.47928e+06 1.49357e+06 1.50346e+06 1.54544e+06
1.51442e+06 1.51486e+06 1.51825e+06 1.50327e+06
1.49785e+06 1.52274e+06 1.48486e+06 1.52333e+06
1.48617e+06 1.52827e+06 1.492e+06 1.51473e+06
1.5034e+06 1.54017e+06 1.47817e+06 1.5305e+06
1.47892e+06 1.52251e+06 1.51597e+06 1.51745e+06
1.49556e+06 1.53387e+06 1.48993e+06 1.51447e+06
1.51385e+06 1.49759e+06 1.48228e+06 1.54852e+06
1.49986e+06 1.50597e+06 1.46946e+06 1.56307e+06
1.48158e+06 1.52317e+06 1.50945e+06 1.51764e+06
1.50408e+06 1.52622e+06 1.47075e+06 1.53892e+06
1.49085e+06 1.52954e+06 1.47878e+06 1.53598e+06
1.45944e+06 1.55707e+06 1.56116e+06 1.53502e+06
1.5129e+06 1.49472e+06 1.49966e+06 1.52798e+06
1.48043e+06 1.50217e+06 1.50287e+06 1.5297e+06
1.50069e+06 1.52661e+06 1.48152e+06 1.53472e+06
1.50999e+06 1.50993e+06 1.5184e+06 1.50593e+06
1.52194e+06 1.50747e+06 1.47735e+06 1.5519e+06
1.48692e+06 1.51598e+06 1.5053e+06 1.51646e+06
1.50678e+06 1.49826e+06 1.51979e+06 1.5184e+06
1.49111e+06 1.51035e+06 1.49307e+06 1.53636e+06
1.51035e+06 1.49878e+06 1.489e+06 1.54444e+06
1.52826e+06 1.52052e+06 1.47529e+06 1.53187e+06
1.48877e+06 1.49404e+06 1.52399e+06 1.5235e+06
1.52129e+06 1.5061e+06 1.50329e+06 1.5131e+06
1.4894e+06 1.50801e+06 1.48821e+06 1.54098e+06
1.52555e+06 1.52537e+06 1.46921e+06 1.53022e+06
1.49256e+06 1.5386e+06 1.5134e+06 1.50531e+06
1.50593e+06 1.51768e+06 1.5178e+06 1.50565e+06
1.51054e+06 1.51132e+06 1.48662e+06 1.53377e+06
1.47655e+06 1.51458e+06 1.50244e+06 1.5285e+06
1.50648e+06 1.53355e+06 1.47257e+06 1.52684e+06
1.52037e+06 1.51732e+06 1.52238e+06 1.49743e+06
1.49637e+06 1.51346e+06 1.50466e+06 1.52143e+06
1.46875e+06 1.52745e+06 1.51518e+06 1.54903e+06
1.52223e+06 1.50671e+06 1.48377e+06 1.53388e+06
1.51466e+06 1.50138e+06 1.49517e+06 1.51674e+06
1.50774e+06 1.51961e+06 1.46438e+06 1.55588e+06
1.49302e+06 1.5043e+06 1.50675e+06 1.52559e+06
1.48562e+06 1.52124e+06 1.51099e+06 1.51201e+06
1.50729e+06 1.53408e+06 1.47502e+06 1.52578e+06
1.49881e+06 1.52447e+06 1.46694e+06 1.55268e+06
1.47956e+06 1.50148e+06 1.51534e+06 1.51895e+06
1.52367e+06 1.51787e+06 1.46168e+06 1.54631e+06
1.49336e+06 1.52364e+06 1.47161e+06 1.55335e+06
1.50308e+06 1.52753e+06 1.46606e+06 1.5533e+06
1.49569e+06 1.499e+06 1.48815e+06 1.53984e+06
1.49374e+06 1.52642e+06 1.5028e+06 1.50346e+06
1.50634e+06 1.51565e+06 1.52768e+06 1.5028e+06
1.52282e+06 1.50978e+06 1.4837e+06 1.52989e+06
1.47978e+06 1.50855e+06 1.51131e+06 1.52812e+06
1.47271e+06 1.52327e+06 1.50181e+06 1.52671e+06
1.48984e+06 1.50308e+06 1.48341e+06 1.5425e+06
1.47275e+06 1.51894e+06 1.50726e+06 1.54244e+06
1.50151e+06 1.52924e+06 1.47011e+06 1.5408e+06
1.49295e+06 1.52822e+06 1.47399e+06 1.55095e+06
1.48571e+06 1.51609e+06 1.49084e+06 1.5281e+06
1.50295e+06 1.50571e+06 1.49325e+06 1.52007e+06
1.51245e+06 1.50018e+06 1.48234e+06 1.53391e+06
1.51836e+06 1.51572e+06 1.46513e+06 1.5495e+06
1.47953e+06 1.52791e+06 1.49985e+06 1.5211e+06
1.50479e+06 1.5024e+06 1.49211e+06 1.52016e+06
1.51087e+06 1.53193e+06 1.46418e+06 1.54221e+06
1.52728e+06 1.52837e+06 1.49435e+06 1.50547e+06
1.50965e+06 1.50459e+06 1.4982e+06 1.51882e+06
1.52e+06 1.51992e+06 1.48004e+06 1.52972e+06
1.50672e+06 1.52168e+06 1.46106e+06 1.54639e+06
1.51483e+06 1.52071e+06 1.45913e+06 1.54682e+06
1.47097e+06 1.52264e+06 1.5008e+06 1.53222e+06
1.50765e+06 1.51958e+06 1.52426e+06 1.50198e+06
1.49663e+06 1.49636e+06 1.51026e+06 1.54122e+06
1.4838e+06 1.50891e+06 1.49888e+06 1.52651e+06
1.50535e+06 1.52632e+06 1.46222e+06 1.54687e+06
1.52283e+06 1.48649e+06 1.51671e+06 1.52299e+06
1.52391e+06 1.51505e+06 1.47374e+06 1.53439e+06
1.51378e+06 1.51252e+06 1.50032e+06 1.5062e+06
1.51386e+06 1.51109e+06 1.48636e+06 1.52762e+06
1.50081e+06 1.53294e+06 1.50091e+06 1.51075e+06
1.49799e+06 1.50657e+06 1.49943e+06 1.51827e+06
1.51457e+06 1.52961e+06 1.47032e+06 1.52998e+06
1.50838e+06 1.52614e+06 1.47731e+06 1.53143e+06
1.52324e+06 1.51369e+06 1.46608e+06 1.54774e+06
1.50982e+06 1.4942e+06 1.49288e+06 1.5395e+06
1.4953e+06 1.51044e+06 1.51264e+06 1.52449e+06
1.50808e+06 1.52528e+06 1.46456e+06 1.54064e+06
1.50225e+06 1.51722e+06 1.47322e+06 1.53958e+06
1.52454e+06 1.50658e+06 1.47887e+06 1.56017e+06
1.49757e+06 1.49631e+06 1.51906e+06 1.52532e+06
1.52416e+06 1.52888e+06 1.4897e+06 1.5156e+06
1.50305e+06 1.53025e+06 1.48118e+06 1.51516e+06
1.50297e+06 1.51e+06 1.5214e+06 1.50517e+06
1.49061e+06 1.52054e+06 1.50619e+06 1.51336e+06
1.51969e+06 1.53823e+06 1.47309e+06 1.52477e+06
1.49805e+06 1.50226e+06 1.49426e+06 1.53096e+06
1.50017e+06 1.51675e+06 1.47771e+06 1.5414e+06
1.49666e+06 1.49677e+06 1.48651e+06 1.54693e+06
1.51511e+06 1.49268e+06 1.4998e+06 1.52183e+06
1.50421e+06 1.50917e+06 1.4895e+06 1.52505e+06
1.48786e+06 1.50596e+06 1.49533e+06 1.53496e+06
1.4993e+06 1.53157e+06 1.46505e+06 1.55026e+06
1.52176e+06 1.51547e+06 1.477e+06 1.52279e+06
1.50847e+06 1.51695e+06 1.46252e+06 1.55875e+06
1.50774e+06 1.49602e+06 1.4946e+06 1.52635e+06
1.47406e+06 1.52518e+06 1.49496e+06 1.5306e+06
1.49358e+06 1.52853e+06 1.47961e+06 1.53645e+06
1.4957e+06 1.52961e+06 1.47599e+06 1.54277e+06
1.48053e+06 1.50952e+06 1.49626e+06 1.54322e+06
1.49418e+06 1.4925e+06 1.51778e+06 1.53682e+06
1.50682e+06 1.52716e+06 1.47702e+06 1.53034e+06
1.47102e+06 1.4991e+06 1.52756e+06 1.53346e+06
1.49824e+06 1.52138e+06 1.4749e+06 1.54338e+06
1.51784e+06 1.49225e+06 1.50167e+06 1.54021e+06
1.52556e+06 1.50598e+06 1.49777e+06 1.51326e+06
1.49973e+06 1.49754e+06 1.51441e+06 1.53671e+06
1.48469e+06 1.51437e+06 1.50826e+06 1.52132e+06
1.48837e+06 1.51835e+06 1.49912e+06 1.52302e+06
1.5025e+06 1.53186e+06 1.47832e+06 1.53937e+06
1.51679e+06 1.5167e+06 1.46319e+06 1.5458e+06
1.4926e+06 1.49145e+06 1.5217e+06 1.53348e+06
1.49354e+06 1.49325e+06 1.52574e+06 1.52395e+06
1.49518e+06 1.53298e+06 1.47778e+06 1.54408e+06
1.48623e+06 1.51086e+06 1.49014e+06 1.54e+06
1.52315e+06 1.53469e+06 1.47027e+06 1.52684e+06
1.48142e+06 1.50685e+06 1.50222e+06 1.53457e+06
1.5142e+06 1.51569e+06 1.4809e+06 1.53844e+06
1.49137e+06 1.51431e+06 1.50366e+06 1.51997e+06
1.51066e+06 1.5237e+06 1.45919e+06 1.55723e+06
1.51625e+06 1.51899e+06 1.46505e+06 1.54702e+06
1.5016e+06 1.4972e+06 1.49395e+06 1.53051e+06
1.52422e+06 1.50805e+06 1.49645e+06 1.51652e+06
1.49641e+06 1.51103e+06 1.49318e+06 1.5284e+06
1.47917e+06 1.51558e+06 1.49238e+06 1.53891e+06
1.50326e+06 1.52761e+06 1.46664e+06 1.54378e+06
1.49207e+06 1.49548e+06 1.52527e+06 1.52183e+06
1.51713e+06 1.50717e+06 1.48716e+06 1.52573e+06
1.51633e+06 1.50631e+06 1.50166e+06 1.51586e+06
1.49991e+06 1.52882e+06 1.47615e+06 1.54234e+06
1.52435e+06 1.50724e+06 1.47751e+06 1.55298e+06
1.51018e+06 1.5083e+06 1.48873e+06 1.52778e+06
1.4931e+06 1.51452e+06 1.48721e+06 1.53045e+06
1.50756e+06 1.51515e+06 1.49917e+06 1.51295e+06
1.49206e+06 1.49915e+06 1.49721e+06 1.53067e+06
1.5116e+06 1.51949e+06 1.46266e+06 1.54804e+06
1.52908e+06 1.51323e+06 1.47977e+06 1.52396e+06
1.48287e+06 1.50151e+06 1.50025e+06 1.52644e+06
1.51356e+06 1.51318e+06 1.46666e+06 1.55044e+06
1.5164e+06 1.51572e+06 1.46349e+06 1.5518e+06
1.49104e+06 1.52296e+06 1.47759e+06 1.54432e+06
1.50129e+06 1.50376e+06 1.51419e+06 1.52355e+06
1.49631e+06 1.50815e+06 1.49282e+06 1.53204e+06
1.51565e+06 1.51732e+06 1.46092e+06 1.55414e+06
1.50688e+06 1.51889e+06 1.50366e+06 1.51389e+06
1.51707e+06 1.51997e+06 1.46612e+06 1.54255e+06
1.50287e+06 1.51184e+06 1.48681e+06 1.52282e+06
1.51518e+06 1.51101e+06 1.51039e+06 1.51378e+06
1.4904e+06 1.51359e+06 1.49288e+06 1.52552e+06
1.51003e+06 1.52088e+06 1.4662e+06 1.54718e+06
1.49995e+06 1.5116e+06 1.4983e+06 1.52296e+06
1.50448e+06 1.52056e+06 1.49018e+06 1.52035e+06
1.51292e+06 1.5169e+06 1.46708e+06 1.54339e+06
1.52533e+06 1.50598e+06 1.50486e+06 1.51196e+06
1.50808e+06 1.53021e+06 1.46951e+06 1.5321e+06
1.50992e+06 1.51247e+06 1.46981e+06 1.54314e+06
1.50372e+06 1.51175e+06 1.47414e+06 1.5433e+06
1.50334e+06 1.51668e+06 1.49538e+06 1.51855e+06
1.49051e+06 1.52704e+06 1.50739e+06 1.5128e+06
1.50709e+06 1.51782e+06 1.48186e+06 1.52602e+06
1.49392e+06 1.50845e+06 1.49959e+06 1.52602e+06
1.50124e+06 1.54027e+06 1.49478e+06 1.51187e+06
1.4936e+06 1.5107e+06 1.49402e+06 1.53419e+06
1.50645e+06 1.50887e+06 1.48875e+06 1.51578e+06
1.48992e+06 1.50735e+06 1.49465e+06 1.52787e+06
1.5144e+06 1.52097e+06 1.46299e+06 1.54493e+06
1.51473e+06 1.51985e+06 1.46136e+06 1.54399e+06
1.49551e+06 1.52787e+06 1.48673e+06 1.52158e+06
1.4918e+06 1.52845e+06 1.48009e+06 1.53769e+06
