1.32256e+06 1.22923e+06 1.11748e+06
1.32787e+06 1.22208e+06 1.12268e+06
1.23884e+06 1.2109e+06 1.12308e+06
1.25355e+06 1.20195e+06 1.12516e+06
1.14378e+06 1.17964e+06 1.1642e+06
1.13694e+06 1.21759e+06 1.16499e+06
1.14036e+06 1.19032e+06 1.16624e+06
1.13724e+06 1.16843e+06 1.17426e+06
1.13767e+06 1.22263e+06 1.16354e+06
1.14777e+06 1.165e+06 1.16137e+06
1.15155e+06 1.1723e+06 1.15622e+06
1.19766e+06 1.20311e+06 1.13317e+06
1.14981e+06 1.21124e+06 1.15072e+06
1.16165e+06 1.1809e+06 1.14663e+06
1.15876e+06 1.18462e+06 1.1479e+06
1.13453e+06 1.20967e+06 1.16722e+06
1.19295e+06 1.17736e+06 1.13363e+06
1.14562e+06 1.17773e+06 1.15124e+06
1.14129e+06 1.18957e+06 1.15513e+06
1.1667e+06 1.18175e+06 1.14593e+06
1.14266e+06 1.18814e+06 1.16264e+06
1.19428e+06 1.15031e+06 1.14127e+06
1.15575e+06 1.16373e+06 1.16106e+06
1.15658e+06 1.17766e+06 1.14837e+06
1.17936e+06 1.15279e+06 1.14387e+06
1.1782e+06 1.17741e+06 1.13327e+06
1.15823e+06 1.17107e+06 1.15661e+06
1.18245e+06 1.15804e+06 1.14023e+06
1.17185e+06 1.16341e+06 1.13784e+06
1.20013e+06 1.18995e+06 1.12684e+06
1.15683e+06 1.16229e+06 1.16479e+06
1.16109e+06 1.14316e+06 1.15772e+06
1.1776e+06 1.14649e+06 1.14395e+06
1.19546e+06 1.1176e+06 1.16143e+06
1.1979e+06 1.15025e+06 1.13418e+06
1.17908e+06 1.11761e+06 1.15626e+06
1.17226e+06 1.12868e+06 1.15385e+06
1.15909e+06 1.1365e+06 1.1669e+06
1.16772e+06 1.11966e+06 1.16371e+06
1.1752e+06 1.11572e+06 1.16467e+06
1.172e+06 1.13677e+06 1.14463e+06
1.17496e+06 1.12222e+06 1.1514e+06
1.16047e+06 1.13859e+06 1.16487e+06
1.16233e+06 1.12986e+06 1.1468e+06
1.17514e+06 1.11831e+06 1.15668e+06
1.20019e+06 1.10755e+06 1.16623e+06
1.1585e+06 1.13938e+06 1.15992e+06
1.16653e+06 1.1298e+06 1.16439e+06
1.16162e+06 1.12452e+06 1.16668e+06
1.20725e+06 1.1158e+06 1.1645e+06
1.19072e+06 1.12641e+06 1.14489e+06
1.15765e+06 1.15102e+06 1.16534e+06
1.17027e+06 1.12596e+06 1.16239e+06
1.15856e+06 1.11092e+06 1.17045e+06
1.16035e+06 1.12999e+06 1.16689e+06
1.17496e+06 1.10128e+06 1.17017e+06
1.16996e+06 1.10672e+06 1.16978e+06
1.18562e+06 1.08534e+06 1.17584e+06
1.16722e+06 1.08621e+06 1.18152e+06
1.19657e+06 1.09782e+06 1.17124e+06
1.2117e+06 1.04986e+06 1.20235e+06
1.16496e+06 1.08818e+06 1.17449e+06
1.16027e+06 1.08648e+06 1.18301e+06
1.20439e+06 1.06653e+06 1.17882e+06
1.2091e+06 1.05268e+06 1.19146e+06
1.1554e+06 1.07086e+06 1.18545e+06
1.21513e+06 1.04795e+06 1.21102e+06
1.12551e+06 1.10682e+06 1.2079e+06
1.22323e+06 1.05605e+06 1.1781e+06
1.22342e+06 1.05594e+06 1.1894e+06
1.1353e+06 1.07809e+06 1.21935e+06
1.14113e+06 1.08329e+06 1.21661e+06
1.12479e+06 1.09011e+06 1.23479e+06
1.12364e+06 1.09607e+06 1.22054e+06
1.2176e+06 1.05157e+06 1.19759e+06
1.16865e+06 1.05991e+06 1.21238e+06
1.15165e+06 1.05378e+06 1.21344e+06
1.14712e+06 1.07103e+06 1.22061e+06
1.20516e+06 1.05199e+06 1.20919e+06
1.16886e+06 1.05582e+06 1.21013e+06
1.15505e+06 1.064e+06 1.20725e+06
1.20408e+06 1.05209e+06 1.21929e+06
1.15721e+06 1.06284e+06 1.19551e+06
1.17044e+06 1.05476e+06 1.19179e+06
1.17428e+06 1.05715e+06 1.1807e+06
1.13789e+06 1.10659e+06 1.18951e+06
1.17391e+06 1.07764e+06 1.18408e+06
1.20187e+06 1.06995e+06 1.18048e+06
1.19864e+06 1.07648e+06 1.17677e+06
1.11578e+06 1.13324e+06 1.19983e+06
1.15132e+06 1.1085e+06 1.1796e+06
1.11226e+06 1.1438e+06 1.18865e+06
1.13447e+06 1.08382e+06 1.23168e+06
1.11417e+06 1.13819e+06 1.20128e+06
1.11867e+06 1.14206e+06 1.19101e+06
1.1188e+06 1.1064e+06 1.21502e+06
1.15165e+06 1.09908e+06 1.17257e+06
1.15281e+06 1.08204e+06 1.19719e+06
1.13787e+06 1.11094e+06 1.16822e+06
1.1269e+06 1.12714e+06 1.18611e+06
1.10849e+06 1.12869e+06 1.20147e+06
1.12208e+06 1.15179e+06 1.18766e+06
1.11627e+06 1.12688e+06 1.19979e+06
1.12619e+06 1.12943e+06 1.18681e+06
1.11448e+06 1.13694e+06 1.20132e+06
1.1137e+06 1.11048e+06 1.21372e+06
1.12104e+06 1.11832e+06 1.18898e+06
1.1346e+06 1.10662e+06 1.18315e+06
1.1329e+06 1.09767e+06 1.21049e+06
1.12709e+06 1.09782e+06 1.21652e+06
1.1527e+06 1.08799e+06 1.18642e+06
1.1447e+06 1.09208e+06 1.18021e+06
1.16386e+06 1.08993e+06 1.17632e+06
1.13161e+06 1.09804e+06 1.20677e+06
1.14688e+06 1.07691e+06 1.21368e+06
1.12856e+06 1.11084e+06 1.17785e+06
1.11173e+06 1.1117e+06 1.20284e+06
1.13553e+06 1.08477e+06 1.19255e+06
1.11426e+06 1.09574e+06 1.22101e+06
1.10619e+06 1.15488e+06 1.20185e+06
1.10761e+06 1.14056e+06 1.22783e+06
1.1141e+06 1.11107e+06 1.20392e+06
1.1076e+06 1.14742e+06 1.21922e+06
1.12589e+06 1.10157e+06 1.20038e+06
1.12129e+06 1.09932e+06 1.20884e+06
1.13212e+06 1.09781e+06 1.20672e+06
1.14528e+06 1.07527e+06 1.21648e+06
1.15194e+06 1.07577e+06 1.20469e+06
1.13448e+06 1.08261e+06 1.22671e+06
1.13357e+06 1.09014e+06 1.21701e+06
1.11952e+06 1.10348e+06 1.21102e+06
1.11993e+06 1.13515e+06 1.19634e+06
1.14384e+06 1.07956e+06 1.2136e+06
1.14208e+06 1.0714e+06 1.21867e+06
1.14869e+06 1.07974e+06 1.2065e+06
1.13498e+06 1.09742e+06 1.19816e+06
1.13106e+06 1.09028e+06 1.21309e+06
1.14561e+06 1.07825e+06 1.21552e+06
1.13527e+06 1.08722e+06 1.20414e+06
1.13044e+06 1.09861e+06 1.21417e+06
