1.18464e+06 1.09098e+06 1.14392e+06
1.17957e+06 1.09623e+06 1.14819e+06
1.14883e+06 1.07634e+06 1.1877e+06
1.3152e+06 1.0421e+06 1.20786e+06
1.19451e+06 997460 1.35388e+06
1.20601e+06 988038 1.35063e+06
1.21966e+06 1.00383e+06 1.301e+06
1.27407e+06 1.05954e+06 1.21183e+06
1.19499e+06 1.0173e+06 1.33116e+06
1.20767e+06 1.02425e+06 1.29711e+06
1.20797e+06 1.01212e+06 1.29748e+06
1.21338e+06 1.00536e+06 1.29874e+06
1.21807e+06 1.00429e+06 1.30149e+06
1.29058e+06 1.06695e+06 1.19864e+06
1.20499e+06 995570 1.32454e+06
1.31009e+06 1.035e+06 1.22804e+06
1.17983e+06 1.06302e+06 1.23487e+06
1.20362e+06 998519 1.31853e+06
1.27484e+06 1.06079e+06 1.21107e+06
1.20702e+06 1.00175e+06 1.30882e+06
1.15313e+06 1.07434e+06 1.19142e+06
1.31452e+06 1.04159e+06 1.20937e+06
1.28084e+06 1.06522e+06 1.20478e+06
1.27795e+06 1.05304e+06 1.21696e+06
1.27767e+06 1.06173e+06 1.20814e+06
1.19297e+06 1.03079e+06 1.29016e+06
1.19259e+06 1.03019e+06 1.29364e+06
1.19967e+06 1.03514e+06 1.27788e+06
1.19239e+06 1.03308e+06 1.28711e+06
1.19997e+06 1.0003e+06 1.31584e+06
1.2927e+06 1.06412e+06 1.19902e+06
1.2113e+06 991501 1.33262e+06
1.17398e+06 1.06697e+06 1.2398e+06
1.28354e+06 1.05481e+06 1.21232e+06
1.2032e+06 988897 1.34554e+06
1.21887e+06 1.02738e+06 1.29483e+06
1.1981e+06 993626 1.34269e+06
1.19202e+06 1.03181e+06 1.30481e+06
1.19827e+06 1.03468e+06 1.2811e+06
1.19285e+06 1.03149e+06 1.28943e+06
1.19612e+06 1.02694e+06 1.31049e+06
1.20382e+06 990456 1.34029e+06
1.20377e+06 990958 1.33766e+06
1.29716e+06 1.05113e+06 1.20575e+06
1.1796e+06 1.0934e+06 1.14998e+06
1.19983e+06 1.03282e+06 1.2838e+06
1.20431e+06 990427 1.33538e+06
1.20737e+06 1.00885e+06 1.30047e+06
1.28741e+06 1.0628e+06 1.2008e+06
1.18612e+06 1.05305e+06 1.24438e+06
1.20027e+06 999303 1.31687e+06
1.19528e+06 997600 1.3526e+06
1.30576e+06 1.03974e+06 1.21563e+06
1.20864e+06 1.00293e+06 1.30759e+06
1.18907e+06 1.04766e+06 1.25329e+06
1.18882e+06 1.03667e+06 1.28486e+06
1.20202e+06 1.03349e+06 1.28282e+06
1.20804e+06 1.00855e+06 1.29782e+06
1.20283e+06 989982 1.34942e+06
1.28573e+06 1.04843e+06 1.21775e+06
1.20311e+06 1.0448e+06 1.2556e+06
1.19692e+06 1.03552e+06 1.28225e+06
1.20045e+06 991078 1.34155e+06
1.19888e+06 1.0026e+06 1.31772e+06
1.19505e+06 1.02854e+06 1.30371e+06
1.20225e+06 996545 1.32507e+06
1.20925e+06 1.00763e+06 1.29697e+06
1.1978e+06 1.0055e+06 1.31137e+06
1.19561e+06 996110 1.34676e+06
1.28922e+06 1.05832e+06 1.20266e+06
1.19661e+06 1.02789e+06 1.30578e+06
1.28472e+06 1.04819e+06 1.22102e+06
1.28115e+06 1.05705e+06 1.20872e+06
1.20651e+06 992512 1.33164e+06
1.20723e+06 1.0103e+06 1.29762e+06
1.21203e+06 989401 1.33684e+06
1.30853e+06 1.0344e+06 1.23408e+06
1.29152e+06 1.0565e+06 1.20354e+06
1.28529e+06 1.06564e+06 1.20042e+06
1.20195e+06 1.00273e+06 1.31384e+06
1.2879e+06 1.05902e+06 1.2016e+06
1.28208e+06 1.06012e+06 1.20316e+06
1.2832e+06 1.05777e+06 1.20668e+06
1.20673e+06 1.01108e+06 1.30039e+06
1.28892e+06 1.05632e+06 1.20425e+06
1.21263e+06 1.00607e+06 1.29895e+06
1.17478e+06 1.06444e+06 1.2399e+06
1.2824e+06 1.05037e+06 1.21323e+06
1.201e+06 1.02613e+06 1.30574e+06
1.2026e+06 994349 1.32696e+06
1.20162e+06 1.02643e+06 1.30319e+06
1.29183e+06 1.04683e+06 1.21088e+06
1.21074e+06 1.02916e+06 1.2956e+06
1.20948e+06 1.00702e+06 1.29684e+06
1.20973e+06 1.00714e+06 1.29604e+06
1.30629e+06 1.03888e+06 1.21927e+06
1.21215e+06 1.00439e+06 1.29993e+06
1.17937e+06 1.06622e+06 1.2333e+06
1.20136e+06 992157 1.33634e+06
1.18934e+06 1.04115e+06 1.26792e+06
1.19366e+06 1.0293e+06 1.2938e+06
1.20535e+06 1.02488e+06 1.29921e+06
1.1837e+06 1.05224e+06 1.24826e+06
1.19363e+06 1.04198e+06 1.26181e+06
1.18081e+06 1.05513e+06 1.24142e+06
1.29368e+06 1.0406e+06 1.22444e+06
1.18714e+06 1.04233e+06 1.27278e+06
1.21056e+06 999947 1.31635e+06
1.20146e+06 995143 1.3287e+06
1.17707e+06 1.06668e+06 1.23178e+06
1.30176e+06 1.03812e+06 1.22871e+06
1.19306e+06 1.04341e+06 1.2599e+06
1.29078e+06 1.05795e+06 1.2021e+06
1.28828e+06 1.05252e+06 1.20781e+06
1.28167e+06 1.05584e+06 1.21422e+06
1.2839e+06 1.06221e+06 1.20311e+06
1.19485e+06 998155 1.35341e+06
1.29e+06 1.05077e+06 1.21049e+06
1.30196e+06 1.03919e+06 1.22351e+06
1.19863e+06 998654 1.32747e+06
1.20216e+06 1.00287e+06 1.31275e+06
1.20417e+06 1.00316e+06 1.31095e+06
1.20109e+06 1.03696e+06 1.27589e+06
1.18417e+06 1.08653e+06 1.14644e+06
1.30122e+06 1.03699e+06 1.23002e+06
1.29901e+06 1.04568e+06 1.2068e+06
1.17772e+06 1.05921e+06 1.24078e+06
1.20388e+06 1.02544e+06 1.29875e+06
1.29545e+06 1.04257e+06 1.21451e+06
1.18284e+06 1.09481e+06 1.14897e+06
1.17359e+06 1.06711e+06 1.23223e+06
1.30287e+06 1.03842e+06 1.22456e+06
1.19416e+06 1.04953e+06 1.24327e+06
1.28469e+06 1.05164e+06 1.21095e+06
1.18465e+06 1.08958e+06 1.14508e+06
1.17958e+06 1.09483e+06 1.14934e+06
1.29782e+06 1.0413e+06 1.21003e+06
1.20164e+06 990244 1.34812e+06
1.19389e+06 1.04924e+06 1.24368e+06
1.18019e+06 1.05578e+06 1.24223e+06
1.18291e+06 1.0927e+06 1.14874e+06
1.19979e+06 996923 1.3265e+06
1.29578e+06 1.04038e+06 1.2204e+06
1.19321e+06 1.04232e+06 1.26639e+06
1.30517e+06 1.03903e+06 1.22239e+06
1.29448e+06 1.04423e+06 1.21297e+06
1.30806e+06 1.03633e+06 1.22675e+06
1.2046e+06 988284 1.34764e+06
1.2129e+06 1.00585e+06 1.29967e+06
1.18928e+06 1.04386e+06 1.25638e+06
1.21152e+06 993043 1.33036e+06
1.18555e+06 1.06247e+06 1.2308e+06
1.19908e+06 996968 1.34252e+06
1.18811e+06 1.03823e+06 1.27096e+06
1.18711e+06 1.0461e+06 1.25749e+06
1.19468e+06 1.04656e+06 1.25049e+06
1.30905e+06 1.0358e+06 1.22066e+06
1.18457e+06 1.05205e+06 1.24542e+06
1.20106e+06 994629 1.32978e+06
1.29649e+06 1.04098e+06 1.21852e+06
1.30549e+06 1.03728e+06 1.224e+06
1.19519e+06 1.04581e+06 1.25203e+06
1.19266e+06 1.04851e+06 1.24656e+06
1.18357e+06 1.09064e+06 1.14722e+06
1.28132e+06 1.04884e+06 1.21536e+06
1.18617e+06 1.04881e+06 1.24971e+06
1.28364e+06 1.04755e+06 1.22599e+06
1.30483e+06 1.03803e+06 1.2226e+06
1.19054e+06 1.04508e+06 1.2529e+06
1.30252e+06 1.03712e+06 1.2274e+06
1.3075e+06 1.03654e+06 1.22572e+06
1.19151e+06 1.08813e+06 1.14606e+06
1.21039e+06 1.00414e+06 1.30341e+06
1.19404e+06 1.04031e+06 1.26892e+06
1.20341e+06 988546 1.34634e+06
1.29493e+06 1.04184e+06 1.21872e+06
1.21182e+06 991697 1.3309e+06
1.30949e+06 1.03466e+06 1.23366e+06
1.1791e+06 1.09178e+06 1.1507e+06
1.20566e+06 1.0043e+06 1.30644e+06
1.20548e+06 993268 1.32942e+06
1.29819e+06 1.04015e+06 1.21916e+06
1.29313e+06 1.04453e+06 1.21137e+06
1.2068e+06 1.01044e+06 1.30038e+06
1.17412e+06 1.08435e+06 1.16327e+06
1.20511e+06 1.03774e+06 1.27382e+06
1.28525e+06 1.06549e+06 1.20114e+06
1.29619e+06 1.04984e+06 1.20843e+06
1.19842e+06 1.03765e+06 1.27421e+06
1.30434e+06 1.03718e+06 1.22625e+06
1.30026e+06 1.03673e+06 1.23044e+06
1.19435e+06 1.04111e+06 1.26259e+06
1.19933e+06 997475 1.32805e+06
1.30873e+06 1.03618e+06 1.21834e+06
1.30385e+06 1.04407e+06 1.20723e+06
1.30829e+06 1.03692e+06 1.22544e+06
1.15133e+06 1.07625e+06 1.18536e+06
1.30705e+06 1.03788e+06 1.21796e+06
1.1948e+06 1.0476e+06 1.24723e+06
1.18231e+06 1.09204e+06 1.14952e+06
1.20459e+06 988540 1.35015e+06
1.29956e+06 1.04347e+06 1.20929e+06
1.19336e+06 1.04997e+06 1.24528e+06
1.17782e+06 1.0871e+06 1.15902e+06
1.20616e+06 1.03674e+06 1.27478e+06
1.29846e+06 1.04884e+06 1.20623e+06
1.1955e+06 1.05025e+06 1.24183e+06
1.16363e+06 1.0674e+06 1.18059e+06
1.19366e+06 1.04311e+06 1.2591e+06
1.3009e+06 1.04453e+06 1.20742e+06
1.15043e+06 1.07638e+06 1.18674e+06
1.18823e+06 1.04296e+06 1.26384e+06
1.30662e+06 1.03564e+06 1.23386e+06
1.17862e+06 1.09032e+06 1.15192e+06
1.14886e+06 1.07595e+06 1.18877e+06
1.15944e+06 1.07138e+06 1.18358e+06
1.15771e+06 1.07172e+06 1.18293e+06
1.19447e+06 1.04668e+06 1.25126e+06
1.17836e+06 1.08598e+06 1.15623e+06
1.18182e+06 1.04441e+06 1.26982e+06
1.19171e+06 1.04278e+06 1.26507e+06
1.28962e+06 1.0449e+06 1.21125e+06
1.18369e+06 1.08506e+06 1.14766e+06
1.19335e+06 1.04231e+06 1.26544e+06
1.18213e+06 1.04521e+06 1.26349e+06
1.19094e+06 1.08464e+06 1.14863e+06
1.19794e+06 1.03796e+06 1.27525e+06
1.17191e+06 1.06846e+06 1.17397e+06
1.15465e+06 1.07499e+06 1.18225e+06
1.14974e+06 1.07654e+06 1.18734e+06
1.16633e+06 1.06778e+06 1.17895e+06
1.16918e+06 1.0717e+06 1.17339e+06
1.1916e+06 1.04284e+06 1.26465e+06
1.19272e+06 1.04361e+06 1.25827e+06
1.18112e+06 1.08985e+06 1.15052e+06
1.29981e+06 1.04026e+06 1.21033e+06
1.15729e+06 1.07428e+06 1.18426e+06
1.16579e+06 1.06856e+06 1.17798e+06
1.18792e+06 1.04216e+06 1.27017e+06
1.30222e+06 1.0429e+06 1.20951e+06
1.30351e+06 1.04389e+06 1.20798e+06
1.17779e+06 1.07702e+06 1.16086e+06
1.20152e+06 1.04332e+06 1.25794e+06
1.19483e+06 1.04874e+06 1.24452e+06
1.1687e+06 1.07209e+06 1.17193e+06
1.16283e+06 1.06814e+06 1.1819e+06
1.15486e+06 1.07354e+06 1.1906e+06
1.18466e+06 1.08815e+06 1.14571e+06
1.1522e+06 1.07492e+06 1.186e+06
1.20188e+06 1.04189e+06 1.25864e+06
1.15621e+06 1.07337e+06 1.18713e+06
1.18598e+06 1.07244e+06 1.1635e+06
1.17682e+06 1.07568e+06 1.16532e+06
1.20579e+06 993167 1.33062e+06
1.17841e+06 1.08888e+06 1.15342e+06
1.16796e+06 1.06828e+06 1.1759e+06
1.17049e+06 1.07365e+06 1.17058e+06
1.16541e+06 1.06975e+06 1.17785e+06
1.18156e+06 1.08768e+06 1.15072e+06
1.19499e+06 1.04602e+06 1.25088e+06
1.19044e+06 1.08302e+06 1.14935e+06
1.18358e+06 1.08924e+06 1.14838e+06
1.17124e+06 1.07084e+06 1.17271e+06
1.16773e+06 1.07408e+06 1.17159e+06
1.16947e+06 1.07318e+06 1.17185e+06
1.17828e+06 1.08549e+06 1.15692e+06
1.1781e+06 1.07365e+06 1.16602e+06
1.30313e+06 1.04426e+06 1.20728e+06
1.17735e+06 1.0738e+06 1.16697e+06
1.15562e+06 1.08199e+06 1.18088e+06
1.1731e+06 1.07404e+06 1.16859e+06
1.17879e+06 1.07524e+06 1.16461e+06
1.15326e+06 1.08259e+06 1.1848e+06
1.15837e+06 1.07737e+06 1.1813e+06
1.17258e+06 1.07346e+06 1.16988e+06
1.1743e+06 1.07424e+06 1.16753e+06
1.16218e+06 1.06932e+06 1.17948e+06
1.18269e+06 1.07578e+06 1.16154e+06
1.17618e+06 1.07423e+06 1.16684e+06
1.16619e+06 1.06872e+06 1.17712e+06
1.18763e+06 1.03912e+06 1.27083e+06
1.18017e+06 1.08393e+06 1.15426e+06
1.18165e+06 1.04609e+06 1.26335e+06
1.15749e+06 1.07036e+06 1.18993e+06
1.17868e+06 1.08747e+06 1.15467e+06
1.16474e+06 1.07283e+06 1.1745e+06
1.15661e+06 1.06976e+06 1.19136e+06
1.17652e+06 1.07489e+06 1.16642e+06
1.18664e+06 1.07832e+06 1.15428e+06
1.15266e+06 1.07563e+06 1.1858e+06
1.17824e+06 1.08825e+06 1.15793e+06
1.17098e+06 1.07306e+06 1.17016e+06
1.16823e+06 1.06951e+06 1.1752e+06
1.17225e+06 1.07102e+06 1.17086e+06
1.18847e+06 1.08018e+06 1.15192e+06
1.18065e+06 1.0854e+06 1.15304e+06
1.17012e+06 1.06944e+06 1.17328e+06
1.18975e+06 1.08012e+06 1.15207e+06
1.1593e+06 1.07156e+06 1.18667e+06
1.14994e+06 1.07537e+06 1.18756e+06
1.15529e+06 1.07342e+06 1.18895e+06
1.17543e+06 1.07701e+06 1.16222e+06
1.16483e+06 1.07044e+06 1.17672e+06
1.16136e+06 1.06922e+06 1.18459e+06
1.17288e+06 1.0837e+06 1.16428e+06
1.15235e+06 1.08238e+06 1.18515e+06
1.15275e+06 1.07604e+06 1.1849e+06
1.18186e+06 1.07607e+06 1.16013e+06
1.16736e+06 1.07323e+06 1.17252e+06
1.15091e+06 1.07679e+06 1.18569e+06
1.17093e+06 1.07443e+06 1.16958e+06
1.18422e+06 1.07495e+06 1.16293e+06
1.16129e+06 1.08026e+06 1.17304e+06
1.17168e+06 1.07426e+06 1.16966e+06
1.15421e+06 1.07376e+06 1.19021e+06
1.15806e+06 1.0778e+06 1.17907e+06
1.15975e+06 1.0741e+06 1.1789e+06
1.18108e+06 1.08463e+06 1.15208e+06
1.17289e+06 1.07356e+06 1.16925e+06
1.18638e+06 1.08057e+06 1.15231e+06
1.18375e+06 1.08221e+06 1.15041e+06
1.17902e+06 1.07614e+06 1.16458e+06
1.18033e+06 1.08857e+06 1.15339e+06
1.1609e+06 1.07136e+06 1.17878e+06
1.18815e+06 1.08626e+06 1.14762e+06
1.16703e+06 1.07174e+06 1.17407e+06
1.1824e+06 1.08328e+06 1.15245e+06
1.18228e+06 1.07989e+06 1.15595e+06
1.15102e+06 1.07504e+06 1.1863e+06
1.18194e+06 1.07657e+06 1.15944e+06
1.15513e+06 1.07371e+06 1.18839e+06
1.18121e+06 1.07406e+06 1.16403e+06
1.18245e+06 1.07808e+06 1.15708e+06
1.16062e+06 1.07912e+06 1.17559e+06
1.1794e+06 1.07028e+06 1.16799e+06
1.15361e+06 1.0754e+06 1.182e+06
1.15908e+06 1.07006e+06 1.18795e+06
1.18262e+06 1.08472e+06 1.15096e+06
1.17587e+06 1.07025e+06 1.16936e+06
1.17641e+06 1.06947e+06 1.17033e+06
1.16179e+06 1.07107e+06 1.17978e+06
1.1531e+06 1.07472e+06 1.19035e+06
1.16635e+06 1.07501e+06 1.16877e+06
1.16992e+06 1.06825e+06 1.1749e+06
1.1534e+06 1.0748e+06 1.18598e+06
1.16346e+06 1.07269e+06 1.1753e+06
1.16421e+06 1.07032e+06 1.17734e+06
1.18384e+06 1.07798e+06 1.15738e+06
1.15995e+06 1.06874e+06 1.18859e+06
1.18303e+06 1.07908e+06 1.15578e+06
1.18817e+06 1.08483e+06 1.14825e+06
1.17069e+06 1.0723e+06 1.171e+06
1.18996e+06 1.08156e+06 1.15058e+06
1.18268e+06 1.08187e+06 1.1537e+06
1.1831e+06 1.08619e+06 1.14973e+06
1.18139e+06 1.07973e+06 1.15725e+06
1.17208e+06 1.06942e+06 1.17229e+06
1.16199e+06 1.0716e+06 1.17864e+06
1.17795e+06 1.07845e+06 1.16001e+06
1.17698e+06 1.0758e+06 1.16512e+06
1.16256e+06 1.06865e+06 1.1851e+06
1.18778e+06 1.07728e+06 1.15464e+06
1.17936e+06 1.08276e+06 1.15637e+06
1.15402e+06 1.07467e+06 1.18853e+06
1.1585e+06 1.073e+06 1.18006e+06
1.18242e+06 1.07748e+06 1.15905e+06
1.16455e+06 1.07292e+06 1.17516e+06
1.18181e+06 1.08355e+06 1.15306e+06
1.15658e+06 1.07015e+06 1.19029e+06
1.18496e+06 1.0735e+06 1.15978e+06
1.17562e+06 1.0696e+06 1.17107e+06
1.1806e+06 1.08316e+06 1.1533e+06
1.18577e+06 1.0798e+06 1.15356e+06
1.18113e+06 1.08845e+06 1.15168e+06
1.16505e+06 1.07241e+06 1.17595e+06
1.15877e+06 1.06885e+06 1.18889e+06
1.17997e+06 1.07342e+06 1.16503e+06
1.17511e+06 1.07421e+06 1.16814e+06
1.18536e+06 1.07548e+06 1.15754e+06
1.1738e+06 1.07188e+06 1.16938e+06
1.18155e+06 1.08908e+06 1.14957e+06
1.16494e+06 1.06965e+06 1.17922e+06
1.18466e+06 1.07929e+06 1.15394e+06
1.17366e+06 1.0751e+06 1.1671e+06
1.16241e+06 1.07124e+06 1.17762e+06
1.15695e+06 1.08048e+06 1.18172e+06
1.15691e+06 1.07399e+06 1.18648e+06
1.18435e+06 1.07845e+06 1.15639e+06
1.15944e+06 1.07093e+06 1.1821e+06
1.17371e+06 1.06909e+06 1.17198e+06
1.16153e+06 1.07127e+06 1.18034e+06
1.16721e+06 1.0733e+06 1.17249e+06
1.15583e+06 1.07457e+06 1.18769e+06
1.17666e+06 1.07425e+06 1.16618e+06
1.1799e+06 1.0796e+06 1.15856e+06
1.16986e+06 1.0717e+06 1.17131e+06
1.18698e+06 1.08031e+06 1.15169e+06
1.18549e+06 1.0786e+06 1.15418e+06
1.17532e+06 1.07404e+06 1.16843e+06
1.18719e+06 1.08175e+06 1.1502e+06
1.18298e+06 1.08755e+06 1.14877e+06
1.1746e+06 1.06884e+06 1.17233e+06
1.18026e+06 1.07833e+06 1.15829e+06
1.18145e+06 1.07514e+06 1.16255e+06
1.16324e+06 1.08024e+06 1.17204e+06
1.18272e+06 1.08242e+06 1.15277e+06
1.16972e+06 1.07388e+06 1.17086e+06
1.15818e+06 1.07019e+06 1.18933e+06
1.18347e+06 1.08363e+06 1.14915e+06
1.18685e+06 1.07692e+06 1.15519e+06
1.18393e+06 1.08005e+06 1.15439e+06
1.18725e+06 1.0789e+06 1.15294e+06
1.1605e+06 1.06986e+06 1.18749e+06
1.15863e+06 1.07167e+06 1.18111e+06
1.16628e+06 1.06953e+06 1.17619e+06
1.18158e+06 1.08625e+06 1.15136e+06
1.16451e+06 1.06998e+06 1.17741e+06
1.18752e+06 1.07664e+06 1.15492e+06
1.16227e+06 1.06912e+06 1.1802e+06
1.15405e+06 1.07429e+06 1.1896e+06
1.15769e+06 1.06918e+06 1.19015e+06
1.1666e+06 1.07e+06 1.1755e+06
1.19002e+06 1.07871e+06 1.15332e+06
1.16377e+06 1.07181e+06 1.17741e+06
1.15866e+06 1.0706e+06 1.18828e+06
1.16068e+06 1.07674e+06 1.17662e+06
1.15097e+06 1.07648e+06 1.18542e+06
1.1832e+06 1.08388e+06 1.15155e+06
1.18339e+06 1.07768e+06 1.15766e+06
1.18207e+06 1.08289e+06 1.15339e+06
1.18508e+06 1.07689e+06 1.15628e+06
1.15608e+06 1.0747e+06 1.18609e+06
1.18571e+06 1.08003e+06 1.15268e+06
1.18745e+06 1.07949e+06 1.15217e+06
1.17558e+06 1.0722e+06 1.16823e+06
1.1616e+06 1.07082e+06 1.18066e+06
1.16183e+06 1.07254e+06 1.17813e+06
1.1849e+06 1.07886e+06 1.15479e+06
1.15704e+06 1.07201e+06 1.18823e+06
1.16162e+06 1.07213e+06 1.17849e+06
1.17503e+06 1.07168e+06 1.16978e+06
1.16674e+06 1.07212e+06 1.17292e+06
1.18238e+06 1.07759e+06 1.15776e+06
1.18729e+06 1.07874e+06 1.15348e+06
1.17919e+06 1.07909e+06 1.15901e+06
1.16013e+06 1.06943e+06 1.18788e+06
1.18216e+06 1.08228e+06 1.15447e+06
1.15894e+06 1.07223e+06 1.17911e+06
1.1631e+06 1.0713e+06 1.17747e+06
1.15596e+06 1.07259e+06 1.18944e+06
1.15675e+06 1.07426e+06 1.18564e+06
1.15696e+06 1.07938e+06 1.17773e+06
1.16401e+06 1.07109e+06 1.17646e+06
1.1835e+06 1.07543e+06 1.15866e+06
1.17979e+06 1.08199e+06 1.15541e+06
1.18199e+06 1.07947e+06 1.15663e+06
1.16474e+06 1.07065e+06 1.176e+06
1.18126e+06 1.08171e+06 1.1555e+06
1.15484e+06 1.07393e+06 1.18952e+06
1.18023e+06 1.08108e+06 1.15701e+06
1.1627e+06 1.07086e+06 1.17877e+06
1.16682e+06 1.07196e+06 1.17473e+06
1.16394e+06 1.07092e+06 1.17821e+06
1.18448e+06 1.07716e+06 1.1569e+06
1.16296e+06 1.07255e+06 1.17642e+06
1.18278e+06 1.07957e+06 1.15552e+06
1.15845e+06 1.07069e+06 1.18817e+06
1.18191e+06 1.08124e+06 1.15488e+06
1.18444e+06 1.07785e+06 1.15544e+06
1.1665e+06 1.0702e+06 1.17478e+06
1.16303e+06 1.07235e+06 1.17721e+06
1.18186e+06 1.08145e+06 1.15489e+06
1.18502e+06 1.07868e+06 1.15509e+06
1.1582e+06 1.08048e+06 1.17657e+06
1.16025e+06 1.07222e+06 1.17835e+06
1.16041e+06 1.07195e+06 1.1792e+06
1.17781e+06 1.08914e+06 1.15403e+06
1.18449e+06 1.07511e+06 1.16189e+06
1.17441e+06 1.07042e+06 1.17102e+06
1.15565e+06 1.07462e+06 1.18737e+06
1.18172e+06 1.07655e+06 1.16195e+06
1.18619e+06 1.0815e+06 1.15146e+06
1.18767e+06 1.08321e+06 1.14897e+06
1.17996e+06 1.07676e+06 1.16255e+06
1.18324e+06 1.08067e+06 1.15482e+06
1.15877e+06 1.07115e+06 1.18748e+06
1.18335e+06 1.08023e+06 1.15265e+06
1.18631e+06 1.07704e+06 1.15467e+06
1.1822e+06 1.0809e+06 1.15514e+06
1.18235e+06 1.08038e+06 1.15526e+06
1.16693e+06 1.07458e+06 1.17239e+06
1.18765e+06 1.07388e+06 1.15814e+06
1.15702e+06 1.07263e+06 1.18812e+06
1.18342e+06 1.08072e+06 1.15196e+06
1.17916e+06 1.08122e+06 1.15861e+06
1.18799e+06 1.07871e+06 1.15314e+06
1.18282e+06 1.07946e+06 1.15681e+06
1.18529e+06 1.07833e+06 1.15479e+06
1.1566e+06 1.0808e+06 1.18199e+06
1.18718e+06 1.07537e+06 1.15531e+06
