94435 73972 112811
119459 109554 60093
72378 119933 90762
109362 71778 91337
138198 86179 65928
77303 128318 79559
76501 123659 82064
95204 73825 111252
81915 126912 75792
74558 121876 86764
90539 76214 108925
76888 119188 80129
117330 80548 71043
95179 73980 112200
77689 127242 79101
73151 121072 89542
74974 113717 87545
137340 87718 64543
116584 103855 60708
125924 99031 61992
118765 82922 69333
126869 104583 60563
72622 115033 97980
133529 87452 65765
78190 114738 80383
82691 85050 100247
93460 75344 112635
90758 78856 101211
75278 111590 86184
72512 114942 98396
136976 87529 64732
76061 120441 82525
129259 92181 63345
76696 118680 80573
79504 111170 81484
134112 86394 66186
118298 100739 61090
99521 97263 65884
105068 109148 60144
119359 90702 66217
74524 111337 92721
78477 112666 81637
115021 114304 60104
75429 101206 92237
74091 112487 89181
88225 110628 69055
113940 98323 63972
124682 89111 66351
73384 120208 89820
107115 72317 88191
73584 105013 93943
72921 109586 93250
92904 76347 102847
126597 88279 66859
117833 95117 63182
115624 73720 83824
125206 82468 69611
129924 88209 65428
119702 78735 72975
115374 75020 82676
77898 87171 102502
95592 115518 62024
88694 79552 102173
90661 76079 108357
103404 71860 95689
78012 118261 79122
75690 117991 83744
80668 103411 77169
88898 78100 106549
78056 113464 80923
128598 92783 63196
131710 90223 63820
89684 77003 107058
131399 88165 65133
85825 114239 69462
88052 79033 103354
98729 108531 61865
126367 81631 69462
136378 80963 69516
104572 74273 90001
93299 90898 74133
93267 120754 63515
128134 93526 62956
84297 102331 78184
109682 75179 82021
73752 99683 96095
78749 85266 107552
78352 105539 82865
112701 102844 61464
91907 75633 108836
76233 117061 82917
77240 127007 79741
130337 94108 62533
104785 74651 85166
136010 86470 65746
106677 79876 76235
82497 99461 82245
86018 78019 108565
130807 93863 62828
98592 81156 79760
110515 96896 64831
114267 76807 76737
113534 86807 68784
135484 85864 66780
74278 117610 88010
75572 107529 85515
88720 78474 107443
85858 80738 101534
77840 105389 84311
123080 83239 69046
99128 78889 84519
86963 110396 69276
80723 86502 98719
93170 118935 63965
82961 83146 99873
76359 89284 101611
74358 99629 98079
94440 97602 68415
93873 115971 63765
76774 115688 80992
83445 93414 83404
110063 100812 63616
89279 98781 74408
113347 91397 66547
92741 113056 64906
90974 80244 93056
79672 94997 87171
87433 87382 88777
130995 88751 64566
128834 87333 66277
94114 79124 94253
108263 77735 77635
107499 103691 62049
103789 72149 94945
78800 84899 107996
73316 101573 98775
133271 89966 63307
88259 90054 85956
103041 83540 76833
77361 105781 84175
101953 110013 61178
93996 94817 70011
95454 106389 64736
80291 102218 83608
127691 87200 67382
116285 104388 61318
83181 96027 82350
120770 100555 61937
122422 89471 65682
78604 116223 79754
116009 74009 83080
77635 85808 107242
128210 89856 64833
120079 81558 70349
110714 79979 73500
98814 74231 100873
81555 88905 97218
78536 85152 108027
102208 75436 86528
82324 102674 83079
108984 92138 66093
88520 103114 70575
109902 76541 78578
84497 99686 80256
134588 83597 68146
129127 81714 68667
103179 72947 93651
90947 80665 95546
77056 88384 99780
77479 111797 82447
106897 84576 72148
98496 73075 101920
75003 103759 94610
97079 76780 96351
105551 82619 73978
123871 91256 63945
77964 106698 81766
127276 87697 67173
75918 101337 89196
113103 79645 73828
105278 80835 78592
74917 116852 84964
110145 78632 76104
80493 82705 104953
78271 90656 97064
121951 82577 69198
102753 85086 73293
121016 93239 64523
99216 107157 63403
98944 88645 69609
85525 96315 77950
80882 83477 100477
90466 116477 64766
110272 102469 61959
94875 94047 70767
85972 94939 77530
74794 97739 95399
87651 80309 99451
100938 108995 61646
91630 98029 71207
97231 94328 69731
101063 80091 79399
92385 79715 95856
91337 81181 90775
88869 105064 70205
80201 82741 106051
94577 74005 104763
86667 91096 83147
100792 81978 78851
82082 93355 86302
95920 76255 96797
114680 89596 66448
91164 88436 77908
120918 99257 60858
86310 100741 74578
106530 80945 75481
97501 95734 67829
101318 80162 79275
95786 112165 62232
78867 113150 81274
93337 109218 64153
99963 85490 75146
122703 83378 68834
99726 72746 97959
91440 75981 104138
130592 93885 62617
98015 76610 88285
105494 72193 89681
78810 83878 106207
82414 87624 93678
130178 89785 64949
97612 72741 105244
98829 107455 63000
87331 80018 103808
99394 75766 92854
114498 95553 64290
89757 77721 104443
93755 108754 64823
112999 91723 67646
76537 88682 102770
87669 85565 87025
81181 89223 96647
91569 107055 67070
88080 100215 71983
81304 82009 106789
124384 80994 70847
88882 107815 68207
76621 106076 83646
124256 82861 68502
91795 77198 101836
79342 104756 83380
82998 92030 87619
84785 83524 97916
96593 79439 87906
73184 121002 90535
88407 100972 71919
83803 83724 99631
101244 105132 62847
95523 78678 91155
85676 85203 95108
94538 116652 63267
78975 101833 84754
130205 96335 61571
80349 96135 86593
88955 117279 65874
87057 79049 105635
85237 86965 94472
106192 85341 71591
96843 77462 92067
134339 85845 67488
77024 111201 82742
104309 108127 60957
99316 117418 61306
111935 91796 66829
134882 86241 66851
98217 111981 61790
87841 99799 75323
87930 81308 99065
112298 78782 75242
100620 108004 62935
94517 74125 106798
108788 95391 65654
76155 120053 82498
87981 96517 75809
135749 87877 64683
81362 94401 86705
111755 82662 71301
83526 82352 100677
96923 104049 65520
97485 108214 63010
132024 80715 70357
111283 94670 65308
116555 97730 63483
75887 106897 83265
120453 78309 74854
83829 83009 98925
102523 84488 73629
77533 91235 97533
95753 112311 62299
89060 84977 87807
84100 81088 106182
122256 91877 65275
96157 86257 75430
87241 115866 69088
92552 97903 68944
93119 78261 95364
79052 92325 91944
80462 105893 82140
98324 74688 104485
124123 88806 66830
84012 95852 81308
89965 104121 68625
120268 94641 64028
127168 96743 61809
95218 106524 64544
110993 95170 65960
85624 86208 92416
121365 77718 75421
106426 83409 73100
116168 95323 64143
121391 91610 65536
85338 100108 74832
101616 74830 90185
131806 83344 68183
132870 84819 67580
127737 88060 66264
105047 73670 87906
121632 81475 70479
90748 93130 72849
90184 93771 74812
103848 81877 78096
122648 95238 62516
104020 82494 75715
79866 98508 86372
85413 92307 83996
95839 106198 64865
105353 73417 86136
91533 91944 73399
110384 99321 64727
77359 105340 84636
90462 83779 88904
86864 90431 85332
123242 81903 69853
89144 99909 71138
107623 95622 66651
84239 87579 91744
106080 74937 84077
79802 87108 97291
86228 85208 92533
96731 89410 70513
75816 91184 105422
104325 77651 80802
86024 95976 77022
99147 109922 61772
103775 81970 78707
78158 89065 97450
80102 84617 104709
101513 103584 64399
123454 92676 63787
104908 107993 62626
85079 102962 77621
114794 73694 85044
103808 77952 79149
87723 84188 94096
100114 73320 94493
101162 76103 85740
100218 82249 78390
82362 93679 86270
87136 80410 101965
95073 77595 96165
84892 88733 86799
89293 81824 93380
100242 73857 91520
87236 84111 96613
108075 83822 71704
108961 101627 65382
100345 84005 76425
103162 108190 62394
96268 81574 84959
93082 117784 64027
80945 103015 76584
88920 79285 100780
113241 76291 80630
118187 90023 66417
124465 88890 66764
104711 73011 90633
96400 104882 65167
113859 79991 71413
110875 84308 69829
97804 86048 75318
108370 79227 75898
92208 77181 99164
80072 93929 90481
132289 87033 66815
94958 94770 70455
136346 87134 65363
125547 89199 65291
89203 81785 94746
81995 96622 84681
105949 76859 77850
126934 88726 65182
79128 95878 89905
102329 77556 81866
135120 86736 65874
105762 81913 74913
79501 90555 96386
132605 87562 65560
94325 110209 63568
103470 84248 72332
95698 74721 98882
108636 93884 67310
122139 99216 61650
104115 83065 75122
94158 91517 71446
93075 108644 65079
86179 98701 76713
88160 94477 76485
103650 75864 82199
89541 106894 69958
125618 81850 69011
94514 109775 64010
101710 84163 74804
91955 76413 103434
87154 79002 103975
101130 77294 83109
96390 78173 90276
81705 89690 94673
123416 104085 60594
83023 93411 86121
82876 82449 105809
92663 85937 81405
112826 74207 85144
79195 98569 87096
132226 87206 65968
99444 76454 91471
89463 78798 104026
83624 102064 80190
92824 86215 81058
98177 83044 83880
133047 89107 64510
85001 84564 97749
117983 91436 66251
90262 85396 85447
103354 76946 84983
123725 85511 68062
92287 78149 96874
132505 86975 66669
91734 100347 69231
86539 87137 90220
97684 84658 78475
95046 107923 66077
121766 99222 61633
111481 99202 63386
107321 75759 80698
105414 80351 77378
78891 94007 90947
89255 81608 93491
89859 82209 91005
92720 85705 81605
88972 85290 88488
104827 73832 88672
89863 87999 84779
112487 82130 71590
80970 93189 89255
120399 100507 62520
104487 76000 81238
94475 103192 67274
98006 86374 74907
97378 85964 76255
79735 92469 90556
107910 75484 84069
91423 88008 77764
91079 83533 89116
92249 81865 89338
81771 89251 90668
92981 86548 78946
101563 78390 81205
111515 83760 71109
111818 97921 64180
100085 103542 64601
79913 83392 105888
96531 77113 94672
94305 84232 85586
90335 112194 67922
105892 84216 72465
79447 91443 95003
83688 83830 98233
134398 88180 64070
89611 81324 94508
87232 103286 72707
100438 81445 79236
132789 86817 67073
108047 82090 72750
86775 94648 76357
100094 104252 64387
129924 84883 68307
104233 86872 70309
106999 81819 74310
86293 81779 99382
135740 88072 64477
