214059 130756
169624 146827
169722 145409
169988 144648
170320 144124
170454 143893
170484 143389
170548 141210
170611 141209
170938 140495
171211 140385
171588 139621
172213 137836
172903 137300
173057 136996
173310 136634
175090 136157
175108 136087
175244 135853
175285 134891
175468 134777
176732 134755
176911 134420
165992 164665
166391 162694
166498 161394
166748 157638
167147 155667
167254 154367
167619 154358
167675 154248
167840 153961
168392 152677
168757 152668
168813 152558
168978 152271
177307 133984
178196 133904
178252 133844
178355 133806
178373 133625
178476 133587
178525 133579
178623 133490
179709 133439
179830 133220
179982 133174
180080 133085
180995 132505
181020 132395
181115 131567
181236 131348
181388 131302
181491 131264
181542 131153
181663 130934
181815 130888
181913 130799
