3.24863e+06 3.22794e+06 3.23052e+06 3.05112e+06
3.24433e+06 3.3186e+06 3.17172e+06 3.08978e+06
3.21362e+06 3.31165e+06 3.04272e+06 3.24915e+06
3.08377e+06 3.22832e+06 3.26547e+06 3.22636e+06
3.31119e+06 3.18455e+06 3.17194e+06 3.09181e+06
3.08522e+06 3.2631e+06 3.17951e+06 3.28525e+06
3.20964e+06 3.17047e+06 3.28695e+06 3.10031e+06
3.20529e+06 3.08062e+06 3.21741e+06 3.17474e+06
3.21478e+06 3.27365e+06 3.07104e+06 3.23284e+06
3.29174e+06 3.2811e+06 3.14476e+06 3.06147e+06
3.28256e+06 3.17772e+06 3.09942e+06 3.27228e+06
3.10562e+06 3.29797e+06 3.19858e+06 3.12371e+06
3.09596e+06 3.20066e+06 3.24584e+06 3.21232e+06
3.18318e+06 3.3105e+06 3.10148e+06 3.18403e+06
3.27238e+06 3.19232e+06 3.23818e+06 3.07018e+06
3.23113e+06 3.09217e+06 3.20271e+06 3.18192e+06
3.28075e+06 3.14567e+06 3.13533e+06 3.1933e+06
3.12873e+06 3.12452e+06 3.25014e+06 3.27686e+06
3.29175e+06 3.17652e+06 3.2701e+06 3.07283e+06
3.08733e+06 3.22091e+06 3.2565e+06 3.22648e+06
3.24029e+06 3.28576e+06 3.22204e+06 3.0598e+06
3.30432e+06 3.17433e+06 3.12076e+06 3.19968e+06
3.29808e+06 3.18436e+06 3.20451e+06 3.0888e+06
3.23726e+06 3.09783e+06 3.20565e+06 3.17367e+06
3.23472e+06 3.17388e+06 3.10607e+06 3.25425e+06
3.23782e+06 3.21109e+06 3.07542e+06 3.22765e+06
3.23581e+06 3.103e+06 3.17704e+06 3.24303e+06
3.30987e+06 3.14449e+06 3.1437e+06 3.14425e+06
3.19522e+06 3.10481e+06 3.26252e+06 3.20338e+06
3.30089e+06 3.21551e+06 3.13302e+06 3.09406e+06
3.1945e+06 3.21112e+06 3.08106e+06 3.16053e+06
3.20202e+06 3.18363e+06 3.27468e+06 3.07572e+06
3.12556e+06 3.16629e+06 3.264e+06 3.27627e+06
3.21299e+06 3.09429e+06 3.18297e+06 3.21743e+06
3.16823e+06 3.1541e+06 3.16625e+06 3.26286e+06
3.24084e+06 3.1678e+06 3.26922e+06 3.07801e+06
3.20944e+06 3.21593e+06 3.09418e+06 3.13711e+06
3.11123e+06 3.18324e+06 3.28481e+06 3.22305e+06
3.19126e+06 3.19101e+06 3.08748e+06 3.18788e+06
3.21075e+06 3.24432e+06 3.08681e+06 3.1368e+06
3.16918e+06 3.28872e+06 3.22867e+06 3.08079e+06
3.12164e+06 3.2189e+06 3.1231e+06 3.2675e+06
3.22713e+06 3.10602e+06 3.20576e+06 3.18605e+06
3.22812e+06 3.1642e+06 3.11444e+06 3.24084e+06
3.11617e+06 3.18718e+06 3.17997e+06 3.21156e+06
3.1802e+06 3.11093e+06 3.22359e+06 3.2648e+06
3.27094e+06 3.11789e+06 3.17077e+06 3.1887e+06
3.26718e+06 3.20758e+06 3.17126e+06 3.09691e+06
3.12237e+06 3.29332e+06 3.15825e+06 3.16237e+06
3.12046e+06 3.20762e+06 3.19046e+06 3.20573e+06
3.26201e+06 3.10883e+06 3.19214e+06 3.17434e+06
3.26534e+06 3.12953e+06 3.14759e+06 3.18841e+06
3.20036e+06 3.31404e+06 3.19175e+06 3.08817e+06
3.13348e+06 3.18037e+06 3.25846e+06 3.1265e+06
3.09914e+06 3.1863e+06 3.22732e+06 3.22935e+06
3.1763e+06 3.22039e+06 3.23714e+06 3.08015e+06
3.109e+06 3.25193e+06 3.27977e+06 3.16922e+06
3.20552e+06 3.29519e+06 3.07767e+06 3.21961e+06
3.16391e+06 3.17441e+06 3.1253e+06 3.25265e+06
3.207e+06 3.24063e+06 3.20602e+06 3.06846e+06
3.24182e+06 3.24124e+06 3.10353e+06 3.13184e+06
3.1629e+06 3.27797e+06 3.12674e+06 3.17092e+06
3.15282e+06 3.19393e+06 3.09667e+06 3.1954e+06
3.1681e+06 3.13825e+06 3.18965e+06 3.27025e+06
3.25945e+06 3.16891e+06 3.12286e+06 3.11373e+06
3.25717e+06 3.21404e+06 3.17644e+06 3.08647e+06
3.13735e+06 3.17123e+06 3.18896e+06 3.25605e+06
3.22987e+06 3.11254e+06 3.16558e+06 3.204e+06
3.10655e+06 3.24378e+06 3.28267e+06 3.162e+06
3.25159e+06 3.11457e+06 3.18053e+06 3.19304e+06
3.12712e+06 3.24336e+06 3.14625e+06 3.24964e+06
3.13809e+06 3.17173e+06 3.19557e+06 3.2155e+06
3.24181e+06 3.14912e+06 3.10249e+06 3.23587e+06
3.17564e+06 3.26681e+06 3.25172e+06 3.08382e+06
3.14926e+06 3.17296e+06 3.17165e+06 3.25972e+06
3.20807e+06 3.12273e+06 3.23942e+06 3.15543e+06
3.23171e+06 3.21449e+06 3.20443e+06 3.08678e+06
3.18918e+06 3.28574e+06 3.21698e+06 3.06663e+06
3.18328e+06 3.19642e+06 3.27678e+06 3.10005e+06
3.09925e+06 3.23903e+06 3.22428e+06 3.18732e+06
3.24464e+06 3.1104e+06 3.22946e+06 3.16636e+06
3.26582e+06 3.16228e+06 3.12131e+06 3.23032e+06
3.19921e+06 3.12026e+06 3.24381e+06 3.18268e+06
3.16569e+06 3.12708e+06 3.23032e+06 3.25602e+06
3.14542e+06 3.285e+06 3.20077e+06 3.12055e+06
3.24958e+06 3.11461e+06 3.2559e+06 3.16628e+06
3.21417e+06 3.20772e+06 3.22757e+06 3.0643e+06
3.14337e+06 3.24622e+06 3.15323e+06 3.14956e+06
3.13989e+06 3.16781e+06 3.17857e+06 3.25899e+06
3.18183e+06 3.25124e+06 3.09477e+06 3.24284e+06
3.25238e+06 3.16858e+06 3.16689e+06 3.10931e+06
3.17362e+06 3.27376e+06 3.21845e+06 3.08148e+06
3.21698e+06 3.11057e+06 3.23025e+06 3.16818e+06
3.18638e+06 3.15253e+06 3.27337e+06 3.11872e+06
3.17114e+06 3.1858e+06 3.11537e+06 3.22538e+06
3.24738e+06 3.23017e+06 3.22009e+06 3.07386e+06
3.18735e+06 3.1689e+06 3.11299e+06 3.24338e+06
3.18058e+06 3.2462e+06 3.27221e+06 3.0735e+06
3.12311e+06 3.19336e+06 3.14896e+06 3.24656e+06
3.15471e+06 3.2287e+06 3.19428e+06 3.12497e+06
3.24233e+06 3.12998e+06 3.18922e+06 3.11471e+06
3.19314e+06 3.23539e+06 3.1233e+06 3.12061e+06
3.11369e+06 3.29546e+06 3.15526e+06 3.18145e+06
3.1912e+06 3.10974e+06 3.2535e+06 3.21165e+06
3.16716e+06 3.1634e+06 3.13896e+06 3.2717e+06
3.10187e+06 3.18966e+06 3.1778e+06 3.24142e+06
3.22203e+06 3.11851e+06 3.23425e+06 3.14618e+06
3.21859e+06 3.13985e+06 3.13952e+06 3.1861e+06
3.18161e+06 3.22151e+06 3.13717e+06 3.16462e+06
3.15307e+06 3.24879e+06 3.15168e+06 3.17164e+06
3.19381e+06 3.21154e+06 3.07856e+06 3.14752e+06
3.16781e+06 3.26091e+06 3.16247e+06 3.12373e+06
3.14706e+06 3.22594e+06 3.2806e+06 3.11147e+06
3.18667e+06 3.21745e+06 3.15058e+06 3.15228e+06
3.20357e+06 3.17241e+06 3.10968e+06 3.20861e+06
3.18456e+06 3.13089e+06 3.2008e+06 3.17843e+06
3.12758e+06 3.26958e+06 3.16995e+06 3.13984e+06
3.13345e+06 3.18102e+06 3.16817e+06 3.21588e+06
3.10791e+06 3.26026e+06 3.20528e+06 3.16287e+06
3.21026e+06 3.13386e+06 3.17427e+06 3.18664e+06
3.10369e+06 3.23921e+06 3.1857e+06 3.16946e+06
3.19115e+06 3.12748e+06 3.19462e+06 3.12021e+06
3.24699e+06 3.21225e+06 3.14259e+06 3.10737e+06
3.27103e+06 3.1586e+06 3.11655e+06 3.23317e+06
3.12864e+06 3.1515e+06 3.19443e+06 3.24535e+06
3.18223e+06 3.13228e+06 3.14431e+06 3.19262e+06
3.21868e+06 3.25527e+06 3.19573e+06 3.06491e+06
3.19148e+06 3.21168e+06 3.1502e+06 3.11816e+06
3.22545e+06 3.23294e+06 3.19098e+06 3.09479e+06
3.17329e+06 3.27449e+06 3.17914e+06 3.10865e+06
3.22496e+06 3.20393e+06 3.12709e+06 3.14329e+06
3.0866e+06 3.25067e+06 3.21402e+06 3.17995e+06
3.13587e+06 3.16706e+06 3.19616e+06 3.22285e+06
3.23544e+06 3.16167e+06 3.12567e+06 3.20998e+06
3.25538e+06 3.19304e+06 3.18168e+06 3.06666e+06
3.18256e+06 3.19839e+06 3.2144e+06 3.09998e+06
3.10974e+06 3.21061e+06 3.17041e+06 3.13529e+06
3.17432e+06 3.21713e+06 3.16571e+06 3.12826e+06
3.1732e+06 3.23778e+06 3.10914e+06 3.17667e+06
3.13304e+06 3.20981e+06 3.25524e+06 3.14455e+06
3.12891e+06 3.2725e+06 3.15345e+06 3.20908e+06
3.14606e+06 3.27664e+06 3.14528e+06 3.16802e+06
3.24e+06 3.27167e+06 3.17244e+06 3.0814e+06
3.26259e+06 3.14411e+06 3.16495e+06 3.117e+06
3.11237e+06 3.186e+06 3.24437e+06 3.18185e+06
3.23341e+06 3.19201e+06 3.19143e+06 3.1024e+06
3.2192e+06 3.18236e+06 3.19744e+06 3.10963e+06
3.16239e+06 3.19842e+06 3.16864e+06 3.14465e+06
3.23414e+06 3.245e+06 3.10064e+06 3.13081e+06
3.16038e+06 3.26755e+06 3.1394e+06 3.12428e+06
3.15235e+06 3.17807e+06 3.23206e+06 3.1525e+06
3.16712e+06 3.29677e+06 3.25788e+06 3.09202e+06
3.14056e+06 3.21626e+06 3.24534e+06 3.1309e+06
3.21534e+06 3.19123e+06 3.1861e+06 3.10798e+06
3.13964e+06 3.28609e+06 3.12875e+06 3.18648e+06
3.19813e+06 3.14179e+06 3.18417e+06 3.18481e+06
3.16873e+06 3.1504e+06 3.2261e+06 3.16937e+06
3.12898e+06 3.25712e+06 3.15039e+06 3.17638e+06
3.11564e+06 3.19761e+06 3.21155e+06 3.14812e+06
3.18208e+06 3.1695e+06 3.17535e+06 3.13898e+06
3.23475e+06 3.13491e+06 3.20806e+06 3.11628e+06
3.23987e+06 3.15774e+06 3.17224e+06 3.12047e+06
3.20302e+06 3.19466e+06 3.23594e+06 3.10362e+06
3.14793e+06 3.24192e+06 3.16966e+06 3.12196e+06
3.19146e+06 3.10893e+06 3.24121e+06 3.21893e+06
3.19974e+06 3.25828e+06 3.15798e+06 3.09417e+06
3.131e+06 3.25045e+06 3.15171e+06 3.20133e+06
3.12351e+06 3.23728e+06 3.15916e+06 3.23922e+06
3.15675e+06 3.18067e+06 3.14734e+06 3.23835e+06
3.15725e+06 3.12274e+06 3.2507e+06 3.22176e+06
3.23011e+06 3.17978e+06 3.20112e+06 3.09221e+06
3.14536e+06 3.21873e+06 3.2488e+06 3.12913e+06
3.13139e+06 3.27712e+06 3.1872e+06 3.134e+06
3.14408e+06 3.1878e+06 3.21042e+06 3.14763e+06
3.1484e+06 3.24758e+06 3.12435e+06 3.23593e+06
3.22435e+06 3.12301e+06 3.17147e+06 3.18219e+06
3.15741e+06 3.28751e+06 3.16777e+06 3.13575e+06
3.25554e+06 3.17129e+06 3.15609e+06 3.10595e+06
3.13075e+06 3.19199e+06 3.16871e+06 3.23357e+06
3.1131e+06 3.29374e+06 3.16585e+06 3.14765e+06
3.1865e+06 3.18616e+06 3.26707e+06 3.10795e+06
3.14504e+06 3.15878e+06 3.18956e+06 3.23658e+06
3.10231e+06 3.20359e+06 3.24304e+06 3.18363e+06
3.23133e+06 3.11595e+06 3.22177e+06 3.16679e+06
3.23838e+06 3.14733e+06 3.12615e+06 3.22029e+06
3.23379e+06 3.17367e+06 3.28138e+06 3.08597e+06
3.12836e+06 3.13916e+06 3.22851e+06 3.18378e+06
3.17934e+06 3.19898e+06 3.19312e+06 3.10477e+06
3.22358e+06 3.17673e+06 3.23427e+06 3.09924e+06
3.27222e+06 3.14333e+06 3.1288e+06 3.22406e+06
3.16483e+06 3.15531e+06 3.17874e+06 3.2184e+06
3.22782e+06 3.12134e+06 3.2424e+06 3.13394e+06
3.13214e+06 3.25621e+06 3.15848e+06 3.20104e+06
3.15444e+06 3.15223e+06 3.28673e+06 3.17177e+06
3.22022e+06 3.14424e+06 3.25256e+06 3.11969e+06
3.1576e+06 3.16543e+06 3.20458e+06 3.1261e+06
3.18078e+06 3.14917e+06 3.2487e+06 3.15616e+06
3.12957e+06 3.24745e+06 3.16087e+06 3.17487e+06
3.11601e+06 3.20747e+06 3.1804e+06 3.23105e+06
3.16735e+06 3.31389e+06 3.16596e+06 3.11705e+06
3.15113e+06 3.15588e+06 3.19032e+06 3.16332e+06
3.14696e+06 3.18287e+06 3.2461e+06 3.15968e+06
3.14969e+06 3.22307e+06 3.13734e+06 3.18337e+06
3.19758e+06 3.19066e+06 3.11689e+06 3.18454e+06
3.16558e+06 3.12136e+06 3.26665e+06 3.23088e+06
3.21489e+06 3.20276e+06 3.22172e+06 3.08508e+06
3.25424e+06 3.21745e+06 3.1438e+06 3.09864e+06
3.19359e+06 3.11171e+06 3.20268e+06 3.22924e+06
3.13617e+06 3.26473e+06 3.16041e+06 3.15716e+06
3.20999e+06 3.25922e+06 3.11852e+06 3.13271e+06
3.20658e+06 3.1921e+06 3.21313e+06 3.10706e+06
3.19254e+06 3.17329e+06 3.12977e+06 3.1958e+06
3.14904e+06 3.14655e+06 3.20717e+06 3.20638e+06
3.1968e+06 3.25283e+06 3.14505e+06 3.1061e+06
3.16896e+06 3.11478e+06 3.13075e+06 3.194e+06
3.22296e+06 3.11707e+06 3.19531e+06 3.1472e+06
3.17713e+06 3.18374e+06 3.19296e+06 3.1301e+06
3.17784e+06 3.15055e+06 3.2276e+06 3.15275e+06
3.17386e+06 3.22976e+06 3.13372e+06 3.12744e+06
3.13857e+06 3.1961e+06 3.20182e+06 3.14675e+06
3.178e+06 3.22408e+06 3.1637e+06 3.1172e+06
3.22605e+06 3.17262e+06 3.1225e+06 3.16958e+06
3.17287e+06 3.21115e+06 3.13785e+06 3.17131e+06
3.13879e+06 3.15508e+06 3.28019e+06 3.16582e+06
3.15386e+06 3.24592e+06 3.12776e+06 3.19031e+06
3.2084e+06 3.18997e+06 3.11921e+06 3.18828e+06
3.20076e+06 3.25356e+06 3.12896e+06 3.10868e+06
3.15673e+06 3.20368e+06 3.16556e+06 3.18806e+06
3.11469e+06 3.19623e+06 3.27637e+06 3.14709e+06
3.19816e+06 3.16086e+06 3.23152e+06 3.10642e+06
3.16152e+06 3.28816e+06 3.12226e+06 3.16816e+06
3.12649e+06 3.21148e+06 3.16509e+06 3.20341e+06
3.19587e+06 3.17591e+06 3.22218e+06 3.10988e+06
3.20995e+06 3.17547e+06 3.21371e+06 3.10166e+06
3.1398e+06 3.20318e+06 3.22142e+06 3.13777e+06
3.21176e+06 3.14386e+06 3.17251e+06 3.16276e+06
3.21363e+06 3.16548e+06 3.11264e+06 3.20211e+06
3.1226e+06 3.18864e+06 3.20898e+06 3.19786e+06
3.15767e+06 3.19155e+06 3.13445e+06 3.17772e+06
3.12856e+06 3.20437e+06 3.12492e+06 3.24144e+06
3.18156e+06 3.26497e+06 3.11426e+06 3.16331e+06
3.23881e+06 3.13632e+06 3.19034e+06 3.15298e+06
3.22132e+06 3.1751e+06 3.10105e+06 3.15385e+06
3.25379e+06 3.13579e+06 3.17472e+06 3.17245e+06
3.15005e+06 3.2427e+06 3.1406e+06 3.17271e+06
3.18703e+06 3.18053e+06 3.24719e+06 3.08474e+06
3.18364e+06 3.17023e+06 3.16153e+06 3.162e+06
3.12562e+06 3.16248e+06 3.20947e+06 3.20617e+06
3.16579e+06 3.26889e+06 3.21774e+06 3.09478e+06
3.25165e+06 3.21807e+06 3.12506e+06 3.08768e+06
3.15869e+06 3.17339e+06 3.16413e+06 3.16763e+06
3.2111e+06 3.11008e+06 3.21126e+06 3.19606e+06
3.18071e+06 3.11131e+06 3.23306e+06 3.18779e+06
3.1469e+06 3.26831e+06 3.14039e+06 3.16089e+06
3.14126e+06 3.2215e+06 3.19902e+06 3.1322e+06
3.21281e+06 3.17001e+06 3.18599e+06 3.11577e+06
3.14553e+06 3.15127e+06 3.1995e+06 3.17788e+06
3.1481e+06 3.23232e+06 3.13273e+06 3.18722e+06
3.1719e+06 3.14503e+06 3.22565e+06 3.15769e+06
3.20656e+06 3.22238e+06 3.23447e+06 3.08444e+06
3.16895e+06 3.14273e+06 3.19135e+06 3.22723e+06
3.19564e+06 3.13025e+06 3.18812e+06 3.19037e+06
3.14074e+06 3.18878e+06 3.22398e+06 3.17495e+06
3.18377e+06 3.22964e+06 3.09978e+06 3.15696e+06
3.14246e+06 3.2029e+06 3.15141e+06 3.19991e+06
3.13395e+06 3.19007e+06 3.1923e+06 3.20326e+06
3.17074e+06 3.20936e+06 3.19325e+06 3.0895e+06
3.16784e+06 3.22429e+06 3.18865e+06 3.09957e+06
3.18402e+06 3.19506e+06 3.20241e+06 3.09599e+06
3.16907e+06 3.2001e+06 3.11775e+06 3.17346e+06
3.22191e+06 3.24751e+06 3.1415e+06 3.11534e+06
3.22076e+06 3.20096e+06 3.12526e+06 3.16985e+06
3.16695e+06 3.13887e+06 3.25762e+06 3.17297e+06
3.24096e+06 3.15898e+06 3.12303e+06 3.16095e+06
3.17679e+06 3.18705e+06 3.25151e+06 3.11641e+06
3.10884e+06 3.26727e+06 3.15514e+06 3.22073e+06
3.21353e+06 3.18779e+06 3.11154e+06 3.1957e+06
3.1243e+06 3.24533e+06 3.16001e+06 3.18839e+06
3.18335e+06 3.21224e+06 3.1423e+06 3.16022e+06
3.14868e+06 3.213e+06 3.14643e+06 3.18955e+06
3.13569e+06 3.17331e+06 3.17654e+06 3.20768e+06
3.16394e+06 3.26568e+06 3.16999e+06 3.11907e+06
3.17614e+06 3.22742e+06 3.14583e+06 3.1351e+06
3.19128e+06 3.21612e+06 3.12026e+06 3.13924e+06
3.17876e+06 3.12203e+06 3.20306e+06 3.1748e+06
3.16175e+06 3.23995e+06 3.1441e+06 3.15707e+06
3.13565e+06 3.14826e+06 3.21385e+06 3.20035e+06
3.20689e+06 3.25411e+06 3.23574e+06 3.08432e+06
3.23088e+06 3.21537e+06 3.13226e+06 3.1408e+06
3.22223e+06 3.20797e+06 3.1636e+06 3.09817e+06
3.16965e+06 3.25351e+06 3.12916e+06 3.12309e+06
3.24855e+06 3.13587e+06 3.14797e+06 3.18258e+06
3.1302e+06 3.17932e+06 3.19531e+06 3.22764e+06
3.20584e+06 3.13772e+06 3.17507e+06 3.15498e+06
3.20205e+06 3.22238e+06 3.14369e+06 3.09569e+06
3.14577e+06 3.23083e+06 3.18512e+06 3.11205e+06
3.2354e+06 3.17344e+06 3.2638e+06 3.10218e+06
3.20386e+06 3.19433e+06 3.17839e+06 3.11962e+06
3.17297e+06 3.20823e+06 3.16209e+06 3.16662e+06
3.14169e+06 3.18672e+06 3.19352e+06 3.17786e+06
3.13624e+06 3.186e+06 3.15861e+06 3.20905e+06
3.15453e+06 3.15498e+06 3.24314e+06 3.11665e+06
3.19363e+06 3.23162e+06 3.19195e+06 3.09665e+06
3.18811e+06 3.23252e+06 3.17953e+06 3.10839e+06
3.17024e+06 3.22219e+06 3.1392e+06 3.16356e+06
3.1647e+06 3.14771e+06 3.21763e+06 3.19905e+06
3.16131e+06 3.18965e+06 3.23401e+06 3.12331e+06
3.1448e+06 3.18998e+06 3.22068e+06 3.13502e+06
3.1672e+06 3.14081e+06 3.22107e+06 3.19505e+06
3.19614e+06 3.17857e+06 3.21372e+06 3.1198e+06
3.18602e+06 3.18415e+06 3.20028e+06 3.12235e+06
3.16464e+06 3.23932e+06 3.15113e+06 3.1479e+06
3.19278e+06 3.20183e+06 3.13197e+06 3.167e+06
3.18465e+06 3.15787e+06 3.17165e+06 3.14257e+06
3.17557e+06 3.18017e+06 3.22487e+06 3.11905e+06
3.13062e+06 3.17754e+06 3.24781e+06 3.1567e+06
3.21979e+06 3.19806e+06 3.15706e+06 3.11933e+06
3.10852e+06 3.19537e+06 3.20744e+06 3.19311e+06
3.16083e+06 3.21345e+06 3.15499e+06 3.17677e+06
3.1906e+06 3.15241e+06 3.13333e+06 3.12136e+06
3.16289e+06 3.21528e+06 3.17206e+06 3.13368e+06
3.14993e+06 3.17733e+06 3.17626e+06 3.17355e+06
3.23767e+06 3.1609e+06 3.13027e+06 3.14746e+06
3.19492e+06 3.19939e+06 3.17363e+06 3.11268e+06
3.11464e+06 3.20481e+06 3.1931e+06 3.18921e+06
3.13882e+06 3.21248e+06 3.15658e+06 3.17576e+06
3.19858e+06 3.21572e+06 3.15303e+06 3.10061e+06
3.1851e+06 3.2327e+06 3.23639e+06 3.08592e+06
3.15027e+06 3.20687e+06 3.15514e+06 3.19393e+06
3.16356e+06 3.24418e+06 3.13785e+06 3.16729e+06
3.15038e+06 3.19047e+06 3.15222e+06 3.19468e+06
3.15819e+06 3.1618e+06 3.24087e+06 3.15417e+06
3.15125e+06 3.14854e+06 3.18832e+06 3.18295e+06
3.21047e+06 3.1471e+06 3.20737e+06 3.10372e+06
3.15407e+06 3.16191e+06 3.16878e+06 3.14135e+06
3.16645e+06 3.15917e+06 3.1782e+06 3.19909e+06
3.14964e+06 3.2183e+06 3.14939e+06 3.17428e+06
3.16951e+06 3.2375e+06 3.15136e+06 3.14212e+06
3.15716e+06 3.19928e+06 3.18348e+06 3.11594e+06
3.23489e+06 3.14141e+06 3.1741e+06 3.15666e+06
3.2113e+06 3.19392e+06 3.20633e+06 3.11303e+06
3.1586e+06 3.21258e+06 3.1749e+06 3.11057e+06
3.13424e+06 3.14902e+06 3.19165e+06 3.23952e+06
3.18716e+06 3.12116e+06 3.19416e+06 3.16714e+06
3.1859e+06 3.19447e+06 3.13145e+06 3.19261e+06
3.14655e+06 3.25444e+06 3.14671e+06 3.21943e+06
3.18173e+06 3.24127e+06 3.12361e+06 3.15787e+06
3.22296e+06 3.13691e+06 3.18326e+06 3.17575e+06
3.24751e+06 3.12288e+06 3.15989e+06 3.18286e+06
3.13587e+06 3.19159e+06 3.18664e+06 3.18074e+06
3.14497e+06 3.26616e+06 3.18938e+06 3.13266e+06
3.15821e+06 3.14615e+06 3.18155e+06 3.21751e+06
3.19655e+06 3.20004e+06 3.13208e+06 3.15741e+06
3.20998e+06 3.22834e+06 3.11128e+06 3.1371e+06
3.20809e+06 3.21361e+06 3.17738e+06 3.09794e+06
3.1815e+06 3.20588e+06 3.2341e+06 3.09432e+06
3.16707e+06 3.18925e+06 3.14858e+06 3.19042e+06
3.14315e+06 3.20472e+06 3.15682e+06 3.19532e+06
3.1301e+06 3.19556e+06 3.20309e+06 3.15377e+06
3.18704e+06 3.25186e+06 3.17301e+06 3.10756e+06
3.10886e+06 3.18262e+06 3.22519e+06 3.22476e+06
3.12137e+06 3.17959e+06 3.22357e+06 3.22389e+06
3.18926e+06 3.20784e+06 3.10944e+06 3.1486e+06
3.16599e+06 3.15774e+06 3.16067e+06 3.20239e+06
3.18544e+06 3.16581e+06 3.1601e+06 3.18014e+06
3.16466e+06 3.22555e+06 3.1463e+06 3.16376e+06
3.13459e+06 3.16888e+06 3.20691e+06 3.20527e+06
3.2364e+06 3.14686e+06 3.13301e+06 3.18225e+06
3.10648e+06 3.25136e+06 3.18518e+06 3.20486e+06
3.14723e+06 3.16054e+06 3.24545e+06 3.16402e+06
3.18089e+06 3.22222e+06 3.15497e+06 3.10983e+06
3.12371e+06 3.23574e+06 3.16888e+06 3.18624e+06
3.15808e+06 3.15199e+06 3.20224e+06 3.1739e+06
3.14644e+06 3.18424e+06 3.185e+06 3.12545e+06
3.23671e+06 3.13642e+06 3.16405e+06 3.13634e+06
3.13298e+06 3.2377e+06 3.15809e+06 3.19203e+06
3.18987e+06 3.19296e+06 3.15743e+06 3.12847e+06
3.1792e+06 3.22811e+06 3.14897e+06 3.12739e+06
3.14759e+06 3.13577e+06 3.2116e+06 3.19957e+06
3.1883e+06 3.2048e+06 3.22024e+06 3.08837e+06
3.16548e+06 3.13645e+06 3.2192e+06 3.19648e+06
3.1315e+06 3.26026e+06 3.14345e+06 3.19202e+06
3.15679e+06 3.23635e+06 3.14585e+06 3.1727e+06
3.21006e+06 3.19233e+06 3.2231e+06 3.0866e+06
3.23058e+06 3.14116e+06 3.15824e+06 3.1723e+06
3.138e+06 3.22836e+06 3.20127e+06 3.09488e+06
3.20875e+06 3.17656e+06 3.13198e+06 3.14636e+06
3.14666e+06 3.16261e+06 3.18554e+06 3.20407e+06
3.13371e+06 3.25498e+06 3.14129e+06 3.20521e+06
3.18569e+06 3.22749e+06 3.12818e+06 3.16052e+06
3.12253e+06 3.19285e+06 3.18302e+06 3.1589e+06
3.18511e+06 3.1801e+06 3.20066e+06 3.13448e+06
3.14742e+06 3.21565e+06 3.20622e+06 3.09757e+06
3.12763e+06 3.24047e+06 3.16579e+06 3.14015e+06
3.18917e+06 3.18379e+06 3.15854e+06 3.1546e+06
3.18721e+06 3.12423e+06 3.2246e+06 3.15384e+06
3.15419e+06 3.24613e+06 3.14765e+06 3.15847e+06
3.1547e+06 3.1587e+06 3.1822e+06 3.173e+06
3.22105e+06 3.13567e+06 3.18834e+06 3.17449e+06
3.21914e+06 3.1875e+06 3.19348e+06 3.11179e+06
3.14006e+06 3.18954e+06 3.22131e+06 3.17569e+06
3.16834e+06 3.18532e+06 3.14696e+06 3.16686e+06
3.13096e+06 3.21062e+06 3.16419e+06 3.2093e+06
3.14698e+06 3.26763e+06 3.14341e+06 3.18081e+06
3.23538e+06 3.19275e+06 3.18486e+06 3.10369e+06
3.14663e+06 3.20541e+06 3.16757e+06 3.19092e+06
3.16748e+06 3.24353e+06 3.14123e+06 3.16981e+06
3.14e+06 3.17332e+06 3.20372e+06 3.19488e+06
3.16805e+06 3.25941e+06 3.16082e+06 3.10934e+06
3.13342e+06 3.20175e+06 3.16465e+06 3.20183e+06
3.14156e+06 3.18277e+06 3.1644e+06 3.19756e+06
3.15044e+06 3.2088e+06 3.14384e+06 3.22488e+06
3.13774e+06 3.18397e+06 3.20258e+06 3.19174e+06
3.1983e+06 3.14904e+06 3.15329e+06 3.16837e+06
3.21876e+06 3.25406e+06 3.19995e+06 3.08409e+06
3.18204e+06 3.23615e+06 3.12395e+06 3.15492e+06
3.13313e+06 3.19052e+06 3.19792e+06 3.19694e+06
3.19001e+06 3.17823e+06 3.22735e+06 3.10534e+06
3.12167e+06 3.20422e+06 3.19093e+06 3.19951e+06
3.11482e+06 3.20767e+06 3.19775e+06 3.1606e+06
3.16973e+06 3.21265e+06 3.16315e+06 3.1359e+06
3.23557e+06 3.22785e+06 3.21705e+06 3.0861e+06
3.12136e+06 3.18054e+06 3.23037e+06 3.17326e+06
3.16813e+06 3.23803e+06 3.12912e+06 3.19498e+06
3.21091e+06 3.24552e+06 3.13432e+06 3.11946e+06
3.23859e+06 3.14481e+06 3.17995e+06 3.09543e+06
3.13418e+06 3.16734e+06 3.22578e+06 3.1622e+06
3.19871e+06 3.13674e+06 3.1738e+06 3.1835e+06
3.19734e+06 3.14885e+06 3.17513e+06 3.18924e+06
3.18121e+06 3.14851e+06 3.25045e+06 3.13677e+06
3.17794e+06 3.1943e+06 3.15593e+06 3.14879e+06
3.16639e+06 3.25405e+06 3.1305e+06 3.15579e+06
3.15846e+06 3.19414e+06 3.2174e+06 3.11871e+06
3.12318e+06 3.17746e+06 3.23652e+06 3.20582e+06
3.21944e+06 3.19355e+06 3.12789e+06 3.14719e+06
3.14363e+06 3.1808e+06 3.17232e+06 3.19652e+06
3.13454e+06 3.23591e+06 3.201e+06 3.10504e+06
3.19333e+06 3.14543e+06 3.17945e+06 3.17406e+06
3.18131e+06 3.17438e+06 3.20872e+06 3.12206e+06
3.16064e+06 3.16304e+06 3.16739e+06 3.15701e+06
3.13523e+06 3.18022e+06 3.22176e+06 3.19786e+06
3.2054e+06 3.23119e+06 3.21886e+06 3.08842e+06
3.19058e+06 3.17791e+06 3.23703e+06 3.11439e+06
3.18551e+06 3.14753e+06 3.21906e+06 3.15366e+06
3.21126e+06 3.19431e+06 3.18998e+06 3.1137e+06
3.18247e+06 3.25146e+06 3.12111e+06 3.171e+06
3.19469e+06 3.17045e+06 3.22318e+06 3.1126e+06
3.17838e+06 3.22052e+06 3.14781e+06 3.13924e+06
3.14862e+06 3.17802e+06 3.15087e+06 3.19719e+06
3.18994e+06 3.2457e+06 3.17657e+06 3.09537e+06
3.23064e+06 3.14377e+06 3.19199e+06 3.13318e+06
3.17059e+06 3.21152e+06 3.15943e+06 3.13728e+06
3.15106e+06 3.2564e+06 3.12682e+06 3.16056e+06
3.22099e+06 3.14886e+06 3.18867e+06 3.14916e+06
3.20981e+06 3.1463e+06 3.19087e+06 3.1138e+06
3.20959e+06 3.1739e+06 3.21334e+06 3.11435e+06
3.13325e+06 3.20898e+06 3.15279e+06 3.18256e+06
3.13019e+06 3.22413e+06 3.14906e+06 3.20468e+06
3.18707e+06 3.17218e+06 3.12114e+06 3.22514e+06
3.19061e+06 3.14196e+06 3.16493e+06 3.19032e+06
3.24021e+06 3.16902e+06 3.17868e+06 3.11556e+06
3.18348e+06 3.21134e+06 3.17237e+06 3.1302e+06
3.15813e+06 3.15503e+06 3.18135e+06 3.15688e+06
3.19985e+06 3.18946e+06 3.19217e+06 3.11697e+06
3.18725e+06 3.20151e+06 3.17788e+06 3.12853e+06
3.17162e+06 3.13579e+06 3.18694e+06 3.17494e+06
3.16372e+06 3.15994e+06 3.1704e+06 3.18277e+06
3.18365e+06 3.21352e+06 3.14313e+06 3.15397e+06
3.16536e+06 3.18438e+06 3.15262e+06 3.19074e+06
3.13754e+06 3.22121e+06 3.15169e+06 3.16411e+06
3.12381e+06 3.17759e+06 3.2246e+06 3.16076e+06
3.18513e+06 3.2213e+06 3.14612e+06 3.14247e+06
3.16368e+06 3.13775e+06 3.20929e+06 3.23944e+06
3.13076e+06 3.18822e+06 3.22175e+06 3.18479e+06
3.16622e+06 3.1456e+06 3.20659e+06 3.17172e+06
3.18656e+06 3.17614e+06 3.14572e+06 3.1743e+06
3.18177e+06 3.19476e+06 3.15256e+06 3.15425e+06
3.16679e+06 3.24044e+06 3.14382e+06 3.16381e+06
3.14866e+06 3.23123e+06 3.15629e+06 3.14002e+06
3.19004e+06 3.20371e+06 3.12674e+06 3.17253e+06
3.19026e+06 3.20578e+06 3.1515e+06 3.16285e+06
3.20057e+06 3.14288e+06 3.17509e+06 3.16224e+06
3.18091e+06 3.11153e+06 3.22757e+06 3.18777e+06
3.1902e+06 3.21801e+06 3.15317e+06 3.1481e+06
3.18216e+06 3.15993e+06 3.17126e+06 3.16094e+06
3.1968e+06 3.21871e+06 3.1305e+06 3.13616e+06
3.18537e+06 3.19216e+06 3.18492e+06 3.13739e+06
3.15747e+06 3.20149e+06 3.14625e+06 3.17941e+06
3.18591e+06 3.19056e+06 3.18033e+06 3.13327e+06
3.19476e+06 3.1946e+06 3.20939e+06 3.11408e+06
3.11346e+06 3.19822e+06 3.19437e+06 3.20404e+06
3.1231e+06 3.20122e+06 3.17498e+06 3.1577e+06
3.19081e+06 3.15212e+06 3.13046e+06 3.17671e+06
3.20533e+06 3.20122e+06 3.14531e+06 3.10038e+06
3.14003e+06 3.20887e+06 3.17374e+06 3.20095e+06
3.15088e+06 3.18401e+06 3.13941e+06 3.19075e+06
3.16536e+06 3.17038e+06 3.15828e+06 3.16965e+06
3.10149e+06 3.23755e+06 3.25589e+06 3.19412e+06
