101152 89639 69217
66339 96599 99800
116761 62888 115296
119628 63206 108352
68099 109701 88588
115713 63278 108877
98677 64616 106225
78106 72814 101091
67576 106845 91512
119133 63230 107985
68884 99356 87578
68004 103352 89027
70829 102053 85747
67930 107505 89447
67573 97568 98044
117316 68952 84127
70856 98166 86724
68394 94710 93829
67972 96130 96400
72616 77778 100341
67007 102967 96116
67001 96773 99747
67104 94343 98717
75928 93466 78348
115726 64212 91036
68269 90551 99294
115035 64973 89746
112827 63506 93270
114606 65083 90208
70327 93945 89425
109474 64147 91778
109133 65246 89976
108634 64379 92704
113908 63483 92842
84724 92526 74683
68652 94084 97896
69396 90248 98546
68411 96177 90847
71251 93010 88577
86073 91612 73822
109883 67347 87076
103962 63771 95207
110555 64124 91350
114249 65240 88182
69568 89414 98606
69168 94507 87309
111084 63867 93072
73081 84704 86421
107530 68590 84672
99151 64928 99709
103351 85849 69625
106880 64530 92224
116887 69062 84589
105951 82580 70694
71643 78057 99132
107992 82377 70882
113190 70266 82897
111559 64055 91521
104181 86888 69421
87550 69053 93585
82179 76304 80651
108240 63405 94099
70284 85748 89631
74220 92081 81226
99401 67973 88859
77973 86024 78785
75548 90998 79758
89350 75922 78181
90924 68085 94893
113492 65558 89440
100777 64365 95418
100491 90258 70265
93635 86654 71870
78556 91913 76429
107231 69154 84370
112486 66422 87878
68855 91373 97179
90120 75372 79283
80387 71456 91844
94515 74213 77740
105634 70616 82864
105084 83635 70374
75323 85046 82240
89003 78990 75709
83136 70881 96180
94059 96772 71130
105361 71263 83073
90687 75873 78293
77368 74043 92488
111957 64819 90732
69085 92051 96797
88628 76579 78633
108172 63305 94580
83272 71644 85049
105518 63568 96743
75807 88044 81109
104610 85302 70027
90467 83952 73972
89676 80845 74848
97785 65392 97676
69019 91028 97686
99207 68686 87124
97490 70138 85528
98415 66383 91673
97954 65353 94387
102188 66208 91167
73940 89115 82048
98810 90309 70105
101665 79825 72785
73238 92904 83156
78623 82677 79117
93250 67496 93806
101349 84810 70506
80629 91160 76605
79588 75675 84188
106474 81391 71302
103826 67076 88311
87207 71862 83265
106748 63550 94991
98485 68922 86613
102751 68305 85974
75085 84048 83615
86139 88153 74078
91376 77368 75990
100467 64500 93855
82664 78886 79665
87344 83191 74388
105021 84874 69734
84269 87041 74901
69944 86389 92919
85215 84397 74486
104316 69731 83907
91652 90390 72300
76944 89424 79355
96658 67571 90196
106619 64712 90929
72997 84454 87329
87759 87193 73309
99698 80572 72570
76841 73788 95387
85936 83392 75080
106405 82406 70581
112165 70382 83745
94139 66633 94147
76647 89853 78036
91884 86570 73242
87047 87731 72840
90288 71538 83754
76499 85551 81808
100840 79984 73115
93170 66840 94715
70614 79794 97514
111152 63967 92591
86635 83070 75948
98288 67220 90277
80224 75188 82646
102010 66809 89938
103652 63906 93644
90177 79323 75565
88431 71044 84620
79986 72219 97279
104628 81874 71717
85513 81011 76796
71370 92748 87536
72043 84303 88499
78998 73307 86767
101924 65439 92030
102353 65329 91568
86382 80425 77521
84074 77407 78764
89788 74684 80576
100172 66173 91630
87329 70054 86230
99808 80090 72961
95904 67632 92267
74664 89016 80468
82068 78872 80804
72464 78005 96994
71086 94147 88609
101493 66537 90687
111396 65632 89195
70972 91317 89377
94657 68388 90395
88764 79675 76448
97219 65629 95532
110274 64752 90792
84818 90071 74777
97535 67329 90970
76697 73986 96570
77143 73620 96450
108379 79187 73548
99089 83138 70905
73795 79573 87988
103205 69548 84683
81891 77947 80820
96497 69561 86056
104424 82957 71469
83015 71132 95730
103555 69426 85187
80928 85242 77246
84552 79914 77969
88503 80454 75135
81231 80652 79048
88174 84230 74184
80807 89686 76850
90926 89489 72427
103341 65853 89252
69348 88342 98711
76990 83550 81018
110376 79224 72890
71619 80409 95842
93889 81763 73064
77039 88713 79857
77720 78527 83912
106135 64578 92598
77246 73156 93144
93988 67884 91090
101078 88230 69882
96947 66910 91265
92347 84770 73719
82871 73440 84065
88104 83904 74293
94279 77127 76107
92686 74889 77410
101750 87072 69863
67866 96134 98602
81680 72100 90732
78882 74553 87433
112411 65376 89827
107412 68498 84797
95171 69032 88070
86555 78818 76543
80678 74391 83359
85866 70768 87363
85127 75465 80403
76250 78911 84830
92062 89933 71982
80516 74977 82608
88731 73510 82154
78281 87866 76940
91760 75951 77196
108377 70485 83553
90066 68527 96710
93064 87411 72185
95126 69305 87198
100355 80260 72000
71754 83644 91298
101593 79489 73441
78195 75753 84742
78514 74803 85441
99855 87283 70727
99657 65236 94590
91157 69681 88325
95384 68376 89053
109978 65955 88693
92956 72938 80095
74884 81445 84038
93702 67772 93042
98087 70689 84878
102501 76799 74868
85368 80683 77494
95658 86299 71583
102628 66188 90093
82767 78764 78513
83821 70610 91430
96498 88958 70817
95864 77618 74343
75194 83804 82608
78355 79074 81621
71431 80880 95954
100008 82326 71891
81428 87555 77042
94909 71900 82331
81566 85663 76697
96170 67559 90454
72464 84206 89169
87972 68448 97449
86004 69944 86753
110115 65261 89936
101495 88486 69436
72930 78179 88835
81367 76516 82332
73474 77895 94982
102987 82012 71584
79978 86275 77043
86752 72481 84863
86993 82014 75767
82543 74477 83017
84945 76881 80175
78797 82366 78209
87680 73857 81187
89196 69394 91018
102903 71372 82919
71382 80227 96382
76866 75097 88949
92258 73562 81721
93455 81524 73601
83493 73916 83708
72212 83013 89904
84326 83517 76635
83401 77146 80322
99580 64818 99247
81788 76272 81485
82263 83383 77778
104016 84347 70538
98205 80596 72505
104984 86605 69377
79073 72416 90551
89967 72142 81774
93206 87001 71653
79271 74095 85602
78855 81825 79123
82357 79438 80076
95260 70829 84634
86353 72868 83885
84736 80292 77878
92143 77550 75480
89709 70991 83790
90615 74211 81069
83919 71376 88717
82990 73061 84486
106311 67711 84815
84883 81536 76380
93351 76689 76764
103263 66074 88376
97127 89084 70720
75691 83767 82407
84702 70261 89368
72344 88385 88252
95072 68331 90600
74510 80170 85180
100926 67831 87772
73696 76218 92772
92815 67010 97950
96001 81912 72131
104800 86411 69422
73884 77475 89596
85747 90501 74245
95623 79245 74571
75973 80519 84939
96266 84288 72057
94816 86337 71162
113419 65643 88840
82443 72328 86157
97883 87759 70810
79180 74308 85805
74060 80130 85353
92607 88267 71448
81254 88568 76263
96320 84831 71201
82775 82222 76883
73374 82323 86480
84957 70445 88684
92770 90162 71229
92126 85383 72371
83039 84712 76212
73286 82567 84389
74131 77651 88388
87621 80744 75766
89233 85968 73806
104914 65682 90331
95981 68219 90294
102195 86630 69841
82356 81978 77287
78310 85032 79735
106206 66134 88223
91700 68103 91992
81107 72695 86003
81564 76068 81968
83668 74314 82695
87942 78694 77265
73519 91021 81534
91470 71338 83743
74796 74627 95645
94857 81214 73373
94393 76020 76880
76072 76054 87777
95483 68785 88588
102520 64004 95616
98859 66958 89313
76944 87410 81373
112068 65598 89810
72801 78367 94274
69768 81125 99266
83958 86474 75416
71567 89089 83214
75720 76132 87681
77888 82922 81995
79883 77924 82762
85714 73033 83501
79751 78551 82718
80776 76530 82465
96930 65915 99195
77586 77161 84406
82733 71241 88985
98973 69226 86175
74942 76055 92069
79166 73132 89494
72278 81919 89705
71912 85433 90992
87196 81117 75682
95534 82970 72263
86911 72726 84138
86257 85483 74173
80141 78413 81791
76785 76244 85050
92392 69124 89563
93119 87828 71933
77898 82077 81084
104902 64415 92810
71706 88842 87755
94917 80150 73486
81030 75161 82334
85626 80452 77484
70587 85472 98715
81187 77714 82015
83696 90131 75348
86807 70024 86542
91990 69197 90733
93807 77184 75548
84032 70925 88624
74984 80897 85009
76604 79783 84289
79421 80928 78783
80934 72626 88950
76620 78439 85200
94240 78389 74615
72612 87534 88286
81715 88810 75716
75534 81619 83726
69906 87203 91379
79347 73069 87502
74593 77032 90337
95923 74012 77048
78164 82259 79804
69919 86515 91939
74396 82821 84075
96853 86022 70897
72803 81116 90468
91015 83325 74237
75639 74066 97388
83346 78055 79986
89269 72966 82533
72775 77040 95518
77497 74712 85493
71066 83950 92951
92515 69988 86521
91308 79784 75377
72527 78612 96011
77469 87334 79953
102670 66617 89772
84786 75599 81668
98919 83802 71397
85728 83135 75273
75630 76687 91508
71959 79610 90594
76652 77199 84883
76539 81280 82660
90500 73590 81322
79712 74300 84044
71361 78623 97110
77683 78348 84140
91084 80644 74156
75632 76932 86923
82479 71315 97955
81462 79117 81589
86763 77083 78573
81264 83116 77924
78291 76171 83436
75471 75453 94136
92458 74785 78330
72677 86007 86906
80966 88485 76718
76818 75541 85726
71289 78852 97221
79287 81714 80154
103652 63809 97132
84398 82839 76772
75751 83307 83630
77100 81179 82531
93508 69945 86198
77190 74424 90251
76544 76038 85316
73704 80948 85563
81874 83785 76290
76363 83609 82889
86571 75636 79890
72903 83018 87726
77446 74658 86816
74183 88208 82209
74448 78019 86863
78261 79710 81296
77938 78273 83655
79301 73199 85511
82638 78664 80373
78044 80612 82770
74296 75963 96023
95120 68848 88341
74773 76960 88857
74337 78673 85678
