0 0.276966 14 12
1 0.478584 11 10
2 0.672614 12 10
3 0.869276 11 10
5 1.25007 10 9
7 1.63083 9 10
10 2.1918 11 10
13 2.75466 11 11
17 3.49762 11 10
22 4.45869 11 13
29 5.52826 12 12
38 6.84266 11 9
49 8.51216 12 9
62 10.5437 16 11
74 13.0478 15 9
90 16.1101 10 9
111 19.9241 15 8
135 24.6343 10 12
170 30.3881 12 9
214 37.5151 10 10
297 46.2451 24 12
400 56.9729 11 11
554 70.1859 10 9
767 86.3907 11 14
1010 106.371 14 12
1332 130.922 13 16
1751 161.117 17 16
2262 198.281 18 16
2895 243.945 17 19
3676 300.019 19 19
