0 0.679626 39 41 38
1 1.36816 37 33 31
2 2.06066 41 38 37
3 2.74982 40 32 40
4 3.43593 37 37 37
6 4.79496 32 33 33
8 6.16203 29 34 34
10 7.52902 30 33 33
13 9.56258 34 31 34
16 11.6072 32 34 27
20 14.346 32 35 28
24 17.0679 28 33 28
29 20.4869 30 32 25
35 24.5936 27 39 26
42 29.3512 28 27 28
50 34.8032 28 26 28
59 40.9163 26 26 30
70 48.3833 28 27 30
82 56.5254 28 30 25
96 66.0265 28 26 26
113 77.4801 31 26 27
133 90.6175 30 29 28
156 105.656 28 30 30
184 123.152 31 32 29
315 142.976 57 62 59
658 165.89 51 60 61
1201 192.434 54 53 56
1405 223.33 28 55 52
1549 259.047 32 28 41
1753 300.098 36 37 40
