0,0.0427904,0.201578
1,0.115743,0.201384
2,0.176449,0.198925
3,0.237575,0.198925
5,0.359297,0.198486
7,0.483911,0.196868
10,0.674666,0.196526
14,0.933178,0.194037
19,1.24855,0.193616
25,1.63504,0.193339
34,2.12509,0.190829
49,2.79911,0.190454
68,3.66307,0.189642
91,4.75904,0.188615
119,6.1746,0.185609
158,8.02414,0.18197
205,10.4377,0.174369
264,13.5296,0.165982
338,17.5453,0.153635
442,22.7191,0.133891
560,29.4172,0.118408
684,38.1697,0.106634
794,49.4937,0.0999155
933,64.077,0.0921287
1108,82.958,0.0830448
1344,107.313,0.073763
1621,138.827,0.0687395
1980,179.521,0.0602815
2441,232.131,0.0550854
3052,300.116,0.0487926
