0,1.75464,0.2902
1,3.51582,0.2902
2,5.25634,0.290116
3,7.00716,0.28811
4,8.7445,0.282635
5,10.4841,0.28218
6,12.2232,0.28218
8,15.7012,0.280365
10,19.1775,0.279736
12,22.6505,0.27586
14,26.1297,0.27586
17,31.3492,0.274244
20,36.5765,0.273002
23,41.7918,0.270057
27,48.7472,0.262228
31,55.6921,0.256172
36,64.3862,0.241529
41,73.0717,0.236787
47,83.5223,0.222384
54,95.684,0.209568
61,107.838,0.199233
69,121.622,0.186874
78,137.249,0.179007
88,154.617,0.170608
99,173.568,0.15998
111,194.246,0.153849
125,218.286,0.149044
140,244.087,0.14347
156,271.727,0.138614
173,301.052,0.133879
