0,0.0747907,0.243635
1,0.142058,0.243635
2,0.211747,0.243635
4,0.35212,0.243631
6,0.514024,0.243631
8,0.678401,0.243019
11,0.923667,0.243019
15,1.2521,0.242945
20,1.65605,0.242837
27,2.14783,0.242051
36,2.77341,0.193748
55,3.59121,0.193748
76,4.60067,0.19177
103,5.88486,0.182127
143,7.55313,0.179979
193,9.70015,0.159824
259,12.4346,0.151676
347,15.8938,0.150914
457,20.3594,0.142385
555,26.0264,0.141719
769,33.2376,0.141719
1408,42.4764,0.141743
1713,54.2586,0.140499
2151,69.2932,0.138278
2897,88.4838,0.13344
4720,112.97,0.13344
6972,144.223,0.132201
7979,184.139,0.130283
10011,235.062,0.126028
12926,300.003,0.126087
