0,0.325023,0.159087
1,0.91585,0.158715
3,1.35522,0.158715
5,1.81231,0.158704
7,2.22774,0.155891
10,2.83232,0.155889
14,3.60694,0.155543
18,4.42185,0.155506
23,5.51348,0.155458
29,6.78323,0.155452
36,8.37218,0.155089
45,10.2615,0.152748
56,12.3934,0.146742
69,15.017,0.145776
85,18.2134,0.14308
103,21.9706,0.143031
125,26.5382,0.14303
152,32.1353,0.142806
183,38.7552,0.142305
221,46.7419,0.142174
269,56.3442,0.141685
324,67.9355,0.140739
386,81.9651,0.140561
462,98.8548,0.140137
552,119.024,0.139467
664,143.226,0.138669
799,172.507,0.138538
949,207.629,0.138306
1117,249.728,0.138238
1311,300.406,0.138139
