0,0.0688911,0.211269
1,0.123941,0.210535
2,0.177166,0.207397
4,0.283331,0.204282
6,0.388276,0.204282
9,0.545727,0.204275
13,0.756366,0.204156
18,1.01744,0.203443
24,1.3289,0.202694
32,1.74644,0.2004
42,2.26891,0.19969
55,2.97283,0.199192
72,3.87457,0.196507
95,5.05133,0.188489
125,6.57326,0.176687
163,8.53423,0.162694
211,11.0161,0.146171
272,14.222,0.132002
353,18.3551,0.118284
458,23.7034,0.1056
589,30.598,0.098309
759,39.4935,0.0921114
981,50.9286,0.0871739
1268,65.6495,0.0850363
1631,84.6278,0.083791
2112,109.03,0.0817068
2730,140.481,0.0806823
3524,180.968,0.0793966
4533,233.074,0.0778334
5864,300.006,0.0764653
