0,0.134442,0.170757
1,0.273096,0.168949
2,0.399992,0.166975
3,0.548967,0.164875
5,0.841027,0.160391
7,1.15198,0.156837
9,1.46616,0.154178
12,1.9474,0.150255
15,2.48876,0.147847
19,3.2476,0.143685
24,4.16175,0.13914
30,5.28209,0.134831
37,6.78816,0.131038
44,8.511,0.127861
53,10.7825,0.123923
64,13.4773,0.119336
78,17.0175,0.114773
96,21.3516,0.109457
117,26.6878,0.102888
145,33.2983,0.0951462
182,41.5334,0.0879919
224,51.8906,0.0816706
275,64.7442,0.0744425
339,80.7771,0.0683187
420,100.682,0.0599277
526,125.52,0.0518594
651,156.177,0.0458591
802,194.306,0.040181
986,241.686,0.0349112
1263,300.192,0.0285941
