4 0.0450055
322487 296726
322487 296726
302055 348134
303388 333874
304372 321866
316979 306154
314818 309382
309434 311297
305891 314017
316979 306154
305065 320270
309434 311297
314818 309382
305891 314017
332451 297493
302653 350505
302653 350505
306974 322170
310337 315060
305128 331475
304334 350163
320026 309884
327124 308101
319613 311008
330523 305354
305128 331475
313146 311546
313146 311546
330062 306428
327124 308101
304334 350163
330062 306428
313146 311546
327124 308101
327124 308101
327124 308101
313146 311546
313146 311546
304334 350163
304334 350163
304334 350163
340549 298794
305639 341446
305639 341446
311746 318210
307262 334380
332766 304400
340549 298794
307262 334380
314211 317748
323502 313286
319064 315063
323969 311895
328381 308134
330708 307646
327972 311864
319064 315063
317289 316882
328253 311594
330708 307646
317289 316882
305639 341446
317289 316882
323502 313286
328253 311594
323502 313286
328381 308134
328381 308134
330708 307646
330708 307646
330708 307646
328381 308134
328381 308134
323502 313286
323502 313286
319064 315063
319064 315063
319064 315063
317289 316882
317289 316882
305639 341446
305639 341446
347373 301145
305791 351800
311841 323412
311670 340408
332985 307109
341466 303736
308359 344170
319128 316016
326892 312571
309653 341913
316904 317975
322912 315763
329201 312159
312717 320911
329895 309677
314807 320566
345470 303589
341466 303736
324591 315445
347373 301145
345470 303589
311670 340408
308359 344170
316038 319890
331845 308991
324591 315445
331845 308991
316038 319890
345470 303589
345470 303589
345470 303589
316038 319890
316038 319890
316038 319890
345057 305547
309445 345426
309445 345426
312799 322675
311061 342456
316993 318150
340762 307555
340762 307555
335491 308286
316827 320764
320707 318085
331156 310988
325033 316278
321757 317630
329243 316083
325033 316278
330946 313746
330242 314840
334774 308473
332398 309630
316827 320764
332398 309630
329243 316083
321757 317630
335491 308286
334774 308473
340762 307555
340762 307555
340762 307555
335491 308286
335491 308286
335491 308286
351834 306437
312566 346422
312902 323700
334027 309898
348352 308271
318429 318374
342939 308320
329594 316802
323652 318133
325463 316887
331378 314095
317779 322925
312902 323700
342939 308320
317779 322925
331739 312447
331739 312447
342939 308320
342939 308320
342939 308320
354497 307740
312917 336775
312917 336775
318479 319666
337843 309943
316005 326994
348139 308766
325306 318859
312968 333868
331445 314862
313568 330761
335726 311937
354497 307740
349574 308723
328981 317207
333443 313913
334714 313463
336532 309956
315338 328441
314812 328963
326839 317315
316005 326994
328981 317207
326839 317315
349574 308723
348139 308766
314812 328963
328981 317207
328981 317207
328981 317207
316005 326994
316005 326994
316005 326994
354694 309713
313520 347781
313520 347781
341016 309946
333608 314446
313532 343739
354694 309713
330151 317714
314430 335440
315881 329465
339075 311917
321496 320280
315023 335065
318615 326616
327383 319134
316180 327111
319762 323311
325945 319940
320310 322958
340032 310444
339846 311850
326011 319631
314430 335440
326011 319631
348610 310035
313903 344566
316297 327285
346905 312188
323705 320597
335547 315318
334511 315919
319915 324702
322155 321097
319705 326954
334528 315845
353556 311066
316623 345407
318050 329053
335222 321022
342599 315991
339486 317850
330078 322254
347926 313082
322111 325636
349260 312951
321121 327971
325054 322542
323927 323261
318181 328779
372702 311967
316778 354981
349360 314248
318437 337428
318395 353097
333642 322329
320764 331508
340528 321692
344965 316356
322151 325976
321339 330899
342736 317214
325459 323881
340705 319494
329312 323136
323519 325651
328590 323335
349134 317859
318870 337596
322209 328304
329083 325969
337342 322725
329481 323497
321428 334779
343231 319209
340552 321970
320938 335406
341024 320036
342336 319968
360707 319279
319074 345380
324928 334154
330120 328789
321379 338481
320290 340022
348241 320917
334492 326858
353755 319610
352437 319726
331018 328415
343889 323120
346050 322587
339131 323211
335808 325533
337242 323742
336582 324988
344853 322603
338991 323389
360364 320516
320393 346779
324851 339615
321541 343839
325268 334837
351044 321763
332057 334553
349944 323181
342172 323741
332871 330082
336752 326972
332141 331348
339399 326232
340154 324172
337278 326857
359122 322586
321247 353808
343068 323979
328404 335013
324015 346886
325778 340278
324040 346694
337274 327260
327534 340244
332242 332154
335282 330334
340428 326763
342371 325066
333007 330393
332557 331550
332977 330929
370908 322658
326585 346812
343546 324176
337535 328349
331222 337247
334146 332173
328672 342394
329570 341431
341218 326882
333026 334474
343138 325181
333226 333709
348806 324842
327527 347630
335148 332437
331296 337883
330007 346055
345015 325409
333287 337726
338716 331510
342996 328318
339018 329256
340506 328481
329323 346642
342308 328436
351917 324912
332043 345184
340300 329804
347146 327313
334029 338749
336211 333159
335579 334162
348944 326042
332716 340135
332249 343866
335931 333167
355625 325014
333366 350827
350594 328490
344656 330790
334162 341753
334077 350703
341173 331875
338173 337892
338540 334201
335051 338896
339917 333281
336241 338494
376483 328705
334153 350980
354180 328814
335528 339876
353656 331198
342569 333224
339996 334371
336926 339738
341406 333813
336793 339788
358148 330397
335913 341182
347611 334367
355437 332446
343405 335762
341068 339221
356078 332320
340042 340496
341574 337048
341617 336966
341054 340397
360738 331681
336270 343725
344138 338141
355722 337959
338072 341288
357731 334069
351211 338302
336862 345794
346068 340908
349433 339825
338263 343077
342170 341849
339272 342035
351924 340590
341967 346848
346431 342576
348654 341740
345798 345894
345180 346366
353182 340979
345272 347461
347547 343487
351700 342140
345886 346095
354870 341106
348731 348384
351779 344603
370103 343114
350006 349198
358732 345567
369126 348161
350200 351288
352129 349684
352678 357712
