710 156.19
618176 650735 623251 614367
618176 650735 623251 614367
618176 650735 623251 614367
618176 650735 623251 614367
618176 650735 623251 614367
618176 650735 623251 614367
618176 650735 623251 614367
618176 650735 623251 614367
618176 650735 623251 614367
618176 650735 623251 614367
618176 650735 623251 614367
618176 650735 623251 614367
618176 650735 623251 614367
618176 650735 623251 614367
618176 650735 623251 614367
618176 650735 623251 614367
618176 650735 623251 614367
618176 650735 623251 614367
618176 650735 623251 614367
618176 650735 623251 614367
618176 650735 623251 614367
618176 650735 623251 614367
618176 650735 623251 614367
618176 650735 623251 614367
618176 650735 623251 614367
618176 650735 623251 614367
618176 650735 623251 614367
618176 650735 623251 614367
618176 650735 623251 614367
618176 650735 623251 614367
618176 650735 623251 614367
618176 650735 623251 614367
618176 650735 623251 614367
618176 650735 623251 614367
618176 650735 623251 614367
618176 650735 623251 614367
618176 650735 623251 614367
618176 650735 623251 614367
618176 650735 623251 614367
618176 650735 623251 614367
618176 650735 623251 614367
618176 650735 623251 614367
618176 650735 623251 614367
618176 650735 623251 614367
618176 650735 623251 614367
618176 650735 623251 614367
618176 650735 623251 614367
618176 650735 623251 614367
618176 650735 623251 614367
618176 650735 623251 614367
618176 650735 623251 614367
618176 650735 623251 614367
618176 650735 623251 614367
618176 650735 623251 614367
618176 650735 623251 614367
618176 650735 623251 614367
618176 650735 623251 614367
618176 650735 623251 614367
618176 650735 623251 614367
618176 650735 623251 614367
618176 650735 623251 614367
618176 650735 623251 614367
618176 650735 623251 614367
618176 650735 623251 614367
618176 650735 623251 614367
618176 650735 623251 614367
618176 650735 623251 614367
618176 650735 623251 614367
618176 650735 623251 614367
618176 650735 623251 614367
618176 650735 623251 614367
618176 650735 623251 614367
618176 650735 623251 614367
618176 650735 623251 614367
618176 650735 623251 614367
618176 650735 623251 614367
618176 650735 623251 614367
618176 650735 623251 614367
618176 650735 623251 614367
618176 650735 623251 614367
618176 650735 623251 614367
618176 650735 623251 614367
618176 650735 623251 614367
618176 650735 623251 614367
618176 650735 623251 614367
618176 650735 623251 614367
618176 650735 623251 614367
618176 650735 623251 614367
618176 650735 623251 614367
618176 650735 623251 614367
618176 650735 623251 614367
618176 650735 623251 614367
618176 650735 623251 614367
618176 650735 623251 614367
618176 650735 623251 614367
618176 650735 623251 614367
618176 650735 623251 614367
618176 650735 623251 614367
618176 650735 623251 614367
618176 650735 623251 614367
618176 650735 623251 614367
618176 650735 623251 614367
618176 650735 623251 614367
618176 650735 623251 614367
618176 650735 623251 614367
618176 650735 623251 614367
618176 650735 623251 614367
618176 650735 623251 614367
618176 650735 623251 614367
618176 650735 623251 614367
618176 650735 623251 614367
618176 650735 623251 614367
618176 650735 623251 614367
618176 650735 623251 614367
618176 650735 623251 614367
618176 650735 623251 614367
620875 656404 628665 619384
620875 656404 628665 619384
620875 656404 628665 619384
620835 656910 627230 623175
620512 656374 627835 623241
618854 656852 625533 625023
618854 656852 625533 625023
619596 656416 627436 624959
618854 656852 625533 625023
619596 656416 627436 624959
620835 656910 627230 623175
620875 656404 628665 619384
620835 656910 627230 623175
620512 656374 627835 623241
620512 656374 627835 623241
620875 656404 628665 619384
620512 656374 627835 623241
620835 656910 627230 623175
620512 656374 627835 623241
620512 656374 627835 623241
620835 656910 627230 623175
620875 656404 628665 619384
620512 656374 627835 623241
620875 656404 628665 619384
620875 656404 628665 619384
620835 656910 627230 623175
620835 656910 627230 623175
620512 656374 627835 623241
620875 656404 628665 619384
620875 656404 628665 619384
620875 656404 628665 619384
620875 656404 628665 619384
620875 656404 628665 619384
620875 656404 628665 619384
620875 656404 628665 619384
620875 656404 628665 619384
620875 656404 628665 619384
620875 656404 628665 619384
620875 656404 628665 619384
620875 656404 628665 619384
620875 656404 628665 619384
620875 656404 628665 619384
620875 656404 628665 619384
620875 656404 628665 619384
620875 656404 628665 619384
620875 656404 628665 619384
620875 656404 628665 619384
620875 656404 628665 619384
620875 656404 628665 619384
620875 656404 628665 619384
620875 656404 628665 619384
620875 656404 628665 619384
620875 656404 628665 619384
620875 656404 628665 619384
620875 656404 628665 619384
620875 656404 628665 619384
620875 656404 628665 619384
620875 656404 628665 619384
620875 656404 628665 619384
620875 656404 628665 619384
620875 656404 628665 619384
620875 656404 628665 619384
620875 656404 628665 619384
620875 656404 628665 619384
620875 656404 628665 619384
620875 656404 628665 619384
620875 656404 628665 619384
620875 656404 628665 619384
620875 656404 628665 619384
620875 656404 628665 619384
620875 656404 628665 619384
620875 656404 628665 619384
620875 656404 628665 619384
620875 656404 628665 619384
620875 656404 628665 619384
620875 656404 628665 619384
620875 656404 628665 619384
620875 656404 628665 619384
620875 656404 628665 619384
620875 656404 628665 619384
620875 656404 628665 619384
620875 656404 628665 619384
620875 656404 628665 619384
620875 656404 628665 619384
620875 656404 628665 619384
620875 656404 628665 619384
620875 656404 628665 619384
620875 656404 628665 619384
620875 656404 628665 619384
620875 656404 628665 619384
620875 656404 628665 619384
620875 656404 628665 619384
620875 656404 628665 619384
620875 656404 628665 619384
620875 656404 628665 619384
620875 656404 628665 619384
620875 656404 628665 619384
620875 656404 628665 619384
620875 656404 628665 619384
620875 656404 628665 619384
620875 656404 628665 619384
620875 656404 628665 619384
620875 656404 628665 619384
620875 656404 628665 619384
620875 656404 628665 619384
620875 656404 628665 619384
620875 656404 628665 619384
620875 656404 628665 619384
620875 656404 628665 619384
620875 656404 628665 619384
620875 656404 628665 619384
620875 656404 628665 619384
620875 656404 628665 619384
620875 656404 628665 619384
620875 656404 628665 619384
620875 656404 628665 619384
620875 656404 628665 619384
620875 656404 628665 619384
620875 656404 628665 619384
620875 656404 628665 619384
620875 656404 628665 619384
620875 656404 628665 619384
620875 656404 628665 619384
620875 656404 628665 619384
620875 656404 628665 619384
620875 656404 628665 619384
620875 656404 628665 619384
620875 656404 628665 619384
620875 656404 628665 619384
620875 656404 628665 619384
620875 656404 628665 619384
620875 656404 628665 619384
620875 656404 628665 619384
620875 656404 628665 619384
620875 656404 628665 619384
620875 656404 628665 619384
620875 656404 628665 619384
620875 656404 628665 619384
620875 656404 628665 619384
620875 656404 628665 619384
620875 656404 628665 619384
620875 656404 628665 619384
620875 656404 628665 619384
620875 656404 628665 619384
620875 656404 628665 619384
620875 656404 628665 619384
620875 656404 628665 619384
620875 656404 628665 619384
620875 656404 628665 619384
620875 656404 628665 619384
620875 656404 628665 619384
620875 656404 628665 619384
620835 656910 627230 623175
620835 656910 627230 623175
620835 656910 627230 623175
620835 656910 627230 623175
620835 656910 627230 623175
620835 656910 627230 623175
620835 656910 627230 623175
620835 656910 627230 623175
620835 656910 627230 623175
620835 656910 627230 623175
620835 656910 627230 623175
620835 656910 627230 623175
620835 656910 627230 623175
620835 656910 627230 623175
620835 656910 627230 623175
620835 656910 627230 623175
620835 656910 627230 623175
620835 656910 627230 623175
620835 656910 627230 623175
620835 656910 627230 623175
620835 656910 627230 623175
620835 656910 627230 623175
620835 656910 627230 623175
620835 656910 627230 623175
620835 656910 627230 623175
620835 656910 627230 623175
620835 656910 627230 623175
620835 656910 627230 623175
620835 656910 627230 623175
620835 656910 627230 623175
620835 656910 627230 623175
620835 656910 627230 623175
620835 656910 627230 623175
620835 656910 627230 623175
620835 656910 627230 623175
620835 656910 627230 623175
620835 656910 627230 623175
620835 656910 627230 623175
620835 656910 627230 623175
620835 656910 627230 623175
620835 656910 627230 623175
620835 656910 627230 623175
620835 656910 627230 623175
620835 656910 627230 623175
620835 656910 627230 623175
620835 656910 627230 623175
620835 656910 627230 623175
620835 656910 627230 623175
620835 656910 627230 623175
620835 656910 627230 623175
620835 656910 627230 623175
620835 656910 627230 623175
620835 656910 627230 623175
620835 656910 627230 623175
620835 656910 627230 623175
620835 656910 627230 623175
620835 656910 627230 623175
620835 656910 627230 623175
620835 656910 627230 623175
620835 656910 627230 623175
620835 656910 627230 623175
620835 656910 627230 623175
620835 656910 627230 623175
620835 656910 627230 623175
620835 656910 627230 623175
620835 656910 627230 623175
620835 656910 627230 623175
620835 656910 627230 623175
620835 656910 627230 623175
620835 656910 627230 623175
620835 656910 627230 623175
620835 656910 627230 623175
620835 656910 627230 623175
620835 656910 627230 623175
620835 656910 627230 623175
620835 656910 627230 623175
620835 656910 627230 623175
620835 656910 627230 623175
620835 656910 627230 623175
620835 656910 627230 623175
620835 656910 627230 623175
620835 656910 627230 623175
620835 656910 627230 623175
620835 656910 627230 623175
620835 656910 627230 623175
620835 656910 627230 623175
620835 656910 627230 623175
620835 656910 627230 623175
620835 656910 627230 623175
620835 656910 627230 623175
620835 656910 627230 623175
620835 656910 627230 623175
620835 656910 627230 623175
620835 656910 627230 623175
620835 656910 627230 623175
620835 656910 627230 623175
620835 656910 627230 623175
620835 656910 627230 623175
620835 656910 627230 623175
620835 656910 627230 623175
620835 656910 627230 623175
620835 656910 627230 623175
620835 656910 627230 623175
620835 656910 627230 623175
620835 656910 627230 623175
620835 656910 627230 623175
620835 656910 627230 623175
620835 656910 627230 623175
620835 656910 627230 623175
620835 656910 627230 623175
620835 656910 627230 623175
620835 656910 627230 623175
620835 656910 627230 623175
620835 656910 627230 623175
620835 656910 627230 623175
620835 656910 627230 623175
620835 656910 627230 623175
620835 656910 627230 623175
620835 656910 627230 623175
620835 656910 627230 623175
620835 656910 627230 623175
620835 656910 627230 623175
620835 656910 627230 623175
620835 656910 627230 623175
620835 656910 627230 623175
620835 656910 627230 623175
620835 656910 627230 623175
620835 656910 627230 623175
620835 656910 627230 623175
620835 656910 627230 623175
620835 656910 627230 623175
620835 656910 627230 623175
620835 656910 627230 623175
620835 656910 627230 623175
620835 656910 627230 623175
620835 656910 627230 623175
620835 656910 627230 623175
620835 656910 627230 623175
620835 656910 627230 623175
620835 656910 627230 623175
620835 656910 627230 623175
620512 656374 627835 623241
620512 656374 627835 623241
620512 656374 627835 623241
620512 656374 627835 623241
620512 656374 627835 623241
620512 656374 627835 623241
620512 656374 627835 623241
620512 656374 627835 623241
620512 656374 627835 623241
620512 656374 627835 623241
620512 656374 627835 623241
620512 656374 627835 623241
620512 656374 627835 623241
620512 656374 627835 623241
620512 656374 627835 623241
620512 656374 627835 623241
620512 656374 627835 623241
620512 656374 627835 623241
620512 656374 627835 623241
620512 656374 627835 623241
620512 656374 627835 623241
620512 656374 627835 623241
620512 656374 627835 623241
620512 656374 627835 623241
620512 656374 627835 623241
620512 656374 627835 623241
620512 656374 627835 623241
620512 656374 627835 623241
620512 656374 627835 623241
620512 656374 627835 623241
620512 656374 627835 623241
620512 656374 627835 623241
620512 656374 627835 623241
620512 656374 627835 623241
620512 656374 627835 623241
620512 656374 627835 623241
620512 656374 627835 623241
620512 656374 627835 623241
620512 656374 627835 623241
620512 656374 627835 623241
620512 656374 627835 623241
620512 656374 627835 623241
620512 656374 627835 623241
620512 656374 627835 623241
619596 656416 627436 624959
835424 752798 781201 773946
794851 775911 758055 778115
787750 751788 771612 800646
784146 776044 786124 807942
783137 769959 795286 751135
773478 819540 774334 804836
764717 815584 809787 793909
790579 791923 760251 770011
788559 794138 788978 780271
778070 783622 805342 792849
781181 792052 800008 789729
790411 805966 790499 778180
791062 778730 776230 796456
778604 779566 780118 798700
846582 802167 770552 771060
817868 799404 762674 816901
806287 810066 811486 808283
800078 773541 816617 805381
796322 793507 808646 831198
791257 798431 796940 815795
834227 793546 788955 777800
813452 788180 788719 779628
812094 785375 806569 795529
811394 799636 775590 798325
805455 782573 806961 813661
852743 799889 779926 837659
821888 804803 813667 800652
813534 797629 795578 820409
809663 814989 808508 834799
815591 814794 807254 834544
618176 650735 623251 614367
618176 650735 623251 614367
618176 650735 623251 614367
618176 650735 623251 614367
618176 650735 623251 614367
618176 650735 623251 614367
618176 650735 623251 614367
618176 650735 623251 614367
618176 650735 623251 614367
618176 650735 623251 614367
618176 650735 623251 614367
618176 650735 623251 614367
618176 650735 623251 614367
618176 650735 623251 614367
618176 650735 623251 614367
618176 650735 623251 614367
618176 650735 623251 614367
618176 650735 623251 614367
618176 650735 623251 614367
618176 650735 623251 614367
618176 650735 623251 614367
618176 650735 623251 614367
618176 650735 623251 614367
618176 650735 623251 614367
618176 650735 623251 614367
618176 650735 623251 614367
618176 650735 623251 614367
618176 650735 623251 614367
618176 650735 623251 614367
618176 650735 623251 614367
618176 650735 623251 614367
618176 650735 623251 614367
618176 650735 623251 614367
618176 650735 623251 614367
618176 650735 623251 614367
618176 650735 623251 614367
618176 650735 623251 614367
618176 650735 623251 614367
618176 650735 623251 614367
618176 650735 623251 614367
618176 650735 623251 614367
618176 650735 623251 614367
618176 650735 623251 614367
618176 650735 623251 614367
618176 650735 623251 614367
618176 650735 623251 614367
618176 650735 623251 614367
618176 650735 623251 614367
618176 650735 623251 614367
618176 650735 623251 614367
618176 650735 623251 614367
618176 650735 623251 614367
618176 650735 623251 614367
618176 650735 623251 614367
618176 650735 623251 614367
618176 650735 623251 614367
618176 650735 623251 614367
618176 650735 623251 614367
618176 650735 623251 614367
618176 650735 623251 614367
618176 650735 623251 614367
618176 650735 623251 614367
618176 650735 623251 614367
618176 650735 623251 614367
618176 650735 623251 614367
618176 650735 623251 614367
618176 650735 623251 614367
618176 650735 623251 614367
618176 650735 623251 614367
618176 650735 623251 614367
618176 650735 623251 614367
618176 650735 623251 614367
618176 650735 623251 614367
618176 650735 623251 614367
618176 650735 623251 614367
618176 650735 623251 614367
618176 650735 623251 614367
618176 650735 623251 614367
618176 650735 623251 614367
618176 650735 623251 614367
618176 650735 623251 614367
618176 650735 623251 614367
618176 650735 623251 614367
618176 650735 623251 614367
618176 650735 623251 614367
618176 650735 623251 614367
618176 650735 623251 614367
618176 650735 623251 614367
618176 650735 623251 614367
618176 650735 623251 614367
618176 650735 623251 614367
618176 650735 623251 614367
618176 650735 623251 614367
618176 650735 623251 614367
618176 650735 623251 614367
618176 650735 623251 614367
618176 650735 623251 614367
618176 650735 623251 614367
618176 650735 623251 614367
618176 650735 623251 614367
618176 650735 623251 614367
618176 650735 623251 614367
618176 650735 623251 614367
618176 650735 623251 614367
618176 650735 623251 614367
618176 650735 623251 614367
618176 650735 623251 614367
618176 650735 623251 614367
618176 650735 623251 614367
618176 650735 623251 614367
618176 650735 623251 614367
618176 650735 623251 614367
618176 650735 623251 614367
618176 650735 623251 614367
618176 650735 623251 614367
618176 650735 623251 614367
618176 650735 623251 614367
618176 650735 623251 614367
618176 650735 623251 614367
618176 650735 623251 614367
618176 650735 623251 614367
618176 650735 623251 614367
618176 650735 623251 614367
618176 650735 623251 614367
618176 650735 623251 614367
618176 650735 623251 614367
618176 650735 623251 614367
618176 650735 623251 614367
618176 650735 623251 614367
618176 650735 623251 614367
618176 650735 623251 614367
618176 650735 623251 614367
618176 650735 623251 614367
618176 650735 623251 614367
618176 650735 623251 614367
618176 650735 623251 614367
618176 650735 623251 614367
618176 650735 623251 614367
618176 650735 623251 614367
618176 650735 623251 614367
618176 650735 623251 614367
618176 650735 623251 614367
618176 650735 623251 614367
618176 650735 623251 614367
618176 650735 623251 614367
618176 650735 623251 614367
618176 650735 623251 614367
618176 650735 623251 614367
618176 650735 623251 614367
618176 650735 623251 614367
618176 650735 623251 614367
618176 650735 623251 614367
618176 650735 623251 614367
618176 650735 623251 614367
618176 650735 623251 614367
618176 650735 623251 614367
618176 650735 623251 614367
618176 650735 623251 614367
618176 650735 623251 614367
618176 650735 623251 614367
618176 650735 623251 614367
618176 650735 623251 614367
618176 650735 623251 614367
618176 650735 623251 614367
618176 650735 623251 614367
618176 650735 623251 614367
618176 650735 623251 614367
618176 650735 623251 614367
618176 650735 623251 614367
618176 650735 623251 614367
618176 650735 623251 614367
618176 650735 623251 614367
618176 650735 623251 614367
618176 650735 623251 614367
618176 650735 623251 614367
618176 650735 623251 614367
618176 650735 623251 614367
618176 650735 623251 614367
618176 650735 623251 614367
618176 650735 623251 614367
618176 650735 623251 614367
618176 650735 623251 614367
618176 650735 623251 614367
618176 650735 623251 614367
618176 650735 623251 614367
618176 650735 623251 614367
618176 650735 623251 614367
618176 650735 623251 614367
618176 650735 623251 614367
618176 650735 623251 614367
618176 650735 623251 614367
618176 650735 623251 614367
618176 650735 623251 614367
618176 650735 623251 614367
618176 650735 623251 614367
618176 650735 623251 614367
618176 650735 623251 614367
618176 650735 623251 614367
618176 650735 623251 614367
618176 650735 623251 614367
618176 650735 623251 614367
618176 650735 623251 614367
618176 650735 623251 614367
618176 650735 623251 614367
618176 650735 623251 614367
618176 650735 623251 614367
618176 650735 623251 614367
618176 650735 623251 614367
618176 650735 623251 614367
618176 650735 623251 614367
618176 650735 623251 614367
618176 650735 623251 614367
618176 650735 623251 614367
618176 650735 623251 614367
618176 650735 623251 614367
618176 650735 623251 614367
618176 650735 623251 614367
618176 650735 623251 614367
618176 650735 623251 614367
618176 650735 623251 614367
618176 650735 623251 614367
618176 650735 623251 614367
618176 650735 623251 614367
618176 650735 623251 614367
618176 650735 623251 614367
618176 650735 623251 614367
618176 650735 623251 614367
618176 650735 623251 614367
618176 650735 623251 614367
618176 650735 623251 614367
618176 650735 623251 614367
618176 650735 623251 614367
618176 650735 623251 614367
618176 650735 623251 614367
618176 650735 623251 614367
618176 650735 623251 614367
618176 650735 623251 614367
618176 650735 623251 614367
618176 650735 623251 614367
618176 650735 623251 614367
618176 650735 623251 614367
618176 650735 623251 614367
618176 650735 623251 614367
618176 650735 623251 614367
618176 650735 623251 614367
618176 650735 623251 614367
618176 650735 623251 614367
618176 650735 623251 614367
618176 650735 623251 614367
618176 650735 623251 614367
618176 650735 623251 614367
618176 650735 623251 614367
618176 650735 623251 614367
618176 650735 623251 614367
618176 650735 623251 614367
618176 650735 623251 614367
618176 650735 623251 614367
618176 650735 623251 614367
618176 650735 623251 614367
618176 650735 623251 614367
618176 650735 623251 614367
618176 650735 623251 614367
618176 650735 623251 614367
618176 650735 623251 614367
618176 650735 623251 614367
618176 650735 623251 614367
618176 650735 623251 614367
618176 650735 623251 614367
618176 650735 623251 614367
618176 650735 623251 614367
618176 650735 623251 614367
618176 650735 623251 614367
618176 650735 623251 614367
618176 650735 623251 614367
618176 650735 623251 614367
618176 650735 623251 614367
618176 650735 623251 614367
618176 650735 623251 614367
618176 650735 623251 614367
618176 650735 623251 614367
618176 650735 623251 614367
618176 650735 623251 614367
618176 650735 623251 614367
618176 650735 623251 614367
618176 650735 623251 614367
618176 650735 623251 614367
618176 650735 623251 614367
618176 650735 623251 614367
618176 650735 623251 614367
618176 650735 623251 614367
618176 650735 623251 614367
618176 650735 623251 614367
618176 650735 623251 614367
618176 650735 623251 614367
618176 650735 623251 614367
618176 650735 623251 614367
618176 650735 623251 614367
618176 650735 623251 614367
618176 650735 623251 614367
618176 650735 623251 614367
618176 650735 623251 614367
618176 650735 623251 614367
618176 650735 623251 614367
618176 650735 623251 614367
618176 650735 623251 614367
618176 650735 623251 614367
618176 650735 623251 614367
618176 650735 623251 614367
618176 650735 623251 614367
618176 650735 623251 614367
618176 650735 623251 614367
618176 650735 623251 614367
618176 650735 623251 614367
618176 650735 623251 614367
618176 650735 623251 614367
618176 650735 623251 614367
618176 650735 623251 614367
618176 650735 623251 614367
618176 650735 623251 614367
618176 650735 623251 614367
618176 650735 623251 614367
618176 650735 623251 614367
618176 650735 623251 614367
618176 650735 623251 614367
618176 650735 623251 614367
618176 650735 623251 614367
618176 650735 623251 614367
618176 650735 623251 614367
618176 650735 623251 614367
618176 650735 623251 614367
618176 650735 623251 614367
618176 650735 623251 614367
618176 650735 623251 614367
618176 650735 623251 614367
618176 650735 623251 614367
618176 650735 623251 614367
618176 650735 623251 614367
618176 650735 623251 614367
618176 650735 623251 614367
618176 650735 623251 614367
618176 650735 623251 614367
618176 650735 623251 614367
618176 650735 623251 614367
618176 650735 623251 614367
618176 650735 623251 614367
618176 650735 623251 614367
618176 650735 623251 614367
618176 650735 623251 614367
618176 650735 623251 614367
618176 650735 623251 614367
618176 650735 623251 614367
618176 650735 623251 614367
618176 650735 623251 614367
618176 650735 623251 614367
618176 650735 623251 614367
618176 650735 623251 614367
618176 650735 623251 614367
618176 650735 623251 614367
618176 650735 623251 614367
618176 650735 623251 614367
618176 650735 623251 614367
618176 650735 623251 614367
618176 650735 623251 614367
618176 650735 623251 614367
618176 650735 623251 614367
618176 650735 623251 614367
618176 650735 623251 614367
618176 650735 623251 614367
618176 650735 623251 614367
618176 650735 623251 614367
618176 650735 623251 614367
618176 650735 623251 614367
618176 650735 623251 614367
618176 650735 623251 614367
618176 650735 623251 614367
618176 650735 623251 614367
618176 650735 623251 614367
618176 650735 623251 614367
618176 650735 623251 614367
618176 650735 623251 614367
618176 650735 623251 614367
618176 650735 623251 614367
618176 650735 623251 614367
618176 650735 623251 614367
618176 650735 623251 614367
618176 650735 623251 614367
618176 650735 623251 614367
618176 650735 623251 614367
618176 650735 623251 614367
618176 650735 623251 614367
618176 650735 623251 614367
618176 650735 623251 614367
618176 650735 623251 614367
618176 650735 623251 614367
618176 650735 623251 614367
618176 650735 623251 614367
618176 650735 623251 614367
618176 650735 623251 614367
618176 650735 623251 614367
618176 650735 623251 614367
618176 650735 623251 614367
618176 650735 623251 614367
618176 650735 623251 614367
618176 650735 623251 614367
618176 650735 623251 614367
618176 650735 623251 614367
618176 650735 623251 614367
618176 650735 623251 614367
618176 650735 623251 614367
618176 650735 623251 614367
618176 650735 623251 614367
618176 650735 623251 614367
618176 650735 623251 614367
618176 650735 623251 614367
618176 650735 623251 614367
618176 650735 623251 614367
618176 650735 623251 614367
618176 650735 623251 614367
618176 650735 623251 614367
618176 650735 623251 614367
618176 650735 623251 614367
618176 650735 623251 614367
618176 650735 623251 614367
618176 650735 623251 614367
618176 650735 623251 614367
618176 650735 623251 614367
618176 650735 623251 614367
618176 650735 623251 614367
618176 650735 623251 614367
618176 650735 623251 614367
618176 650735 623251 614367
618176 650735 623251 614367
618176 650735 623251 614367
618176 650735 623251 614367
618176 650735 623251 614367
618176 650735 623251 614367
618176 650735 623251 614367
618176 650735 623251 614367
618176 650735 623251 614367
618176 650735 623251 614367
618176 650735 623251 614367
618176 650735 623251 614367
618176 650735 623251 614367
618176 650735 623251 614367
618176 650735 623251 614367
618176 650735 623251 614367
618176 650735 623251 614367
618176 650735 623251 614367
620875 656404 628665 619384
620875 656404 628665 619384
822046 789110 784375 779061
820513 765957 777138 838796
811362 816953 803429 753754
805564 785941 805524 768949
798649 803251 774408 786612
793504 762896 792298 797205
755801 782764 805003 830853
788934 766881 775959 824215
773723 780685 791500 800545
790227 776214 777560 803910
779776 793959 788762 790273
778598 783468 779916 830514
812234 808429 778161 780146
788296 804754 782781 790883
784266 791187 787012 803645
801464 804163 785275 769071
812367 776303 789456 801083
803943 777346 786752 785622
779600 806828 786736 797967
823205 795995 780101 806399
821255 778198 799757 789479
814564 781067 827177 797288
810497 812661 776909 828194
807700 815331 781202 801079
790392 798240 780101 806844
815251 790869 787820 819712
805014 779616 811497 807987
817398 787996 800991 804553
801373 807216 793144 802443
794782 805289 798360 802874
810677 790749 812825 806904
807037 802175 789705 799645
812576 829040 808427 828924
808883 816328 793898 847726
