6 10.8579
842727 746201 771062
805201 807793 744373
800418 811551 756887
754429 782531 834928
830321 747967 803749
809017 751154 809074
819023 800744 752194
760990 793897 765539
842531 751170 764843
768877 777729 799559
822980 754449 782270
791907 761874 785211
789305 769121 770257
780600 785103 770855
818171 789031 753246
785747 784757 782444
825799 794722 744562
768877 777729 799559
789305 769121 770257
773092 793887 783501
813787 759665 788609
813787 759665 788609
775562 764077 800504
809339 754044 806878
814749 778728 758790
774966 786790 785151
788834 780081 778359
775562 764077 800504
808264 760248 775198
772602 779722 788387
824739 782438 752668
809892 797035 758064
790833 795276 761409
809892 797035 758064
819023 800744 752194
790833 795276 761409
788834 780081 778359
818171 789031 753246
808960 761467 773594
768877 777729 799559
808264 760248 775198
808960 761467 773594
825799 794722 744562
809017 751154 809074
772602 779722 788387
813787 759665 788609
809017 751154 809074
825799 794722 744562
825799 794722 744562
825799 794722 744562
825799 794722 744562
825799 794722 744562
818171 789031 753246
790833 795276 761409
859078 746733 794953
836641 827136 751631
814877 758411 828855
806059 827487 752631
763618 813141 813459
780697 780764 799132
859078 746733 794953
843480 786277 765349
810752 772233 776360
770891 796659 783039
770765 788695 809645
812090 815364 757782
823723 755813 820521
794924 809177 766449
829513 752797 819668
779574 767947 802480
835654 759563 787435
803754 782750 778725
802006 763712 808172
831348 748055 805607
829513 752797 819668
794029 819223 763895
819010 799805 758796
790719 770556 786843
787413 787186 792922
826622 759574 802588
824429 755059 804217
788545 766134 805963
763618 813141 813459
785229 804217 772732
822667 801210 755444
783784 785371 794955
763618 813141 813459
816819 792987 772586
777105 786787 794645
817982 789906 764440
786045 801793 769742
839841 755949 798518
811400 762218 793066
839841 755949 798518
766634 824611 785184
836641 827136 751631
831232 784979 774570
838190 811293 754984
799730 785423 773011
766895 799529 779374
804335 800411 765107
791936 803887 769555
806059 827487 752631
816416 802881 760954
808309 821078 761686
766634 824611 785184
814438 761057 782627
823211 786336 766956
766895 799529 779374
785093 822596 769237
794451 795945 766925
830572 791400 762390
782613 793208 773136
838190 811293 754984
793574 764184 786666
830572 791400 762390
797319 802148 763928
831348 748055 805607
782613 793208 773136
808619 767589 781557
836131 765620 782004
785093 822596 769237
811233 822440 760843
812174 801705 761894
808309 821078 761686
781769 787949 781142
843480 786277 765349
842180 765950 780257
810752 772233 776360
842180 765950 780257
814438 761057 782627
766192 812834 804351
763618 813141 813459
835654 759563 787435
808619 767589 781557
781769 787949 781142
777105 786787 794645
797319 802148 763928
777105 786787 794645
793574 764184 786666
766192 812834 804351
831232 784979 774570
811233 822440 760843
766192 812834 804351
810752 772233 776360
795948 785510 772610
787413 787186 792922
823723 755813 820521
822667 801210 755444
795948 785510 772610
838190 811293 754984
836131 765620 782004
794451 795945 766925
842180 765950 780257
812174 801705 761894
812174 801705 761894
859078 746733 794953
843480 786277 765349
835654 759563 787435
831348 748055 805607
831232 784979 774570
829513 752797 819668
823723 755813 820521
822667 801210 755444
810752 772233 776360
810752 772233 776360
810752 772233 776360
810752 772233 776360
808309 821078 761686
808309 821078 761686
808309 821078 761686
808309 821078 761686
797319 802148 763928
795948 785510 772610
763618 813141 813459
763618 813141 813459
763618 813141 813459
855392 805373 766748
840352 754105 807074
832382 812308 755706
773136 813463 831462
769588 843013 817419
769588 843013 817419
851149 758593 800064
843928 764723 800808
801007 771513 793344
798823 773614 812366
830561 820235 758047
781630 793459 804884
835011 779747 787887
807125 794949 773453
792769 783457 796386
788509 817711 777616
794891 834041 770678
819592 795655 768857
811596 829669 762516
816258 761624 827866
803445 782084 787168
840287 777356 787398
846719 806329 766020
814475 823929 765281
785198 798861 780491
788355 774622 807401
782649 775959 815651
795344 810253 768932
796037 791165 784366
783618 829012 785631
840352 754105 807074
798682 767877 822281
787121 821534 770991
776592 797172 792048
854622 760972 796533
826616 825749 757357
813081 789641 782689
812922 793217 775547
815828 804852 767199
832497 787272 767236
795127 806415 778829
805064 766232 800693
794640 788300 788967
825077 787447 768101
814229 768158 788817
795989 776315 799155
791311 775268 800757
826616 825749 757357
775648 814409 790607
774661 800305 796807
811596 829669 762516
786869 796126 790570
806287 831574 767781
798183 790077 788002
816258 761624 827866
773595 799557 824505
783604 830852 779630
774661 800305 796807
776487 793958 822298
773595 799557 824505
812702 815492 765653
805966 820520 768591
776592 797172 792048
794891 834041 770678
825077 787447 768101
840352 754105 807074
812702 815492 765653
776487 793958 822298
774661 800305 796807
816258 761624 827866
773595 799557 824505
858054 792436 777929
851104 824816 757350
820923 836710 768336
803540 768049 823794
780808 798071 828243
774981 803677 807602
851104 824816 757350
839274 787556 780217
788348 794140 820437
844566 769285 797627
829913 770893 790519
809440 780456 813391
799281 816000 774359
789414 819783 787372
826643 775125 790928
812790 799719 774965
776146 829012 803321
792385 795093 811029
776146 829012 803321
781912 797825 814130
835563 792550 772879
781574 798643 815715
816566 795828 785959
795355 793536 800161
820205 776506 791453
822916 806213 768768
789516 812223 789087
807472 782986 809308
798186 790731 814015
780050 803562 798264
788483 826251 796050
789376 810917 792380
805280 783901 803830
799830 800376 794109
794046 790965 804448
819090 797891 777505
801768 807571 789641
808488 799837 782641
827157 802796 770352
829344 794277 778394
794778 808244 783544
822139 768987 805848
821360 802156 770660
837310 792764 771774
804970 800402 783553
822443 795647 784347
816892 793629 787828
810475 793097 789943
806273 783552 792186
837038 783821 788305
807113 811879 777693
799809 792926 796089
781906 806254 797752
810384 798230 789645
866581 813835 769476
847591 772936 794521
793041 796973 837000
786514 833688 806752
775325 823993 807984
776748 812916 817756
828764 779873 812472
795038 831219 790326
838750 812762 773335
829106 775661 806871
799945 817097 775175
797757 801929 829664
804255 790728 826418
834585 797950 779053
809121 784653 823277
794724 821125 791109
809257 809727 784347
806658 786359 808946
816458 783597 803621
798215 805646 798367
823536 781233 814452
834233 782485 792614
802937 811745 786992
799416 794387 815077
823985 785390 794883
804814 803524 800188
828896 816833 772110
808172 816842 782219
820709 804900 783453
820086 805481 786276
812111 788384 794186
809674 794167 796903
795916 814567 786619
811360 784069 804696
801870 803927 796347
810541 785263 802771
797604 802406 806747
813143 799056 793253
812959 799256 791821
809619 790233 799212
806172 801293 794622
834242 794385 789181
795317 812659 793836
809959 798209 796548
852804 791223 796248
840103 780638 817734
803305 819091 776276
799726 805965 840348
795664 823776 800154
784095 817952 833562
841450 818327 779787
832347 816038 790204
836553 784245 822625
847461 793234 795399
795929 819046 825562
802580 803575 811139
825906 798864 794386
811206 808309 797336
799868 795950 815438
828937 785385 813780
833078 785394 806716
825005 786988 817138
820691 790166 796819
809295 801292 814152
807771 812105 802051
798895 816360 793411
815103 792896 804450
816921 814211 791430
813143 794285 806165
804987 804162 803691
803262 794525 820337
817016 787808 825059
820128 810810 790664
819423 788430 804024
825595 802608 792528
816277 804667 801865
835730 811896 790589
818477 795090 798932
818363 805495 794829
809962 811074 798394
809511 811286 791961
808182 805601 798403
857390 787375 821236
814612 843111 780240
805769 801961 843752
798983 838841 807736
838571 790046 809166
821962 792507 800324
803748 830574 788718
847254 792397 807335
806833 799683 839688
807149 823850 803530
811306 798763 831094
843226 818408 785123
800327 814036 825779
808227 800309 817570
811408 821145 780362
803226 834490 795691
841965 795144 800190
802841 811276 827919
820770 811891 790997
817478 802065 810893
843826 796567 798875
815572 805655 810612
817325 791491 842701
819777 797481 819855
800985 822232 805026
814372 807493 798574
810503 816989 796899
819576 817170 793933
805210 807629 810449
816529 809876 797635
810382 809490 809451
817225 802633 810856
801755 818159 807102
808976 812804 806164
809073 812642 803871
818416 807571 795268
819455 798346 810577
854296 801670 799632
825579 792690 819800
815903 832627 784957
802492 815578 844807
844943 813798 793245
833386 827429 790524
808695 805227 824197
802910 817578 832948
803213 821459 812098
836121 808386 798392
823836 795775 801363
817529 817051 803629
828173 823945 794303
830509 809693 797935
811677 810662 821225
819314 815841 795436
805714 818789 808276
814714 812460 808843
813067 824595 801483
823016 807540 808397
804465 818987 822954
860717 796300 805210
830734 794741 827974
829472 820666 797333
825812 796733 830836
821841 829305 798820
808655 822005 815597
841871 804975 802564
856818 797673 806520
834241 799342 820921
815771 816039 810847
811859 819720 808449
823306 810406 812356
820060 822385 808440
825251 802236 813592
841536 806993 807766
828860 799416 823854
832712 813735 798641
818590 814350 814474
823849 799532 829185
828380 807199 806883
878104 797276 821822
837109 795787 831491
831439 824985 798058
823895 801134 832768
822558 836168 808039
814210 821836 814417
840846 816194 798708
823881 832589 811926
822471 821532 827864
838737 816223 802706
834108 820233 807697
836607 814126 808502
825304 806360 829210
825814 806203 814245
836633 821975 800469
836597 816030 812192
845146 816974 817612
838821 823407 808109
836519 805094 837007
816557 834695 840526
827935 815254 826523
830866 831166 817264
828683 811575 833468
831785 812157 817647
829323 806952 830218
829339 806492 820659
848948 811306 823597
845535 812948 823622
837782 806511 831534
846862 821689 824080
814897 789218 735085
814897 789218 735085
814645 742569 842169
749007 838083 771329
747971 810797 789329
785133 798047 750483
809241 772605 744730
813576 749939 798444
769477 796503 819825
799633 755362 820172
772777 784303 784339
778670 818825 760898
813035 765631 778525
777957 800853 764397
803336 794206 763784
760928 824080 785054
771423 806861 787853
770375 789427 826039
775296 820409 777013
778670 818825 760898
774565 756266 780013
760928 824080 785054
774065 833315 781057
774763 824779 777622
801088 797988 763587
777987 767575 763935
764574 796897 791693
799633 755362 820172
770375 789427 826039
774065 833315 781057
764574 796897 791693
771224 796174 791535
764574 796897 791693
770375 789427 826039
774065 833315 781057
774763 824779 777622
774565 756266 780013
774565 756266 780013
774763 824779 777622
778670 818825 760898
774763 824779 777622
774763 824779 777622
774763 824779 777622
774763 824779 777622
774065 833315 781057
774065 833315 781057
774065 833315 781057
774065 833315 781057
851500 785627 764522
817785 803047 746959
801762 757455 808293
775217 822673 783274
774952 758993 825221
762180 814236 794144
846573 792571 752170
823750 777930 770037
806733 763308 784883
785677 818311 762242
780559 768837 770273
802296 808696 755087
766108 797598 811385
794449 800929 770224
799111 768012 776755
786520 811462 755080
773606 804915 793635
775783 795659 821895
796576 786685 767804
778442 776029 791501
775422 814061 789263
766108 797598 811385
775828 780581 797286
776686 783137 784128
779138 792152 778868
777587 819330 782399
768563 804471 795390
803770 803368 753287
819056 761024 802494
774952 758993 825221
778780 796705 782170
851500 785627 764522
775828 780581 797286
819056 761024 802494
774615 822264 790640
780559 768837 770273
784995 811181 765053
795191 765767 803266
768563 804471 795390
806437 767197 784542
776447 795570 784735
784995 811181 765053
796576 786685 767804
775783 795659 821895
779138 792152 778868
798775 764921 805664
806454 792196 765601
798775 764921 805664
778442 776029 791501
802681 761625 791687
774429 797232 806385
795191 765767 803266
818818 786425 753780
802267 764408 792155
779138 792152 778868
802267 764408 792155
818818 786425 753780
819056 761024 802494
774615 822264 790640
802681 761625 791687
774429 797232 806385
806437 767197 784542
802267 764408 792155
776447 795570 784735
776447 795570 784735
806437 767197 784542
818818 786425 753780
780559 768837 770273
778442 776029 791501
775828 780581 797286
775783 795659 821895
768563 804471 795390
853247 799703 763907
836880 758604 827382
820223 804635 759866
780408 785912 831926
769988 851446 803401
768423 813007 817672
769988 851446 803401
844541 778297 771832
778471 830286 787562
774833 826272 791270
792603 824523 765467
811574 807979 762325
777260 807091 799352
784474 781313 805845
840499 773761 782933
836487 764611 794698
808035 775129 777761
781854 814572 786214
829630 799887 767489
778471 830286 787562
769351 799470 823223
838039 787618 765662
822249 762208 808983
810256 803986 766979
787475 778796 770558
808035 775129 777761
836880 758604 827382
825337 759551 812570
802169 770154 811267
806023 769899 790419
795408 774430 803832
816452 807562 760898
840571 799982 763795
777147 811373 794022
798359 788719 768038
783730 809794 786181
817977 800726 767038
778343 798035 797095
776101 824192 815381
822691 762196 802577
774972 794494 827839
785993 790175 791553
825337 759551 812570
777961 800503 802375
796022 819956 769937
808577 768994 814222
829630 799887 767489
774972 794494 827839
781149 782361 818881
797342 813983 765242
796259 776099 795640
778945 820054 791690
769196 811592 821965
805645 765130 818566
787475 778796 770558
798454 811861 764234
782668 770884 808466
811188 809014 764292
803287 760624 822999
807995 769627 805218
840499 773761 782933
768423 813007 817672
816452 807562 760898
796321 771371 804950
779255 794500 803328
818961 821864 759907
818899 767018 790743
804533 767264 818111
802169 770154 811267
779400 796632 791426
780838 786619 796262
785993 790175 791553
818961 821864 759907
796022 819956 769937
820680 770749 786892
810474 764314 796089
776101 824192 815381
836783 783669 770182
808577 768994 814222
803287 760624 822999
781260 786218 796978
840499 773761 782933
782668 770884 808466
804533 767264 818111
796321 771371 804950
781149 782361 818881
779400 796632 791426
769196 811592 821965
836487 764611 794698
798454 811861 764234
783730 809794 786181
820680 770749 786892
836783 783669 770182
810474 764314 796089
768423 813007 817672
778945 820054 791690
818899 767018 790743
769988 851446 803401
836783 783669 770182
818961 821864 759907
836880 758604 827382
829630 799887 767489
778471 830286 787562
856671 780913 780065
839008 814368 760278
837153 766589 809574
777072 823695 832087
775324 829748 815842
847109 800239 767392
826688 771032 804857
815540 777599 793927
796011 780145 822501
813944 817624 763098
786581 813194 787039
794383 821093 772258
780867 807813 799582
850226 773489 795440
805296 776190 802292
784806 786506 800316
796039 795436 775306
789104 789783 776966
782995 791878 816761
798370 778800 780793
839008 814368 760278
799520 812372 769345
808251 807973 768411
822772 788880 770408
837336 810929 765870
806377 824050 764890
835213 790043 769518
796087 779076 796604
822772 788880 770408
786183 792828 799798
835213 790043 769518
806377 824050 764890
808251 807973 768411
807013 792213 769693
807013 792213 769693
861359 801137 771296
845176 817398 767198
832513 775949 820447
803465 784440 824724
783890 846488 821102
791614 827301 777750
849064 816357 769934
797836 807969 775368
828350 779538 814388
835735 780078 805764
787769 824341 802630
792756 793762 783512
809290 783811 794768
801355 802611 781400
824677 779778 818020
798888 785190 798168
825287 812388 770168
812547 786400 784573
786778 821484 804729
816513 817577 770067
785512 798882 808339
811539 792339 772976
802418 789811 789954
789485 818281 779610
798705 790695 812135
808713 790342 777577
812580 781225 791317
788721 788957 818862
789483 797723 790681
798042 791803 809095
813180 781139 790165
802773 790295 780233
836842 784046 791087
835839 781070 822918
834003 795913 773622
800177 796328 828340
787204 823162 804927
790299 807339 817893
796366 818683 786384
791149 799047 812949
826424 783827 799112
789263 801034 824136
821753 781608 809827
795432 804864 807576
800361 820674 778735
791924 821201 786354
789633 811703 796655
816836 819015 776453
810794 790762 806760
799341 810570 803781
818628 789506 787919
816854 788996 794901
799625 796724 799619
792827 807924 806061
802800 809941 776774
823632 786877 790211
807924 786817 807950
804960 791966 803939
802251 800274 788189
809999 790917 796762
807271 793654 795152
824440 783440 804840
800575 795779 796173
835330 793488 774834
807623 792771 786366
838309 798845 784203
836242 806203 778095
826241 782443 814404
810762 794853 837608
799436 861232 786827
792564 818462 821868
796734 839519 806240
813679 825432 778283
831202 784284 806649
806817 795329 829683
793562 800704 820569
822986 784728 828552
830751 788070 802154
800059 799509 826955
811630 788152 818474
807694 802392 794037
799048 820015 800111
797138 823283 792191
805280 808057 789339
810708 811529 780596
819715 793505 789777
812777 795376 798033
817376 811017 781058
800970 801477 808937
804690 812608 790144
814382 789432 812315
821717 790215 792602
805781 823520 779702
831067 787227 810712
805200 816046 783911
816275 791368 804152
820281 797554 786463
814434 798779 795822
820038 804400 786377
801974 803149 802350
816958 790781 808542
803996 814737 789431
803293 810352 793193
798530 811193 810836
806341 810605 782830
822805 791874 792267
806452 796554 803474
806759 805922 795156
803645 806116 796028
804403 796070 811607
802624 800361 799335
799678 805990 804159
806172 803397 799179
816609 799908 793277
811295 804284 790107
859835 808985 790489
837355 786569 818590
822001 812170 781318
814913 836343 781632
794890 828733 836216
843249 788448 804512
800293 807771 834051
802610 804738 823609
803216 805448 811166
815783 822436 781916
827515 790353 801513
798672 818326 819393
807177 824288 787075
811608 800248 806428
818188 792893 815269
829852 789384 815188
809810 809788 789418
796058 811192 821627
824747 797224 793760
821506 795511 815131
823826 792649 797595
799874 826273 804014
811294 803246 796476
815218 797080 799051
805267 826155 792044
806206 818876 790607
814679 807181 796374
820192 795670 804916
813257 800726 806153
820288 800802 791425
806119 823797 793284
802623 824954 794431
815720 789391 820951
806078 804171 818774
821259 800734 795020
806413 808650 791343
860508 805965 794248
838152 823546 781882
818898 793798 824763
809151 847014 794196
799416 816388 836639
845659 796370 798834
804226 840104 798501
828642 818856 782708
806345 833849 797402
820340 797056 813294
805228 815874 819680
830422 824289 782434
817445 816054 790118
814509 802125 812915
824207 815267 792328
824984 802855 800782
811398 804880 810532
830943 806171 794445
807111 811522 808795
813074 809253 797141
811688 807205 806252
819384 805041 804004
818593 808192 801838
807515 809762 806522
807449 810640 794519
817660 805244 808884
818175 815886 793512
854564 809393 797433
850310 821920 786450
842999 794048 828439
820034 805108 842010
808636 828508 806255
835911 795005 829365
829537 802883 806001
853647 797548 807136
832044 820470 789979
815546 809414 800056
824742 824039 791469
812256 807200 821087
820089 803355 815857
822159 806054 812791
819903 815780 800032
823279 813189 795749
809758 816441 820615
812778 807981 809355
808987 816444 796946
822714 811238 796257
812846 824032 796266
824073 820972 794147
824305 815828 793444
841509 812102 802388
833677 802966 829258
825906 835566 793450
810562 830904 798380
822199 821400 797065
812241 825590 818177
817169 808033 826433
817785 815783 811571
827595 830226 794409
813336 817168 800161
834722 809092 817273
833098 802983 828764
839242 815712 798429
840841 808369 813161
855989 829465 799951
821771 832298 799024
821566 808391 842355
811331 855077 804037
839253 818971 804424
820148 821377 823856
814099 833558 803016
827390 821757 812627
825812 820511 817184
819160 824227 802614
823439 823656 808738
813738 829568 809246
835658 832215 804169
821356 824788 809930
820608 846941 827235
821460 829405 809052
842860 827459 817362
824963 829419 813069
833918 837204 813650
863341 760029 767235
860497 796172 743350
851688 726902 788429
792772 841710 755048
769777 787366 830376
756914 821067 802707
792772 841710 755048
814919 751886 794668
822267 739666 776427
839644 797792 750536
786726 800526 755969
772532 790237 817800
764000 810299 813687
851688 726902 788429
807553 743100 806392
796575 756232 812406
784589 763646 782848
860497 796172 743350
762423 815027 788235
809238 807952 750234
833176 765637 766675
814959 748557 772205
772328 804608 773886
773165 776269 825988
769940 795648 790140
849218 742170 772012
817751 783930 751229
807347 761184 779027
825570 777225 760934
827186 769171 759997
833176 765637 766675
761217 791324 814189
860497 796172 743350
794126 758803 827294
806318 778410 752534
773097 780493 811298
827186 769171 759997
800557 783457 771589
793009 770586 772796
797806 762375 808186
761217 791324 814189
782502 785985 791505
762423 815027 788235
780724 787707 762721
785430 778083 776172
780724 787707 762721
820673 775583 770554
768224 807042 809270
800557 783457 771589
774374 786639 781864
777337 779327 809084
812151 777560 768835
812151 777560 768835
849218 742170 772012
820673 775583 770554
772665 806016 764375
769777 787366 830376
776645 773705 809497
782502 785985 791505
808066 773418 771940
774374 786639 781864
809238 807952 750234
794126 758803 827294
773165 776269 825988
806318 778410 752534
798319 759658 782625
772665 806016 764375
776645 773705 809497
777337 779327 809084
798319 759658 782625
782502 785985 791505
769777 787366 830376
768224 807042 809270
776645 773705 809497
808066 773418 771940
762423 815027 788235
827186 769171 759997
768224 807042 809270
806318 778410 752534
833176 765637 766675
820673 775583 770554
812151 777560 768835
809238 807952 750234
794126 758803 827294
792772 841710 755048
777337 779327 809084
769777 787366 830376
769777 787366 830376
769777 787366 830376
769777 787366 830376
859091 789394 753381
858667 737703 791771
819898 823259 752574
778715 831540 772788
772223 794112 835795
763840 799943 817250
779937 779692 818688
838922 750407 799743
852031 768700 768680
858667 737703 791771
823806 759348 797478
805743 772832 777369
834701 745268 812754
827614 756813 786882
767536 816745 790349
779379 788371 809046
836067 767728 768839
832675 778494 758929
809276 786811 758783
777311 806936 802591
773465 827438 782503
777836 799526 802946
846723 777720 768822
796376 782556 784355
847084 793014 755251
776925 788924 815610
766812 827719 816336
834701 745268 812754
820129 795714 755174
812522 760817 792634
827211 780353 767344
830684 804371 752967
801274 793082 763822
792583 789609 779827
812664 780967 764531
785087 785125 785506
801907 788066 767774
767536 816745 790349
778693 794037 792837
818733 816179 756389
799490 760526 800634
829552 752778 780117
832937 757850 774593
763840 799943 817250
829552 752778 780117
816879 777265 773000
777500 811637 773022
825258 768606 775358
799429 774097 773659
785377 766002 786547
797000 797385 771839
790174 791376 776191
816062 763398 777255
787107 796975 779834
774327 801504 812039
800887 773986 781568
778469 799413 786437
790174 791376 776191
797000 797385 771839
786967 802425 757122
820124 813511 756214
774327 801504 812039
814581 779417 773541
779216 795966 784226
777461 785972 810911
786278 805662 782242
815418 783563 756569
799119 777296 778944
786278 805662 782242
807374 816537 752656
820124 813511 756214
815418 783563 756569
791409 796533 773165
807374 816537 752656
816062 763398 777255
799119 777296 778944
812596 785647 772284
816785 764691 775804
777500 811637 773022
816785 764691 775804
766812 827719 816336
791409 796533 773165
777461 785972 810911
824515 779319 767943
796739 790331 774728
824515 779319 767943
785087 785125 785506
785087 785125 785506
796739 790331 774728
812664 780967 764531
800887 773986 781568
801274 793082 763822
786967 802425 757122
799119 777296 778944
846723 777720 768822
786967 802425 757122
786967 802425 757122
816785 764691 775804
778693 794037 792837
829552 752778 780117
824515 779319 767943
786967 802425 757122
786967 802425 757122
786967 802425 757122
785087 785125 785506
785087 785125 785506
785087 785125 785506
785087 785125 785506
774327 801504 812039
860542 806352 756907
859063 761545 780874
825320 806475 755684
782169 784387 818989
776614 835357 805015
843931 784573 758569
835030 761881 780121
826201 789000 762770
788095 830409 769184
785324 797220 810818
779995 820063 803298
819018 790935 765176
817160 772829 784051
789976 806673 787282
811347 778196 774945
787474 823541 775996
811358 800426 767043
786785 792251 798888
805520 775277 796726
785994 834024 794237
808781 807910 758692
807151 814816 757947
797023 768271 808254
782109 802685 803876
805790 770124 790910
804062 796067 778324
806113 797424 773017
806831 826759 758329
800283 776866 800975
810218 765164 810620
794051 811338 778756
796531 787794 785322
794549 813454 761303
813489 766726 804366
791775 786320 792919
798644 766614 809318
811199 767983 803157
801464 785738 799903
792507 787490 791688
802529 769971 803763
806724 791643 768308
817624 765764 778146
812990 797824 760417
812990 797824 760417
798970 791077 779038
800985 786019 794209
788011 813209 777276
807785 774547 777086
807785 774547 777086
807074 787002 777339
799671 787631 778697
799671 787631 778697
807785 774547 777086
799671 787631 778697
842998 787937 775919
837940 768355 804733
833138 819324 756430
814021 773430 845022
789255 842900 803104
780079 832126 816547
801057 785755 835538
786535 788568 824131
782138 820818 843774
828699 811274 762565
789689 838858 782822
782951 807412 809239
785185 805519 808471
797527 815021 779889
841829 799904 765104
806489 828694 772583
795735 800760 804447
825811 771436 788452
801862 781248 818821
792012 790753 806892
828067 779526 781993
796572 825096 795621
811004 808944 778983
818178 795362 771192
807367 784736 792275
822788 768899 795320
798741 791660 794612
819795 773947 796001
817627 775858 783184
812178 781262 796164
830997 793085 768791
803854 786796 795454
798247 799003 799801
808021 788273 784877
823550 793353 783155
816822 785488 790868
815185 780402 791537
809603 796387 782294
812352 785630 786851
831240 790592 772517
798204 798353 804828
796263 789569 806408
811374 799376 768761
809682 775243 802667
812167 780629 802062
805475 799565 782259
811313 785522 789096
871980 787259 783788
834638 770812 811110
827470 799884 769209
789592 830104 834744
788417 850076 821600
810084 837107 773352
817994 815961 779342
856805 779609 791302
856165 791251 772805
844591 776397 797994
792314 798303 831934
790193 800712 827810
807095 812564 795829
833858 782391 787239
798393 789774 824381
796506 795059 820513
843051 789022 781971
806120 802266 796579
826268 775013 799963
819060 821574 772009
804485 819078 792274
836159 774849 808813
799341 825886 790879
816647 819722 782847
811539 780366 817146
799720 794098 813305
823426 776145 806568
800817 806874 796279
830957 778497 791926
792145 828567 820833
812196 779264 811587
804747 798739 803886
811422 789316 790236
835116 788600 785985
820843 783677 802086
811744 784736 798241
807101 790511 810675
810058 796258 791548
839108 793469 770411
817990 808687 783949
800830 792572 808798
838209 795424 769842
817352 776503 812339
803734 793611 806974
798461 790784 818058
819469 800641 784493
806492 797677 805144
821391 778456 807320
820356 783854 805138
838981 793273 771129
821488 795157 783770
798577 808401 808250
817007 783089 810719
806677 790552 808193
859533 794956 785776
841978 815123 769472
824543 778058 842001
799877 849871 799756
796708 818717 826142
844202 804385 775801
810735 840611 795424
806704 792861 833440
808628 828397 796082
829983 811931 771775
828424 778985 800190
826066 813094 783868
811936 794271 808447
820118 782879 826579
803905 796859 819828
835580 803884 785726
817334 822982 791084
799249 823953 818114
801819 805789 812665
822220 824131 788077
828080 787820 810229
811533 803373 792861
802217 811632 812604
804260 808193 798059
799832 804392 821642
838385 784459 797201
822308 785462 819396
816203 789926 792471
838860 783294 793005
815118 793062 794527
843777 781550 795175
821744 795691 792132
812903 813772 791526
824321 788264 798879
820210 788371 799382
824618 807972 784231
817048 807558 791539
812518 814927 791220
846524 804723 776644
833634 782654 810545
807910 844186 800189
801187 818701 844406
810423 830428 808312
806917 807094 825439
837981 814615 777018
823097 838099 790122
818573 823167 794090
827720 809570 787741
803721 839972 816010
831777 816777 780869
820762 789602 822860
815443 799239 815350
833995 793243 797264
822898 788552 818547
822117 791500 803440
816423 794050 794439
831571 785419 809454
813729 813722 803192
815770 801671 802187
829038 809403 793436
806976 811292 808986
815323 808113 795612
814282 803821 802667
833835 804401 792693
878673 786647 815956
852847 809981 780946
808905 836290 819049
807669 807219 844475
807654 810056 830216
816538 796731 797310
824469 793444 812293
832479 825950 781355
847134 815276 790313
822103 794529 810078
840054 819674 783402
839744 817608 783421
810533 824646 810462
815169 810805 802749
836269 802433 795088
845071 790453 817107
831825 809048 795151
814649 804086 806736
834014 814296 793246
847187 799490 796923
814234 813119 811589
848402 818222 781640
832251 789326 817232
814542 825588 804812
855778 829764 790850
848382 832673 792893
839489 793520 832361
819817 797712 834996
815681 811011 819695
830237 809352 801451
825023 793522 822089
821101 819286 804347
817769 814509 810229
827878 795687 814678
847991 808688 795459
818854 803089 819581
842484 798141 797818
823538 818612 804646
828124 805044 804807
819156 798570 807982
828063 811015 798198
820137 797254 808934
828032 797942 805980
838044 824057 807877
833332 797120 817170
823748 827603 804467
817955 818150 818321
824689 800070 808935
819624 800671 808100
824011 800173 812953
821952 825863 807290
820549 797536 816909
834468 802470 811109
834356 797632 825018
826830 831136 806270
824511 809761 827981
817980 836311 824389
831540 802430 815557
828517 819858 808563
820109 811040 822397
818287 819562 819411
827543 809287 817220
825237 813983 810218
828012 811111 809510
841790 808384 815352
838865 803461 826399
831675 813132 812008
822899 840873 823807
827197 824989 820578
829108 809447 817795
840348 811029 814644
837895 815963 819052
832752 835167 815112
839457 827794 843420
