163 1.35414
162988 119860 109473 108140
148009 98354 130141 121838
143623 125355 127833 102045
137534 121001 97082 117636
128299 137720 108984 121673
127953 106845 109975 142624
115475 121992 149545 118354
110816 121898 134564 124157
156124 115865 103036 115379
130276 109530 109029 136900
117985 111426 142951 130731
127953 106845 109975 142624
162988 119860 109473 108140
143282 99998 133193 128114
142069 100335 138710 126332
110816 121898 134564 124157
134372 135989 108443 113984
138902 116111 135468 104193
132798 103508 112540 135239
114935 125463 125263 116961
135733 101054 141547 126225
118709 134847 130952 110053
124131 114739 121750 128804
133020 116479 108260 133410
142515 107225 102022 119595
137986 102952 114319 132421
129383 124653 106328 123326
141018 120944 100396 118374
146014 103863 122821 124467
151025 104310 121161 118959
136466 104452 115321 134964
150083 110189 116837 111256
129020 132341 129745 104902
132323 131315 125014 102357
115090 123925 123084 126791
142014 107236 134260 110027
123444 109642 138305 118335
149224 104901 116818 120719
121307 105960 127423 130135
130262 133679 116034 108575
128149 122096 118451 106436
141019 109326 107918 131976
142362 109696 131768 109422
153348 103790 126044 114330
120988 113038 129293 110240
119633 112535 136717 122062
139722 104071 125979 117988
145422 122484 110705 111788
143740 108189 123000 114438
121991 129316 119879 113845
135733 101054 141547 126225
132388 120792 103481 122661
136554 128014 107073 112092
123871 109732 131324 122901
126739 123584 109432 123723
132323 131315 125014 102357
119577 133541 111326 116539
134276 102165 115538 127059
152215 104681 117416 115524
120570 118533 118412 118572
130104 123428 106217 124862
130276 109530 109029 136900
135497 104593 113667 128215
131828 126822 113322 110369
147720 126615 119194 104495
128626 107696 122085 130572
141018 120944 100396 118374
129381 130418 110828 110365
129020 132341 129745 104902
122289 122562 114226 116105
139107 113950 109342 117080
124795 128660 129164 108754
138035 106271 135455 112804
141430 109964 107829 117264
154622 105070 118915 111715
132564 101667 124334 120002
124408 111961 121265 112629
133220 118158 123948 102104
134889 109752 113049 124092
139533 111201 114051 106963
147759 125832 106109 107501
141681 106556 109536 130315
144889 131304 122374 104869
130724 105879 136502 118454
128788 126491 106108 114198
154622 105070 118915 111715
140584 106832 112660 114876
143409 100263 118782 131457
128645 127487 109801 113700
139132 117968 103014 121339
139172 112370 127445 109165
133907 109975 126327 112945
125491 125113 130904 108429
127477 128384 117047 109503
125352 129156 119680 107687
119577 133541 111326 116539
133443 118254 104815 127209
128106 118867 107351 127305
117856 117586 123200 120068
116076 121784 110508 120498
116340 120146 128591 114900
138269 114510 127423 107260
116340 120146 128591 114900
125017 113460 116563 133089
120228 115018 126868 115652
133769 109443 105055 124583
126358 112105 117179 127450
125884 125637 119858 105765
149825 104715 117231 119487
117085 123307 114412 118233
124428 130748 129556 109540
147846 105337 124338 115196
125884 125637 119858 105765
133395 115342 115864 116397
125017 113460 116563 133089
142944 125606 109490 107909
122897 110752 126047 116772
148098 101943 122522 122636
125328 123418 127762 110850
131859 123372 114978 112877
136955 116865 114542 111592
143263 128019 103971 108324
137294 108390 128132 118449
124941 127273 142285 108446
143162 105225 109153 117513
136261 108554 125550 113417
126273 125334 115712 111493
123285 116533 113146 113208
144889 131304 122374 104869
118010 130499 120809 117620
152630 103464 119215 120368
127929 122849 110320 114928
120008 118978 122202 119988
131083 116673 110101 115798
117985 111426 142951 130731
129386 111819 109740 118972
122061 117861 118182 116738
137399 115521 135969 107149
124941 127273 142285 108446
121617 104484 125530 125336
138406 105682 115196 118558
119379 125622 120115 117736
131610 109657 129143 116287
134457 112279 119470 115702
119633 112535 136717 122062
138063 117631 105231 119167
143724 116631 105361 119437
137007 105348 119991 125782
119955 112229 127263 118171
124775 110050 120360 119157
131302 104303 126843 120680
116076 121784 110508 120498
142377 108224 116330 113351
139040 120879 104517 114003
136538 116996 120292 110903
118305 119684 118235 118558
136808 105512 109986 121778
134217 119200 109045 113234
152222 103913 120676 114317
121617 104484 125530 125336
136258 115001 118008 115015
147720 126615 119194 104495
126415 107913 114326 121058
127097 112339 113748 116875
118803 126522 122555 112138
122897 110752 126047 116772
127064 114560 119756 112230
137399 115521 135969 107149
124428 130748 129556 109540
137358 103325 110876 131750
137358 103325 110876 131750
140584 106832 112660 114876
117002 117068 119603 127264
130954 112193 120576 116301
136261 108554 125550 113417
137005 111735 104344 121730
135042 114587 105809 115566
152630 103464 119215 120368
121221 123112 124013 117742
126415 107913 114326 121058
131039 111621 126048 113783
135042 114587 105809 115566
131431 125228 102479 124503
125513 111666 114306 130310
127622 111469 114031 130170
117856 117586 123200 120068
119759 117410 128029 118207
131184 105715 123159 127365
131431 125228 102479 124503
148098 101943 122522 122636
143409 100263 118782 131457
136258 115001 118008 115015
139457 128120 114106 106978
118305 119684 118235 118558
121221 123112 124013 117742
137007 105348 119991 125782
117002 117068 119603 127264
134366 109329 122557 116977
138393 114889 105317 119760
131479 122893 109983 116897
128760 130445 116666 108414
114935 125463 125263 116961
148098 101943 122522 122636
119759 117410 128029 118207
139457 128120 114106 106978
134217 119200 109045 113234
138393 114889 105317 119760
127622 111469 114031 130170
129386 111819 109740 118972
127064 114560 119756 112230
131302 104303 126843 120680
125017 113460 116563 133089
141018 120944 100396 118374
129020 132341 129745 104902
127953 106845 109975 142624
158226 117353 105840 126639
155184 126997 105776 123279
142204 102112 137965 124228
137062 118852 130708 107124
129594 137897 117387 108986
126670 110732 139993 134124
126107 123549 113620 139458
119005 127953 119723 123802
136241 133818 119001 111785
140105 124208 110444 127533
121810 113906 125856 137976
152938 108622 111301 125610
143563 131766 106221 119653
134089 110582 120554 135638
142069 113850 107088 129816
150415 125354 126625 108358
135719 119685 137228 111972
120820 114991 134033 127674
129594 137897 117387 108986
141040 122724 114553 110208
138326 103002 129907 132259
141613 104718 131873 118290
147819 119018 115507 118472
147228 103402 112619 133515
151190 112954 115156 120412
133679 112466 135326 112681
127430 113979 122334 112766
142761 126200 116553 109048
120320 121187 120928 124303
130233 130814 126589 109761
135533 113512 128066 117520
145813 109283 127427 114447
124293 123575 120377 115080
131727 130154 132795 107640
123906 118678 132869 121885
137364 112066 124547 130332
144545 117391 118295 111085
132832 111597 119692 139075
139596 110251 118692 128890
138345 110959 124030 118249
128346 111115 130159 121482
144016 106850 120611 120658
141852 107707 125147 131540
147033 106991 111658 123723
132069 129414 113915 113237
133118 115730 115620 124659
135031 112194 124854 131329
140445 116689 131388 111700
142107 105985 110682 128578
126679 119513 117987 113497
135129 105778 126899 122633
136447 130907 111898 119901
145632 117132 114308 118750
135944 106481 129702 122406
138034 113814 132140 112659
129380 128778 112409 114097
124073 115010 134559 112735
133721 119126 106627 133954
137796 107797 116640 129274
132032 121697 112359 116535
139127 108006 126850 125398
141867 121367 128915 108641
122930 125684 120229 120172
123978 118110 121779 114202
124763 117699 122204 122330
136137 120442 125791 108839
132563 116203 113906 125111
131403 113061 125727 123066
138785 115866 118387 116759
142139 109379 124193 117796
130558 123149 119315 108738
145813 128704 111143 107911
134280 121432 117500 117938
132317 116460 122287 116236
124736 114375 124643 116299
140606 123103 112777 116394
128561 117491 117044 123626
139752 109046 120215 118706
142342 117419 115815 122617
125747 112229 126654 121543
127341 112689 118293 123190
123387 123427 132831 123453
123009 117010 130317 124012
140761 116591 121257 116607
136892 117343 119655 121549
147245 117673 111093 120016
140660 117887 111095 119142
138748 116492 116997 120412
147178 126079 112432 108567
140728 116439 117678 117521
137152 116923 119229 116755
131416 117922 110463 123096
139705 113029 120246 122947
151036 120500 112197 123565
144017 114808 115845 139035
142136 138655 122571 110129
137293 108434 132241 129465
132839 122667 111825 124318
125777 116247 146516 119445
124430 123499 128855 131146
130835 114191 139730 121952
131948 112658 131593 135519
144835 135132 116188 116739
147161 111127 118319 128347
135477 123418 131468 112849
137169 128877 115158 117557
133917 126005 130065 114000
147652 109016 115842 123788
130240 131732 119868 119518
133316 131927 113514 120982
138098 117552 116516 129030
127305 133184 120904 114054
139805 119196 119050 121814
131942 120380 118034 117856
145466 122243 122441 111611
129559 115753 121515 124098
134295 128302 117211 122979
140859 121915 123529 114609
143780 119874 115104 120925
140301 113139 119999 126976
127822 114596 125534 114132
127267 126251 118225 122485
138527 109129 118209 130358
127737 112786 127276 130491
129634 123950 124475 119509
138831 119664 112341 126075
137691 123423 130345 111271
135685 118048 123573 116221
145979 127197 112173 120772
141963 118253 113699 128190
140057 116360 121845 119873
125948 128612 123461 124441
125253 121335 124459 127500
127580 128201 125921 120980
135876 126085 123792 111448
130996 118882 123609 117417
138483 114461 128320 120113
141506 115400 120502 120905
124860 114665 124729 127905
130438 114126 120857 125085
146119 119036 117591 119471
145883 114716 119473 126134
138455 120054 121561 117008
138773 114863 119536 123275
137368 116243 120226 125462
140910 121328 113593 124995
127760 121127 120086 125599
145886 109013 123250 123749
147946 130835 115351 120717
145618 131917 129167 111904
140016 110284 127950 132631
134521 127638 112736 133656
134314 128529 140148 115313
126721 138564 125258 130599
125629 121733 127067 127652
146157 135233 117252 121532
135686 117793 134509 124829
143864 125572 115244 124656
145123 115886 122982 129605
128463 124273 131307 117525
132615 122017 120172 118010
141215 117633 119011 132711
130723 120669 123904 127434
147196 112266 133687 125730
137403 128467 132877 114610
137089 119485 127260 123435
127820 130254 123666 123574
139063 117606 130509 115594
146888 113758 125934 127587
129331 114728 130635 124848
133608 121501 124480 120071
138476 123287 119936 119797
137785 124578 116516 129775
137003 117997 133661 115181
145965 115783 132883 118243
132990 117896 128823 119634
129339 121552 130079 124192
132850 124998 117124 126233
134981 123377 116663 124553
147945 116891 129588 114863
144334 117712 123746 121344
137008 120694 126913 126176
147845 115790 125795 118173
132989 117704 130029 132756
160847 122664 128416 119619
155655 138495 120195 120554
150787 118912 135981 115260
150074 120527 144133 115657
143178 114898 137340 131615
142000 117635 126028 137096
136732 132170 118851 127683
129544 128426 138066 128051
139388 129085 131006 117925
131131 124390 143640 123980
133303 125290 121634 123854
139634 131443 119810 127020
135295 130642 120068 129983
136213 127871 120702 122458
144252 122499 128827 120456
134045 124390 124466 124696
137264 124642 122814 118502
134669 121513 126517 121675
141555 124311 129319 120260
135801 123783 124243 121032
139433 121993 125872 124097
134677 122151 120219 123223
137251 131001 122663 120469
146603 131292 124307 138527
145103 121966 133590 123742
138341 132293 129137 121026
135917 127627 137946 126828
135559 126431 126239 129767
141979 128375 137869 121822
140155 122712 127249 124400
137500 125221 128368 123220
141233 125138 127593 128542
146239 127279 132452 133284
