64 228.451
3.20012e+06 3.03197e+06 2.97188e+06
3.19283e+06 2.97859e+06 3.09878e+06
3.12699e+06 3.12419e+06 2.94052e+06
3.0134e+06 3.20784e+06 3.19548e+06
3.04679e+06 3.15761e+06 3.02961e+06
3.16716e+06 3.07064e+06 2.94372e+06
3.07956e+06 3.03218e+06 3.14957e+06
3.14792e+06 3.10991e+06 2.96041e+06
3.16565e+06 2.98095e+06 3.11297e+06
3.06199e+06 3.15195e+06 3.00629e+06
3.05294e+06 3.14055e+06 3.03863e+06
3.13523e+06 2.99318e+06 3.12026e+06
3.08868e+06 3.0242e+06 3.01031e+06
3.05689e+06 3.07799e+06 3.08153e+06
3.05022e+06 3.08936e+06 3.08057e+06
3.18638e+06 3.00981e+06 3.05673e+06
3.0736e+06 3.09378e+06 3.05138e+06
3.13078e+06 2.99795e+06 3.06493e+06
3.09802e+06 3.04259e+06 3.00013e+06
3.07504e+06 3.07479e+06 3.02067e+06
3.07312e+06 3.07032e+06 3.07292e+06
3.04687e+06 3.12018e+06 3.13304e+06
3.16627e+06 3.03254e+06 2.97822e+06
3.15693e+06 3.00878e+06 3.06389e+06
3.08104e+06 3.0605e+06 3.02782e+06
3.12005e+06 3.05191e+06 2.99337e+06
3.13861e+06 3.01092e+06 2.99114e+06
3.10315e+06 3.01666e+06 3.14028e+06
3.0978e+06 3.01708e+06 3.01164e+06
3.08164e+06 3.10728e+06 2.9868e+06
3.15693e+06 3.00878e+06 3.06389e+06
3.06781e+06 3.13357e+06 3.04152e+06
3.05312e+06 3.07924e+06 3.05279e+06
3.1042e+06 3.01444e+06 3.10639e+06
3.1188e+06 3.03167e+06 3.00033e+06
3.11112e+06 3.01151e+06 3.12812e+06
3.06782e+06 3.109e+06 3.04693e+06
3.08523e+06 3.04294e+06 3.03132e+06
3.12577e+06 3.01134e+06 3.10234e+06
3.11056e+06 3.01258e+06 3.09654e+06
3.15084e+06 2.9878e+06 3.1003e+06
3.11351e+06 3.06324e+06 2.9847e+06
3.08216e+06 3.06195e+06 3.01331e+06
3.12699e+06 3.12419e+06 2.94052e+06
3.13027e+06 3.06645e+06 2.96692e+06
3.08069e+06 3.02029e+06 3.07763e+06
3.07397e+06 3.04626e+06 3.05611e+06
3.10611e+06 3.07683e+06 2.96483e+06
3.19283e+06 2.97859e+06 3.09878e+06
3.12005e+06 3.05191e+06 2.99337e+06
3.05366e+06 3.06714e+06 3.1457e+06
3.13671e+06 3.01432e+06 2.97975e+06
3.1156e+06 3.01222e+06 3.04503e+06
3.12786e+06 3.00961e+06 3.05806e+06
3.07919e+06 3.11661e+06 3.00264e+06
3.07945e+06 3.11282e+06 3.00738e+06
3.18638e+06 3.00981e+06 3.05673e+06
3.07388e+06 3.1552e+06 2.96073e+06
3.06781e+06 3.13357e+06 3.04152e+06
3.20012e+06 3.03197e+06 2.97188e+06
3.11056e+06 3.01258e+06 3.09654e+06
3.10708e+06 3.07313e+06 2.98742e+06
3.11276e+06 3.07213e+06 2.98651e+06
3.07919e+06 3.11661e+06 3.00264e+06
3.15084e+06 2.9878e+06 3.1003e+06
3.13037e+06 3.04435e+06 2.99022e+06
3.13078e+06 2.99795e+06 3.06493e+06
3.08396e+06 3.02099e+06 3.04229e+06
3.08396e+06 3.02099e+06 3.04229e+06
3.05366e+06 3.06714e+06 3.1457e+06
3.20012e+06 3.03197e+06 2.97188e+06
3.07924e+06 3.04348e+06 3.13713e+06
3.12699e+06 3.12419e+06 2.94052e+06
3.07956e+06 3.03218e+06 3.14957e+06
3.07924e+06 3.04348e+06 3.13713e+06
3.15084e+06 2.9878e+06 3.1003e+06
3.10708e+06 3.07313e+06 2.98742e+06
3.15084e+06 2.9878e+06 3.1003e+06
3.20012e+06 3.03197e+06 2.97188e+06
3.15084e+06 2.9878e+06 3.1003e+06
3.10708e+06 3.07313e+06 2.98742e+06
3.07956e+06 3.03218e+06 3.14957e+06
3.21985e+06 3.01785e+06 3.00109e+06
3.15876e+06 2.99858e+06 3.08592e+06
3.15223e+06 3.15465e+06 2.95461e+06
3.07837e+06 3.05379e+06 3.15754e+06
3.06275e+06 3.19616e+06 3.03277e+06
3.05049e+06 3.11118e+06 3.10229e+06
3.15014e+06 3.00305e+06 3.12836e+06
3.19078e+06 3.04333e+06 2.97868e+06
3.08829e+06 3.16084e+06 3.01123e+06
3.05698e+06 3.13876e+06 3.07666e+06
3.06275e+06 3.19616e+06 3.03277e+06
3.08881e+06 3.03445e+06 3.1503e+06
3.14135e+06 3.01033e+06 3.11717e+06
3.08439e+06 3.05802e+06 3.05466e+06
3.1279e+06 3.07083e+06 2.98589e+06
3.06302e+06 3.10795e+06 3.07697e+06
3.1007e+06 3.03684e+06 3.02038e+06
3.17891e+06 3.03192e+06 2.99554e+06
3.06047e+06 3.08568e+06 3.10109e+06
3.1758e+06 3.13272e+06 2.96224e+06
3.16705e+06 3.0162e+06 3.01377e+06
3.12205e+06 3.01815e+06 3.1155e+06
3.0991e+06 3.02196e+06 3.06444e+06
3.08113e+06 3.09443e+06 3.07179e+06
3.14529e+06 3.02522e+06 3.03839e+06
3.11705e+06 3.09918e+06 2.97242e+06
3.10786e+06 3.11456e+06 3.00534e+06
3.1264e+06 3.01897e+06 3.0873e+06
3.10971e+06 3.12661e+06 3.0005e+06
3.13447e+06 3.06429e+06 3.01259e+06
3.08464e+06 3.08576e+06 3.04963e+06
3.09074e+06 3.05296e+06 3.02414e+06
3.05049e+06 3.11118e+06 3.10229e+06
3.18643e+06 3.08374e+06 2.96715e+06
3.08909e+06 3.04383e+06 3.0271e+06
3.15908e+06 3.0006e+06 3.06828e+06
3.1666e+06 3.03239e+06 3.00262e+06
3.1579e+06 3.08206e+06 2.97416e+06
3.1488e+06 3.02036e+06 3.03818e+06
3.18122e+06 3.12387e+06 2.95768e+06
3.12362e+06 3.02845e+06 3.0217e+06
3.07016e+06 3.11818e+06 3.06715e+06
3.12824e+06 3.15737e+06 2.97204e+06
3.11038e+06 3.08504e+06 2.97646e+06
3.18304e+06 3.01358e+06 3.02681e+06
3.14037e+06 3.15854e+06 2.97074e+06
3.18691e+06 3.06747e+06 2.97675e+06
3.19078e+06 3.04333e+06 2.97868e+06
3.07016e+06 3.11818e+06 3.06715e+06
3.08563e+06 3.07624e+06 3.04371e+06
3.1758e+06 3.13272e+06 2.96224e+06
3.09694e+06 3.03519e+06 3.04773e+06
3.13776e+06 3.03193e+06 3.00416e+06
3.07771e+06 3.07494e+06 3.07265e+06
3.07856e+06 3.11179e+06 3.04625e+06
3.07568e+06 3.09571e+06 3.0709e+06
3.09172e+06 3.10848e+06 3.02357e+06
3.08764e+06 3.05428e+06 3.06805e+06
3.07568e+06 3.09571e+06 3.0709e+06
3.12602e+06 3.02595e+06 3.04537e+06
3.18264e+06 3.12212e+06 2.96033e+06
3.10586e+06 3.07578e+06 3.01085e+06
3.07837e+06 3.05379e+06 3.15754e+06
3.12005e+06 3.07706e+06 2.97698e+06
3.05049e+06 3.11118e+06 3.10229e+06
3.10586e+06 3.07578e+06 3.01085e+06
3.07797e+06 3.06394e+06 3.07334e+06
3.09708e+06 3.10271e+06 3.02076e+06
3.11789e+06 3.01963e+06 3.04785e+06
3.15495e+06 3.00171e+06 3.06557e+06
3.09708e+06 3.10271e+06 3.02076e+06
3.15495e+06 3.00171e+06 3.06557e+06
3.12746e+06 3.02583e+06 3.03154e+06
3.12005e+06 3.07706e+06 2.97698e+06
3.17978e+06 3.08237e+06 2.97228e+06
3.09172e+06 3.10848e+06 3.02357e+06
3.18264e+06 3.12212e+06 2.96033e+06
3.12697e+06 3.016e+06 3.06474e+06
3.07797e+06 3.06394e+06 3.07334e+06
3.06275e+06 3.19616e+06 3.03277e+06
3.12746e+06 3.02583e+06 3.03154e+06
3.12697e+06 3.016e+06 3.06474e+06
3.08909e+06 3.04383e+06 3.0271e+06
3.07797e+06 3.06394e+06 3.07334e+06
3.07797e+06 3.06394e+06 3.07334e+06
3.07797e+06 3.06394e+06 3.07334e+06
3.24765e+06 3.01812e+06 3.06021e+06
3.20372e+06 3.0026e+06 3.0778e+06
3.15489e+06 3.0109e+06 3.13755e+06
3.11898e+06 3.09316e+06 2.97859e+06
3.07785e+06 3.15427e+06 3.07136e+06
3.05142e+06 3.11152e+06 3.12204e+06
3.21344e+06 3.06214e+06 2.99249e+06
3.10687e+06 3.14076e+06 3.01799e+06
3.17681e+06 3.04617e+06 3.00695e+06
3.14663e+06 3.03504e+06 3.04894e+06
3.06479e+06 3.12189e+06 3.08337e+06
3.07633e+06 3.09332e+06 3.12139e+06
3.06325e+06 3.09938e+06 3.10522e+06
3.11122e+06 3.10369e+06 3.01687e+06
3.14956e+06 3.01478e+06 3.12311e+06
3.12313e+06 3.08143e+06 2.98317e+06
3.06809e+06 3.11114e+06 3.08643e+06
3.13419e+06 3.07605e+06 2.987e+06
3.08999e+06 3.15049e+06 3.03682e+06
3.16983e+06 3.0534e+06 3.00757e+06
3.13419e+06 3.02114e+06 3.05427e+06
3.1726e+06 3.05254e+06 3.00517e+06
3.12161e+06 3.01997e+06 3.10913e+06
3.06071e+06 3.14469e+06 3.0918e+06
3.15574e+06 3.02892e+06 3.03202e+06
3.16157e+06 3.06808e+06 3.00959e+06
3.08693e+06 3.08525e+06 3.07348e+06
3.08814e+06 3.08341e+06 3.04585e+06
3.09895e+06 3.04458e+06 3.0683e+06
3.1485e+06 3.0616e+06 3.01297e+06
3.1204e+06 3.03984e+06 3.03064e+06
3.09006e+06 3.04958e+06 3.09839e+06
3.11834e+06 3.03985e+06 3.02239e+06
3.1198e+06 3.09298e+06 2.99186e+06
3.06467e+06 3.11684e+06 3.09432e+06
3.09173e+06 3.06935e+06 3.03288e+06
3.15421e+06 3.01621e+06 3.08336e+06
3.10248e+06 3.04154e+06 3.02198e+06
3.09173e+06 3.07574e+06 3.05175e+06
3.11e+06 3.02245e+06 3.07511e+06
3.09304e+06 3.04402e+06 3.07613e+06
3.0994e+06 3.02605e+06 3.07686e+06
3.08405e+06 3.06629e+06 3.09399e+06
3.08048e+06 3.12087e+06 3.05193e+06
3.10138e+06 3.05158e+06 3.03582e+06
3.08011e+06 3.08355e+06 3.08814e+06
3.15054e+06 3.04137e+06 3.01166e+06
3.06071e+06 3.14469e+06 3.0918e+06
3.08311e+06 3.07959e+06 3.07543e+06
3.17513e+06 3.04964e+06 3.00928e+06
3.08243e+06 3.11342e+06 3.06962e+06
3.11898e+06 3.09316e+06 2.97859e+06
3.14714e+06 3.02023e+06 3.09375e+06
3.08243e+06 3.11342e+06 3.06962e+06
3.07633e+06 3.09332e+06 3.12139e+06
3.11834e+06 3.03985e+06 3.02239e+06
3.11898e+06 3.09316e+06 2.97859e+06
3.08243e+06 3.11342e+06 3.06962e+06
3.06071e+06 3.14469e+06 3.0918e+06
3.23404e+06 3.03385e+06 3.04329e+06
3.21078e+06 3.00478e+06 3.09673e+06
3.13493e+06 3.16922e+06 2.9787e+06
3.0851e+06 3.07285e+06 3.1751e+06
3.05518e+06 3.20414e+06 3.1633e+06
3.06088e+06 3.14114e+06 3.15047e+06
3.17953e+06 3.02352e+06 3.11546e+06
3.11933e+06 3.18452e+06 3.00173e+06
3.19275e+06 3.02386e+06 3.09454e+06
3.16846e+06 3.12163e+06 2.98106e+06
3.08019e+06 3.09417e+06 3.09201e+06
3.20374e+06 3.09388e+06 2.99071e+06
3.17619e+06 3.09614e+06 2.9879e+06
3.12834e+06 3.09841e+06 3.00978e+06
3.13702e+06 3.12681e+06 2.98909e+06
3.16569e+06 3.02441e+06 3.06326e+06
3.11804e+06 3.10834e+06 3.02087e+06
3.18195e+06 3.07609e+06 2.99676e+06
3.15696e+06 3.06342e+06 3.01324e+06
3.10652e+06 3.04929e+06 3.07205e+06
3.14296e+06 3.03939e+06 3.06973e+06
3.12866e+06 3.03272e+06 3.10216e+06
3.10303e+06 3.03953e+06 3.11089e+06
3.10042e+06 3.10397e+06 3.03641e+06
3.08955e+06 3.10877e+06 3.06619e+06
3.1813e+06 3.0689e+06 3.00608e+06
3.11009e+06 3.0369e+06 3.08126e+06
3.15517e+06 3.02867e+06 3.08464e+06
3.08716e+06 3.11331e+06 3.09019e+06
3.16782e+06 3.08609e+06 2.99607e+06
3.20529e+06 3.03683e+06 3.04732e+06
3.09823e+06 3.0801e+06 3.04907e+06
3.13652e+06 3.04214e+06 3.07997e+06
3.13841e+06 3.07813e+06 3.0151e+06
3.14925e+06 3.05271e+06 3.0331e+06
3.15204e+06 3.03254e+06 3.09988e+06
3.09516e+06 3.11253e+06 3.04096e+06
3.08201e+06 3.12394e+06 3.08235e+06
3.14853e+06 3.07623e+06 3.00836e+06
3.10911e+06 3.04914e+06 3.05485e+06
3.1355e+06 3.10472e+06 2.99332e+06
3.09228e+06 3.08525e+06 3.08892e+06
3.1622e+06 3.04872e+06 3.01619e+06
3.13228e+06 3.04734e+06 3.04816e+06
3.1024e+06 3.07417e+06 3.05319e+06
3.09511e+06 3.04492e+06 3.08781e+06
3.16421e+06 3.04233e+06 3.04403e+06
3.15236e+06 3.03466e+06 3.06892e+06
3.10408e+06 3.05851e+06 3.02922e+06
3.09383e+06 3.05489e+06 3.09161e+06
3.10909e+06 3.0947e+06 3.02257e+06
3.10621e+06 3.05949e+06 3.02691e+06
3.10397e+06 3.05701e+06 3.03865e+06
3.16054e+06 3.0477e+06 3.0266e+06
3.10367e+06 3.07175e+06 3.03177e+06
3.15505e+06 3.06898e+06 3.02155e+06
3.10287e+06 3.08179e+06 3.03234e+06
3.14868e+06 3.0753e+06 3.02563e+06
3.08762e+06 3.08608e+06 3.08323e+06
3.10321e+06 3.06208e+06 3.04877e+06
3.23614e+06 3.06992e+06 3.01072e+06
3.19028e+06 3.02354e+06 3.11787e+06
3.17421e+06 3.13823e+06 2.9836e+06
3.10458e+06 3.0676e+06 3.15249e+06
3.10042e+06 3.1783e+06 3.04848e+06
3.087e+06 3.10904e+06 3.09576e+06
3.14358e+06 3.04114e+06 3.14591e+06
3.21278e+06 3.0456e+06 3.0549e+06
3.14101e+06 3.10274e+06 3.01031e+06
3.11621e+06 3.12178e+06 3.042e+06
3.16791e+06 3.02776e+06 3.12127e+06
3.19522e+06 3.02498e+06 3.09334e+06
3.12699e+06 3.0981e+06 3.02406e+06
3.09271e+06 3.08878e+06 3.08511e+06
3.10539e+06 3.04912e+06 3.09969e+06
3.18295e+06 3.08091e+06 3.0112e+06
3.11064e+06 3.1131e+06 3.05155e+06
3.14925e+06 3.0946e+06 3.02904e+06
3.11995e+06 3.07783e+06 3.03059e+06
3.17822e+06 3.0715e+06 3.01613e+06
3.16725e+06 3.02777e+06 3.06522e+06
3.17174e+06 3.04448e+06 3.06111e+06
3.10017e+06 3.08554e+06 3.08705e+06
3.19194e+06 3.04995e+06 3.03832e+06
3.10562e+06 3.05752e+06 3.07486e+06
3.13458e+06 3.05204e+06 3.09149e+06
3.1699e+06 3.06425e+06 3.02638e+06
3.16262e+06 3.06118e+06 3.03054e+06
3.15827e+06 3.07062e+06 3.0179e+06
3.15239e+06 3.08734e+06 3.01692e+06
3.09512e+06 3.07753e+06 3.09735e+06
3.16966e+06 3.0458e+06 3.05601e+06
3.10301e+06 3.08257e+06 3.06449e+06
3.11816e+06 3.05837e+06 3.06895e+06
3.09287e+06 3.10967e+06 3.07161e+06
3.13238e+06 3.05114e+06 3.09825e+06
3.14391e+06 3.07532e+06 3.04594e+06
3.10778e+06 3.05437e+06 3.09657e+06
3.19174e+06 3.05888e+06 3.02053e+06
3.1118e+06 3.08832e+06 3.04427e+06
3.11321e+06 3.0824e+06 3.07354e+06
3.15139e+06 3.05346e+06 3.05269e+06
3.15972e+06 3.05899e+06 3.0465e+06
3.16663e+06 3.0496e+06 3.048e+06
3.13274e+06 3.05623e+06 3.07326e+06
3.14494e+06 3.04972e+06 3.09671e+06
3.13417e+06 3.05976e+06 3.05376e+06
3.20942e+06 3.07619e+06 3.01633e+06
3.17712e+06 3.03851e+06 3.16221e+06
3.17657e+06 3.12246e+06 3.01273e+06
3.09571e+06 3.15236e+06 3.08219e+06
3.10021e+06 3.09348e+06 3.12217e+06
3.10475e+06 3.0731e+06 3.15541e+06
3.17077e+06 3.0474e+06 3.11582e+06
3.19784e+06 3.07422e+06 3.03509e+06
3.1026e+06 3.14064e+06 3.08485e+06
3.18466e+06 3.07626e+06 3.02322e+06
3.12589e+06 3.13601e+06 3.03844e+06
3.1515e+06 3.05278e+06 3.11595e+06
3.12157e+06 3.09681e+06 3.04455e+06
3.17087e+06 3.0568e+06 3.10126e+06
3.10972e+06 3.08933e+06 3.07473e+06
3.14854e+06 3.1156e+06 3.01933e+06
3.11901e+06 3.12852e+06 3.0719e+06
3.13787e+06 3.07103e+06 3.06268e+06
3.14415e+06 3.11941e+06 3.0171e+06
3.20865e+06 3.05943e+06 3.02382e+06
3.10538e+06 3.11064e+06 3.0782e+06
3.10556e+06 3.09996e+06 3.08006e+06
3.16583e+06 3.11177e+06 3.0139e+06
3.1629e+06 3.07978e+06 3.05408e+06
3.14429e+06 3.08522e+06 3.03066e+06
3.15794e+06 3.05682e+06 3.07796e+06
3.11672e+06 3.0657e+06 3.10069e+06
3.121e+06 3.05905e+06 3.09214e+06
3.10037e+06 3.09892e+06 3.10035e+06
3.1313e+06 3.05769e+06 3.09444e+06
3.13708e+06 3.06494e+06 3.07996e+06
3.16247e+06 3.06126e+06 3.05929e+06
3.12692e+06 3.06743e+06 3.07041e+06
3.16492e+06 3.06744e+06 3.05821e+06
3.10654e+06 3.07301e+06 3.08266e+06
3.16153e+06 3.082e+06 3.03152e+06
3.17633e+06 3.06026e+06 3.05422e+06
3.16505e+06 3.0913e+06 3.02646e+06
3.13103e+06 3.07983e+06 3.06659e+06
3.1341e+06 3.0996e+06 3.03176e+06
3.1183e+06 3.08038e+06 3.07702e+06
3.13335e+06 3.09972e+06 3.02743e+06
3.13036e+06 3.08406e+06 3.05877e+06
3.12931e+06 3.05806e+06 3.08219e+06
3.16161e+06 3.0762e+06 3.0548e+06
3.1211e+06 3.0744e+06 3.07145e+06
3.19281e+06 3.14948e+06 3.01534e+06
3.14419e+06 3.05894e+06 3.11119e+06
3.14154e+06 3.16785e+06 3.0415e+06
3.10986e+06 3.08307e+06 3.13847e+06
3.10667e+06 3.11816e+06 3.11133e+06
3.15826e+06 3.13055e+06 3.02407e+06
3.11415e+06 3.1031e+06 3.13508e+06
3.12321e+06 3.06283e+06 3.10394e+06
3.14746e+06 3.07165e+06 3.08823e+06
3.16898e+06 3.09209e+06 3.03729e+06
3.12711e+06 3.1588e+06 3.05319e+06
3.17278e+06 3.06045e+06 3.08348e+06
3.13136e+06 3.14617e+06 3.04775e+06
3.11923e+06 3.11925e+06 3.07647e+06
3.18507e+06 3.0613e+06 3.05496e+06
3.13703e+06 3.073e+06 3.07755e+06
3.16966e+06 3.06739e+06 3.07634e+06
3.15202e+06 3.10358e+06 3.03236e+06
3.12268e+06 3.10895e+06 3.05931e+06
3.15774e+06 3.09464e+06 3.05041e+06
3.10971e+06 3.14951e+06 3.08414e+06
3.14347e+06 3.10152e+06 3.04649e+06
3.13178e+06 3.09251e+06 3.06722e+06
3.18507e+06 3.07778e+06 3.05324e+06
3.15517e+06 3.07801e+06 3.06345e+06
3.14412e+06 3.11249e+06 3.03387e+06
3.15127e+06 3.08572e+06 3.05879e+06
3.13379e+06 3.08415e+06 3.07659e+06
3.14957e+06 3.08317e+06 3.06359e+06
3.12874e+06 3.08485e+06 3.08378e+06
3.18917e+06 3.09969e+06 3.0378e+06
3.18245e+06 3.13621e+06 3.02794e+06
3.14313e+06 3.06506e+06 3.1284e+06
3.14289e+06 3.06663e+06 3.1509e+06
3.13451e+06 3.20139e+06 3.05173e+06
3.11149e+06 3.14864e+06 3.1252e+06
3.13508e+06 3.18684e+06 3.06424e+06
3.14199e+06 3.15506e+06 3.05427e+06
3.12581e+06 3.12474e+06 3.11248e+06
3.17255e+06 3.10078e+06 3.05008e+06
3.16577e+06 3.09785e+06 3.05816e+06
3.14103e+06 3.08336e+06 3.10772e+06
3.1542e+06 3.11476e+06 3.03982e+06
3.15899e+06 3.0709e+06 3.12478e+06
3.18647e+06 3.08004e+06 3.07951e+06
3.1804e+06 3.13312e+06 3.03211e+06
3.15176e+06 3.07328e+06 3.09585e+06
3.17588e+06 3.09477e+06 3.04859e+06
3.12909e+06 3.11382e+06 3.09132e+06
3.12826e+06 3.07727e+06 3.11558e+06
3.16145e+06 3.07827e+06 3.09437e+06
3.12682e+06 3.14519e+06 3.06487e+06
3.14944e+06 3.12844e+06 3.03786e+06
3.14968e+06 3.08597e+06 3.07101e+06
3.14525e+06 3.08185e+06 3.08884e+06
3.18372e+06 3.08753e+06 3.06818e+06
3.17729e+06 3.06663e+06 3.08541e+06
3.12954e+06 3.12066e+06 3.0692e+06
3.13271e+06 3.09056e+06 3.08573e+06
3.12715e+06 3.11949e+06 3.12608e+06
3.13265e+06 3.09878e+06 3.08843e+06
3.13496e+06 3.08478e+06 3.08674e+06
3.1295e+06 3.10027e+06 3.09568e+06
3.19498e+06 3.11129e+06 3.03901e+06
3.18364e+06 3.07082e+06 3.12847e+06
3.13169e+06 3.15255e+06 3.09109e+06
3.12897e+06 3.10497e+06 3.15275e+06
3.13833e+06 3.13939e+06 3.07587e+06
3.15695e+06 3.09977e+06 3.08044e+06
3.18138e+06 3.08621e+06 3.11046e+06
3.17178e+06 3.1187e+06 3.04031e+06
3.15959e+06 3.13125e+06 3.05816e+06
3.19166e+06 3.07726e+06 3.09305e+06
3.18809e+06 3.09331e+06 3.08805e+06
3.17718e+06 3.1136e+06 3.05157e+06
3.16925e+06 3.11533e+06 3.05326e+06
3.13053e+06 3.0953e+06 3.13977e+06
3.19246e+06 3.09667e+06 3.06148e+06
3.13551e+06 3.10939e+06 3.10402e+06
3.13046e+06 3.13189e+06 3.10112e+06
3.13586e+06 3.08706e+06 3.0916e+06
3.20502e+06 3.12724e+06 3.0413e+06
3.1426e+06 3.08778e+06 3.12054e+06
3.1307e+06 3.16727e+06 3.10389e+06
3.18197e+06 3.12593e+06 3.05049e+06
3.17214e+06 3.12833e+06 3.08655e+06
3.13691e+06 3.13625e+06 3.1185e+06
3.19639e+06 3.08805e+06 3.10756e+06
3.16489e+06 3.1042e+06 3.09238e+06
3.1478e+06 3.16235e+06 3.08699e+06
3.15104e+06 3.10177e+06 3.09712e+06
3.18036e+06 3.09441e+06 3.09686e+06
3.14156e+06 3.11247e+06 3.09661e+06
3.14677e+06 3.11228e+06 3.10479e+06
3.22366e+06 3.12987e+06 3.05962e+06
3.17571e+06 3.18382e+06 3.08836e+06
3.14676e+06 3.0924e+06 3.12502e+06
3.14212e+06 3.14661e+06 3.10768e+06
3.20256e+06 3.1395e+06 3.08705e+06
3.20145e+06 3.18368e+06 3.09431e+06
3.15764e+06 3.10823e+06 3.1138e+06
3.19119e+06 3.11662e+06 3.09794e+06
3.18496e+06 3.10512e+06 3.10856e+06
3.15519e+06 3.12555e+06 3.10082e+06
3.20728e+06 3.14834e+06 3.08993e+06
3.17264e+06 3.10032e+06 3.1326e+06
3.14856e+06 3.10446e+06 3.16295e+06
3.18437e+06 3.11754e+06 3.11406e+06
3.16891e+06 3.13155e+06 3.1015e+06
3.157e+06 3.10077e+06 3.12859e+06
3.24372e+06 3.15644e+06 3.09296e+06
3.1773e+06 3.18296e+06 3.10235e+06
3.15184e+06 3.00502e+06 2.99431e+06
3.08635e+06 2.90912e+06 3.12988e+06
3.08209e+06 3.07731e+06 2.97344e+06
3.00296e+06 2.96948e+06 3.15614e+06
2.9317e+06 3.07594e+06 3.14318e+06
2.94532e+06 3.02773e+06 3.01722e+06
3.11228e+06 3.07419e+06 2.9815e+06
3.11228e+06 3.07419e+06 2.9815e+06
2.9738e+06 3.02423e+06 3.10298e+06
3.15184e+06 3.00502e+06 2.99431e+06
2.99881e+06 2.99596e+06 3.07204e+06
2.97787e+06 2.99025e+06 3.08682e+06
3.04404e+06 2.94353e+06 3.11311e+06
3.02185e+06 2.9923e+06 3.03178e+06
3.04751e+06 2.95413e+06 3.0665e+06
3.02436e+06 2.96214e+06 3.12458e+06
3.10668e+06 2.93453e+06 3.1009e+06
3.00902e+06 3.00029e+06 3.05024e+06
3.06132e+06 2.9792e+06 3.06556e+06
3.08953e+06 3.00931e+06 2.99419e+06
3.09622e+06 3.00104e+06 2.99887e+06
3.03314e+06 2.98545e+06 3.00701e+06
3.06434e+06 3.00459e+06 2.99493e+06
3.07629e+06 2.92542e+06 3.10338e+06
3.0929e+06 2.92087e+06 3.10662e+06
3.0435e+06 2.98026e+06 3.04399e+06
3.04012e+06 2.95846e+06 3.1119e+06
3.08635e+06 2.90912e+06 3.12988e+06
3.02165e+06 2.97697e+06 3.11648e+06
3.04333e+06 2.97513e+06 3.07511e+06
3.05282e+06 2.9945e+06 2.99964e+06
3.01857e+06 3.01353e+06 3.04463e+06
3.04136e+06 2.98258e+06 3.02643e+06
3.07509e+06 2.9376e+06 3.09147e+06
3.07509e+06 2.9376e+06 3.09147e+06
3.03204e+06 3.01796e+06 2.99654e+06
3.01136e+06 2.98414e+06 3.14952e+06
3.03234e+06 2.96895e+06 3.08299e+06
3.02663e+06 2.98279e+06 3.04811e+06
3.04954e+06 2.92925e+06 3.14608e+06
3.00094e+06 3.01776e+06 3.00401e+06
3.01136e+06 2.98414e+06 3.14952e+06
3.04305e+06 2.95972e+06 3.08549e+06
3.0547e+06 2.93556e+06 3.0929e+06
2.9755e+06 3.01388e+06 3.12657e+06
3.00957e+06 2.9879e+06 3.10673e+06
3.03234e+06 2.96895e+06 3.08299e+06
3.08468e+06 2.95514e+06 3.00389e+06
3.02577e+06 2.95474e+06 3.13691e+06
3.04174e+06 2.95528e+06 3.0978e+06
3.04954e+06 2.92925e+06 3.14608e+06
3.0547e+06 2.93556e+06 3.0929e+06
3.0929e+06 2.92087e+06 3.10662e+06
3.03219e+06 2.97511e+06 3.10574e+06
3.02577e+06 2.95474e+06 3.13691e+06
3.03144e+06 3.01179e+06 3.02685e+06
2.97578e+06 3.01508e+06 3.10806e+06
3.01961e+06 2.97933e+06 3.10544e+06
3.08953e+06 3.00931e+06 2.99419e+06
3.02525e+06 2.97733e+06 3.10053e+06
3.03119e+06 2.98283e+06 3.044e+06
3.00902e+06 3.00029e+06 3.05024e+06
3.03314e+06 2.98545e+06 3.00701e+06
3.06132e+06 2.9792e+06 3.06556e+06
2.97578e+06 3.01508e+06 3.10806e+06
3.02158e+06 2.95732e+06 3.14536e+06
3.03144e+06 3.01179e+06 3.02685e+06
3.02158e+06 2.95732e+06 3.14536e+06
3.08635e+06 2.90912e+06 3.12988e+06
3.04174e+06 2.95528e+06 3.0978e+06
3.08635e+06 2.90912e+06 3.12988e+06
3.00902e+06 3.00029e+06 3.05024e+06
3.02525e+06 2.97733e+06 3.10053e+06
3.06132e+06 2.9792e+06 3.06556e+06
3.04136e+06 2.98258e+06 3.02643e+06
3.03119e+06 2.98283e+06 3.044e+06
3.03119e+06 2.98283e+06 3.044e+06
3.03119e+06 2.98283e+06 3.044e+06
3.08635e+06 2.90912e+06 3.12988e+06
3.0547e+06 2.93556e+06 3.0929e+06
3.04954e+06 2.92925e+06 3.14608e+06
3.03234e+06 2.96895e+06 3.08299e+06
3.02577e+06 2.95474e+06 3.13691e+06
3.02577e+06 2.95474e+06 3.13691e+06
3.01136e+06 2.98414e+06 3.14952e+06
3.00902e+06 3.00029e+06 3.05024e+06
2.97578e+06 3.01508e+06 3.10806e+06
3.16964e+06 2.9566e+06 3.05242e+06
3.0924e+06 3.07897e+06 2.97536e+06
3.08774e+06 2.91306e+06 3.14923e+06
3.0074e+06 2.98486e+06 3.17275e+06
2.99957e+06 3.09891e+06 3.05138e+06
2.9502e+06 3.07618e+06 3.06179e+06
2.95908e+06 3.0551e+06 3.07418e+06
3.16683e+06 3.03059e+06 2.99658e+06
3.04458e+06 2.96781e+06 3.13706e+06
3.06393e+06 2.95022e+06 3.15781e+06
2.97818e+06 3.00376e+06 3.17139e+06
3.12431e+06 2.98266e+06 3.03495e+06
3.14324e+06 2.95567e+06 3.07618e+06
3.08701e+06 3.09556e+06 2.9913e+06
2.99154e+06 2.99772e+06 3.15329e+06
3.02689e+06 3.08674e+06 3.00934e+06
2.99533e+06 3.01719e+06 3.10396e+06
2.98371e+06 3.0488e+06 3.05456e+06
3.14242e+06 2.96193e+06 3.0501e+06
3.02176e+06 3.03768e+06 3.03974e+06
3.11915e+06 3.04365e+06 2.99526e+06
3.01008e+06 3.0932e+06 3.02933e+06
3.10493e+06 2.93471e+06 3.11382e+06
3.10113e+06 2.92254e+06 3.12169e+06
2.95153e+06 3.04555e+06 3.09354e+06
3.08774e+06 2.91306e+06 3.14923e+06
3.10919e+06 2.94006e+06 3.09684e+06
3.03488e+06 3.00677e+06 3.04541e+06
3.06396e+06 2.94559e+06 3.10929e+06
3.07393e+06 2.95924e+06 3.09134e+06
3.02667e+06 2.97998e+06 3.12642e+06
3.06436e+06 2.96844e+06 3.10495e+06
3.04838e+06 3.07209e+06 2.99712e+06
3.09213e+06 3.04421e+06 3.00723e+06
3.04101e+06 3.06105e+06 3.03094e+06
2.98336e+06 3.02551e+06 3.09221e+06
3.01804e+06 3.06718e+06 3.0349e+06
2.9712e+06 3.03228e+06 3.09955e+06
3.08401e+06 2.98085e+06 3.071e+06
2.99647e+06 3.03395e+06 3.06075e+06
3.07647e+06 2.99993e+06 3.01397e+06
3.06127e+06 2.98614e+06 3.01666e+06
3.05376e+06 2.96884e+06 3.11143e+06
3.03119e+06 2.96103e+06 3.15756e+06
3.015e+06 3.01287e+06 3.0536e+06
3.03868e+06 2.98388e+06 3.12538e+06
3.00677e+06 3.06342e+06 3.03861e+06
3.02999e+06 2.99682e+06 3.06805e+06
3.0456e+06 3.00945e+06 3.0259e+06
3.09732e+06 2.94025e+06 3.09234e+06
3.0258e+06 3.0756e+06 3.01278e+06
3.09242e+06 2.98449e+06 3.02552e+06
3.04219e+06 3.04128e+06 3.02885e+06
3.05592e+06 2.97301e+06 3.07922e+06
3.09059e+06 2.96623e+06 3.0797e+06
3.05836e+06 2.97918e+06 3.07139e+06
3.05198e+06 2.95825e+06 3.12233e+06
3.05751e+06 2.9922e+06 3.03597e+06
3.10914e+06 2.95856e+06 3.08414e+06
3.08012e+06 2.92658e+06 3.11442e+06
2.97404e+06 3.03684e+06 3.06175e+06
3.04838e+06 3.07209e+06 2.99712e+06
3.04714e+06 3.00521e+06 3.04841e+06
2.99552e+06 2.99477e+06 3.09565e+06
3.09844e+06 2.92364e+06 3.12184e+06
3.01438e+06 3.06755e+06 3.0196e+06
3.01402e+06 2.98927e+06 3.11531e+06
2.99957e+06 3.09891e+06 3.05138e+06
3.00499e+06 2.9931e+06 3.09956e+06
3.06042e+06 3.01435e+06 3.02562e+06
3.03288e+06 3.0305e+06 3.03333e+06
3.1201e+06 2.95797e+06 3.07239e+06
3.04286e+06 2.9711e+06 3.12041e+06
3.08701e+06 3.09556e+06 2.9913e+06
3.14324e+06 2.95567e+06 3.07618e+06
2.9712e+06 3.03228e+06 3.09955e+06
3.1071e+06 2.93129e+06 3.10475e+06
3.04536e+06 3.03591e+06 3.01122e+06
3.08136e+06 2.97522e+06 3.0725e+06
3.01402e+06 2.98927e+06 3.11531e+06
3.05619e+06 2.9651e+06 3.10967e+06
3.01438e+06 3.06755e+06 3.0196e+06
3.04403e+06 3.0487e+06 3.01251e+06
3.04665e+06 2.95891e+06 3.11882e+06
3.09513e+06 2.98381e+06 3.04579e+06
3.02999e+06 2.99682e+06 3.06805e+06
3.07432e+06 2.9685e+06 3.08604e+06
2.97966e+06 3.02778e+06 3.1047e+06
3.08966e+06 2.98614e+06 3.03178e+06
3.0627e+06 2.98397e+06 3.03785e+06
3.1071e+06 2.93129e+06 3.10475e+06
3.00248e+06 3.02826e+06 3.05187e+06
3.10229e+06 2.96244e+06 3.03888e+06
3.08012e+06 2.92658e+06 3.11442e+06
3.00014e+06 3.00144e+06 3.07564e+06
3.0466e+06 2.96251e+06 3.12046e+06
3.00009e+06 3.03304e+06 3.0465e+06
3.056e+06 3.00051e+06 3.02762e+06
3.08136e+06 2.97522e+06 3.0725e+06
3.0425e+06 3.02633e+06 3.03312e+06
3.16964e+06 2.9566e+06 3.05242e+06
3.04545e+06 2.98315e+06 3.07695e+06
3.07432e+06 2.9685e+06 3.08604e+06
3.0976e+06 2.98522e+06 3.0138e+06
3.04113e+06 3.06742e+06 3.00816e+06
3.00499e+06 2.9931e+06 3.09956e+06
3.09183e+06 2.96568e+06 3.06126e+06
3.07393e+06 2.95924e+06 3.09134e+06
3.00248e+06 3.02826e+06 3.05187e+06
3.14242e+06 2.96193e+06 3.0501e+06
3.10919e+06 2.94006e+06 3.09684e+06
2.98148e+06 3.06729e+06 3.05386e+06
3.00014e+06 3.00144e+06 3.07564e+06
3.0074e+06 2.98486e+06 3.17275e+06
3.02599e+06 2.99723e+06 3.06108e+06
2.99647e+06 3.03395e+06 3.06075e+06
2.98148e+06 3.06729e+06 3.05386e+06
2.9502e+06 3.07618e+06 3.06179e+06
2.98371e+06 3.0488e+06 3.05456e+06
3.04838e+06 3.07209e+06 2.99712e+06
2.99957e+06 3.09891e+06 3.05138e+06
3.08136e+06 2.97522e+06 3.0725e+06
3.08701e+06 3.09556e+06 2.9913e+06
3.08136e+06 2.97522e+06 3.0725e+06
3.08136e+06 2.97522e+06 3.0725e+06
2.99957e+06 3.09891e+06 3.05138e+06
2.9502e+06 3.07618e+06 3.06179e+06
3.17312e+06 2.9675e+06 3.06615e+06
3.12096e+06 3.0853e+06 2.98436e+06
3.09532e+06 2.93436e+06 3.16324e+06
3.08573e+06 3.10435e+06 3.00352e+06
2.95496e+06 3.05118e+06 3.1348e+06
3.13283e+06 2.94041e+06 3.09488e+06
2.9638e+06 3.09502e+06 3.10509e+06
3.08023e+06 2.95284e+06 3.13026e+06
3.04298e+06 2.97537e+06 3.12576e+06
3.11083e+06 3.06389e+06 3.00912e+06
3.05958e+06 3.08215e+06 3.00909e+06
3.16072e+06 2.9851e+06 3.03387e+06
3.0532e+06 3.01466e+06 3.03086e+06
3.03352e+06 3.06737e+06 3.0369e+06
3.15106e+06 2.96634e+06 3.09037e+06
2.97328e+06 3.09464e+06 3.0926e+06
3.01049e+06 3.05743e+06 3.05269e+06
2.99904e+06 3.08926e+06 3.0585e+06
3.08573e+06 3.10435e+06 3.00352e+06
3.04947e+06 3.043e+06 3.0114e+06
3.11866e+06 2.96449e+06 3.09438e+06
3.07363e+06 2.96612e+06 3.14139e+06
3.00444e+06 3.00755e+06 3.09006e+06
3.06793e+06 2.99134e+06 3.01764e+06
3.02968e+06 3.01866e+06 3.08309e+06
3.09136e+06 2.98519e+06 3.06988e+06
3.07148e+06 2.99055e+06 3.07211e+06
3.05693e+06 2.96889e+06 3.13718e+06
3.00125e+06 3.02171e+06 3.1494e+06
3.00103e+06 3.09523e+06 3.04651e+06
3.05096e+06 3.0252e+06 3.0598e+06
3.0645e+06 2.99461e+06 3.07127e+06
3.1166e+06 2.9724e+06 3.09113e+06
2.97995e+06 3.03737e+06 3.13272e+06
3.05886e+06 3.00497e+06 3.05466e+06
3.07621e+06 2.981e+06 3.07922e+06
3.01328e+06 3.08422e+06 3.03971e+06
2.98967e+06 3.0277e+06 3.0968e+06
3.05269e+06 3.0112e+06 3.03727e+06
2.95496e+06 3.05118e+06 3.1348e+06
3.02083e+06 3.06529e+06 3.04392e+06
3.04001e+06 3.00074e+06 3.07468e+06
2.98197e+06 3.05326e+06 3.09804e+06
3.01801e+06 3.0351e+06 3.04694e+06
3.06793e+06 2.99134e+06 3.01764e+06
2.98477e+06 3.0297e+06 3.15221e+06
3.0115e+06 3.00658e+06 3.08485e+06
3.0228e+06 3.0311e+06 3.06535e+06
2.98557e+06 3.02853e+06 3.15501e+06
3.02374e+06 2.99889e+06 3.09627e+06
3.03708e+06 2.99281e+06 3.12877e+06
3.04638e+06 2.97392e+06 3.12594e+06
3.01505e+06 3.03042e+06 3.07486e+06
3.11917e+06 2.96827e+06 3.04971e+06
2.9951e+06 3.04468e+06 3.07862e+06
3.04349e+06 3.02353e+06 3.06736e+06
3.03515e+06 3.02139e+06 3.08131e+06
3.01901e+06 2.99718e+06 3.12912e+06
2.9951e+06 3.04468e+06 3.07862e+06
3.05726e+06 2.98172e+06 3.09727e+06
2.98197e+06 3.05326e+06 3.09804e+06
3.03999e+06 3.03292e+06 3.0447e+06
2.97995e+06 3.03737e+06 3.13272e+06
2.98568e+06 3.04666e+06 3.06841e+06
3.00206e+06 3.03189e+06 3.08353e+06
2.98568e+06 3.04666e+06 3.06841e+06
3.07864e+06 2.97363e+06 3.08174e+06
3.07803e+06 2.96646e+06 3.09621e+06
3.039e+06 3.00607e+06 3.06889e+06
2.98557e+06 3.02853e+06 3.15501e+06
3.04963e+06 3.00597e+06 3.06878e+06
2.95496e+06 3.05118e+06 3.1348e+06
2.95496e+06 3.05118e+06 3.1348e+06
3.15494e+06 2.96969e+06 3.07585e+06
3.146e+06 2.96588e+06 3.11553e+06
3.06072e+06 3.0732e+06 3.01569e+06
2.97518e+06 3.1208e+06 3.09571e+06
2.96914e+06 3.06977e+06 3.18017e+06
2.95772e+06 3.08216e+06 3.14692e+06
2.95772e+06 3.08216e+06 3.14692e+06
2.9777e+06 3.09982e+06 3.11271e+06
3.00578e+06 3.1025e+06 3.06602e+06
2.97391e+06 3.06935e+06 3.16251e+06
2.96914e+06 3.06977e+06 3.18017e+06
2.99419e+06 3.04815e+06 3.06969e+06
3.1196e+06 2.98605e+06 3.08249e+06
3.09936e+06 2.97444e+06 3.15606e+06
3.12184e+06 2.99343e+06 3.03268e+06
3.10089e+06 2.97748e+06 3.08542e+06
3.03844e+06 3.00175e+06 3.13304e+06
2.97518e+06 3.1208e+06 3.09571e+06
3.13799e+06 2.97188e+06 3.09666e+06
2.99286e+06 3.05994e+06 3.10614e+06
3.06577e+06 3.06451e+06 3.01674e+06
3.04525e+06 2.9997e+06 3.11627e+06
3.07921e+06 3.04104e+06 3.02541e+06
3.15019e+06 2.97169e+06 3.06158e+06
2.99119e+06 3.03017e+06 3.10741e+06
2.99192e+06 3.07388e+06 3.07332e+06
3.04411e+06 3.03487e+06 3.05749e+06
3.0872e+06 2.97891e+06 3.11608e+06
3.01354e+06 3.02608e+06 3.10947e+06
3.09321e+06 2.9923e+06 3.08956e+06
3.00479e+06 3.03123e+06 3.10679e+06
3.08978e+06 2.99721e+06 3.04062e+06
3.03588e+06 3.07288e+06 3.04819e+06
3.04552e+06 3.01708e+06 3.08058e+06
3.02838e+06 3.04332e+06 3.07754e+06
3.04259e+06 3.00463e+06 3.1028e+06
3.06673e+06 3.04436e+06 3.0295e+06
3.0382e+06 2.99718e+06 3.13913e+06
3.05525e+06 3.0614e+06 3.03657e+06
3.03643e+06 3.07087e+06 3.0467e+06
3.03946e+06 3.04223e+06 3.0536e+06
3.0777e+06 2.9841e+06 3.11315e+06
3.07212e+06 3.02079e+06 3.07972e+06
2.97556e+06 3.06095e+06 3.14425e+06
3.05856e+06 2.97819e+06 3.13538e+06
3.01775e+06 3.01421e+06 3.09914e+06
3.00539e+06 3.00896e+06 3.11183e+06
3.14147e+06 2.97615e+06 3.08349e+06
3.07683e+06 2.99486e+06 3.04815e+06
3.06894e+06 3.01393e+06 3.08246e+06
3.09006e+06 3.01941e+06 3.03563e+06
3.01558e+06 3.03939e+06 3.0899e+06
3.02655e+06 3.00719e+06 3.10053e+06
3.06504e+06 3.03031e+06 3.07004e+06
3.05252e+06 3.0009e+06 3.08991e+06
3.04491e+06 3.00322e+06 3.09239e+06
3.13868e+06 3.00733e+06 3.02544e+06
3.02491e+06 3.04392e+06 3.08784e+06
3.07137e+06 3.02342e+06 3.06742e+06
3.06631e+06 3.02715e+06 3.05492e+06
3.05363e+06 3.03995e+06 3.05629e+06
3.02243e+06 3.02355e+06 3.08991e+06
3.05968e+06 2.99933e+06 3.0994e+06
3.06846e+06 3.02422e+06 3.06847e+06
3.02158e+06 3.04433e+06 3.06857e+06
3.09163e+06 2.99271e+06 3.08388e+06
3.06625e+06 3.00379e+06 3.08408e+06
3.14424e+06 3.02325e+06 3.03323e+06
3.11356e+06 2.98265e+06 3.09888e+06
3.06093e+06 3.08477e+06 3.02091e+06
3.02091e+06 3.02948e+06 3.171e+06
2.99545e+06 3.09207e+06 3.09776e+06
2.99185e+06 3.04897e+06 3.12488e+06
3.12949e+06 3.06326e+06 3.03009e+06
3.09191e+06 2.99002e+06 3.12205e+06
3.01182e+06 3.03265e+06 3.14978e+06
3.0947e+06 2.99903e+06 3.0972e+06
2.99769e+06 3.0733e+06 3.07972e+06
3.02199e+06 3.02939e+06 3.14687e+06
3.04072e+06 3.06182e+06 3.05428e+06
3.04092e+06 3.05674e+06 3.0679e+06
3.02814e+06 3.00813e+06 3.12785e+06
3.06796e+06 3.06907e+06 3.03746e+06
3.08143e+06 3.05007e+06 3.04644e+06
3.00571e+06 3.05513e+06 3.07707e+06
3.05296e+06 3.0429e+06 3.07045e+06
3.0652e+06 3.06426e+06 3.04349e+06
3.07842e+06 3.00363e+06 3.04971e+06
3.04817e+06 3.03645e+06 3.0866e+06
3.02918e+06 3.02569e+06 3.09586e+06
3.057e+06 3.00486e+06 3.10884e+06
3.04541e+06 3.01464e+06 3.10395e+06
3.03894e+06 3.02019e+06 3.10371e+06
3.07697e+06 3.01524e+06 3.08084e+06
3.036e+06 3.00984e+06 3.11682e+06
3.00885e+06 3.05657e+06 3.07318e+06
3.04872e+06 3.01945e+06 3.09057e+06
3.0239e+06 3.05391e+06 3.11373e+06
3.07052e+06 3.01072e+06 3.08483e+06
3.02131e+06 3.046e+06 3.11794e+06
3.02645e+06 3.03259e+06 3.10959e+06
3.07256e+06 3.00172e+06 3.09454e+06
3.04699e+06 3.04578e+06 3.08675e+06
3.06704e+06 3.01235e+06 3.09298e+06
3.0513e+06 3.01722e+06 3.09205e+06
3.05498e+06 3.00744e+06 3.09359e+06
3.04638e+06 3.05168e+06 3.09097e+06
3.06621e+06 3.03099e+06 3.08502e+06
3.03667e+06 3.02419e+06 3.09838e+06
3.04715e+06 3.05365e+06 3.07262e+06
3.06381e+06 3.02563e+06 3.08643e+06
3.07144e+06 3.00605e+06 3.09189e+06
3.06177e+06 3.00112e+06 3.11534e+06
3.02739e+06 3.01708e+06 3.11431e+06
3.06481e+06 3.00096e+06 3.0949e+06
3.12688e+06 3.00673e+06 3.05168e+06
3.10862e+06 2.99355e+06 3.18056e+06
3.05884e+06 3.08872e+06 3.06018e+06
2.99865e+06 3.07526e+06 3.08608e+06
3.03388e+06 3.01127e+06 3.13014e+06
3.0338e+06 3.03404e+06 3.12716e+06
3.07515e+06 3.04504e+06 3.07904e+06
3.00876e+06 3.05611e+06 3.12536e+06
3.0997e+06 2.99906e+06 3.10757e+06
3.10525e+06 3.06387e+06 3.05241e+06
3.08375e+06 3.00647e+06 3.05373e+06
3.05926e+06 3.05217e+06 3.09255e+06
3.07326e+06 3.00241e+06 3.11235e+06
3.11459e+06 3.01212e+06 3.05344e+06
3.03534e+06 3.04549e+06 3.11736e+06
3.05402e+06 3.01989e+06 3.09842e+06
3.03429e+06 3.07982e+06 3.08347e+06
3.04193e+06 3.07893e+06 3.08092e+06
3.05028e+06 3.02447e+06 3.10541e+06
3.04004e+06 3.02996e+06 3.10202e+06
3.0637e+06 3.02464e+06 3.09561e+06
3.03956e+06 3.05793e+06 3.09626e+06
3.00589e+06 3.05753e+06 3.10837e+06
3.0417e+06 3.02268e+06 3.11846e+06
3.06308e+06 3.00429e+06 3.12312e+06
3.05788e+06 3.00798e+06 3.11018e+06
3.08355e+06 3.01441e+06 3.09708e+06
3.08182e+06 3.00405e+06 3.10906e+06
3.0819e+06 3.02635e+06 3.07947e+06
3.06092e+06 3.014e+06 3.09894e+06
3.0581e+06 3.01038e+06 3.1041e+06
3.1682e+06 3.02865e+06 3.06128e+06
3.10392e+06 2.99974e+06 3.10931e+06
3.0925e+06 3.09044e+06 3.05799e+06
3.0841e+06 3.10654e+06 3.07095e+06
3.03715e+06 3.03928e+06 3.14129e+06
3.00182e+06 3.0799e+06 3.10597e+06
3.13455e+06 3.00688e+06 3.09053e+06
3.01436e+06 3.07499e+06 3.13282e+06
3.05469e+06 3.02664e+06 3.12274e+06
3.07082e+06 3.09078e+06 3.07424e+06
3.11035e+06 3.01283e+06 3.08366e+06
3.0106e+06 3.06523e+06 3.13382e+06
3.02145e+06 3.06601e+06 3.10858e+06
3.04978e+06 3.03918e+06 3.10244e+06
3.04685e+06 3.04764e+06 3.10438e+06
3.0756e+06 3.07919e+06 3.07956e+06
3.06799e+06 3.03833e+06 3.11102e+06
3.095e+06 3.01763e+06 3.069e+06
3.03835e+06 3.05812e+06 3.1196e+06
3.09904e+06 3.0169e+06 3.08541e+06
3.08837e+06 3.05484e+06 3.08085e+06
3.04683e+06 3.08232e+06 3.08319e+06
3.10779e+06 3.00401e+06 3.10833e+06
3.10135e+06 3.008e+06 3.11649e+06
3.08421e+06 3.02141e+06 3.08114e+06
3.06956e+06 3.03212e+06 3.12228e+06
3.03859e+06 3.06561e+06 3.1121e+06
3.04413e+06 3.02948e+06 3.13345e+06
3.08612e+06 3.0087e+06 3.10595e+06
3.09444e+06 3.03185e+06 3.06056e+06
3.13507e+06 3.0449e+06 3.07572e+06
3.10208e+06 3.01003e+06 3.12109e+06
3.05956e+06 3.08271e+06 3.09941e+06
3.03791e+06 3.04244e+06 3.17233e+06
3.02299e+06 3.07808e+06 3.13449e+06
3.11125e+06 3.03594e+06 3.0772e+06
3.06553e+06 3.06551e+06 3.10867e+06
3.06772e+06 3.04691e+06 3.10644e+06
3.05371e+06 3.02969e+06 3.16354e+06
3.07522e+06 3.02725e+06 3.1251e+06
3.0882e+06 3.01898e+06 3.11592e+06
3.10383e+06 3.01729e+06 3.08583e+06
3.05356e+06 3.03597e+06 3.13772e+06
3.05203e+06 3.06935e+06 3.13489e+06
3.05631e+06 3.03652e+06 3.12678e+06
3.04356e+06 3.08233e+06 3.10774e+06
3.09234e+06 3.01473e+06 3.16481e+06
3.09385e+06 3.01612e+06 3.11796e+06
3.09163e+06 3.01892e+06 3.10809e+06
3.11202e+06 3.02715e+06 3.09794e+06
3.10553e+06 3.02758e+06 3.08765e+06
3.10532e+06 3.06733e+06 3.0954e+06
3.09289e+06 3.02623e+06 3.11682e+06
3.07687e+06 3.04368e+06 3.14394e+06
3.07007e+06 3.0522e+06 3.10792e+06
3.08778e+06 3.04833e+06 3.14163e+06
3.13139e+06 3.03316e+06 3.0943e+06
3.07666e+06 3.09227e+06 3.1117e+06
3.11701e+06 3.04881e+06 3.10574e+06
3.24405e+06 3.16884e+06 3.04032e+06
3.16732e+06 3.19135e+06 3.00825e+06
3.15386e+06 3.0602e+06 3.13984e+06
3.06146e+06 3.31041e+06 3.12519e+06
3.0537e+06 3.17809e+06 3.20127e+06
3.0301e+06 3.20586e+06 3.19568e+06
3.05312e+06 3.22473e+06 3.17585e+06
3.03233e+06 3.28994e+06 3.13596e+06
3.08233e+06 3.26181e+06 3.12902e+06
3.22251e+06 3.18814e+06 3.03338e+06
3.1991e+06 3.0827e+06 3.12356e+06
3.24184e+06 3.09801e+06 3.09917e+06
3.06738e+06 3.2361e+06 3.16432e+06
3.10087e+06 3.16326e+06 3.0723e+06
3.15386e+06 3.0602e+06 3.13984e+06
3.06146e+06 3.31041e+06 3.12519e+06
3.03233e+06 3.28994e+06 3.13596e+06
3.15017e+06 3.17274e+06 3.05711e+06
3.08995e+06 3.15424e+06 3.09125e+06
3.13826e+06 3.19112e+06 3.06805e+06
3.07686e+06 3.23514e+06 3.13453e+06
3.16272e+06 3.11484e+06 3.06922e+06
3.18369e+06 3.14167e+06 3.06178e+06
3.23038e+06 3.09872e+06 3.11577e+06
3.2057e+06 3.10942e+06 3.08467e+06
3.06076e+06 3.2641e+06 3.14359e+06
3.05327e+06 3.21637e+06 3.1824e+06
3.15487e+06 3.16823e+06 3.04293e+06
3.03102e+06 3.27826e+06 3.19491e+06
3.18881e+06 3.08494e+06 3.12684e+06
3.11429e+06 3.1925e+06 3.04729e+06
3.03102e+06 3.27826e+06 3.19491e+06
3.06076e+06 3.2641e+06 3.14359e+06
3.05327e+06 3.21637e+06 3.1824e+06
3.16194e+06 3.09525e+06 3.13574e+06
3.21548e+06 3.1491e+06 3.04613e+06
3.17854e+06 3.1754e+06 3.04247e+06
3.10462e+06 3.11984e+06 3.14153e+06
3.06867e+06 3.19396e+06 3.13966e+06
3.23038e+06 3.09872e+06 3.11577e+06
3.11429e+06 3.1925e+06 3.04729e+06
3.20572e+06 3.16213e+06 3.04634e+06
3.05634e+06 3.17954e+06 3.17797e+06
3.08541e+06 3.18708e+06 3.1337e+06
3.15337e+06 3.08673e+06 3.19024e+06
3.1165e+06 3.14586e+06 3.08021e+06
3.05634e+06 3.17954e+06 3.17797e+06
3.06792e+06 3.2065e+06 3.15003e+06
3.14503e+06 3.08925e+06 3.1966e+06
3.15179e+06 3.16302e+06 3.0802e+06
3.21548e+06 3.1491e+06 3.04613e+06
3.15062e+06 3.19366e+06 3.03754e+06
3.08812e+06 3.20972e+06 3.13026e+06
3.12262e+06 3.23055e+06 3.04452e+06
3.06856e+06 3.19802e+06 3.17079e+06
3.15017e+06 3.17274e+06 3.05711e+06
3.22251e+06 3.18814e+06 3.03338e+06
3.09587e+06 3.14804e+06 3.11054e+06
3.13334e+06 3.11655e+06 3.15766e+06
3.12262e+06 3.23055e+06 3.04452e+06
3.07231e+06 3.14018e+06 3.17237e+06
3.1991e+06 3.0827e+06 3.12356e+06
3.2253e+06 3.13959e+06 3.04615e+06
3.17754e+06 3.1059e+06 3.09317e+06
3.1991e+06 3.0827e+06 3.12356e+06
3.13248e+06 3.14248e+06 3.10344e+06
3.17222e+06 3.1013e+06 3.12946e+06
3.06792e+06 3.2065e+06 3.15003e+06
3.2057e+06 3.10942e+06 3.08467e+06
3.15469e+06 3.13233e+06 3.10884e+06
3.09618e+06 3.12575e+06 3.19234e+06
3.0301e+06 3.20586e+06 3.19568e+06
3.1858e+06 3.10298e+06 3.1157e+06
3.15077e+06 3.11682e+06 3.15649e+06
3.08995e+06 3.15424e+06 3.09125e+06
3.0537e+06 3.17809e+06 3.20127e+06
3.07231e+06 3.14018e+06 3.17237e+06
3.06628e+06 3.2295e+06 3.16788e+06
3.1431e+06 3.13031e+06 3.11568e+06
3.12615e+06 3.10774e+06 3.16922e+06
3.17754e+06 3.1059e+06 3.09317e+06
3.17222e+06 3.1013e+06 3.12946e+06
3.06628e+06 3.2295e+06 3.16788e+06
3.10341e+06 3.13572e+06 3.13356e+06
3.09966e+06 3.14692e+06 3.17038e+06
3.18331e+06 3.09839e+06 3.13516e+06
3.08383e+06 3.17687e+06 3.1619e+06
3.13e+06 3.11985e+06 3.12669e+06
3.12615e+06 3.10774e+06 3.16922e+06
3.08812e+06 3.20972e+06 3.13026e+06
3.22073e+06 3.10517e+06 3.1131e+06
3.08518e+06 3.15963e+06 3.16774e+06
3.14503e+06 3.08925e+06 3.1966e+06
3.18881e+06 3.08494e+06 3.12684e+06
3.12963e+06 3.12993e+06 3.1404e+06
3.13248e+06 3.14248e+06 3.10344e+06
3.0886e+06 3.1482e+06 3.16741e+06
3.10462e+06 3.11984e+06 3.14153e+06
3.22073e+06 3.10517e+06 3.1131e+06
3.13526e+06 3.10226e+06 3.19135e+06
3.12963e+06 3.12993e+06 3.1404e+06
3.1545e+06 3.1393e+06 3.10957e+06
3.13e+06 3.11985e+06 3.12669e+06
3.10341e+06 3.13572e+06 3.13356e+06
3.14503e+06 3.08925e+06 3.1966e+06
3.22073e+06 3.10517e+06 3.1131e+06
3.06738e+06 3.2361e+06 3.16432e+06
3.06856e+06 3.19802e+06 3.17079e+06
3.15469e+06 3.13233e+06 3.10884e+06
3.09618e+06 3.12575e+06 3.19234e+06
3.13491e+06 3.11718e+06 3.13216e+06
3.16194e+06 3.09525e+06 3.13574e+06
3.15405e+06 3.13989e+06 3.08168e+06
3.13248e+06 3.14248e+06 3.10344e+06
3.08383e+06 3.17687e+06 3.1619e+06
3.14141e+06 3.10699e+06 3.16073e+06
3.09618e+06 3.12575e+06 3.19234e+06
3.14141e+06 3.10699e+06 3.16073e+06
3.15337e+06 3.08673e+06 3.19024e+06
3.14141e+06 3.10699e+06 3.16073e+06
3.1165e+06 3.14586e+06 3.08021e+06
3.15297e+06 3.10695e+06 3.11161e+06
3.13491e+06 3.11718e+06 3.13216e+06
3.15099e+06 3.14224e+06 3.09277e+06
3.09966e+06 3.14692e+06 3.17038e+06
3.20572e+06 3.16213e+06 3.04634e+06
3.0301e+06 3.20586e+06 3.19568e+06
3.15405e+06 3.13989e+06 3.08168e+06
3.08518e+06 3.15963e+06 3.16774e+06
3.13526e+06 3.10226e+06 3.19135e+06
3.1431e+06 3.13031e+06 3.11568e+06
3.15077e+06 3.11682e+06 3.15649e+06
3.15266e+06 3.14184e+06 3.11094e+06
3.0886e+06 3.1482e+06 3.16741e+06
3.15179e+06 3.16302e+06 3.0802e+06
3.13491e+06 3.11718e+06 3.13216e+06
3.10341e+06 3.13572e+06 3.13356e+06
3.1545e+06 3.1393e+06 3.10957e+06
3.18331e+06 3.09839e+06 3.13516e+06
3.08518e+06 3.15963e+06 3.16774e+06
3.15266e+06 3.14184e+06 3.11094e+06
3.15297e+06 3.10695e+06 3.11161e+06
3.09618e+06 3.12575e+06 3.19234e+06
3.14503e+06 3.08925e+06 3.1966e+06
3.15099e+06 3.14224e+06 3.09277e+06
3.13526e+06 3.10226e+06 3.19135e+06
3.13e+06 3.11985e+06 3.12669e+06
3.23038e+06 3.09872e+06 3.11577e+06
3.20572e+06 3.16213e+06 3.04634e+06
3.17222e+06 3.1013e+06 3.12946e+06
3.15179e+06 3.16302e+06 3.0802e+06
3.15017e+06 3.17274e+06 3.05711e+06
3.1431e+06 3.13031e+06 3.11568e+06
3.13526e+06 3.10226e+06 3.19135e+06
3.0886e+06 3.1482e+06 3.16741e+06
3.07231e+06 3.14018e+06 3.17237e+06
3.07231e+06 3.14018e+06 3.17237e+06
3.06856e+06 3.19802e+06 3.17079e+06
3.06738e+06 3.2361e+06 3.16432e+06
3.05634e+06 3.17954e+06 3.17797e+06
3.27677e+06 3.10268e+06 3.1344e+06
3.1867e+06 3.08549e+06 3.14704e+06
3.18233e+06 3.23848e+06 3.00895e+06
3.10836e+06 3.13587e+06 3.22965e+06
3.0813e+06 3.28319e+06 3.13925e+06
3.06395e+06 3.28044e+06 3.15409e+06
3.18613e+06 3.11342e+06 3.21129e+06
3.13254e+06 3.12986e+06 3.15906e+06
3.11113e+06 3.14131e+06 3.18306e+06
3.2055e+06 3.11807e+06 3.09709e+06
3.24895e+06 3.11738e+06 3.08446e+06
3.20012e+06 3.17183e+06 3.05605e+06
3.24895e+06 3.11738e+06 3.08446e+06
3.07238e+06 3.1991e+06 3.15309e+06
3.14812e+06 3.15584e+06 3.1152e+06
3.18216e+06 3.22439e+06 3.02718e+06
3.08353e+06 3.25315e+06 3.13542e+06
3.12314e+06 3.13579e+06 3.19023e+06
3.09457e+06 3.16192e+06 3.12753e+06
3.15118e+06 3.1501e+06 3.10754e+06
3.15877e+06 3.18498e+06 3.07601e+06
3.19045e+06 3.21259e+06 3.01732e+06
3.19045e+06 3.21259e+06 3.01732e+06
3.1626e+06 3.18382e+06 3.06286e+06
3.08938e+06 3.19665e+06 3.14223e+06
3.17333e+06 3.19694e+06 3.03527e+06
3.12183e+06 3.17529e+06 3.07729e+06
3.17039e+06 3.18021e+06 3.0666e+06
3.12383e+06 3.15944e+06 3.09844e+06
3.19988e+06 3.11995e+06 3.09284e+06
3.18233e+06 3.23848e+06 3.00895e+06
3.17569e+06 3.22149e+06 3.03452e+06
3.08452e+06 3.24719e+06 3.13896e+06
3.20311e+06 3.12165e+06 3.08431e+06
3.12262e+06 3.14603e+06 3.15007e+06
3.16794e+06 3.14252e+06 3.11996e+06
3.13195e+06 3.15927e+06 3.1395e+06
3.20548e+06 3.11928e+06 3.12517e+06
3.18279e+06 3.14305e+06 3.071e+06
3.09417e+06 3.22374e+06 3.12665e+06
3.17876e+06 3.15278e+06 3.07235e+06
3.08353e+06 3.25315e+06 3.13542e+06
3.1233e+06 3.1517e+06 3.14318e+06
3.16777e+06 3.16168e+06 3.07624e+06
3.16941e+06 3.12614e+06 3.0811e+06
3.1321e+06 3.14858e+06 3.14182e+06
3.16941e+06 3.12614e+06 3.0811e+06
3.08452e+06 3.24719e+06 3.13896e+06
3.17469e+06 3.15879e+06 3.07946e+06
3.17569e+06 3.22149e+06 3.03452e+06
3.17876e+06 3.15278e+06 3.07235e+06
3.0813e+06 3.28319e+06 3.13925e+06
3.19988e+06 3.11995e+06 3.09284e+06
3.16816e+06 3.12873e+06 3.09803e+06
3.17469e+06 3.15879e+06 3.07946e+06
3.17333e+06 3.19694e+06 3.03527e+06
3.16816e+06 3.12873e+06 3.09803e+06
3.18279e+06 3.14305e+06 3.071e+06
3.16777e+06 3.16168e+06 3.07624e+06
3.17333e+06 3.19694e+06 3.03527e+06
3.08452e+06 3.24719e+06 3.13896e+06
3.19045e+06 3.21259e+06 3.01732e+06
3.18279e+06 3.14305e+06 3.071e+06
3.16816e+06 3.12873e+06 3.09803e+06
3.26526e+06 3.14944e+06 3.11268e+06
3.22908e+06 3.11989e+06 3.13548e+06
3.20489e+06 3.22555e+06 3.03052e+06
3.10419e+06 3.22886e+06 3.21625e+06
3.08282e+06 3.26212e+06 3.17939e+06
3.2019e+06 3.25158e+06 3.04394e+06
3.10681e+06 3.19084e+06 3.13546e+06
3.213e+06 3.18154e+06 3.06845e+06
3.16949e+06 3.21101e+06 3.10051e+06
3.15132e+06 3.24228e+06 3.08265e+06
3.16137e+06 3.14255e+06 3.16508e+06
3.17444e+06 3.13448e+06 3.20987e+06
3.13564e+06 3.21355e+06 3.09041e+06
3.14568e+06 3.16599e+06 3.15024e+06
3.11568e+06 3.23322e+06 3.1282e+06
3.17877e+06 3.16276e+06 3.07387e+06
3.1268e+06 3.15706e+06 3.18995e+06
3.14954e+06 3.1538e+06 3.19872e+06
3.13198e+06 3.26189e+06 3.12816e+06
3.15353e+06 3.15544e+06 3.15722e+06
3.16442e+06 3.13884e+06 3.18658e+06
3.15203e+06 3.21646e+06 3.08682e+06
3.19267e+06 3.12748e+06 3.11623e+06
3.21879e+06 3.1247e+06 3.12843e+06
3.22581e+06 3.12737e+06 3.11969e+06
3.12939e+06 3.18188e+06 3.17604e+06
3.16081e+06 3.17402e+06 3.11482e+06
3.18252e+06 3.12789e+06 3.12944e+06
3.12851e+06 3.18638e+06 3.14571e+06
3.12001e+06 3.18102e+06 3.17748e+06
3.20709e+06 3.15201e+06 3.10426e+06
3.17507e+06 3.13151e+06 3.13134e+06
3.17767e+06 3.12682e+06 3.14147e+06
3.13413e+06 3.17595e+06 3.10807e+06
3.16333e+06 3.16856e+06 3.10242e+06
3.1696e+06 3.17738e+06 3.10196e+06
3.16816e+06 3.15465e+06 3.14756e+06
3.20641e+06 3.12684e+06 3.12954e+06
3.25498e+06 3.12208e+06 3.26179e+06
3.21478e+06 3.22798e+06 3.05377e+06
3.11682e+06 3.29424e+06 3.13635e+06
3.10716e+06 3.24102e+06 3.18733e+06
3.1461e+06 3.17938e+06 3.21495e+06
3.14198e+06 3.25642e+06 3.12202e+06
3.21893e+06 3.19377e+06 3.07784e+06
3.2345e+06 3.16364e+06 3.11639e+06
3.19425e+06 3.24781e+06 3.08946e+06
3.19219e+06 3.14656e+06 3.1887e+06
3.1199e+06 3.19609e+06 3.14729e+06
3.13526e+06 3.21314e+06 3.12881e+06
3.22376e+06 3.1312e+06 3.14246e+06
3.20977e+06 3.13359e+06 3.13279e+06
3.12997e+06 3.21769e+06 3.13736e+06
3.15257e+06 3.25547e+06 3.09306e+06
3.11071e+06 3.19287e+06 3.20075e+06
3.14739e+06 3.20908e+06 3.11089e+06
3.12531e+06 3.2046e+06 3.13996e+06
3.18323e+06 3.1536e+06 3.18222e+06
3.12262e+06 3.19092e+06 3.17522e+06
3.16124e+06 3.15474e+06 3.20124e+06
3.14029e+06 3.19436e+06 3.15591e+06
3.15738e+06 3.1768e+06 3.18527e+06
3.18608e+06 3.16459e+06 3.09599e+06
3.17539e+06 3.14151e+06 3.21078e+06
3.19943e+06 3.12794e+06 3.16689e+06
3.20506e+06 3.1412e+06 3.12733e+06
3.19003e+06 3.16019e+06 3.16944e+06
3.23249e+06 3.18261e+06 3.09051e+06
3.14107e+06 3.18378e+06 3.12366e+06
3.17975e+06 3.16809e+06 3.11517e+06
3.16748e+06 3.17195e+06 3.12752e+06
3.17657e+06 3.15822e+06 3.17899e+06
3.19608e+06 3.13853e+06 3.12735e+06
3.16286e+06 3.17363e+06 3.16455e+06
3.21412e+06 3.20657e+06 3.09096e+06
3.16468e+06 3.17514e+06 3.15893e+06
3.17314e+06 3.19237e+06 3.10429e+06
3.23278e+06 3.12247e+06 3.13787e+06
3.17505e+06 3.20543e+06 3.10323e+06
3.1974e+06 3.21755e+06 3.09246e+06
3.17765e+06 3.16584e+06 3.17188e+06
3.17415e+06 3.17086e+06 3.16102e+06
3.17731e+06 3.16915e+06 3.14603e+06
3.16396e+06 3.19201e+06 3.1055e+06
3.19919e+06 3.13005e+06 3.17137e+06
3.1169e+06 3.19193e+06 3.16015e+06
3.24684e+06 3.14758e+06 3.15266e+06
3.24236e+06 3.13326e+06 3.15808e+06
3.22762e+06 3.23696e+06 3.08342e+06
3.16411e+06 3.17974e+06 3.2212e+06
3.14265e+06 3.2777e+06 3.13927e+06
3.11824e+06 3.23542e+06 3.17191e+06
3.18737e+06 3.16508e+06 3.19037e+06
3.21159e+06 3.24152e+06 3.09714e+06
3.23159e+06 3.14601e+06 3.16734e+06
3.24306e+06 3.2041e+06 3.09178e+06
3.12363e+06 3.22246e+06 3.18199e+06
3.22088e+06 3.16136e+06 3.13071e+06
3.17262e+06 3.21293e+06 3.1175e+06
3.20651e+06 3.15025e+06 3.13803e+06
3.13019e+06 3.19703e+06 3.15062e+06
3.15884e+06 3.18415e+06 3.17979e+06
3.13888e+06 3.19318e+06 3.17026e+06
3.1893e+06 3.17501e+06 3.11005e+06
3.2252e+06 3.17039e+06 3.09966e+06
3.21451e+06 3.14611e+06 3.16099e+06
3.15268e+06 3.18983e+06 3.12367e+06
3.15812e+06 3.18896e+06 3.17441e+06
3.18537e+06 3.22622e+06 3.10519e+06
3.16941e+06 3.22102e+06 3.10629e+06
3.20977e+06 3.15623e+06 3.13189e+06
3.22465e+06 3.22885e+06 3.09848e+06
3.19938e+06 3.15685e+06 3.14864e+06
3.15005e+06 3.20448e+06 3.15012e+06
3.19479e+06 3.17444e+06 3.15164e+06
3.19956e+06 3.17281e+06 3.13777e+06
3.14686e+06 3.18971e+06 3.16379e+06
3.16928e+06 3.2227e+06 3.11713e+06
3.17722e+06 3.18035e+06 3.16525e+06
3.18356e+06 3.1821e+06 3.1353e+06
3.15542e+06 3.24128e+06 3.11861e+06
3.16858e+06 3.23596e+06 3.12288e+06
3.13428e+06 3.2415e+06 3.15007e+06
3.19936e+06 3.16277e+06 3.16426e+06
3.18723e+06 3.17852e+06 3.11965e+06
3.18034e+06 3.19571e+06 3.10888e+06
3.17354e+06 3.18287e+06 3.13897e+06
3.18231e+06 3.17709e+06 3.14957e+06
3.17966e+06 3.19631e+06 3.1187e+06
3.18781e+06 3.17673e+06 3.109e+06
3.25975e+06 3.22076e+06 3.10382e+06
3.24316e+06 3.13756e+06 3.1695e+06
3.19408e+06 3.17339e+06 3.26366e+06
3.17792e+06 3.26877e+06 3.12031e+06
3.13194e+06 3.20252e+06 3.17172e+06
3.21348e+06 3.15319e+06 3.22905e+06
3.15982e+06 3.26703e+06 3.13505e+06
3.17727e+06 3.18785e+06 3.21281e+06
3.22958e+06 3.15474e+06 3.14295e+06
3.15137e+06 3.20491e+06 3.16724e+06
3.1787e+06 3.19085e+06 3.19257e+06
3.1422e+06 3.20545e+06 3.15616e+06
3.24021e+06 3.1705e+06 3.13938e+06
3.18879e+06 3.21847e+06 3.11223e+06
3.18473e+06 3.18344e+06 3.17475e+06
3.17341e+06 3.21233e+06 3.12435e+06
3.16381e+06 3.2026e+06 3.13266e+06
3.20118e+06 3.16697e+06 3.18553e+06
3.24215e+06 3.16232e+06 3.13693e+06
3.14245e+06 3.21144e+06 3.15107e+06
3.20724e+06 3.17576e+06 3.1463e+06
3.1983e+06 3.17859e+06 3.13626e+06
3.15684e+06 3.21249e+06 3.14006e+06
3.1772e+06 3.19473e+06 3.14938e+06
3.18157e+06 3.2073e+06 3.11547e+06
3.22195e+06 3.15372e+06 3.15123e+06
3.15954e+06 3.20071e+06 3.14258e+06
3.224e+06 3.18501e+06 3.13412e+06
3.18384e+06 3.18735e+06 3.18736e+06
3.16336e+06 3.19661e+06 3.13981e+06
3.201e+06 3.16762e+06 3.15296e+06
3.2423e+06 3.19136e+06 3.10502e+06
3.1819e+06 3.19057e+06 3.12714e+06
3.20338e+06 3.19029e+06 3.12337e+06
3.18477e+06 3.17727e+06 3.16829e+06
3.22275e+06 3.18768e+06 3.11018e+06
3.206e+06 3.18544e+06 3.1165e+06
3.20577e+06 3.17605e+06 3.14011e+06
3.20286e+06 3.20419e+06 3.11217e+06
3.26763e+06 3.15725e+06 3.17134e+06
3.22536e+06 3.26834e+06 3.11811e+06
3.19412e+06 3.18352e+06 3.21757e+06
3.14569e+06 3.28153e+06 3.1833e+06
3.13706e+06 3.21886e+06 3.18503e+06
3.24708e+06 3.18082e+06 3.14321e+06
3.1846e+06 3.23454e+06 3.12762e+06
3.16008e+06 3.20164e+06 3.2018e+06
3.22348e+06 3.17461e+06 3.17315e+06
3.15284e+06 3.21004e+06 3.16294e+06
3.18331e+06 3.19321e+06 3.18999e+06
3.17566e+06 3.25047e+06 3.13771e+06
3.14432e+06 3.21433e+06 3.20876e+06
3.22786e+06 3.16508e+06 3.18659e+06
3.15005e+06 3.23087e+06 3.17907e+06
3.21676e+06 3.1789e+06 3.20378e+06
3.20257e+06 3.19195e+06 3.14985e+06
3.21335e+06 3.18798e+06 3.12198e+06
3.23755e+06 3.18712e+06 3.13451e+06
3.18745e+06 3.25208e+06 3.1194e+06
3.19107e+06 3.22959e+06 3.13225e+06
3.20552e+06 3.20401e+06 3.13468e+06
3.22796e+06 3.15828e+06 3.18504e+06
3.16803e+06 3.20265e+06 3.15662e+06
3.16889e+06 3.27011e+06 3.14223e+06
3.17025e+06 3.19929e+06 3.21405e+06
3.17075e+06 3.21551e+06 3.15437e+06
3.17594e+06 3.20778e+06 3.13421e+06
3.18751e+06 3.20054e+06 3.16841e+06
3.19102e+06 3.1926e+06 3.14843e+06
3.18984e+06 3.18439e+06 3.17062e+06
3.19276e+06 3.19623e+06 3.13989e+06
3.2139e+06 3.19497e+06 3.11855e+06
3.19233e+06 3.21503e+06 3.11971e+06
3.19037e+06 3.20257e+06 3.15567e+06
3.17588e+06 3.21859e+06 3.1423e+06
3.1925e+06 3.19967e+06 3.141e+06
3.23989e+06 3.18783e+06 3.1584e+06
3.22504e+06 3.17837e+06 3.17885e+06
3.20744e+06 3.21719e+06 3.1202e+06
3.16878e+06 3.29762e+06 3.15887e+06
3.16156e+06 3.21216e+06 3.2228e+06
3.15021e+06 3.28637e+06 3.20609e+06
3.15483e+06 3.2455e+06 3.17849e+06
3.16518e+06 3.24398e+06 3.17658e+06
3.16538e+06 3.22017e+06 3.19314e+06
3.21691e+06 3.19947e+06 3.1238e+06
3.20159e+06 3.18991e+06 3.20165e+06
3.17028e+06 3.20615e+06 3.16603e+06
3.19449e+06 3.2229e+06 3.13258e+06
3.19342e+06 3.22733e+06 3.1495e+06
3.19789e+06 3.21911e+06 3.14287e+06
3.17808e+06 3.20366e+06 3.2086e+06
3.18436e+06 3.20808e+06 3.15345e+06
3.21028e+06 3.19802e+06 3.14461e+06
3.15838e+06 3.21466e+06 3.20289e+06
3.17694e+06 3.22259e+06 3.14972e+06
3.17962e+06 3.2109e+06 3.15294e+06
3.19038e+06 3.20345e+06 3.16308e+06
3.20778e+06 3.1961e+06 3.16112e+06
3.2146e+06 3.21543e+06 3.12033e+06
3.18831e+06 3.20688e+06 3.15969e+06
3.19389e+06 3.22478e+06 3.14731e+06
3.25517e+06 3.19217e+06 3.20444e+06
3.22653e+06 3.18454e+06 3.22369e+06
3.22225e+06 3.25125e+06 3.12314e+06
3.17599e+06 3.24221e+06 3.17239e+06
3.18482e+06 3.22813e+06 3.16706e+06
3.20266e+06 3.24347e+06 3.13812e+06
3.17647e+06 3.21205e+06 3.17306e+06
3.18761e+06 3.21378e+06 3.15438e+06
3.21022e+06 3.20252e+06 3.17129e+06
3.2243e+06 3.22553e+06 3.13116e+06
3.19094e+06 3.2083e+06 3.15377e+06
3.21094e+06 3.2043e+06 3.14604e+06
3.21793e+06 3.20526e+06 3.13431e+06
3.22585e+06 3.21003e+06 3.12397e+06
3.18499e+06 3.22633e+06 3.15229e+06
3.24683e+06 3.21233e+06 3.13242e+06
3.23016e+06 3.24531e+06 3.14291e+06
3.21721e+06 3.2033e+06 3.19244e+06
3.18393e+06 3.23861e+06 3.19281e+06
3.18749e+06 3.23368e+06 3.17381e+06
3.1997e+06 3.21642e+06 3.15485e+06
3.18562e+06 3.22478e+06 3.18329e+06
3.19963e+06 3.21864e+06 3.18207e+06
3.22134e+06 3.23518e+06 3.15355e+06
3.28097e+06 3.20334e+06 3.19833e+06
3.23682e+06 3.22114e+06 3.16198e+06
3.21009e+06 3.21899e+06 3.23559e+06
3.20524e+06 3.29558e+06 3.19838e+06
3.18462e+06 3.2717e+06 3.21379e+06
3.22814e+06 3.22328e+06 3.18728e+06
3.19579e+06 3.22912e+06 3.2307e+06
3.2258e+06 3.2384e+06 3.16208e+06
3.20705e+06 3.23423e+06 3.16373e+06
3.2908e+06 3.21314e+06 3.21317e+06
3.20877e+06 3.29384e+06 3.17016e+06
3.23297e+06 3.29312e+06 3.17558e+06
