837 4.97089
321373 323723 317220
332365 325220 288203
335952 320639 337236
336924 309866 311847
356862 324556 301531
324667 332020 311660
353990 307969 302598
320912 354071 308240
322589 331602 334659
333138 324636 313216
331375 336761 340694
337862 331304 320718
338804 311676 308501
320411 320580 305748
328950 327824 318684
340889 320005 297691
319891 317730 295588
329252 339338 314272
330445 315991 309237
335107 320598 301329
321031 338497 302313
332251 301849 316794
350507 337799 297032
335006 313736 316668
332979 337748 315040
349443 314807 338619
347319 337906 309997
313172 342344 311639
334702 309517 315848
331103 338251 315939
322122 324202 320794
335291 310300 315572
352089 339787 312818
342293 337718 319276
368970 351896 311489
327715 324287 314426
350762 328698 307210
334992 319846 310868
366375 324533 316091
329834 351997 317197
342741 341206 310304
344332 331036 293501
331826 317581 306499
354368 324505 322416
324468 334895 315846
343925 317100 312737
364482 327986 316749
333533 346241 304455
335212 321853 324032
355877 316821 316212
314904 322380 321188
353227 316581 312100
332340 351668 321074
342904 345540 321882
332322 323875 319983
340794 318059 309927
327502 327391 329517
358608 341522 313493
340940 333592 311584
339295 313058 336035
341820 342036 308273
332588 300622 308636
347655 321988 305049
352045 309643 310098
344633 331766 291650
337799 333652 317301
331501 293622 307994
333999 309784 295368
340110 341581 323195
347982 327923 317649
341932 335122 333356
342210 324125 314472
357177 340104 308728
310271 318167 322461
328446 305074 318257
338507 323122 315489
316940 326839 336552
337210 321839 299818
325449 326926 299608
317679 312843 309726
352774 312762 300674
353005 319324 310677
317918 336260 332047
328631 328879 303581
348847 330563 339584
343712 324156 307992
326185 328902 316192
341002 327765 326344
347471 317463 328004
309919 310089 306035
344228 319900 320575
340414 318401 318023
345869 323608 317218
329440 319096 324928
331995 339919 314715
319721 334774 336325
313086 313381 306291
358520 313967 313865
340765 333064 312274
329206 313893 323688
353826 330548 309200
357246 330679 301659
341135 334882 314056
333791 323389 321622
348959 315505 310348
326073 333710 310514
347741 320222 330732
330415 337657 311276
342840 320063 311910
333682 320354 313952
321868 332840 311544
333067 327719 303668
360590 348331 313207
325513 311428 326372
333084 325314 310026
325821 310753 338229
329554 342548 315199
334490 314874 309187
336596 331462 340017
316825 311937 334226
337393 334654 319298
347133 320366 317166
331909 325280 303340
334088 315609 332252
335704 308687 298863
342827 349456 316529
316321 349672 311011
306766 325829 308091
331815 336479 315762
331521 320930 309201
344549 323316 311908
335538 324531 306385
334792 322339 313932
346630 329518 309058
321246 310321 298672
350699 356416 308269
331578 311683 306163
331476 335961 317898
324523 334987 310246
353185 327632 329953
341988 325051 315562
346488 344007 327395
336925 317259 309788
331637 327129 332130
348380 339749 304148
318956 320603 321885
338995 321552 320123
317480 328449 322436
356534 310587 326382
347343 334149 295288
325805 319788 322494
341347 360172 312486
323788 317451 313342
351229 314910 313696
339006 346042 318394
322748 325754 305673
337299 339264 329806
321985 316057 323262
336947 324917 338326
316234 340052 348540
333592 306374 329740
335474 328388 308070
316705 322727 314215
322064 318703 319311
346327 341528 306025
319064 322307 307135
328566 328068 307311
336720 326981 307088
334519 325924 311768
317681 318155 313061
338480 337099 321605
328078 315506 332123
343836 323202 305762
348206 343170 321209
342837 308535 323842
326953 332716 302982
325942 331161 308098
326138 344690 314666
346832 315029 336607
336988 339244 317817
329865 325626 295507
330466 303031 314151
341703 332191 312505
330436 351862 320994
358906 327287 310595
327874 329625 312540
322469 323785 309626
331375 307775 315367
334761 319285 310053
341556 337005 298947
345603 330871 300955
347658 316402 313305
338738 319497 313150
353958 351215 322250
321527 340538 319997
338778 322147 314853
325603 337218 323881
319256 326257 305032
341962 331262 301884
316867 329161 330584
334790 338780 320649
347672 341799 294932
333094 319324 320274
323114 338071 326057
336484 319734 295210
332705 324642 326195
332516 322391 322249
320443 326249 323473
335590 334162 319742
329915 323061 305927
330860 332631 301396
354952 342067 325587
323077 325917 315312
356040 335859 310570
317830 341852 312307
336832 318314 305670
348286 333159 320711
314407 331585 327393
334599 331968 297501
353489 335627 318420
351926 319889 297975
320457 334695 322688
310941 325199 323051
337195 323434 302371
329901 299568 316279
335915 337404 325200
334714 304319 312039
347846 313000 312303
324199 318004 307496
315842 326897 312679
332254 317214 301720
320978 335625 323713
332802 318797 303942
345389 344064 303864
334628 334110 315318
325516 333757 315311
338457 326982 322687
353049 322558 315849
335861 326956 305544
331566 330607 317099
324561 318838 313328
341456 324609 325519
332609 315314 300004
333695 343201 307549
319640 336786 303394
330922 318733 312936
340909 348121 327633
333078 329548 328429
