36437 300.006
234495 124662
171474 184948
172419 171825
172009 183049
176990 163701
177389 152284
177191 158309
177191 158309
176008 166279
175199 170977
233724 124839
230039 124931
176008 166279
175199 170977
172419 171825
179575 148921
178767 150813
177389 152284
176990 163701
217674 126195
178767 150813
179976 146640
196434 135246
194112 135575
172009 183049
182191 143603
180789 144663
219735 125861
179575 148921
193312 136413
205397 130168
196434 135246
217279 126248
171474 184948
230039 124931
228231 125094
221919 125760
183588 142274
227165 125170
182386 142954
189763 137368
200022 133184
198497 133511
188499 137725
220130 125808
213493 127291
211851 127464
206429 129416
221938 125645
194112 135575
197730 134503
191205 137205
184490 140407
183824 141340
189730 137580
225595 125230
185012 139349
184490 140407
223491 125575
180789 144663
180068 145517
216005 126535
185207 139051
203328 131655
204626 130345
225595 125230
224586 125539
188114 137963
180068 145517
179976 146640
187282 138241
186602 138757
183824 141340
183588 142274
209735 127887
207680 129113
203990 131182
203328 131655
227384 125142
224586 125539
223491 125575
187282 138241
202353 132045
213996 127181
197730 134503
215609 126868
214767 127004
211851 127464
201511 132181
192669 136776
185983 138876
208703 128639
211009 127600
234495 124662
233724 124839
214391 127128
210506 127710
210238 127777
208435 128706
206932 129306
205129 130235
207200 129239
182386 142954
228231 125094
182191 143603
201461 132401
202353 132045
198497 133511
198155 133930
204276 130728
203990 131182
204276 130728
216005 126535
215609 126868
186602 138757
185983 138876
192122 136852
191662 137100
193104 136685
211009 127600
197991 134140
188175 137864
192122 136852
208979 128310
213493 127291
209482 128200
208979 128310
207932 128816
206429 129416
200525 133074
200471 133140
201143 132636
200974 133030
209482 128200
191227 137191
201143 132636
207932 128816
171474 184948
192964 136716
191662 137100
185012 139349
214767 127004
200974 133030
200022 133184
220130 125808
219735 125861
202353 132045
198155 133930
197991 134140
201511 132181
197730 134503
230499 135838
216916 149290
224330 148530
226709 141300
229218 140125
231566 140505
218600 156592
228286 146538
227714 149294
223472 152570
221006 154992
221912 153459
245962 141231
219772 161730
232381 141853
231790 149413
228788 151495
223871 155290
224181 154549
235016 144876
220052 165873
224166 163203
226650 154577
233161 146993
230254 153412
220956 164094
229374 153895
240546 146279
223736 167443
234050 149100
230181 153962
236094 147227
226876 157785
226826 163522
227293 156380
229474 154284
225487 165544
234813 147342
225759 163579
225681 164668
240657 146653
225925 164409
228524 161081
232291 154387
235116 148056
234257 149389
229868 157658
230359 155219
241093 147214
226853 177769
228502 164514
227758 171616
239091 148568
236269 150755
229869 159097
230755 155912
232947 155582
234635 152406
233675 154909
230674 158051
234359 152745
244099 147516
228660 174307
229941 170401
234855 152554
230825 156396
233477 156194
239469 149351
242987 148549
229971 161483
238026 151152
230021 161222
229252 173816
238568 150772
251377 148714
229043 177510
235017 152592
230354 172458
231642 163602
231838 157478
234016 156693
230430 168863
234967 155419
231379 167063
230690 167080
239488 153750
230503 169259
231178 167705
232061 158819
236123 154872
234558 157168
232606 158229
235099 155713
235617 155386
235425 155420
245862 154565
230852 173847
232152 160651
238283 154895
235293 157220
232761 158569
236793 155685
237912 155030
237177 155304
236969 155390
257568 155172
230917 177354
232215 168118
237442 155739
253708 155417
232993 159889
235732 157950
233090 158864
233033 159299
239440 156015
232785 169745
237705 156488
233818 159402
233775 160969
239105 156251
255448 156351
232872 170050
240943 156844
235252 160306
234041 164219
238218 157733
235214 163996
239479 156942
238802 157316
239148 157092
240328 157461
233576 174541
235287 160306
239185 159046
234770 165112
233721 170461
241663 157662
233843 175498
236214 160577
235439 166765
239695 160562
234442 171910
235764 164485
234352 172879
240646 159756
241497 159274
239964 160365
243183 157908
234653 172785
237127 161053
236273 165243
241914 160964
235769 171334
241997 158511
242324 158074
243269 158207
234679 173618
240784 161452
236039 172632
236643 167848
237881 161924
242181 160240
236801 165267
237250 163638
243098 158517
243749 158278
236942 170902
243288 160371
239733 162014
237563 164451
237461 168324
239155 164333
237293 169279
239510 162957
244650 158430
237586 169723
238712 165559
243544 162615
244006 159570
241404 162692
239515 165113
240610 162819
239700 163268
239749 163154
244961 159450
237587 173956
239338 169564
240906 165101
239561 165617
242937 163967
244171 160373
243448 162874
248758 159502
237958 174128
246005 159784
242360 165128
240446 167835
240238 172262
242194 165179
247514 161362
238046 176313
246509 165467
240550 172464
242360 167383
247389 163609
240661 169153
242206 168155
241443 168439
241087 168885
248761 161532
239350 177678
247804 167086
242392 167782
240723 170131
241111 169046
251340 164196
239441 184799
244751 167833
240879 174795
249508 167377
250182 166430
242632 168589
241134 172184
241719 170273
242119 169576
240886 174206
260615 164567
241135 176424
252416 165572
246599 168128
242437 172543
245046 170613
244734 171195
258421 166038
241730 180785
246989 168443
242714 172913
241764 178590
245326 171505
249351 170803
241779 182512
246925 174504
249270 172983
244462 176890
245323 175579
243440 179139
242410 179370
241848 181165
261945 171575
241797 184426
253352 172011
245116 179071
242184 184350
250479 174928
245542 175935
247797 175889
259388 173178
242046 191522
242309 186091
245327 181274
252249 175785
246884 177559
256808 175739
249412 176254
245614 180345
258375 174460
247983 177603
243450 187859
245755 183515
247132 177930
249344 178343
243983 188488
246654 187435
247893 182902
247855 184562
252178 182499
246849 194698
248406 186092
250145 182891
253207 187802
254404 192053
