4 1.68094
3.22402e+06 3.13062e+06
3.1097e+06 3.23271e+06
3.18398e+06 3.17393e+06
3.15994e+06 3.20748e+06
3.14754e+06 3.21694e+06
3.21301e+06 3.15416e+06
3.22402e+06 3.13062e+06
3.15994e+06 3.20748e+06
3.14754e+06 3.21694e+06
3.20482e+06 3.16167e+06
3.20482e+06 3.16167e+06
3.19991e+06 3.17382e+06
3.18398e+06 3.17393e+06
3.19991e+06 3.17382e+06
3.19991e+06 3.17382e+06
3.19991e+06 3.17382e+06
3.19991e+06 3.17382e+06
3.24948e+06 3.13764e+06
3.14809e+06 3.22587e+06
3.18649e+06 3.17857e+06
3.20511e+06 3.16683e+06
3.16202e+06 3.22208e+06
3.21675e+06 3.1558e+06
3.17819e+06 3.21089e+06
3.23175e+06 3.14816e+06
3.18481e+06 3.19993e+06
3.21475e+06 3.16235e+06
3.23175e+06 3.14816e+06
3.18481e+06 3.19993e+06
3.16689e+06 3.2125e+06
3.16689e+06 3.2125e+06
3.18481e+06 3.19993e+06
3.18481e+06 3.19993e+06
3.18481e+06 3.19993e+06
3.30038e+06 3.14141e+06
3.14843e+06 3.24147e+06
3.27606e+06 3.14362e+06
3.15644e+06 3.23089e+06
3.23272e+06 3.1537e+06
3.17346e+06 3.21534e+06
3.21382e+06 3.16818e+06
3.2048e+06 3.18202e+06
3.22439e+06 3.16534e+06
3.18506e+06 3.20924e+06
3.17346e+06 3.21534e+06
3.19075e+06 3.19612e+06
3.18665e+06 3.19951e+06
3.18506e+06 3.20924e+06
3.21382e+06 3.16818e+06
3.2048e+06 3.18202e+06
3.20242e+06 3.19019e+06
3.23272e+06 3.1537e+06
3.22963e+06 3.16129e+06
3.20242e+06 3.19019e+06
3.19154e+06 3.19107e+06
3.22963e+06 3.16129e+06
3.18665e+06 3.19951e+06
3.19154e+06 3.19107e+06
3.20242e+06 3.19019e+06
3.20242e+06 3.19019e+06
3.20242e+06 3.19019e+06
3.19154e+06 3.19107e+06
3.19154e+06 3.19107e+06
3.19154e+06 3.19107e+06
3.18665e+06 3.19951e+06
3.18665e+06 3.19951e+06
3.18665e+06 3.19951e+06
3.24163e+06 3.1582e+06
3.15038e+06 3.26393e+06
3.15038e+06 3.26393e+06
3.16285e+06 3.24096e+06
3.17877e+06 3.22483e+06
3.16304e+06 3.23649e+06
3.1813e+06 3.21537e+06
3.21282e+06 3.18294e+06
3.24163e+06 3.1582e+06
3.23545e+06 3.1736e+06
3.18806e+06 3.20335e+06
3.21565e+06 3.17678e+06
3.19425e+06 3.20059e+06
3.23058e+06 3.17497e+06
3.18038e+06 3.21965e+06
3.20348e+06 3.1977e+06
3.20757e+06 3.19114e+06
3.18806e+06 3.20335e+06
3.21565e+06 3.17678e+06
3.20066e+06 3.19897e+06
3.23058e+06 3.17497e+06
3.20502e+06 3.19212e+06
3.20757e+06 3.19114e+06
3.23545e+06 3.1736e+06
3.16285e+06 3.24096e+06
3.20066e+06 3.19897e+06
3.20502e+06 3.19212e+06
3.23058e+06 3.17497e+06
3.23545e+06 3.1736e+06
3.23545e+06 3.1736e+06
3.23545e+06 3.1736e+06
3.23058e+06 3.17497e+06
3.23058e+06 3.17497e+06
3.21565e+06 3.17678e+06
3.21565e+06 3.17678e+06
3.21565e+06 3.17678e+06
3.20066e+06 3.19897e+06
3.20066e+06 3.19897e+06
3.20066e+06 3.19897e+06
3.29252e+06 3.16066e+06
3.1561e+06 3.26716e+06
3.25313e+06 3.17208e+06
3.16553e+06 3.24644e+06
3.22564e+06 3.18323e+06
3.24347e+06 3.17588e+06
3.1689e+06 3.2378e+06
3.18403e+06 3.22069e+06
3.19664e+06 3.20438e+06
3.18839e+06 3.20565e+06
3.20873e+06 3.19784e+06
3.21379e+06 3.18702e+06
3.20873e+06 3.19784e+06
3.21379e+06 3.18702e+06
3.1883e+06 3.21742e+06
3.25313e+06 3.17208e+06
3.16673e+06 3.23799e+06
3.1883e+06 3.21742e+06
3.18403e+06 3.22069e+06
3.21379e+06 3.18702e+06
3.21379e+06 3.18702e+06
3.21379e+06 3.18702e+06
3.25614e+06 3.17292e+06
3.15939e+06 3.30349e+06
3.16676e+06 3.27171e+06
3.24626e+06 3.18151e+06
3.18515e+06 3.22173e+06
3.22103e+06 3.19199e+06
3.16818e+06 3.2454e+06
3.16676e+06 3.27171e+06
3.21049e+06 3.20362e+06
3.23268e+06 3.18768e+06
3.19518e+06 3.2063e+06
3.18897e+06 3.20914e+06
3.217e+06 3.2022e+06
3.1736e+06 3.23971e+06
3.18489e+06 3.23654e+06
3.20003e+06 3.20452e+06
3.17588e+06 3.2392e+06
3.16818e+06 3.2454e+06
3.23847e+06 3.18738e+06
3.23961e+06 3.18451e+06
3.1823e+06 3.23822e+06
3.18897e+06 3.20914e+06
3.20003e+06 3.20452e+06
3.23268e+06 3.18768e+06
3.21878e+06 3.19728e+06
3.21878e+06 3.19728e+06
3.18489e+06 3.23654e+06
3.1823e+06 3.23822e+06
3.23961e+06 3.18451e+06
3.18897e+06 3.20914e+06
3.20003e+06 3.20452e+06
3.20003e+06 3.20452e+06
3.20003e+06 3.20452e+06
3.18897e+06 3.20914e+06
3.18897e+06 3.20914e+06
3.1823e+06 3.23822e+06
3.1823e+06 3.23822e+06
3.1823e+06 3.23822e+06
3.16676e+06 3.27171e+06
3.16676e+06 3.27171e+06
3.16676e+06 3.27171e+06
3.26786e+06 3.17526e+06
3.16859e+06 3.28975e+06
3.16859e+06 3.28975e+06
3.22216e+06 3.19504e+06
3.25494e+06 3.1835e+06
3.20128e+06 3.20518e+06
3.17459e+06 3.24768e+06
3.17886e+06 3.24078e+06
3.17232e+06 3.26541e+06
3.26227e+06 3.17678e+06
3.17083e+06 3.26935e+06
3.18556e+06 3.22997e+06
3.24042e+06 3.18865e+06
3.19452e+06 3.21805e+06
3.18786e+06 3.22278e+06
3.23524e+06 3.18937e+06
3.23374e+06 3.19205e+06
3.19716e+06 3.21673e+06
3.20128e+06 3.20518e+06
3.20034e+06 3.2124e+06
3.23046e+06 3.19327e+06
3.24042e+06 3.18865e+06
3.22932e+06 3.19433e+06
3.17083e+06 3.26935e+06
3.18621e+06 3.2268e+06
3.22614e+06 3.19453e+06
3.18786e+06 3.22278e+06
3.1875e+06 3.22679e+06
3.19452e+06 3.21805e+06
3.19804e+06 3.21354e+06
3.22614e+06 3.19453e+06
3.20034e+06 3.2124e+06
3.19804e+06 3.21354e+06
3.1875e+06 3.22679e+06
3.19804e+06 3.21354e+06
3.22614e+06 3.19453e+06
3.24042e+06 3.18865e+06
3.24042e+06 3.18865e+06
3.24042e+06 3.18865e+06
3.22614e+06 3.19453e+06
3.22614e+06 3.19453e+06
3.19804e+06 3.21354e+06
3.19804e+06 3.21354e+06
3.19452e+06 3.21805e+06
3.19452e+06 3.21805e+06
3.19452e+06 3.21805e+06
3.18786e+06 3.22278e+06
3.18786e+06 3.22278e+06
3.18786e+06 3.22278e+06
3.17083e+06 3.26935e+06
3.17083e+06 3.26935e+06
3.17083e+06 3.26935e+06
3.28655e+06 3.17716e+06
3.16908e+06 3.30397e+06
3.18236e+06 3.2409e+06
3.17473e+06 3.25045e+06
3.1727e+06 3.28364e+06
3.18852e+06 3.22864e+06
3.26171e+06 3.18533e+06
3.1727e+06 3.28364e+06
3.24577e+06 3.18881e+06
3.21158e+06 3.20559e+06
3.22925e+06 3.19489e+06
3.17515e+06 3.25026e+06
3.22266e+06 3.20022e+06
3.27327e+06 3.17793e+06
3.19536e+06 3.22347e+06
3.20172e+06 3.2074e+06
3.24577e+06 3.18881e+06
3.23574e+06 3.19001e+06
3.23574e+06 3.19001e+06
3.26546e+06 3.18477e+06
3.19922e+06 3.214e+06
3.19728e+06 3.22124e+06
3.19922e+06 3.214e+06
3.27164e+06 3.17799e+06
3.26593e+06 3.18047e+06
3.22645e+06 3.1988e+06
3.20417e+06 3.20692e+06
3.22645e+06 3.1988e+06
3.26593e+06 3.18047e+06
3.22266e+06 3.20022e+06
3.20914e+06 3.20631e+06
3.20626e+06 3.20674e+06
3.20914e+06 3.20631e+06
3.20626e+06 3.20674e+06
3.19728e+06 3.22124e+06
3.19728e+06 3.22124e+06
3.27164e+06 3.17799e+06
3.22266e+06 3.20022e+06
3.26593e+06 3.18047e+06
3.26593e+06 3.18047e+06
3.26593e+06 3.18047e+06
3.23574e+06 3.19001e+06
3.23574e+06 3.19001e+06
3.23574e+06 3.19001e+06
3.22266e+06 3.20022e+06
3.22266e+06 3.20022e+06
3.19728e+06 3.22124e+06
3.19728e+06 3.22124e+06
3.30637e+06 3.17904e+06
3.17235e+06 3.30766e+06
3.17235e+06 3.30766e+06
3.17637e+06 3.27754e+06
3.27201e+06 3.1804e+06
3.21449e+06 3.20882e+06
3.2501e+06 3.19194e+06
3.19864e+06 3.22498e+06
3.24695e+06 3.19554e+06
3.1826e+06 3.2415e+06
3.20386e+06 3.21341e+06
3.26436e+06 3.18884e+06
3.23328e+06 3.19789e+06
3.19271e+06 3.23419e+06
3.1913e+06 3.23513e+06
3.18058e+06 3.25494e+06
3.18058e+06 3.25494e+06
3.17962e+06 3.2691e+06
3.22389e+06 3.2034e+06
3.27171e+06 3.18742e+06
3.22953e+06 3.19798e+06
3.17962e+06 3.2691e+06
3.1826e+06 3.2415e+06
3.19994e+06 3.21879e+06
3.26552e+06 3.18742e+06
3.22503e+06 3.20188e+06
3.20293e+06 3.21804e+06
3.22503e+06 3.20188e+06
3.20293e+06 3.21804e+06
3.19994e+06 3.21879e+06
3.22389e+06 3.2034e+06
3.26552e+06 3.18742e+06
3.22503e+06 3.20188e+06
3.22503e+06 3.20188e+06
3.22503e+06 3.20188e+06
3.22389e+06 3.2034e+06
3.22389e+06 3.2034e+06
3.22389e+06 3.2034e+06
3.19994e+06 3.21879e+06
3.19994e+06 3.21879e+06
3.19994e+06 3.21879e+06
3.1826e+06 3.2415e+06
3.1826e+06 3.2415e+06
3.1826e+06 3.2415e+06
3.18058e+06 3.25494e+06
3.18058e+06 3.25494e+06
3.18058e+06 3.25494e+06
3.17962e+06 3.2691e+06
3.17962e+06 3.2691e+06
3.17962e+06 3.2691e+06
3.30318e+06 3.18201e+06
3.17969e+06 3.31733e+06
3.18287e+06 3.25651e+06
3.27146e+06 3.18925e+06
3.20518e+06 3.21406e+06
3.25359e+06 3.19627e+06
3.22568e+06 3.20232e+06
3.30318e+06 3.18201e+06
3.23131e+06 3.19987e+06
3.205e+06 3.23096e+06
3.26649e+06 3.1937e+06
3.19541e+06 3.23422e+06
3.19286e+06 3.24116e+06
3.1843e+06 3.24671e+06
3.1862e+06 3.24432e+06
3.1862e+06 3.24432e+06
3.1843e+06 3.24671e+06
3.29276e+06 3.18944e+06
3.18284e+06 3.32433e+06
3.26148e+06 3.20064e+06
3.18439e+06 3.26042e+06
3.22589e+06 3.20241e+06
3.20664e+06 3.2166e+06
3.1994e+06 3.23949e+06
3.192e+06 3.2514e+06
3.1938e+06 3.24153e+06
3.19304e+06 3.24957e+06
3.19304e+06 3.24957e+06
3.28985e+06 3.20247e+06
3.18702e+06 3.27645e+06
3.22702e+06 3.20387e+06
3.21099e+06 3.22014e+06
3.18893e+06 3.26667e+06
3.2008e+06 3.23958e+06
3.19394e+06 3.24505e+06
3.19964e+06 3.24358e+06
3.2594e+06 3.20532e+06
3.18912e+06 3.31199e+06
3.22874e+06 3.20534e+06
3.19233e+06 3.26778e+06
3.21522e+06 3.22825e+06
3.19026e+06 3.26979e+06
3.21581e+06 3.22429e+06
3.246e+06 3.20703e+06
3.19018e+06 3.32445e+06
3.21737e+06 3.22603e+06
3.20077e+06 3.26886e+06
3.19107e+06 3.27183e+06
3.22934e+06 3.2112e+06
3.24151e+06 3.20787e+06
3.27524e+06 3.2122e+06
3.20458e+06 3.32777e+06
3.23427e+06 3.2146e+06
3.20707e+06 3.27394e+06
3.22747e+06 3.22671e+06
3.22266e+06 3.25829e+06
3.21848e+06 3.27027e+06
3.27974e+06 3.21258e+06
3.2115e+06 3.30533e+06
3.21826e+06 3.2942e+06
3.24209e+06 3.21584e+06
3.23058e+06 3.24927e+06
3.2336e+06 3.23742e+06
3.23951e+06 3.23112e+06
3.23182e+06 3.2474e+06
3.23877e+06 3.23342e+06
3.24557e+06 3.21856e+06
3.21438e+06 3.32506e+06
3.23085e+06 3.26279e+06
3.23525e+06 3.24758e+06
3.23811e+06 3.23914e+06
3.24354e+06 3.23385e+06
3.24444e+06 3.21903e+06
3.25202e+06 3.21972e+06
3.23628e+06 3.28861e+06
3.24015e+06 3.2618e+06
3.2464e+06 3.22497e+06
3.24356e+06 3.24153e+06
3.24125e+06 3.25329e+06
3.2458e+06 3.23374e+06
3.25833e+06 3.23187e+06
3.23884e+06 3.30345e+06
3.24896e+06 3.2336e+06
3.2422e+06 3.27005e+06
3.2403e+06 3.27611e+06
3.28138e+06 3.23589e+06
3.24288e+06 3.32275e+06
3.25063e+06 3.25948e+06
3.26891e+06 3.24015e+06
3.25649e+06 3.2444e+06
3.27387e+06 3.24499e+06
3.25156e+06 3.28133e+06
3.25935e+06 3.25918e+06
3.26592e+06 3.24608e+06
3.28386e+06 3.24516e+06
3.26501e+06 3.27083e+06
3.26759e+06 3.24952e+06
3.28975e+06 3.25365e+06
3.26738e+06 3.29836e+06
3.27097e+06 3.28682e+06
3.32023e+06 3.25796e+06
3.2735e+06 3.28685e+06
3.29347e+06 3.26957e+06
3.2897e+06 3.29563e+06
3.29189e+06 3.30953e+06
3.22848e+06 3.14209e+06
3.13999e+06 3.25004e+06
3.14764e+06 3.20027e+06
3.17733e+06 3.19191e+06
3.14764e+06 3.20027e+06
3.20607e+06 3.17288e+06
3.22216e+06 3.15233e+06
3.18643e+06 3.18614e+06
3.19502e+06 3.17533e+06
3.2137e+06 3.16448e+06
3.22653e+06 3.14881e+06
3.2137e+06 3.16448e+06
3.19502e+06 3.17533e+06
3.18082e+06 3.18891e+06
3.22848e+06 3.14209e+06
3.18349e+06 3.18728e+06
3.18349e+06 3.18728e+06
3.27205e+06 3.14867e+06
3.14732e+06 3.25597e+06
3.14732e+06 3.25597e+06
3.14765e+06 3.2128e+06
3.1792e+06 3.19856e+06
3.22458e+06 3.15672e+06
3.25132e+06 3.15444e+06
3.19086e+06 3.19252e+06
3.21847e+06 3.16762e+06
3.20146e+06 3.18092e+06
3.26122e+06 3.15097e+06
3.19901e+06 3.18286e+06
3.27205e+06 3.14867e+06
3.21847e+06 3.16762e+06
3.21847e+06 3.16762e+06
3.20146e+06 3.18092e+06
3.14732e+06 3.25597e+06
3.27205e+06 3.14867e+06
3.27205e+06 3.14867e+06
3.27205e+06 3.14867e+06
3.21847e+06 3.16762e+06
3.21847e+06 3.16762e+06
3.14732e+06 3.25597e+06
3.14732e+06 3.25597e+06
3.2428e+06 3.15985e+06
3.14848e+06 3.25749e+06
3.17473e+06 3.21722e+06
3.20207e+06 3.18458e+06
3.15196e+06 3.23572e+06
3.18352e+06 3.20045e+06
3.2254e+06 3.16519e+06
3.21889e+06 3.18421e+06
3.19487e+06 3.20004e+06
3.15597e+06 3.22624e+06
3.1601e+06 3.22537e+06
3.1601e+06 3.22537e+06
3.2254e+06 3.16519e+06
3.19487e+06 3.20004e+06
3.21889e+06 3.18421e+06
3.31051e+06 3.16084e+06
3.15032e+06 3.29331e+06
3.25318e+06 3.16104e+06
3.15287e+06 3.26392e+06
3.15839e+06 3.22893e+06
3.23156e+06 3.16614e+06
3.1846e+06 3.20292e+06
3.17933e+06 3.22095e+06
3.15694e+06 3.25957e+06
3.23067e+06 3.17686e+06
3.19611e+06 3.20244e+06
3.17439e+06 3.22641e+06
3.22053e+06 3.18661e+06
3.16138e+06 3.22655e+06
3.20554e+06 3.19752e+06
3.21472e+06 3.19269e+06
3.15694e+06 3.25957e+06
3.21141e+06 3.19508e+06
3.21832e+06 3.18954e+06
3.2057e+06 3.19703e+06
3.21054e+06 3.19602e+06
3.22053e+06 3.18661e+06
3.21832e+06 3.18954e+06
3.21054e+06 3.19602e+06
3.15694e+06 3.25957e+06
3.15694e+06 3.25957e+06
3.15694e+06 3.25957e+06
3.27247e+06 3.1689e+06
3.16117e+06 3.23345e+06
3.16117e+06 3.23345e+06
3.24792e+06 3.16906e+06
3.21113e+06 3.19797e+06
3.18645e+06 3.20336e+06
3.18549e+06 3.21784e+06
3.24544e+06 3.17332e+06
3.23295e+06 3.17976e+06
3.18645e+06 3.20336e+06
3.27247e+06 3.1689e+06
3.22458e+06 3.18728e+06
3.21747e+06 3.19364e+06
3.23574e+06 3.17824e+06
3.22344e+06 3.18764e+06
3.17939e+06 3.22625e+06
3.17609e+06 3.23292e+06
3.18496e+06 3.22031e+06
3.18186e+06 3.22503e+06
3.17609e+06 3.23292e+06
3.16643e+06 3.23324e+06
3.21607e+06 3.19623e+06
3.21336e+06 3.19698e+06
3.1626e+06 3.23342e+06
3.23574e+06 3.17824e+06
3.18496e+06 3.22031e+06
3.18186e+06 3.22503e+06
3.17939e+06 3.22625e+06
3.21113e+06 3.19797e+06
3.16643e+06 3.23324e+06
3.16117e+06 3.23345e+06
3.16643e+06 3.23324e+06
3.18645e+06 3.20336e+06
3.18645e+06 3.20336e+06
3.18645e+06 3.20336e+06
3.16643e+06 3.23324e+06
3.16643e+06 3.23324e+06
3.16117e+06 3.23345e+06
3.16117e+06 3.23345e+06
3.25924e+06 3.17012e+06
3.16137e+06 3.23516e+06
3.16137e+06 3.23516e+06
3.17942e+06 3.23292e+06
3.22183e+06 3.19601e+06
3.2117e+06 3.20103e+06
3.19776e+06 3.2054e+06
3.24793e+06 3.17149e+06
3.2406e+06 3.18008e+06
3.18687e+06 3.22023e+06
3.18546e+06 3.23229e+06
3.19358e+06 3.21317e+06
3.2406e+06 3.18008e+06
3.23652e+06 3.18854e+06
3.22724e+06 3.19074e+06
3.21398e+06 3.20054e+06
3.24793e+06 3.17149e+06
3.22508e+06 3.19181e+06
3.23652e+06 3.18854e+06
3.19178e+06 3.21923e+06
3.1941e+06 3.20952e+06
3.19448e+06 3.20662e+06
3.18546e+06 3.23229e+06
3.19116e+06 3.22003e+06
3.19776e+06 3.2054e+06
3.18687e+06 3.22023e+06
3.21398e+06 3.20054e+06
3.19178e+06 3.21923e+06
3.19116e+06 3.22003e+06
3.21398e+06 3.20054e+06
3.21398e+06 3.20054e+06
3.21398e+06 3.20054e+06
3.19178e+06 3.21923e+06
3.19178e+06 3.21923e+06
3.19178e+06 3.21923e+06
3.19116e+06 3.22003e+06
3.19116e+06 3.22003e+06
3.19116e+06 3.22003e+06
3.18546e+06 3.23229e+06
3.18546e+06 3.23229e+06
3.18546e+06 3.23229e+06
3.24882e+06 3.17435e+06
3.16153e+06 3.31082e+06
3.16153e+06 3.31082e+06
3.16184e+06 3.26751e+06
3.16757e+06 3.24411e+06
3.2183e+06 3.20323e+06
3.20357e+06 3.2155e+06
3.23403e+06 3.19099e+06
3.22571e+06 3.19254e+06
3.24882e+06 3.17435e+06
3.24102e+06 3.18392e+06
3.19192e+06 3.22983e+06
3.19398e+06 3.22166e+06
3.24102e+06 3.18392e+06
3.20836e+06 3.20545e+06
3.1747e+06 3.23762e+06
3.20836e+06 3.20545e+06
3.19398e+06 3.22166e+06
3.18111e+06 3.23708e+06
3.18796e+06 3.23702e+06
3.1747e+06 3.23762e+06
3.18111e+06 3.23708e+06
3.22962e+06 3.19226e+06
3.22962e+06 3.19226e+06
3.22571e+06 3.19254e+06
3.18835e+06 3.23454e+06
3.18835e+06 3.23454e+06
3.18835e+06 3.23454e+06
3.18796e+06 3.23702e+06
3.18111e+06 3.23708e+06
3.18835e+06 3.23454e+06
3.18835e+06 3.23454e+06
3.18796e+06 3.23702e+06
3.18796e+06 3.23702e+06
3.18796e+06 3.23702e+06
3.18111e+06 3.23708e+06
3.18111e+06 3.23708e+06
3.1747e+06 3.23762e+06
3.1747e+06 3.23762e+06
3.1747e+06 3.23762e+06
3.26245e+06 3.17451e+06
3.16788e+06 3.2614e+06
3.16788e+06 3.2614e+06
3.20368e+06 3.21613e+06
3.1799e+06 3.2441e+06
3.21984e+06 3.20551e+06
3.16827e+06 3.25414e+06
3.24407e+06 3.18578e+06
3.24098e+06 3.19294e+06
3.19666e+06 3.22233e+06
3.23372e+06 3.1963e+06
3.25178e+06 3.18225e+06
3.18044e+06 3.23948e+06
3.2088e+06 3.20651e+06
3.22988e+06 3.20397e+06
3.23159e+06 3.20224e+06
3.2088e+06 3.20651e+06
3.25178e+06 3.18225e+06
3.1906e+06 3.23855e+06
3.19624e+06 3.22889e+06
3.19383e+06 3.23487e+06
3.16827e+06 3.25414e+06
3.19624e+06 3.22889e+06
3.19383e+06 3.23487e+06
3.1906e+06 3.23855e+06
3.25178e+06 3.18225e+06
3.25178e+06 3.18225e+06
3.25178e+06 3.18225e+06
3.1906e+06 3.23855e+06
3.1906e+06 3.23855e+06
3.1906e+06 3.23855e+06
3.26683e+06 3.17737e+06
3.17158e+06 3.26174e+06
3.17158e+06 3.26174e+06
3.18151e+06 3.24129e+06
3.19291e+06 3.23963e+06
3.17806e+06 3.25415e+06
3.23207e+06 3.20517e+06
3.2624e+06 3.18526e+06
3.2493e+06 3.18844e+06
3.20419e+06 3.21705e+06
3.20106e+06 3.22659e+06
3.21063e+06 3.21066e+06
3.20419e+06 3.21705e+06
3.26683e+06 3.17737e+06
3.2624e+06 3.18526e+06
3.24811e+06 3.19692e+06
3.23549e+06 3.19708e+06
3.23549e+06 3.19708e+06
3.19864e+06 3.23447e+06
3.21564e+06 3.20837e+06
3.2491e+06 3.18918e+06
3.22134e+06 3.20602e+06
3.24811e+06 3.19692e+06
3.22524e+06 3.20564e+06
3.17632e+06 3.25726e+06
3.17237e+06 3.26032e+06
3.20106e+06 3.22659e+06
3.19908e+06 3.23088e+06
3.17632e+06 3.25726e+06
3.19908e+06 3.23088e+06
3.19864e+06 3.23447e+06
3.21253e+06 3.20995e+06
3.22337e+06 3.20591e+06
3.21414e+06 3.20982e+06
3.21063e+06 3.21066e+06
3.17237e+06 3.26032e+06
3.21414e+06 3.20982e+06
3.2493e+06 3.18844e+06
3.26683e+06 3.17737e+06
3.26683e+06 3.17737e+06
3.26683e+06 3.17737e+06
3.2624e+06 3.18526e+06
3.2624e+06 3.18526e+06
3.2624e+06 3.18526e+06
3.23549e+06 3.19708e+06
3.23549e+06 3.19708e+06
3.23549e+06 3.19708e+06
3.20419e+06 3.21705e+06
3.20419e+06 3.21705e+06
3.20419e+06 3.21705e+06
3.19864e+06 3.23447e+06
3.17632e+06 3.25726e+06
3.17632e+06 3.25726e+06
3.17632e+06 3.25726e+06
3.17237e+06 3.26032e+06
3.17237e+06 3.26032e+06
3.17237e+06 3.26032e+06
3.31406e+06 3.17935e+06
3.17283e+06 3.27949e+06
3.25496e+06 3.189e+06
3.19935e+06 3.23723e+06
3.23862e+06 3.19712e+06
3.20225e+06 3.22727e+06
3.22743e+06 3.20578e+06
3.18276e+06 3.24329e+06
3.18183e+06 3.25922e+06
3.18512e+06 3.24245e+06
3.21236e+06 3.21288e+06
3.20642e+06 3.22007e+06
3.17953e+06 3.2706e+06
3.18161e+06 3.25987e+06
3.22095e+06 3.21079e+06
3.17953e+06 3.2706e+06
3.20948e+06 3.21786e+06
3.25169e+06 3.19601e+06
3.22222e+06 3.20701e+06
3.25228e+06 3.19258e+06
3.25496e+06 3.189e+06
3.25169e+06 3.19601e+06
3.18512e+06 3.24245e+06
3.18183e+06 3.25922e+06
3.25496e+06 3.189e+06
3.18512e+06 3.24245e+06
3.18512e+06 3.24245e+06
3.18512e+06 3.24245e+06
3.17953e+06 3.2706e+06
3.32154e+06 3.18531e+06
3.1785e+06 3.29165e+06
3.27877e+06 3.18913e+06
3.18034e+06 3.283e+06
3.20433e+06 3.24251e+06
3.18284e+06 3.25457e+06
3.23894e+06 3.20172e+06
3.20827e+06 3.22581e+06
3.21132e+06 3.21955e+06
3.22584e+06 3.21484e+06
3.22597e+06 3.20704e+06
3.25506e+06 3.19812e+06
3.26114e+06 3.19129e+06
3.18901e+06 3.24611e+06
3.25621e+06 3.1926e+06
3.18478e+06 3.24761e+06
3.18329e+06 3.25208e+06
3.18329e+06 3.25208e+06
3.18329e+06 3.25208e+06
3.18329e+06 3.25208e+06
3.18329e+06 3.25208e+06
3.26555e+06 3.19491e+06
3.18292e+06 3.26638e+06
3.19097e+06 3.24908e+06
3.20884e+06 3.23125e+06
3.24746e+06 3.20614e+06
3.25639e+06 3.20011e+06
3.22907e+06 3.21781e+06
3.21362e+06 3.22364e+06
3.23715e+06 3.21254e+06
3.21113e+06 3.22694e+06
3.23199e+06 3.21321e+06
3.23551e+06 3.21262e+06
3.26058e+06 3.20076e+06
3.19336e+06 3.25153e+06
3.24251e+06 3.21454e+06
3.2173e+06 3.2265e+06
3.21259e+06 3.23688e+06
3.19498e+06 3.25061e+06
3.25337e+06 3.21199e+06
3.26057e+06 3.20891e+06
3.2139e+06 3.23009e+06
3.27241e+06 3.21419e+06
3.19346e+06 3.28037e+06
3.21603e+06 3.23787e+06
3.19404e+06 3.26039e+06
3.24743e+06 3.22139e+06
3.22367e+06 3.2302e+06
3.19371e+06 3.26568e+06
3.24263e+06 3.22947e+06
3.23487e+06 3.2295e+06
3.2651e+06 3.2233e+06
3.20078e+06 3.27346e+06
3.21626e+06 3.25717e+06
3.21811e+06 3.24183e+06
3.21529e+06 3.27168e+06
3.23569e+06 3.23215e+06
3.25216e+06 3.22912e+06
3.22511e+06 3.23326e+06
3.26127e+06 3.2286e+06
3.26962e+06 3.22366e+06
3.21353e+06 3.27885e+06
3.22567e+06 3.26048e+06
3.26807e+06 3.23277e+06
3.24391e+06 3.23547e+06
3.23023e+06 3.24075e+06
3.22965e+06 3.25298e+06
3.24084e+06 3.23579e+06
3.25723e+06 3.23583e+06
3.21475e+06 3.29236e+06
3.23381e+06 3.24571e+06
3.21672e+06 3.28735e+06
3.25366e+06 3.24224e+06
3.27068e+06 3.23671e+06
3.22181e+06 3.32496e+06
3.22571e+06 3.29719e+06
3.23486e+06 3.24859e+06
3.25799e+06 3.24592e+06
3.23798e+06 3.24842e+06
3.22533e+06 3.31171e+06
3.26907e+06 3.23805e+06
3.28419e+06 3.25111e+06
3.2341e+06 3.34522e+06
3.23624e+06 3.27246e+06
3.26034e+06 3.25136e+06
3.24244e+06 3.25453e+06
3.24178e+06 3.25766e+06
3.28596e+06 3.25162e+06
3.23902e+06 3.28029e+06
3.26222e+06 3.25183e+06
3.25551e+06 3.26262e+06
3.24204e+06 3.27452e+06
3.25259e+06 3.26801e+06
3.27523e+06 3.25381e+06
3.23907e+06 3.30738e+06
3.2582e+06 3.27618e+06
3.26586e+06 3.25627e+06
3.27844e+06 3.25449e+06
3.25927e+06 3.27942e+06
3.27645e+06 3.25862e+06
3.27672e+06 3.25725e+06
3.30921e+06 3.26719e+06
3.26934e+06 3.29094e+06
3.27428e+06 3.28788e+06
