700 14.9283
648019 604185 581509 570374
630590 571940 599190 643794
629203 634526 551350 612588
618941 557665 600940 596972
615313 658365 635132 537908
615313 658365 635132 537908
596823 614679 660646 560611
565026 627363 623559 605825
575595 598175 647990 583005
596823 614679 660646 560611
579033 657293 588306 627393
605470 647456 612943 539181
589761 639481 561620 632413
607306 651249 602660 559109
646892 573232 585456 634759
565226 623401 614703 592799
583586 643930 579597 621493
582963 631890 584036 625859
609150 631739 618527 544390
626381 625969 622188 546502
623827 562074 601729 590005
606148 648936 552552 602643
579667 608285 640404 582774
568288 588967 612609 601415
577670 628679 575933 636018
598769 563636 624308 611199
598180 567301 637284 604809
612721 581593 594105 638421
640811 605905 578868 570763
630590 571940 599190 643794
637014 572239 595190 576118
623383 614876 637702 544756
590214 616540 644551 558995
616031 586986 603858 558372
616976 632970 612325 549997
592180 611256 617471 566394
643574 593151 557810 575252
575372 640759 597489 629181
581810 638419 588351 613791
565194 629639 626328 602411
619766 618578 557724 612485
601913 645625 564054 606625
593088 584374 631552 565716
617721 560060 599970 595139
588430 606956 645731 560857
584597 619041 568159 612044
635683 626771 617766 550779
615652 570247 609187 599833
629257 615758 581235 563164
609261 636929 573888 572119
587487 612917 576637 591392
632005 610532 559494 586537
570141 645165 607202 616217
600575 606424 609670 555391
613992 589320 570113 615790
607261 568046 616251 595345
599385 599173 575320 619930
630991 607325 563101 565086
622796 579475 591907 585848
572304 649352 598707 584280
643541 599051 588531 579961
610409 576901 619536 595246
611330 602917 628523 565724
594788 581177 630190 619609
632450 605124 578070 589213
581131 590759 630599 601370
629019 600117 584574 583231
625619 618438 564996 597060
631395 564951 599035 602741
602678 588066 608365 573837
594325 575617 634194 570532
578719 583989 603887 607745
576012 627548 594518 596293
589437 633692 597343 575712
579739 605601 592857 615183
597489 635602 593205 579177
618182 617523 619555 552351
585304 641653 589822 587848
572967 624026 604742 608043
573751 613661 606492 593525
571388 618385 612138 599343
607733 597515 596364 582168
634137 589639 579582 583927
601074 625628 562208 628001
614898 614391 645133 553378
622253 592026 581945 597666
595369 582197 632919 587949
603987 620975 566772 594466
569479 609807 620126 593899
573539 590957 607025 609682
595995 582899 600011 585193
615644 624530 591390 561428
574951 625967 601229 610594
605139 604636 571325 618477
612238 622445 558577 588540
621497 573561 582057 598942
608750 574601 620618 587057
618036 628224 616656 554618
606991 640364 552485 598133
583320 646457 580802 634998
595955 595320 609906 571537
621164 602722 593841 576552
586587 617349 577508 604797
603299 600810 605977 567978
626817 616197 572428 557341
577858 620364 605983 567638
634678 571415 605995 582175
605633 593880 580130 618391
619443 612764 594137 568497
585302 642262 620205 551053
631506 608841 598506 556911
611823 619642 552040 588871
639516 589341 579666 614547
634222 602128 575324 578359
603696 627408 626171 553790
604855 577512 621506 589876
617719 596313 587688 593863
601322 590260 629359 582848
602555 593896 612894 574786
603138 602180 578506 603485
570240 603662 608989 599458
614959 578409 604842 570713
626879 595858 590163 560119
575710 642703 593338 614271
615355 637062 588811 557588
615247 616677 567203 581354
593410 599040 628723 582265
618941 557665 600940 596972
598602 624052 565482 577530
616745 609454 576942 604303
612721 581593 594105 638421
591094 591396 610798 604516
627578 608227 575737 614443
631271 575048 590321 588530
620056 613038 598600 562493
597716 596125 607960 578943
603961 577810 611343 585952
620260 604642 580282 593001
619449 590929 597736 572675
594996 603930 632219 561346
575595 598175 647990 583005
638944 606971 562350 599587
594033 593448 596267 584938
604385 610796 583506 569274
611965 593202 630880 559141
616023 608785 602334 574257
595689 600315 602357 582022
617338 591524 585467 596018
596747 617289 589075 580933
604385 610796 583506 569274
604902 591633 595947 602412
591328 607808 610316 596934
619707 622618 574639 577450
627425 609216 566370 587085
609054 616668 569215 585833
591328 607808 610316 596934
638944 606971 562350 599587
619707 622618 574639 577450
596747 617289 589075 580933
627425 609216 566370 587085
603532 593359 580754 604334
617356 616297 582493 587026
617356 616297 582493 587026
609054 616668 569215 585833
617338 591524 585467 596018
617719 596313 587688 593863
668728 640828 585834 592434
637711 594493 595206 638136
628603 603875 597181 562881
625431 630217 565406 611211
622838 576243 630899 614492
596446 645882 577250 620226
594652 585105 642710 587479
619543 624416 629421 574456
659910 590348 595987 608395
609684 638759 580031 602703
651607 607340 592717 592574
620383 607661 602199 573501
647238 601259 617759 588533
617257 619886 605676 584067
640060 625506 584611 625409
604917 594558 631970 615142
634029 595672 616008 597608
624529 580253 620213 600339
633458 589644 609861 632404
628976 600639 624033 590425
614597 592852 600634 602785
620538 632646 593773 591513
595018 599480 623851 637316
626783 606590 596212 607358
663009 611495 588641 612246
600345 589946 631203 624822
619790 627463 584095 613322
667405 603233 602030 602691
617258 628844 591366 618518
633714 588414 623817 586268
621977 589646 621581 629298
624210 619971 587552 594973
614763 612328 612831 596031
612951 621651 610681 591503
639901 589093 586603 627964
610605 618760 593285 599451
607681 614770 603358 598649
613372 612805 601176 617537
604123 611275 606481 625303
621607 616098 588817 600740
602360 624642 607344 574120
605451 612502 603477 615988
627351 617128 599065 592509
607398 619517 618801 613429
618030 602648 613752 584552
603180 615264 618161 619802
604354 621939 601043 596358
631717 601241 609950 598034
620176 599792 614280 590873
618457 616230 598356 615813
601526 601793 631348 599506
637874 601561 610471 591527
625735 588852 629996 599958
631861 603654 586730 615564
668525 605454 598354 594011
636155 590453 641650 595656
630105 606091 613010 572045
629113 634024 573382 622404
623229 650743 613958 584458
610502 597606 659963 631801
605094 630514 650129 608593
630392 639242 583419 609489
656480 616054 608184 590105
626851 609445 621260 576366
645864 637360 602525 583393
630744 617605 591904 604447
622053 643594 599613 610637
613589 629084 602936 626631
622070 616261 627419 587807
624557 595896 614312 618459
634264 624880 597989 589274
636006 595316 618419 622064
635912 613530 612974 580995
630713 600325 623071 607730
639892 603801 613227 593881
627801 625990 606570 586983
616861 599029 603619 614438
627852 618565 590993 601497
606550 631110 618186 612104
621640 604276 652259 601732
644879 608690 599092 596223
650184 621718 603638 594710
609956 623967 615512 608365
612966 630387 599674 624389
620745 621491 609820 599685
618057 625297 619807 592178
621674 612352 617992 603115
637674 614150 606713 597177
638952 607799 611421 600446
617277 620343 617550 594747
626558 605221 624482 591594
622734 622937 600927 626107
654213 606605 599054 595082
626040 630109 609181 593810
619572 613987 622315 611952
616230 633492 609562 596769
651617 597386 626605 600881
653581 623419 602349 594493
616675 632887 610945 610986
626165 615005 625986 601447
637010 617533 601483 611137
650833 613143 598728 609254
622371 616585 613201 611261
616256 613204 651911 609016
623084 597261 602667 608789
665194 604242 618287 606617
650770 657409 605928 597282
640045 632636 594093 622195
635097 619710 597933 628309
633520 598388 612482 613197
628768 622263 623373 587857
608468 633793 649200 627733
617943 627603 631142 611510
621505 644047 614024 606834
633589 609352 616046 589920
640209 607778 641888 601570
646632 620082 597892 623434
631255 630271 600892 602073
618817 641223 605377 615441
623280 611512 637636 615792
627333 614874 631876 606379
652645 622296 604971 606582
658897 607628 609088 601177
626642 602010 640504 620575
658479 608663 611912 600260
631532 618565 621481 610513
626495 627746 618706 599140
628720 626247 594267 603676
637769 604428 609845 614196
648320 624054 596522 606888
647309 600602 609488 616110
648449 609665 607935 605959
625647 618921 622561 607716
626117 602187 631700 609382
647586 600381 638690 612609
639465 612400 622595 588767
651989 620123 606842 600245
626867 616906 614844 613793
629723 617173 612780 612139
635576 601301 608901 621817
652131 610758 609710 603720
640017 612402 612584 611468
620545 609761 606060 615849
636223 601624 607538 614484
636596 610190 614016 607450
630624 601915 613504 611560
668657 631460 629203 594967
659261 660281 594813 614425
656309 617850 632879 589492
651966 630660 594721 617000
646246 599543 618424 630298
638119 607619 640562 645249
635709 630768 658480 601684
621145 625037 612570 643050
639385 638656 597782 623133
648592 611095 655744 604715
623948 612678 640286 637416
660829 606989 633963 616770
624540 623089 635210 620102
628780 629210 600227 605088
653527 624223 621413 598815
626964 616515 627732 623754
642676 626651 603972 630599
630007 636154 631654 604366
625638 622760 611882 636691
640834 618021 608429 632692
641554 618795 613862 613240
648812 632415 630273 596577
656337 604756 613198 624737
645024 621730 624031 604180
657192 604986 623611 619391
632471 630246 609560 604142
637694 627076 606826 627032
647440 615494 619461 610319
636586 608597 630212 627963
649098 625998 607973 609451
632158 620940 622797 616347
638125 638517 619246 598148
651944 625283 616071 607172
635120 618001 609249 623876
651378 610569 614988 614090
628388 621716 620282 615548
649532 606187 616419 616944
642698 610212 629762 629498
637870 627170 599139 604772
652666 614097 609540 625379
622154 615159 612239 625366
643036 615162 615786 613922
638795 615028 610929 619715
631843 623663 615983 614625
641105 625213 617035 613491
637841 613551 619971 614807
638119 614529 631553 610202
631983 614956 632387 614711
672391 633809 600242 636576
664636 667948 597337 617271
656441 628726 637614 599244
647033 603624 620204 644992
644554 615220 654148 626426
636784 615789 649123 661772
623491 620992 644229 626048
638153 649483 620968 606057
629775 629434 603127 608916
637322 638453 601552 613349
641977 654954 620018 608855
628866 621564 616540 635417
649312 652239 627042 600789
649339 617114 639697 622275
658657 607466 614552 630853
663688 621448 618433 613354
656930 609788 624926 618388
638102 618893 654005 619801
652984 615606 614113 643218
650274 623697 612281 640879
660606 605600 626338 633662
641960 629164 609747 620661
643749 620223 629223 623452
640767 628847 635332 620663
648770 626894 622654 624896
640827 624774 619264 629702
659471 615431 633398 611377
655219 604620 621910 633967
660258 623744 631249 610775
644814 616100 622388 640519
648909 612129 619851 634862
658073 615586 610958 627380
651672 616388 623294 633946
660054 605834 623864 626632
644619 621385 628843 620564
671663 633585 630632 614673
661273 610679 625025 622845
650950 616140 632000 645430
650685 625202 656346 626959
641764 636467 603306 609602
634326 649429 647774 626470
633604 644895 611677 627112
648850 621889 628638 639694
669234 618322 618018 632619
654241 628553 622865 628391
658366 617228 642394 620561
661526 634292 605144 621346
638336 634135 610585 618510
654502 620263 636810 628173
646541 626274 647884 632433
639878 636339 650188 613123
639386 633801 644272 632900
643212 635342 629709 610863
689527 620315 636390 630725
661079 622856 638733 632401
655758 635135 622848 648005
644945 636500 611722 616663
644839 644365 627269 615602
639252 657719 636652 624648
638449 648091 638541 635178
656624 631518 634888 640593
661687 636056 618610 621777
641603 635714 615232 624699
639472 657029 616923 619494
639202 649713 619060 636250
639628 639853 615959 624482
643897 650686 635425 617392
659359 651204 644643 616464
652197 636761 613387 623895
643183 654493 670934 658192
639854 661761 619764 627165
650670 638443 647588 644709
