2281 88.7497
79283 80715 82289
100891 65457 89477
71984 72867 94857
79081 69872 93278
85061 70270 88633
72905 83486 85440
73863 79796 87050
64023 94284 107733
76499 102711 77583
69797 86771 88177
69523 74960 97975
69540 80236 92599
74856 86508 82793
83875 75441 81918
71208 96756 84019
73526 74062 91839
64633 77345 117059
65907 100989 89341
78916 74814 87162
93255 75369 76850
69851 69740 105127
85367 86570 75807
82583 73635 85738
90762 70669 82613
74217 69535 97241
75742 63979 113407
87479 63355 102913
68099 81096 94707
72374 84257 86333
65483 83567 100809
80295 76672 84892
79249 98827 78586
92543 68267 88276
67828 77185 98566
78106 65656 100924
66327 96118 89331
73094 77810 90558
77439 90548 80159
71271 86751 86995
78574 79420 85763
67209 73647 115530
71947 94250 84742
75188 80704 85995
84176 69420 94116
81518 71561 88759
72780 72603 94200
83233 76868 82375
75742 63979 113407
70913 70341 101506
83383 86104 77025
96464 67598 86988
81692 64027 104437
80373 74706 85632
91245 76884 77028
71416 70425 100771
81814 82582 79596
73036 83326 87008
77346 101677 77642
84450 72599 86917
71901 71018 99966
71163 91618 85822
92332 68338 92100
64556 86487 97960
70861 72624 100670
73839 77667 88992
72844 76287 91545
66899 95583 88317
92125 69150 86755
74953 93067 82465
70918 81288 90694
96432 65450 93699
90340 76263 78629
90494 80700 77258
81804 84828 78527
66584 75122 103006
84834 66123 97561
80051 73070 87437
74854 65823 107070
70517 85917 89092
72490 72948 93940
79418 71855 90983
65580 96135 91474
101949 70243 83362
72445 93425 84348
90646 76094 77219
70827 80801 91331
65713 75901 108956
78420 79529 84755
84778 70510 89619
65423 82240 102553
80296 72002 88568
73614 83012 86714
84704 68117 95011
70913 70341 101506
71683 72911 94743
81817 74008 85408
73525 79018 88630
77611 101283 77511
69581 76965 94817
75414 74079 90876
85722 65612 97931
97664 66060 91559
77692 88042 80351
75100 67934 101674
87499 75630 79382
75028 65351 108181
69376 90272 87415
81642 88470 77626
78156 74039 88656
96355 65776 91847
78796 87927 81726
73129 71330 95338
91210 74576 79165
82314 87488 77369
77622 99360 79399
67209 73647 115530
86827 72995 83837
87537 65259 101040
78050 64849 110048
72388 88940 84453
76185 81021 84541
86032 69407 90861
66788 101440 87498
65148 81043 103868
69037 74156 103324
71404 68941 103399
75631 75105 89060
77178 81513 83354
70623 78220 92681
72588 99065 83998
77934 66667 101493
67248 90710 94054
91529 73918 80713
82084 68267 96631
80263 74783 85401
77169 78254 87188
70488 79375 92376
66545 75258 103747
72780 72603 94200
70576 94498 84605
67339 89568 95050
91538 77048 77007
86097 71187 86572
66899 95583 88317
65892 81224 99494
73705 73852 91734
75521 82121 84026
78954 81896 81693
76055 65549 107097
85879 81551 79100
78225 103311 76867
83074 73841 84539
73525 79018 88630
100559 65785 91574
67939 77500 98425
80628 66168 98115
68397 73667 103523
91403 73944 79848
75907 69462 100068
81848 66943 97055
82249 87707 77444
72676 82615 87738
71443 68681 108742
78483 63868 113503
85845 68102 94366
74367 72316 94462
80501 65470 102943
83328 80536 79959
75653 70333 94928
68451 80034 96783
67346 86753 91342
90334 75181 78654
82920 73696 85680
84796 81951 78959
89484 69809 86398
96276 67511 87487
77013 78907 86232
66584 75122 103006
68250 75418 100112
88430 70391 87033
82167 77855 81468
64251 85198 107707
73763 85719 84819
75268 94786 81568
72787 76519 91748
70052 96666 85920
76139 75805 87294
81802 102501 77420
67587 96586 86762
94462 66745 89778
92601 74729 78226
66200 95370 90626
84375 82937 78099
82272 73312 86265
64384 85183 103634
78156 74039 88656
73595 66738 109870
77696 98537 78862
75224 84486 84003
76185 81021 84541
69543 72550 100883
74905 83889 84950
82247 75517 83113
89697 72047 83904
71080 69780 101543
71984 72867 94857
83379 71285 88594
77822 79614 84172
70412 94323 85606
69024 87143 88998
74489 74091 91196
79528 67337 97135
89384 63481 102074
65090 79691 105581
77629 67275 100544
71129 78379 90253
87613 81946 77138
73478 67564 105790
72090 73264 94152
75942 73023 90747
64023 94284 107733
73750 84707 85127
76688 79999 85630
68375 74210 101565
84042 70762 89924
76108 98055 80085
70124 94436 85271
75271 88804 82484
90692 71264 85342
85932 74051 82899
75415 64821 111733
67722 87320 89915
85325 63630 109728
90334 75181 78654
69722 80083 92529
66584 75122 103006
101267 66356 88374
80466 74938 84681
78853 64828 106063
78350 68952 96492
77898 78959 86062
66899 95583 88317
77169 73570 90716
76074 68901 100105
81817 74008 85408
70158 74505 95491
68794 101675 86226
71269 81454 89561
77268 80837 83400
73036 83326 87008
73958 75111 90229
93638 73191 80529
80974 68890 95736
73362 71575 95089
80366 74469 86331
76639 100208 78724
87378 79147 79497
66545 75258 103747
72355 68750 104001
66102 85846 97294
88895 67264 95338
70266 88889 86611
81876 87478 77497
74765 79159 87715
87479 63355 102913
66788 101440 87498
74627 65733 112485
101267 66356 88374
76700 91783 81839
90506 74198 79603
69431 82149 90849
78659 80990 82461
67698 90729 87581
73614 83012 86714
81251 89152 78421
73129 71330 95338
93255 75369 76850
65983 84797 98147
84534 68462 91882
94467 67289 89634
77696 98537 78862
85893 62910 108349
68030 76235 100870
74527 66665 105396
73926 73746 91627
75560 84367 83618
85943 72499 85040
71359 101673 83927
94699 68942 86644
66788 101440 87498
72678 80282 89651
66584 75122 103006
76961 70706 92319
76673 67636 100741
72234 68837 102324
78235 78067 86776
83524 79416 80021
85510 65191 101881
71699 82779 87761
80371 89660 79041
77686 65576 101843
72982 67185 109841
70984 93043 85597
72744 78148 89492
91538 77048 77007
67209 73647 115530
95288 64685 93920
90371 69073 88621
66339 95254 89519
76605 82063 84426
81619 87960 78808
94052 68680 86910
82583 73635 85738
70883 77447 92059
72490 72948 93940
66821 83257 97103
67214 76737 101533
76090 74102 90057
89797 79430 77380
77611 101283 77511
79160 74002 87702
69316 73041 102418
83126 69628 91877
68285 91182 87170
78362 75891 86585
69003 101211 86458
67587 96586 86762
92543 68267 88276
77256 97670 81453
93029 67496 88699
74185 73003 93211
88617 82041 76614
69471 80840 92181
67722 87320 89915
71917 72800 98080
82557 76997 82938
66586 74590 117872
75276 68314 101007
75000 64990 108670
69851 69740 105127
76932 100128 78726
92601 74729 78226
72744 78148 89492
71719 85973 86062
67748 78655 99127
82102 81745 80210
86269 68938 91667
65148 81043 103868
75822 70663 94239
83523 73354 84043
80604 66285 100419
71440 76297 91940
95029 73344 79590
79708 86908 80610
77190 74514 88069
72010 70033 100963
80984 73922 86729
67587 96586 86762
92601 74729 78226
69593 96821 85490
73485 77333 89621
67939 77500 98425
71489 83871 88972
80696 64512 108888
87533 66009 95684
65925 80976 99343
79055 70042 93244
72265 71883 95632
84398 71151 88591
65579 76141 118165
95930 67203 89016
84869 77663 80625
77611 101283 77511
72388 88940 84453
73296 70769 95375
74968 84959 84353
80434 86861 78960
67587 96586 86762
93219 69159 85356
74269 65624 113481
88385 75502 79195
84834 66123 97561
71044 85570 89548
75741 68507 100801
