503 75.833
832335 1.29425e+06 1.24432e+06
1.48089e+06 838159 1.32329e+06
1.28603e+06 1.4465e+06 839746
1.48372e+06 838877 1.31546e+06
1.44851e+06 1.15612e+06 902315
839179 1.23466e+06 1.25253e+06
1.24592e+06 1.42147e+06 841343
839434 1.23334e+06 1.25152e+06
1.484e+06 837694 1.31818e+06
1.44552e+06 1.15759e+06 904250
1.24542e+06 1.42683e+06 840436
836968 1.24073e+06 1.25621e+06
1.24542e+06 1.42683e+06 840436
839434 1.23334e+06 1.25152e+06
839502 1.23226e+06 1.25079e+06
1.14439e+06 886901 1.44017e+06
1.48505e+06 839091 1.31551e+06
840984 1.2313e+06 1.25106e+06
1.25301e+06 1.41876e+06 840050
840984 1.2313e+06 1.25106e+06
1.48372e+06 838877 1.31546e+06
1.47892e+06 842254 1.31298e+06
842345 1.42599e+06 1.16753e+06
832335 1.29425e+06 1.24432e+06
1.25301e+06 1.41876e+06 840050
842345 1.42599e+06 1.16753e+06
1.1423e+06 887754 1.44352e+06
1.48163e+06 838555 1.31762e+06
1.24488e+06 1.42345e+06 841050
842345 1.42599e+06 1.16753e+06
1.44851e+06 1.15612e+06 902315
1.14013e+06 889458 1.43952e+06
1.48372e+06 838877 1.31546e+06
1.24592e+06 1.42147e+06 841343
1.43751e+06 1.15829e+06 906996
834543 1.2424e+06 1.26531e+06
1.25301e+06 1.41876e+06 840050
838626 1.23337e+06 1.25093e+06
838626 1.23337e+06 1.25093e+06
1.14394e+06 887560 1.43495e+06
1.44852e+06 1.15855e+06 902995
839179 1.23466e+06 1.25253e+06
1.24542e+06 1.42683e+06 840436
838646 1.2366e+06 1.25157e+06
1.14439e+06 886901 1.44017e+06
1.48372e+06 838877 1.31546e+06
1.24482e+06 1.42508e+06 840956
834543 1.2424e+06 1.26531e+06
1.25301e+06 1.41876e+06 840050
842345 1.42599e+06 1.16753e+06
1.14394e+06 887560 1.43495e+06
1.14394e+06 887560 1.43495e+06
1.4385e+06 1.15664e+06 908364
834817 1.24153e+06 1.26592e+06
1.44852e+06 1.15855e+06 902995
1.1434e+06 887424 1.43704e+06
1.48411e+06 838739 1.31444e+06
1.44552e+06 1.15759e+06 904250
1.24482e+06 1.42508e+06 840956
832335 1.29425e+06 1.24432e+06
1.24542e+06 1.42683e+06 840436
840061 1.23695e+06 1.24916e+06
839502 1.23226e+06 1.25079e+06
1.484e+06 837694 1.31818e+06
1.44852e+06 1.15855e+06 902995
839434 1.23334e+06 1.25152e+06
1.24542e+06 1.42683e+06 840436
839434 1.23334e+06 1.25152e+06
1.48163e+06 838555 1.31762e+06
840984 1.2313e+06 1.25106e+06
843089 1.23206e+06 1.25036e+06
834325 1.24406e+06 1.26581e+06
1.24542e+06 1.42683e+06 840436
842345 1.42599e+06 1.16753e+06
1.14118e+06 889698 1.43446e+06
1.14394e+06 887560 1.43495e+06
1.44002e+06 1.15428e+06 908497
834543 1.2424e+06 1.26531e+06
1.24488e+06 1.42345e+06 841050
834817 1.24153e+06 1.26592e+06
1.484e+06 837694 1.31818e+06
1.44552e+06 1.15759e+06 904250
1.24542e+06 1.42683e+06 840436
839179 1.23466e+06 1.25253e+06
1.24542e+06 1.42683e+06 840436
839434 1.23334e+06 1.25152e+06
839502 1.23226e+06 1.25079e+06
1.14394e+06 887560 1.43495e+06
1.44552e+06 1.15759e+06 904250
839434 1.23334e+06 1.25152e+06
1.44851e+06 1.15612e+06 902315
1.14118e+06 889698 1.43446e+06
1.14394e+06 887560 1.43495e+06
1.48372e+06 838877 1.31546e+06
842345 1.42599e+06 1.16753e+06
834543 1.2424e+06 1.26531e+06
1.45042e+06 1.16007e+06 902365
842345 1.42599e+06 1.16753e+06
1.14394e+06 887560 1.43495e+06
1.48372e+06 838877 1.31546e+06
1.44851e+06 1.15612e+06 902315
842345 1.42599e+06 1.16753e+06
1.24592e+06 1.42147e+06 841343
840984 1.2313e+06 1.25106e+06
1.48163e+06 838555 1.31762e+06
839051 1.23584e+06 1.25281e+06
838626 1.23337e+06 1.25093e+06
834543 1.2424e+06 1.26531e+06
1.25023e+06 1.41916e+06 840321
840984 1.2313e+06 1.25106e+06
838626 1.23337e+06 1.25093e+06
1.48163e+06 838555 1.31762e+06
1.44852e+06 1.15855e+06 902995
839434 1.23334e+06 1.25152e+06
1.24542e+06 1.42683e+06 840436
838646 1.2366e+06 1.25157e+06
1.14394e+06 887560 1.43495e+06
1.48411e+06 838739 1.31444e+06
1.24482e+06 1.42508e+06 840956
834543 1.2424e+06 1.26531e+06
1.24542e+06 1.42683e+06 840436
842345 1.42599e+06 1.16753e+06
1.14118e+06 889698 1.43446e+06
1.14394e+06 887560 1.43495e+06
1.43751e+06 1.15829e+06 906996
834543 1.2424e+06 1.26531e+06
1.44552e+06 1.15759e+06 904250
1.1423e+06 887754 1.44352e+06
1.484e+06 837694 1.31818e+06
1.44851e+06 1.15612e+06 902315
1.24592e+06 1.42147e+06 841343
834543 1.2424e+06 1.26531e+06
1.24599e+06 1.42069e+06 841447
842345 1.42599e+06 1.16753e+06
1.1423e+06 887754 1.44352e+06
1.48163e+06 838555 1.31762e+06
1.44851e+06 1.15612e+06 902315
839179 1.23466e+06 1.25253e+06
1.24599e+06 1.42069e+06 841447
840984 1.2313e+06 1.25106e+06
1.14394e+06 887560 1.43495e+06
1.14457e+06 888234 1.43395e+06
842345 1.42599e+06 1.16753e+06
832335 1.29425e+06 1.24432e+06
1.25023e+06 1.41916e+06 840321
842345 1.42599e+06 1.16753e+06
1.14394e+06 887560 1.43495e+06
1.14394e+06 887560 1.43495e+06
1.44851e+06 1.15612e+06 902315
838646 1.2366e+06 1.25157e+06
1.24482e+06 1.42508e+06 840956
839179 1.23466e+06 1.25253e+06
1.484e+06 837694 1.31818e+06
1.44552e+06 1.15759e+06 904250
1.24482e+06 1.42508e+06 840956
832335 1.29425e+06 1.24432e+06
1.24542e+06 1.42683e+06 840436
839434 1.23334e+06 1.25152e+06
840984 1.2313e+06 1.25106e+06
1.1423e+06 887754 1.44352e+06
1.48372e+06 838877 1.31546e+06
1.14013e+06 889458 1.43952e+06
1.45042e+06 1.16007e+06 902365
1.14118e+06 889698 1.43446e+06
1.48411e+06 838739 1.31444e+06
1.48505e+06 839091 1.31551e+06
1.24482e+06 1.42508e+06 840956
834543 1.2424e+06 1.26531e+06
1.25301e+06 1.41876e+06 840050
842345 1.42599e+06 1.16753e+06
1.1434e+06 887424 1.43704e+06
1.484e+06 837694 1.31818e+06
1.24488e+06 1.42345e+06 841050
842345 1.42599e+06 1.16753e+06
1.44851e+06 1.15612e+06 902315
1.14013e+06 889458 1.43952e+06
1.48372e+06 838877 1.31546e+06
1.24592e+06 1.42147e+06 841343
839434 1.23334e+06 1.25152e+06
834543 1.2424e+06 1.26531e+06
1.25023e+06 1.41916e+06 840321
840984 1.2313e+06 1.25106e+06
839502 1.23226e+06 1.25079e+06
1.14461e+06 887108 1.43725e+06
1.44851e+06 1.15612e+06 902315
839179 1.23466e+06 1.25253e+06
1.24542e+06 1.42683e+06 840436
838646 1.2366e+06 1.25157e+06
1.14439e+06 886901 1.44017e+06
1.48372e+06 838877 1.31546e+06
1.24482e+06 1.42508e+06 840956
834817 1.24153e+06 1.26592e+06
1.25023e+06 1.41916e+06 840321
842345 1.42599e+06 1.16753e+06
1.14394e+06 887560 1.43495e+06
1.14394e+06 887560 1.43495e+06
1.44552e+06 1.15759e+06 904250
839398 1.23356e+06 1.25355e+06
1.44852e+06 1.15855e+06 902995
1.1434e+06 887424 1.43704e+06
1.48372e+06 838877 1.31546e+06
1.44552e+06 1.15759e+06 904250
1.24592e+06 1.42147e+06 841343
841701 1.42497e+06 1.17171e+06
1.24542e+06 1.42683e+06 840436
842345 1.42599e+06 1.16753e+06
1.14013e+06 889458 1.43952e+06
1.484e+06 837694 1.31818e+06
1.44851e+06 1.15612e+06 902315
839434 1.23334e+06 1.25152e+06
1.24542e+06 1.42683e+06 840436
839434 1.23334e+06 1.25152e+06
1.14394e+06 887560 1.43495e+06
839434 1.23334e+06 1.25152e+06
838626 1.23337e+06 1.25093e+06
834543 1.2424e+06 1.26531e+06
1.25023e+06 1.41916e+06 840321
840984 1.2313e+06 1.25106e+06
840984 1.2313e+06 1.25106e+06
1.48163e+06 838555 1.31762e+06
1.24592e+06 1.42147e+06 841343
832335 1.29425e+06 1.24432e+06
1.24592e+06 1.42147e+06 841343
839398 1.23356e+06 1.25355e+06
1.48163e+06 838555 1.31762e+06
1.44552e+06 1.15759e+06 904250
1.24482e+06 1.42508e+06 840956
842345 1.42599e+06 1.16753e+06
1.24542e+06 1.42683e+06 840436
842345 1.42599e+06 1.16753e+06
1.14118e+06 889698 1.43446e+06
1.1434e+06 887424 1.43704e+06
1.48505e+06 839091 1.31551e+06
839179 1.23466e+06 1.25253e+06
1.24599e+06 1.42069e+06 841447
839502 1.23226e+06 1.25079e+06
1.14394e+06 887560 1.43495e+06
1.14394e+06 887560 1.43495e+06
842345 1.42599e+06 1.16753e+06
834543 1.2424e+06 1.26531e+06
1.44851e+06 1.15612e+06 902315
842345 1.42599e+06 1.16753e+06
1.14247e+06 887607 1.44509e+06
1.484e+06 837694 1.31818e+06
1.24592e+06 1.42147e+06 841343
842345 1.42599e+06 1.16753e+06
1.44851e+06 1.15612e+06 902315
1.14013e+06 889458 1.43952e+06
1.48411e+06 838739 1.31444e+06
1.43751e+06 1.15829e+06 906996
849779 1.41938e+06 1.16379e+06
832335 1.29425e+06 1.24432e+06
1.25023e+06 1.41916e+06 840321
840984 1.2313e+06 1.25106e+06
840061 1.23695e+06 1.24916e+06
1.14461e+06 887108 1.43725e+06
1.44852e+06 1.15855e+06 902995
839434 1.23334e+06 1.25152e+06
1.24542e+06 1.42683e+06 840436
839179 1.23466e+06 1.25253e+06
1.484e+06 837694 1.31818e+06
1.48372e+06 838877 1.31546e+06
1.24542e+06 1.42683e+06 840436
834543 1.2424e+06 1.26531e+06
1.25023e+06 1.41916e+06 840321
842345 1.42599e+06 1.16753e+06
1.14394e+06 887560 1.43495e+06
1.14394e+06 887560 1.43495e+06
1.4385e+06 1.15664e+06 908364
834817 1.24153e+06 1.26592e+06
1.44851e+06 1.15612e+06 902315
1.14394e+06 887560 1.43495e+06
1.48372e+06 838877 1.31546e+06
1.44851e+06 1.15612e+06 902315
1.24488e+06 1.42345e+06 841050
842345 1.42599e+06 1.16753e+06
1.24542e+06 1.42683e+06 840436
842345 1.42599e+06 1.16753e+06
1.14013e+06 889458 1.43952e+06
1.484e+06 837694 1.31818e+06
1.44851e+06 1.15612e+06 902315
840061 1.23695e+06 1.24916e+06
1.24592e+06 1.42147e+06 841343
840984 1.2313e+06 1.25106e+06
1.14394e+06 887560 1.43495e+06
1.14394e+06 887560 1.43495e+06
842345 1.42599e+06 1.16753e+06
832335 1.29425e+06 1.24432e+06
1.25301e+06 1.41876e+06 840050
842345 1.42599e+06 1.16753e+06
1.14394e+06 887560 1.43495e+06
1.14394e+06 887560 1.43495e+06
1.44552e+06 1.15759e+06 904250
838646 1.2366e+06 1.25157e+06
1.24488e+06 1.42345e+06 841050
839179 1.23466e+06 1.25253e+06
1.48089e+06 838159 1.32329e+06
1.48505e+06 839091 1.31551e+06
1.24542e+06 1.42683e+06 840436
838646 1.2366e+06 1.25157e+06
1.24542e+06 1.42683e+06 840436
839434 1.23334e+06 1.25152e+06
840984 1.2313e+06 1.25106e+06
1.14439e+06 886901 1.44017e+06
1.44552e+06 1.15759e+06 904250
840984 1.2313e+06 1.25106e+06
1.44852e+06 1.15855e+06 902995
840984 1.2313e+06 1.25106e+06
1.48411e+06 838739 1.31444e+06
1.47892e+06 842254 1.31298e+06
842345 1.42599e+06 1.16753e+06
834325 1.24406e+06 1.26581e+06
1.25301e+06 1.41876e+06 840050
842345 1.42599e+06 1.16753e+06
1.1423e+06 887787 1.44296e+06
1.484e+06 837694 1.31818e+06
1.24592e+06 1.42147e+06 841343
842345 1.42599e+06 1.16753e+06
1.24592e+06 1.42147e+06 841343
840301 1.23274e+06 1.25415e+06
1.484e+06 837694 1.31818e+06
1.24592e+06 1.42147e+06 841343
840984 1.2313e+06 1.25106e+06
834543 1.2424e+06 1.26531e+06
1.25023e+06 1.41916e+06 840321
840984 1.2313e+06 1.25106e+06
840984 1.2313e+06 1.25106e+06
1.48163e+06 838555 1.31762e+06
1.44851e+06 1.15612e+06 902315
838646 1.2366e+06 1.25157e+06
1.24542e+06 1.42683e+06 840436
839434 1.23334e+06 1.25152e+06
1.14394e+06 887560 1.43495e+06
1.48372e+06 838877 1.31546e+06
1.24488e+06 1.42345e+06 841050
834543 1.2424e+06 1.26531e+06
1.25023e+06 1.41916e+06 840321
842345 1.42599e+06 1.16753e+06
1.14394e+06 887560 1.43495e+06
1.14394e+06 887560 1.43495e+06
1.44552e+06 1.15759e+06 904250
834817 1.24153e+06 1.26592e+06
1.44851e+06 1.15612e+06 902315
1.14013e+06 889458 1.43952e+06
1.48372e+06 838877 1.31546e+06
1.43751e+06 1.15829e+06 906996
1.24592e+06 1.42147e+06 841343
841701 1.42497e+06 1.17171e+06
1.24542e+06 1.42683e+06 840436
842345 1.42599e+06 1.16753e+06
1.14013e+06 889458 1.43952e+06
1.48089e+06 838159 1.32329e+06
1.44852e+06 1.15855e+06 902995
839434 1.23334e+06 1.25152e+06
1.25023e+06 1.41916e+06 840321
840984 1.2313e+06 1.25106e+06
1.48163e+06 838555 1.31762e+06
1.43751e+06 1.15829e+06 906996
842345 1.42599e+06 1.16753e+06
832335 1.29425e+06 1.24432e+06
1.25023e+06 1.41916e+06 840321
840984 1.2313e+06 1.25106e+06
840984 1.2313e+06 1.25106e+06
1.14394e+06 887560 1.43495e+06
1.44851e+06 1.15612e+06 902315
834543 1.2424e+06 1.26531e+06
1.24592e+06 1.42147e+06 841343
839179 1.23466e+06 1.25253e+06
1.484e+06 837694 1.31818e+06
1.44552e+06 1.15759e+06 904250
1.24482e+06 1.42508e+06 840956
842345 1.42599e+06 1.16753e+06
1.24542e+06 1.42683e+06 840436
839434 1.23334e+06 1.25152e+06
840984 1.2313e+06 1.25106e+06
1.14394e+06 887560 1.43495e+06
1.48411e+06 838739 1.31444e+06
839179 1.23466e+06 1.25253e+06
1.44851e+06 1.15612e+06 902315
1.14394e+06 887560 1.43495e+06
1.14394e+06 887560 1.43495e+06
1.48411e+06 838739 1.31444e+06
842345 1.42599e+06 1.16753e+06
834543 1.2424e+06 1.26531e+06
1.45042e+06 1.16007e+06 902365
842345 1.42599e+06 1.16753e+06
1.14394e+06 887560 1.43495e+06
1.48372e+06 838877 1.31546e+06
1.44851e+06 1.15612e+06 902315
842345 1.42599e+06 1.16753e+06
1.24592e+06 1.42147e+06 841343
840984 1.2313e+06 1.25106e+06
1.484e+06 837694 1.31818e+06
1.24592e+06 1.42147e+06 841343
839434 1.23334e+06 1.25152e+06
834543 1.2424e+06 1.26531e+06
1.25023e+06 1.41916e+06 840321
838626 1.23337e+06 1.25093e+06
840984 1.2313e+06 1.25106e+06
1.14439e+06 886901 1.44017e+06
1.44552e+06 1.15759e+06 904250
839502 1.23226e+06 1.25079e+06
1.24542e+06 1.42683e+06 840436
839179 1.23466e+06 1.25253e+06
1.14439e+06 886901 1.44017e+06
1.48372e+06 838877 1.31546e+06
1.24482e+06 1.42508e+06 840956
834543 1.2424e+06 1.26531e+06
1.24542e+06 1.42683e+06 840436
842345 1.42599e+06 1.16753e+06
1.14394e+06 887560 1.43495e+06
1.14394e+06 887560 1.43495e+06
1.44002e+06 1.15428e+06 908497
834543 1.2424e+06 1.26531e+06
1.44852e+06 1.15855e+06 902995
1.1423e+06 887754 1.44352e+06
1.48372e+06 838877 1.31546e+06
1.44851e+06 1.15612e+06 902315
1.24592e+06 1.42147e+06 841343
832335 1.29425e+06 1.24432e+06
1.25023e+06 1.41916e+06 840321
842345 1.42599e+06 1.16753e+06
1.14013e+06 889458 1.43952e+06
1.48163e+06 838555 1.31762e+06
1.44852e+06 1.15855e+06 902995
839179 1.23466e+06 1.25253e+06
1.24488e+06 1.42345e+06 841050
839502 1.23226e+06 1.25079e+06
1.14394e+06 887560 1.43495e+06
840984 1.2313e+06 1.25106e+06
840984 1.2313e+06 1.25106e+06
832335 1.29425e+06 1.24432e+06
1.25023e+06 1.41916e+06 840321
1.24592e+06 1.42147e+06 841343
840984 1.2313e+06 1.25106e+06
1.48163e+06 838555 1.31762e+06
1.44552e+06 1.15759e+06 904250
836968 1.24073e+06 1.25621e+06
1.24592e+06 1.42147e+06 841343
839434 1.23334e+06 1.25152e+06
1.48163e+06 838555 1.31762e+06
1.48505e+06 839091 1.31551e+06
1.24542e+06 1.42683e+06 840436
834543 1.2424e+06 1.26531e+06
1.24542e+06 1.42683e+06 840436
839434 1.23334e+06 1.25152e+06
840984 1.2313e+06 1.25106e+06
1.14439e+06 886901 1.44017e+06
