4 0.0281077
183299 143720 165169
174077 150083 142475
164861 143438 173862
142863 182322 161838
152975 175557 156665
149405 155442 173577
183299 143720 165169
173012 160688 143488
147762 158922 160421
166246 148989 145964
160244 172945 151598
154473 151733 154449
161148 167315 146897
146110 181983 170497
146110 181983 170497
156974 168134 153602
155250 146476 168306
152378 157186 168636
166792 146813 166099
160244 172945 151598
169666 145241 161191
158280 151355 164776
158739 165665 154159
169666 145241 161191
162505 164744 144140
162505 164744 144140
160890 167765 149150
166792 146813 166099
160890 167765 149150
163589 162977 153157
160614 151709 162840
154248 155871 170406
163639 145878 169950
174077 150083 142475
152378 157186 168636
163639 145878 169950
156974 168134 153602
147188 165409 160424
160614 151709 162840
163589 162977 153157
163589 162977 153157
147188 165409 160424
158280 151355 164776
154248 155871 170406
174077 150083 142475
163589 162977 153157
183299 143720 165169
183299 143720 165169
183299 143720 165169
174077 150083 142475
174077 150083 142475
163589 162977 153157
184924 151541 161815
170135 162084 145972
165159 144165 174674
164253 149801 187670
154883 177460 156441
147783 172870 179845
183581 147839 172918
161609 171168 150592
152147 162282 181405
170731 150882 165715
178230 150838 174112
149005 166419 167340
158336 165394 156412
161430 173603 147022
169825 169513 147916
178701 151845 159706
166752 152029 148302
162099 149837 178459
153461 158039 169266
156455 170610 156855
162035 152250 163896
149073 165200 166104
163378 167873 149364
153885 176560 160975
163378 167873 149364
157320 159307 164746
153885 176560 160975
159045 161809 157815
164589 154505 158421
169047 151458 170304
165805 152181 170269
157701 163480 161005
150425 164419 162749
162180 159970 158226
155931 156459 172499
178230 150838 174112
151005 162570 179854
159868 158111 158485
147783 172870 179845
150425 164419 162749
184924 151541 161815
162194 157078 159365
169047 151458 170304
158614 155231 165309
161430 173603 147022
152977 162471 173464
159045 161809 157815
153133 164222 171370
159868 158111 158485
162216 152223 162033
178701 151845 159706
170135 162084 145972
154870 159209 165559
155931 156459 172499
157683 155549 162378
162099 149837 178459
155238 164011 158070
164465 154597 159549
154870 159209 165559
151005 162570 179854
155111 162916 164060
158349 157056 159600
157683 155549 162378
155828 155196 172777
162180 159970 158226
170731 150882 165715
153133 164222 171370
158336 165394 156412
159868 158111 158485
155828 155196 172777
152977 162471 173464
155111 162916 164060
155238 164011 158070
178701 151845 159706
164589 154505 158421
151005 162570 179854
153133 164222 171370
162216 152223 162033
155111 162916 164060
162194 157078 159365
155111 162916 164060
159868 158111 158485
164589 154505 158421
162194 157078 159365
162194 157078 159365
184924 151541 161815
184924 151541 161815
178230 150838 174112
164589 154505 158421
164589 154505 158421
162194 157078 159365
162194 157078 159365
162194 157078 159365
161430 173603 147022
159868 158111 158485
157683 155549 162378
157683 155549 162378
157683 155549 162378
155111 162916 164060
153885 176560 160975
153133 164222 171370
150425 164419 162749
178733 156757 150165
176659 163972 147053
175565 147905 176549
167457 151566 177178
157547 180502 158376
149138 167236 173405
153132 176404 169254
172564 174327 147111
165020 152691 164571
154459 165059 168761
167719 153943 157106
169487 157769 154048
155662 171796 160372
174536 151751 172649
159293 169545 159609
159688 178153 157380
171180 152509 150978
154387 165386 176269
169487 157769 154048
166312 156108 159378
158251 158945 171062
175565 147905 176549
163742 157004 169749
159776 164621 158134
153587 166711 162877
167162 161034 158862
162242 171185 156771
173700 157763 150859
158672 173743 159163
166141 159568 159520
171180 152509 150978
161721 160690 161303
164216 162084 161069
158517 158599 161536
153262 173949 170269
157547 180502 158376
156880 165700 159960
157577 160319 168824
162552 157679 162935
164651 156613 160412
162552 157679 162935
164216 162084 161069
165259 166318 157645
162242 171185 156771
162242 171185 156771
158074 165048 159670
159714 164692 160799
161721 160690 161303
175565 147905 176549
165259 166318 157645
158672 173743 159163
156880 165700 159960
157050 166156 159814
157050 166156 159814
157547 180502 158376
158517 158599 161536
157050 166156 159814
158517 158599 161536
157050 166156 159814
162552 157679 162935
175565 147905 176549
165259 166318 157645
162552 157679 162935
157547 180502 158376
183616 148441 182479
172568 188259 149084
150889 171305 188817
179474 152590 178860
151077 183252 178644
154332 173779 175192
173894 158825 151569
161727 177094 158305
165388 158470 183064
156782 185967 163395
173289 153339 152775
154077 168607 180205
169678 168160 156776
167702 155769 172739
183183 168414 150246
158880 164169 170649
169005 175799 158218
169849 154885 163482
163303 166070 159062
155526 165222 169407
160700 163054 162293
165509 160009 161046
165364 158534 168019
160883 161345 165737
156516 169666 164183
160158 165640 159626
159085 162271 169773
161655 170559 158795
168109 152785 164811
165939 158703 166756
163701 160280 163953
159295 164949 166151
160806 158794 173103
166256 160208 159589
168340 155127 158813
164152 164737 159416
164152 164737 159416
187690 155420 155665
182210 160272 152583
180791 153604 158689
166254 179926 159171
155897 172708 186500
154471 177028 178012
160223 166519 181294
180059 157113 159860
156463 169815 176129
182739 159209 155510
161814 167389 162966
176811 172850 156469
166736 164174 165860
158985 177484 167211
172543 173672 158553
165627 163106 167150
174219 174781 155940
170152 154533 173326
158272 166605 174072
160505 169477 161456
163681 161438 176718
169442 159056 168037
162152 161645 170825
176054 162823 158373
169031 155459 169611
160265 166615 164731
175370 161124 160112
166428 166000 161876
163171 162428 168994
167235 161810 167562
168713 161609 162278
166862 159984 172587
173851 154650 160445
163136 166435 161029
156185 174562 169449
173513 159727 161752
166164 159313 172777
169715 159163 167583
183612 154056 172282
182419 161902 154785
174283 180116 160256
156944 170886 177740
176205 180032 157752
180315 172599 158630
159503 176454 175169
161348 173502 164682
166889 159386 175129
173899 158958 161072
172331 164118 165988
175739 156315 164851
170677 161596 170710
163017 167513 172679
163588 171660 167081
169225 163859 171212
165938 168076 162181
165800 167307 166989
163389 170141 169425
160263 177298 171037
171260 155579 171179
167464 165361 168599
167956 164838 171896
161672 171366 176975
166016 166223 176234
175255 162487 161047
182202 167514 160851
167484 178255 162072
170344 166519 161975
167675 168857 162121
166604 166725 169215
161608 172090 168856
186145 159876 162302
178970 156206 176687
174883 176577 161656
167122 182383 162340
164379 171781 186132
158377 173447 179435
167898 161584 186089
163159 181771 168663
166964 166250 179957
184027 169213 161879
164340 179584 168113
179642 163267 161978
185980 162039 165932
173833 158545 171499
172732 166251 168743
166306 171417 169837
176500 157213 169870
172854 163628 173986
169466 165379 173012
169852 160259 175554
174772 163552 163533
177913 156941 172913
174555 164938 167693
164882 174034 166896
164575 175397 166557
170066 170402 163019
173677 168234 167430
178914 170122 162972
174575 162793 170992
168128 170413 163354
176469 159987 166124
172852 162496 174940
164825 172160 168850
167008 170253 172870
173368 159776 172973
173600 156306 179478
166749 174740 163363
167427 174626 163216
169625 168261 168477
169886 172881 162320
167411 168783 168102
164353 172279 167095
173286 168893 162995
182348 166627 163635
175040 159001 173689
173614 166698 181990
158568 177631 181226
174583 160246 177185
164984 175133 173384
180002 162405 167975
175982 163743 163818
169281 177254 164634
168083 170936 174307
165882 172513 169131
171771 169848 171792
170499 167704 173066
175917 170770 167913
170528 171010 170969
165670 172401 172808
171491 170445 170175
171941 170507 169355
170058 166817 174076
175810 170071 168049
184486 162584 173519
181930 161635 175906
178779 165089 164094
177584 165377 183297
165976 180175 179499
172873 175965 170579
175327 174099 172752
169297 171602 180892
177143 168641 167386
166514 178661 176115
173308 169256 173755
167689 176859 179567
180637 162866 172925
169329 177716 165279
171824 167538 183095
175379 166133 175048
176488 167253 173976
170887 171024 172854
170412 167618 174701
180162 162294 174802
177834 178345 164248
177267 177040 164884
193726 163483 174858
184399 171003 166037
171583 169007 176919
170328 179201 166196
170279 178460 166491
177512 175410 173010
178578 173123 170900
182698 165341 166399
180699 170467 168833
172953 177949 168028
173306 178086 166565
172417 169599 175419
189366 167495 174357
183372 172322 168577
174578 183178 174840
172939 171298 180771
177561 178479 171417
188680 170525 176849
181528 174112 169376
175915 175300 175687
177907 176892 180469
176544 176160 184186
