40 1.45244
854672 767621 763508 780146
824945 742504 812399 829974
817683 789562 825138 746412
811179 834108 733505 754841
795428 773534 725335 810956
792990 753951 788751 836159
763842 793501 857580 794007
752739 772925 779394 815569
795598 805096 832864 752562
763842 793501 857580 794007
839287 832973 738549 794330
766857 827006 761011 818696
810128 751892 777772 826132
836364 746459 796528 820936
832032 817840 766974 754088
841401 755709 777905 799841
849501 775785 761398 784189
756213 762288 827843 806323
756213 762288 827843 806323
798635 759183 815416 789720
776873 822786 770075 793198
849501 775785 761398 784189
793117 775564 745230 832333
787079 752901 822856 819857
804448 803230 805297 750812
830756 765284 768515 791970
823478 794796 750644 792732
779537 784048 758998 828460
805718 775219 755498 805080
776873 822786 770075 793198
774295 817858 797893 775225
783860 796913 789699 767951
806714 799948 749824 758048
825436 743064 814392 826330
817683 789562 825138 746412
854672 767621 763508 780146
760404 783325 775543 809719
773648 786224 775389 803877
752798 802424 761160 808585
814634 764548 801481 762409
784561 768144 817659 806361
818894 781328 755517 804952
799675 814287 770109 762780
792990 753951 788751 836159
796643 764600 803812 797419
769056 791966 751152 795531
806714 799948 749824 758048
827378 798738 747610 807887
763332 797779 808374 807422
816747 788451 753414 790864
795429 748385 798936 818436
795598 805096 832864 752562
777331 799001 809406 778155
799004 761376 796306 795797
774884 779281 771465 822899
794330 783291 799666 776507
779537 784048 758998 828460
808963 813892 771575 754741
805114 782111 756040 792334
810103 763782 775743 782791
803714 773376 772831 773900
772377 796093 787823 778367
806685 748154 791376 804962
836991 807631 747789 796153
781338 797441 762407 782093
787313 769855 746026 813231
784920 769270 784714 814028
836991 807631 747789 796153
801000 766601 759991 817280
777724 804353 742103 810396
812716 816126 742716 807902
771190 782011 787265 806449
764576 782826 795627 809689
775297 770626 785120 804700
780953 815976 779175 752476
796126 800672 813030 752740
817756 769263 772887 765482
806584 770027 774444 787266
782836 772273 772840 785506
817320 756174 814833 789562
793117 775564 745230 832333
804448 803230 805297 750812
787139 788291 771954 796152
787479 811115 781835 774942
764121 791699 778024 791842
814085 788904 751912 798874
770533 790924 763601 821263
784672 793087 790854 757032
804889 764440 803709 795251
794003 811864 777471 778253
801536 791160 773576 774019
787479 811115 781835 774942
809340 777281 807680 771847
798115 808905 761420 776466
825987 767495 748682 796218
840072 785664 764233 778616
800074 799202 765160 780973
760612 769271 790491 811101
793772 812293 746755 803172
795977 776309 814207 769706
796560 782939 751500 801023
788179 764909 823760 816157
800827 783640 781539 753680
767316 779762 805575 795560
816851 789593 768639 784359
812099 755740 770642 791088
786035 778909 760501 804791
794242 761591 825062 781699
797880 770824 766117 807156
818077 795016 763107 782182
784672 793087 790854 757032
793772 812293 746755 803172
810087 766409 764523 813285
818328 761402 794326 774373
752798 802424 761160 808585
813057 791877 775687 769995
788944 788723 797472 767021
790794 797473 770139 778833
806407 744584 800564 803200
778680 779763 780457 784191
792758 769152 784374 781987
788944 788723 797472 767021
785576 769009 814434 793708
760612 769271 790491 811101
841401 755709 777905 799841
806584 770027 774444 787266
815131 771861 775580 781025
798525 795831 774207 774232
825123 747266 780091 822048
801088 782741 802527 770964
816017 777708 794950 762506
814085 788904 751912 798874
792861 772599 771142 785277
788179 764909 823760 816157
801289 754442 826446 799272
812716 816126 742716 807902
806407 744584 800564 803200
789434 761514 771469 819690
799721 809106 770766 773050
811641 757596 765120 804717
839959 768460 787964 780131
817320 756174 814833 789562
792433 772205 761286 793753
795429 748385 798936 818436
801088 782741 802527 770964
766469 781138 800483 794681
811641 757596 765120 804717
824723 752420 788211 781241
817756 769263 772887 765482
809340 777281 807680 771847
770533 790924 763601 821263
825987 767495 748682 796218
774884 779281 771465 822899
777955 769264 795447 785804
823478 794796 750644 792732
777724 804353 742103 810396
790141 793375 772565 792881
775297 770626 785120 804700
817300 783306 756030 784606
799847 804293 747331 810661
796126 800672 813030 752740
827378 798738 747610 807887
766469 781138 800483 794681
799721 809106 770766 773050
798181 815524 745695 774084
809050 763923 767252 821959
801289 754442 826446 799272
780953 815976 779175 752476
797510 783019 804805 781382
790962 791183 775660 779979
792999 754574 776121 801571
796275 782847 807139 780690
774295 817858 797893 775225
815307 769159 800462 774702
811861 785247 772370 774345
773508 777535 814687 769931
799607 791068 773534 775564
817991 768021 764446 801569
790356 782972 807644 768633
796120 769621 763382 820045
763332 797779 808374 807422
789709 776153 816796 784298
787346 783694 801671 774136
778680 779763 780457 784191
790883 804073 784925 769702
777955 769264 795447 785804
790962 791183 775660 779979
792999 754574 776121 801571
824723 752420 788211 781241
790356 782972 807644 768633
816017 777708 794950 762506
777331 799001 809406 778155
811704 791304 779889 769960
816593 753082 800311 792489
803779 767130 771918 816939
841401 755709 777905 799841
786035 778909 760501 804791
808963 813892 771575 754741
825123 747266 780091 822048
792999 754574 776121 801571
816593 753082 800311 792489
803779 767130 771918 816939
818328 761402 794326 774373
771190 782011 787265 806449
814422 777668 768141 792377
790883 804073 784925 769702
798181 815524 745695 774084
797510 783019 804805 781382
814634 764548 801481 762409
773857 785788 775918 778401
799607 791068 773534 775564
799721 809106 770766 773050
797880 770824 766117 807156
766469 781138 800483 794681
796275 782847 807139 780690
797625 794890 766454 780368
803802 804087 751135 794365
800827 783640 781539 753680
806407 744584 800564 803200
789709 776153 816796 784298
797625 794890 766454 780368
809050 763923 767252 821959
792982 769445 763586 820560
811861 785247 772370 774345
792982 769445 763586 820560
818894 781328 755517 804952
803802 804087 751135 794365
760612 769271 790491 811101
795506 767580 817512 791995
771190 782011 787265 806449
767316 779762 805575 795560
767316 779762 805575 795560
773857 785788 775918 778401
764576 782826 795627 809689
814422 777668 768141 792377
816851 789593 768639 784359
795506 767580 817512 791995
789709 776153 816796 784298
792433 772205 761286 793753
773508 777535 814687 769931
792758 769152 784374 781987
810087 766409 764523 813285
798115 808905 761420 776466
818894 781328 755517 804952
810087 766409 764523 813285
763842 793501 857580 794007
816593 753082 800311 792489
811861 785247 772370 774345
809050 763923 767252 821959
825987 767495 748682 796218
777331 799001 809406 778155
798115 808905 761420 776466
798115 808905 761420 776466
799721 809106 770766 773050
806714 799948 749824 758048
811641 757596 765120 804717
836991 807631 747789 796153
810087 766409 764523 813285
799721 809106 770766 773050
797510 783019 804805 781382
776873 822786 770075 793198
770533 790924 763601 821263
760612 769271 790491 811101
849870 791037 769924 787571
844745 755500 805404 817283
794072 818793 754416 830609
792438 840920 791034 765941
792129 765445 783733 832272
785710 773695 829022 800868
773532 818767 770327 800917
838604 827780 756321 801020
798167 788450 822750 771249
776948 825197 758376 818701
827441 788785 808867 787952
792410 773410 765433 820686
823518 778824 773478 811839
790404 781631 826061 807711
802024 762352 781380 808008
808678 793397 813250 778307
834914 805392 797172 784258
783682 814425 767286 801631
809421 804535 801667 785021
788622 808236 767093 788752
835596 798625 760842 793866
834804 807866 764125 787159
782442 804593 815663 805774
810901 794742 812008 790125
799811 814986 821327 785112
800584 806878 767933 797466
815522 775981 788988 792622
782104 793797 788140 810639
820054 791892 788488 785179
815997 798862 812489 781936
805628 816820 759774 804787
799113 773894 776167 795697
823036 794632 763265 814345
806489 807689 788139 783442
813296 791181 779754 795292
774394 800485 777044 810745
791704 764189 815404 820637
805987 794853 790528 785765
806931 805465 761964 799768
795842 792374 782973 799874
776567 818557 782501 780298
804678 807873 804446 778779
784701 801807 782164 793070
804832 764805 823149 795140
805352 793616 765781 814995
813777 806840 770033 780723
804026 801038 760027 801122
788958 801792 776565 807608
791966 790307 812167 805136
806919 799627 764858 791903
805904 800026 763282 788612
806919 799627 764858 791903
851672 814048 773798 797258
822917 795566 833638 794174
820456 771477 819794 851023
815697 821752 809680 788523
813359 846426 782302 803341
804545 812634 767945 806209
783652 797774 789967 823094
795053 823678 783087 832529
795659 788379 791972 836713
837522 812266 824101 791021
844664 784240 775521 817844
793431 788358 809057 830352
799205 783253 802232 809088
817522 809243 778129 795329
831385 771987 782424 819217
813929 776736 822167 815379
808603 811835 797020 791928
789154 804617 788251 793569
839645 789772 805688 800278
802698 818105 783136 792615
808544 800350 783241 816998
798609 793200 805642 812389
804413 783078 817432 819443
825218 800434 773070 820554
813121 777816 800356 830831
797602 801982 804629 795191
824257 782869 806985 798016
813333 795807 781666 823991
788281 799073 808871 820663
789502 803857 818199 794312
804844 789669 791059 801804
803542 780574 822598 813009
810128 797136 779407 806022
809423 797145 772399 831646
809565 772644 808344 819179
811424 779578 789941 803070
802891 790302 788771 796630
820385 788874 781411 817554
822909 799154 776561 797170
843405 781364 791391 814410
830392 834998 789148 798827
813803 813053 814739 796593
808725 795901 792484 838678
806981 817893 774452 811478
804467 798791 842219 806546
794505 798109 795791 824153
801912 792165 804779 831495
834507 782914 782706 825127
834284 781894 827291 815805
816709 816005 787994 823755
799692 786561 808473 816521
815407 825577 789234 798841
825058 787250 817130 801821
799289 805990 789859 803002
828208 821605 789171 799487
823190 794851 824945 814232
813265 789115 805386 825362
823266 784360 802254 809117
796791 815942 791802 809965
806884 812362 806979 803001
799269 812454 821341 816393
819186 794878 807556 805677
807618 797269 795295 811776
815964 802495 811231 799307
827231 790822 790835 797666
820470 798111 806343 807263
810919 790328 815461 816489
819979 796037 796958 815525
813144 796004 800951 816109
813797 800646 792158 806270
807446 815967 811470 799221
843370 807686 805645 805989
837921 830109 776788 845228
837564 786468 791444 833208
835523 806363 839038 803827
830176 824456 813537 801314
794930 811037 803854 831341
814793 797032 815084 835205
801217 815183 801013 808523
831275 821247 788824 817545
795241 806238 806334 827064
840725 794825 797549 820635
810337 807734 794667 803099
818173 801844 810772 818629
822561 801970 793330 807134
814160 797536 814092 822081
835143 806628 791511 813012
803743 825521 796290 818670
821377 798744 811841 819513
805906 807462 793913 819742
822448 795901 812415 829006
832716 796585 791907 807209
843729 804204 795361 813907
831354 804022 835040 828771
816773 831136 802580 805102
813884 833528 800564 807299
806137 825666 820805 827087
836825 811362 802890 822081
818735 817230 818565 819031
813324 825471 812165 805255
828198 812626 796578 811981
818290 819444 819664 815966
833439 812481 797007 809894
811705 812487 799834 819191
831105 816810 813836 818376
824140 826467 809158 858325
817261 815110 831131 837951
818541 822817 818766 819610
835269 818201 814281 828090
847136 797257 814221 743956
821007 810405 789200 743805
814722 732435 778967 789409
793640 793889 840608 765038
787657 770414 728428 784201
775101 771552 784546 847283
775005 832714 753324 813873
744642 775455 793050 810318
837985 789992 774497 768099
769063 736600 818144 834336
824316 761125 772354 794099
793640 793889 840608 765038
782868 772369 825688 778808
775101 771552 784546 847283
811577 824488 807395 749797
787657 770414 728428 784201
801953 797028 739936 777053
789850 813800 793876 758208
769570 815293 772455 803591
811925 806365 801281 744530
752714 807031 796029 796272
765945 807774 799931 780896
803800 821357 771744 776698
757934 788316 769366 809641
779931 776016 743714 824380
809703 830615 753086 773278
798889 739805 802783 789055
761887 805416 786034 802535
782953 814754 765512 782934
816462 796851 777472 766677
796251 748491 811838 828872
822976 764518 791050 751862
823857 759698 749597 818436
816761 734330 782527 784808
809703 830615 753086 773278
840250 787886 761338 772776
784692 786518 761176 800323
787115 760657 806614 830686
842939 737198 754251 787198
769063 736600 818144 834336
820340 745592 777685 821993
820340 745592 777685 821993
842939 737198 754251 787198
798889 739805 802783 789055
842916 756732 820118 777613
808971 762385 824601 762677
808127 787698 748957 777049
811577 824488 807395 749797
805547 771599 777802 776091
775184 802745 815957 778241
802706 753534 794193 786829
778406 766360 820335 788304
773197 821640 791092 782979
752714 807031 796029 796272
823790 793585 775488 758718
796251 748491 811838 828872
807285 760878 757662 802578
822072 760672 770664 815196
801953 797028 739936 777053
779931 776016 743714 824380
778111 786439 773182 801855
790101 798714 774737 774118
790878 767870 769380 813987
819435 758176 778718 792921
800566 759432 796762 788983
761887 805416 786034 802535
759280 800406 800555 791616
767991 781292 809596 800453
840189 764168 763719 802077
819343 776973 772877 779043
794352 771262 779633 751402
837985 789992 774497 768099
780561 797714 780451 785073
772323 770651 801491 785687
788003 784101 814340 772876
759280 800406 800555 791616
789048 758305 780129 794165
800007 763186 771322 806204
771413 810586 758594 830549
820340 745592 777685 821993
808466 754502 792551 804711
815297 764348 794575 759817
797229 778445 768918 781836
805800 755959 782637 811106
774257 787558 773793 812145
787174 801075 794964 764251
805634 749860 800827 787065
768654 797597 769056 806488
814722 732435 778967 789409
807419 769742 808178 770116
777788 791542 810841 778561
778406 766360 820335 788304
782868 772369 825688 778808
781215 811822 789028 781120
775184 802745 815957 778241
776623 795105 768950 833069
777788 791542 810841 778561
767991 781292 809596 800453
810784 806248 770838 771770
784572 765315 770573 779115
768013 779336 793690 778962
778254 765304 795229 826879
840189 764168 763719 802077
774257 787558 773793 812145
793875 801063 812823 768559
794097 754787 786954 817106
802425 787879 779473 762014
771609 806081 791227 790416
791426 758223 790143 805415
783115 809407 800554 769081
771413 810586 758594 830549
781215 811822 789028 781120
778254 765304 795229 826879
805800 755959 782637 811106
803800 821357 771744 776698
787115 760657 806614 830686
794097 754787 786954 817106
797229 778445 768918 781836
808971 762385 824601 762677
790878 767870 769380 813987
788698 772326 812714 768817
776623 795105 768950 833069
757934 788316 769366 809641
791298 783482 798707 769610
811006 808042 772771 765487
773043 777608 785043 786417
802414 797013 753416 779805
779560 761715 797311 787987
779955 795037 779523 797291
816761 734330 782527 784808
787440 762250 797087 824080
775281 809561 802079 778942
788141 757358 800775 818408
787888 763470 796952 816774
752714 807031 796029 796272
807285 760878 757662 802578
757934 788316 769366 809641
797229 778445 768918 781836
768554 782325 790212 790818
805634 749860 800827 787065
773043 777608 785043 786417
766819 770471 812578 800130
777417 783176 778158 806076
766819 770471 812578 800130
807419 769742 808178 770116
775180 806358 780147 798258
779560 761715 797311 787987
783545 777188 788697 796876
807300 782003 775820 776976
821144 770640 788406 778843
752714 807031 796029 796272
822976 764518 791050 751862
802706 753534 794193 786829
776988 769963 796426 787953
791298 783482 798707 769610
788141 757358 800775 818408
775281 809561 802079 778942
810784 806248 770838 771770
792949 754285 800393 786508
807419 769742 808178 770116
791323 764969 777611 803647
776623 795105 768950 833069
782493 782472 775900 811040
790101 798714 774737 774118
798889 739805 802783 789055
823857 759698 749597 818436
771413 810586 758594 830549
787888 763470 796952 816774
794352 771262 779633 751402
782493 782472 775900 811040
775180 806358 780147 798258
820832 761886 806720 769649
842916 756732 820118 777613
771609 806081 791227 790416
823699 760081 778674 804739
783545 777188 788697 796876
776988 769963 796426 787953
777417 783176 778158 806076
788003 784101 814340 772876
811006 808042 772771 765487
822652 797470 774937 759809
766819 770471 812578 800130
824316 761125 772354 794099
787174 801075 794964 764251
793640 793889 840608 765038
782493 782472 775900 811040
779955 795037 779523 797291
768013 779336 793690 778962
807300 797281 777977 768177
815297 764348 794575 759817
768554 782325 790212 790818
808127 787698 748957 777049
782868 772369 825688 778808
820832 761886 806720 769649
780561 797714 780451 785073
789048 758305 780129 794165
808860 764604 788892 784996
792949 754285 800393 786508
802414 797013 753416 779805
821144 770640 788406 778843
791426 758223 790143 805415
784572 765315 770573 779115
823699 760081 778674 804739
797229 778445 768918 781836
792949 754285 800393 786508
811006 808042 772771 765487
787440 762250 797087 824080
792949 754285 800393 786508
790101 798714 774737 774118
775101 771552 784546 847283
824316 761125 772354 794099
768654 797597 769056 806488
808971 762385 824601 762677
778111 786439 773182 801855
802425 787879 779473 762014
822652 797470 774937 759809
782493 782472 775900 811040
798889 739805 802783 789055
816761 734330 782527 784808
823699 760081 778674 804739
787440 762250 797087 824080
791323 764969 777611 803647
808860 764604 788892 784996
773197 821640 791092 782979
822652 797470 774937 759809
822652 797470 774937 759809
805634 749860 800827 787065
783545 777188 788697 796876
791298 783482 798707 769610
821144 770640 788406 778843
782868 772369 825688 778808
793640 793889 840608 765038
808127 787698 748957 777049
808971 762385 824601 762677
823699 760081 778674 804739
782868 772369 825688 778808
780561 797714 780451 785073
808127 787698 748957 777049
775184 802745 815957 778241
823699 760081 778674 804739
822652 797470 774937 759809
822652 797470 774937 759809
821144 770640 788406 778843
820340 745592 777685 821993
811577 824488 807395 749797
811577 824488 807395 749797
811577 824488 807395 749797
811006 808042 772771 765487
811006 808042 772771 765487
808127 787698 748957 777049
807419 769742 808178 770116
807285 760878 757662 802578
805634 749860 800827 787065
802425 787879 779473 762014
797229 778445 768918 781836
793640 793889 840608 765038
790878 767870 769380 813987
783545 777188 788697 796876
782868 772369 825688 778808
782493 782472 775900 811040
779955 795037 779523 797291
773043 777608 785043 786417
769063 736600 818144 834336
768013 779336 793690 778962
766819 770471 812578 800130
766819 770471 812578 800130
761887 805416 786034 802535
757934 788316 769366 809641
851381 764767 794978 773830
839880 732768 803722 814727
827642 774234 751777 793157
821915 785623 792674 755893
814856 756692 832125 815989
769303 808617 798285 839354
749753 824755 795419 831789
768302 806006 819110 795783
777191 823161 789200 799906
843248 761335 808230 795820
815986 781776 791944 766690
831713 758463 782067 809783
788162 765996 829470 804812
794104 766637 813144 782447
797698 794574 756650 789292
787212 810918 775771 799380
823033 770780 794554 768823
788716 805747 777758 820863
789893 810403 815380 775480
827176 795372 765936 785477
810592 763020 782448 831317
803378 779156 758014 810923
839573 762293 773065 819445
785649 773438 786755 837578
799566 793721 791810 817211
848490 791223 775748 774948
819172 788980 769184 803953
779981 789573 802252 792090
811580 764213 778413 811476
825222 782771 777843 806103
807886 796968 801059 767698
802664 799385 777506 780242
822180 803570 783311 778092
804362 787194 799102 767978
782388 793892 789293 807950
812460 786757 795736 795942
794973 808280 787047 798447
785168 777846 793056 804525
782411 803008 784683 809781
813747 801963 774804 783842
809071 824104 768614 779104
821704 775019 771239 809466
814560 789271 793676 802179
849865 775118 793388 785288
795895 762024 800324 809837
850478 806936 757691 783871
815281 795194 767113 783261
826921 800535 771187 781212
778108 799728 792482 798900
826139 763552 801609 798924
808520 774139 801718 780867
808731 786865 795231 781631
846762 781774 839310 792247
832942 761449 787212 818871
832201 845271 791149 781754
830389 797134 765760 809488
809357 779094 806530 842510
807622 790052 818273 772669
799476 783907 842631 806654
780948 808588 812050 837629
838191 778213 822793 801425
816958 822362 770127 808854
844356 776174 800882 816564
783453 815734 786563 828353
810787 832296 790819 792470
803799 785491 835659 806015
798856 834060 808767 798050
814891 812404 799636 773746
810673 803220 794219 787181
795262 797434 796397 830617
789564 800506 836167 804958
804295 805038 775561 815020
819917 777960 810338 817825
806064 791526 805554 776867
824973 786615 798849 801957
810430 784159 816219 802438
826568 807461 778787 800829
832594 782298 765809 823737
802896 796981 796786 810965
807438 786453 780245 813527
828392 810712 796302 780742
799055 780752 803734 826141
793405 790082 810867 812809
795368 794042 809825 809916
799364 789777 819944 796932
787404 802709 802377 798715
793557 801924 806679 807529
825701 788218 799683 779855
818024 779579 777095 820842
797262 800184 800603 815399
798535 817953 802182 805392
828342 780336 776677 794537
786189 786079 799412 818686
801240 788484 801448 810265
797417 802549 790358 813037
805796 788317 776113 821957
809726 789463 794211 805758
806721 817636 801700 793586
807910 779635 805566 820927
798993 797010 779716 793831
848524 832896 782575 801641
844348 795490 779568 809645
842974 773287 805680 827535
828061 787293 811252 837780
815749 839266 787567 803825
813947 797636 811438 781852
809217 814588 838062 790103
793119 814860 809173 816690
835027 777118 808719 825856
827018 789977 830912 790367
803835 813973 820987 807805
799938 811505 786748 831795
814546 786325 812383 830769
838625 791724 786726 811654
806782 816508 818018 792444
799597 804637 820863 819251
804650 821430 790030 827017
803996 815774 797633 796042
817376 793835 786027 821653
795047 801297 807627 819318
830725 796453 801114 809509
807604 801818 792459 805522
823001 799336 805612 808804
811848 821051 787769 803288
826254 788446 802370 823560
844934 790245 803645 800700
828041 797623 796841 818826
823591 803205 790324 794497
814410 800679 805204 800650
814548 820066 792056 804530
806458 798564 789601 821041
807914 792723 782976 831227
824192 796931 786011 821538
829639 795937 802072 804742
824062 788947 811406 826963
844920 798367 796937 809879
840067 821586 830055 793568
834209 814618 791245 806661
809393 805906 818869 837730
804050 835641 819078 807894
802115 828495 833377 818438
826575 815574 792910 799046
812177 806990 796265 824208
805180 824516 822893 797534
818722 801141 813112 815150
809451 815119 804961 814665
820472 802290 800146 806762
814371 811482 799362 817055
807834 826361 797838 816180
837580 811857 792011 817795
816037 811681 796860 810627
846843 815025 807545 811845
832168 836295 800941 822360
821608 803337 801459 821008
836186 828102 802736 827684
826723 811081 821597 821271
