661 4.29037
290752 277205 381692 286103
212799 344466 325725 308655
391746 285254 293380 285546
352698 360393 195640 291411
347282 321594 312727 197316
354945 196799 320442 339625
287527 388940 290510 268511
295265 286865 270272 379657
345523 322757 308547 205040
252589 333058 317464 300718
366632 208197 324188 325935
352726 314412 314149 216921
309256 297829 267971 347764
296134 292402 280994 351464
290726 283604 270709 379479
294655 267654 363343 287229
350835 294949 325975 241714
333635 338133 232571 275817
354021 301458 319985 227668
220692 342631 328010 302453
246095 332216 319069 297279
346931 348749 220369 288346
291985 272101 368586 290556
370421 205900 317572 328581
338750 216513 321670 334500
335526 341364 227972 272406
273317 312719 298102 296370
291073 278759 376648 285929
311784 331911 263594 296529
347156 351862 214301 290210
286502 377046 300061 269494
282583 386026 288257 270522
313815 263582 336344 319956
308615 367349 294695 253665
218941 346182 325032 302645
213203 344895 322546 309751
300533 371481 280099 259969
259933 327341 312249 312695
229715 341707 316293 307224
321415 339871 244133 278675
235323 330462 321057 305972
293758 373047 278767 265451
356695 317509 317560 210052
279545 289649 278872 358837
325923 337477 246756 270651
345846 241936 319561 327110
283115 276596 284556 372339
280647 281587 282075 364677
317250 263281 335901 318504
298452 374004 276263 262145
299560 273281 363457 286691
335648 306085 329509 248239
321038 279137 350279 284170
346114 229732 318728 328410
302998 290646 347618 278922
340124 303241 330582 246034
341662 304394 313943 234304
388316 283164 295325 282790
357434 299732 320957 229466
246947 338330 318257 317233
347914 235596 311500 327246
291871 272304 370521 290219
259371 326648 314715 313222
330296 342352 229227 268204
318039 336485 250341 285993
329080 336078 237782 274411
347805 354786 200667 294405
303787 363170 297269 258061
346419 355949 205242 288288
307573 366260 292463 256733
378693 281366 285236 293207
342250 358225 206608 287698
266020 309592 304140 300398
323347 293208 344356 279480
313190 329980 258381 295177
263408 326364 316949 316861
281949 276633 283239 371316
331379 335883 238836 272836
352262 347422 209321 296982
319960 338067 242685 280328
377508 294677 274650 286923
300049 368670 277212 262411
279276 289778 278116 359394
337317 249105 299965 336576
303957 360762 295421 258824
280514 291443 277481 359789
310882 332147 258799 292076
298908 288785 355784 280203
343458 302980 314267 240107
343003 352695 201361 293894
235323 330462 321057 305972
383845 282392 288811 287383
343465 239972 313466 327628
337004 226725 316499 330118
347282 321594 312727 197316
340057 250986 305042 334185
324873 294874 340986 283169
303504 288391 352197 280085
319183 260531 335934 315911
337458 258228 321502 304681
