41 4.25996
3.28868e+06 3.19306e+06 3.15943e+06 3.1163e+06
3.24046e+06 3.10101e+06 3.22446e+06 3.24384e+06
3.22088e+06 3.18416e+06 3.11764e+06 3.24757e+06
3.19717e+06 3.21168e+06 3.22193e+06 3.06082e+06
3.18744e+06 3.14584e+06 3.26365e+06 3.1481e+06
3.18368e+06 3.25523e+06 3.08575e+06 3.21827e+06
3.13975e+06 3.28415e+06 3.21799e+06 3.10434e+06
3.09628e+06 3.21859e+06 3.23041e+06 3.1552e+06
3.27179e+06 3.11917e+06 3.2132e+06 3.2324e+06
3.11915e+06 3.27291e+06 3.17737e+06 3.15508e+06
3.26544e+06 3.19833e+06 3.12728e+06 3.1392e+06
3.20206e+06 3.15487e+06 3.20794e+06 3.09792e+06
3.16701e+06 3.21992e+06 3.10704e+06 3.18929e+06
3.21387e+06 3.10508e+06 3.22965e+06 3.21778e+06
3.26641e+06 3.11239e+06 3.25718e+06 3.15391e+06
3.2318e+06 3.22448e+06 3.13042e+06 3.10912e+06
3.18255e+06 3.11284e+06 3.23442e+06 3.15874e+06
3.19689e+06 3.16315e+06 3.24263e+06 3.08423e+06
3.19217e+06 3.25711e+06 3.20008e+06 3.08841e+06
3.24269e+06 3.24816e+06 3.1028e+06 3.09218e+06
3.22187e+06 3.24357e+06 3.1682e+06 3.08078e+06
3.16154e+06 3.27922e+06 3.13804e+06 3.14763e+06
3.2558e+06 3.10295e+06 3.2302e+06 3.15898e+06
3.17097e+06 3.14917e+06 3.23665e+06 3.22307e+06
3.21345e+06 3.12698e+06 3.18475e+06 3.13564e+06
3.22945e+06 3.20151e+06 3.14646e+06 3.10261e+06
3.11278e+06 3.20572e+06 3.19731e+06 3.19154e+06
3.2489e+06 3.19349e+06 3.08818e+06 3.1731e+06
3.21147e+06 3.19979e+06 3.19358e+06 3.0644e+06
3.18811e+06 3.24278e+06 3.25918e+06 3.08534e+06
3.15393e+06 3.1895e+06 3.12129e+06 3.20218e+06
3.188e+06 3.2343e+06 3.09613e+06 3.22493e+06
3.16304e+06 3.19911e+06 3.22458e+06 3.12169e+06
3.20479e+06 3.19534e+06 3.2184e+06 3.06855e+06
3.15839e+06 3.23891e+06 3.13055e+06 3.19564e+06
3.19919e+06 3.1869e+06 3.12369e+06 3.16149e+06
3.23728e+06 3.18225e+06 3.10164e+06 3.16836e+06
3.22558e+06 3.26163e+06 3.11365e+06 3.15353e+06
3.17777e+06 3.1467e+06 3.2192e+06 3.19701e+06
3.21772e+06 3.2145e+06 3.14936e+06 3.10299e+06
3.25414e+06 3.12331e+06 3.25174e+06 3.12326e+06
3.22371e+06 3.13701e+06 3.11834e+06 3.15433e+06
3.19442e+06 3.25298e+06 3.13314e+06 3.09063e+06
3.10403e+06 3.17922e+06 3.2105e+06 3.20588e+06
3.10403e+06 3.17922e+06 3.2105e+06 3.20588e+06
3.2658e+06 3.15156e+06 3.13965e+06 3.12817e+06
3.20965e+06 3.12304e+06 3.19618e+06 3.18658e+06
3.22133e+06 3.17213e+06 3.13724e+06 3.21422e+06
3.13883e+06 3.22556e+06 3.17866e+06 3.12396e+06
3.17561e+06 3.12418e+06 3.16584e+06 3.21148e+06
3.20451e+06 3.14997e+06 3.20252e+06 3.15905e+06
3.12882e+06 3.21822e+06 3.1471e+06 3.2138e+06
3.26664e+06 3.19711e+06 3.17628e+06 3.10967e+06
3.15842e+06 3.13029e+06 3.2374e+06 3.1633e+06
3.1786e+06 3.20537e+06 3.1845e+06 3.12015e+06
3.12751e+06 3.25419e+06 3.20981e+06 3.11485e+06
3.16056e+06 3.16065e+06 3.23568e+06 3.14848e+06
3.27179e+06 3.11917e+06 3.2132e+06 3.2324e+06
3.23885e+06 3.14012e+06 3.17319e+06 3.1445e+06
3.23852e+06 3.17582e+06 3.11825e+06 3.20474e+06
3.24122e+06 3.21122e+06 3.10003e+06 3.16673e+06
3.18006e+06 3.16186e+06 3.20189e+06 3.19361e+06
3.19444e+06 3.2658e+06 3.12834e+06 3.15091e+06
3.18651e+06 3.23668e+06 3.21261e+06 3.08647e+06
3.12712e+06 3.23523e+06 3.19595e+06 3.20733e+06
3.24656e+06 3.21405e+06 3.10551e+06 3.11035e+06
3.15618e+06 3.25092e+06 3.14544e+06 3.18135e+06
3.15088e+06 3.18899e+06 3.13639e+06 3.19088e+06
3.18325e+06 3.15701e+06 3.14375e+06 3.11898e+06
3.1432e+06 3.20916e+06 3.23503e+06 3.1349e+06
3.13418e+06 3.2455e+06 3.15513e+06 3.14775e+06
3.19689e+06 3.16315e+06 3.24263e+06 3.08423e+06
3.13098e+06 3.12859e+06 3.154e+06 3.23772e+06
3.13035e+06 3.21146e+06 3.21573e+06 3.14183e+06
3.19422e+06 3.17422e+06 3.14127e+06 3.17416e+06
3.12311e+06 3.16746e+06 3.19684e+06 3.15239e+06
3.15613e+06 3.2223e+06 3.15116e+06 3.16188e+06
3.19444e+06 3.2658e+06 3.12834e+06 3.15091e+06
3.14182e+06 3.1861e+06 3.19234e+06 3.17419e+06
3.25414e+06 3.12331e+06 3.25174e+06 3.12326e+06
3.18736e+06 3.23283e+06 3.22386e+06 3.0883e+06
3.16097e+06 3.19873e+06 3.11301e+06 3.15694e+06
3.22187e+06 3.24357e+06 3.1682e+06 3.08078e+06
3.17573e+06 3.19758e+06 3.17118e+06 3.16154e+06
3.20617e+06 3.2074e+06 3.1622e+06 3.09668e+06
3.14626e+06 3.21152e+06 3.19333e+06 3.17266e+06
3.14722e+06 3.20647e+06 3.19896e+06 3.10302e+06
3.12188e+06 3.24581e+06 3.14598e+06 3.19373e+06
3.13168e+06 3.22151e+06 3.1623e+06 3.16702e+06
3.1155e+06 3.22929e+06 3.19482e+06 3.22433e+06
3.14192e+06 3.24736e+06 3.1605e+06 3.11718e+06
3.18951e+06 3.14185e+06 3.16686e+06 3.21006e+06
3.1668e+06 3.21856e+06 3.1901e+06 3.15618e+06
3.1609e+06 3.18168e+06 3.23875e+06 3.13335e+06
3.18485e+06 3.21859e+06 3.26263e+06 3.10144e+06
3.241e+06 3.13418e+06 3.1826e+06 3.18481e+06
3.16583e+06 3.19224e+06 3.18087e+06 3.18375e+06
3.15167e+06 3.23542e+06 3.15012e+06 3.17967e+06
3.1714e+06 3.18752e+06 3.14975e+06 3.2341e+06
3.17324e+06 3.13398e+06 3.23005e+06 3.19597e+06
3.09628e+06 3.21859e+06 3.23041e+06 3.1552e+06
3.24656e+06 3.21405e+06 3.10551e+06 3.11035e+06
3.11455e+06 3.19249e+06 3.09725e+06 3.22908e+06
3.12311e+06 3.16746e+06 3.19684e+06 3.15239e+06
3.20876e+06 3.13549e+06 3.17817e+06 3.088e+06
3.13135e+06 3.15131e+06 3.21606e+06 3.17777e+06
3.22054e+06 3.19487e+06 3.1134e+06 3.17924e+06
3.19763e+06 3.12713e+06 3.2109e+06 3.20671e+06
3.1609e+06 3.18168e+06 3.23875e+06 3.13335e+06
3.14916e+06 3.28139e+06 3.15258e+06 3.15715e+06
3.20371e+06 3.14618e+06 3.13921e+06 3.21632e+06
3.13524e+06 3.20788e+06 3.16397e+06 3.17557e+06
3.22558e+06 3.26163e+06 3.11365e+06 3.15353e+06
3.13916e+06 3.25349e+06 3.16429e+06 3.12756e+06
3.13493e+06 3.19061e+06 3.1815e+06 3.21641e+06
3.23885e+06 3.14012e+06 3.17319e+06 3.1445e+06
3.13975e+06 3.28415e+06 3.21799e+06 3.10434e+06
3.20473e+06 3.2254e+06 3.17763e+06 3.09546e+06
3.1155e+06 3.22929e+06 3.19482e+06 3.22433e+06
3.20479e+06 3.19534e+06 3.2184e+06 3.06855e+06
3.15901e+06 3.19586e+06 3.14209e+06 3.16965e+06
3.24046e+06 3.10101e+06 3.22446e+06 3.24384e+06
3.18516e+06 3.18972e+06 3.18036e+06 3.09203e+06
3.20094e+06 3.14406e+06 3.15963e+06 3.23685e+06
3.19717e+06 3.21168e+06 3.22193e+06 3.06082e+06
3.14916e+06 3.28139e+06 3.15258e+06 3.15715e+06
3.12996e+06 3.21235e+06 3.16612e+06 3.18377e+06
3.21239e+06 3.15644e+06 3.14559e+06 3.20062e+06
3.18951e+06 3.14185e+06 3.16686e+06 3.21006e+06
3.2489e+06 3.19349e+06 3.08818e+06 3.1731e+06
3.18368e+06 3.25523e+06 3.08575e+06 3.21827e+06
3.25254e+06 3.19331e+06 3.09845e+06 3.19178e+06
3.20094e+06 3.14406e+06 3.15963e+06 3.23685e+06
3.20807e+06 3.13236e+06 3.19486e+06 3.20127e+06
3.25254e+06 3.19331e+06 3.09845e+06 3.19178e+06
3.22065e+06 3.15099e+06 3.15776e+06 3.13473e+06
3.22088e+06 3.18416e+06 3.11764e+06 3.24757e+06
3.21497e+06 3.18745e+06 3.15899e+06 3.11846e+06
3.11455e+06 3.19249e+06 3.09725e+06 3.22908e+06
3.21219e+06 3.18276e+06 3.12968e+06 3.12522e+06
3.15901e+06 3.19586e+06 3.14209e+06 3.16965e+06
3.21219e+06 3.18276e+06 3.12968e+06 3.12522e+06
3.13524e+06 3.20788e+06 3.16397e+06 3.17557e+06
3.13098e+06 3.12859e+06 3.154e+06 3.23772e+06
3.16647e+06 3.18802e+06 3.14484e+06 3.18179e+06
3.18485e+06 3.21859e+06 3.26263e+06 3.10144e+06
3.20807e+06 3.13236e+06 3.19486e+06 3.20127e+06
3.12814e+06 3.19689e+06 3.18064e+06 3.19939e+06
3.21497e+06 3.18745e+06 3.15899e+06 3.11846e+06
3.188e+06 3.2343e+06 3.09613e+06 3.22493e+06
3.12814e+06 3.19689e+06 3.18064e+06 3.19939e+06
3.16647e+06 3.18802e+06 3.14484e+06 3.18179e+06
3.22065e+06 3.15099e+06 3.15776e+06 3.13473e+06
3.16685e+06 3.18901e+06 3.19045e+06 3.15259e+06
3.22088e+06 3.18416e+06 3.11764e+06 3.24757e+06
3.16685e+06 3.18901e+06 3.19045e+06 3.15259e+06
3.11455e+06 3.19249e+06 3.09725e+06 3.22908e+06
3.19717e+06 3.21168e+06 3.22193e+06 3.06082e+06
3.188e+06 3.2343e+06 3.09613e+06 3.22493e+06
3.20479e+06 3.19534e+06 3.2184e+06 3.06855e+06
3.29176e+06 3.17765e+06 3.20518e+06 3.11248e+06
3.282e+06 3.26062e+06 3.21282e+06 3.08749e+06
3.20766e+06 3.14084e+06 3.20984e+06 3.24742e+06
3.1849e+06 3.36842e+06 3.1132e+06 3.22215e+06
3.15825e+06 3.2121e+06 3.24605e+06 3.14608e+06
3.13515e+06 3.17432e+06 3.17886e+06 3.27064e+06
3.13405e+06 3.21508e+06 3.21611e+06 3.15535e+06
3.14282e+06 3.32197e+06 3.20746e+06 3.1239e+06
3.20069e+06 3.29116e+06 3.14721e+06 3.18646e+06
3.23314e+06 3.14844e+06 3.1352e+06 3.20334e+06
3.24337e+06 3.19327e+06 3.23363e+06 3.09171e+06
3.21992e+06 3.26248e+06 3.17593e+06 3.13008e+06
3.22221e+06 3.14878e+06 3.23107e+06 3.10583e+06
3.21522e+06 3.16796e+06 3.19072e+06 3.23631e+06
3.21207e+06 3.24434e+06 3.14191e+06 3.21969e+06
3.22639e+06 3.14173e+06 3.18493e+06 3.20861e+06
3.267e+06 3.28319e+06 3.15194e+06 3.15945e+06
3.15936e+06 3.20994e+06 3.2444e+06 3.20032e+06
3.25978e+06 3.16441e+06 3.20582e+06 3.1167e+06
3.27511e+06 3.28352e+06 3.162e+06 3.14917e+06
3.1509e+06 3.22667e+06 3.22203e+06 3.12398e+06
3.19376e+06 3.185e+06 3.20722e+06 3.24352e+06
3.16231e+06 3.23377e+06 3.19469e+06 3.14887e+06
3.25402e+06 3.21288e+06 3.22856e+06 3.10598e+06
3.16997e+06 3.20006e+06 3.22586e+06 3.1636e+06
3.24211e+06 3.24332e+06 3.18265e+06 3.10862e+06
3.21078e+06 3.14758e+06 3.21902e+06 3.18113e+06
3.17668e+06 3.2176e+06 3.20955e+06 3.15181e+06
3.26878e+06 3.22073e+06 3.14266e+06 3.16797e+06
3.18393e+06 3.21959e+06 3.16878e+06 3.22397e+06
3.28748e+06 3.20595e+06 3.16253e+06 3.1776e+06
3.21442e+06 3.14862e+06 3.24356e+06 3.10674e+06
3.24592e+06 3.21321e+06 3.14777e+06 3.16819e+06
3.23608e+06 3.21922e+06 3.20353e+06 3.11504e+06
3.16729e+06 3.24107e+06 3.20405e+06 3.11789e+06
3.21796e+06 3.16914e+06 3.16065e+06 3.20743e+06
3.18336e+06 3.17248e+06 3.22471e+06 3.13559e+06
3.15183e+06 3.24086e+06 3.16073e+06 3.18436e+06
3.26626e+06 3.21171e+06 3.15321e+06 3.17978e+06
3.20237e+06 3.20041e+06 3.18317e+06 3.17361e+06
3.20758e+06 3.18725e+06 3.2009e+06 3.20316e+06
3.18975e+06 3.19147e+06 3.1996e+06 3.17187e+06
3.19622e+06 3.23265e+06 3.16495e+06 3.16693e+06
3.21135e+06 3.18647e+06 3.17217e+06 3.13891e+06
3.19954e+06 3.2279e+06 3.20908e+06 3.11096e+06
3.26505e+06 3.17951e+06 3.19511e+06 3.1147e+06
3.18763e+06 3.20457e+06 3.1709e+06 3.14116e+06
3.20979e+06 3.23898e+06 3.16217e+06 3.14564e+06
3.18887e+06 3.24162e+06 3.14836e+06 3.16237e+06
3.17242e+06 3.22996e+06 3.13833e+06 3.2467e+06
3.21869e+06 3.18249e+06 3.20694e+06 3.12251e+06
3.18337e+06 3.18997e+06 3.19272e+06 3.2047e+06
3.21711e+06 3.17106e+06 3.22786e+06 3.15906e+06
3.17457e+06 3.22254e+06 3.2e+06 3.14256e+06
3.1343e+06 3.22182e+06 3.18499e+06 3.17471e+06
3.24472e+06 3.20356e+06 3.16483e+06 3.18611e+06
3.25835e+06 3.18541e+06 3.2006e+06 3.17509e+06
3.21797e+06 3.22465e+06 3.13847e+06 3.17793e+06
3.17238e+06 3.22725e+06 3.16766e+06 3.22265e+06
3.22201e+06 3.17526e+06 3.16952e+06 3.17731e+06
3.15877e+06 3.24208e+06 3.19948e+06 3.12255e+06
3.26553e+06 3.20591e+06 3.17777e+06 3.13686e+06
3.19628e+06 3.1708e+06 3.15318e+06 3.20457e+06
3.17313e+06 3.21817e+06 3.20619e+06 3.1351e+06
3.26505e+06 3.17951e+06 3.19511e+06 3.1147e+06
3.17313e+06 3.21817e+06 3.20619e+06 3.1351e+06
3.21442e+06 3.14862e+06 3.24356e+06 3.10674e+06
3.28368e+06 3.23697e+06 3.18512e+06 3.14534e+06
3.25843e+06 3.22467e+06 3.13818e+06 3.21188e+06
3.2513e+06 3.25258e+06 3.25628e+06 3.11231e+06
3.24303e+06 3.21793e+06 3.26165e+06 3.13613e+06
3.22966e+06 3.15448e+06 3.25381e+06 3.20909e+06
3.21703e+06 3.30444e+06 3.1666e+06 3.1843e+06
3.18787e+06 3.22696e+06 3.20429e+06 3.28687e+06
3.15283e+06 3.23064e+06 3.24065e+06 3.20879e+06
3.22146e+06 3.26202e+06 3.15468e+06 3.24326e+06
3.20903e+06 3.17739e+06 3.18036e+06 3.24516e+06
3.25663e+06 3.23284e+06 3.14778e+06 3.17532e+06
3.26273e+06 3.22501e+06 3.15915e+06 3.18428e+06
3.17502e+06 3.22004e+06 3.24206e+06 3.1666e+06
3.16254e+06 3.21805e+06 3.23107e+06 3.22371e+06
3.22467e+06 3.19463e+06 3.22106e+06 3.16173e+06
3.24516e+06 3.25254e+06 3.20588e+06 3.1128e+06
3.20662e+06 3.17696e+06 3.2083e+06 3.22288e+06
3.24848e+06 3.16852e+06 3.23688e+06 3.20128e+06
3.2111e+06 3.20982e+06 3.21952e+06 3.18363e+06
3.19661e+06 3.21121e+06 3.24594e+06 3.17684e+06
3.15929e+06 3.22869e+06 3.20016e+06 3.20549e+06
3.21493e+06 3.17796e+06 3.25925e+06 3.19279e+06
3.23198e+06 3.2505e+06 3.26128e+06 3.12846e+06
3.26243e+06 3.17993e+06 3.19198e+06 3.20571e+06
3.2379e+06 3.24085e+06 3.17452e+06 3.14839e+06
3.1788e+06 3.25781e+06 3.22976e+06 3.19155e+06
3.23685e+06 3.1585e+06 3.22892e+06 3.22592e+06
3.24276e+06 3.17014e+06 3.21026e+06 3.21624e+06
3.22504e+06 3.16516e+06 3.23713e+06 3.20355e+06
3.23762e+06 3.25517e+06 3.15435e+06 3.17177e+06
3.18965e+06 3.2376e+06 3.18924e+06 3.23183e+06
3.20085e+06 3.24366e+06 3.17111e+06 3.155e+06
3.18255e+06 3.23913e+06 3.22236e+06 3.1704e+06
3.19142e+06 3.2427e+06 3.1635e+06 3.19e+06
3.23214e+06 3.17088e+06 3.23319e+06 3.16828e+06
3.24386e+06 3.18828e+06 3.17263e+06 3.18534e+06
3.23498e+06 3.18574e+06 3.18643e+06 3.17946e+06
3.2263e+06 3.18185e+06 3.15591e+06 3.20534e+06
3.15676e+06 3.22394e+06 3.22374e+06 3.24332e+06
3.19828e+06 3.24467e+06 3.24019e+06 3.12882e+06
3.23968e+06 3.18365e+06 3.21416e+06 3.18409e+06
3.1993e+06 3.21383e+06 3.20123e+06 3.18888e+06
3.20296e+06 3.26178e+06 3.21868e+06 3.1387e+06
3.19249e+06 3.19929e+06 3.21861e+06 3.20555e+06
3.23239e+06 3.24807e+06 3.21012e+06 3.14079e+06
3.19283e+06 3.19675e+06 3.24249e+06 3.18606e+06
3.18931e+06 3.25228e+06 3.16702e+06 3.17029e+06
3.2199e+06 3.17075e+06 3.18566e+06 3.22953e+06
3.2362e+06 3.1802e+06 3.21822e+06 3.18246e+06
3.2315e+06 3.21155e+06 3.20907e+06 3.14336e+06
3.22027e+06 3.22055e+06 3.18216e+06 3.15261e+06
3.19888e+06 3.2166e+06 3.18917e+06 3.20475e+06
3.21522e+06 3.22327e+06 3.22753e+06 3.1824e+06
3.18806e+06 3.22547e+06 3.22592e+06 3.13731e+06
3.19482e+06 3.22661e+06 3.1843e+06 3.18065e+06
3.19222e+06 3.22172e+06 3.21416e+06 3.22364e+06
3.19756e+06 3.21461e+06 3.23187e+06 3.1799e+06
3.24414e+06 3.19615e+06 3.18625e+06 3.1526e+06
3.21642e+06 3.22431e+06 3.19115e+06 3.17069e+06
3.1921e+06 3.22446e+06 3.20413e+06 3.1549e+06
3.24852e+06 3.1967e+06 3.24072e+06 3.13754e+06
3.20199e+06 3.22017e+06 3.18407e+06 3.18457e+06
3.24396e+06 3.19819e+06 3.22032e+06 3.14145e+06
3.23631e+06 3.2454e+06 3.1843e+06 3.14252e+06
3.23878e+06 3.17005e+06 3.24056e+06 3.17562e+06
3.28359e+06 3.19433e+06 3.16536e+06 3.23743e+06
3.246e+06 3.1706e+06 3.24608e+06 3.1869e+06
3.23597e+06 3.21356e+06 3.164e+06 3.26143e+06
3.22812e+06 3.17777e+06 3.21339e+06 3.26721e+06
3.21133e+06 3.20879e+06 3.26547e+06 3.19611e+06
3.19981e+06 3.29791e+06 3.2421e+06 3.13153e+06
3.15688e+06 3.24449e+06 3.25892e+06 3.21484e+06
3.17508e+06 3.22738e+06 3.23932e+06 3.2308e+06
3.19014e+06 3.24164e+06 3.26147e+06 3.20271e+06
3.25434e+06 3.18768e+06 3.21939e+06 3.19039e+06
3.24964e+06 3.23199e+06 3.22646e+06 3.15617e+06
3.17276e+06 3.23329e+06 3.23466e+06 3.25763e+06
3.19208e+06 3.27019e+06 3.2423e+06 3.14312e+06
3.19969e+06 3.24654e+06 3.25478e+06 3.21816e+06
3.20901e+06 3.27704e+06 3.23285e+06 3.1601e+06
3.192e+06 3.28728e+06 3.19792e+06 3.19716e+06
3.25933e+06 3.17332e+06 3.19229e+06 3.25997e+06
3.20429e+06 3.23436e+06 3.19352e+06 3.22897e+06
3.19436e+06 3.22324e+06 3.22912e+06 3.24597e+06
3.28206e+06 3.21021e+06 3.17142e+06 3.24306e+06
3.21759e+06 3.21862e+06 3.2065e+06 3.236e+06
3.27966e+06 3.22999e+06 3.18214e+06 3.2135e+06
3.22493e+06 3.19532e+06 3.18664e+06 3.2522e+06
3.19795e+06 3.26538e+06 3.21858e+06 3.16416e+06
3.26342e+06 3.21858e+06 3.20249e+06 3.1704e+06
3.19944e+06 3.25492e+06 3.24508e+06 3.176e+06
3.23352e+06 3.25703e+06 3.16694e+06 3.20024e+06
3.20824e+06 3.25828e+06 3.2258e+06 3.1751e+06
3.26797e+06 3.20217e+06 3.18481e+06 3.2048e+06
3.19158e+06 3.25463e+06 3.17615e+06 3.20963e+06
3.2134e+06 3.20533e+06 3.21948e+06 3.20599e+06
3.27818e+06 3.23681e+06 3.16547e+06 3.21734e+06
3.22346e+06 3.22875e+06 3.23083e+06 3.13992e+06
3.22242e+06 3.21627e+06 3.19985e+06 3.25542e+06
3.2723e+06 3.20954e+06 3.22207e+06 3.19002e+06
3.27324e+06 3.21471e+06 3.21677e+06 3.19357e+06
3.23992e+06 3.20253e+06 3.1771e+06 3.23637e+06
3.20207e+06 3.2208e+06 3.20598e+06 3.19555e+06
3.23052e+06 3.22737e+06 3.19086e+06 3.15956e+06
3.24704e+06 3.1958e+06 3.23109e+06 3.19988e+06
3.19787e+06 3.25576e+06 3.25245e+06 3.20641e+06
3.24379e+06 3.26224e+06 3.17354e+06 3.19063e+06
3.21913e+06 3.21809e+06 3.21455e+06 3.21043e+06
3.20928e+06 3.21346e+06 3.25656e+06 3.20421e+06
3.2399e+06 3.24076e+06 3.17642e+06 3.21653e+06
3.2624e+06 3.21937e+06 3.20099e+06 3.17068e+06
3.22655e+06 3.24371e+06 3.17377e+06 3.1582e+06
3.23579e+06 3.19545e+06 3.23624e+06 3.21157e+06
3.2052e+06 3.23356e+06 3.19566e+06 3.19009e+06
3.27295e+06 3.21404e+06 3.24984e+06 3.14112e+06
3.24512e+06 3.20773e+06 3.19825e+06 3.19786e+06
3.23991e+06 3.20923e+06 3.24818e+06 3.1721e+06
3.1967e+06 3.26317e+06 3.23544e+06 3.19756e+06
3.24405e+06 3.21076e+06 3.22589e+06 3.16304e+06
3.2257e+06 3.2019e+06 3.23084e+06 3.2097e+06
3.20911e+06 3.2257e+06 3.24181e+06 3.14278e+06
3.22735e+06 3.22635e+06 3.22804e+06 3.19403e+06
3.20465e+06 3.24131e+06 3.24265e+06 3.1881e+06
3.21849e+06 3.25749e+06 3.17333e+06 3.19712e+06
3.29144e+06 3.21227e+06 3.20108e+06 3.22109e+06
3.24928e+06 3.18913e+06 3.27847e+06 3.1895e+06
3.24735e+06 3.17588e+06 3.25078e+06 3.19667e+06
3.24249e+06 3.24863e+06 3.17505e+06 3.20914e+06
3.22341e+06 3.28446e+06 3.26095e+06 3.15189e+06
3.21212e+06 3.23054e+06 3.21567e+06 3.23979e+06
3.19719e+06 3.31124e+06 3.2244e+06 3.23542e+06
3.23323e+06 3.26923e+06 3.2626e+06 3.15724e+06
3.27925e+06 3.20259e+06 3.2428e+06 3.21179e+06
3.21885e+06 3.29714e+06 3.18908e+06 3.20525e+06
3.20891e+06 3.23837e+06 3.23849e+06 3.22705e+06
3.26341e+06 3.23513e+06 3.22974e+06 3.17254e+06
3.20321e+06 3.28861e+06 3.24112e+06 3.16801e+06
3.2314e+06 3.25617e+06 3.17698e+06 3.21738e+06
3.2507e+06 3.21816e+06 3.21797e+06 3.23961e+06
3.20565e+06 3.26598e+06 3.2571e+06 3.23693e+06
3.2262e+06 3.22478e+06 3.21846e+06 3.23489e+06
3.22057e+06 3.21453e+06 3.27195e+06 3.19794e+06
3.22792e+06 3.26322e+06 3.24657e+06 3.1668e+06
3.26718e+06 3.28484e+06 3.20941e+06 3.17476e+06
3.26499e+06 3.21198e+06 3.23035e+06 3.17932e+06
3.24844e+06 3.21277e+06 3.26643e+06 3.18813e+06
3.27973e+06 3.22254e+06 3.20693e+06 3.19719e+06
3.24001e+06 3.23335e+06 3.19368e+06 3.20833e+06
3.2339e+06 3.24345e+06 3.20095e+06 3.21012e+06
3.23827e+06 3.20726e+06 3.26337e+06 3.2081e+06
3.21972e+06 3.22607e+06 3.23452e+06 3.21207e+06
3.20828e+06 3.2617e+06 3.2409e+06 3.21388e+06
3.21538e+06 3.2305e+06 3.24738e+06 3.20054e+06
3.21388e+06 3.23367e+06 3.254e+06 3.22286e+06
3.22481e+06 3.25204e+06 3.20426e+06 3.19325e+06
3.19827e+06 3.24471e+06 3.26496e+06 3.2182e+06
3.2181e+06 3.29296e+06 3.23117e+06 3.22161e+06
3.26702e+06 3.21732e+06 3.24365e+06 3.17644e+06
3.26387e+06 3.24517e+06 3.18428e+06 3.20388e+06
3.24689e+06 3.2185e+06 3.22533e+06 3.20625e+06
3.24023e+06 3.2229e+06 3.25295e+06 3.18968e+06
3.23604e+06 3.23595e+06 3.21225e+06 3.17417e+06
3.23589e+06 3.23622e+06 3.26871e+06 3.19589e+06
3.24861e+06 3.22113e+06 3.22863e+06 3.17879e+06
3.27971e+06 3.24502e+06 3.18307e+06 3.2015e+06
3.23288e+06 3.24869e+06 3.20459e+06 3.19468e+06
3.22763e+06 3.23942e+06 3.2097e+06 3.19544e+06
3.21764e+06 3.23899e+06 3.24033e+06 3.20205e+06
3.22897e+06 3.22231e+06 3.20833e+06 3.2047e+06
3.23145e+06 3.2526e+06 3.22687e+06 3.17446e+06
3.29918e+06 3.25013e+06 3.18827e+06 3.22345e+06
3.27185e+06 3.27821e+06 3.28929e+06 3.16403e+06
3.2709e+06 3.21102e+06 3.25095e+06 3.23115e+06
3.25098e+06 3.26905e+06 3.21416e+06 3.24377e+06
3.22119e+06 3.27989e+06 3.222e+06 3.2422e+06
3.21623e+06 3.23959e+06 3.26409e+06 3.2085e+06
3.24934e+06 3.22618e+06 3.25768e+06 3.22633e+06
3.25494e+06 3.26458e+06 3.20679e+06 3.21946e+06
3.24047e+06 3.25022e+06 3.21544e+06 3.23554e+06
3.25817e+06 3.27063e+06 3.24226e+06 3.18705e+06
3.24096e+06 3.24882e+06 3.28036e+06 3.18115e+06
3.2706e+06 3.23747e+06 3.22331e+06 3.17558e+06
3.28466e+06 3.2319e+06 3.24219e+06 3.21517e+06
3.24107e+06 3.24753e+06 3.23052e+06 3.20629e+06
3.28941e+06 3.25862e+06 3.21349e+06 3.18525e+06
3.23227e+06 3.257e+06 3.22191e+06 3.19961e+06
3.26371e+06 3.23602e+06 3.23922e+06 3.19724e+06
3.22678e+06 3.2421e+06 3.2492e+06 3.20072e+06
3.28416e+06 3.23695e+06 3.22534e+06 3.19868e+06
3.23039e+06 3.26214e+06 3.21958e+06 3.22094e+06
3.24589e+06 3.25914e+06 3.25232e+06 3.18542e+06
3.22628e+06 3.26787e+06 3.25965e+06 3.19613e+06
3.26287e+06 3.26613e+06 3.21429e+06 3.19484e+06
3.25956e+06 3.2447e+06 3.24009e+06 3.17719e+06
3.2504e+06 3.26952e+06 3.21045e+06 3.22922e+06
3.26144e+06 3.22776e+06 3.22988e+06 3.24219e+06
3.26018e+06 3.22937e+06 3.24951e+06 3.22286e+06
3.26176e+06 3.23688e+06 3.22985e+06 3.17986e+06
3.26509e+06 3.2439e+06 3.24918e+06 3.24419e+06
3.25796e+06 3.28991e+06 3.26816e+06 3.21947e+06
3.2479e+06 3.28634e+06 3.22295e+06 3.27752e+06
3.23173e+06 3.27669e+06 3.27388e+06 3.2589e+06
3.24151e+06 3.24842e+06 3.23956e+06 3.22689e+06
3.27407e+06 3.25002e+06 3.2742e+06 3.24214e+06
3.27177e+06 3.2681e+06 3.24797e+06 3.2519e+06
