0 3.57269
1.69038e+06 1.58609e+06 1.62123e+06 1.58289e+06
1.66332e+06 1.61367e+06 1.59507e+06 1.5748e+06
1.64973e+06 1.60213e+06 1.55633e+06 1.58151e+06
1.62249e+06 1.52912e+06 1.59005e+06 1.66765e+06
1.61279e+06 1.53582e+06 1.60977e+06 1.67462e+06
1.59003e+06 1.63478e+06 1.66578e+06 1.58214e+06
1.55927e+06 1.65444e+06 1.64202e+06 1.60626e+06
1.55167e+06 1.55993e+06 1.58466e+06 1.61587e+06
1.68047e+06 1.54163e+06 1.60506e+06 1.66116e+06
1.57922e+06 1.60022e+06 1.58393e+06 1.64656e+06
1.61354e+06 1.56815e+06 1.65628e+06 1.58184e+06
1.62375e+06 1.56515e+06 1.57002e+06 1.63591e+06
1.59308e+06 1.59497e+06 1.58135e+06 1.64357e+06
1.63266e+06 1.58852e+06 1.56238e+06 1.62482e+06
1.56346e+06 1.6253e+06 1.59489e+06 1.6027e+06
1.60009e+06 1.64361e+06 1.58983e+06 1.61322e+06
1.61284e+06 1.59922e+06 1.56639e+06 1.6219e+06
1.6371e+06 1.58032e+06 1.62257e+06 1.58353e+06
1.64818e+06 1.64457e+06 1.59716e+06 1.58912e+06
1.62828e+06 1.54137e+06 1.60544e+06 1.66751e+06
1.64988e+06 1.55731e+06 1.59186e+06 1.59094e+06
1.59123e+06 1.54396e+06 1.63045e+06 1.62986e+06
1.66282e+06 1.5766e+06 1.58418e+06 1.60678e+06
1.61263e+06 1.61759e+06 1.63338e+06 1.57532e+06
1.63246e+06 1.60922e+06 1.62633e+06 1.58272e+06
1.60375e+06 1.58508e+06 1.57642e+06 1.59426e+06
1.61153e+06 1.54777e+06 1.6047e+06 1.67077e+06
1.6436e+06 1.55527e+06 1.59419e+06 1.59851e+06
1.60943e+06 1.55311e+06 1.61508e+06 1.60932e+06
1.59358e+06 1.58493e+06 1.6271e+06 1.57966e+06
1.6241e+06 1.57283e+06 1.59948e+06 1.5897e+06
1.60866e+06 1.62746e+06 1.61529e+06 1.58489e+06
1.62345e+06 1.58726e+06 1.63884e+06 1.57601e+06
1.58479e+06 1.60204e+06 1.59333e+06 1.60592e+06
1.6003e+06 1.5778e+06 1.57768e+06 1.62741e+06
1.61484e+06 1.53253e+06 1.62072e+06 1.59663e+06
1.61832e+06 1.6263e+06 1.61656e+06 1.58791e+06
1.62325e+06 1.56884e+06 1.61188e+06 1.59659e+06
1.56112e+06 1.56434e+06 1.62753e+06 1.58605e+06
1.62412e+06 1.62316e+06 1.60526e+06 1.58612e+06
1.62144e+06 1.54292e+06 1.59071e+06 1.61186e+06
1.59029e+06 1.60118e+06 1.61879e+06 1.59309e+06
1.59157e+06 1.55678e+06 1.60659e+06 1.59788e+06
1.62405e+06 1.55649e+06 1.60457e+06 1.59336e+06
1.62087e+06 1.55666e+06 1.60531e+06 1.62844e+06
1.667e+06 1.57569e+06 1.64506e+06 1.5985e+06
1.66439e+06 1.54701e+06 1.60322e+06 1.62671e+06
1.6488e+06 1.59226e+06 1.56725e+06 1.66274e+06
1.63223e+06 1.55597e+06 1.59956e+06 1.67604e+06
1.62842e+06 1.6001e+06 1.67446e+06 1.57837e+06
1.5905e+06 1.64012e+06 1.63048e+06 1.60681e+06
1.57149e+06 1.60527e+06 1.6053e+06 1.61753e+06
1.64712e+06 1.60834e+06 1.6687e+06 1.58281e+06
1.62344e+06 1.63079e+06 1.5883e+06 1.59712e+06
1.64022e+06 1.622e+06 1.57657e+06 1.65723e+06
1.62604e+06 1.61246e+06 1.58549e+06 1.6462e+06
1.61594e+06 1.63949e+06 1.58158e+06 1.62694e+06
1.65399e+06 1.55659e+06 1.60589e+06 1.65267e+06
1.61426e+06 1.5708e+06 1.59241e+06 1.66656e+06
1.62984e+06 1.56489e+06 1.58618e+06 1.63724e+06
1.62024e+06 1.5984e+06 1.63611e+06 1.58419e+06
1.64581e+06 1.55885e+06 1.60653e+06 1.63352e+06
1.62538e+06 1.58762e+06 1.65996e+06 1.59079e+06
1.63432e+06 1.55185e+06 1.61431e+06 1.63036e+06
1.6558e+06 1.60711e+06 1.5963e+06 1.58376e+06
1.64968e+06 1.61905e+06 1.57278e+06 1.63013e+06
1.57622e+06 1.5875e+06 1.6304e+06 1.61923e+06
1.59627e+06 1.62624e+06 1.63139e+06 1.6057e+06
1.61381e+06 1.5838e+06 1.66894e+06 1.58928e+06
1.61811e+06 1.55312e+06 1.65598e+06 1.63592e+06
1.57737e+06 1.58485e+06 1.61886e+06 1.67336e+06
1.62766e+06 1.58176e+06 1.61767e+06 1.60708e+06
1.59503e+06 1.56558e+06 1.64461e+06 1.62212e+06
1.60781e+06 1.5601e+06 1.62371e+06 1.61282e+06
1.58213e+06 1.60055e+06 1.5866e+06 1.62947e+06
1.58384e+06 1.57675e+06 1.64142e+06 1.66533e+06
1.58703e+06 1.58443e+06 1.6392e+06 1.65754e+06
1.61784e+06 1.61597e+06 1.58486e+06 1.62487e+06
1.63685e+06 1.62476e+06 1.59408e+06 1.61163e+06
1.62899e+06 1.59682e+06 1.57668e+06 1.61863e+06
1.65461e+06 1.5685e+06 1.62604e+06 1.60872e+06
1.61315e+06 1.55478e+06 1.62642e+06 1.61132e+06
1.63251e+06 1.56178e+06 1.60069e+06 1.63123e+06
1.59127e+06 1.56573e+06 1.60773e+06 1.67288e+06
1.58041e+06 1.58876e+06 1.61302e+06 1.62325e+06
1.61362e+06 1.5772e+06 1.60758e+06 1.61101e+06
1.59086e+06 1.58898e+06 1.59313e+06 1.64976e+06
1.60304e+06 1.6185e+06 1.58561e+06 1.66406e+06
1.6216e+06 1.58934e+06 1.60986e+06 1.60416e+06
1.59748e+06 1.56694e+06 1.63054e+06 1.62785e+06
1.60251e+06 1.58782e+06 1.65977e+06 1.60576e+06
1.64985e+06 1.57591e+06 1.61203e+06 1.61391e+06
1.60041e+06 1.58665e+06 1.5995e+06 1.61708e+06
1.63764e+06 1.57046e+06 1.61352e+06 1.60118e+06
1.5872e+06 1.59346e+06 1.61096e+06 1.62981e+06
1.61166e+06 1.61251e+06 1.64475e+06 1.59619e+06
1.57212e+06 1.59878e+06 1.59531e+06 1.61724e+06
1.62094e+06 1.55304e+06 1.65087e+06 1.63438e+06
1.61641e+06 1.56047e+06 1.63686e+06 1.60129e+06
1.5921e+06 1.58645e+06 1.61222e+06 1.6144e+06
1.63415e+06 1.59994e+06 1.59903e+06 1.60237e+06
1.65571e+06 1.62517e+06 1.58327e+06 1.61555e+06
1.62671e+06 1.57526e+06 1.58504e+06 1.67293e+06
1.61551e+06 1.59962e+06 1.5912e+06 1.62546e+06
1.60604e+06 1.5665e+06 1.60175e+06 1.62904e+06
1.58558e+06 1.59967e+06 1.64928e+06 1.5979e+06
1.59072e+06 1.59124e+06 1.65246e+06 1.61869e+06
1.60683e+06 1.58929e+06 1.6486e+06 1.59486e+06
1.60719e+06 1.58873e+06 1.62186e+06 1.59902e+06
1.61133e+06 1.56474e+06 1.59743e+06 1.61756e+06
1.62057e+06 1.59582e+06 1.58468e+06 1.6643e+06
1.63958e+06 1.56802e+06 1.60236e+06 1.61429e+06
1.62369e+06 1.58375e+06 1.6086e+06 1.59823e+06
1.61609e+06 1.5883e+06 1.62127e+06 1.59529e+06
1.63996e+06 1.58408e+06 1.60139e+06 1.59245e+06
1.61572e+06 1.60728e+06 1.64013e+06 1.59399e+06
1.63249e+06 1.59401e+06 1.59738e+06 1.61585e+06
1.62674e+06 1.5828e+06 1.60159e+06 1.60565e+06
1.60624e+06 1.56424e+06 1.63082e+06 1.61772e+06
1.61351e+06 1.56312e+06 1.60713e+06 1.66416e+06
1.59174e+06 1.59378e+06 1.6404e+06 1.60813e+06
1.63755e+06 1.59035e+06 1.59578e+06 1.59857e+06
1.61536e+06 1.58474e+06 1.58571e+06 1.63611e+06
1.62775e+06 1.59119e+06 1.59301e+06 1.63363e+06
1.62278e+06 1.60054e+06 1.59531e+06 1.61438e+06
1.6897e+06 1.64852e+06 1.59022e+06 1.62252e+06
1.6375e+06 1.61139e+06 1.68168e+06 1.59285e+06
1.63532e+06 1.5564e+06 1.62512e+06 1.6549e+06
1.62983e+06 1.63683e+06 1.58486e+06 1.63055e+06
1.62823e+06 1.61783e+06 1.65042e+06 1.59271e+06
1.61619e+06 1.59655e+06 1.59042e+06 1.70768e+06
1.58779e+06 1.65462e+06 1.66565e+06 1.59826e+06
1.57603e+06 1.61012e+06 1.67147e+06 1.62781e+06
1.60497e+06 1.57953e+06 1.63436e+06 1.67879e+06
1.67527e+06 1.59736e+06 1.60118e+06 1.60734e+06
1.66654e+06 1.62032e+06 1.59396e+06 1.6273e+06
1.62126e+06 1.57074e+06 1.64466e+06 1.63515e+06
1.57683e+06 1.63132e+06 1.66251e+06 1.65104e+06
1.611e+06 1.62652e+06 1.6499e+06 1.60197e+06
1.64335e+06 1.64218e+06 1.59503e+06 1.61155e+06
1.59927e+06 1.57215e+06 1.6493e+06 1.67335e+06
1.60814e+06 1.5694e+06 1.65762e+06 1.61924e+06
1.64003e+06 1.56733e+06 1.62914e+06 1.63875e+06
1.63791e+06 1.63721e+06 1.58805e+06 1.62708e+06
1.65758e+06 1.57471e+06 1.61414e+06 1.604e+06
1.57674e+06 1.61294e+06 1.63121e+06 1.65844e+06
1.59352e+06 1.60431e+06 1.6543e+06 1.61519e+06
1.61679e+06 1.5789e+06 1.59909e+06 1.66439e+06
1.66221e+06 1.59814e+06 1.60198e+06 1.59293e+06
1.58551e+06 1.58953e+06 1.6385e+06 1.66825e+06
1.58167e+06 1.6049e+06 1.65263e+06 1.64101e+06
1.57948e+06 1.60916e+06 1.62545e+06 1.63246e+06
1.62356e+06 1.61654e+06 1.58508e+06 1.6403e+06
1.61265e+06 1.62376e+06 1.65253e+06 1.59569e+06
1.65085e+06 1.61387e+06 1.61472e+06 1.59635e+06
1.5979e+06 1.58983e+06 1.61692e+06 1.67293e+06
1.61461e+06 1.63266e+06 1.6184e+06 1.61112e+06
1.64953e+06 1.56532e+06 1.61965e+06 1.64749e+06
1.62286e+06 1.57311e+06 1.612e+06 1.64451e+06
1.62598e+06 1.58485e+06 1.63003e+06 1.61662e+06
1.57978e+06 1.6022e+06 1.66322e+06 1.66737e+06
1.6002e+06 1.58794e+06 1.64046e+06 1.61826e+06
1.62412e+06 1.58901e+06 1.61792e+06 1.59866e+06
1.61925e+06 1.57478e+06 1.63936e+06 1.64171e+06
1.65445e+06 1.5712e+06 1.60225e+06 1.66851e+06
1.65873e+06 1.55882e+06 1.63499e+06 1.62665e+06
1.60332e+06 1.59993e+06 1.66578e+06 1.61219e+06
1.63174e+06 1.58681e+06 1.60478e+06 1.62142e+06
1.61307e+06 1.5824e+06 1.60776e+06 1.6218e+06
1.63553e+06 1.5687e+06 1.65434e+06 1.61016e+06
1.64708e+06 1.62351e+06 1.60285e+06 1.61272e+06
1.60908e+06 1.5865e+06 1.62248e+06 1.65155e+06
1.63082e+06 1.56299e+06 1.62947e+06 1.64876e+06
1.635e+06 1.58326e+06 1.60971e+06 1.61161e+06
1.64512e+06 1.58303e+06 1.58891e+06 1.66573e+06
1.6478e+06 1.6215e+06 1.61105e+06 1.61054e+06
1.59584e+06 1.59066e+06 1.62392e+06 1.66524e+06
1.61096e+06 1.59483e+06 1.59553e+06 1.66934e+06
1.60206e+06 1.58794e+06 1.62144e+06 1.64304e+06
1.60984e+06 1.5898e+06 1.63252e+06 1.60769e+06
1.58971e+06 1.61063e+06 1.59934e+06 1.6555e+06
1.63568e+06 1.58622e+06 1.59096e+06 1.6388e+06
1.59945e+06 1.59981e+06 1.62654e+06 1.61967e+06
1.63649e+06 1.56108e+06 1.625e+06 1.65491e+06
1.58977e+06 1.60432e+06 1.59039e+06 1.63045e+06
1.6027e+06 1.61812e+06 1.62455e+06 1.61616e+06
1.61183e+06 1.57845e+06 1.61871e+06 1.63264e+06
1.64348e+06 1.56588e+06 1.60596e+06 1.62504e+06
1.6301e+06 1.575e+06 1.59782e+06 1.64953e+06
1.58216e+06 1.60252e+06 1.60558e+06 1.62658e+06
1.64989e+06 1.59173e+06 1.59621e+06 1.61649e+06
1.5961e+06 1.60076e+06 1.60878e+06 1.6233e+06
1.64319e+06 1.56542e+06 1.61193e+06 1.6409e+06
1.66047e+06 1.5997e+06 1.59014e+06 1.64863e+06
1.6352e+06 1.55878e+06 1.6349e+06 1.66672e+06
1.60348e+06 1.61398e+06 1.59535e+06 1.62088e+06
1.615e+06 1.59386e+06 1.609e+06 1.61877e+06
1.60684e+06 1.59831e+06 1.60587e+06 1.6435e+06
1.65914e+06 1.56537e+06 1.60063e+06 1.62374e+06
1.62803e+06 1.62186e+06 1.60602e+06 1.62054e+06
1.63636e+06 1.57147e+06 1.62172e+06 1.62879e+06
1.58604e+06 1.62249e+06 1.616e+06 1.61942e+06
1.5989e+06 1.6e+06 1.61589e+06 1.63912e+06
1.6368e+06 1.59112e+06 1.59008e+06 1.65668e+06
1.61044e+06 1.59547e+06 1.61836e+06 1.63661e+06
1.62939e+06 1.60035e+06 1.60536e+06 1.62584e+06
1.61291e+06 1.59236e+06 1.6309e+06 1.61658e+06
1.60966e+06 1.57704e+06 1.62458e+06 1.62856e+06
1.61074e+06 1.5844e+06 1.62936e+06 1.61822e+06
1.61019e+06 1.58241e+06 1.61614e+06 1.63674e+06
1.62859e+06 1.57595e+06 1.60598e+06 1.64446e+06
1.63014e+06 1.5749e+06 1.59078e+06 1.6471e+06
1.60739e+06 1.61397e+06 1.63434e+06 1.60766e+06
1.6241e+06 1.56872e+06 1.6035e+06 1.65111e+06
1.63718e+06 1.57424e+06 1.59827e+06 1.62802e+06
1.60069e+06 1.5911e+06 1.60643e+06 1.64346e+06
1.60114e+06 1.61132e+06 1.60237e+06 1.62844e+06
1.64329e+06 1.60978e+06 1.59038e+06 1.63214e+06
1.62335e+06 1.59388e+06 1.6012e+06 1.64389e+06
1.62334e+06 1.60309e+06 1.60226e+06 1.65128e+06
1.65979e+06 1.60232e+06 1.58969e+06 1.6487e+06
1.61624e+06 1.57833e+06 1.6186e+06 1.62081e+06
1.60057e+06 1.60233e+06 1.60868e+06 1.62106e+06
1.61012e+06 1.57399e+06 1.60551e+06 1.6471e+06
1.68028e+06 1.56542e+06 1.60387e+06 1.65333e+06
1.65171e+06 1.64226e+06 1.65557e+06 1.59274e+06
1.63568e+06 1.561e+06 1.63336e+06 1.66685e+06
1.63354e+06 1.6063e+06 1.59855e+06 1.703e+06
1.62304e+06 1.61826e+06 1.59138e+06 1.64186e+06
1.61889e+06 1.6258e+06 1.68718e+06 1.60022e+06
1.5935e+06 1.65834e+06 1.65303e+06 1.62164e+06
1.58337e+06 1.61055e+06 1.62073e+06 1.63547e+06
1.60351e+06 1.59133e+06 1.60826e+06 1.6853e+06
1.62588e+06 1.59298e+06 1.67882e+06 1.61181e+06
1.67506e+06 1.58064e+06 1.62392e+06 1.61319e+06
1.66842e+06 1.63705e+06 1.6033e+06 1.62105e+06
1.63596e+06 1.57014e+06 1.61342e+06 1.66891e+06
1.62285e+06 1.57451e+06 1.66947e+06 1.65487e+06
1.60656e+06 1.59591e+06 1.63357e+06 1.67994e+06
1.60871e+06 1.60702e+06 1.66208e+06 1.61614e+06
1.66364e+06 1.62737e+06 1.61192e+06 1.60312e+06
1.6016e+06 1.60265e+06 1.65119e+06 1.65126e+06
1.64238e+06 1.61723e+06 1.59222e+06 1.66458e+06
1.62635e+06 1.611e+06 1.6428e+06 1.60668e+06
1.60675e+06 1.60862e+06 1.67225e+06 1.62262e+06
1.60777e+06 1.5953e+06 1.63637e+06 1.65447e+06
1.65959e+06 1.60009e+06 1.59166e+06 1.64971e+06
1.64758e+06 1.61255e+06 1.6157e+06 1.61406e+06
1.63202e+06 1.57536e+06 1.65704e+06 1.64115e+06
1.60547e+06 1.59382e+06 1.6356e+06 1.66066e+06
1.59073e+06 1.61238e+06 1.60389e+06 1.65705e+06
1.62592e+06 1.62025e+06 1.62546e+06 1.60962e+06
1.61777e+06 1.61489e+06 1.601e+06 1.6589e+06
1.58725e+06 1.60328e+06 1.61425e+06 1.632e+06
1.61378e+06 1.59236e+06 1.618e+06 1.6823e+06
1.62778e+06 1.57729e+06 1.64672e+06 1.64464e+06
1.61044e+06 1.58937e+06 1.65089e+06 1.61958e+06
1.62734e+06 1.62419e+06 1.6204e+06 1.60549e+06
1.63536e+06 1.56898e+06 1.63214e+06 1.65465e+06
1.63332e+06 1.57376e+06 1.62903e+06 1.65132e+06
1.63017e+06 1.62507e+06 1.59564e+06 1.63714e+06
1.63728e+06 1.57166e+06 1.63093e+06 1.63917e+06
1.62692e+06 1.6297e+06 1.60344e+06 1.62176e+06
1.63688e+06 1.59771e+06 1.59476e+06 1.65995e+06
1.60725e+06 1.60016e+06 1.60993e+06 1.64598e+06
1.63885e+06 1.60454e+06 1.5999e+06 1.63433e+06
1.64716e+06 1.56691e+06 1.63455e+06 1.63357e+06
1.66733e+06 1.58805e+06 1.6227e+06 1.61756e+06
1.61921e+06 1.60509e+06 1.65996e+06 1.6161e+06
1.61508e+06 1.5861e+06 1.60686e+06 1.65946e+06
1.61121e+06 1.61076e+06 1.60771e+06 1.64269e+06
1.61608e+06 1.6331e+06 1.60682e+06 1.65659e+06
1.61786e+06 1.57824e+06 1.64399e+06 1.63258e+06
1.58588e+06 1.60534e+06 1.62148e+06 1.62738e+06
1.65464e+06 1.60126e+06 1.60352e+06 1.63211e+06
1.62411e+06 1.60043e+06 1.61713e+06 1.62499e+06
1.61777e+06 1.58876e+06 1.62705e+06 1.62964e+06
1.61928e+06 1.62017e+06 1.60852e+06 1.63705e+06
1.60383e+06 1.61967e+06 1.61293e+06 1.62803e+06
1.62543e+06 1.6325e+06 1.62295e+06 1.61954e+06
1.64439e+06 1.60874e+06 1.60737e+06 1.62715e+06
1.60363e+06 1.59372e+06 1.64803e+06 1.63058e+06
1.65604e+06 1.6021e+06 1.61969e+06 1.6154e+06
1.64137e+06 1.57474e+06 1.63511e+06 1.63314e+06
1.6457e+06 1.5759e+06 1.62245e+06 1.63011e+06
1.64231e+06 1.58105e+06 1.62186e+06 1.63972e+06
1.61664e+06 1.60892e+06 1.6066e+06 1.64815e+06
1.60785e+06 1.61193e+06 1.59824e+06 1.65904e+06
1.61742e+06 1.63587e+06 1.63361e+06 1.61373e+06
1.66387e+06 1.59722e+06 1.60942e+06 1.62887e+06
1.63338e+06 1.59095e+06 1.62555e+06 1.60206e+06
1.63847e+06 1.60552e+06 1.60217e+06 1.63211e+06
1.65823e+06 1.57461e+06 1.62535e+06 1.63803e+06
1.62955e+06 1.61728e+06 1.60474e+06 1.62874e+06
1.66816e+06 1.5791e+06 1.61756e+06 1.61644e+06
1.6554e+06 1.5877e+06 1.59477e+06 1.65973e+06
1.63705e+06 1.59011e+06 1.60557e+06 1.65076e+06
1.6446e+06 1.56553e+06 1.63364e+06 1.65576e+06
1.63962e+06 1.60265e+06 1.609e+06 1.63838e+06
1.64649e+06 1.57774e+06 1.59863e+06 1.64255e+06
1.62896e+06 1.6121e+06 1.63113e+06 1.60603e+06
1.63706e+06 1.61035e+06 1.62317e+06 1.61832e+06
1.6337e+06 1.60263e+06 1.61791e+06 1.62366e+06
1.6192e+06 1.58403e+06 1.62048e+06 1.63595e+06
1.61757e+06 1.58264e+06 1.63366e+06 1.6293e+06
1.61738e+06 1.59704e+06 1.61247e+06 1.64818e+06
1.63724e+06 1.58329e+06 1.6295e+06 1.62764e+06
1.62418e+06 1.59756e+06 1.61771e+06 1.63094e+06
1.60815e+06 1.60928e+06 1.61205e+06 1.62341e+06
1.63009e+06 1.6253e+06 1.61906e+06 1.61763e+06
1.65903e+06 1.59671e+06 1.60946e+06 1.62768e+06
1.62801e+06 1.60178e+06 1.62477e+06 1.61666e+06
1.63259e+06 1.60341e+06 1.61549e+06 1.62155e+06
1.6229e+06 1.59118e+06 1.64722e+06 1.62482e+06
1.62338e+06 1.60614e+06 1.61212e+06 1.62254e+06
1.63306e+06 1.62015e+06 1.62213e+06 1.61532e+06
1.61828e+06 1.5903e+06 1.61848e+06 1.62916e+06
1.61751e+06 1.60768e+06 1.62555e+06 1.61944e+06
1.61433e+06 1.59289e+06 1.62486e+06 1.63344e+06
1.62813e+06 1.5972e+06 1.61546e+06 1.64266e+06
1.62556e+06 1.59228e+06 1.61808e+06 1.63259e+06
1.64444e+06 1.57761e+06 1.62039e+06 1.63598e+06
1.63551e+06 1.59066e+06 1.6134e+06 1.63898e+06
1.65584e+06 1.58298e+06 1.62192e+06 1.63567e+06
1.61782e+06 1.59329e+06 1.62505e+06 1.62781e+06
1.69006e+06 1.57539e+06 1.6421e+06 1.63939e+06
1.67614e+06 1.58119e+06 1.63288e+06 1.68926e+06
1.6748e+06 1.60179e+06 1.6867e+06 1.60344e+06
1.65569e+06 1.63762e+06 1.59253e+06 1.65475e+06
1.63986e+06 1.66797e+06 1.60394e+06 1.62957e+06
1.58712e+06 1.64119e+06 1.6288e+06 1.63204e+06
1.64071e+06 1.65473e+06 1.62497e+06 1.61883e+06
1.59545e+06 1.61698e+06 1.67501e+06 1.66817e+06
1.59144e+06 1.62605e+06 1.6194e+06 1.67362e+06
1.64326e+06 1.5829e+06 1.66635e+06 1.63693e+06
1.66448e+06 1.58819e+06 1.60171e+06 1.66406e+06
1.62934e+06 1.6111e+06 1.65398e+06 1.60705e+06
1.6257e+06 1.5874e+06 1.64656e+06 1.68432e+06
1.68774e+06 1.61374e+06 1.59574e+06 1.65199e+06
1.61709e+06 1.61206e+06 1.5983e+06 1.66229e+06
1.68295e+06 1.62849e+06 1.61378e+06 1.61978e+06
1.61988e+06 1.59638e+06 1.60831e+06 1.66678e+06
1.62476e+06 1.62727e+06 1.62142e+06 1.62596e+06
1.60166e+06 1.62187e+06 1.62243e+06 1.64362e+06
1.66174e+06 1.59433e+06 1.63454e+06 1.60989e+06
1.64092e+06 1.58146e+06 1.64327e+06 1.65916e+06
1.64682e+06 1.59928e+06 1.64725e+06 1.6066e+06
1.68018e+06 1.60638e+06 1.60983e+06 1.64273e+06
1.6567e+06 1.58604e+06 1.61252e+06 1.64692e+06
1.63757e+06 1.63402e+06 1.64356e+06 1.60704e+06
1.63055e+06 1.61056e+06 1.63307e+06 1.62035e+06
1.59915e+06 1.60379e+06 1.63814e+06 1.68687e+06
1.63781e+06 1.61562e+06 1.64118e+06 1.61556e+06
1.64499e+06 1.61966e+06 1.62775e+06 1.60478e+06
1.62751e+06 1.59156e+06 1.61422e+06 1.66931e+06
1.64762e+06 1.57947e+06 1.64947e+06 1.63142e+06
1.61188e+06 1.60593e+06 1.61118e+06 1.64718e+06
1.6389e+06 1.61565e+06 1.60541e+06 1.65048e+06
1.6059e+06 1.60785e+06 1.61836e+06 1.64e+06
1.63912e+06 1.62555e+06 1.61772e+06 1.63519e+06
1.60786e+06 1.61062e+06 1.6179e+06 1.63209e+06
1.63248e+06 1.59488e+06 1.62399e+06 1.64125e+06
1.61446e+06 1.61628e+06 1.61481e+06 1.63688e+06
1.6551e+06 1.58119e+06 1.62717e+06 1.68875e+06
1.633e+06 1.58695e+06 1.63108e+06 1.64723e+06
1.62215e+06 1.59067e+06 1.63033e+06 1.64661e+06
1.631e+06 1.62174e+06 1.64975e+06 1.61696e+06
1.62621e+06 1.58632e+06 1.65201e+06 1.65094e+06
1.64199e+06 1.583e+06 1.64637e+06 1.65184e+06
1.62216e+06 1.6373e+06 1.61466e+06 1.62616e+06
1.6528e+06 1.57852e+06 1.639e+06 1.63787e+06
1.61634e+06 1.60214e+06 1.62375e+06 1.65352e+06
1.64346e+06 1.60663e+06 1.61543e+06 1.62927e+06
1.60431e+06 1.61711e+06 1.61618e+06 1.65176e+06
1.60164e+06 1.62132e+06 1.6392e+06 1.6347e+06
1.6515e+06 1.60346e+06 1.63889e+06 1.60894e+06
1.63642e+06 1.61765e+06 1.63054e+06 1.60726e+06
1.66143e+06 1.58296e+06 1.6087e+06 1.65074e+06
1.63511e+06 1.5931e+06 1.64114e+06 1.62014e+06
1.62586e+06 1.59752e+06 1.61903e+06 1.63349e+06
1.62087e+06 1.58992e+06 1.63704e+06 1.65332e+06
1.58728e+06 1.62706e+06 1.61616e+06 1.63817e+06
1.6387e+06 1.62701e+06 1.60304e+06 1.65312e+06
1.64204e+06 1.6038e+06 1.63433e+06 1.61627e+06
1.63576e+06 1.635e+06 1.60869e+06 1.63423e+06
1.65061e+06 1.58667e+06 1.63216e+06 1.6369e+06
1.62142e+06 1.58965e+06 1.63516e+06 1.62944e+06
1.62811e+06 1.59284e+06 1.62803e+06 1.63408e+06
1.65239e+06 1.60713e+06 1.60853e+06 1.66377e+06
1.59991e+06 1.60648e+06 1.63102e+06 1.6386e+06
1.65097e+06 1.60583e+06 1.63269e+06 1.63146e+06
1.62267e+06 1.6176e+06 1.62749e+06 1.62004e+06
1.63061e+06 1.60785e+06 1.61882e+06 1.63786e+06
1.62135e+06 1.59287e+06 1.63368e+06 1.63502e+06
1.67947e+06 1.58797e+06 1.62883e+06 1.6655e+06
1.64221e+06 1.66737e+06 1.64193e+06 1.60861e+06
1.64166e+06 1.61633e+06 1.67586e+06 1.61358e+06
1.64152e+06 1.58505e+06 1.66423e+06 1.65999e+06
1.63139e+06 1.62629e+06 1.60063e+06 1.69906e+06
1.62618e+06 1.59958e+06 1.64452e+06 1.70071e+06
1.59003e+06 1.6442e+06 1.63221e+06 1.63351e+06
1.65597e+06 1.64698e+06 1.61996e+06 1.62756e+06
1.6241e+06 1.61291e+06 1.60411e+06 1.68627e+06
1.65498e+06 1.58898e+06 1.67384e+06 1.6568e+06
1.6445e+06 1.61669e+06 1.65588e+06 1.61771e+06
1.66925e+06 1.64117e+06 1.63289e+06 1.6102e+06
1.59575e+06 1.62827e+06 1.62686e+06 1.64798e+06
1.62555e+06 1.60077e+06 1.66598e+06 1.63155e+06
1.62701e+06 1.6333e+06 1.60924e+06 1.68247e+06
1.66367e+06 1.60931e+06 1.65223e+06 1.61184e+06
1.67509e+06 1.61835e+06 1.61949e+06 1.6362e+06
1.65708e+06 1.58796e+06 1.65543e+06 1.641e+06
1.6057e+06 1.62918e+06 1.62858e+06 1.6466e+06
1.59095e+06 1.63701e+06 1.64892e+06 1.64735e+06
1.61651e+06 1.62299e+06 1.63937e+06 1.63812e+06
1.66566e+06 1.62956e+06 1.60076e+06 1.68103e+06
1.63242e+06 1.6271e+06 1.6482e+06 1.625e+06
1.6411e+06 1.63406e+06 1.6112e+06 1.65067e+06
1.65292e+06 1.62333e+06 1.61685e+06 1.63335e+06
1.6369e+06 1.62145e+06 1.67416e+06 1.62261e+06
1.60905e+06 1.62426e+06 1.62425e+06 1.63255e+06
1.62142e+06 1.62843e+06 1.61302e+06 1.65349e+06
1.63454e+06 1.59227e+06 1.63016e+06 1.6768e+06
1.64858e+06 1.61275e+06 1.61066e+06 1.67739e+06
1.62433e+06 1.61451e+06 1.61536e+06 1.66933e+06
1.64953e+06 1.60327e+06 1.62452e+06 1.64341e+06
1.59357e+06 1.63054e+06 1.62936e+06 1.66576e+06
1.66651e+06 1.61106e+06 1.63607e+06 1.62866e+06
1.63191e+06 1.60773e+06 1.63003e+06 1.67362e+06
1.64603e+06 1.59106e+06 1.63622e+06 1.63313e+06
1.61818e+06 1.62262e+06 1.62545e+06 1.64634e+06
1.63009e+06 1.59745e+06 1.67407e+06 1.64939e+06
1.63325e+06 1.59499e+06 1.64878e+06 1.63711e+06
1.60615e+06 1.61053e+06 1.63978e+06 1.66333e+06
1.63802e+06 1.59866e+06 1.62289e+06 1.66526e+06
1.63466e+06 1.60397e+06 1.61944e+06 1.66774e+06
1.62022e+06 1.60836e+06 1.64154e+06 1.64281e+06
1.62193e+06 1.62204e+06 1.65415e+06 1.63097e+06
1.60646e+06 1.61985e+06 1.62398e+06 1.66101e+06
1.60794e+06 1.63166e+06 1.62524e+06 1.64251e+06
1.64578e+06 1.62438e+06 1.61088e+06 1.6587e+06
1.62539e+06 1.60984e+06 1.61941e+06 1.64032e+06
1.6429e+06 1.63016e+06 1.61514e+06 1.64391e+06
1.65503e+06 1.60951e+06 1.65022e+06 1.61545e+06
1.62818e+06 1.61235e+06 1.6515e+06 1.6306e+06
1.63824e+06 1.59776e+06 1.63116e+06 1.63409e+06
1.64299e+06 1.60009e+06 1.62127e+06 1.6533e+06
1.64311e+06 1.60732e+06 1.62965e+06 1.63374e+06
1.63327e+06 1.61498e+06 1.63789e+06 1.6307e+06
1.62776e+06 1.62182e+06 1.63518e+06 1.63473e+06
1.64407e+06 1.62655e+06 1.63336e+06 1.61602e+06
1.64017e+06 1.6238e+06 1.64888e+06 1.61021e+06
1.63505e+06 1.60012e+06 1.62868e+06 1.63891e+06
1.63195e+06 1.61217e+06 1.63392e+06 1.63842e+06
1.64181e+06 1.62043e+06 1.63006e+06 1.62268e+06
1.60698e+06 1.61412e+06 1.65162e+06 1.6432e+06
1.64265e+06 1.61761e+06 1.62035e+06 1.63443e+06
1.63353e+06 1.62794e+06 1.6196e+06 1.63366e+06
1.70502e+06 1.61056e+06 1.6281e+06 1.65181e+06
1.6697e+06 1.66181e+06 1.62744e+06 1.63203e+06
1.66919e+06 1.61537e+06 1.6616e+06 1.6289e+06
1.66526e+06 1.65556e+06 1.61733e+06 1.68084e+06
1.66392e+06 1.6217e+06 1.63842e+06 1.62816e+06
1.65339e+06 1.60418e+06 1.64863e+06 1.66989e+06
1.64236e+06 1.60448e+06 1.63658e+06 1.70016e+06
1.59666e+06 1.65265e+06 1.64682e+06 1.65446e+06
1.67883e+06 1.6389e+06 1.61954e+06 1.68685e+06
1.61013e+06 1.62857e+06 1.65426e+06 1.63828e+06
1.65595e+06 1.63546e+06 1.62174e+06 1.66716e+06
1.64981e+06 1.60765e+06 1.62896e+06 1.68862e+06
1.62758e+06 1.62922e+06 1.63958e+06 1.63842e+06
1.63737e+06 1.64762e+06 1.62035e+06 1.647e+06
1.6364e+06 1.61556e+06 1.63062e+06 1.67266e+06
1.6404e+06 1.64386e+06 1.63507e+06 1.63531e+06
1.62059e+06 1.63944e+06 1.6333e+06 1.67028e+06
1.61677e+06 1.65836e+06 1.62466e+06 1.64185e+06
1.62671e+06 1.62158e+06 1.63843e+06 1.66235e+06
1.63774e+06 1.62522e+06 1.62363e+06 1.64105e+06
1.65088e+06 1.60752e+06 1.65795e+06 1.63526e+06
1.64673e+06 1.61918e+06 1.6248e+06 1.6373e+06
1.63899e+06 1.6176e+06 1.63715e+06 1.66003e+06
1.66554e+06 1.60718e+06 1.63282e+06 1.64423e+06
1.64417e+06 1.6161e+06 1.64798e+06 1.6656e+06
1.66734e+06 1.61736e+06 1.63068e+06 1.63467e+06
1.62849e+06 1.61791e+06 1.63836e+06 1.64304e+06
1.65018e+06 1.61825e+06 1.62296e+06 1.6397e+06
1.6515e+06 1.60569e+06 1.64786e+06 1.63775e+06
1.6647e+06 1.60474e+06 1.63936e+06 1.63684e+06
1.67906e+06 1.62153e+06 1.63706e+06 1.64126e+06
1.67143e+06 1.61863e+06 1.67892e+06 1.64705e+06
1.6461e+06 1.62213e+06 1.6785e+06 1.66062e+06
1.66244e+06 1.61981e+06 1.65891e+06 1.65733e+06
1.67569e+06 1.60567e+06 1.55256e+06 1.64753e+06
1.66141e+06 1.54253e+06 1.63382e+06 1.61934e+06
1.64391e+06 1.5986e+06 1.60462e+06 1.55125e+06
1.58508e+06 1.65764e+06 1.60493e+06 1.60886e+06
1.57345e+06 1.58323e+06 1.65717e+06 1.61376e+06
1.55107e+06 1.57828e+06 1.62151e+06 1.62666e+06
1.62419e+06 1.62121e+06 1.61125e+06 1.55426e+06
1.60293e+06 1.63653e+06 1.62059e+06 1.59436e+06
1.65078e+06 1.60456e+06 1.56037e+06 1.60726e+06
1.66046e+06 1.55376e+06 1.63273e+06 1.56831e+06
1.635e+06 1.61068e+06 1.57964e+06 1.59669e+06
1.60513e+06 1.60191e+06 1.61012e+06 1.57965e+06
1.63739e+06 1.54369e+06 1.64254e+06 1.59299e+06
1.56369e+06 1.60134e+06 1.61686e+06 1.63638e+06
1.56137e+06 1.60461e+06 1.62481e+06 1.62245e+06
1.60412e+06 1.62589e+06 1.57188e+06 1.56596e+06
1.59013e+06 1.59742e+06 1.64889e+06 1.59018e+06
1.61291e+06 1.57553e+06 1.63504e+06 1.56488e+06
1.58585e+06 1.62803e+06 1.58531e+06 1.62564e+06
1.618e+06 1.59543e+06 1.58049e+06 1.57421e+06
1.61782e+06 1.56569e+06 1.60507e+06 1.58539e+06
1.64844e+06 1.59296e+06 1.56669e+06 1.62274e+06
1.58012e+06 1.57371e+06 1.59805e+06 1.62942e+06
1.64231e+06 1.55783e+06 1.58605e+06 1.64139e+06
1.59713e+06 1.58639e+06 1.6004e+06 1.59887e+06
1.57618e+06 1.56054e+06 1.56582e+06 1.63813e+06
1.59045e+06 1.57135e+06 1.64791e+06 1.60236e+06
1.61404e+06 1.56607e+06 1.57742e+06 1.62847e+06
1.6208e+06 1.54341e+06 1.62379e+06 1.6437e+06
1.61279e+06 1.54785e+06 1.59248e+06 1.59192e+06
1.59522e+06 1.56213e+06 1.6386e+06 1.59689e+06
1.60326e+06 1.55644e+06 1.59101e+06 1.63234e+06
1.61405e+06 1.59411e+06 1.60303e+06 1.58722e+06
1.60027e+06 1.56025e+06 1.62912e+06 1.61699e+06
1.59288e+06 1.56392e+06 1.587e+06 1.61626e+06
1.6064e+06 1.57437e+06 1.55374e+06 1.62725e+06
1.59068e+06 1.57606e+06 1.61387e+06 1.61196e+06
1.58599e+06 1.57096e+06 1.60324e+06 1.63266e+06
1.58759e+06 1.60909e+06 1.59314e+06 1.63795e+06
1.58763e+06 1.60063e+06 1.56767e+06 1.60173e+06
1.57837e+06 1.6068e+06 1.61404e+06 1.59718e+06
1.58743e+06 1.57824e+06 1.61648e+06 1.61871e+06
1.60851e+06 1.5804e+06 1.59827e+06 1.61407e+06
1.61387e+06 1.57861e+06 1.58174e+06 1.59963e+06
1.61257e+06 1.59959e+06 1.62955e+06 1.59763e+06
1.60971e+06 1.57584e+06 1.59902e+06 1.60768e+06
1.61213e+06 1.56586e+06 1.63233e+06 1.59945e+06
1.61981e+06 1.56406e+06 1.60014e+06 1.56579e+06
1.60734e+06 1.56288e+06 1.62088e+06 1.6001e+06
1.59869e+06 1.58024e+06 1.57973e+06 1.62719e+06
1.60709e+06 1.58036e+06 1.61388e+06 1.60197e+06
1.70786e+06 1.5746e+06 1.60076e+06 1.61796e+06
1.64745e+06 1.63949e+06 1.55408e+06 1.64427e+06
1.62155e+06 1.59015e+06 1.61918e+06 1.57352e+06
1.62114e+06 1.54629e+06 1.6819e+06 1.68361e+06
1.61275e+06 1.64172e+06 1.57284e+06 1.67802e+06
1.55737e+06 1.60992e+06 1.63244e+06 1.66781e+06
1.6829e+06 1.63786e+06 1.57747e+06 1.60534e+06
1.64364e+06 1.55082e+06 1.63984e+06 1.67454e+06
1.60626e+06 1.55685e+06 1.65582e+06 1.64794e+06
1.57263e+06 1.62721e+06 1.67141e+06 1.64478e+06
1.67399e+06 1.60463e+06 1.57149e+06 1.61432e+06
1.67275e+06 1.57016e+06 1.65258e+06 1.58478e+06
1.63573e+06 1.62916e+06 1.56133e+06 1.64548e+06
1.63558e+06 1.55362e+06 1.64242e+06 1.65889e+06
1.66804e+06 1.57972e+06 1.60632e+06 1.60061e+06
1.62908e+06 1.57502e+06 1.61478e+06 1.57569e+06
1.65472e+06 1.56291e+06 1.59564e+06 1.63116e+06
1.56282e+06 1.59609e+06 1.62307e+06 1.64481e+06
1.57301e+06 1.6181e+06 1.64371e+06 1.63213e+06
1.63086e+06 1.5523e+06 1.66228e+06 1.62688e+06
1.62088e+06 1.63522e+06 1.62121e+06 1.59704e+06
1.65037e+06 1.62569e+06 1.61352e+06 1.58527e+06
1.58225e+06 1.63105e+06 1.63052e+06 1.63456e+06
1.60002e+06 1.57492e+06 1.67349e+06 1.62842e+06
1.62498e+06 1.59222e+06 1.61395e+06 1.59131e+06
1.63453e+06 1.56693e+06 1.58089e+06 1.6365e+06
1.59876e+06 1.61733e+06 1.57873e+06 1.66135e+06
1.64217e+06 1.60309e+06 1.59435e+06 1.58976e+06
1.58998e+06 1.57841e+06 1.62378e+06 1.62312e+06
1.61793e+06 1.56339e+06 1.61811e+06 1.61907e+06
1.61427e+06 1.60593e+06 1.59083e+06 1.63272e+06
1.62068e+06 1.56069e+06 1.63452e+06 1.6361e+06
1.5978e+06 1.61034e+06 1.62768e+06 1.61708e+06
1.61726e+06 1.55331e+06 1.65148e+06 1.60316e+06
1.58636e+06 1.61531e+06 1.62188e+06 1.59977e+06
1.61897e+06 1.57162e+06 1.60842e+06 1.61437e+06
1.6139e+06 1.62246e+06 1.61137e+06 1.61285e+06
1.62489e+06 1.57964e+06 1.56049e+06 1.66028e+06
1.63955e+06 1.57888e+06 1.58475e+06 1.62478e+06
1.61126e+06 1.6139e+06 1.60433e+06 1.62982e+06
1.60967e+06 1.59842e+06 1.57687e+06 1.6337e+06
1.609e+06 1.62113e+06 1.59996e+06 1.61835e+06
1.60399e+06 1.561e+06 1.59003e+06 1.64125e+06
1.61915e+06 1.55642e+06 1.64097e+06 1.61195e+06
1.6222e+06 1.58715e+06 1.59611e+06 1.59918e+06
1.6328e+06 1.60054e+06 1.58698e+06 1.62639e+06
1.61764e+06 1.58564e+06 1.58726e+06 1.66611e+06
1.61524e+06 1.60205e+06 1.65879e+06 1.59808e+06
1.59417e+06 1.56982e+06 1.60285e+06 1.63377e+06
1.62453e+06 1.58772e+06 1.58392e+06 1.64732e+06
1.62788e+06 1.58155e+06 1.62659e+06 1.59899e+06
1.59616e+06 1.59547e+06 1.57566e+06 1.66643e+06
1.57749e+06 1.63543e+06 1.61757e+06 1.63956e+06
1.5765e+06 1.58334e+06 1.63031e+06 1.63644e+06
1.62052e+06 1.61969e+06 1.57896e+06 1.60194e+06
1.63072e+06 1.59375e+06 1.58846e+06 1.61052e+06
1.60546e+06 1.58132e+06 1.6376e+06 1.62223e+06
1.60913e+06 1.56816e+06 1.59401e+06 1.63938e+06
1.6087e+06 1.59548e+06 1.60512e+06 1.62212e+06
1.6069e+06 1.5765e+06 1.63343e+06 1.61489e+06
1.60264e+06 1.57938e+06 1.63903e+06 1.60368e+06
1.58019e+06 1.60232e+06 1.6043e+06 1.64446e+06
1.60096e+06 1.57488e+06 1.65846e+06 1.61539e+06
1.58256e+06 1.60116e+06 1.60362e+06 1.63406e+06
1.61438e+06 1.5883e+06 1.60544e+06 1.629e+06
1.58659e+06 1.56798e+06 1.58765e+06 1.63964e+06
1.61487e+06 1.60098e+06 1.58118e+06 1.60618e+06
1.62014e+06 1.62483e+06 1.61999e+06 1.60045e+06
1.61994e+06 1.60498e+06 1.59322e+06 1.60194e+06
1.62741e+06 1.60099e+06 1.61663e+06 1.59065e+06
1.61234e+06 1.57747e+06 1.61318e+06 1.63128e+06
1.64116e+06 1.55256e+06 1.61882e+06 1.61585e+06
1.62107e+06 1.59284e+06 1.60226e+06 1.62338e+06
1.60942e+06 1.56142e+06 1.64049e+06 1.63071e+06
1.61688e+06 1.59519e+06 1.58809e+06 1.62565e+06
1.60475e+06 1.59423e+06 1.60079e+06 1.63105e+06
1.59793e+06 1.58749e+06 1.63273e+06 1.60801e+06
1.62776e+06 1.58401e+06 1.58862e+06 1.61481e+06
1.59673e+06 1.58048e+06 1.61356e+06 1.62571e+06
1.60614e+06 1.5876e+06 1.61282e+06 1.60787e+06
1.61751e+06 1.56776e+06 1.61641e+06 1.62992e+06
1.61472e+06 1.59053e+06 1.63406e+06 1.60609e+06
1.60555e+06 1.58148e+06 1.60984e+06 1.62733e+06
1.63106e+06 1.56099e+06 1.6035e+06 1.60313e+06
1.60572e+06 1.59606e+06 1.62019e+06 1.61408e+06
1.60937e+06 1.57853e+06 1.62986e+06 1.61623e+06
1.62092e+06 1.59336e+06 1.61911e+06 1.6043e+06
1.6221e+06 1.58515e+06 1.58429e+06 1.6448e+06
1.61265e+06 1.60057e+06 1.61048e+06 1.61635e+06
1.62123e+06 1.58746e+06 1.6198e+06 1.60187e+06
1.62037e+06 1.57871e+06 1.60265e+06 1.60594e+06
1.67463e+06 1.60623e+06 1.58682e+06 1.63619e+06
1.65099e+06 1.58e+06 1.63829e+06 1.57668e+06
1.63663e+06 1.62738e+06 1.56379e+06 1.66503e+06
1.63545e+06 1.5733e+06 1.60671e+06 1.68348e+06
1.62098e+06 1.58454e+06 1.68321e+06 1.61121e+06
1.62026e+06 1.55372e+06 1.65478e+06 1.64234e+06
1.57903e+06 1.66454e+06 1.62087e+06 1.6693e+06
1.67122e+06 1.62126e+06 1.58198e+06 1.60558e+06
1.66502e+06 1.60558e+06 1.61529e+06 1.5808e+06
1.62282e+06 1.57065e+06 1.66312e+06 1.63883e+06
1.62635e+06 1.5943e+06 1.67634e+06 1.60165e+06
1.63952e+06 1.6497e+06 1.58538e+06 1.64945e+06
1.60798e+06 1.59742e+06 1.59984e+06 1.67031e+06
1.59064e+06 1.65936e+06 1.62202e+06 1.6313e+06
1.65375e+06 1.57754e+06 1.62081e+06 1.59046e+06
1.61774e+06 1.63641e+06 1.62589e+06 1.61917e+06
1.58758e+06 1.57388e+06 1.62315e+06 1.6577e+06
1.62899e+06 1.58193e+06 1.64829e+06 1.59926e+06
1.65582e+06 1.66107e+06 1.60324e+06 1.59826e+06
1.64499e+06 1.63094e+06 1.60527e+06 1.59396e+06
1.64869e+06 1.55954e+06 1.63453e+06 1.62402e+06
1.66034e+06 1.61949e+06 1.5878e+06 1.62135e+06
1.65786e+06 1.55439e+06 1.62261e+06 1.61947e+06
1.61947e+06 1.64587e+06 1.6201e+06 1.60718e+06
1.6384e+06 1.56202e+06 1.65382e+06 1.62302e+06
1.60321e+06 1.59699e+06 1.65563e+06 1.63577e+06
1.63755e+06 1.56605e+06 1.61488e+06 1.65843e+06
1.58229e+06 1.61082e+06 1.6203e+06 1.6511e+06
1.5892e+06 1.61007e+06 1.61745e+06 1.65846e+06
1.62165e+06 1.58432e+06 1.61037e+06 1.6617e+06
1.62629e+06 1.64164e+06 1.60491e+06 1.61819e+06
1.59498e+06 1.61094e+06 1.60082e+06 1.64826e+06
1.60734e+06 1.62357e+06 1.62936e+06 1.60416e+06
1.59392e+06 1.6024e+06 1.63846e+06 1.63041e+06
1.63385e+06 1.57622e+06 1.6406e+06 1.64494e+06
1.60218e+06 1.61166e+06 1.63599e+06 1.63429e+06
1.61964e+06 1.6131e+06 1.59672e+06 1.62727e+06
1.64614e+06 1.60904e+06 1.58485e+06 1.64675e+06
1.6115e+06 1.57702e+06 1.60988e+06 1.66604e+06
1.60982e+06 1.58712e+06 1.59465e+06 1.65373e+06
1.60054e+06 1.62776e+06 1.63434e+06 1.6118e+06
1.58105e+06 1.59685e+06 1.63099e+06 1.66684e+06
1.63428e+06 1.57998e+06 1.64345e+06 1.59887e+06
1.64256e+06 1.5915e+06 1.6106e+06 1.60288e+06
1.6092e+06 1.5965e+06 1.64199e+06 1.63254e+06
1.63216e+06 1.618e+06 1.609e+06 1.60129e+06
1.64727e+06 1.57826e+06 1.59908e+06 1.64144e+06
1.62304e+06 1.58355e+06 1.65184e+06 1.61144e+06
1.64121e+06 1.59793e+06 1.58826e+06 1.63993e+06
1.63994e+06 1.57968e+06 1.59101e+06 1.65442e+06
1.60394e+06 1.58887e+06 1.6278e+06 1.64692e+06
1.59276e+06 1.58991e+06 1.63983e+06 1.63779e+06
1.59948e+06 1.59738e+06 1.60907e+06 1.64381e+06
1.6362e+06 1.64038e+06 1.62847e+06 1.59273e+06
1.60724e+06 1.61589e+06 1.63267e+06 1.61386e+06
1.62115e+06 1.6433e+06 1.62224e+06 1.60095e+06
1.66868e+06 1.58786e+06 1.61802e+06 1.60557e+06
1.62771e+06 1.60646e+06 1.61657e+06 1.60542e+06
1.64363e+06 1.58715e+06 1.6002e+06 1.62855e+06
1.62374e+06 1.59317e+06 1.59575e+06 1.64151e+06
1.61917e+06 1.61482e+06 1.63065e+06 1.63203e+06
1.64861e+06 1.61944e+06 1.63532e+06 1.57924e+06
1.62324e+06 1.60115e+06 1.58408e+06 1.6516e+06
1.63015e+06 1.59063e+06 1.59648e+06 1.62511e+06
1.65326e+06 1.62245e+06 1.58959e+06 1.63759e+06
1.6135e+06 1.61648e+06 1.6309e+06 1.64189e+06
1.60982e+06 1.60114e+06 1.63237e+06 1.622e+06
1.61553e+06 1.57766e+06 1.62427e+06 1.63987e+06
1.5904e+06 1.60216e+06 1.60307e+06 1.64367e+06
1.61538e+06 1.63761e+06 1.62122e+06 1.62064e+06
1.66938e+06 1.62211e+06 1.61043e+06 1.59975e+06
1.65495e+06 1.57082e+06 1.61176e+06 1.62006e+06
1.62242e+06 1.5928e+06 1.60784e+06 1.60993e+06
1.63695e+06 1.57117e+06 1.63386e+06 1.61571e+06
1.641e+06 1.59079e+06 1.62238e+06 1.59595e+06
1.64825e+06 1.62965e+06 1.5863e+06 1.63882e+06
1.59966e+06 1.61732e+06 1.63898e+06 1.6165e+06
1.63514e+06 1.57402e+06 1.62968e+06 1.64057e+06
1.6376e+06 1.57179e+06 1.61367e+06 1.61704e+06
1.60515e+06 1.61203e+06 1.63468e+06 1.62211e+06
1.63864e+06 1.60196e+06 1.62431e+06 1.59582e+06
1.60968e+06 1.60665e+06 1.59088e+06 1.6448e+06
1.64333e+06 1.58744e+06 1.6182e+06 1.60682e+06
1.63034e+06 1.59279e+06 1.59951e+06 1.61486e+06
1.59966e+06 1.60236e+06 1.59204e+06 1.65786e+06
1.60471e+06 1.58304e+06 1.61349e+06 1.64834e+06
1.63897e+06 1.59733e+06 1.60115e+06 1.61006e+06
1.63456e+06 1.63907e+06 1.61156e+06 1.60103e+06
1.6358e+06 1.58586e+06 1.60729e+06 1.63739e+06
1.58133e+06 1.59441e+06 1.63489e+06 1.63671e+06
1.61445e+06 1.6226e+06 1.61127e+06 1.6388e+06
1.61507e+06 1.58828e+06 1.61335e+06 1.64174e+06
1.61543e+06 1.58537e+06 1.6404e+06 1.6135e+06
1.61821e+06 1.63003e+06 1.60689e+06 1.63447e+06
1.63514e+06 1.60116e+06 1.62854e+06 1.57975e+06
1.62861e+06 1.59279e+06 1.6402e+06 1.60158e+06
1.64539e+06 1.61266e+06 1.5963e+06 1.63857e+06
1.62353e+06 1.59511e+06 1.58902e+06 1.64166e+06
1.61019e+06 1.57983e+06 1.64031e+06 1.62279e+06
1.61998e+06 1.57924e+06 1.61502e+06 1.61743e+06
1.61955e+06 1.59022e+06 1.63034e+06 1.63486e+06
1.66922e+06 1.58738e+06 1.608e+06 1.61109e+06
1.64568e+06 1.59598e+06 1.59981e+06 1.60682e+06
1.6541e+06 1.58738e+06 1.61149e+06 1.61722e+06
1.62365e+06 1.5794e+06 1.60695e+06 1.64459e+06
1.63882e+06 1.57938e+06 1.62846e+06 1.57953e+06
1.70373e+06 1.58901e+06 1.62176e+06 1.6202e+06
1.68599e+06 1.64416e+06 1.58893e+06 1.64404e+06
1.67375e+06 1.58906e+06 1.672e+06 1.58241e+06
1.66086e+06 1.55928e+06 1.63277e+06 1.63664e+06
1.63754e+06 1.62642e+06 1.65705e+06 1.58078e+06
1.6311e+06 1.58134e+06 1.61528e+06 1.69386e+06
1.63071e+06 1.6604e+06 1.65624e+06 1.60608e+06
1.59018e+06 1.61042e+06 1.64228e+06 1.65434e+06
1.61576e+06 1.60884e+06 1.66594e+06 1.61912e+06
1.62133e+06 1.65401e+06 1.64274e+06 1.61262e+06
1.68855e+06 1.62402e+06 1.60288e+06 1.61479e+06
1.61247e+06 1.63328e+06 1.6522e+06 1.61083e+06
1.65336e+06 1.59717e+06 1.65e+06 1.58764e+06
1.64999e+06 1.56782e+06 1.63512e+06 1.62672e+06
1.62639e+06 1.57967e+06 1.63627e+06 1.69193e+06
1.68472e+06 1.58474e+06 1.63993e+06 1.61905e+06
1.61441e+06 1.62212e+06 1.60742e+06 1.68013e+06
1.6691e+06 1.57639e+06 1.61341e+06 1.62991e+06
1.59632e+06 1.64001e+06 1.63015e+06 1.67523e+06
1.64802e+06 1.62763e+06 1.62021e+06 1.60192e+06
1.6602e+06 1.60646e+06 1.59334e+06 1.64818e+06
1.59954e+06 1.62406e+06 1.61568e+06 1.65723e+06
1.64531e+06 1.61674e+06 1.59863e+06 1.62986e+06
1.61033e+06 1.63592e+06 1.63176e+06 1.64881e+06
1.59806e+06 1.62235e+06 1.61221e+06 1.6651e+06
1.62383e+06 1.58318e+06 1.67014e+06 1.6393e+06
1.6458e+06 1.58783e+06 1.63282e+06 1.59635e+06
1.60567e+06 1.59906e+06 1.6374e+06 1.64062e+06
1.65102e+06 1.60718e+06 1.61801e+06 1.61324e+06
1.66435e+06 1.57192e+06 1.62104e+06 1.63506e+06
1.6295e+06 1.64194e+06 1.61172e+06 1.61479e+06
1.64037e+06 1.58813e+06 1.62875e+06 1.59281e+06
1.64179e+06 1.58383e+06 1.61622e+06 1.67251e+06
1.6066e+06 1.58588e+06 1.62649e+06 1.67836e+06
1.59491e+06 1.61409e+06 1.64694e+06 1.63906e+06
1.61624e+06 1.62778e+06 1.61915e+06 1.65268e+06
1.59081e+06 1.60065e+06 1.63984e+06 1.67901e+06
1.66106e+06 1.58351e+06 1.60867e+06 1.67027e+06
1.64976e+06 1.57531e+06 1.65029e+06 1.6231e+06
1.65518e+06 1.62212e+06 1.60881e+06 1.61373e+06
1.64023e+06 1.57769e+06 1.62433e+06 1.65138e+06
1.62854e+06 1.6197e+06 1.64718e+06 1.61534e+06
1.64886e+06 1.60599e+06 1.6227e+06 1.60746e+06
1.63214e+06 1.6195e+06 1.60712e+06 1.6274e+06
1.63835e+06 1.63672e+06 1.60195e+06 1.62682e+06
1.64245e+06 1.581e+06 1.62676e+06 1.64879e+06
1.62594e+06 1.59084e+06 1.62533e+06 1.64491e+06
1.6344e+06 1.58475e+06 1.64578e+06 1.62108e+06
1.59791e+06 1.58728e+06 1.6385e+06 1.6589e+06
1.62187e+06 1.60339e+06 1.59342e+06 1.66343e+06
1.63251e+06 1.5951e+06 1.6314e+06 1.61787e+06
1.61405e+06 1.61156e+06 1.64454e+06 1.6249e+06
1.63774e+06 1.60178e+06 1.60049e+06 1.62954e+06
1.62221e+06 1.6365e+06 1.60958e+06 1.63713e+06
1.66466e+06 1.59992e+06 1.59652e+06 1.63731e+06
1.6186e+06 1.62327e+06 1.60527e+06 1.65546e+06
1.63939e+06 1.5996e+06 1.63531e+06 1.60935e+06
1.64038e+06 1.59664e+06 1.62088e+06 1.64234e+06
1.61385e+06 1.61267e+06 1.63628e+06 1.63801e+06
1.63495e+06 1.62297e+06 1.60423e+06 1.63301e+06
1.63659e+06 1.58272e+06 1.65096e+06 1.61437e+06
1.62032e+06 1.61095e+06 1.59486e+06 1.65358e+06
1.60577e+06 1.61566e+06 1.63311e+06 1.66049e+06
1.63833e+06 1.605e+06 1.63704e+06 1.61626e+06
1.63993e+06 1.60593e+06 1.59644e+06 1.66014e+06
1.61099e+06 1.5984e+06 1.60393e+06 1.69283e+06
1.64807e+06 1.58703e+06 1.64374e+06 1.62827e+06
1.66353e+06 1.59932e+06 1.60545e+06 1.65637e+06
1.64743e+06 1.59247e+06 1.59459e+06 1.65668e+06
1.63735e+06 1.62059e+06 1.60399e+06 1.63121e+06
1.61729e+06 1.60374e+06 1.62194e+06 1.64711e+06
1.64757e+06 1.61474e+06 1.59733e+06 1.65234e+06
1.66323e+06 1.60398e+06 1.60755e+06 1.61614e+06
1.61131e+06 1.60262e+06 1.62442e+06 1.64724e+06
1.64642e+06 1.59362e+06 1.61386e+06 1.63425e+06
1.63646e+06 1.62044e+06 1.60494e+06 1.62798e+06
1.6222e+06 1.59393e+06 1.64339e+06 1.62384e+06
1.61757e+06 1.59858e+06 1.60089e+06 1.6581e+06
1.62164e+06 1.62127e+06 1.62915e+06 1.63528e+06
1.62038e+06 1.59677e+06 1.62874e+06 1.63998e+06
1.61636e+06 1.59332e+06 1.6148e+06 1.67099e+06
1.62102e+06 1.6035e+06 1.63402e+06 1.62126e+06
1.61052e+06 1.60959e+06 1.60806e+06 1.65777e+06
1.64e+06 1.57912e+06 1.62952e+06 1.65333e+06
1.62152e+06 1.5817e+06 1.62598e+06 1.64453e+06
1.615e+06 1.60022e+06 1.63006e+06 1.6545e+06
1.639e+06 1.59739e+06 1.63054e+06 1.63363e+06
1.61279e+06 1.59114e+06 1.65007e+06 1.62474e+06
1.61596e+06 1.58767e+06 1.63361e+06 1.67122e+06
1.63766e+06 1.59638e+06 1.63097e+06 1.62325e+06
1.66022e+06 1.59205e+06 1.62112e+06 1.63345e+06
1.6253e+06 1.61557e+06 1.61437e+06 1.61585e+06
1.62525e+06 1.62297e+06 1.59679e+06 1.63852e+06
1.60595e+06 1.60287e+06 1.6083e+06 1.65382e+06
1.63797e+06 1.59099e+06 1.63438e+06 1.64007e+06
1.62431e+06 1.61484e+06 1.63031e+06 1.61551e+06
1.62429e+06 1.5987e+06 1.60879e+06 1.61767e+06
1.63089e+06 1.58581e+06 1.60717e+06 1.65301e+06
1.63754e+06 1.58064e+06 1.63519e+06 1.63952e+06
1.68748e+06 1.59071e+06 1.64109e+06 1.6086e+06
1.68118e+06 1.60187e+06 1.5947e+06 1.66634e+06
1.65506e+06 1.56951e+06 1.66693e+06 1.63417e+06
1.65354e+06 1.60708e+06 1.66696e+06 1.59662e+06
1.64601e+06 1.64153e+06 1.60043e+06 1.6528e+06
1.62229e+06 1.6093e+06 1.59691e+06 1.69703e+06
1.60262e+06 1.63062e+06 1.61863e+06 1.65772e+06
1.66332e+06 1.57085e+06 1.63354e+06 1.67112e+06
1.64656e+06 1.58778e+06 1.63185e+06 1.67976e+06
1.66523e+06 1.58095e+06 1.64163e+06 1.66223e+06
1.62944e+06 1.60442e+06 1.61139e+06 1.68788e+06
1.65264e+06 1.58191e+06 1.65214e+06 1.64274e+06
1.67064e+06 1.62456e+06 1.63419e+06 1.60938e+06
1.6085e+06 1.63408e+06 1.66331e+06 1.64359e+06
1.64359e+06 1.63974e+06 1.63472e+06 1.6024e+06
1.64356e+06 1.59099e+06 1.65666e+06 1.62465e+06
1.64174e+06 1.61391e+06 1.60845e+06 1.66522e+06
1.6318e+06 1.61804e+06 1.64342e+06 1.61814e+06
1.66026e+06 1.593e+06 1.62684e+06 1.65036e+06
1.64573e+06 1.6104e+06 1.60097e+06 1.65955e+06
1.62594e+06 1.63763e+06 1.63022e+06 1.62315e+06
1.60788e+06 1.62039e+06 1.66369e+06 1.64842e+06
1.61523e+06 1.60168e+06 1.64035e+06 1.66386e+06
1.61581e+06 1.61205e+06 1.61521e+06 1.65432e+06
1.61878e+06 1.61531e+06 1.6476e+06 1.65418e+06
1.63951e+06 1.5996e+06 1.66167e+06 1.61862e+06
1.63954e+06 1.59551e+06 1.63253e+06 1.61871e+06
1.62224e+06 1.62653e+06 1.63665e+06 1.64128e+06
1.61714e+06 1.61457e+06 1.66282e+06 1.6395e+06
1.64427e+06 1.59258e+06 1.6265e+06 1.66923e+06
1.65521e+06 1.63251e+06 1.61148e+06 1.62594e+06
1.62533e+06 1.60786e+06 1.63859e+06 1.63467e+06
1.64517e+06 1.599e+06 1.62238e+06 1.61789e+06
1.61929e+06 1.63257e+06 1.66108e+06 1.63424e+06
1.65342e+06 1.60587e+06 1.63521e+06 1.61284e+06
1.65086e+06 1.58563e+06 1.64755e+06 1.63038e+06
1.66713e+06 1.61328e+06 1.5965e+06 1.6594e+06
1.60525e+06 1.62585e+06 1.63509e+06 1.6585e+06
1.62698e+06 1.60675e+06 1.6201e+06 1.66753e+06
1.68274e+06 1.61463e+06 1.61053e+06 1.62766e+06
1.62932e+06 1.62475e+06 1.61642e+06 1.6164e+06
1.63106e+06 1.60008e+06 1.6122e+06 1.63021e+06
1.62892e+06 1.61853e+06 1.6418e+06 1.62012e+06
1.62482e+06 1.611e+06 1.62258e+06 1.64286e+06
1.64902e+06 1.58703e+06 1.62711e+06 1.65126e+06
1.62517e+06 1.62106e+06 1.6471e+06 1.64079e+06
1.62204e+06 1.58876e+06 1.62923e+06 1.64719e+06
1.64476e+06 1.58545e+06 1.63331e+06 1.64638e+06
1.64604e+06 1.59188e+06 1.64384e+06 1.61821e+06
1.6206e+06 1.60825e+06 1.62858e+06 1.6474e+06
1.64164e+06 1.61341e+06 1.63271e+06 1.61439e+06
1.62721e+06 1.62316e+06 1.61879e+06 1.62075e+06
1.62304e+06 1.6069e+06 1.62781e+06 1.64588e+06
1.62733e+06 1.62207e+06 1.6413e+06 1.6277e+06
1.63057e+06 1.61115e+06 1.64046e+06 1.62885e+06
1.6695e+06 1.60745e+06 1.61068e+06 1.64332e+06
1.62578e+06 1.61377e+06 1.61001e+06 1.64047e+06
1.64912e+06 1.61029e+06 1.6107e+06 1.64182e+06
1.63072e+06 1.61504e+06 1.61168e+06 1.62203e+06
1.63062e+06 1.59043e+06 1.62798e+06 1.65051e+06
1.67048e+06 1.60154e+06 1.6113e+06 1.6595e+06
1.61888e+06 1.61004e+06 1.63488e+06 1.65244e+06
1.69151e+06 1.63034e+06 1.61127e+06 1.68073e+06
1.64978e+06 1.58706e+06 1.67046e+06 1.65397e+06
1.64442e+06 1.61595e+06 1.65877e+06 1.61686e+06
1.62341e+06 1.64242e+06 1.68104e+06 1.6512e+06
1.61362e+06 1.63067e+06 1.63189e+06 1.67222e+06
1.61792e+06 1.62862e+06 1.61588e+06 1.6698e+06
1.63354e+06 1.59135e+06 1.64765e+06 1.65963e+06
1.66593e+06 1.61131e+06 1.62582e+06 1.62315e+06
1.62979e+06 1.63704e+06 1.6407e+06 1.62078e+06
1.68238e+06 1.59973e+06 1.62808e+06 1.65711e+06
1.65513e+06 1.60668e+06 1.66279e+06 1.62802e+06
1.67334e+06 1.60339e+06 1.62598e+06 1.65087e+06
1.62808e+06 1.62366e+06 1.65043e+06 1.64713e+06
1.66079e+06 1.61526e+06 1.64797e+06 1.62541e+06
1.64038e+06 1.62559e+06 1.62093e+06 1.63858e+06
1.62392e+06 1.60664e+06 1.64944e+06 1.67761e+06
1.63541e+06 1.61824e+06 1.63507e+06 1.6304e+06
1.63474e+06 1.6318e+06 1.61943e+06 1.64428e+06
1.64459e+06 1.6249e+06 1.62444e+06 1.63647e+06
1.63236e+06 1.59712e+06 1.62822e+06 1.67932e+06
1.62529e+06 1.59762e+06 1.64023e+06 1.6572e+06
1.65818e+06 1.60779e+06 1.65558e+06 1.61788e+06
1.65923e+06 1.60026e+06 1.62967e+06 1.67526e+06
1.62313e+06 1.62125e+06 1.6289e+06 1.6566e+06
1.64261e+06 1.63535e+06 1.61573e+06 1.65033e+06
1.63704e+06 1.6075e+06 1.6232e+06 1.64222e+06
1.61661e+06 1.62226e+06 1.62207e+06 1.65873e+06
1.63103e+06 1.6153e+06 1.63632e+06 1.63272e+06
1.65063e+06 1.5934e+06 1.64786e+06 1.65419e+06
1.63161e+06 1.60699e+06 1.65376e+06 1.6396e+06
1.6718e+06 1.61589e+06 1.62481e+06 1.61797e+06
1.65031e+06 1.62062e+06 1.61278e+06 1.62987e+06
1.66177e+06 1.59848e+06 1.64037e+06 1.65467e+06
1.65178e+06 1.63438e+06 1.62667e+06 1.62009e+06
1.65538e+06 1.63664e+06 1.62317e+06 1.61858e+06
1.65939e+06 1.60861e+06 1.62724e+06 1.63632e+06
1.62866e+06 1.63337e+06 1.64786e+06 1.65383e+06
1.64266e+06 1.6194e+06 1.64768e+06 1.62715e+06
1.63605e+06 1.61024e+06 1.61226e+06 1.65871e+06
1.63118e+06 1.60249e+06 1.62668e+06 1.64063e+06
1.64237e+06 1.6019e+06 1.62098e+06 1.65955e+06
1.63427e+06 1.60044e+06 1.62656e+06 1.65495e+06
1.63546e+06 1.61068e+06 1.62754e+06 1.63396e+06
1.64152e+06 1.63129e+06 1.62515e+06 1.6334e+06
1.63149e+06 1.61055e+06 1.62026e+06 1.64572e+06
1.65003e+06 1.61041e+06 1.63577e+06 1.62757e+06
1.65006e+06 1.63071e+06 1.62629e+06 1.62015e+06
1.67179e+06 1.61641e+06 1.6346e+06 1.6456e+06
1.66773e+06 1.61058e+06 1.66494e+06 1.61968e+06
1.64247e+06 1.60114e+06 1.65129e+06 1.66287e+06
1.63983e+06 1.6231e+06 1.61464e+06 1.65958e+06
1.62207e+06 1.64796e+06 1.62809e+06 1.6676e+06
1.64336e+06 1.63492e+06 1.63164e+06 1.63422e+06
1.62993e+06 1.63785e+06 1.6409e+06 1.64184e+06
1.66566e+06 1.61311e+06 1.61741e+06 1.65878e+06
1.66936e+06 1.61079e+06 1.65997e+06 1.62068e+06
1.6563e+06 1.61592e+06 1.64599e+06 1.6355e+06
1.63642e+06 1.61945e+06 1.62767e+06 1.65321e+06
1.63497e+06 1.62541e+06 1.66107e+06 1.63489e+06
1.63209e+06 1.61023e+06 1.6353e+06 1.65566e+06
1.6535e+06 1.60284e+06 1.62801e+06 1.64954e+06
1.64125e+06 1.61724e+06 1.63159e+06 1.63822e+06
1.65393e+06 1.60796e+06 1.6387e+06 1.64296e+06
1.63885e+06 1.60333e+06 1.63094e+06 1.65108e+06
1.63374e+06 1.60721e+06 1.63081e+06 1.66178e+06
1.63293e+06 1.60761e+06 1.64302e+06 1.64355e+06
1.63982e+06 1.612e+06 1.62855e+06 1.64943e+06
1.67435e+06 1.62802e+06 1.63269e+06 1.65568e+06
1.67055e+06 1.62419e+06 1.62705e+06 1.70592e+06
1.66429e+06 1.6032e+06 1.63655e+06 1.66948e+06
1.65272e+06 1.62077e+06 1.67014e+06 1.64338e+06
1.64735e+06 1.63242e+06 1.61926e+06 1.68445e+06
1.64186e+06 1.65785e+06 1.63994e+06 1.6392e+06
1.63104e+06 1.63785e+06 1.64238e+06 1.65214e+06
1.63505e+06 1.64298e+06 1.64263e+06 1.646e+06
1.64247e+06 1.61327e+06 1.65405e+06 1.64447e+06
1.64337e+06 1.61292e+06 1.63227e+06 1.67998e+06
1.65698e+06 1.6161e+06 1.64172e+06 1.6695e+06
1.64063e+06 1.6292e+06 1.6214e+06 1.66807e+06
1.64781e+06 1.63058e+06 1.63679e+06 1.66326e+06
1.67179e+06 1.62829e+06 1.6399e+06 1.64263e+06
1.67605e+06 1.63654e+06 1.62823e+06 1.6885e+06
1.6634e+06 1.64174e+06 1.66049e+06 1.65497e+06
1.6747e+06 1.55672e+06 1.56332e+06 1.57231e+06
1.64432e+06 1.56653e+06 1.60052e+06 1.68092e+06
1.62134e+06 1.63131e+06 1.58552e+06 1.58809e+06
1.61738e+06 1.62929e+06 1.64904e+06 1.54959e+06
1.60729e+06 1.58292e+06 1.54421e+06 1.63558e+06
1.59704e+06 1.54384e+06 1.6348e+06 1.64426e+06
1.5704e+06 1.61699e+06 1.65347e+06 1.58002e+06
1.55711e+06 1.61389e+06 1.5774e+06 1.6732e+06
1.62942e+06 1.58648e+06 1.64496e+06 1.56692e+06
1.576e+06 1.62044e+06 1.57003e+06 1.59911e+06
1.6671e+06 1.5549e+06 1.61912e+06 1.60474e+06
1.59229e+06 1.54675e+06 1.63017e+06 1.64298e+06
1.58555e+06 1.58363e+06 1.5974e+06 1.65758e+06
1.62864e+06 1.60854e+06 1.55926e+06 1.62351e+06
1.61179e+06 1.56265e+06 1.60864e+06 1.65921e+06
1.57874e+06 1.58272e+06 1.64265e+06 1.59079e+06
1.59061e+06 1.62264e+06 1.6024e+06 1.57324e+06
1.65454e+06 1.60438e+06 1.57977e+06 1.58019e+06
1.62131e+06 1.58937e+06 1.58461e+06 1.63264e+06
1.56537e+06 1.60883e+06 1.61894e+06 1.65252e+06
1.6642e+06 1.5934e+06 1.58146e+06 1.61371e+06
1.5688e+06 1.6264e+06 1.61262e+06 1.63917e+06
1.56576e+06 1.57041e+06 1.61487e+06 1.62522e+06
1.59776e+06 1.54476e+06 1.61011e+06 1.60677e+06
1.59598e+06 1.59709e+06 1.58835e+06 1.62732e+06
1.6334e+06 1.57665e+06 1.57344e+06 1.64976e+06
1.60617e+06 1.60359e+06 1.58833e+06 1.59988e+06
1.64304e+06 1.57733e+06 1.62673e+06 1.58276e+06
1.58805e+06 1.56661e+06 1.58952e+06 1.58309e+06
1.6382e+06 1.56112e+06 1.61287e+06 1.58737e+06
1.61589e+06 1.57904e+06 1.57207e+06 1.64793e+06
1.61334e+06 1.55787e+06 1.60528e+06 1.6343e+06
1.64211e+06 1.59455e+06 1.57442e+06 1.62175e+06
1.63529e+06 1.6003e+06 1.57484e+06 1.62629e+06
1.6268e+06 1.56605e+06 1.6188e+06 1.585e+06
1.59732e+06 1.60682e+06 1.58464e+06 1.61718e+06
1.62483e+06 1.59318e+06 1.58615e+06 1.62213e+06
1.65061e+06 1.56955e+06 1.57386e+06 1.62535e+06
1.64754e+06 1.55514e+06 1.60533e+06 1.6116e+06
1.63644e+06 1.56368e+06 1.64284e+06 1.60536e+06
1.58602e+06 1.58118e+06 1.62818e+06 1.61355e+06
1.57786e+06 1.60245e+06 1.58744e+06 1.64893e+06
1.64847e+06 1.60433e+06 1.58567e+06 1.61038e+06
1.66667e+06 1.58197e+06 1.57733e+06 1.58402e+06
1.58802e+06 1.58179e+06 1.61105e+06 1.6506e+06
1.68504e+06 1.57273e+06 1.60406e+06 1.60533e+06
1.63174e+06 1.60667e+06 1.65458e+06 1.57364e+06
1.62388e+06 1.57528e+06 1.59112e+06 1.67882e+06
1.61603e+06 1.54707e+06 1.62232e+06 1.6228e+06
1.60852e+06 1.60168e+06 1.56956e+06 1.63646e+06
1.60257e+06 1.57162e+06 1.66577e+06 1.61802e+06
1.59478e+06 1.64488e+06 1.65507e+06 1.60025e+06
1.56867e+06 1.60156e+06 1.62676e+06 1.6429e+06
1.6662e+06 1.60834e+06 1.57091e+06 1.63566e+06
1.62346e+06 1.63891e+06 1.58681e+06 1.62379e+06
1.64962e+06 1.54821e+06 1.6577e+06 1.61801e+06
1.60566e+06 1.63415e+06 1.57564e+06 1.62889e+06
1.61444e+06 1.5572e+06 1.61051e+06 1.67297e+06
1.58103e+06 1.59449e+06 1.64975e+06 1.63231e+06
1.6181e+06 1.62883e+06 1.60575e+06 1.58338e+06
1.65635e+06 1.55952e+06 1.61093e+06 1.67189e+06
1.65692e+06 1.56354e+06 1.61364e+06 1.61486e+06
1.58295e+06 1.62514e+06 1.64118e+06 1.63423e+06
1.57202e+06 1.58867e+06 1.64625e+06 1.63534e+06
1.65004e+06 1.5666e+06 1.62118e+06 1.6074e+06
1.67474e+06 1.58881e+06 1.5905e+06 1.63003e+06
1.59018e+06 1.61951e+06 1.59865e+06 1.65402e+06
1.5901e+06 1.60206e+06 1.63741e+06 1.63114e+06
1.59807e+06 1.61564e+06 1.59181e+06 1.66186e+06
1.6428e+06 1.56245e+06 1.64523e+06 1.60485e+06
1.67916e+06 1.58361e+06 1.62116e+06 1.59268e+06
1.58616e+06 1.61096e+06 1.64724e+06 1.60864e+06
1.60601e+06 1.57578e+06 1.59102e+06 1.59952e+06
1.63419e+06 1.61155e+06 1.59001e+06 1.62892e+06
1.62619e+06 1.59229e+06 1.58781e+06 1.6613e+06
1.62153e+06 1.57328e+06 1.6293e+06 1.58572e+06
1.60262e+06 1.56896e+06 1.61529e+06 1.64207e+06
1.59842e+06 1.57953e+06 1.63531e+06 1.62091e+06
1.64552e+06 1.58429e+06 1.62449e+06 1.59305e+06
1.59063e+06 1.62984e+06 1.63187e+06 1.60124e+06
1.5907e+06 1.59737e+06 1.63303e+06 1.64749e+06
1.59463e+06 1.62293e+06 1.60798e+06 1.61345e+06
1.58114e+06 1.61528e+06 1.66497e+06 1.62792e+06
1.63054e+06 1.57462e+06 1.61737e+06 1.61085e+06
1.6058e+06 1.61527e+06 1.58862e+06 1.62523e+06
1.61895e+06 1.55994e+06 1.60933e+06 1.63998e+06
1.60167e+06 1.63425e+06 1.59259e+06 1.62753e+06
1.59328e+06 1.59743e+06 1.63279e+06 1.61684e+06
1.59502e+06 1.59738e+06 1.59281e+06 1.59518e+06
1.5946e+06 1.58426e+06 1.60186e+06 1.65058e+06
1.59804e+06 1.61659e+06 1.59327e+06 1.5851e+06
1.58867e+06 1.62464e+06 1.62774e+06 1.61836e+06
1.62306e+06 1.5893e+06 1.61241e+06 1.59066e+06
1.59444e+06 1.58014e+06 1.63284e+06 1.64312e+06
1.61574e+06 1.60122e+06 1.61964e+06 1.58922e+06
1.67866e+06 1.56199e+06 1.62444e+06 1.60133e+06
1.64058e+06 1.56763e+06 1.5984e+06 1.65544e+06
1.61557e+06 1.55875e+06 1.61641e+06 1.65646e+06
1.63786e+06 1.55811e+06 1.61953e+06 1.63994e+06
1.61557e+06 1.59138e+06 1.59739e+06 1.58965e+06
1.60021e+06 1.57068e+06 1.62289e+06 1.63089e+06
1.59437e+06 1.58521e+06 1.60438e+06 1.63182e+06
1.64386e+06 1.57283e+06 1.59479e+06 1.61932e+06
1.64004e+06 1.57104e+06 1.60727e+06 1.60173e+06
1.61177e+06 1.5582e+06 1.61976e+06 1.62811e+06
1.57174e+06 1.59256e+06 1.61739e+06 1.65076e+06
1.62243e+06 1.55982e+06 1.60663e+06 1.6475e+06
1.62169e+06 1.54721e+06 1.61651e+06 1.65245e+06
1.6089e+06 1.57112e+06 1.59248e+06 1.63401e+06
1.61538e+06 1.56335e+06 1.62679e+06 1.61205e+06
1.5937e+06 1.58367e+06 1.61823e+06 1.61952e+06
1.58204e+06 1.59251e+06 1.64804e+06 1.62335e+06
1.59158e+06 1.57424e+06 1.63551e+06 1.64242e+06
1.63712e+06 1.57301e+06 1.5905e+06 1.67233e+06
1.59873e+06 1.57401e+06 1.59362e+06 1.62832e+06
1.59126e+06 1.59391e+06 1.60559e+06 1.62285e+06
1.6259e+06 1.59213e+06 1.64698e+06 1.58556e+06
1.67115e+06 1.62459e+06 1.58753e+06 1.63767e+06
1.66586e+06 1.60262e+06 1.57662e+06 1.68271e+06
1.63464e+06 1.55834e+06 1.67063e+06 1.62586e+06
1.61846e+06 1.54909e+06 1.62733e+06 1.66173e+06
1.61122e+06 1.57129e+06 1.61749e+06 1.6913e+06
1.60936e+06 1.61731e+06 1.62023e+06 1.58616e+06
1.59327e+06 1.64342e+06 1.62831e+06 1.6623e+06
1.59075e+06 1.62004e+06 1.6441e+06 1.66011e+06
1.61778e+06 1.56407e+06 1.62748e+06 1.66723e+06
1.59365e+06 1.58949e+06 1.66172e+06 1.6438e+06
1.59962e+06 1.63348e+06 1.64818e+06 1.59135e+06
1.66893e+06 1.59436e+06 1.59485e+06 1.66326e+06
1.64572e+06 1.56714e+06 1.62874e+06 1.63297e+06
1.64025e+06 1.60608e+06 1.65474e+06 1.59227e+06
1.62418e+06 1.64283e+06 1.59151e+06 1.64281e+06
1.59861e+06 1.63622e+06 1.63828e+06 1.60593e+06
1.63051e+06 1.55406e+06 1.64927e+06 1.63061e+06
1.63375e+06 1.62787e+06 1.58375e+06 1.64579e+06
1.62679e+06 1.59079e+06 1.6021e+06 1.61302e+06
1.6384e+06 1.56838e+06 1.65789e+06 1.62668e+06
1.64923e+06 1.61114e+06 1.6104e+06 1.60066e+06
1.60612e+06 1.59679e+06 1.59402e+06 1.61887e+06
1.6515e+06 1.57374e+06 1.64222e+06 1.62832e+06
1.59343e+06 1.58422e+06 1.63561e+06 1.68318e+06
1.66305e+06 1.5722e+06 1.62492e+06 1.64706e+06
1.65635e+06 1.62512e+06 1.5896e+06 1.62765e+06
1.62836e+06 1.56059e+06 1.62169e+06 1.66685e+06
1.65712e+06 1.5845e+06 1.59913e+06 1.617e+06
1.61527e+06 1.57727e+06 1.64026e+06 1.6205e+06
1.59632e+06 1.6096e+06 1.6289e+06 1.63518e+06
1.66054e+06 1.59772e+06 1.59665e+06 1.60787e+06
1.62439e+06 1.55881e+06 1.64683e+06 1.65002e+06
1.60838e+06 1.57957e+06 1.62602e+06 1.60577e+06
1.6391e+06 1.60434e+06 1.65166e+06 1.5932e+06
1.63759e+06 1.58204e+06 1.60284e+06 1.6551e+06
1.62797e+06 1.61745e+06 1.58139e+06 1.64814e+06
1.62928e+06 1.62013e+06 1.60376e+06 1.59803e+06
1.61274e+06 1.57752e+06 1.6041e+06 1.60527e+06
1.65393e+06 1.59684e+06 1.6163e+06 1.60086e+06
1.62595e+06 1.60052e+06 1.59241e+06 1.63925e+06
1.6326e+06 1.5527e+06 1.61812e+06 1.65322e+06
1.65841e+06 1.56334e+06 1.60699e+06 1.65506e+06
1.61884e+06 1.61607e+06 1.57717e+06 1.65699e+06
1.60266e+06 1.62705e+06 1.61462e+06 1.61533e+06
1.60542e+06 1.62945e+06 1.60248e+06 1.61096e+06
1.6101e+06 1.5757e+06 1.63258e+06 1.64427e+06
1.61451e+06 1.58394e+06 1.60351e+06 1.6413e+06
1.62248e+06 1.57491e+06 1.64341e+06 1.60854e+06
1.597e+06 1.61505e+06 1.63718e+06 1.62375e+06
1.63918e+06 1.58818e+06 1.64095e+06 1.59639e+06
1.66477e+06 1.61596e+06 1.62041e+06 1.59595e+06
1.65663e+06 1.61222e+06 1.58856e+06 1.65387e+06
1.60082e+06 1.58609e+06 1.61362e+06 1.6341e+06
1.60956e+06 1.59305e+06 1.62395e+06 1.6282e+06
1.61909e+06 1.59689e+06 1.6302e+06 1.60268e+06
1.61081e+06 1.57946e+06 1.64993e+06 1.63143e+06
1.6039e+06 1.60564e+06 1.60801e+06 1.62027e+06
1.619e+06 1.61777e+06 1.612e+06 1.60136e+06
1.61188e+06 1.57392e+06 1.64336e+06 1.65292e+06
1.6318e+06 1.56755e+06 1.61095e+06 1.64775e+06
1.61999e+06 1.58395e+06 1.59833e+06 1.65754e+06
1.6028e+06 1.58566e+06 1.65587e+06 1.63413e+06
1.59804e+06 1.60426e+06 1.60579e+06 1.63428e+06
1.5992e+06 1.61374e+06 1.62281e+06 1.59856e+06
1.59732e+06 1.60653e+06 1.60951e+06 1.62386e+06
1.60491e+06 1.57506e+06 1.6098e+06 1.65067e+06
1.60948e+06 1.59913e+06 1.62208e+06 1.61088e+06
1.59354e+06 1.60326e+06 1.63921e+06 1.63875e+06
1.60201e+06 1.6171e+06 1.61441e+06 1.61624e+06
1.62073e+06 1.57249e+06 1.6276e+06 1.63317e+06
1.60118e+06 1.57282e+06 1.65745e+06 1.64814e+06
1.63581e+06 1.56226e+06 1.61771e+06 1.65729e+06
1.59707e+06 1.61053e+06 1.59669e+06 1.64957e+06
1.66981e+06 1.60897e+06 1.61787e+06 1.59887e+06
1.6059e+06 1.59938e+06 1.60829e+06 1.62496e+06
1.61995e+06 1.61058e+06 1.61978e+06 1.60195e+06
1.61894e+06 1.61405e+06 1.6341e+06 1.5981e+06
1.59336e+06 1.60854e+06 1.61852e+06 1.66182e+06
1.63628e+06 1.58884e+06 1.60271e+06 1.60813e+06
1.60153e+06 1.60487e+06 1.60348e+06 1.63279e+06
1.61714e+06 1.62868e+06 1.58759e+06 1.65741e+06
1.59755e+06 1.60454e+06 1.61723e+06 1.60735e+06
1.61913e+06 1.60855e+06 1.6279e+06 1.59928e+06
1.60493e+06 1.58987e+06 1.6297e+06 1.63151e+06
1.61265e+06 1.57328e+06 1.62082e+06 1.6391e+06
1.66549e+06 1.56281e+06 1.6357e+06 1.62489e+06
1.61694e+06 1.60467e+06 1.592e+06 1.60587e+06
1.59988e+06 1.59006e+06 1.63319e+06 1.66228e+06
1.59776e+06 1.59771e+06 1.60279e+06 1.66119e+06
1.6001e+06 1.60044e+06 1.62019e+06 1.60066e+06
1.62663e+06 1.57501e+06 1.63591e+06 1.60588e+06
1.68463e+06 1.59774e+06 1.62679e+06 1.60254e+06
1.66969e+06 1.64629e+06 1.63728e+06 1.59106e+06
1.64926e+06 1.62109e+06 1.5807e+06 1.662e+06
1.64252e+06 1.66254e+06 1.59781e+06 1.64286e+06
1.62195e+06 1.55297e+06 1.64623e+06 1.67254e+06
1.61862e+06 1.59102e+06 1.7025e+06 1.61686e+06
1.60426e+06 1.60791e+06 1.65857e+06 1.6805e+06
1.59723e+06 1.65302e+06 1.68503e+06 1.66337e+06
1.62837e+06 1.567e+06 1.65966e+06 1.65677e+06
1.65489e+06 1.55901e+06 1.65319e+06 1.63369e+06
1.67344e+06 1.61104e+06 1.59419e+06 1.63072e+06
1.61697e+06 1.57523e+06 1.69075e+06 1.64448e+06
1.61957e+06 1.5892e+06 1.67163e+06 1.60663e+06
1.60089e+06 1.64143e+06 1.66868e+06 1.6154e+06
1.66894e+06 1.55736e+06 1.6323e+06 1.65883e+06
1.63619e+06 1.63421e+06 1.59149e+06 1.64808e+06
1.66421e+06 1.60936e+06 1.6536e+06 1.60027e+06
1.65672e+06 1.63784e+06 1.59236e+06 1.6381e+06
1.6116e+06 1.62343e+06 1.64772e+06 1.59454e+06
1.61479e+06 1.58551e+06 1.61727e+06 1.66776e+06
1.63115e+06 1.62283e+06 1.63375e+06 1.59778e+06
1.6595e+06 1.63375e+06 1.61018e+06 1.60347e+06
1.61754e+06 1.59693e+06 1.59404e+06 1.65361e+06
1.60437e+06 1.63164e+06 1.64203e+06 1.62241e+06
1.62599e+06 1.61657e+06 1.60323e+06 1.61885e+06
1.62881e+06 1.57592e+06 1.65574e+06 1.611e+06
1.66246e+06 1.58095e+06 1.60748e+06 1.64796e+06
1.65209e+06 1.5718e+06 1.62463e+06 1.65458e+06
1.65276e+06 1.57445e+06 1.6288e+06 1.64848e+06
1.62813e+06 1.64246e+06 1.59936e+06 1.64342e+06
1.61064e+06 1.58793e+06 1.67101e+06 1.63501e+06
1.63334e+06 1.62739e+06 1.615e+06 1.59811e+06
1.63768e+06 1.57236e+06 1.61222e+06 1.66548e+06
1.60282e+06 1.60808e+06 1.62265e+06 1.62803e+06
1.64592e+06 1.55805e+06 1.62808e+06 1.66507e+06
1.65359e+06 1.60736e+06 1.59705e+06 1.60947e+06
1.62237e+06 1.62103e+06 1.60372e+06 1.62935e+06
1.63546e+06 1.56797e+06 1.63177e+06 1.65566e+06
1.65253e+06 1.5824e+06 1.61601e+06 1.61141e+06
1.6053e+06 1.62868e+06 1.60978e+06 1.62442e+06
1.60932e+06 1.61046e+06 1.62563e+06 1.62618e+06
1.64455e+06 1.6236e+06 1.59363e+06 1.61401e+06
1.63473e+06 1.6049e+06 1.62922e+06 1.60771e+06
1.62105e+06 1.62782e+06 1.64474e+06 1.60404e+06
1.6112e+06 1.6014e+06 1.60903e+06 1.63709e+06
1.67115e+06 1.57611e+06 1.62929e+06 1.6397e+06
1.64142e+06 1.59374e+06 1.60451e+06 1.67e+06
1.62378e+06 1.57439e+06 1.63453e+06 1.64248e+06
1.6521e+06 1.62119e+06 1.62763e+06 1.59133e+06
1.64366e+06 1.57789e+06 1.61782e+06 1.62044e+06
1.61199e+06 1.64003e+06 1.64634e+06 1.59817e+06
1.60695e+06 1.59142e+06 1.61505e+06 1.6413e+06
1.6184e+06 1.59926e+06 1.61812e+06 1.61295e+06
1.61542e+06 1.63084e+06 1.60796e+06 1.61546e+06
1.59739e+06 1.60919e+06 1.61202e+06 1.62818e+06
1.62486e+06 1.60406e+06 1.60148e+06 1.62746e+06
1.63948e+06 1.5884e+06 1.60552e+06 1.61971e+06
1.64054e+06 1.57922e+06 1.61175e+06 1.63145e+06
1.60711e+06 1.61608e+06 1.60556e+06 1.66053e+06
1.6177e+06 1.61312e+06 1.62652e+06 1.61474e+06
1.64074e+06 1.58103e+06 1.60683e+06 1.64554e+06
1.64793e+06 1.57315e+06 1.63075e+06 1.63401e+06
1.61526e+06 1.58166e+06 1.61971e+06 1.64391e+06
1.61246e+06 1.59849e+06 1.59424e+06 1.66132e+06
1.62735e+06 1.57677e+06 1.64666e+06 1.6136e+06
1.6358e+06 1.59407e+06 1.60462e+06 1.61331e+06
1.64497e+06 1.60336e+06 1.59455e+06 1.62013e+06
1.64887e+06 1.58869e+06 1.60844e+06 1.60892e+06
1.6451e+06 1.57399e+06 1.65856e+06 1.63439e+06
1.60854e+06 1.60393e+06 1.64714e+06 1.60564e+06
1.60594e+06 1.57649e+06 1.61948e+06 1.65633e+06
1.64106e+06 1.5798e+06 1.61786e+06 1.62204e+06
1.63277e+06 1.57415e+06 1.63204e+06 1.65478e+06
1.62549e+06 1.5822e+06 1.61266e+06 1.61461e+06
1.60212e+06 1.60916e+06 1.63044e+06 1.63948e+06
1.64209e+06 1.5789e+06 1.61084e+06 1.6301e+06
1.62272e+06 1.58101e+06 1.63116e+06 1.60558e+06
1.62151e+06 1.61582e+06 1.60975e+06 1.61445e+06
1.61637e+06 1.58182e+06 1.62446e+06 1.63127e+06
1.61015e+06 1.60632e+06 1.64321e+06 1.61344e+06
1.61393e+06 1.60242e+06 1.64432e+06 1.6065e+06
1.64194e+06 1.6076e+06 1.60021e+06 1.60648e+06
1.62483e+06 1.59332e+06 1.62967e+06 1.61813e+06
1.60966e+06 1.60058e+06 1.67127e+06 1.63379e+06
1.6136e+06 1.5932e+06 1.60706e+06 1.63038e+06
1.61717e+06 1.5908e+06 1.60615e+06 1.63042e+06
1.61372e+06 1.61404e+06 1.6045e+06 1.63118e+06
1.61044e+06 1.60362e+06 1.60714e+06 1.62374e+06
1.6246e+06 1.58892e+06 1.60731e+06 1.639e+06
1.60669e+06 1.60701e+06 1.63032e+06 1.63038e+06
1.6408e+06 1.57308e+06 1.64331e+06 1.63446e+06
1.61452e+06 1.60966e+06 1.62459e+06 1.62226e+06
1.63564e+06 1.64113e+06 1.60421e+06 1.61348e+06
1.71129e+06 1.5883e+06 1.61637e+06 1.63152e+06
1.66445e+06 1.57042e+06 1.67047e+06 1.65156e+06
1.66052e+06 1.61291e+06 1.59737e+06 1.61758e+06
1.62994e+06 1.61417e+06 1.66091e+06 1.60602e+06
1.62638e+06 1.58615e+06 1.67746e+06 1.61474e+06
1.60979e+06 1.66037e+06 1.64876e+06 1.61405e+06
1.60688e+06 1.58569e+06 1.62538e+06 1.68278e+06
1.59829e+06 1.6264e+06 1.63118e+06 1.65624e+06
1.69109e+06 1.57852e+06 1.65443e+06 1.63875e+06
1.63489e+06 1.58551e+06 1.63479e+06 1.68076e+06
1.61081e+06 1.64886e+06 1.64534e+06 1.61703e+06
1.62868e+06 1.5784e+06 1.6439e+06 1.66964e+06
1.64059e+06 1.63615e+06 1.63104e+06 1.60771e+06
1.6692e+06 1.59092e+06 1.61068e+06 1.62093e+06
1.66095e+06 1.5731e+06 1.65497e+06 1.63983e+06
1.64925e+06 1.62988e+06 1.60173e+06 1.62462e+06
1.65446e+06 1.58604e+06 1.66318e+06 1.61521e+06
1.68077e+06 1.57881e+06 1.64358e+06 1.64942e+06
1.60948e+06 1.641e+06 1.65853e+06 1.61577e+06
1.61209e+06 1.59206e+06 1.6737e+06 1.64182e+06
1.60818e+06 1.64796e+06 1.61692e+06 1.66081e+06
1.68395e+06 1.5795e+06 1.63619e+06 1.63843e+06
1.6229e+06 1.60048e+06 1.63965e+06 1.62767e+06
1.63294e+06 1.59642e+06 1.6321e+06 1.61329e+06
1.60668e+06 1.62048e+06 1.62026e+06 1.65922e+06
1.61795e+06 1.63916e+06 1.62858e+06 1.61791e+06
1.63042e+06 1.62342e+06 1.60269e+06 1.65052e+06
1.68217e+06 1.57812e+06 1.62208e+06 1.65741e+06
1.63737e+06 1.60134e+06 1.60741e+06 1.66594e+06
1.62756e+06 1.5967e+06 1.651e+06 1.60639e+06
1.63703e+06 1.6197e+06 1.61922e+06 1.62323e+06
1.62367e+06 1.58233e+06 1.6538e+06 1.63645e+06
1.61651e+06 1.60829e+06 1.67576e+06 1.62714e+06
1.61346e+06 1.5871e+06 1.63678e+06 1.66334e+06
1.6671e+06 1.58837e+06 1.60788e+06 1.6546e+06
1.62019e+06 1.59363e+06 1.62392e+06 1.63184e+06
1.63291e+06 1.6155e+06 1.60389e+06 1.65647e+06
1.60326e+06 1.61316e+06 1.62111e+06 1.63951e+06
1.62237e+06 1.5955e+06 1.62033e+06 1.64537e+06
1.62616e+06 1.60022e+06 1.63046e+06 1.62987e+06
1.61576e+06 1.61718e+06 1.61577e+06 1.63503e+06
1.65388e+06 1.58112e+06 1.63182e+06 1.64958e+06
1.64798e+06 1.60546e+06 1.59876e+06 1.63655e+06
1.62177e+06 1.62428e+06 1.61292e+06 1.62538e+06
1.61968e+06 1.62564e+06 1.60644e+06 1.63216e+06
1.61424e+06 1.60399e+06 1.61619e+06 1.63662e+06
1.64775e+06 1.6118e+06 1.60704e+06 1.64888e+06
1.64397e+06 1.58591e+06 1.62536e+06 1.61957e+06
1.6504e+06 1.59857e+06 1.61694e+06 1.6259e+06
1.61084e+06 1.61147e+06 1.62294e+06 1.64582e+06
1.61614e+06 1.60221e+06 1.60694e+06 1.6627e+06
1.62643e+06 1.59865e+06 1.60981e+06 1.63276e+06
1.63338e+06 1.58939e+06 1.6144e+06 1.65794e+06
1.61946e+06 1.60873e+06 1.63629e+06 1.63357e+06
1.59976e+06 1.61567e+06 1.63752e+06 1.65776e+06
1.64714e+06 1.59508e+06 1.61449e+06 1.65616e+06
1.64173e+06 1.59005e+06 1.62103e+06 1.63531e+06
1.61235e+06 1.61454e+06 1.61204e+06 1.65535e+06
1.6512e+06 1.6058e+06 1.63184e+06 1.61365e+06
1.63873e+06 1.60196e+06 1.63028e+06 1.62386e+06
1.6219e+06 1.61916e+06 1.62297e+06 1.6186e+06
1.63773e+06 1.60726e+06 1.62149e+06 1.62588e+06
1.62861e+06 1.60972e+06 1.61542e+06 1.63078e+06
1.59992e+06 1.61301e+06 1.62743e+06 1.63275e+06
1.65053e+06 1.58289e+06 1.63742e+06 1.61858e+06
1.60696e+06 1.59198e+06 1.62542e+06 1.65332e+06
1.6163e+06 1.61019e+06 1.65888e+06 1.60662e+06
1.6114e+06 1.61527e+06 1.62568e+06 1.62496e+06
1.64757e+06 1.57944e+06 1.62725e+06 1.65456e+06
1.64374e+06 1.5827e+06 1.63668e+06 1.62003e+06
1.63968e+06 1.59959e+06 1.61618e+06 1.6315e+06
1.6502e+06 1.60464e+06 1.61676e+06 1.6237e+06
1.62989e+06 1.59192e+06 1.62267e+06 1.63237e+06
1.63504e+06 1.59195e+06 1.64417e+06 1.61802e+06
1.64006e+06 1.59515e+06 1.615e+06 1.63586e+06
1.64733e+06 1.59202e+06 1.65971e+06 1.61426e+06
1.61639e+06 1.58906e+06 1.6451e+06 1.63926e+06
1.61233e+06 1.61468e+06 1.64413e+06 1.61534e+06
1.61088e+06 1.61561e+06 1.61586e+06 1.62726e+06
1.67776e+06 1.58402e+06 1.64386e+06 1.65367e+06
1.67253e+06 1.64948e+06 1.60744e+06 1.62887e+06
1.67203e+06 1.61213e+06 1.60193e+06 1.65008e+06
1.6394e+06 1.60352e+06 1.65673e+06 1.61055e+06
1.63938e+06 1.5827e+06 1.66119e+06 1.64468e+06
1.62801e+06 1.6046e+06 1.69873e+06 1.6366e+06
1.61689e+06 1.60445e+06 1.628e+06 1.68532e+06
1.60275e+06 1.61383e+06 1.65347e+06 1.63699e+06
1.60972e+06 1.64927e+06 1.64226e+06 1.66504e+06
1.64783e+06 1.5845e+06 1.68072e+06 1.64451e+06
1.61986e+06 1.62833e+06 1.62306e+06 1.64146e+06
1.6493e+06 1.59708e+06 1.61586e+06 1.67621e+06
1.6656e+06 1.58862e+06 1.63582e+06 1.62266e+06
1.62374e+06 1.60145e+06 1.66468e+06 1.63822e+06
1.63457e+06 1.60238e+06 1.6449e+06 1.6141e+06
1.63733e+06 1.59323e+06 1.63206e+06 1.65422e+06
1.66209e+06 1.58946e+06 1.63336e+06 1.63321e+06
1.6246e+06 1.59844e+06 1.65024e+06 1.66251e+06
1.62442e+06 1.62084e+06 1.6389e+06 1.62547e+06
1.6147e+06 1.60917e+06 1.63295e+06 1.63994e+06
1.6541e+06 1.61518e+06 1.6064e+06 1.64886e+06
1.6559e+06 1.62361e+06 1.6216e+06 1.63114e+06
1.65928e+06 1.59559e+06 1.61502e+06 1.64266e+06
1.64978e+06 1.60677e+06 1.61135e+06 1.64819e+06
1.63249e+06 1.59487e+06 1.65984e+06 1.64131e+06
1.62366e+06 1.62673e+06 1.6117e+06 1.63442e+06
1.64101e+06 1.5993e+06 1.62573e+06 1.6461e+06
1.61802e+06 1.60515e+06 1.63623e+06 1.6519e+06
1.64713e+06 1.5927e+06 1.63223e+06 1.62407e+06
1.63633e+06 1.59772e+06 1.64792e+06 1.62771e+06
1.6152e+06 1.61896e+06 1.62774e+06 1.63094e+06
1.62094e+06 1.59604e+06 1.65074e+06 1.64098e+06
1.65231e+06 1.60256e+06 1.62253e+06 1.62884e+06
1.64247e+06 1.59504e+06 1.6243e+06 1.64091e+06
1.62669e+06 1.59718e+06 1.64646e+06 1.66311e+06
1.64244e+06 1.59217e+06 1.63555e+06 1.63781e+06
1.62744e+06 1.62304e+06 1.61411e+06 1.64947e+06
1.61544e+06 1.61262e+06 1.61963e+06 1.65352e+06
1.62949e+06 1.59505e+06 1.62776e+06 1.63515e+06
1.63688e+06 1.60822e+06 1.61194e+06 1.63564e+06
1.61549e+06 1.6072e+06 1.62548e+06 1.65224e+06
1.65432e+06 1.60214e+06 1.62018e+06 1.63638e+06
1.62731e+06 1.59238e+06 1.65684e+06 1.64502e+06
1.62756e+06 1.61359e+06 1.62744e+06 1.63775e+06
1.62772e+06 1.60084e+06 1.62561e+06 1.64476e+06
1.6267e+06 1.59741e+06 1.65682e+06 1.63695e+06
1.68451e+06 1.60516e+06 1.64792e+06 1.62473e+06
1.67789e+06 1.59248e+06 1.65657e+06 1.64386e+06
1.64199e+06 1.61356e+06 1.68422e+06 1.61922e+06
1.62386e+06 1.65751e+06 1.62972e+06 1.64696e+06
1.62383e+06 1.65174e+06 1.61222e+06 1.65373e+06
1.62097e+06 1.62225e+06 1.62017e+06 1.67689e+06
1.60892e+06 1.62541e+06 1.66535e+06 1.65691e+06
1.62465e+06 1.6339e+06 1.64016e+06 1.62994e+06
1.67188e+06 1.59671e+06 1.68e+06 1.63834e+06
1.62585e+06 1.59935e+06 1.67184e+06 1.64791e+06
1.65073e+06 1.60808e+06 1.64705e+06 1.62241e+06
1.65955e+06 1.59568e+06 1.62153e+06 1.6477e+06
1.67118e+06 1.60279e+06 1.6168e+06 1.6645e+06
1.63194e+06 1.62898e+06 1.62823e+06 1.6472e+06
1.66591e+06 1.62396e+06 1.61974e+06 1.6359e+06
1.6399e+06 1.63203e+06 1.61222e+06 1.67286e+06
1.62264e+06 1.61491e+06 1.61979e+06 1.66756e+06
1.64603e+06 1.61978e+06 1.6319e+06 1.63674e+06
1.65576e+06 1.59315e+06 1.66209e+06 1.64558e+06
1.644e+06 1.62002e+06 1.62874e+06 1.66188e+06
1.6376e+06 1.60877e+06 1.66732e+06 1.63354e+06
1.63513e+06 1.6336e+06 1.66155e+06 1.62598e+06
1.65221e+06 1.6037e+06 1.63629e+06 1.62995e+06
1.6388e+06 1.5997e+06 1.65195e+06 1.63188e+06
1.62826e+06 1.61467e+06 1.63266e+06 1.67287e+06
1.6534e+06 1.60366e+06 1.6341e+06 1.62804e+06
1.63494e+06 1.6165e+06 1.63964e+06 1.63614e+06
1.63068e+06 1.6025e+06 1.6662e+06 1.65428e+06
1.63411e+06 1.59656e+06 1.6677e+06 1.63983e+06
1.64181e+06 1.60201e+06 1.62909e+06 1.64174e+06
1.64344e+06 1.6204e+06 1.65214e+06 1.62901e+06
1.63381e+06 1.63161e+06 1.61942e+06 1.63655e+06
1.62671e+06 1.62444e+06 1.6548e+06 1.63198e+06
1.62384e+06 1.6203e+06 1.66296e+06 1.63396e+06
1.6269e+06 1.60332e+06 1.65639e+06 1.64108e+06
1.63552e+06 1.60292e+06 1.63259e+06 1.63603e+06
1.68395e+06 1.62376e+06 1.69331e+06 1.6199e+06
1.67162e+06 1.59973e+06 1.65832e+06 1.66597e+06
1.64963e+06 1.63228e+06 1.62124e+06 1.64934e+06
1.62787e+06 1.63908e+06 1.62252e+06 1.69135e+06
1.62514e+06 1.65202e+06 1.64234e+06 1.64981e+06
1.62713e+06 1.60426e+06 1.68808e+06 1.65977e+06
1.67173e+06 1.61932e+06 1.62635e+06 1.67098e+06
1.65816e+06 1.6075e+06 1.65002e+06 1.62986e+06
1.66804e+06 1.60462e+06 1.63643e+06 1.64155e+06
1.65047e+06 1.61294e+06 1.62927e+06 1.64696e+06
1.64709e+06 1.64437e+06 1.64111e+06 1.63234e+06
1.6501e+06 1.62672e+06 1.64647e+06 1.63637e+06
1.63992e+06 1.6092e+06 1.65308e+06 1.63344e+06
1.63944e+06 1.62292e+06 1.6365e+06 1.66867e+06
1.64214e+06 1.63067e+06 1.62853e+06 1.64831e+06
1.64677e+06 1.6049e+06 1.63054e+06 1.6435e+06
1.67475e+06 1.6224e+06 1.64301e+06 1.63253e+06
1.63978e+06 1.60597e+06 1.64008e+06 1.6575e+06
1.67421e+06 1.60148e+06 1.64446e+06 1.67006e+06
1.64889e+06 1.60804e+06 1.63028e+06 1.6681e+06
1.67279e+06 1.62263e+06 1.64292e+06 1.63007e+06
1.66069e+06 1.61372e+06 1.63545e+06 1.6562e+06
1.65848e+06 1.61433e+06 1.66309e+06 1.63372e+06
1.6556e+06 1.61099e+06 1.6769e+06 1.64286e+06
1.65445e+06 1.63341e+06 1.65855e+06 1.67037e+06
1.64509e+06 1.61029e+06 1.6603e+06 1.64862e+06
1.64135e+06 1.63048e+06 1.65178e+06 1.67068e+06
1.65994e+06 1.62206e+06 1.63633e+06 1.65432e+06
1.66055e+06 1.62158e+06 1.65981e+06 1.63936e+06
1.67211e+06 1.62438e+06 1.63901e+06 1.67928e+06
