866 23.6159
360888 320319 264795 309123
360888 320319 264795 309123
306543 261851 274295 239554
306543 261851 274295 239554
304827 305497 317376 269357
298025 283456 308244 276084
306176 279389 290030 269061
331227 293625 273180 300905
306057 316486 289023 269064
340106 293905 273044 290495
343018 294299 268547 260686
322762 315152 272203 276319
325004 308662 273322 284307
360888 320319 264795 309123
298025 283456 308244 276084
304435 284149 299490 285999
348913 293145 272471 278840
336506 290153 273863 270674
343018 294299 268547 260686
343018 294299 268547 260686
303484 306691 305704 278357
306176 279389 290030 269061
332081 306933 271827 269388
303946 301658 315488 271183
304435 284149 299490 285999
302348 293376 295251 283959
336506 290153 273863 270674
305092 304670 306771 279408
303946 301658 315488 271183
304346 313297 296496 275426
303946 301658 315488 271183
304346 313297 296496 275426
348913 293145 272471 278840
343018 294299 268547 260686
300900 307296 289090 282516
341896 313517 265595 279232
304358 305509 297979 279944
300900 307296 289090 282516
305495 302022 298884 280287
298025 283456 308244 276084
341896 313517 265595 279232
322762 315152 272203 276319
305495 302022 298884 280287
302348 293376 295251 283959
348913 293145 272471 278840
303484 306691 305704 278357
304827 305497 317376 269357
306057 316486 289023 269064
322762 315152 272203 276319
332081 306933 271827 269388
343018 294299 268547 260686
348913 293145 272471 278840
348913 293145 272471 278840
343018 294299 268547 260686
348913 293145 272471 278840
348913 293145 272471 278840
348913 293145 272471 278840
348913 293145 272471 278840
348913 293145 272471 278840
348913 293145 272471 278840
348913 293145 272471 278840
348913 293145 272471 278840
348913 293145 272471 278840
348913 293145 272471 278840
348913 293145 272471 278840
348913 293145 272471 278840
348913 293145 272471 278840
348913 293145 272471 278840
343018 294299 268547 260686
343018 294299 268547 260686
343018 294299 268547 260686
343018 294299 268547 260686
343018 294299 268547 260686
343018 294299 268547 260686
343018 294299 268547 260686
343018 294299 268547 260686
343018 294299 268547 260686
343018 294299 268547 260686
343018 294299 268547 260686
343018 294299 268547 260686
343018 294299 268547 260686
343018 294299 268547 260686
343018 294299 268547 260686
343018 294299 268547 260686
343018 294299 268547 260686
343018 294299 268547 260686
343018 294299 268547 260686
343018 294299 268547 260686
343018 294299 268547 260686
341896 313517 265595 279232
341896 313517 265595 279232
306543 261851 274295 239554
304827 305497 317376 269357
353683 310841 308200 262504
339475 294299 287387 309463
325071 280877 331632 297417
318492 334661 289052 276468
314204 300268 300484 263440
331355 296882 321163 275864
345217 288993 307185 282531
326288 303406 291036 287455
322540 287460 315389 282245
329418 298911 297358 301549
350860 286253 301385 266421
339464 305282 290483 296550
340344 295842 293790 268955
338919 285926 301767 284837
338654 306536 292209 274096
335457 298409 301256 300246
315544 299061 296293 286310
352375 304700 293558 271383
322418 302852 294438 282616
336615 295947 297718 281470
320764 297641 301521 284437
322776 299612 291376 279394
336551 296306 292689 278281
361491 302326 294557 295186
358067 289911 305651 316078
348136 312080 293542 297940
342745 306741 305885 267745
325346 299770 323189 290901
316728 320071 301433 278610
314709 319550 308066 282207
350874 295121 321853 275307
352531 298174 316717 283873
342655 295891 301069 300974
332683 307853 308042 272172
324925 300554 315089 293168
334196 304954 298945 281041
318015 301733 306631 285852
343395 316996 295879 286326
357538 295385 312566 298990
337488 296399 311228 292132
329981 304831 296390 293749
349874 299011 302985 283149
326885 303610 301865 275145
338433 296736 295870 299690
341259 297944 312095 288331
344417 301930 300375 273700
360301 297750 307537 282175
343672 303689 296925 291694
316696 306796 311518 287724
349566 299947 312196 278717
344192 300275 300349 286711
338019 300355 302191 287599
348422 300099 302759 275174
350277 297433 311345 296434
347485 324783 296290 287443
342622 308474 325406 272751
325177 323941 316215 317776
339827 313269 305021 280051
328967 302363 320307 304040
341637 315097 300038 306483
332942 309908 305322 277755
329005 302293 314356 288401
344550 311779 299315 292950
329300 307195 305974 285270
341822 320474 300439 293257
332269 306033 308225 276274
346097 309864 301411 296430
331787 321606 322560 276162
344595 321847 307215 275993
349080 326728 304337 289365
336280 322399 311946 281791
334641 343599 317356 304496
333415 324914 311842 323580
333246 313037 327917 282301
332009 302340 322446 297944
343883 307462 310686 283711
337375 306043 323204 288683
334660 311142 320001 292110
336033 306826 309207 290058
336125 307079 310929 288485
370256 306071 324136 290260
363841 315449 309434 295808
361471 312584 325332 303281
350108 322494 311667 289401
345818 311940 328514 292519
342098 323127 310222 301216
342813 335823 315232 313094
360888 320319 264795 309123
336425 259938 295185 304135
306543 261851 274295 239554
301575 319523 294046 327255
296968 316660 328125 298604
296458 332471 312344 326683
288079 323085 316716 309172
296849 296949 314228 312752
299714 309658 302270 279322
306543 261851 274295 239554
336425 259938 295185 304135
306543 261851 274295 239554
301086 306937 324343 293486
303417 310921 299600 323766
297922 324646 310990 302787
355879 307195 270675 282782
306161 300367 290286 281881
295120 318080 319789 318580
295120 318080 319789 318580
297169 322908 291089 306747
288079 323085 316716 309172
301810 309557 303172 294114
296968 316660 328125 298604
355879 307195 270675 282782
306161 300367 290286 281881
298748 328608 311873 299391
360888 320319 264795 309123
355879 307195 270675 282782
301810 309557 303172 294114
301086 306937 324343 293486
298748 328608 311873 299391
360888 320319 264795 309123
355879 307195 270675 282782
301985 308028 300094 303473
303588 309590 270968 281546
301985 308028 300094 303473
306161 300367 290286 281881
306161 300367 290286 281881
303588 309590 270968 281546
303588 309590 270968 281546
355879 307195 270675 282782
303588 309590 270968 281546
303588 309590 270968 281546
303588 309590 270968 281546
355879 307195 270675 282782
355879 307195 270675 282782
355879 307195 270675 282782
355879 307195 270675 282782
355879 307195 270675 282782
355879 307195 270675 282782
355879 307195 270675 282782
355879 307195 270675 282782
306543 261851 274295 239554
306543 261851 274295 239554
306543 261851 274295 239554
306543 261851 274295 239554
306543 261851 274295 239554
306543 261851 274295 239554
306543 261851 274295 239554
306543 261851 274295 239554
306543 261851 274295 239554
306543 261851 274295 239554
306161 300367 290286 281881
306161 300367 290286 281881
306161 300367 290286 281881
306161 300367 290286 281881
306161 300367 290286 281881
306161 300367 290286 281881
306161 300367 290286 281881
306161 300367 290286 281881
306161 300367 290286 281881
306161 300367 290286 281881
306161 300367 290286 281881
306161 300367 290286 281881
306161 300367 290286 281881
306161 300367 290286 281881
306161 300367 290286 281881
306161 300367 290286 281881
306161 300367 290286 281881
306161 300367 290286 281881
303588 309590 270968 281546
303588 309590 270968 281546
303588 309590 270968 281546
303588 309590 270968 281546
303588 309590 270968 281546
303588 309590 270968 281546
303588 309590 270968 281546
303588 309590 270968 281546
298748 328608 311873 299391
355177 329259 296125 289064
342371 333781 292581 306010
342013 299754 298381 267438
334720 285449 323622 289699
330079 323159 295981 317848
310910 312410 307889 283908
331168 331185 316855 276194
323077 287706 302111 302548
337290 292375 304769 300308
353869 298791 309399 285408
329470 309137 321088 286476
350763 314335 296046 301202
328384 292428 298142 287883
364868 298987 313875 295769
362523 331734 312115 275115
360225 304782 298578 278483
349681 309908 329359 275302
331729 297633 327298 311232
321271 312548 329289 316647
342439 320917 324095 287040
329631 307334 312022 306538
356252 309677 306103 283089
335876 303906 301704 289754
344391 315072 320822 281383
351461 316595 302786 281488
346504 303223 306378 310212
331058 316949 325000 293918
324828 323879 316509 314385
349731 328757 313351 279958
327039 314128 323185 310159
328991 305155 310562 314243
346493 311842 300613 283426
334471 306329 298966 288396
329740 324909 300962 315931
328880 322291 326254 287871
322134 324434 315648 288041
360055 308281 322942 294908
355629 321932 313617 290623
344038 305359 305330 309314
331475 335365 303454 335632
323190 344952 358772 309508
329399 333366 334122 306300
340070 315334 309172 331382
351733 326169 317610 296747
333278 340854 317496 314652
346623 314329 330555 308323
337600 331151 324223 303291
338374 332891 305777 323395
328655 327053 325546 311587
336088 317242 306500 311021
336766 313637 318512 315248
343540 318731 319130 298265
329035 319285 315471 316570
331401 307227 319919 319739
339735 305526 312662 319907
338891 314515 327235 311747
339849 314559 310278 299224
332637 334590 321958 295916
333039 307334 314895 334201
328966 315010 323765 310485
362862 323187 314617 304117
362532 316719 317276 299445
348793 308433 317183 314091
344213 349905 307301 332214
336571 320383 330960 316647
330362 327313 328167 328069
346742 336419 314508 313249
355395 314508 309088 312479
336421 320812 324752 330168
341126 331431 318711 299811
354418 331852 315465 308178
347715 325424 308269 317811
338495 324778 315747 311161
344731 321241 316921 302598
337373 318874 308403 317028
351940 311157 327963 335280
351078 330779 342651 309261
341251 320055 312140 329457
338340 326022 313835 331562
348904 311628 319074 323445
347323 322259 324242 313726
340523 321273 313290 317803
348336 321782 319870 312330
362124 327122 321962 318903
360888 334043 323285 319101
351065 325326 318907 326026
342629 332945 324310 331244
340545 323163 325786 321005
350079 325671 344014 326090
345166 338319 328303 339178
343243 326806 329067 326131
360888 320319 264795 309123
306543 261851 274295 239554
306543 261851 274295 239554
296586 342733 305290 306857
290803 324683 326598 304913
289339 315269 302744 327930
297071 295515 295044 280081
328693 309181 273960 313182
342022 286874 269783 289148
306543 261851 274295 239554
342022 286874 269783 289148
331183 325969 273367 319903
302712 332468 283981 307200
305891 292199 315555 298276
306543 261851 274295 239554
306543 261851 274295 239554
294844 296268 321094 315393
294572 334993 308985 320178
289897 332243 324039 326912
360888 320319 264795 309123
300525 297689 288618 285025
296312 299599 312001 294117
291889 328799 312584 307866
296834 321399 307760 300998
355879 307195 270675 282782
306543 261851 274295 239554
305080 295259 301254 284593
300525 297689 288618 285025
355879 307195 270675 282782
355879 307195 270675 282782
296312 299599 312001 294117
305080 295259 301254 284593
294572 334993 308985 320178
355879 307195 270675 282782
355879 307195 270675 282782
355879 307195 270675 282782
306543 261851 274295 239554
355879 307195 270675 282782
360888 320319 264795 309123
355879 307195 270675 282782
355879 307195 270675 282782
355879 307195 270675 282782
355879 307195 270675 282782
355879 307195 270675 282782
355879 307195 270675 282782
355879 307195 270675 282782
355879 307195 270675 282782
355879 307195 270675 282782
355879 307195 270675 282782
355879 307195 270675 282782
355879 307195 270675 282782
355879 307195 270675 282782
355879 307195 270675 282782
355879 307195 270675 282782
355879 307195 270675 282782
355879 307195 270675 282782
355879 307195 270675 282782
355879 307195 270675 282782
355879 307195 270675 282782
355879 307195 270675 282782
355879 307195 270675 282782
355879 307195 270675 282782
355879 307195 270675 282782
355879 307195 270675 282782
355879 307195 270675 282782
306543 261851 274295 239554
306543 261851 274295 239554
306543 261851 274295 239554
306543 261851 274295 239554
306543 261851 274295 239554
306543 261851 274295 239554
306543 261851 274295 239554
306543 261851 274295 239554
306543 261851 274295 239554
306543 261851 274295 239554
306543 261851 274295 239554
306543 261851 274295 239554
306543 261851 274295 239554
306543 261851 274295 239554
306543 261851 274295 239554
306543 261851 274295 239554
306543 261851 274295 239554
306543 261851 274295 239554
306543 261851 274295 239554
306543 261851 274295 239554
306543 261851 274295 239554
306543 261851 274295 239554
306543 261851 274295 239554
306543 261851 274295 239554
306543 261851 274295 239554
354292 301185 291668 287946
350285 294597 315077 265930
332147 286255 298610 292324
329523 306514 289863 282647
327226 297996 304425 300467
320559 321355 301965 271828
306555 302254 297247 295285
319976 294339 309333 267185
352309 315027 301326 268359
343065 308664 293439 276622
327413 310033 306319 273949
328770 293371 308545 272427
348374 305508 299619 269961
341904 296729 293451 279627
336128 304341 300516 280923
338274 293429 295313 273915
326801 307577 304834 280286
363625 311208 324147 274129
352020 312185 320459 267108
345616 316735 290891 305538
340485 294955 321260 276567
317702 353144 333997 326824
348066 328199 294897 291956
332237 297312 330943 304419
356347 304326 301636 296245
338353 301200 316537 282746
349403 325307 298473 279247
322413 297921 312565 287152
359114 312524 295140 292915
328735 313185 308119 300854
326467 320012 310771 291307
335310 315536 300255 304776
323668 322988 310528 271388
330493 309004 306628 302948
347090 306183 295855 283926
346858 295533 313828 302231
350230 314317 292815 289874
342190 308166 306949 275357
341360 307200 304463 280794
326116 312092 318444 275037
336332 314746 306851 299130
350867 299128 302994 296330
330133 327635 310519 286629
351448 321645 320604 272249
324793 325821 302241 292249
347526 295133 309513 295580
340162 299080 309883 281733
340483 296869 303965 288187
338028 325637 295850 290264
349757 310345 307833 291055
339053 327919 317033 276875
338330 330761 304735 310872
337355 301403 315893 288446
336272 318597 334127 282345
335486 318372 300369 329246
326025 318806 317045 292238
333173 325447 310651 318662
335853 316425 317677 294367
340042 307045 315629 299943
328693 313607 314991 313882
349479 313440 307447 284443
344136 305934 314209 301980
345731 311152 307762 286458
328758 303397 314715 304658
343257 318681 309760 300580
347089 304441 314890 291484
330118 315904 311252 301500
333367 309082 314419 304428
334951 329301 310681 290808
330145 317950 311239 301866
359182 320993 308838 312535
353671 309491 318809 288970
350812 303681 318297 299643
342618 316365 325561 318886
333273 325540 310978 328319
330509 336052 317250 307291
340055 332494 311375 315769
348245 326907 324156 290110
350746 312360 309612 293608
346871 321390 313787 302723
348564 316469 325071 298580
347125 322256 314965 300117
363685 317164 309820 298673
358878 314564 324390 298605
357448 331397 326924 298491
355420 335355 310003 295293
333003 341681 318893 312494
346945 339994 315179 306224
359930 344029 321243 319571
351153 345805 330463 324370
360888 320319 264795 309123
360888 320319 264795 309123
306543 261851 274295 239554
306543 261851 274295 239554
300932 354266 292102 322655
296476 305122 338064 309958
294927 346513 308834 339557
281457 321934 330965 297558
295475 322909 321641 330603
306543 261851 274295 239554
315972 289489 266017 295061
302214 317953 293435 280465
296240 343990 301246 317968
305234 288016 286443 292470
300024 326628 293991 325239
328181 317628 271071 285499
281457 321934 330965 297558
341964 314563 264990 318645
341964 314563 264990 318645
294493 322821 329873 305148
298251 299914 304352 302149
326546 312903 271274 286000
302170 321377 310271 292164
306520 319526 285850 301269
355345 296607 272208 292028
290703 324250 309464 307506
300007 294339 301335 303811
298307 322349 298705 290941
305234 288016 286443 292470
299529 307621 294085 323017
301831 304989 299162 311916
299847 317299 337901 296248
326546 312903 271274 286000
290703 324250 309464 307506
360888 320319 264795 309123
302214 317953 293435 280465
301274 325968 294978 299511
306376 301014 292594 291905
355879 307195 270675 282782
355879 307195 270675 282782
300148 318532 330470 300820
301274 325968 294978 299511
355345 296607 272208 292028
301831 304989 299162 311916
299847 317299 337901 296248
306376 301014 292594 291905
355345 296607 272208 292028
355879 307195 270675 282782
305234 288016 286443 292470
355345 296607 272208 292028
306520 319526 285850 301269
355879 307195 270675 282782
355879 307195 270675 282782
296476 305122 338064 309958
355879 307195 270675 282782
355879 307195 270675 282782
355879 307195 270675 282782
355879 307195 270675 282782
355879 307195 270675 282782
355879 307195 270675 282782
355879 307195 270675 282782
355879 307195 270675 282782
355879 307195 270675 282782
355879 307195 270675 282782
355879 307195 270675 282782
355879 307195 270675 282782
355879 307195 270675 282782
355879 307195 270675 282782
355879 307195 270675 282782
355879 307195 270675 282782
355879 307195 270675 282782
355879 307195 270675 282782
355879 307195 270675 282782
355879 307195 270675 282782
355879 307195 270675 282782
355879 307195 270675 282782
355879 307195 270675 282782
355879 307195 270675 282782
355879 307195 270675 282782
355879 307195 270675 282782
355879 307195 270675 282782
355879 307195 270675 282782
355345 296607 272208 292028
355345 296607 272208 292028
355345 296607 272208 292028
355345 296607 272208 292028
355345 296607 272208 292028
355345 296607 272208 292028
341964 314563 264990 318645
357135 326215 300063 263553
346705 283330 306746 296127
344930 306556 330831 275867
336156 307036 306293 260492
329759 311463 280426 302524
324846 299416 312096 326489
312288 326321 311356 286619
334553 299484 317039 308392
323948 316650 282644 287109
329725 309697 293350 269173
346687 297880 303207 285339
335412 284062 303190 286201
317401 303334 314442 276281
330349 301318 311108 277913
339655 308058 298597 277728
319839 313041 312556 285303
326916 307329 299251 300518
329634 311530 295254 292512
341650 301341 294732 286229
323608 305111 312991 292524
320785 315681 302814 285569
322286 312545 311272 303165
325422 315853 299694 288646
360158 300164 319247 299400
353941 308414 306662 266795
347573 289952 313298 308823
340313 321177 296800 309440
329602 312182 325747 330286
328030 365783 308499 318486
313991 333159 344637 315980
333414 336227 307110 312080
318755 312241 327895 284250
341919 300947 340829 322084
353980 320843 304987 279906
347755 314318 300234 293255
335527 303367 308689 291946
340537 326061 314242 269070
338401 303060 317929 293787
337456 313343 299135 297242
336291 330983 304411 319855
335105 315313 306352 326015
323135 318333 327442 317322
347655 315901 319089 271808
330441 304595 323908 317810
332882 317946 320872 315643
322441 323051 319269 320656
342596 316768 304574 284696
339837 308818 307621 280595
335537 327189 307769 310855
335201 323414 326299 313865
342754 323114 306666 284531
331086 313779 313819 319728
353417 324329 306379 308721
351981 309945 344250 290072
346360 328275 302548 322966
341225 326285 321243 283545
339720 308763 310341 309492
325833 335544 331624 330103
321172 331275 332947 303916
332022 314661 315540 320079
333072 327637 325900 318346
337110 325705 331063 312751
338020 321034 320336 305291
348692 317697 306406 294480
341490 309564 309416 295594
337943 316527 328072 300384
346761 331238 316986 293995
338234 311901 311653 307990
338813 313449 322204 302529
358812 314916 330918 296864
355044 329168 331205 295194
351916 328817 306578 308909
344268 313304 316697 313713
340229 315886 339189 317366
338791 336436 321570 324736
334071 326367 323439 328425
345880 322661 332361 308247
341070 329642 324024 306928
344581 319928 338011 305653
345671 327788 313222 316671
344719 317310 320996 309890
358604 323166 327817 315395
349667 324447 335835 309215
345543 324187 318621 322056
344498 314095 322398 323014
343698 341899 327372 318281
345328 322805 329645 313536
346041 321880 328713 320813
360026 324558 325648 352091
345742 346876 334255 322463
345288 336772 329637 324001
