48 5.57528
267329 237982
267329 237982
267329 237982
267329 237982
267329 237982
267329 237982
267329 237982
267329 237982
267329 237982
331230 286042
294617 327513
294617 327513
300891 301014
325363 292163
296949 318766
309533 293657
309533 293657
331230 286042
300891 301014
296949 318766
325363 292163
296949 318766
294617 327513
325363 292163
325363 292163
325363 292163
325363 292163
325363 292163
325363 292163
325363 292163
325363 292163
325363 292163
325363 292163
300891 301014
300891 301014
300891 301014
300891 301014
300891 301014
300891 301014
300891 301014
300891 301014
300891 301014
296949 318766
296949 318766
296949 318766
296949 318766
296949 318766
296949 318766
296949 318766
296949 318766
296949 318766
296949 318766
296949 318766
296949 318766
296949 318766
296949 318766
296949 318766
296949 318766
296949 318766
296949 318766
296949 318766
294617 327513
294617 327513
294617 327513
294617 327513
340072 290622
296169 354092
296169 354092
298066 332298
301232 317355
298066 332298
309765 302214
340072 290622
331166 292955
319412 299369
309053 307763
302608 310834
302608 310834
301232 317355
309053 307763
319412 299369
331166 292955
327262 296601
324567 297906
321415 298155
324567 297906
327262 296601
309765 302214
331166 292955
327262 296601
321415 298155
296169 354092
327262 296601
324567 297906
321415 298155
319412 299369
321415 298155
340072 290622
340072 290622
340072 290622
340072 290622
340072 290622
340072 290622
340072 290622
331166 292955
331166 292955
327262 296601
327262 296601
327262 296601
327262 296601
327262 296601
327262 296601
327262 296601
327262 296601
327262 296601
324567 297906
324567 297906
324567 297906
324567 297906
324567 297906
324567 297906
324567 297906
324567 297906
324567 297906
324567 297906
324567 297906
324567 297906
324567 297906
324567 297906
324567 297906
324567 297906
324567 297906
324567 297906
324567 297906
321415 298155
321415 298155
321415 298155
321415 298155
321415 298155
321415 298155
321415 298155
321415 298155
321415 298155
321415 298155
321415 298155
321415 298155
321415 298155
321415 298155
321415 298155
319412 299369
319412 299369
319412 299369
319412 299369
319412 299369
319412 299369
319412 299369
319412 299369
319412 299369
319412 299369
319412 299369
319412 299369
319412 299369
319412 299369
319412 299369
319412 299369
319412 299369
298066 332298
331311 294424
307584 318340
320140 300618
315073 312878
354611 296947
308980 336038
323802 301686
318093 313430
337982 298040
309054 320743
334461 299836
315525 316071
311995 318615
341766 300680
309937 333951
326766 305852
314803 321139
323087 316939
324818 308655
321245 320909
348373 301409
312877 334161
328663 306427
328499 318882
315425 326768
319437 323017
324567 322569
325839 321571
317188 324829
317504 324783
353532 301677
314247 346388
346508 307012
331793 309529
320018 323280
328616 319216
317028 328549
330977 318034
315608 337842
316051 332672
314718 343899
352019 309015
317057 343969
332858 310221
331119 324365
319063 339135
319151 335469
319739 329525
324119 324735
320709 327129
322258 325301
356318 310659
317197 346451
336812 312252
355138 312201
324730 324776
319733 338804
334338 321319
321383 332300
324694 330979
334845 319470
334941 314775
336116 314548
357519 311247
317305 357597
338192 312955
320814 342930
321739 335895
319813 350862
325849 325873
335884 317172
334197 325360
335431 322025
320000 347838
324832 333765
325344 331809
325791 328268
334535 325115
351232 313030
323009 347984
338823 314753
329937 326362
326008 328687
334298 325838
323549 339635
324179 335950
325424 332370
335797 322216
323491 345590
338528 318158
336680 319608
336741 318750
358801 315136
325970 342969
343399 315831
326646 333096
329015 329254
338082 319279
336279 323486
341024 317264
332453 326798
335429 326761
360947 315474
326815 336800
351325 316576
347651 319484
330565 330678
329529 335349
334668 327342
339617 320451
333786 329147
336951 323597
336311 323796
341776 319600
328001 336148
340898 320036
362297 315918
327066 341317
356509 317569
342875 320234
328279 336938
330806 333251
337025 326493
339753 322409
350885 319733
350820 320123
333767 332320
336976 327632
334045 329727
339938 321593
328021 340273
333802 329948
327449 340720
356976 319355
327158 356173
327584 346382
355097 320267
345735 320778
335191 329832
330890 333480
329227 340182
330346 337565
337742 327669
339720 327253
340236 323425
343890 321609
341292 322582
342552 322056
360971 319660
328100 371920
329828 343064
355817 320679
347551 320896
341810 324016
332326 336966
345637 321742
360664 320354
340495 326441
334253 333748
331794 341140
336656 330977
334059 335198
336977 330650
339583 330064
339585 329450
329894 341301
346334 321687
347618 321498
330060 358233
331613 349510
333633 337648
341057 328489
337266 331747
344299 324053
335256 335432
336780 334357
341879 326498
343501 326083
343572 324258
351146 321661
333454 349643
334865 337940
342320 331188
347711 322718
335902 336601
338054 331939
337463 331989
342861 327148
345270 324311
344322 327125
344783 324404
356776 321725
334340 354773
338083 334337
335160 339270
344036 328292
334507 351533
348011 323628
353165 323499
345920 325404
354879 322174
345427 327186
350737 324261
335817 343125
344089 329006
343043 334580
348519 325907
340704 336116
338492 336667
337916 341355
338110 338542
349102 325054
337243 342881
356120 324394
337276 347140
338840 342692
341241 337181
349692 327498
339340 337233
344174 333433
345668 329085
351232 326179
353645 325940
354921 325586
345483 331462
344309 332591
345538 329552
356586 326816
337610 351515
351021 329309
341264 337698
340024 344327
341156 343871
346588 329569
344958 332681
344256 334908
345715 329678
344282 334761
358932 327382
338047 353570
340584 345576
354644 329767
348611 329830
341765 341051
345155 339671
357925 328179
345418 334987
346531 330149
346190 333490
343386 340226
361181 328138
340677 351640
347718 330316
360198 329923
346926 334659
343113 344821
346814 339701
344897 342886
341412 348765
346080 342749
342815 347692
346470 340124
342452 348391
361343 330869
344288 351992
352277 331071
345224 351122
346519 345436
349558 331240
347228 337408
348209 334498
346809 343924
347929 334517
347214 339954
347011 341513
347178 341095
349778 331934
345076 353903
348200 338494
346760 346827
346871 346315
349301 338278
349697 335998
361545 331942
345111 356496
350088 332022
346821 347543
348990 341315
348927 342641
360094 332294
349324 356573
350405 332508
370521 333119
350608 341182
358705 334388
352621 337206
353850 334916
351891 339459
362922 334749
351184 342739
354860 335070
351545 341882
353659 338025
353692 337831
355893 335546
351737 347901
355467 344806
352496 345847
357342 337439
353718 357185
354099 346962
367727 339052
354916 353964
357445 342754
365200 345187
365297 353991
366422 354878
355676 293048
291373 357047
316185 294674
340824 294509
297531 324737
295929 342752
295929 342752
340824 294509
355676 293048
291373 357047
312869 302185
301614 310201
313588 302027
312869 302185
299590 320194
301614 310201
301375 313282
299590 320194
297531 324737
295929 342752
291373 357047
301375 313282
301614 310201
316185 294674
301375 313282
297531 324737
355676 293048
340824 294509
313588 302027
316185 294674
312869 302185
355676 293048
355676 293048
355676 293048
355676 293048
355676 293048
355676 293048
355676 293048
355676 293048
355676 293048
355676 293048
355676 293048
355676 293048
355676 293048
340824 294509
340824 294509
340824 294509
340824 294509
340824 294509
316185 294674
316185 294674
316185 294674
316185 294674
313588 302027
313588 302027
313588 302027
313588 302027
313588 302027
312869 302185
312869 302185
312869 302185
312869 302185
312869 302185
312869 302185
312869 302185
312869 302185
301614 310201
301614 310201
301614 310201
301614 310201
301375 313282
301375 313282
301375 313282
301375 313282
301375 313282
301375 313282
301375 313282
297531 324737
297531 324737
297531 324737
297531 324737
297531 324737
297531 324737
297531 324737
297531 324737
297531 324737
297531 324737
295929 342752
295929 342752
295929 342752
295929 342752
295929 342752
295929 342752
295929 342752
295929 342752
295929 342752
295929 342752
295929 342752
295929 342752
291373 357047
291373 357047
291373 357047
291373 357047
291373 357047
291373 357047
291373 357047
291373 357047
291373 357047
291373 357047
291373 357047
291373 357047
291373 357047
347660 295712
298129 332064
303131 318479
313215 303061
307673 311905
330799 298091
301351 328048
344988 297539
317648 298907
313215 303061
327877 298215
318550 298561
301351 328048
307673 311905
305285 315761
305285 315761
298129 332064
298129 332064
330799 298091
327877 298215
345829 296285
347660 295712
345154 296763
345829 296285
317648 298907
344988 297539
318550 298561
347660 295712
344988 297539
345154 296763
318550 298561
345154 296763
344988 297539
347660 295712
347660 295712
347660 295712
347660 295712
347660 295712
347660 295712
347660 295712
347660 295712
347660 295712
347660 295712
345829 296285
345154 296763
345154 296763
345154 296763
345154 296763
345154 296763
345154 296763
345154 296763
345154 296763
345154 296763
345154 296763
345154 296763
345154 296763
345154 296763
344988 297539
344988 297539
344988 297539
344988 297539
344988 297539
344988 297539
344988 297539
344988 297539
344988 297539
344988 297539
344988 297539
344988 297539
344988 297539
330799 298091
330799 298091
327877 298215
307673 311905
305285 315761
301351 328048
331817 298803
301401 333672
328373 308068
313622 329180
316841 318344
322804 314038
306976 329647
319436 316573
345305 304442
308180 341588
311438 331487
336797 310952
317005 328315
343724 309817
331469 313362
318254 322761
328694 316541
324515 318325
322435 321519
351527 309213
312313 338676
325805 319386
312389 333342
335169 313380
331099 316580
346949 312196
318227 330836
322821 324482
318461 328236
322737 326679
333435 313611
347874 311513
351078 309929
351233 309482
358617 309989
312470 333997
318617 329200
348797 313838
327206 321267
335173 314604
317422 333485
334715 316723
329528 319692
331316 318148
331586 317009
329187 320865
327308 320924
356175 314085
312979 341863
314723 338686
324478 329851
318826 331428
327532 326259
345459 314897
352190 314382
340545 315057
328122 322392
337053 316839
331415 318701
330126 320884
334026 317276
318894 331177
314719 341238
341904 315643
315612 355638
319072 340449
317719 352101
327307 330071
322933 332255
328271 324574
319189 332897
338186 316958
331358 321874
335866 318560
333150 320575
334201 318790
352529 316887
319488 342088
343709 316903
321088 334760
319628 340963
331457 323855
327796 332666
338466 319998
334445 321138
323131 332830
341768 319076
330085 327239
333320 321631
330064 328007
322112 333799
328733 329794
340550 319923
327850 330281
328257 330112
352945 316924
319685 346369
323050 339719
330079 328968
333630 322132
346114 317705
340811 320456
332161 324884
327508 333272
342167 319121
323997 337387
325124 336190
325652 333804
353803 317764
321085 348389
345653 321424
335200 322975
330300 329371
347593 319126
323054 343420
328530 334699
333330 327735
334661 326062
324098 340412
325923 336060
327406 335824
325800 338313
325348 339217
351479 320729
322934 352391
340045 323315
349909 322365
335201 323361
331236 331482
327228 336910
332469 329437
324749 345870
326145 343456
324476 351116
326943 339485
359988 321829
326072 356489
352224 323053
344714 323445
326252 345330
331307 332078
326137 350281
328087 339047
330528 338862
339321 324055
335597 326190
335284 330796
336303 324565
334978 331896
358308 323420
326378 348534
351733 324608
337265 324665
328541 341340
331574 332699
335660 329811
331411 337272
337118 328801
357821 323702
330364 339431
347985 325166
326382 354605
330662 339940
329929 352222
345048 326322
332448 336067
338138 326745
335360 333628
327093 354316
336647 330093
336226 331528
337396 327813
338088 327672
341874 326781
329675 355254
330913 348164
331205 341017
333426 336635
336269 335450
340654 329357
337068 332321
338406 329564
337323 330209
336752 335097
341525 328017
340949 328866
338279 329578
347783 326891
331372 342226
333997 338769
342315 327463
337703 337811
337733 333935
342002 328370
340215 330697
338054 332403
334924 337829
339845 331200
345834 327598
331877 344022
337330 338835
339000 333045
334305 342564
343803 329631
342623 330562
340669 331670
334770 340211
336670 340082
339945 332718
348057 328251
332552 344948
336582 340569
342427 331986
340268 337037
345891 330128
335467 342723
340967 335614
347911 329165
363154 328415
334923 345531
348397 328776
341269 339231
343461 333880
346121 330508
344714 332894
338112 341698
339403 341173
336214 343633
335935 344069
353957 328872
335680 351335
338643 343006
342767 342244
343001 339430
337180 345994
335716 347283
346762 332539
343521 335004
344661 334937
351619 329618
351161 331223
349351 331504
347789 331717
348288 331670
354482 328879
337409 346249
343425 342066
348676 331819
345918 335931
343916 337742
353502 329835
347043 332781
343866 341958
354340 329688
350709 332155
337465 352267
344462 345777
340031 347365
349203 338177
338155 350800
349677 332173
344993 339772
345165 338666
355691 332604
340238 350161
350129 333023
346612 338844
341589 347843
345479 343707
344721 346288
346360 339472
365344 333547
342194 351867
352131 335723
344376 348412
351393 341763
345804 344656
348392 342309
346440 343504
368413 336144
342596 355681
346645 347811
353411 341929
355013 336868
358341 337015
347757 351003
354267 342084
360125 337364
348391 351240
354870 347497
359585 340358
349146 351180
359807 342752
352737 356578
360685 346264
365924 347571
