37 0.652249
317766 280516
282029 338023
282029 338023
317766 280516
308619 292526
292842 320770
292842 320770
282029 338023
303256 296133
308619 292526
299456 307524
295864 312911
299555 300557
295277 314408
303256 296133
299555 300557
299456 307524
292842 320770
295864 312911
295277 314408
299456 307524
317766 280516
317766 280516
308619 292526
308619 292526
303256 296133
299555 300557
299555 300557
299555 300557
299555 300557
299555 300557
299555 300557
299555 300557
299555 300557
292842 320770
292842 320770
292842 320770
292842 320770
292842 320770
292842 320770
292842 320770
292842 320770
292842 320770
292842 320770
292842 320770
325302 288444
292951 331104
292951 331104
307484 299330
318471 295440
319520 295009
295008 327821
296026 318137
322657 289181
296428 318065
301370 307794
300756 316232
295008 327821
302624 303805
300868 311428
300756 316232
304895 302520
302624 303805
325302 288444
322657 289181
318471 295440
307484 299330
307484 299330
304895 302520
304895 302520
292951 331104
301207 309793
301207 309793
300868 311428
318471 295440
296026 318137
322657 289181
296026 318137
318471 295440
300868 311428
325302 288444
325302 288444
325302 288444
322657 289181
322657 289181
322657 289181
318471 295440
318471 295440
318471 295440
318471 295440
318471 295440
318471 295440
318471 295440
318471 295440
318471 295440
307484 299330
307484 299330
307484 299330
307484 299330
307484 299330
307484 299330
307484 299330
307484 299330
307484 299330
307484 299330
307484 299330
307484 299330
307484 299330
304895 302520
304895 302520
304895 302520
304895 302520
302624 303805
301207 309793
301207 309793
301207 309793
301207 309793
300868 311428
300868 311428
300756 316232
296026 318137
296026 318137
296026 318137
296026 318137
296026 318137
296026 318137
296026 318137
296026 318137
296026 318137
296026 318137
296026 318137
296026 318137
296026 318137
296026 318137
296026 318137
292951 331104
341420 288522
294561 334508
329569 290319
320517 295135
341420 288522
308221 302303
302064 317814
318570 296228
313947 299589
306761 304733
301158 322929
313219 300586
297425 323718
302710 313437
302064 317814
297178 327330
297154 331476
308221 302303
306761 304733
297425 323718
304315 308611
305198 308562
301158 322929
297178 327330
303823 311574
318570 296228
313947 299589
297154 331476
294561 334508
320517 295135
297154 331476
294561 334508
313219 300586
318570 296228
301158 322929
303209 312311
305198 308562
303423 311671
302710 313437
313219 300586
302064 317814
305198 308562
303209 312311
313947 299589
302710 313437
302710 313437
303823 311574
304315 308611
297178 327330
304315 308611
297178 327330
341420 288522
341420 288522
341420 288522
341420 288522
320517 295135
320517 295135
320517 295135
318570 296228
318570 296228
318570 296228
313947 299589
313947 299589
313947 299589
313947 299589
313947 299589
313947 299589
313947 299589
313947 299589
313947 299589
313947 299589
313947 299589
313947 299589
313219 300586
313219 300586
308221 302303
308221 302303
308221 302303
308221 302303
308221 302303
308221 302303
305198 308562
305198 308562
305198 308562
305198 308562
305198 308562
304315 308611
304315 308611
304315 308611
304315 308611
303823 311574
303823 311574
303823 311574
303209 312311
303209 312311
303209 312311
303209 312311
303209 312311
303209 312311
303209 312311
303209 312311
302710 313437
302710 313437
302710 313437
302710 313437
302710 313437
302710 313437
302064 317814
302064 317814
302064 317814
302064 317814
302064 317814
302064 317814
302064 317814
302064 317814
302064 317814
302064 317814
302064 317814
301158 322929
297425 323718
297425 323718
297178 327330
297178 327330
297178 327330
297178 327330
297178 327330
297178 327330
297178 327330
297178 327330
297154 331476
297154 331476
294561 334508
294561 334508
294561 334508
294561 334508
294561 334508
294561 334508
294561 334508
294561 334508
294561 334508
294561 334508
347077 290773
297253 328715
325278 295397
317609 307946
323791 295476
302578 322605
306515 311695
305235 321711
310514 308908
306084 315640
314252 308618
306359 315552
339267 295466
301011 335477
332680 296545
307844 323204
307740 332381
328909 304382
309338 314462
314036 310760
328633 308045
318521 310351
309486 312696
322788 308509
322253 309887
343172 298635
305988 335487
310447 313850
308961 332765
334616 304953
333038 309759
320858 312668
326962 310914
316352 313428
328281 309788
318564 313224
346279 305985
307578 337329
310715 317269
309305 336066
321491 312733
341267 308873
332329 310613
331289 312432
316450 313861
311824 313911
344777 308257
345544 307405
331495 310966
340973 311016
309490 340534
311731 329946
311832 319514
330594 313798
311303 338263
336253 311772
315856 318515
321755 316594
325047 314967
323415 315613
322120 316093
324741 315508
358959 311920
311909 338027
339990 314213
324277 317161
330658 314798
317320 319354
312919 337040
313687 331360
316465 326803
338774 314605
316338 329997
316803 324219
317032 321789
314110 331046
346089 314489
312852 340965
315297 331716
335591 315562
320029 320554
325949 317768
332357 315769
326977 317350
318092 325227
319738 324073
316793 328564
316815 328051
333070 315794
313318 342381
316859 334844
322343 320914
317475 329739
327681 319766
328848 317512
322192 324149
319517 325618
317402 333313
319886 325605
327889 317918
336724 316280
314005 351821
317810 337003
319987 334691
334783 316620
321507 326722
330097 318005
327769 323001
329428 319268
325352 323234
322561 323357
321572 325769
337499 316799
321030 341665
321642 333271
331562 318995
327005 323357
323513 325761
321886 327379
326521 323549
335890 318097
333836 318928
344211 316851
321050 345436
321822 333985
340420 318125
328949 323571
333940 319351
332961 320574
326644 328603
323850 330658
328338 327062
342767 317330
321930 331266
371605 318479
322039 342279
341812 318800
329046 331551
324095 332771
324063 339750
329338 324458
330231 323629
338315 320130
337236 322346
323466 341310
337947 322243
351700 319735
322081 346829
330643 324842
326025 333945
324110 336305
334444 323926
347667 321130
337952 323537
338851 322048
342169 321983
345947 321753
343621 321874
347994 322438
324967 346976
327249 337889
334760 325184
342046 324185
342521 322880
330386 333993
329578 336931
332594 329132
330947 330903
333131 326869
331266 330009
334103 326660
349376 325068
327606 337954
332217 333424
335322 326117
342184 325969
334567 329853
347272 325963
334866 329188
330885 335919
330456 336501
351614 326307
328209 342484
339438 327155
331006 339683
335392 328787
332971 335009
334772 334183
356905 327631
329197 348881
343198 328146
330126 344165
334333 336417
337682 331572
335878 332458
334420 335915
348849 330611
329896 359372
346253 332964
333390 353486
336261 334744
333850 344186
336100 338737
335571 343290
352108 330771
336323 334834
347484 334758
341018 336211
336378 340787
337294 337489
345258 338266
339257 348601
342679 339463
345446 338588
340895 357276
343331 346072
355078 340331
346944 343258
354032 361932
