1 0.0701476
845136 777890 757878 823481
823883 752087 806756 837158
809312 801748 793431 754206
805963 789099 752391 825579
804367 763826 804809 846335
780954 776027 834792 842143
775726 837047 804814 785037
753860 797812 784919 795516
785239 787034 793095 764508
768123 793779 790877 808959
790967 824710 772656 825626
815942 790905 774450 813919
811022 829563 766015 797394
783752 772100 827651 788890
816825 784339 769414 780428
831853 760260 789899 845519
829634 779307 825747 794525
786989 762058 820375 808608
796083 775372 815154 829669
822573 808208 755091 819170
819565 816449 760131 776558
828481 825872 788915 772556
786483 816387 779501 774570
797970 818177 770904 818273
823883 752087 806756 837158
797695 809629 783943 805850
772138 782889 800449 808618
837133 777233 809268 791829
794638 781444 801627 793073
803524 780660 803995 803753
818368 755585 806786 796750
815428 769031 786388 801404
828481 825872 788915 772556
807892 778026 796945 807349
811022 829563 766015 797394
809358 758809 791905 816285
794230 795586 771646 807038
823173 812996 761596 808972
777112 805653 799056 789580
768123 793779 790877 808959
805133 803531 789648 784708
802592 802572 771567 791048
799034 756436 827447 810874
786304 774150 817830 811446
817878 783819 793152 779423
804367 763826 804809 846335
836573 770113 818530 790917
799714 771041 812344 801457
810429 798039 791427 787724
806420 776935 812041 798562
807116 789054 785143 831962
813537 773753 782661 814898
777112 805653 799056 789580
807116 789054 785143 831962
823173 812996 761596 808972
805963 789099 752391 825579
813537 773753 782661 814898
789871 795821 781598 808570
806794 769795 792849 816844
815417 775425 786328 799471
785627 779921 786186 827378
797804 814573 781354 798214
799044 771963 809104 819631
823379 780403 798438 799349
806678 777971 800037 819926
799714 771041 812344 801457
818317 771868 758018 818592
789871 795821 781598 808570
836573 770113 818530 790917
810429 798039 791427 787724
810444 777339 797285 810677
805133 803531 789648 784708
797804 814573 781354 798214
785627 779921 786186 827378
837133 777233 809268 791829
786304 774150 817830 811446
810444 777339 797285 810677
806678 777971 800037 819926
815428 769031 786388 801404
818317 771868 758018 818592
880610 794922 805940 776919
849200 835127 765299 812332
827170 764845 794489 837290
821364 768803 800622 857065
811860 794337 818711 766718
792324 848126 792855 802941
787681 793052 846906 812749
770553 803543 799157 796674
860256 798843 769866 796085
775729 801590 835180 823538
792324 848126 792855 802941
792557 825753 783122 777124
810100 833661 771539 829317
828668 775887 828551 819428
794462 784817 844933 790366
799713 789082 814411 849347
804365 807320 821095 787674
818400 771155 824384 820881
823255 784033 807427 825584
789967 815755 786840 810194
849200 835127 765299 812332
809983 798712 778255 839683
805775 787452 816938 791608
835326 781515 799662 803745
802033 810934 832020 784082
802095 814068 773522 835629
805066 822310 784945 810278
819666 770986 795654 828189
798623 811848 804848 772443
843939 776169 832717 795377
857445 795480 771589 823766
837694 778831 830969 803822
826764 803443 797329 776505
843733 803688 778113 809445
782930 801139 808769 844382
782930 801139 808769 844382
830054 776513 790658 804042
833408 787085 777379 839848
775729 801590 835180 823538
785105 810157 794933 833498
832136 796750 774116 809560
798143 769330 833191 812051
798623 811848 804848 772443
789443 813565 786309 827070
804854 791425 812293 813093
796886 782191 814495 794185
781339 811010 792235 833490
828352 824251 767781 813747
860256 798843 769866 796085
818897 786960 778893 830620
857445 795480 771589 823766
814028 809868 782829 815628
770553 803543 799157 796674
828352 824251 767781 813747
839719 792936 797781 781740
789277 799529 793804 788871
829802 805046 790390 794173
806326 787061 788618 845838
839811 802981 779731 806218
794531 794791 824549 811860
820831 802801 786444 799127
794462 784817 844933 790366
792679 795760 808117 835949
812831 809910 774170 805455
785087 802298 818618 821252
804139 800591 776400 823300
836878 799948 785540 786607
818238 793122 782262 803820
805066 822310 784945 810278
805425 793139 803339 794544
837694 778831 830969 803822
794600 790462 798989 815371
817297 786128 802483 818211
806150 782276 797531 836977
812048 791448 799172 782167
812344 788521 793188 807793
815225 813722 783551 799456
826411 785738 801465 819873
836187 811514 786865 788709
806326 787061 788618 845838
797503 799483 814328 814703
817297 786128 802483 818211
839719 792936 797781 781740
787681 793052 846906 812749
800999 793691 800638 807188
803198 805903 787732 815196
803081 809420 786838 824316
813421 796070 793058 833077
792626 812029 788434 804957
804139 800591 776400 823300
836456 801420 783014 800202
839811 802981 779731 806218
819465 805177 779140 807018
811495 803494 783014 819270
781339 811010 792235 833490
810229 786273 800616 812984
836878 799948 785540 786607
789967 815755 786840 810194
804854 791425 812293 813093
822990 786292 800848 794506
814824 802459 790400 801737
822603 784300 805892 820315
785087 802298 818618 821252
833393 787179 783451 792432
799905 803342 789065 811272
826411 785738 801465 819873
803081 809420 786838 824316
828469 788433 782935 809789
800258 788861 797920 830264
828230 776138 806612 823431
796963 813963 790394 797242
833393 787179 783451 792432
814824 802459 790400 801737
800258 788861 797920 830264
822603 784300 805892 820315
803198 805903 787732 815196
813142 801261 791432 810760
799905 803342 789065 811272
813142 801261 791432 810760
797503 799483 814328 814703
794600 790462 798989 815371
805402 795708 801974 804885
813421 796070 793058 833077
818600 804591 779299 794528
813083 789437 814375 806211
833408 787085 777379 839848
794531 794791 824549 811860
796963 813963 790394 797242
813083 789437 814375 806211
805402 795708 801974 804885
818600 804591 779299 794528
815225 813722 783551 799456
828230 776138 806612 823431
812048 791448 799172 782167
848902 780648 815538 808849
846275 777450 809881 814270
840216 815117 776137 810369
819829 780467 836261 814311
815640 852849 815676 779906
807383 818591 786699 848031
800558 826166 818137 773190
774171 820296 822151 824010
806865 836965 784859 838075
810846 783972 828594 821735
833256 843522 787322 786092
805182 832551 811971 784197
819326 824084 809454 775165
816318 783379 805765 845698
807989 786704 820634 823194
802898 797166 810546 832190
786320 813521 816303 814871
796875 827103 823456 790548
813081 841986 786098 807500
827434 796148 829823 793894
838377 779077 801364 822397
819829 780467 836261 814311
779067 814873 803996 818687
779940 813389 804810 838680
817797 810667 783716 810826
795350 798140 805073 835128
829564 810883 790330 802962
811734 827149 779847 824455
821194 783246 818099 829543
818307 824538 802171 782231
791836 800697 796003 807789
780487 812780 804792 816401
791836 800697 796003 807789
823854 814483 777905 807555
831147 788440 812490 794894
820302 807569 792475 819879
821738 804071 780758 826348
821738 804071 780758 826348
795350 798140 805073 835128
784025 816460 813821 801453
840216 815117 776137 810369
813871 810671 787997 814901
818159 787798 818523 831073
804554 793875 803444 809492
828539 806152 799504 787771
834465 806396 793179 793592
832873 799210 791094 811254
804390 815880 814800 783298
797338 808104 806928 790697
832658 782066 801629 846058
806322 795133 822539 796314
836805 819336 817568 783103
833936 794835 793311 811622
815303 792033 797292 824423
779781 813682 814969 846663
830120 814368 788964 806223
845191 793295 786516 816710
811644 819510 813691 790107
831403 808740 789585 814421
826623 801338 797005 805705
799252 803847 829375 803662
807032 792428 811872 819406
784413 805640 808838 817464
812750 795583 802066 798361
843816 781160 822527 808918
818443 802388 795201 810271
812132 803347 804111 806862
826427 820761 804801 783953
816633 806348 792948 801737
826427 820761 804801 783953
830343 814818 818986 786876
781801 809729 821620 811349
811734 827149 779847 824455
798896 817632 800831 799692
799211 809065 794859 804078
821191 803711 793866 799760
846747 803147 798048 794246
815826 796461 796247 814120
830203 817992 800766 786913
833965 786777 798083 805494
811185 804598 809143 793846
833046 797196 778262 810291
836621 792764 794726 805294
781801 809729 821620 811349
807383 818591 786699 848031
836621 792764 794726 805294
818910 793422 799030 811022
844234 781425 808722 821793
813009 816440 799072 800769
797338 808104 806928 790697
823155 788258 804052 796847
798503 809874 799738 800352
811082 794789 809520 809067
798503 809874 799738 800352
815826 796461 796247 814120
815060 826775 797758 798974
831147 788440 812490 794894
784413 805640 808838 817464
831210 802059 807920 790458
834465 806396 793179 793592
827434 796148 829823 793894
797506 817786 791953 799099
797506 817786 791953 799099
823261 795898 792790 814390
823155 788258 804052 796847
832680 819436 787006 798494
818984 803814 809473 789019
831210 802059 807920 790458
846747 803147 798048 794246
815060 826775 797758 798974
843816 781160 822527 808918
844234 781425 808722 821793
805797 808972 799597 799883
818984 803814 809473 789019
815303 792033 797292 824423
836805 819336 817568 783103
830343 814818 818986 786876
805797 808972 799597 799883
779940 813389 804810 838680
833046 797196 778262 810291
844779 821967 838102 792938
839184 783976 813446 833951
835853 828631 810458 784047
824814 802890 798211 844415
815696 843087 781065 830640
812593 807746 859638 803267
780755 834235 813017 822831
841954 793683 839481 800503
793275 805621 807612 837942
805740 809161 815372 796291
780755 834235 813017 822831
835113 841183 795875 804274
814959 815348 790663 828604
839642 795405 834374 815468
807907 809724 800462 834560
824404 792318 798792 830288
796418 824079 802052 811717
803586 806914 822330 809227
831734 818295 785708 808880
819734 828989 792959 814818
827271 793911 826912 829959
799479 813942 794972 808433
805567 807913 829030 808213
816006 831572 793380 818069
814897 797209 804626 825812
804056 811413 797144 831841
795706 817159 797300 816272
824309 794070 802364 820664
833977 804471 805150 812589
831758 807353 807994 807237
834451 797613 781246 825298
798850 806276 825177 816707
819054 801798 811594 801460
816823 797901 807481 818843
801851 808192 809100 803707
811809 801696 799891 817678
834242 801761 784658 810449
829108 799289 800337 815459
803508 811823 810668 801907
831359 805291 805787 815180
798414 808914 808361 811745
813837 798465 808957 830660
805706 803638 807760 814571
829963 811501 802597 802691
815957 798730 802828 818803
811809 801696 799891 817678
824309 794070 802364 820664
861447 801876 784942 826006
841435 805267 782593 834923
830331 799002 835597 826961
829583 821376 801121 842782
827094 863181 812181 802835
805888 828086 820189 798921
796098 818550 848385 821603
832016 837706 794096 809042
833851 817077 797933 830740
838049 805283 795953 821392
817472 827467 814680 806930
849023 813262 818224 808361
840993 807621 832937 814520
804440 821141 816681 812716
829846 835360 800393 823679
850968 812503 804986 817157
827985 811603 825727 800280
825129 836014 798594 836864
830015 803931 826288 815829
822397 802042 809947 839545
809835 812818 805048 840016
818511 820297 820050 811158
806752 816039 809556 811392
823257 822984 802313 811302
814021 821514 805900 813186
817081 808766 826010 817987
824033 799510 806160 822232
816826 814172 803863 813915
841344 810741 806517 813603
829886 807094 815137 817070
815724 809007 820127 826371
853899 834753 809294 832519
838864 806834 812870 861118
838095 801942 834004 840761
829109 814294 848163 805951
817399 836898 836691 805600
815658 846559 816064 820195
839501 811188 814506 844497
849838 824401 815996 811870
831082 808120 832858 818127
817666 820614 820906 817432
822771 818901 815220 823130
819202 828434 819181 818949
827846 827320 813265 813941
820801 833865 812239 812701
830921 836725 810614 836836
834420 822662 854188 806954
822865 818910 820773 835382
821097 836370 813389 822652
831203 825183 823710 828239
824687 822117 818570 832183
