5 0.202085
794573 775214 792908 794143
807571 805091 747873 788251
808732 820153 825830 757519
807571 805091 747873 788251
822307 752570 807578 821680
762256 807031 831738 840050
824198 805823 815070 819613
839634 786837 810374 809015
845359 840998 818414 838889
810426 805207 798237 819149
788285 782417 809476 781176
850272 809623 787717 855846
843660 834037 798614 816643
808806 790401 803208 819801
814020 809394 776750 790818
800264 821957 792154 812066
810930 807440 789243 775705
846669 823071 783550 845297
810303 805827 775295 778091
793861 842093 805865 832229
810441 807054 801246 817113
829476 792675 797066 819072
813641 806907 808249 821233
808644 818122 812474 805070
820803 829720 795475 790666
818686 804536 819473 812100
789199 830601 817615 812270
839408 843940 804670 816327
812244 841742 802591 800463
816984 766816 789266 800051
828987 841528 851939 782382
814184 803466 830188 843049
818550 812541 789091 765267
850529 806546 794410 816098
801755 829373 810297 808637
811076 823794 846450 806144
833312 837185 822165 790146
822419 831324 788300 823699
806622 802725 807147 779413
806795 817631 808492 801132
790920 813702 803221 796154
826652 803933 815022 815589
835283 798361 799944 833924
814466 797967 832011 813215
819380 804360 834721 801615
783077 796167 790935 820749
825314 827140 798638 813484
824414 770849 805168 819429
793753 788410 813915 823837
855326 821677 830385 819993
811284 809876 796637 810863
790212 811446 803127 828748
813601 788620 793725 828766
827719 832842 827914 777905
828780 808799 784516 830009
827207 792887 804299 829282
811528 775480 833833 794679
825242 802118 795431 819559
828379 808403 790529 813193
832327 825875 824487 798210
811584 809097 825469 788225
840096 775826 837005 827170
822375 843090 799948 826007
815008 779871 796163 829421
824676 796347 804775 808021
813468 836981 789173 781507
817045 810557 793507 800817
840383 840521 797579 839417
787235 800306 824208 811020
812351 831164 816456 818014
844229 810768 807941 831475
826301 792430 830734 807221
832675 826312 823507 812404
837548 810316 802542 791035
797585 762908 809874 809505
844341 825182 804013 825180
821819 829422 783874 755498
802663 815422 810899 818960
832912 789181 833248 819441
803562 797911 790240 793901
818693 822893 793361 819325
845748 794389 815630 819227
830132 792018 784271 846173
818683 820589 818377 797154
819660 805171 816182 814042
807331 799042 793276 824176
823698 815592 782488 791995
814862 816320 781406 818344
808701 828773 803193 797017
851498 793919 810206 816611
798582 826602 834262 832136
819894 819045 784222 777264
835075 794969 824092 838397
814064 790233 808025 808301
823312 794899 810352 833687
808244 793799 781930 837409
850442 808316 819098 824411
852131 809984 801226 770758
813625 788115 803920 827160
829167 810320 803007 837126
824462 783964 791797 787417
765490 788986 779727 803843
810818 798818 796488 802165
826374 832050 805726 807985
836343 825135 814472 810010
810956 829423 803835 841171
823556 791626 817189 808215
822200 815319 828279 807213
784045 806112 823279 808095
815856 832606 793782 774019
782511 820238 821434 797801
815687 813341 775264 813491
805512 821904 800908 811304
821106 807545 807113 835584
820006 787355 814168 815585
819853 804862 808267 795281
805319 825947 823810 804742
817702 790973 798220 818056
825469 829352 831226 817681
820914 806147 790476 797784
819177 817774 782450 803594
820600 814862 816032 840894
822892 777248 839820 790421
803943 796442 810994 835039
826202 819704 797060 785038
844198 803909 797352 794659
817301 795891 803129 806764
812483 792192 817073 807521
834691 800516 837680 831196
832534 833405 809301 803622
824122 816346 818128 808730
824408 805713 797939 807403
782478 802516 787797 832826
839028 800724 798028 800746
820151 822291 809049 785223
814659 808125 803423 816649
843588 804103 808947 792430
812025 785661 798650 837196
782204 793269 802704 796026
819046 786690 797489 809882
814176 799464 799473 789478
851584 811789 818870 815685
825153 822571 805154 812244
816040 803794 819741 834844
824843 818226 814385 787581
833222 799618 784285 819751
838628 795796 815948 834951
817836 815930 826984 818513
829555 846305 818369 812588
798926 799011 818122 811933
847218 800351 830361 811261
816945 824195 806078 821659
805827 845617 821139 796035
814409 791942 804058 787212
862427 822808 805935 777557
840015 806116 812361 817320
804983 808191 819052 824503
831096 825891 800549 825823
797568 812770 788793 819973
826068 793058 813751 792851
808346 819873 787781 799846
844420 805209 801987 818681
814841 800478 817516 823332
812461 789367 812504 792132
847120 850221 797656 826974
822573 782352 806687 836118
832501 795975 808328 792032
798363 789073 813091 822344
838906 793461 796528 765362
850350 803672 816839 823011
820458 824221 834662 836464
842926 813056 852023 818990
813218 819534 798530 773872
838151 799987 802197 810979
816417 803653 809055 808897
846611 819172 813670 791374
