39496 160.414
148114 42758
70653 88254
73999 69179
73304 77304
72712 79637
72014 83370
73304 77304
72712 79637
83921 57281
82391 58403
147047 42820
144018 42841
140173 42927
95318 51140
95096 52583
71586 84083
71255 85441
71012 86901
142737 42920
71012 86901
97214 50821
95318 51140
87677 55685
71178 85581
70653 88254
90061 53452
89596 54497
107669 48119
105559 48184
86423 55789
84561 56502
89596 54497
88909 55346
95058 53048
93094 53143
78424 62250
78312 63424
114999 46523
113202 46704
77231 64520
75476 66718
74986 67604
83921 57281
117955 45811
74236 68186
73999 69179
76221 65620
76092 66636
123941 44255
76547 65196
119611 45644
92664 53208
74986 67604
74236 68186
116384 46339
114999 46523
80841 59912
79898 60345
78174 64087
103293 49256
81637 59411
80841 59912
91292 53451
72014 83370
71586 84083
101431 49571
100470 49871
122794 44522
117955 45811
116809 46055
85369 56425
98935 50270
97859 50514
102251 49496
122794 44522
122414 45144
77231 64520
85437 56139
91292 53451
110079 47266
109536 47703
112196 47032
78312 63424
78174 64087
100349 49892
111381 47153
82391 58403
81737 58755
111146 47204
90061 53452
81737 58755
81637 59411
79898 60345
79798 61001
79211 61698
78617 62062
148114 42758
147047 42820
110079 47266
99755 50195
76547 65196
76221 65620
137826 43067
137070 43095
120704 45492
88180 55403
79798 61001
79634 61463
108854 47821
101552 49550
99119 50204
108189 47871
107669 48119
116809 46055
116384 46339
119611 45644
109009 47796
97859 50514
97398 50755
105559 48184
105415 48603
129708 43717
126684 44040
105127 48832
95096 52583
95058 53048
88909 55346
88180 55403
86166 56082
79634 61463
79211 61698
122262 45257
102251 49496
121195 45319
120224 45549
104494 48914
84561 56502
142952 42902
132397 43444
86166 56082
76092 66636
75476 66718
108189 47871
128888 43792
127555 43894
104093 48924
103719 49131
121833 45284
124531 44217
113016 46957
112576 46966
121619 45301
127101 43895
109536 47703
130058 43672
127034 43995
135789 43174
143804 42858
139959 42944
139583 42965
138516 43027
136594 43118
136266 43150
135413 43195
134456 43276
134080 43297
133516 43359
133140 43380
132183 43461
131807 43482
130648 43634
130272 43655
129332 43738
127999 43840
126308 44061
125351 44142
124975 44163
124155 44238
99755 50195
103318 49141
105395 48811
113182 46908
132874 43420
120490 45509
131593 43499
134723 43235
128434 43793
125565 44125
93094 53143
92664 53208
129118 43755
127785 43857
126094 44078
124761 44180
139369 42982
139106 42989
136004 43156
131125 43610
130862 43617
143428 42879
138302 43044
138040 43050
136856 43112
135183 43232
128375 43819
78617 62062
78424 62250
112362 46983
121195 45319
133866 43314
133730 43342
104494 48914
104093 48924
103719 49131
131391 43570
143428 42879
138892 43006
105415 48603
113202 46704
70653 88254
122414 45144
134670 43259
132926 43397
131339 43593
120224 45549
111167 47170
125864 44115
71255 85441
71178 85581
105181 48828
98935 50270
97398 50755
97214 50821
135199 43212
125864 44115
142737 42920
144018 42841
138892 43006
122794 44522
117955 45811
114999 46523
109536 47703
107669 48119
77231 64520
72014 83370
129361 53729
121385 70782
121743 64696
128606 57738
144885 54562
125636 88869
132672 55415
143238 55041
126414 85246
126562 68695
130600 62826
130843 58089
128659 65098
126868 67062
130884 56159
127981 65219
143047 57096
126753 71748
128014 65577
132530 58656
142201 57388
130940 61121
131487 60412
140630 59516
127506 86023
128179 71337
131511 62027
130133 69733
137611 59797
134537 61223
135836 60927
128341 69912
141801 59860
128615 91726
130248 76699
131673 68245
130540 70465
136420 61133
133906 66587
138853 60739
134977 62194
139741 60417
134558 65275
140773 60921
130674 74891
137130 62810
131399 71912
134887 65494
133759 68268
134592 67939
134237 68089
145589 61056
131505 73126
136036 69762
134055 70486
137710 65451
145095 61643
139442 63012
141869 61667
140852 62724
139206 64624
138467 64872
141682 62009
146738 61529
131667 73138
140081 63717
142447 63140
138197 68951
134659 70976
144035 61755
134935 70695
139506 66154
138247 68252
138747 66303
150247 62968
131712 79804
133706 74335
143988 64005
135170 71104
138339 69909
140037 67302
133241 79738
141304 65166
148132 64952
133652 81410
143522 65426
142017 68055
135307 73764
147433 65187
134870 77402
133864 77666
140595 69375
137172 73198
137420 71363
139529 70596
138808 71162
143815 65771
134079 78531
142053 68474
135349 74245
140507 70885
136775 73776
141724 70167
138160 71436
137725 72139
135787 74117
137977 71814
147461 66226
134270 93830
135841 76572
134722 90538
142564 72410
145731 67544
138642 75856
143996 67714
142620 68928
140149 73005
139375 75758
139687 73063
151927 67341
136583 92708
136605 85459
148097 68895
136758 77653
144485 69612
142211 73249
143593 70973
139655 76284
140019 74196
139737 75835
154278 68222
137999 80101
150492 69100
140250 77261
147185 69988
142947 73871
140961 75359
143617 71853
138429 79261
145683 71066
150954 69608
138310 80919
140461 77596
143777 73813
150002 71486
145192 71936
144072 72503
152250 70700
138530 81897
141068 77759
144080 74522
151122 72506
146252 72866
146088 73266
154821 73746
139429 82277
144297 75558
142033 81515
143635 77871
142757 79318
148773 74573
150622 74256
150271 74370
156676 76303
142709 82316
150229 77112
143716 78520
144351 78476
158050 79118
142929 97064
143845 79764
143826 85143
155326 80161
144096 86077
145357 80926
160436 80925
146729 82059
150573 83011
153293 102802
148114 42758
70653 88254
70653 88254
73999 69179
73304 77304
72712 79637
72014 83370
73304 77304
72712 79637
105559 48184
147047 42820
144018 42841
95318 51140
95096 52583
71012 86901
71586 84083
71255 85441
142737 42920
140173 42927
121833 45284
97214 50821
95318 51140
71178 85581
71012 86901
122794 44522
90061 53452
89596 54497
107669 48119
95058 53048
137070 43095
78424 62250
78312 63424
114999 46523
113202 46704
93094 53143
121619 45301
75476 66718
74986 67604
138840 43029
84561 56502
119611 45644
117955 45811
74236 68186
73999 69179
76221 65620
76092 66636
77231 64520
76547 65196
120224 45549
110079 47266
98935 50270
92664 53208
91292 53451
109066 48019
74986 67604
74236 68186
116384 46339
114999 46523
80841 59912
79898 60345
78174 64087
77231 64520
109536 47703
72014 83370
71586 84083
123941 44255
122794 44522
107669 48119
105515 48806
83921 57281
138892 43006
97859 50514
140173 42927
85437 56139
111167 47170
83921 57281
133730 43342
112196 47032
79634 61463
82391 58403
81737 58755
111146 47204
91292 53451
90061 53452
81737 58755
81637 59411
79898 60345
79798 61001
79211 61698
78617 62062
88180 55403
113016 46957
131593 43499
130862 43617
148114 42758
147047 42820
97398 50755
117955 45811
116973 45900
100207 50108
102251 49496
101431 49571
76547 65196
76221 65620
132926 43397
127785 43857
127248 43978
87677 55685
79798 61001
124975 44163
124531 44217
112196 47032
104913 48849
104307 48907
100761 49869
99119 50204
78274 63591
78174 64087
85369 56425
84561 56502
134456 43276
116384 46339
82680 58322
83734 57686
97859 50514
134933 43252
134080 43297
95096 52583
95058 53048
88909 55346
87152 55732
86423 55789
86166 56082
79404 61510
109331 47796
120224 45549
119611 45644
89596 54497
89512 54897
103011 49245
142951 42903
125828 44118
89166 55053
88909 55346
86423 55789
86166 56082
76092 66636
75476 66718
83305 57981
82791 58119
81444 59599
102666 49349
101290 49796
103662 49214
103225 49228
80952 59709
105127 48832
100349 49892
129118 43755
144018 42841
143428 42879
136856 43112
136480 43133
135789 43174
135413 43195
132183 43461
131807 43482
130648 43634
130272 43655
129332 43738
127999 43840
126308 44061
124155 44238
99755 50195
110079 47266
109221 47994
103909 48990
113182 46908
89512 54897
89166 55053
87677 55685
87152 55732
99755 50195
88180 55403
93094 53143
135199 43212
129708 43717
126684 44040
85369 56425
83672 57957
92664 53208
104093 48924
83734 57686
143428 42879
136266 43150
136003 43157
132660 43437
132397 43444
125351 44142
130058 43672
127034 43995
81466 59571
79211 61698
78617 62062
78424 62250
102640 49454
116809 46055
101368 49616
102372 49475
82791 58119
80952 59709
80841 59912
100470 49871
81637 59411
128783 43805
128375 43819
116973 45900
116809 46055
82391 58403
129796 43678
126772 44001
116809 46055
128783 43805
128375 43819
125351 44142
83666 57972
103840 49141
101299 49767
83305 57981
113202 46704
70653 88254
132874 43420
126094 44078
126042 44101
78312 63424
78274 63591
71255 85441
71178 85581
103831 49170
97214 50821
142737 42920
123941 44255
77231 64520
73304 77304
72014 83370
133050 50910
118577 63227
124767 51057
120968 58899
140990 52901
125740 71133
134039 55140
129383 63443
127841 65534
126112 71021
137386 55072
140051 54925
145163 54737
126156 79928
144856 58218
139892 59158
127750 71328
129480 68735
127306 76195
137877 59804
132366 64008
134976 61926
129689 65392
135199 60994
126487 77860
130962 64218
147716 58994
129028 71334
131322 65975
139314 60286
144267 59744
132779 64610
137298 62671
135220 62676
151595 59950
129178 82368
131863 70337
148429 60238
141217 60801
139045 64565
135397 65342
132359 69518
133398 65668
139704 61260
133645 65544
139956 61240
132290 70281
152233 61968
130803 82830
133009 80519
144876 62273
133089 70418
140733 63573
138567 66134
139523 65221
135817 66836
134391 69540
134734 66858
133772 70331
155177 62899
132355 89925
133266 72555
144879 63319
137397 66971
142004 66015
134965 69118
142814 64465
133593 70529
133474 70861
146294 63335
133515 73895
143680 64783
135533 69142
134544 70605
140407 67138
138949 67282
152350 64013
134048 81439
134474 74720
144968 65968
147091 64276
141643 68297
134758 71995
139593 68506
137910 70303
137384 71706
148978 64447
134406 96042
135153 72862
145211 67073
136165 72160
145037 68744
142084 68802
139691 70378
140836 69246
138062 70636
138391 70590
141999 68863
151409 65375
135169 79466
136675 74583
135814 78448
147710 67735
146050 70017
149692 67006
141811 70230
140517 71305
143897 70087
136725 72773
138921 71757
138281 72337
149388 67969
137188 75168
142462 70353
147968 68655
139307 72332
141731 71790
155060 68014
137434 77716
142169 72194
149737 69203
139752 75171
139897 72547
151387 68883
138307 77326
153628 71790
137707 79436
144929 72477
139931 75317
139204 78423
152159 72236
141707 73180
139952 73397
154847 71889
140538 76421
145114 73188
141945 74837
140681 75278
140552 75617
145757 73652
140789 94166
141695 75485
140980 87440
144825 75446
145583 73857
147929 73868
141308 91708
141774 76244
144615 75669
146169 75666
147620 74538
146581 74644
146494 74740
151083 74167
141875 80280
143455 76852
148430 74323
149350 74359
142012 101051
143239 84445
148608 74692
143751 77043
143639 79371
146231 77367
144146 83569
144226 77439
145077 77558
144338 78922
151194 77754
144807 79051
146521 78169
147250 77919
150098 79251
159275 80197
150629 81143
150862 81660
151064 83656
153640 86417
154591 93743
