45 2.20153
1.54571e+06 1.55e+06 1.60442e+06
1.58835e+06 1.56022e+06 1.56939e+06
1.56238e+06 1.57706e+06 1.57569e+06
1.63578e+06 1.56681e+06 1.53048e+06
1.6156e+06 1.52038e+06 1.60588e+06
1.52349e+06 1.62507e+06 1.61431e+06
1.60625e+06 1.58643e+06 1.62451e+06
1.58114e+06 1.54443e+06 1.6127e+06
1.62407e+06 1.61318e+06 1.59711e+06
1.58582e+06 1.60839e+06 1.61855e+06
1.60231e+06 1.59567e+06 1.61746e+06
1.59208e+06 1.59723e+06 1.61993e+06
1.63134e+06 1.59254e+06 1.62995e+06
1.60725e+06 1.6386e+06 1.63032e+06
1.64073e+06 1.55233e+06 1.62454e+06
1.60249e+06 1.57985e+06 1.61504e+06
1.59439e+06 1.59126e+06 1.6234e+06
1.61069e+06 1.59944e+06 1.60376e+06
1.56753e+06 1.64415e+06 1.65266e+06
1.62021e+06 1.601e+06 1.61937e+06
1.58162e+06 1.5931e+06 1.67673e+06
1.60179e+06 1.58272e+06 1.63547e+06
1.60334e+06 1.59348e+06 1.64183e+06
1.61518e+06 1.56229e+06 1.62977e+06
1.63397e+06 1.61712e+06 1.65349e+06
1.62166e+06 1.56309e+06 1.59933e+06
1.6065e+06 1.55085e+06 1.65275e+06
1.61706e+06 1.61671e+06 1.57168e+06
1.59953e+06 1.60935e+06 1.62434e+06
1.62287e+06 1.57651e+06 1.66233e+06
1.57092e+06 1.59795e+06 1.64978e+06
1.62063e+06 1.59413e+06 1.61152e+06
1.60678e+06 1.60974e+06 1.62279e+06
1.65529e+06 1.62842e+06 1.6344e+06
1.59122e+06 1.60325e+06 1.63458e+06
1.61284e+06 1.5647e+06 1.6215e+06
1.62273e+06 1.59474e+06 1.62948e+06
1.60387e+06 1.61726e+06 1.61382e+06
1.59286e+06 1.57387e+06 1.63453e+06
1.58843e+06 1.61908e+06 1.61867e+06
1.60346e+06 1.57529e+06 1.61295e+06
1.6131e+06 1.59518e+06 1.62005e+06
1.63403e+06 1.61064e+06 1.64982e+06
1.62907e+06 1.61679e+06 1.58728e+06
1.59414e+06 1.60578e+06 1.60065e+06
1.61174e+06 1.57982e+06 1.59864e+06
1.60548e+06 1.59806e+06 1.6111e+06
1.62487e+06 1.60863e+06 1.6067e+06
1.61126e+06 1.61577e+06 1.60647e+06
1.58122e+06 1.54448e+06 1.64295e+06
1.62134e+06 1.62803e+06 1.5827e+06
1.61862e+06 1.57151e+06 1.6447e+06
1.62418e+06 1.58797e+06 1.61053e+06
1.60888e+06 1.60666e+06 1.59708e+06
1.62777e+06 1.57892e+06 1.64133e+06
1.56823e+06 1.61224e+06 1.64929e+06
1.57874e+06 1.56815e+06 1.64265e+06
1.60673e+06 1.57933e+06 1.61339e+06
1.60602e+06 1.60881e+06 1.62314e+06
1.60897e+06 1.59493e+06 1.63278e+06
1.55229e+06 1.59637e+06 1.65339e+06
1.59404e+06 1.61905e+06 1.63385e+06
1.62342e+06 1.60119e+06 1.6276e+06
1.57158e+06 1.60735e+06 1.61306e+06
1.59566e+06 1.59361e+06 1.65624e+06
1.58852e+06 1.60145e+06 1.58891e+06
1.57639e+06 1.59192e+06 1.61869e+06
1.65017e+06 1.58793e+06 1.63961e+06
1.60144e+06 1.61361e+06 1.57832e+06
1.61715e+06 1.59031e+06 1.64402e+06
1.62057e+06 1.59951e+06 1.61665e+06
1.59792e+06 1.61094e+06 1.58599e+06
1.60077e+06 1.62933e+06 1.64477e+06
1.59125e+06 1.60283e+06 1.62866e+06
1.57917e+06 1.59437e+06 1.64488e+06
1.59654e+06 1.58676e+06 1.61163e+06
1.63083e+06 1.61281e+06 1.64425e+06
1.62226e+06 1.58783e+06 1.67212e+06
1.59779e+06 1.599e+06 1.65287e+06
1.63326e+06 1.58481e+06 1.65072e+06
1.55978e+06 1.59716e+06 1.61877e+06
1.60824e+06 1.58395e+06 1.64717e+06
1.62438e+06 1.5872e+06 1.64009e+06
1.60754e+06 1.5899e+06 1.63758e+06
1.61105e+06 1.63821e+06 1.65646e+06
1.61643e+06 1.59183e+06 1.60746e+06
1.58032e+06 1.57933e+06 1.6388e+06
1.61036e+06 1.60668e+06 1.64711e+06
1.58523e+06 1.55925e+06 1.63149e+06
1.60976e+06 1.60374e+06 1.63209e+06
1.57222e+06 1.56283e+06 1.63873e+06
1.59582e+06 1.58009e+06 1.64863e+06
1.59647e+06 1.60269e+06 1.57176e+06
1.65044e+06 1.61521e+06 1.61244e+06
1.63903e+06 1.55875e+06 1.60903e+06
1.56494e+06 1.59897e+06 1.60954e+06
1.64263e+06 1.61494e+06 1.6229e+06
1.64575e+06 1.60928e+06 1.61652e+06
1.60088e+06 1.57981e+06 1.6027e+06
1.59362e+06 1.62332e+06 1.60233e+06
1.58755e+06 1.5735e+06 1.64064e+06
1.63266e+06 1.59252e+06 1.62246e+06
1.60514e+06 1.58931e+06 1.6085e+06
1.61719e+06 1.57688e+06 1.63092e+06
1.57619e+06 1.62354e+06 1.66312e+06
1.62669e+06 1.59849e+06 1.61039e+06
1.58515e+06 1.57867e+06 1.64253e+06
1.59672e+06 1.59366e+06 1.6408e+06
1.56247e+06 1.582e+06 1.61692e+06
1.67209e+06 1.59555e+06 1.62023e+06
1.59921e+06 1.60181e+06 1.61172e+06
1.64519e+06 1.56267e+06 1.65516e+06
1.60794e+06 1.60421e+06 1.60263e+06
1.6284e+06 1.63714e+06 1.64763e+06
1.63517e+06 1.59542e+06 1.61712e+06
1.60377e+06 1.57673e+06 1.60859e+06
1.61204e+06 1.5586e+06 1.59468e+06
1.56407e+06 1.57135e+06 1.62106e+06
1.61343e+06 1.62949e+06 1.60846e+06
1.63037e+06 1.60977e+06 1.62856e+06
1.59737e+06 1.59135e+06 1.60669e+06
1.63116e+06 1.61608e+06 1.58066e+06
1.61488e+06 1.60975e+06 1.60265e+06
1.63249e+06 1.57969e+06 1.62828e+06
1.63378e+06 1.59824e+06 1.63394e+06
1.61856e+06 1.57578e+06 1.60958e+06
1.62371e+06 1.58208e+06 1.63056e+06
1.58905e+06 1.64566e+06 1.65404e+06
1.61875e+06 1.6167e+06 1.61686e+06
1.62469e+06 1.55935e+06 1.62676e+06
1.63762e+06 1.60699e+06 1.60119e+06
1.60123e+06 1.58746e+06 1.62288e+06
1.61796e+06 1.58488e+06 1.60786e+06
1.58407e+06 1.61713e+06 1.61675e+06
1.63096e+06 1.59374e+06 1.65036e+06
1.61596e+06 1.61906e+06 1.6232e+06
1.58719e+06 1.61046e+06 1.65563e+06
1.51623e+06 1.58316e+06 1.63905e+06
1.6115e+06 1.59497e+06 1.61488e+06
1.60234e+06 1.6185e+06 1.58813e+06
1.57162e+06 1.58062e+06 1.64716e+06
1.57322e+06 1.62701e+06 1.62072e+06
1.63764e+06 1.60453e+06 1.62293e+06
1.62381e+06 1.58145e+06 1.58479e+06
1.61186e+06 1.63466e+06 1.64651e+06
1.57952e+06 1.61357e+06 1.60642e+06
1.58535e+06 1.60274e+06 1.63751e+06
1.62738e+06 1.6275e+06 1.60438e+06
1.6288e+06 1.5853e+06 1.64208e+06
1.59284e+06 1.57504e+06 1.62833e+06
1.56428e+06 1.60217e+06 1.6661e+06
1.60807e+06 1.59341e+06 1.62949e+06
1.60691e+06 1.5914e+06 1.59531e+06
1.61765e+06 1.60363e+06 1.63317e+06
1.58092e+06 1.63041e+06 1.64814e+06
1.63691e+06 1.57441e+06 1.65472e+06
1.573e+06 1.58829e+06 1.61068e+06
1.59226e+06 1.5932e+06 1.62661e+06
1.61498e+06 1.61996e+06 1.615e+06
1.61201e+06 1.6001e+06 1.63674e+06
1.61354e+06 1.60795e+06 1.62529e+06
1.61456e+06 1.6255e+06 1.62391e+06
1.57933e+06 1.61897e+06 1.60651e+06
1.61058e+06 1.6206e+06 1.61631e+06
1.60372e+06 1.60978e+06 1.62634e+06
1.58193e+06 1.60732e+06 1.60162e+06
1.6234e+06 1.5663e+06 1.63074e+06
1.62315e+06 1.60495e+06 1.61682e+06
1.59651e+06 1.56943e+06 1.63406e+06
1.5957e+06 1.57362e+06 1.62923e+06
1.61054e+06 1.58308e+06 1.6281e+06
1.58932e+06 1.59875e+06 1.6215e+06
1.59691e+06 1.5893e+06 1.58755e+06
1.64945e+06 1.60357e+06 1.65498e+06
1.65485e+06 1.62327e+06 1.62562e+06
1.59327e+06 1.59822e+06 1.60697e+06
