224 1.98515
299923 271074 233399 262707
290591 264814 279328 227956
279859 234122 258243 267731
274486 253193 286997 233747
257860 295735 265640 234767
255821 256957 242763 282502
243138 258700 275335 271442
245137 283025 284476 245495
257860 295735 265640 234767
257877 256692 237501 243790
247046 272165 265619 277137
260737 267389 285281 239447
290626 258842 241641 241257
261725 266307 282110 235641
247046 272165 265619 277137
255821 256957 242763 282502
243138 258700 275335 271442
298415 266139 262176 233674
279859 234122 258243 267731
252378 247689 280445 246001
273899 246239 249722 270451
283199 263798 263192 233269
263160 251599 248868 260823
276117 258229 277251 229742
278764 235595 256933 245467
265536 247190 276843 253046
296614 273221 235529 235741
284463 262096 273233 233373
269974 246063 257081 265043
278069 242944 256000 264590
274744 249354 249973 253398
247473 240289 261136 257779
268173 250501 269959 236030
269732 279087 271270 231897
287770 242776 246976 246910
287825 256353 242923 250041
257853 258585 253742 248442
250585 272845 249601 255319
287167 236871 247843 266255
284476 259591 253361 241782
268786 251342 254331 258067
296614 273221 235529 235741
293946 256256 236179 248204
263667 268027 274749 231713
252122 276814 243683 265262
255297 263997 254259 250367
269829 268003 244747 241949
264924 280330 275871 229119
264001 241269 273290 256889
270525 275659 248501 240819
287167 236871 247843 266255
280733 280414 250597 233551
292728 257044 236272 267606
250023 268894 253963 268470
252122 276814 243683 265262
248730 265202 267278 246670
289405 241373 251598 234543
287751 253974 241756 259215
290591 264814 279328 227956
261944 243100 266957 254648
277513 279002 265193 230192
270188 267208 234536 261421
277395 274878 261218 232686
276958 244333 249754 256340
261242 252394 253264 263236
267511 254689 247344 258313
270846 269990 265569 232264
278021 240987 263926 248190
276424 263641 235544 261472
299923 271074 233399 262707
264924 280330 275871 229119
286431 271461 247742 237039
271193 243168 271415 251282
255517 270789 265894 234268
257877 256692 237501 243790
248730 265202 267278 246670
265039 260629 270139 240647
277489 261354 252537 234615
275847 238216 278207 262968
299567 253102 246480 256057
277513 279002 265193 230192
261012 268260 265340 238131
288214 241017 251540 263559
278764 235595 256933 245467
293946 256256 236179 248204
267824 271338 255505 237594
243138 258700 275335 271442
267014 247407 263212 250370
290198 267986 261615 234325
250023 268894 253963 268470
266468 247759 269343 251742
247753 256337 254052 258674
265653 247448 251792 271257
251185 280758 266248 240836
266468 247759 269343 251742
265185 264436 266716 233632
247473 240289 261136 257779
292257 238382 263835 239350
284376 254925 246161 254595
251433 248175 254616 240819
280008 239108 278196 242243
266798 239183 278587 238813
273343 259564 265836 237648
272352 243473 250910 242174
277966 250220 242674 259793
277395 274878 261218 232686
280733 280414 250597 233551
257137 253961 253976 240897
275217 239924 265017 258527
247728 269799 267005 253072
249523 264088 280048 246868
249523 264088 280048 246868
299567 253102 246480 256057
292257 238382 263835 239350
263667 268027 274749 231713
247093 243702 268913 263438
276958 244333 249754 256340
272911 260071 249360 238424
272352 243473 250910 242174
289291 249208 243680 262098
279292 255364 268513 237883
284208 259184 255452 239228
252378 247689 280445 246001
288214 241017 251540 263559
292728 257044 236272 267606
292728 257044 236272 267606
271502 261467 254841 237077
279859 234122 258243 267731
270188 267208 234536 261421
284376 254925 246161 254595
270699 248266 268268 240222
270699 248266 268268 240222
255821 256957 242763 282502
255499 255479 246186 251222
251095 271963 275328 241161
279864 259945 253142 236760
279292 255364 268513 237883
271193 243168 271415 251282
266798 239183 278587 238813
283716 254037 246462 243112
275217 239924 265017 258527
284343 242872 270382 240265
271502 261467 254841 237077
279864 259945 253142 236760
280008 239108 278196 242243
283716 254037 246462 243112
257137 253961 253976 240897
289291 249208 243680 262098
277966 250220 242674 259793
280134 269291 247498 238926
277966 250220 242674 259793
255499 255479 246186 251222
286431 271461 247742 237039
251095 271963 275328 241161
251185 280758 266248 240836
276424 263641 235544 261472
264001 241269 273290 256889
247093 243702 268913 263438
275451 251855 249541 259726
290198 267986 261615 234325
280134 269291 247498 238926
270051 260219 252003 239413
289291 249208 243680 262098
284208 259184 255452 239228
278021 240987 263926 248190
275451 251855 249541 259726
283716 254037 246462 243112
284343 242872 270382 240265
269743 258816 266989 240049
271502 261467 254841 237077
289291 249208 243680 262098
270051 260219 252003 239413
276556 253678 249924 258444
275847 238216 278207 262968
272911 260071 249360 238424
284453 258995 263515 240186
274235 263786 248253 237745
243138 258700 275335 271442
251185 280758 266248 240836
286431 271461 247742 237039
276556 253678 249924 258444
275451 251855 249541 259726
283716 254037 246462 243112
272911 260071 249360 238424
274235 263786 248253 237745
275217 239924 265017 258527
265653 247448 251792 271257
264001 241269 273290 256889
290591 264814 279328 227956
270188 267208 234536 261421
284453 258995 263515 240186
280134 269291 247498 238926
266468 247759 269343 251742
276556 253678 249924 258444
269743 258816 266989 240049
274235 263786 248253 237745
274235 263786 248253 237745
284376 254925 246161 254595
255297 263997 254259 250367
284453 258995 263515 240186
255297 263997 254259 250367
255297 263997 254259 250367
257860 295735 265640 234767
289291 249208 243680 262098
276556 253678 249924 258444
280134 269291 247498 238926
265653 247448 251792 271257
251185 280758 266248 240836
264001 241269 273290 256889
278021 240987 263926 248190
257860 295735 265640 234767
292728 257044 236272 267606
290591 264814 279328 227956
290198 267986 261615 234325
289291 249208 243680 262098
289291 249208 243680 262098
289291 249208 243680 262098
289291 249208 243680 262098
286431 271461 247742 237039
284453 258995 263515 240186
284453 258995 263515 240186
284343 242872 270382 240265
276556 253678 249924 258444
276556 253678 249924 258444
276556 253678 249924 258444
275847 238216 278207 262968
275847 238216 278207 262968
274235 263786 248253 237745
271502 261467 254841 237077
270188 267208 234536 261421
264924 280330 275871 229119
264924 280330 275871 229119
257860 295735 265640 234767
251185 280758 266248 240836
248730 265202 267278 246670
248730 265202 267278 246670
247093 243702 268913 263438
306696 246019 261199 242459
292329 238712 270912 266927
275792 281505 265924 232339
269606 274135 295038 237269
267545 278092 239424 262809
252218 300257 258627 249719
251958 272917 252636 283248
248260 270556 273177 260875
250429 275759 266676 276621
275811 241110 267714 270428
300537 239886 270392 262350
279313 291382 262178 233621
274367 265301 289210 233915
279313 291382 262178 233621
279319 255546 250223 282298
257325 248302 254653 260604
252218 300257 258627 249719
293514 250955 275023 237579
272490 265250 278541 236774
269909 242813 278244 258416
302023 250269 257414 242517
264900 259459 247871 245108
282145 245169 262909 265948
293487 274062 242900 245836
274978 259350 285362 238642
289861 241140 257830 257504
282502 251706 286561 239620
253181 251404 276476 261591
259901 262726 256431 255115
283785 264044 249112 241407
306696 246019 261199 242459
262411 280879 255752 245642
266803 271282 272163 238167
275497 244299 264923 244525
263824 274766 242291 254445
255386 258024 256536 266116
256352 255670 261372 247826
252702 254257 268861 256115
261211 268527 242416 256716
285185 254930 268337 240838
280635 252754 253332 251309
281169 258634 240617 250604
255080 269277 266639 247736
286283 278255 254631 235771
263246 259368 251449 267867
264909 258411 240299 256411
284976 263847 261624 242932
272216 250539 263597 253289
283737 248979 263582 246084
264080 271397 251616 252659
262379 266578 259541 252227
293342 260319 274612 239795
286283 278255 254631 235771
256806 271915 253979 251709
279889 259035 250499 255173
300672 265476 254431 235719
282289 246657 257610 257343
271134 267959 257429 243625
283224 261696 270407 242135
267063 255334 277731 243511
277533 250991 258225 253925
278081 264921 258982 237223
251958 272917 252636 283248
283356 249444 251076 243751
277546 276372 254310 241767
268388 252435 260117 252179
267443 253479 266425 257590
276788 258890 251326 244688
253772 269809 261089 257355
253774 258102 261917 249865
264758 269059 254231 250196
274978 259350 285362 238642
256497 277540 262119 244144
278382 250396 262106 257741
290608 267696 266542 236740
262785 260236 256058 244861
266866 249099 266894 250698
273889 262921 258918 244590
256277 272648 268434 238542
282211 265864 275135 236270
255295 272409 256003 267491
269158 259024 259725 244091
263367 262102 266706 241845
252290 270894 274803 253340
273299 271126 269762 234034
282798 255297 260442 243524
282702 260329 258702 244573
273299 271126 269762 234034
256355 267400 260101 245894
268454 244724 273533 256583
268454 244724 273533 256583
282211 265864 275135 236270
290608 267696 266542 236740
273299 271126 269762 234034
300672 265476 254431 235719
272490 265250 278541 236774
274978 259350 285362 238642
273299 271126 269762 234034
274978 259350 285362 238642
251958 272917 252636 283248
290608 267696 266542 236740
274978 259350 285362 238642
300672 265476 254431 235719
290608 267696 266542 236740
282211 265864 275135 236270
279313 291382 262178 233621
272490 265250 278541 236774
307417 265653 263177 237616
300103 284492 267307 234251
286218 263818 241449 255608
278913 277246 294162 237779
275963 241550 272028 273221
275638 264815 253518 276795
269688 295097 261778 244464
254319 259319 265480 272400
301749 279420 245521 248758
255865 289451 267812 258359
260144 260288 284901 259469
295306 258102 270373 241306
289747 253288 262142 246958
284391 250762 252546 256018
283235 244458 270897 253504
278913 277246 294162 237779
276092 251443 267346 267596
297440 242039 270351 265653
259017 294755 266987 249369
272256 272709 241647 258572
300103 284492 267307 234251
265831 267305 274143 244294
261066 267196 257286 263638
285024 278007 270230 241054
281953 276292 281494 238520
255108 271426 270139 251200
258363 264983 276772 255512
274865 261913 264613 244813
259308 261644 278964 253667
264123 268184 256193 246262
268579 256797 281033 264967
258408 280940 259125 254040
268689 255985 256979 275023
271603 275686 252494 255976
264305 270232 272391 245106
277262 282444 268348 237806
265307 260074 272815 260393
266775 260561 255596 247241
267413 266113 250545 265226
270005 255986 260462 261347
282620 260410 249065 255985
260015 252745 273732 273380
281909 255478 273360 248032
281254 264057 251434 251287
266234 265996 262484 252894
258064 268039 268117 259521
266149 263324 259145 262306
280386 261234 261432 246123
280416 258987 249596 258759
271254 250990 273195 263256
265763 258798 259849 264921
277262 282444 268348 237806
261026 268941 260673 248591
276087 279844 260797 245851
269075 251749 271625 254358
281953 276292 281494 238520
269980 258651 263923 248143
273041 266899 249115 249368
283420 255813 255628 248431
260058 272088 262422 262758
271579 253165 261750 254713
266161 267971 259184 251400
273041 266899 249115 249368
268936 271589 271662 246203
266161 267971 259184 251400
305155 257564 257280 252620
290556 265582 249175 256023
286020 273167 266522 245317
274242 253219 279531 267241
271661 267742 263574 279578
270663 257390 284452 267541
269884 282067 256039 270366
257698 276514 270237 264597
298657 255303 280732 259388
272217 268069 254018 274547
273507 260750 274713 258379
294384 260762 261797 261740
264714 270221 282507 251523
282333 269007 252794 268317
277557 281122 261440 259164
275524 274281 258086 264579
290809 256063 277590 248172
262935 275241 279325 251733
295557 267229 252342 251541
278611 268502 259444 255061
267673 262679 271139 248705
277386 265261 256369 264698
264630 271092 257270 268965
288028 264051 264911 252223
284535 263541 270066 257484
295472 272432 263762 247238
272623 266593 265750 249384
277810 275554 269048 246287
277934 258186 262226 259332
286655 266348 262121 254293
293065 257416 262922 268262
266391 274546 278553 245324
289289 262738 259026 259208
266235 272743 260983 267530
267667 263772 266985 252803
285018 262659 265570 251729
284834 265510 267594 246478
273775 263584 255643 267941
278610 256728 278097 268058
273960 256957 265244 258071
286168 268156 263596 256233
298751 267048 259958 264932
285761 271095 275325 251525
285632 286813 275046 252372
284929 257711 279662 263122
269910 267162 283562 258867
266753 280073 269897 275526
263616 279982 279803 259456
290325 276328 261055 256421
282679 265079 264161 262097
289049 267584 266223 254883
281579 258086 269330 269298
272807 274273 272723 256933
278406 265490 264300 272575
278284 269580 261847 273170
280689 260443 271655 264148
272853 276493 271602 265003
287109 264451 276425 252733
282032 274904 265371 256405
274648 263219 278171 266691
289846 262467 267685 267422
274917 268975 266937 264248
279098 270303 261601 257679
286954 258836 266262 267986
268359 275514 273483 252958
285938 275855 274074 251698
276480 263880 268434 267912
278328 262957 268438 260228
280691 275992 271152 257455
277482 263819 278982 252775
274658 263338 272900 253040
274116 262631 268741 266918
298639 273229 272851 263502
293234 277771 267169 273633
288435 260459 269028 281852
288087 266808 281416 261086
283844 270245 275566 254200
279604 271076 264386 278970
274998 272300 274860 259368
281535 261854 279547 274842
282292 265997 272494 272540
284062 271832 269710 264163
280259 267241 276186 262032
292087 274382 274338 259840
282253 276345 267240 260991
293470 279274 270088 265676
285215 263753 282853 292233
