55 4.34035
1.20856e+06 1.59363e+06 1.5179e+06
1.52898e+06 1.26681e+06 1.43463e+06
1.52266e+06 1.47566e+06 1.21839e+06
1.55107e+06 1.27789e+06 1.38228e+06
1.52332e+06 1.45952e+06 1.21131e+06
1.2081e+06 1.59214e+06 1.51434e+06
1.46519e+06 1.45541e+06 1.23837e+06
1.21299e+06 1.57401e+06 1.52347e+06
1.52898e+06 1.26681e+06 1.43463e+06
1.55448e+06 1.27911e+06 1.38422e+06
1.46519e+06 1.45541e+06 1.23837e+06
1.20974e+06 1.58928e+06 1.51293e+06
1.52547e+06 1.45987e+06 1.21573e+06
1.22048e+06 1.58415e+06 1.50156e+06
1.48445e+06 1.31372e+06 1.3674e+06
1.52546e+06 1.26533e+06 1.43827e+06
1.55176e+06 1.28001e+06 1.37806e+06
1.36264e+06 1.35878e+06 1.59638e+06
1.5234e+06 1.46441e+06 1.21269e+06
1.48204e+06 1.31335e+06 1.3708e+06
1.55095e+06 1.27781e+06 1.38259e+06
1.4848e+06 1.31408e+06 1.36567e+06
1.45629e+06 1.46143e+06 1.24784e+06
1.20856e+06 1.59363e+06 1.5179e+06
1.52332e+06 1.45952e+06 1.21131e+06
1.22048e+06 1.58415e+06 1.50156e+06
1.52547e+06 1.26824e+06 1.42809e+06
1.53384e+06 1.26606e+06 1.43165e+06
1.5231e+06 1.46544e+06 1.21241e+06
1.20974e+06 1.58928e+06 1.51293e+06
1.52438e+06 1.46218e+06 1.21099e+06
1.36269e+06 1.35581e+06 1.59258e+06
1.55095e+06 1.27781e+06 1.38259e+06
1.4692e+06 1.45264e+06 1.24038e+06
1.46155e+06 1.45068e+06 1.2428e+06
1.20854e+06 1.5883e+06 1.51942e+06
1.52731e+06 1.45929e+06 1.21637e+06
1.46506e+06 1.45229e+06 1.24225e+06
1.48291e+06 1.3141e+06 1.36731e+06
1.5295e+06 1.26584e+06 1.43113e+06
1.52651e+06 1.4624e+06 1.21338e+06
1.20969e+06 1.58006e+06 1.51511e+06
1.46374e+06 1.45282e+06 1.2422e+06
1.21299e+06 1.57401e+06 1.52347e+06
1.52546e+06 1.26533e+06 1.43827e+06
1.55176e+06 1.28001e+06 1.37806e+06
1.45629e+06 1.46143e+06 1.24784e+06
1.20854e+06 1.5883e+06 1.51942e+06
1.52731e+06 1.45929e+06 1.21637e+06
1.22048e+06 1.58415e+06 1.50156e+06
1.52411e+06 1.26862e+06 1.42421e+06
1.48204e+06 1.31335e+06 1.3708e+06
1.48625e+06 1.31367e+06 1.366e+06
1.21296e+06 1.57702e+06 1.52287e+06
1.52584e+06 1.4599e+06 1.21257e+06
1.51989e+06 1.26829e+06 1.42284e+06
1.55731e+06 1.27877e+06 1.38269e+06
1.55063e+06 1.2784e+06 1.38234e+06
1.46287e+06 1.45781e+06 1.24102e+06
1.20856e+06 1.59363e+06 1.5179e+06
1.51808e+06 1.47543e+06 1.21746e+06
1.20969e+06 1.58006e+06 1.51511e+06
1.36264e+06 1.35878e+06 1.59638e+06
1.52898e+06 1.26681e+06 1.43463e+06
1.5234e+06 1.46441e+06 1.21269e+06
1.216e+06 1.57711e+06 1.51212e+06
1.51841e+06 1.4707e+06 1.21658e+06
1.20969e+06 1.58006e+06 1.51511e+06
1.52411e+06 1.26862e+06 1.42421e+06
1.46675e+06 1.45441e+06 1.24328e+06
1.4529e+06 1.46087e+06 1.24811e+06
1.20856e+06 1.59363e+06 1.5179e+06
1.51826e+06 1.47623e+06 1.21756e+06
1.4529e+06 1.46087e+06 1.24811e+06
1.48204e+06 1.31335e+06 1.3708e+06
1.52212e+06 1.26846e+06 1.4248e+06
1.46155e+06 1.45068e+06 1.2428e+06
1.20974e+06 1.58928e+06 1.51293e+06
1.46519e+06 1.45541e+06 1.23837e+06
1.21299e+06 1.57401e+06 1.52347e+06
1.53525e+06 1.2662e+06 1.44242e+06
1.55448e+06 1.27911e+06 1.38422e+06
1.52142e+06 1.45947e+06 1.21618e+06
1.2081e+06 1.59214e+06 1.51434e+06
1.51841e+06 1.4707e+06 1.21658e+06
1.45396e+06 1.45907e+06 1.2517e+06
1.48204e+06 1.31335e+06 1.3708e+06
1.52212e+06 1.26846e+06 1.4248e+06
1.55448e+06 1.27911e+06 1.38422e+06
1.21299e+06 1.57401e+06 1.52347e+06
1.52354e+06 1.45986e+06 1.2136e+06
1.51989e+06 1.26829e+06 1.42284e+06
1.48291e+06 1.3141e+06 1.36731e+06
1.55107e+06 1.27789e+06 1.38228e+06
1.45629e+06 1.46143e+06 1.24784e+06
1.20854e+06 1.5883e+06 1.51942e+06
1.52456e+06 1.45853e+06 1.21779e+06
1.22048e+06 1.58415e+06 1.50156e+06
1.52546e+06 1.26533e+06 1.43827e+06
1.55107e+06 1.27789e+06 1.38228e+06
1.52332e+06 1.45952e+06 1.21131e+06
1.20888e+06 1.59203e+06 1.51527e+06
1.46519e+06 1.45541e+06 1.23837e+06
1.21299e+06 1.57401e+06 1.52347e+06
1.53384e+06 1.26606e+06 1.43165e+06
1.46752e+06 1.44764e+06 1.24498e+06
1.46506e+06 1.45229e+06 1.24225e+06
1.20854e+06 1.5883e+06 1.51942e+06
1.5234e+06 1.46441e+06 1.21269e+06
1.48226e+06 1.31574e+06 1.36664e+06
1.20969e+06 1.58006e+06 1.51511e+06
1.53384e+06 1.26606e+06 1.43165e+06
1.52438e+06 1.46218e+06 1.21099e+06
1.20969e+06 1.58006e+06 1.51511e+06
1.51808e+06 1.47543e+06 1.21746e+06
1.21213e+06 1.58032e+06 1.51415e+06
1.52411e+06 1.26862e+06 1.42421e+06
1.55107e+06 1.27789e+06 1.38228e+06
1.46519e+06 1.45541e+06 1.23837e+06
1.21213e+06 1.58032e+06 1.51415e+06
1.52547e+06 1.45987e+06 1.21573e+06
1.22048e+06 1.58415e+06 1.50156e+06
1.48445e+06 1.31372e+06 1.3674e+06
1.51989e+06 1.26829e+06 1.42284e+06
1.46752e+06 1.44764e+06 1.24498e+06
1.21213e+06 1.58032e+06 1.51415e+06
1.52346e+06 1.46618e+06 1.21186e+06
1.36445e+06 1.35724e+06 1.59662e+06
1.52411e+06 1.26862e+06 1.42421e+06
1.46519e+06 1.45541e+06 1.23837e+06
1.46155e+06 1.45068e+06 1.2428e+06
1.20974e+06 1.58928e+06 1.51293e+06
1.52332e+06 1.45952e+06 1.21131e+06
1.21215e+06 1.58891e+06 1.51272e+06
1.36351e+06 1.35575e+06 1.59916e+06
1.53384e+06 1.26606e+06 1.43165e+06
1.52332e+06 1.45952e+06 1.21131e+06
1.20888e+06 1.59203e+06 1.51527e+06
1.52332e+06 1.45952e+06 1.21131e+06
1.21299e+06 1.57401e+06 1.52347e+06
1.5237e+06 1.26848e+06 1.42666e+06
1.48226e+06 1.31574e+06 1.36664e+06
1.46287e+06 1.45781e+06 1.24102e+06
1.20946e+06 1.59374e+06 1.51793e+06
1.52433e+06 1.4757e+06 1.21714e+06
1.4529e+06 1.46087e+06 1.24811e+06
1.48445e+06 1.31372e+06 1.3674e+06
1.51925e+06 1.27026e+06 1.42324e+06
1.52354e+06 1.45986e+06 1.2136e+06
1.20974e+06 1.58928e+06 1.51293e+06
1.46519e+06 1.45541e+06 1.23837e+06
1.21299e+06 1.57401e+06 1.52347e+06
1.53384e+06 1.26606e+06 1.43165e+06
1.55063e+06 1.2784e+06 1.38234e+06
1.46374e+06 1.45282e+06 1.2422e+06
1.20925e+06 1.58895e+06 1.51295e+06
1.51826e+06 1.47623e+06 1.21756e+06
1.20969e+06 1.58006e+06 1.51511e+06
1.36254e+06 1.35667e+06 1.59342e+06
1.52309e+06 1.26766e+06 1.43692e+06
1.55566e+06 1.27876e+06 1.38832e+06
1.36254e+06 1.35667e+06 1.59342e+06
1.5234e+06 1.46441e+06 1.21269e+06
1.48226e+06 1.31574e+06 1.36664e+06
1.55107e+06 1.27789e+06 1.38228e+06
1.55176e+06 1.28001e+06 1.37806e+06
1.45414e+06 1.46149e+06 1.24792e+06
1.20974e+06 1.58728e+06 1.51554e+06
1.52547e+06 1.45987e+06 1.21573e+06
1.22048e+06 1.58415e+06 1.50156e+06
1.52547e+06 1.26824e+06 1.42809e+06
1.5295e+06 1.26584e+06 1.43113e+06
1.52332e+06 1.45952e+06 1.21131e+06
1.20888e+06 1.59203e+06 1.51527e+06
1.52584e+06 1.4599e+06 1.21257e+06
1.36264e+06 1.35878e+06 1.59638e+06
1.5295e+06 1.26584e+06 1.43113e+06
1.46155e+06 1.45068e+06 1.2428e+06
1.46155e+06 1.45068e+06 1.2428e+06
1.20854e+06 1.5883e+06 1.51942e+06
1.52731e+06 1.45929e+06 1.21637e+06
1.4529e+06 1.46087e+06 1.24811e+06
1.48445e+06 1.31372e+06 1.3674e+06
1.52546e+06 1.26533e+06 1.43827e+06
1.52346e+06 1.46618e+06 1.21186e+06
1.21213e+06 1.58032e+06 1.51415e+06
1.46519e+06 1.45541e+06 1.23837e+06
1.21229e+06 1.57938e+06 1.51535e+06
1.52309e+06 1.26766e+06 1.43692e+06
1.55176e+06 1.28001e+06 1.37806e+06
1.4529e+06 1.46087e+06 1.24811e+06
1.21296e+06 1.57702e+06 1.52287e+06
1.51841e+06 1.4707e+06 1.21658e+06
1.45629e+06 1.46143e+06 1.24784e+06
1.51925e+06 1.27026e+06 1.42324e+06
1.51925e+06 1.27026e+06 1.42324e+06
1.4848e+06 1.31408e+06 1.36567e+06
1.21299e+06 1.57401e+06 1.52347e+06
1.52584e+06 1.4599e+06 1.21257e+06
1.36269e+06 1.35581e+06 1.59258e+06
1.55731e+06 1.27877e+06 1.38269e+06
1.46752e+06 1.44764e+06 1.24498e+06
1.46374e+06 1.45282e+06 1.2422e+06
1.20925e+06 1.58895e+06 1.51295e+06
1.52142e+06 1.45947e+06 1.21618e+06
1.20974e+06 1.58928e+06 1.51293e+06
1.36264e+06 1.35878e+06 1.59638e+06
1.53384e+06 1.26606e+06 1.43165e+06
1.52354e+06 1.45986e+06 1.2136e+06
1.20969e+06 1.58006e+06 1.51511e+06
1.52142e+06 1.45947e+06 1.21618e+06
1.21299e+06 1.57401e+06 1.52347e+06
1.5295e+06 1.26584e+06 1.43113e+06
1.48226e+06 1.31574e+06 1.36664e+06
1.4529e+06 1.46087e+06 1.24811e+06
1.20856e+06 1.59363e+06 1.5179e+06
1.5231e+06 1.46544e+06 1.21241e+06
1.46155e+06 1.45068e+06 1.2428e+06
1.48291e+06 1.3141e+06 1.36731e+06
1.52411e+06 1.26862e+06 1.42421e+06
1.46519e+06 1.45541e+06 1.23837e+06
1.20974e+06 1.58928e+06 1.51293e+06
1.46519e+06 1.45541e+06 1.23837e+06
1.21296e+06 1.57702e+06 1.52287e+06
1.52898e+06 1.26681e+06 1.43463e+06
1.55063e+06 1.2784e+06 1.38234e+06
1.46519e+06 1.45541e+06 1.23837e+06
1.2081e+06 1.59214e+06 1.51434e+06
1.51841e+06 1.4707e+06 1.21658e+06
1.22048e+06 1.58415e+06 1.50156e+06
1.48445e+06 1.31372e+06 1.3674e+06
1.51989e+06 1.26829e+06 1.42284e+06
1.55095e+06 1.27781e+06 1.38259e+06
1.21299e+06 1.57401e+06 1.52347e+06
1.52332e+06 1.45952e+06 1.21131e+06
1.48204e+06 1.31335e+06 1.3708e+06
1.51925e+06 1.27026e+06 1.42324e+06
1.4848e+06 1.31408e+06 1.36567e+06
1.45629e+06 1.46143e+06 1.24784e+06
1.20925e+06 1.58895e+06 1.51295e+06
1.52332e+06 1.45952e+06 1.21131e+06
1.20888e+06 1.59203e+06 1.51527e+06
1.52546e+06 1.26533e+06 1.43827e+06
1.52411e+06 1.26862e+06 1.42421e+06
1.52547e+06 1.45987e+06 1.21573e+06
1.20955e+06 1.59236e+06 1.5209e+06
1.52584e+06 1.4599e+06 1.21257e+06
1.36269e+06 1.35581e+06 1.59258e+06
1.52411e+06 1.26862e+06 1.42421e+06
1.4848e+06 1.31408e+06 1.36567e+06
1.46287e+06 1.45781e+06 1.24102e+06
1.20873e+06 1.59554e+06 1.51641e+06
1.5231e+06 1.46544e+06 1.21241e+06
1.48291e+06 1.3141e+06 1.36731e+06
1.20969e+06 1.58006e+06 1.51511e+06
1.52898e+06 1.26681e+06 1.43463e+06
1.52729e+06 1.46157e+06 1.21571e+06
1.2139e+06 1.57548e+06 1.52059e+06
1.52547e+06 1.45987e+06 1.21573e+06
1.20974e+06 1.58928e+06 1.51293e+06
1.52546e+06 1.26533e+06 1.43827e+06
1.55095e+06 1.27781e+06 1.38259e+06
1.46374e+06 1.45282e+06 1.2422e+06
1.20854e+06 1.5883e+06 1.51942e+06
1.52547e+06 1.45987e+06 1.21573e+06
1.22048e+06 1.58415e+06 1.50156e+06
1.51989e+06 1.26829e+06 1.42284e+06
1.52411e+06 1.26862e+06 1.42421e+06
1.48956e+06 1.31564e+06 1.36762e+06
1.21303e+06 1.57854e+06 1.51808e+06
1.52438e+06 1.46218e+06 1.21099e+06
1.51979e+06 1.27313e+06 1.42358e+06
1.55095e+06 1.27781e+06 1.38259e+06
1.52438e+06 1.46218e+06 1.21099e+06
1.46519e+06 1.45541e+06 1.23837e+06
1.20925e+06 1.58895e+06 1.51295e+06
1.51841e+06 1.4707e+06 1.21658e+06
1.20888e+06 1.59203e+06 1.51527e+06
1.36254e+06 1.35667e+06 1.59342e+06
1.52898e+06 1.26681e+06 1.43463e+06
1.52354e+06 1.45986e+06 1.2136e+06
1.20974e+06 1.58928e+06 1.51293e+06
1.52332e+06 1.45952e+06 1.21131e+06
1.21299e+06 1.57401e+06 1.52347e+06
1.51925e+06 1.27026e+06 1.42324e+06
1.48816e+06 1.31256e+06 1.36466e+06
1.45629e+06 1.46143e+06 1.24784e+06
1.20856e+06 1.59363e+06 1.5179e+06
1.51841e+06 1.4707e+06 1.21658e+06
1.45629e+06 1.46143e+06 1.24784e+06
1.48291e+06 1.3141e+06 1.36731e+06
1.5237e+06 1.26848e+06 1.42666e+06
1.52438e+06 1.46218e+06 1.21099e+06
1.21213e+06 1.58032e+06 1.51415e+06
1.46519e+06 1.45541e+06 1.23837e+06
1.21229e+06 1.57938e+06 1.51535e+06
1.52898e+06 1.26681e+06 1.43463e+06
1.55063e+06 1.2784e+06 1.38234e+06
1.46374e+06 1.45282e+06 1.2422e+06
1.20974e+06 1.58928e+06 1.51293e+06
1.5231e+06 1.46544e+06 1.21241e+06
1.20969e+06 1.58006e+06 1.51511e+06
1.21475e+06 1.57494e+06 1.51942e+06
1.52546e+06 1.26533e+06 1.43827e+06
1.55448e+06 1.27911e+06 1.38422e+06
1.2139e+06 1.57548e+06 1.52059e+06
1.5234e+06 1.46441e+06 1.21269e+06
1.48204e+06 1.31335e+06 1.3708e+06
1.53913e+06 1.2819e+06 1.3828e+06
1.54522e+06 1.28213e+06 1.3832e+06
1.46287e+06 1.45781e+06 1.24102e+06
1.20873e+06 1.59554e+06 1.51641e+06
1.52731e+06 1.45929e+06 1.21637e+06
1.20888e+06 1.59203e+06 1.51527e+06
1.52527e+06 1.26891e+06 1.42822e+06
1.52411e+06 1.26862e+06 1.42421e+06
1.46519e+06 1.45541e+06 1.23837e+06
1.2081e+06 1.59214e+06 1.51434e+06
1.46155e+06 1.45068e+06 1.2428e+06
1.36264e+06 1.35878e+06 1.59638e+06
1.52898e+06 1.26681e+06 1.43463e+06
1.46374e+06 1.45282e+06 1.2422e+06
1.4848e+06 1.31408e+06 1.36567e+06
1.20854e+06 1.5883e+06 1.51942e+06
1.51841e+06 1.4707e+06 1.21658e+06
1.46155e+06 1.45068e+06 1.2428e+06
1.46752e+06 1.44764e+06 1.24498e+06
1.52411e+06 1.26862e+06 1.42421e+06
1.52346e+06 1.46618e+06 1.21186e+06
1.20969e+06 1.58006e+06 1.51511e+06
1.52142e+06 1.45947e+06 1.21618e+06
1.21229e+06 1.57938e+06 1.51535e+06
1.5237e+06 1.26848e+06 1.42666e+06
1.55095e+06 1.27781e+06 1.38259e+06
1.4529e+06 1.46087e+06 1.24811e+06
1.21234e+06 1.57881e+06 1.51678e+06
1.51841e+06 1.4707e+06 1.21658e+06
1.45629e+06 1.46143e+06 1.24784e+06
1.51925e+06 1.27026e+06 1.42324e+06
1.51925e+06 1.27026e+06 1.42324e+06
1.48625e+06 1.31367e+06 1.366e+06
1.21299e+06 1.57401e+06 1.52347e+06
1.52584e+06 1.4599e+06 1.21257e+06
1.36622e+06 1.35602e+06 1.59426e+06
1.55095e+06 1.27781e+06 1.38259e+06
1.4848e+06 1.31408e+06 1.36567e+06
1.46287e+06 1.45781e+06 1.24102e+06
1.20925e+06 1.58895e+06 1.51295e+06
1.51826e+06 1.47623e+06 1.21756e+06
1.20974e+06 1.58928e+06 1.51293e+06
1.36269e+06 1.35581e+06 1.59258e+06
1.53525e+06 1.2662e+06 1.44242e+06
1.5234e+06 1.46441e+06 1.21269e+06
1.2081e+06 1.59214e+06 1.51434e+06
1.52547e+06 1.45987e+06 1.21573e+06
1.21475e+06 1.57494e+06 1.51942e+06
1.52212e+06 1.26846e+06 1.4248e+06
1.4848e+06 1.31408e+06 1.36567e+06
1.46287e+06 1.45781e+06 1.24102e+06
1.20873e+06 1.59554e+06 1.51641e+06
1.52433e+06 1.4757e+06 1.21714e+06
1.4529e+06 1.46087e+06 1.24811e+06
1.48226e+06 1.31574e+06 1.36664e+06
1.5237e+06 1.26848e+06 1.42666e+06
1.46519e+06 1.45541e+06 1.23837e+06
1.20925e+06 1.58895e+06 1.51295e+06
1.46519e+06 1.45541e+06 1.23837e+06
1.21299e+06 1.57401e+06 1.52347e+06
1.52898e+06 1.26681e+06 1.43463e+06
1.55448e+06 1.27911e+06 1.38422e+06
1.46519e+06 1.45541e+06 1.23837e+06
1.20888e+06 1.59203e+06 1.51527e+06
1.51808e+06 1.47543e+06 1.21746e+06
1.20969e+06 1.58006e+06 1.51511e+06
1.36269e+06 1.35581e+06 1.59258e+06
1.52547e+06 1.26824e+06 1.42809e+06
1.55063e+06 1.2784e+06 1.38234e+06
1.21296e+06 1.57702e+06 1.52287e+06
1.52438e+06 1.46218e+06 1.21099e+06
1.48204e+06 1.31335e+06 1.3708e+06
1.48816e+06 1.31256e+06 1.36466e+06
1.55107e+06 1.27789e+06 1.38228e+06
1.45629e+06 1.46143e+06 1.24784e+06
1.21213e+06 1.58032e+06 1.51415e+06
1.52584e+06 1.4599e+06 1.21257e+06
1.22048e+06 1.58415e+06 1.50156e+06
1.5237e+06 1.26848e+06 1.42666e+06
1.55566e+06 1.27876e+06 1.38832e+06
1.52332e+06 1.45952e+06 1.21131e+06
1.2081e+06 1.59214e+06 1.51434e+06
1.52332e+06 1.45952e+06 1.21131e+06
1.21256e+06 1.57819e+06 1.52113e+06
1.5295e+06 1.26584e+06 1.43113e+06
1.4692e+06 1.45264e+06 1.24038e+06
1.46155e+06 1.45068e+06 1.2428e+06
1.20968e+06 1.59188e+06 1.51502e+06
1.52731e+06 1.45929e+06 1.21637e+06
1.4649e+06 1.45436e+06 1.24483e+06
1.48445e+06 1.31372e+06 1.3674e+06
1.52212e+06 1.26846e+06 1.4248e+06
1.55448e+06 1.27911e+06 1.38422e+06
1.21229e+06 1.57938e+06 1.51535e+06
1.52142e+06 1.45947e+06 1.21618e+06
1.20974e+06 1.58928e+06 1.51293e+06
1.52309e+06 1.26766e+06 1.43692e+06
1.55176e+06 1.28001e+06 1.37806e+06
1.46519e+06 1.45541e+06 1.23837e+06
1.21299e+06 1.57401e+06 1.52347e+06
1.51841e+06 1.4707e+06 1.21658e+06
1.4529e+06 1.46087e+06 1.24811e+06
1.48226e+06 1.31574e+06 1.36664e+06
1.52212e+06 1.26846e+06 1.4248e+06
1.46155e+06 1.45068e+06 1.2428e+06
1.20974e+06 1.58928e+06 1.51293e+06
1.52438e+06 1.46218e+06 1.21099e+06
1.36269e+06 1.35581e+06 1.59258e+06
1.55566e+06 1.27876e+06 1.38832e+06
1.52346e+06 1.46618e+06 1.21186e+06
1.46519e+06 1.45541e+06 1.23837e+06
1.20925e+06 1.58895e+06 1.51295e+06
1.52731e+06 1.45929e+06 1.21637e+06
1.21215e+06 1.58891e+06 1.51272e+06
1.36269e+06 1.35581e+06 1.59258e+06
1.52411e+06 1.26862e+06 1.42421e+06
1.5234e+06 1.46441e+06 1.21269e+06
1.20969e+06 1.58006e+06 1.51511e+06
1.5185e+06 1.46924e+06 1.21685e+06
1.20969e+06 1.58006e+06 1.51511e+06
1.52212e+06 1.26846e+06 1.4248e+06
1.48291e+06 1.3141e+06 1.36731e+06
1.45396e+06 1.45907e+06 1.2517e+06
1.20856e+06 1.59363e+06 1.5179e+06
1.51841e+06 1.4707e+06 1.21658e+06
1.4529e+06 1.46087e+06 1.24811e+06
1.48291e+06 1.3141e+06 1.36731e+06
1.52411e+06 1.26862e+06 1.42421e+06
1.46155e+06 1.45068e+06 1.2428e+06
1.20974e+06 1.58928e+06 1.51293e+06
1.52332e+06 1.45952e+06 1.21131e+06
1.21229e+06 1.57938e+06 1.51535e+06
1.52411e+06 1.26862e+06 1.42421e+06
1.55063e+06 1.2784e+06 1.38234e+06
1.46374e+06 1.45282e+06 1.2422e+06
1.20974e+06 1.58928e+06 1.51293e+06
1.52142e+06 1.45947e+06 1.21618e+06
1.20969e+06 1.58006e+06 1.51511e+06
1.2139e+06 1.57548e+06 1.52059e+06
1.52212e+06 1.26846e+06 1.4248e+06
