7395 55.9441
142687 103324
114280 127372
114280 127372
117874 117158
125617 105939
121275 112239
142687 103324
135679 105251
130451 105441
135679 105251
121275 112239
121193 116603
130451 105441
125617 105939
114280 127372
121193 116603
121193 116603
125617 105939
130451 105441
135679 105251
135679 105251
135679 105251
135679 105251
135679 105251
130451 105441
130451 105441
130451 105441
130451 105441
130451 105441
130451 105441
130451 105441
130451 105441
130451 105441
125617 105939
125617 105939
125617 105939
125617 105939
125617 105939
125617 105939
125617 105939
125617 105939
125617 105939
121275 112239
121275 112239
121275 112239
121275 112239
121193 116603
114280 127372
114280 127372
114280 127372
114280 127372
114280 127372
114280 127372
114280 127372
114280 127372
114280 127372
143705 103982
143705 103982
115940 130457
136694 105476
130469 108792
120053 123774
122211 119542
129842 116215
126082 118336
129265 118096
146598 105957
126827 118648
137775 112245
130642 116472
139890 109588
146154 108864
129218 118463
148192 107071
127718 130292
147293 113516
141648 115971
138286 117139
134105 118763
130220 129667
131185 122411
132709 121898
129841 129710
131359 122350
144515 117214
129794 131430
131198 125163
137362 119540
134394 120807
133960 123628
140785 119018
142115 117683
131845 124763
141210 118572
145075 118591
130786 132112
134804 121600
131322 129800
132718 126181
134164 123860
133351 126021
134613 123080
148277 118777
131048 133800
147807 119865
136087 121897
134463 124690
134044 129443
132152 130976
135630 122296
131409 131726
143583 122013
131439 131733
134938 126437
139471 122335
137952 124783
136343 125152
135757 126252
147245 122336
132043 141764
133912 131839
144088 123543
138456 125723
142528 125462
137611 129022
136250 131523
135930 131552
137655 127820
137846 126077
143343 124202
142812 124735
148789 122772
136347 131706
146922 125176
140390 125794
138580 131057
139018 126806
147321 123352
152968 123475
136365 141130
136778 135787
139101 129369
148588 124317
140718 128731
144255 126191
143948 126362
136600 138114
151688 123865
150959 124528
137251 138789
141644 129361
139742 135394
140548 131712
146439 126575
145777 126927
137785 137915
153024 125960
140115 141898
146308 128621
140761 132537
141297 132080
149148 127194
148142 128363
150147 130549
141681 140363
144683 132549
150023 132461
141816 134396
142899 134084
142058 134178
154179 133210
142047 140863
144661 134362
143910 135207
162373 133640
146825 138138
148196 137029
161757 138039
149677 144231
151178 145429
107409 63927
107409 63927
100982 71312
100982 71312
106590 67262
107102 64298
106203 67358
104953 67711
102238 70960
101073 71260
103527 69548
103886 68598
103527 69548
103118 70631
104607 68131
103932 68567
104953 67711
104607 68131
102623 70713
102238 70960
107102 64298
106590 67262
106203 67358
103118 70631
107409 63927
107102 64298
102890 70652
102623 70713
107409 63927
107102 64298
102890 70652
101073 71260
100982 71312
103932 68567
103886 68598
107409 63927
107409 63927
107409 63927
107409 63927
107409 63927
107409 63927
107409 63927
107409 63927
107409 63927
107409 63927
107409 63927
107409 63927
107409 63927
107409 63927
107409 63927
107409 63927
107409 63927
107409 63927
107409 63927
107409 63927
107409 63927
107409 63927
107409 63927
107409 63927
107409 63927
107409 63927
107409 63927
107409 63927
107409 63927
107409 63927
107409 63927
107409 63927
107409 63927
107409 63927
107409 63927
107409 63927
107409 63927
107102 64298
107102 64298
107102 64298
107102 64298
107102 64298
107102 64298
107102 64298
107102 64298
107102 64298
107102 64298
107102 64298
107102 64298
107102 64298
107102 64298
107102 64298
107102 64298
107102 64298
132585 104153
119727 123140
122934 112767
127492 107801
122064 121778
132046 105987
139195 105247
123413 118183
128834 114806
130694 111974
135771 109274
133339 110056
137665 105736
140398 106114
125275 123269
138281 109357
133306 113124
128854 116333
127159 120721
131314 113578
144759 108888
127422 124382
143021 109996
133977 113978
129737 122265
131546 115061
128356 122477
131894 114732
147316 109179
130237 127277
141276 115169
134780 116332
139084 116068
133150 118876
131015 125657
132405 122990
132497 121265
150909 112127
130962 127366
142795 116081
133340 124210
148357 114188
136544 117167
134447 119818
134992 119330
135661 117294
144256 117247
133587 131899
136238 119404
138989 118406
135307 125802
134622 128212
143669 118172
147305 118522
133907 143742
136365 121591
140644 119618
135812 133299
134873 134271
145048 118985
150186 119871
136433 130785
137623 129180
139019 123574
146728 119965
143390 121049
141700 123365
143325 122952
144281 121329
136647 133112
139229 127340
141956 125377
153856 122058
137294 133338
145020 124837
142310 126644
140613 132812
153746 126998
139350 134397
147615 128736
143346 131523
144096 129077
143619 131008
156953 127628
140132 149225
142302 140535
148610 129249
145864 136935
145895 131270
152279 133671
152691 134733
107801 64217
107801 64217
100982 71312
100982 71312
106786 65902
106203 67358
106786 65902
106203 67358
104953 67711
102050 70661
101073 71260
107102 64298
103118 70631
103527 69548
103527 69548
103886 68598
104607 68131
103932 68567
102890 70652
102050 70661
104953 67711
104607 68131
107801 64217
107102 64298
107102 64298
103118 70631
102890 70652
101073 71260
100982 71312
107801 64217
107102 64298
103932 68567
103886 68598
107801 64217
107801 64217
107801 64217
107801 64217
107801 64217
107801 64217
107801 64217
107801 64217
107801 64217
107801 64217
107801 64217
107801 64217
107801 64217
107801 64217
107801 64217
107801 64217
107801 64217
107801 64217
107801 64217
107801 64217
107801 64217
107801 64217
107801 64217
107801 64217
107801 64217
107801 64217
107801 64217
107801 64217
107801 64217
107801 64217
107801 64217
107801 64217
107801 64217
107801 64217
107801 64217
107801 64217
107801 64217
107102 64298
107102 64298
107102 64298
107102 64298
107102 64298
107102 64298
107102 64298
107102 64298
107102 64298
107102 64298
107102 64298
107102 64298
107102 64298
107102 64298
107102 64298
107102 64298
107102 64298
107102 64298
107102 64298
128700 103772
113977 142374
124209 113838
124495 108349
138101 105388
125247 121467
131326 108338
128186 112177
127045 118034
141544 105466
128869 131674
133214 110112
128894 117384
136638 108395
129912 114330
139503 106748
142698 106345
129354 124807
136577 110196
130240 117757
132467 115223
129429 123480
134682 112280
133686 113580
145517 107499
130073 126549
130481 121276
134797 115273
139042 110813
143588 108456
137259 113703
149894 107976
132566 128336
145868 112598
139997 113268
135416 121773
135662 118000
133525 126048
139399 116389
140562 115407
133313 138371
135635 122057
136305 119234
140894 115675
134195 143071
135641 126577
136333 120298
140745 117485
143536 116105
138306 140774
138530 120338
147592 116597
138631 127153
144033 118693
140781 122444
140745 122499
145402 117380
147041 117553
138702 136533
139594 131352
144731 119233
141012 123804
141870 122644
148318 118862
139491 137604
141273 124329
147608 121800
140965 134374
140944 136901
156993 120689
141813 148112
142125 124419
142608 124477
142332 127997
143804 125221
142786 128079
146580 126798
142878 129355
145363 127068
148119 127630
144563 132186
154659 129494
145374 134389
148125 132415
158988 129942
145900 145129
148095 134391
145926 139029
150153 135922
147193 145044
151372 140984
107102 64298
107102 64298
100982 71312
100982 71312
106203 67358
107102 64298
106203 67358
104953 67711
102050 70661
101073 71260
103118 70631
103527 69548
103527 69548
103886 68598
104607 68131
103932 68567
107102 64298
102890 70652
102050 70661
104862 67979
104607 68131
104953 67711
104862 67979
103118 70631
102890 70652
101073 71260
100982 71312
103932 68567
103886 68598
107102 64298
107102 64298
107102 64298
107102 64298
107102 64298
107102 64298
107102 64298
107102 64298
107102 64298
107102 64298
107102 64298
107102 64298
107102 64298
107102 64298
107102 64298
107102 64298
107102 64298
107102 64298
107102 64298
107102 64298
107102 64298
107102 64298
107102 64298
107102 64298
107102 64298
107102 64298
107102 64298
107102 64298
107102 64298
107102 64298
107102 64298
107102 64298
107102 64298
107102 64298
107102 64298
107102 64298
107102 64298
107102 64298
107102 64298
107102 64298
107102 64298
107102 64298
107102 64298
107102 64298
107102 64298
107102 64298
107102 64298
107102 64298
107102 64298
107102 64298
107102 64298
107102 64298
107102 64298
107102 64298
107102 64298
107102 64298
107102 64298
107102 64298
107102 64298
133199 101278
116662 129838
122550 102982
132693 103534
123289 115394
129160 103948
123425 111991
128782 110522
128674 111569
133357 104885
124453 123201
129285 107294
126898 119608
128843 114246
128193 117875
128544 115228
144136 105665
125786 124668
129901 120345
130925 108777
137598 105789
135183 107789
131998 107864
136519 106649
141248 106330
127378 127169
131326 122821
133791 108071
132876 116684
132993 112034
151724 107683
132830 131788
134103 115868
145463 107744
137456 108191
136045 112285
136765 110304
146237 108087
134167 118983
140132 108323
136892 112507
144338 108303
134527 117618
136397 115554
136619 114696
143103 108934
134659 119412
138018 113169
135481 119225
140264 112349
142181 112258
142543 110323
157445 109995
134974 120564
145335 110827
138208 115670
143363 113050
139605 114046
139670 113421
150949 112371
135684 121605
140016 113754
141318 113545
143722 114808
136279 125410
141530 118011
136942 122300
136915 124961
143799 116329
137363 122393
143610 118464
162615 117571
137416 142393
139008 128990
154385 120189
148268 122161
140265 122654
150642 120513
139408 123397
157817 121075
140279 123623
140905 123243
145759 123430
140305 124784
141302 124001
142383 124646
141509 135396
145760 128213
143637 144791
155928 131535
147785 137393
151200 132285
