13 2.17569
1.66609e+06 1.60088e+06 1.54045e+06
1.65004e+06 1.6142e+06 1.53597e+06
1.61062e+06 1.51936e+06 1.65078e+06
1.55994e+06 1.61533e+06 1.57472e+06
1.55919e+06 1.53634e+06 1.6527e+06
1.51818e+06 1.59542e+06 1.65036e+06
1.61416e+06 1.52709e+06 1.61429e+06
1.55589e+06 1.57303e+06 1.63497e+06
1.55383e+06 1.60852e+06 1.62084e+06
1.57017e+06 1.55934e+06 1.60647e+06
1.52235e+06 1.61139e+06 1.60373e+06
1.58641e+06 1.53595e+06 1.58153e+06
1.55383e+06 1.60852e+06 1.62084e+06
1.59522e+06 1.57735e+06 1.55743e+06
1.66609e+06 1.60088e+06 1.54045e+06
1.6359e+06 1.5994e+06 1.54055e+06
1.65004e+06 1.6142e+06 1.53597e+06
1.56351e+06 1.57421e+06 1.58311e+06
1.62911e+06 1.58886e+06 1.54164e+06
1.57343e+06 1.5832e+06 1.5644e+06
1.55826e+06 1.59738e+06 1.59935e+06
1.55737e+06 1.55345e+06 1.6085e+06
1.6275e+06 1.54891e+06 1.54979e+06
1.57386e+06 1.54766e+06 1.59025e+06
1.57042e+06 1.54326e+06 1.63939e+06
1.60693e+06 1.55205e+06 1.56913e+06
1.60693e+06 1.55205e+06 1.56913e+06
1.57386e+06 1.54766e+06 1.59025e+06
1.6004e+06 1.55695e+06 1.56646e+06
1.59844e+06 1.5762e+06 1.54616e+06
1.61387e+06 1.54081e+06 1.55095e+06
1.58357e+06 1.58629e+06 1.54616e+06
1.62911e+06 1.58886e+06 1.54164e+06
1.6359e+06 1.5994e+06 1.54055e+06
1.55836e+06 1.5841e+06 1.58474e+06
1.5774e+06 1.59572e+06 1.55547e+06
1.57042e+06 1.54326e+06 1.63939e+06
1.58357e+06 1.58629e+06 1.54616e+06
1.57042e+06 1.54326e+06 1.63939e+06
1.52235e+06 1.61139e+06 1.60373e+06
1.55498e+06 1.60455e+06 1.57923e+06
1.6276e+06 1.60664e+06 1.53948e+06
1.55498e+06 1.60455e+06 1.57923e+06
1.55548e+06 1.57898e+06 1.63613e+06
1.6004e+06 1.55695e+06 1.56646e+06
1.59176e+06 1.54794e+06 1.57968e+06
1.56068e+06 1.58216e+06 1.58124e+06
1.55548e+06 1.57898e+06 1.63613e+06
1.57215e+06 1.59688e+06 1.54479e+06
1.5774e+06 1.59572e+06 1.55547e+06
1.59176e+06 1.54794e+06 1.57968e+06
1.6276e+06 1.60664e+06 1.53948e+06
1.61387e+06 1.54081e+06 1.55095e+06
1.57876e+06 1.5552e+06 1.57597e+06
1.55826e+06 1.59738e+06 1.59935e+06
1.52235e+06 1.61139e+06 1.60373e+06
1.5603e+06 1.55087e+06 1.6079e+06
1.51818e+06 1.59542e+06 1.65036e+06
1.57876e+06 1.5552e+06 1.57597e+06
1.57215e+06 1.59688e+06 1.54479e+06
1.6275e+06 1.54891e+06 1.54979e+06
1.6275e+06 1.54891e+06 1.54979e+06
1.65004e+06 1.6142e+06 1.53597e+06
1.52235e+06 1.61139e+06 1.60373e+06
1.57876e+06 1.5552e+06 1.57597e+06
1.61387e+06 1.54081e+06 1.55095e+06
1.57386e+06 1.54766e+06 1.59025e+06
1.55836e+06 1.5841e+06 1.58474e+06
1.5603e+06 1.55087e+06 1.6079e+06
1.56068e+06 1.58216e+06 1.58124e+06
1.57876e+06 1.5552e+06 1.57597e+06
1.56068e+06 1.58216e+06 1.58124e+06
1.55836e+06 1.5841e+06 1.58474e+06
1.6004e+06 1.55695e+06 1.56646e+06
1.66609e+06 1.60088e+06 1.54045e+06
1.55826e+06 1.59738e+06 1.59935e+06
1.61387e+06 1.54081e+06 1.55095e+06
1.66609e+06 1.60088e+06 1.54045e+06
1.66609e+06 1.60088e+06 1.54045e+06
1.66609e+06 1.60088e+06 1.54045e+06
1.65004e+06 1.6142e+06 1.53597e+06
1.6359e+06 1.5994e+06 1.54055e+06
1.6275e+06 1.54891e+06 1.54979e+06
1.60693e+06 1.55205e+06 1.56913e+06
1.6004e+06 1.55695e+06 1.56646e+06
1.59176e+06 1.54794e+06 1.57968e+06
1.59176e+06 1.54794e+06 1.57968e+06
1.58357e+06 1.58629e+06 1.54616e+06
1.57386e+06 1.54766e+06 1.59025e+06
1.57042e+06 1.54326e+06 1.63939e+06
1.56068e+06 1.58216e+06 1.58124e+06
1.5603e+06 1.55087e+06 1.6079e+06
1.5603e+06 1.55087e+06 1.6079e+06
1.55836e+06 1.5841e+06 1.58474e+06
1.55826e+06 1.59738e+06 1.59935e+06
1.55548e+06 1.57898e+06 1.63613e+06
1.55548e+06 1.57898e+06 1.63613e+06
1.55548e+06 1.57898e+06 1.63613e+06
1.55548e+06 1.57898e+06 1.63613e+06
1.55383e+06 1.60852e+06 1.62084e+06
1.69776e+06 1.53773e+06 1.62316e+06
1.66173e+06 1.61996e+06 1.54421e+06
1.62058e+06 1.5308e+06 1.64792e+06
1.61149e+06 1.53468e+06 1.65595e+06
1.54302e+06 1.66731e+06 1.60964e+06
1.58284e+06 1.64011e+06 1.56427e+06
1.54302e+06 1.66731e+06 1.60964e+06
1.69776e+06 1.53773e+06 1.62316e+06
1.67355e+06 1.54748e+06 1.56815e+06
1.63071e+06 1.59379e+06 1.55962e+06
1.67333e+06 1.58144e+06 1.55318e+06
1.62058e+06 1.5308e+06 1.64792e+06
1.58991e+06 1.62451e+06 1.57027e+06
1.54354e+06 1.61013e+06 1.65349e+06
1.65639e+06 1.54768e+06 1.57176e+06
1.56364e+06 1.61407e+06 1.58948e+06
1.57565e+06 1.55718e+06 1.64021e+06
1.56888e+06 1.60897e+06 1.59827e+06
1.64704e+06 1.55941e+06 1.56707e+06
1.57953e+06 1.63353e+06 1.57677e+06
1.59372e+06 1.56761e+06 1.58198e+06
1.54927e+06 1.61842e+06 1.64164e+06
1.56021e+06 1.5912e+06 1.60934e+06
1.55418e+06 1.63126e+06 1.63181e+06
1.64003e+06 1.53809e+06 1.61227e+06
1.54927e+06 1.61842e+06 1.64164e+06
1.54354e+06 1.61013e+06 1.65349e+06
1.6228e+06 1.54038e+06 1.60169e+06
1.55951e+06 1.60472e+06 1.64409e+06
1.58521e+06 1.55508e+06 1.61908e+06
1.59759e+06 1.54407e+06 1.63595e+06
1.61673e+06 1.55334e+06 1.58329e+06
1.58732e+06 1.55213e+06 1.61432e+06
1.55418e+06 1.63126e+06 1.63181e+06
1.66909e+06 1.57256e+06 1.5637e+06
1.62374e+06 1.60197e+06 1.54939e+06
1.55859e+06 1.61371e+06 1.62461e+06
1.5818e+06 1.56376e+06 1.62847e+06
1.66909e+06 1.57256e+06 1.5637e+06
1.56224e+06 1.58638e+06 1.61005e+06
1.59876e+06 1.53822e+06 1.63587e+06
1.58378e+06 1.6006e+06 1.58342e+06
1.62272e+06 1.60696e+06 1.55643e+06
1.56127e+06 1.58503e+06 1.62567e+06
1.58085e+06 1.56592e+06 1.60375e+06
1.60361e+06 1.53629e+06 1.62996e+06
1.55951e+06 1.60472e+06 1.64409e+06
1.58592e+06 1.59577e+06 1.58442e+06
1.62553e+06 1.57631e+06 1.56181e+06
1.57461e+06 1.56018e+06 1.63016e+06
1.56888e+06 1.60897e+06 1.59827e+06
1.61149e+06 1.53468e+06 1.65595e+06
1.59574e+06 1.59863e+06 1.56942e+06
1.60669e+06 1.60252e+06 1.56652e+06
1.6105e+06 1.54342e+06 1.59539e+06
1.60306e+06 1.54313e+06 1.61404e+06
1.58828e+06 1.58061e+06 1.58212e+06
1.56971e+06 1.58384e+06 1.60671e+06
1.65639e+06 1.54768e+06 1.57176e+06
1.59129e+06 1.5511e+06 1.63704e+06
1.6275e+06 1.53914e+06 1.62609e+06
1.64119e+06 1.60154e+06 1.55922e+06
1.64433e+06 1.55368e+06 1.57207e+06
1.62374e+06 1.60197e+06 1.54939e+06
1.55536e+06 1.6211e+06 1.60686e+06
1.59122e+06 1.59e+06 1.57943e+06
1.64109e+06 1.54681e+06 1.59248e+06
1.6447e+06 1.5959e+06 1.55837e+06
1.60045e+06 1.57619e+06 1.57332e+06
1.571e+06 1.56421e+06 1.62024e+06
1.62272e+06 1.60696e+06 1.55643e+06
1.55418e+06 1.63126e+06 1.63181e+06
1.571e+06 1.56421e+06 1.62024e+06
1.62553e+06 1.57631e+06 1.56181e+06
1.62877e+06 1.59389e+06 1.56137e+06
1.60391e+06 1.5476e+06 1.59271e+06
1.59329e+06 1.57106e+06 1.59223e+06
1.6447e+06 1.5959e+06 1.55837e+06
1.64014e+06 1.55072e+06 1.58669e+06
1.59074e+06 1.55412e+06 1.60584e+06
1.59427e+06 1.58832e+06 1.57758e+06
1.57268e+06 1.60193e+06 1.60454e+06
1.60669e+06 1.60252e+06 1.56652e+06
1.59329e+06 1.57106e+06 1.59223e+06
1.55536e+06 1.6211e+06 1.60686e+06
1.6105e+06 1.54342e+06 1.59539e+06
1.58021e+06 1.61544e+06 1.57029e+06
1.6275e+06 1.53914e+06 1.62609e+06
1.59129e+06 1.5511e+06 1.63704e+06
1.59574e+06 1.59863e+06 1.56942e+06
1.55586e+06 1.61846e+06 1.59038e+06
1.58931e+06 1.56202e+06 1.61083e+06
1.60258e+06 1.57588e+06 1.57004e+06
1.58171e+06 1.57199e+06 1.58749e+06
1.59427e+06 1.58832e+06 1.57758e+06
1.57215e+06 1.57326e+06 1.60989e+06
1.60045e+06 1.57619e+06 1.57332e+06
1.58016e+06 1.60706e+06 1.60248e+06
1.57896e+06 1.59418e+06 1.60361e+06
1.57562e+06 1.57209e+06 1.61215e+06
1.6144e+06 1.55601e+06 1.57252e+06
1.58521e+06 1.55508e+06 1.61908e+06
1.6144e+06 1.55601e+06 1.57252e+06
1.60252e+06 1.55845e+06 1.5707e+06
1.58284e+06 1.64011e+06 1.56427e+06
1.57865e+06 1.60712e+06 1.57894e+06
1.57325e+06 1.63682e+06 1.57248e+06
1.57865e+06 1.60712e+06 1.57894e+06
1.64003e+06 1.53809e+06 1.61227e+06
1.57138e+06 1.63463e+06 1.58287e+06
1.58931e+06 1.56202e+06 1.61083e+06
1.55669e+06 1.61483e+06 1.63103e+06
1.58596e+06 1.58217e+06 1.58738e+06
1.55859e+06 1.61371e+06 1.62461e+06
1.60031e+06 1.54996e+06 1.60994e+06
1.61159e+06 1.55552e+06 1.58283e+06
1.60252e+06 1.55845e+06 1.5707e+06
1.60909e+06 1.54709e+06 1.60987e+06
1.60551e+06 1.55246e+06 1.59139e+06
1.59122e+06 1.59e+06 1.57943e+06
1.59097e+06 1.6388e+06 1.56952e+06
1.55669e+06 1.61483e+06 1.63103e+06
1.57138e+06 1.63463e+06 1.58287e+06
1.64704e+06 1.55941e+06 1.56707e+06
1.6228e+06 1.54038e+06 1.60169e+06
1.60031e+06 1.54996e+06 1.60994e+06
1.60551e+06 1.55246e+06 1.59139e+06
1.59097e+06 1.6388e+06 1.56952e+06
1.59865e+06 1.5567e+06 1.59082e+06
1.58596e+06 1.58217e+06 1.58738e+06
1.64704e+06 1.55941e+06 1.56707e+06
1.57325e+06 1.63682e+06 1.57248e+06
1.62452e+06 1.55429e+06 1.5716e+06
1.60909e+06 1.54709e+06 1.60987e+06
1.58234e+06 1.60959e+06 1.57826e+06
1.62452e+06 1.55429e+06 1.5716e+06
1.58732e+06 1.55213e+06 1.61432e+06
1.6048e+06 1.56206e+06 1.56855e+06
1.62877e+06 1.59389e+06 1.56137e+06
1.61281e+06 1.59464e+06 1.56375e+06
1.57364e+06 1.5958e+06 1.60653e+06
1.6048e+06 1.56206e+06 1.56855e+06
1.64014e+06 1.55072e+06 1.58669e+06
1.58778e+06 1.56256e+06 1.61406e+06
1.61281e+06 1.59464e+06 1.56375e+06
1.58828e+06 1.58061e+06 1.58212e+06
1.57215e+06 1.57326e+06 1.60989e+06
1.61281e+06 1.59464e+06 1.56375e+06
1.62374e+06 1.60197e+06 1.54939e+06
1.59865e+06 1.5567e+06 1.59082e+06
1.67355e+06 1.54748e+06 1.56815e+06
1.58778e+06 1.56256e+06 1.61406e+06
1.58171e+06 1.57199e+06 1.58749e+06
1.58021e+06 1.61544e+06 1.57029e+06
1.59876e+06 1.53822e+06 1.63587e+06
1.67355e+06 1.54748e+06 1.56815e+06
1.55536e+06 1.6211e+06 1.60686e+06
1.55586e+06 1.61846e+06 1.59038e+06
1.58234e+06 1.60959e+06 1.57826e+06
1.60258e+06 1.57588e+06 1.57004e+06
1.55669e+06 1.61483e+06 1.63103e+06
1.58828e+06 1.58061e+06 1.58212e+06
1.57865e+06 1.60712e+06 1.57894e+06
1.6105e+06 1.54342e+06 1.59539e+06
1.57325e+06 1.63682e+06 1.57248e+06
1.58234e+06 1.60959e+06 1.57826e+06
1.54302e+06 1.66731e+06 1.60964e+06
1.60306e+06 1.54313e+06 1.61404e+06
1.57364e+06 1.5958e+06 1.60653e+06
1.60391e+06 1.5476e+06 1.59271e+06
1.61159e+06 1.55552e+06 1.58283e+06
1.60252e+06 1.55845e+06 1.5707e+06
1.64119e+06 1.60154e+06 1.55922e+06
1.64119e+06 1.60154e+06 1.55922e+06
1.57562e+06 1.57209e+06 1.61215e+06
1.64003e+06 1.53809e+06 1.61227e+06
1.66909e+06 1.57256e+06 1.5637e+06
1.58021e+06 1.61544e+06 1.57029e+06
1.67355e+06 1.54748e+06 1.56815e+06
1.65639e+06 1.54768e+06 1.57176e+06
1.64014e+06 1.55072e+06 1.58669e+06
1.6275e+06 1.53914e+06 1.62609e+06
1.62272e+06 1.60696e+06 1.55643e+06
1.62058e+06 1.5308e+06 1.64792e+06
1.62058e+06 1.5308e+06 1.64792e+06
1.60258e+06 1.57588e+06 1.57004e+06
1.60031e+06 1.54996e+06 1.60994e+06
1.59129e+06 1.5511e+06 1.63704e+06
1.59122e+06 1.59e+06 1.57943e+06
1.58931e+06 1.56202e+06 1.61083e+06
1.58732e+06 1.55213e+06 1.61432e+06
1.58521e+06 1.55508e+06 1.61908e+06
1.58284e+06 1.64011e+06 1.56427e+06
1.58171e+06 1.57199e+06 1.58749e+06
1.57865e+06 1.60712e+06 1.57894e+06
1.57364e+06 1.5958e+06 1.60653e+06
1.57138e+06 1.63463e+06 1.58287e+06
1.571e+06 1.56421e+06 1.62024e+06
1.55951e+06 1.60472e+06 1.64409e+06
1.55951e+06 1.60472e+06 1.64409e+06
1.55536e+06 1.6211e+06 1.60686e+06
1.63783e+06 1.5777e+06 1.56996e+06
1.62822e+06 1.60748e+06 1.56675e+06
1.60689e+06 1.53853e+06 1.63263e+06
1.5941e+06 1.56857e+06 1.64954e+06
1.58309e+06 1.63366e+06 1.59063e+06
1.56464e+06 1.59285e+06 1.63089e+06
1.61901e+06 1.54462e+06 1.61094e+06
1.61531e+06 1.54933e+06 1.59856e+06
1.63395e+06 1.5614e+06 1.57081e+06
1.57472e+06 1.61548e+06 1.59367e+06
1.62959e+06 1.57083e+06 1.58126e+06
1.58872e+06 1.59484e+06 1.61866e+06
1.58606e+06 1.60032e+06 1.61661e+06
1.61695e+06 1.57765e+06 1.57482e+06
1.59294e+06 1.58972e+06 1.62621e+06
1.62611e+06 1.57571e+06 1.58806e+06
1.57706e+06 1.60365e+06 1.61228e+06
1.60246e+06 1.5932e+06 1.59515e+06
1.58023e+06 1.60239e+06 1.6136e+06
1.62464e+06 1.57211e+06 1.59045e+06
1.59844e+06 1.58903e+06 1.62148e+06
1.59754e+06 1.61196e+06 1.59103e+06
1.62522e+06 1.59596e+06 1.57288e+06
1.59587e+06 1.57424e+06 1.62955e+06
1.61456e+06 1.58206e+06 1.61462e+06
1.61254e+06 1.58395e+06 1.58893e+06
1.60522e+06 1.58791e+06 1.59393e+06
1.60868e+06 1.58584e+06 1.6232e+06
1.60942e+06 1.58483e+06 1.59686e+06
1.60689e+06 1.53853e+06 1.63263e+06
1.6142e+06 1.56938e+06 1.62546e+06
1.59778e+06 1.60059e+06 1.59327e+06
1.57497e+06 1.5752e+06 1.62955e+06
1.60906e+06 1.61429e+06 1.5889e+06
1.57472e+06 1.61548e+06 1.59367e+06
1.57472e+06 1.61548e+06 1.59367e+06
1.66221e+06 1.56173e+06 1.60064e+06
1.66107e+06 1.6325e+06 1.57378e+06
1.63262e+06 1.54482e+06 1.61722e+06
1.61049e+06 1.54748e+06 1.66972e+06
1.57858e+06 1.61915e+06 1.63234e+06
1.62247e+06 1.56589e+06 1.61888e+06
1.6497e+06 1.55723e+06 1.60444e+06
1.64578e+06 1.60524e+06 1.57978e+06
1.58646e+06 1.58376e+06 1.64979e+06
1.62085e+06 1.57496e+06 1.64194e+06
1.61136e+06 1.58782e+06 1.62858e+06
1.63692e+06 1.60246e+06 1.5807e+06
1.60463e+06 1.62411e+06 1.59211e+06
1.60578e+06 1.62186e+06 1.59105e+06
1.62982e+06 1.58693e+06 1.58243e+06
1.65465e+06 1.56195e+06 1.60046e+06
1.60288e+06 1.59541e+06 1.61469e+06
1.59461e+06 1.62054e+06 1.60066e+06
1.60492e+06 1.59894e+06 1.60802e+06
1.60201e+06 1.61064e+06 1.60027e+06
1.62034e+06 1.58502e+06 1.584e+06
1.61573e+06 1.60032e+06 1.59943e+06
1.58594e+06 1.60124e+06 1.63526e+06
1.59311e+06 1.60884e+06 1.61738e+06
1.61412e+06 1.57905e+06 1.64648e+06
1.61858e+06 1.57857e+06 1.63896e+06
1.61734e+06 1.58105e+06 1.61427e+06
1.5879e+06 1.58774e+06 1.62996e+06
1.58007e+06 1.61302e+06 1.6168e+06
1.59351e+06 1.61312e+06 1.61663e+06
1.60379e+06 1.57938e+06 1.63689e+06
1.61767e+06 1.58261e+06 1.60052e+06
1.66349e+06 1.56295e+06 1.64245e+06
1.64582e+06 1.61644e+06 1.58058e+06
1.63533e+06 1.54513e+06 1.66316e+06
1.62096e+06 1.63695e+06 1.59714e+06
1.61158e+06 1.5671e+06 1.67764e+06
1.58677e+06 1.61903e+06 1.61974e+06
1.64419e+06 1.62155e+06 1.59236e+06
1.65509e+06 1.56393e+06 1.62976e+06
1.63571e+06 1.57104e+06 1.62009e+06
1.59858e+06 1.59487e+06 1.64266e+06
1.65857e+06 1.6108e+06 1.59213e+06
1.60151e+06 1.59197e+06 1.63956e+06
1.61779e+06 1.6025e+06 1.61563e+06
1.62821e+06 1.56723e+06 1.62684e+06
1.61029e+06 1.5881e+06 1.65164e+06
1.60621e+06 1.6045e+06 1.62697e+06
1.65821e+06 1.58114e+06 1.60869e+06
1.62329e+06 1.58619e+06 1.60894e+06
1.61486e+06 1.5882e+06 1.64982e+06
1.61345e+06 1.59133e+06 1.64417e+06
1.62324e+06 1.58371e+06 1.624e+06
1.60732e+06 1.61203e+06 1.61692e+06
1.62262e+06 1.59454e+06 1.60288e+06
1.61846e+06 1.59375e+06 1.60407e+06
1.60785e+06 1.61892e+06 1.60623e+06
1.61094e+06 1.61721e+06 1.60814e+06
1.61834e+06 1.61674e+06 1.60725e+06
1.64961e+06 1.5682e+06 1.62762e+06
1.62742e+06 1.6301e+06 1.60515e+06
1.60116e+06 1.62525e+06 1.68838e+06
1.59411e+06 1.64938e+06 1.64703e+06
1.61531e+06 1.59972e+06 1.65635e+06
1.63692e+06 1.57483e+06 1.64554e+06
1.62252e+06 1.59488e+06 1.62188e+06
1.63036e+06 1.58042e+06 1.63277e+06
1.6445e+06 1.60708e+06 1.61914e+06
1.60362e+06 1.61975e+06 1.62918e+06
1.64233e+06 1.56835e+06 1.63411e+06
1.62997e+06 1.61869e+06 1.60599e+06
1.64729e+06 1.59586e+06 1.61173e+06
1.61866e+06 1.59625e+06 1.61991e+06
1.66693e+06 1.59861e+06 1.62228e+06
1.65611e+06 1.59955e+06 1.61689e+06
1.6458e+06 1.57372e+06 1.64041e+06
1.62426e+06 1.63576e+06 1.62277e+06
1.62042e+06 1.61498e+06 1.64264e+06
1.60808e+06 1.62256e+06 1.63063e+06
1.6378e+06 1.60837e+06 1.63249e+06
1.64174e+06 1.59673e+06 1.62847e+06
1.64593e+06 1.62555e+06 1.63178e+06
1.64317e+06 1.60481e+06 1.64086e+06
1.62525e+06 1.61878e+06 1.65683e+06
1.61613e+06 1.62724e+06 1.63419e+06
1.62719e+06 1.62359e+06 1.64072e+06
1.62423e+06 1.65578e+06 1.65166e+06
1.6507e+06 1.55191e+06 1.54202e+06
1.60696e+06 1.51977e+06 1.59045e+06
1.602e+06 1.53246e+06 1.65725e+06
1.59558e+06 1.58883e+06 1.53023e+06
1.54071e+06 1.62552e+06 1.62e+06
1.54604e+06 1.60221e+06 1.64539e+06
1.5869e+06 1.60418e+06 1.54445e+06
1.55261e+06 1.60056e+06 1.59361e+06
1.623e+06 1.54822e+06 1.56287e+06
1.64245e+06 1.52184e+06 1.56262e+06
1.54963e+06 1.56402e+06 1.59856e+06
1.56641e+06 1.58028e+06 1.55386e+06
1.6507e+06 1.55191e+06 1.54202e+06
1.5812e+06 1.54085e+06 1.58306e+06
1.60094e+06 1.56055e+06 1.55977e+06
1.55721e+06 1.5328e+06 1.58478e+06
1.54962e+06 1.6156e+06 1.5752e+06
1.61162e+06 1.58038e+06 1.55215e+06
1.54962e+06 1.6156e+06 1.5752e+06
1.61886e+06 1.56577e+06 1.55623e+06
1.597e+06 1.56932e+06 1.56519e+06
1.64245e+06 1.52184e+06 1.56262e+06
1.61646e+06 1.53845e+06 1.58304e+06
1.57649e+06 1.56564e+06 1.57827e+06
1.57649e+06 1.56564e+06 1.57827e+06
1.56641e+06 1.58028e+06 1.55386e+06
1.60443e+06 1.55144e+06 1.57463e+06
1.55715e+06 1.58444e+06 1.57323e+06
1.61676e+06 1.54409e+06 1.56645e+06
1.64245e+06 1.52184e+06 1.56262e+06
1.61235e+06 1.54651e+06 1.57178e+06
1.6196e+06 1.56021e+06 1.56493e+06
1.597e+06 1.56932e+06 1.56519e+06
1.55721e+06 1.5328e+06 1.58478e+06
1.61235e+06 1.54651e+06 1.57178e+06
1.58926e+06 1.55457e+06 1.57616e+06
1.61646e+06 1.53845e+06 1.58304e+06
1.54963e+06 1.56402e+06 1.59856e+06
1.58926e+06 1.55457e+06 1.57616e+06
1.58926e+06 1.55457e+06 1.57616e+06
1.55715e+06 1.58444e+06 1.57323e+06
1.61676e+06 1.54409e+06 1.56645e+06
1.60696e+06 1.51977e+06 1.59045e+06
1.60696e+06 1.51977e+06 1.59045e+06
1.6196e+06 1.56021e+06 1.56493e+06
1.61015e+06 1.54924e+06 1.57528e+06
1.61015e+06 1.54924e+06 1.57528e+06
1.54963e+06 1.56402e+06 1.59856e+06
1.61015e+06 1.54924e+06 1.57528e+06
1.61162e+06 1.58038e+06 1.55215e+06
1.56641e+06 1.58028e+06 1.55386e+06
1.58926e+06 1.55457e+06 1.57616e+06
1.57649e+06 1.56564e+06 1.57827e+06
1.597e+06 1.56932e+06 1.56519e+06
1.55715e+06 1.58444e+06 1.57323e+06
1.6196e+06 1.56021e+06 1.56493e+06
1.597e+06 1.56932e+06 1.56519e+06
1.54962e+06 1.6156e+06 1.5752e+06
1.6196e+06 1.56021e+06 1.56493e+06
1.61015e+06 1.54924e+06 1.57528e+06
1.54962e+06 1.6156e+06 1.5752e+06
1.6196e+06 1.56021e+06 1.56493e+06
1.6196e+06 1.56021e+06 1.56493e+06
1.61676e+06 1.54409e+06 1.56645e+06
1.61676e+06 1.54409e+06 1.56645e+06
1.61676e+06 1.54409e+06 1.56645e+06
1.61646e+06 1.53845e+06 1.58304e+06
1.61646e+06 1.53845e+06 1.58304e+06
1.61162e+06 1.58038e+06 1.55215e+06
1.61015e+06 1.54924e+06 1.57528e+06
1.61015e+06 1.54924e+06 1.57528e+06
1.61015e+06 1.54924e+06 1.57528e+06
1.61015e+06 1.54924e+06 1.57528e+06
1.61015e+06 1.54924e+06 1.57528e+06
1.61015e+06 1.54924e+06 1.57528e+06
1.61015e+06 1.54924e+06 1.57528e+06
1.61015e+06 1.54924e+06 1.57528e+06
1.61015e+06 1.54924e+06 1.57528e+06
1.61015e+06 1.54924e+06 1.57528e+06
1.60696e+06 1.51977e+06 1.59045e+06
1.55721e+06 1.5328e+06 1.58478e+06
1.54963e+06 1.56402e+06 1.59856e+06
1.54962e+06 1.6156e+06 1.5752e+06
1.54962e+06 1.6156e+06 1.5752e+06
1.54962e+06 1.6156e+06 1.5752e+06
1.65399e+06 1.55738e+06 1.56826e+06
1.61895e+06 1.60906e+06 1.54425e+06
1.60968e+06 1.52086e+06 1.59142e+06
1.55749e+06 1.58965e+06 1.62962e+06
1.553e+06 1.63004e+06 1.5878e+06
1.553e+06 1.63004e+06 1.5878e+06
1.60456e+06 1.53688e+06 1.61318e+06
1.58514e+06 1.55368e+06 1.60348e+06
1.63216e+06 1.579e+06 1.5607e+06
1.64255e+06 1.56872e+06 1.55747e+06
1.5798e+06 1.53815e+06 1.61165e+06
1.57057e+06 1.5831e+06 1.56114e+06
1.55855e+06 1.61569e+06 1.61268e+06
1.55749e+06 1.58965e+06 1.62962e+06
1.59864e+06 1.59334e+06 1.54832e+06
1.64498e+06 1.54746e+06 1.57687e+06
1.55794e+06 1.5492e+06 1.61676e+06
1.60056e+06 1.55454e+06 1.58934e+06
1.61844e+06 1.59022e+06 1.5521e+06
1.56804e+06 1.60496e+06 1.59246e+06
1.5882e+06 1.57561e+06 1.58245e+06
1.5752e+06 1.5643e+06 1.61511e+06
1.55975e+06 1.57884e+06 1.6012e+06
1.62466e+06 1.56689e+06 1.56922e+06
1.58974e+06 1.53814e+06 1.62215e+06
1.65399e+06 1.55738e+06 1.56826e+06
1.57915e+06 1.57341e+06 1.58567e+06
1.61895e+06 1.60906e+06 1.54425e+06
1.59736e+06 1.58811e+06 1.55992e+06
1.59864e+06 1.59334e+06 1.54832e+06
1.61205e+06 1.57658e+06 1.5709e+06
1.56536e+06 1.59098e+06 1.59709e+06
1.58974e+06 1.53814e+06 1.62215e+06
1.56536e+06 1.59098e+06 1.59709e+06
1.59419e+06 1.57386e+06 1.57618e+06
1.58704e+06 1.58229e+06 1.57895e+06
1.62604e+06 1.58966e+06 1.55593e+06
1.56631e+06 1.61088e+06 1.58643e+06
1.59053e+06 1.54482e+06 1.59107e+06
1.61807e+06 1.56806e+06 1.56352e+06
1.61895e+06 1.60906e+06 1.54425e+06
1.55855e+06 1.61569e+06 1.61268e+06
1.56804e+06 1.60496e+06 1.59246e+06
1.59736e+06 1.58811e+06 1.55992e+06
1.61499e+06 1.58039e+06 1.55785e+06
1.57608e+06 1.56766e+06 1.60185e+06
1.60416e+06 1.55369e+06 1.5844e+06
1.58902e+06 1.54097e+06 1.60088e+06
1.60331e+06 1.58014e+06 1.5691e+06
1.59132e+06 1.56004e+06 1.57732e+06
1.61205e+06 1.57658e+06 1.5709e+06
1.58704e+06 1.58229e+06 1.57895e+06
1.62604e+06 1.58966e+06 1.55593e+06
1.56536e+06 1.59098e+06 1.59709e+06
1.59864e+06 1.59334e+06 1.54832e+06
1.57698e+06 1.56592e+06 1.5873e+06
1.59132e+06 1.56004e+06 1.57732e+06
1.58902e+06 1.54097e+06 1.60088e+06
1.60782e+06 1.57619e+06 1.5741e+06
1.64498e+06 1.54746e+06 1.57687e+06
1.59419e+06 1.57386e+06 1.57618e+06
1.56804e+06 1.60496e+06 1.59246e+06
1.5752e+06 1.5643e+06 1.61511e+06
1.56804e+06 1.60496e+06 1.59246e+06
1.61807e+06 1.56806e+06 1.56352e+06
1.59053e+06 1.54482e+06 1.59107e+06
1.62582e+06 1.55123e+06 1.56859e+06
1.58902e+06 1.54097e+06 1.60088e+06
1.59132e+06 1.56004e+06 1.57732e+06
1.60911e+06 1.56717e+06 1.57335e+06
1.61499e+06 1.58039e+06 1.55785e+06
1.62582e+06 1.55123e+06 1.56859e+06
1.60354e+06 1.58958e+06 1.55668e+06
1.65399e+06 1.55738e+06 1.56826e+06
1.57698e+06 1.56592e+06 1.5873e+06
1.56631e+06 1.61088e+06 1.58643e+06
1.60782e+06 1.57619e+06 1.5741e+06
1.61661e+06 1.54845e+06 1.57422e+06
1.61661e+06 1.54845e+06 1.57422e+06
1.61612e+06 1.57369e+06 1.56915e+06
1.58971e+06 1.56864e+06 1.58538e+06
1.60911e+06 1.56717e+06 1.57335e+06
1.56804e+06 1.60496e+06 1.59246e+06
1.56631e+06 1.61088e+06 1.58643e+06
1.61807e+06 1.56806e+06 1.56352e+06
1.60911e+06 1.56717e+06 1.57335e+06
1.5798e+06 1.53815e+06 1.61165e+06
1.62604e+06 1.58966e+06 1.55593e+06
1.60354e+06 1.58958e+06 1.55668e+06
1.58971e+06 1.56864e+06 1.58538e+06
1.5752e+06 1.5643e+06 1.61511e+06
1.61661e+06 1.54845e+06 1.57422e+06
1.61499e+06 1.58039e+06 1.55785e+06
1.5798e+06 1.53815e+06 1.61165e+06
1.59132e+06 1.56004e+06 1.57732e+06
1.61661e+06 1.54845e+06 1.57422e+06
1.60354e+06 1.58958e+06 1.55668e+06
1.65399e+06 1.55738e+06 1.56826e+06
1.65399e+06 1.55738e+06 1.56826e+06
1.62604e+06 1.58966e+06 1.55593e+06
1.62604e+06 1.58966e+06 1.55593e+06
1.61807e+06 1.56806e+06 1.56352e+06
1.61807e+06 1.56806e+06 1.56352e+06
1.61661e+06 1.54845e+06 1.57422e+06
1.61499e+06 1.58039e+06 1.55785e+06
1.61205e+06 1.57658e+06 1.5709e+06
1.60911e+06 1.56717e+06 1.57335e+06
1.60911e+06 1.56717e+06 1.57335e+06
1.60354e+06 1.58958e+06 1.55668e+06
1.60354e+06 1.58958e+06 1.55668e+06
1.59864e+06 1.59334e+06 1.54832e+06
1.59736e+06 1.58811e+06 1.55992e+06
1.59736e+06 1.58811e+06 1.55992e+06
1.59736e+06 1.58811e+06 1.55992e+06
1.59419e+06 1.57386e+06 1.57618e+06
1.59053e+06 1.54482e+06 1.59107e+06
1.58974e+06 1.53814e+06 1.62215e+06
1.58974e+06 1.53814e+06 1.62215e+06
1.58974e+06 1.53814e+06 1.62215e+06
1.58971e+06 1.56864e+06 1.58538e+06
1.58971e+06 1.56864e+06 1.58538e+06
1.58971e+06 1.56864e+06 1.58538e+06
1.58902e+06 1.54097e+06 1.60088e+06
1.58902e+06 1.54097e+06 1.60088e+06
1.58704e+06 1.58229e+06 1.57895e+06
1.5798e+06 1.53815e+06 1.61165e+06
1.5752e+06 1.5643e+06 1.61511e+06
1.5752e+06 1.5643e+06 1.61511e+06
1.56804e+06 1.60496e+06 1.59246e+06
1.56804e+06 1.60496e+06 1.59246e+06
1.56804e+06 1.60496e+06 1.59246e+06
1.56804e+06 1.60496e+06 1.59246e+06
1.56804e+06 1.60496e+06 1.59246e+06
1.56804e+06 1.60496e+06 1.59246e+06
1.56804e+06 1.60496e+06 1.59246e+06
1.56804e+06 1.60496e+06 1.59246e+06
1.56804e+06 1.60496e+06 1.59246e+06
1.56631e+06 1.61088e+06 1.58643e+06
1.55749e+06 1.58965e+06 1.62962e+06
1.55749e+06 1.58965e+06 1.62962e+06
1.65686e+06 1.52575e+06 1.61412e+06
1.60195e+06 1.5988e+06 1.55031e+06
1.57704e+06 1.63511e+06 1.57018e+06
1.56053e+06 1.56916e+06 1.63696e+06
1.55879e+06 1.59444e+06 1.62681e+06
1.59142e+06 1.63458e+06 1.56197e+06
1.57002e+06 1.60997e+06 1.60915e+06
1.57892e+06 1.58793e+06 1.57104e+06
1.64674e+06 1.5648e+06 1.58249e+06
1.56756e+06 1.55165e+06 1.6266e+06
1.56193e+06 1.60821e+06 1.62088e+06
1.60767e+06 1.55419e+06 1.59303e+06
1.59416e+06 1.55847e+06 1.60508e+06
1.65091e+06 1.57348e+06 1.55788e+06
1.61288e+06 1.53801e+06 1.59674e+06
1.62682e+06 1.58524e+06 1.56734e+06
1.62593e+06 1.53132e+06 1.60242e+06
1.56578e+06 1.5711e+06 1.61912e+06
1.63964e+06 1.5681e+06 1.56563e+06
1.61288e+06 1.53801e+06 1.59674e+06
1.60449e+06 1.5596e+06 1.58671e+06
1.60426e+06 1.57727e+06 1.59697e+06
1.64969e+06 1.57088e+06 1.55916e+06
1.57303e+06 1.59747e+06 1.59752e+06
1.61247e+06 1.5321e+06 1.60176e+06
1.64093e+06 1.53152e+06 1.60233e+06
1.63652e+06 1.5348e+06 1.60108e+06
1.57359e+06 1.59254e+06 1.58612e+06
1.64699e+06 1.52879e+06 1.59518e+06
1.63253e+06 1.57578e+06 1.56819e+06
1.57687e+06 1.58608e+06 1.5833e+06
1.60449e+06 1.5596e+06 1.58671e+06
1.57663e+06 1.57264e+06 1.60985e+06
1.63253e+06 1.57578e+06 1.56819e+06
1.63142e+06 1.5355e+06 1.59924e+06
1.64699e+06 1.52879e+06 1.59518e+06
1.57522e+06 1.58668e+06 1.59926e+06
1.57359e+06 1.59254e+06 1.58612e+06
1.63652e+06 1.5348e+06 1.60108e+06
1.63142e+06 1.5355e+06 1.59924e+06
1.62593e+06 1.53132e+06 1.60242e+06
1.6035e+06 1.58687e+06 1.57047e+06
1.57663e+06 1.57264e+06 1.60985e+06
1.57663e+06 1.57264e+06 1.60985e+06
1.63142e+06 1.5355e+06 1.59924e+06
1.6035e+06 1.58687e+06 1.57047e+06
1.57522e+06 1.58668e+06 1.59926e+06
1.62593e+06 1.53132e+06 1.60242e+06
1.63652e+06 1.5348e+06 1.60108e+06
1.63142e+06 1.5355e+06 1.59924e+06
1.61288e+06 1.53801e+06 1.59674e+06
1.57522e+06 1.58668e+06 1.59926e+06
1.57522e+06 1.58668e+06 1.59926e+06
1.64699e+06 1.52879e+06 1.59518e+06
1.64699e+06 1.52879e+06 1.59518e+06
1.64699e+06 1.52879e+06 1.59518e+06
1.64699e+06 1.52879e+06 1.59518e+06
1.63652e+06 1.5348e+06 1.60108e+06
1.63652e+06 1.5348e+06 1.60108e+06
1.63142e+06 1.5355e+06 1.59924e+06
1.62593e+06 1.53132e+06 1.60242e+06
1.62593e+06 1.53132e+06 1.60242e+06
1.62593e+06 1.53132e+06 1.60242e+06
1.62593e+06 1.53132e+06 1.60242e+06
1.61288e+06 1.53801e+06 1.59674e+06
1.61288e+06 1.53801e+06 1.59674e+06
1.61288e+06 1.53801e+06 1.59674e+06
1.57663e+06 1.57264e+06 1.60985e+06
1.57522e+06 1.58668e+06 1.59926e+06
1.57359e+06 1.59254e+06 1.58612e+06
1.57359e+06 1.59254e+06 1.58612e+06
1.57359e+06 1.59254e+06 1.58612e+06
1.65827e+06 1.53419e+06 1.64498e+06
1.63399e+06 1.53552e+06 1.68321e+06
1.63228e+06 1.63601e+06 1.5556e+06
1.55885e+06 1.61297e+06 1.65096e+06
1.60952e+06 1.60791e+06 1.57713e+06
1.62163e+06 1.54144e+06 1.65802e+06
1.60824e+06 1.61387e+06 1.56771e+06
1.62242e+06 1.5624e+06 1.5933e+06
1.64214e+06 1.54705e+06 1.6084e+06
1.59884e+06 1.58916e+06 1.60933e+06
1.58724e+06 1.58094e+06 1.62706e+06
1.56891e+06 1.62711e+06 1.62476e+06
1.57405e+06 1.62618e+06 1.61079e+06
1.60132e+06 1.57202e+06 1.60569e+06
1.61207e+06 1.5536e+06 1.64233e+06
1.57684e+06 1.62976e+06 1.59086e+06
1.57368e+06 1.57859e+06 1.639e+06
1.62235e+06 1.59271e+06 1.58654e+06
1.64156e+06 1.57896e+06 1.58528e+06
1.58592e+06 1.59084e+06 1.61887e+06
1.6178e+06 1.54986e+06 1.59774e+06
1.58269e+06 1.59141e+06 1.59784e+06
1.61552e+06 1.56669e+06 1.63155e+06
1.61664e+06 1.54207e+06 1.62896e+06
1.58295e+06 1.59098e+06 1.63204e+06
1.60421e+06 1.56727e+06 1.62612e+06
1.6065e+06 1.56872e+06 1.58694e+06
1.60944e+06 1.56884e+06 1.58689e+06
1.66071e+06 1.56181e+06 1.61981e+06
1.62249e+06 1.55412e+06 1.64145e+06
1.6201e+06 1.6341e+06 1.57736e+06
1.59233e+06 1.58343e+06 1.66408e+06
1.58577e+06 1.60862e+06 1.61207e+06
1.62692e+06 1.62247e+06 1.58294e+06
1.64553e+06 1.5702e+06 1.59052e+06
1.63673e+06 1.57746e+06 1.60686e+06
1.61428e+06 1.58882e+06 1.6005e+06
1.65513e+06 1.55549e+06 1.63234e+06
1.60486e+06 1.61062e+06 1.60926e+06
1.61038e+06 1.60184e+06 1.58998e+06
1.60955e+06 1.59584e+06 1.59322e+06
1.6192e+06 1.56461e+06 1.62243e+06
1.59626e+06 1.59544e+06 1.61558e+06
1.60634e+06 1.57063e+06 1.63559e+06
1.61211e+06 1.57445e+06 1.61167e+06
1.63136e+06 1.56385e+06 1.62769e+06
1.62868e+06 1.58457e+06 1.59321e+06
1.5985e+06 1.5925e+06 1.62933e+06
1.60241e+06 1.60292e+06 1.61324e+06
1.60112e+06 1.60798e+06 1.61509e+06
1.63506e+06 1.55687e+06 1.63902e+06
1.62048e+06 1.56583e+06 1.62004e+06
1.66023e+06 1.55677e+06 1.63198e+06
1.6218e+06 1.5584e+06 1.62986e+06
1.63278e+06 1.59067e+06 1.59033e+06
1.60221e+06 1.58339e+06 1.61539e+06
1.60791e+06 1.58406e+06 1.60807e+06
1.67502e+06 1.59554e+06 1.59183e+06
1.62276e+06 1.56833e+06 1.63926e+06
1.61576e+06 1.63704e+06 1.5908e+06
1.59733e+06 1.58717e+06 1.66986e+06
1.58899e+06 1.64006e+06 1.64526e+06
1.60968e+06 1.61697e+06 1.6128e+06
1.6677e+06 1.58903e+06 1.59555e+06
1.65021e+06 1.58407e+06 1.59725e+06
1.62463e+06 1.5737e+06 1.62619e+06
1.61091e+06 1.59195e+06 1.66009e+06
1.63589e+06 1.57964e+06 1.62142e+06
1.64492e+06 1.57331e+06 1.63856e+06
1.59772e+06 1.61634e+06 1.61616e+06
1.63295e+06 1.60325e+06 1.59412e+06
1.61186e+06 1.59361e+06 1.65328e+06
1.6276e+06 1.60837e+06 1.59976e+06
1.64121e+06 1.60058e+06 1.60204e+06
1.6461e+06 1.57099e+06 1.59987e+06
1.59647e+06 1.5984e+06 1.62332e+06
1.61677e+06 1.60953e+06 1.59492e+06
1.61828e+06 1.58406e+06 1.62336e+06
1.60995e+06 1.60078e+06 1.60562e+06
1.62152e+06 1.58888e+06 1.61479e+06
1.6061e+06 1.59603e+06 1.62029e+06
1.60398e+06 1.5998e+06 1.62222e+06
1.60421e+06 1.5969e+06 1.62539e+06
1.6122e+06 1.59228e+06 1.62232e+06
1.62213e+06 1.59966e+06 1.60855e+06
1.60652e+06 1.5939e+06 1.63909e+06
1.61726e+06 1.59212e+06 1.60916e+06
1.65836e+06 1.59392e+06 1.60183e+06
1.65723e+06 1.5704e+06 1.64092e+06
1.65709e+06 1.59827e+06 1.60145e+06
1.62906e+06 1.5761e+06 1.65935e+06
1.60568e+06 1.6257e+06 1.61628e+06
1.5974e+06 1.6257e+06 1.63582e+06
1.61991e+06 1.58934e+06 1.64723e+06
1.61014e+06 1.6205e+06 1.60586e+06
1.61131e+06 1.60386e+06 1.62244e+06
1.62365e+06 1.59994e+06 1.62942e+06
1.63587e+06 1.60829e+06 1.60383e+06
1.65393e+06 1.57927e+06 1.62577e+06
1.64301e+06 1.61024e+06 1.60234e+06
1.64828e+06 1.58466e+06 1.61754e+06
1.65446e+06 1.5936e+06 1.60968e+06
1.6263e+06 1.5897e+06 1.61895e+06
1.64215e+06 1.58849e+06 1.6399e+06
1.63931e+06 1.58952e+06 1.6153e+06
1.64518e+06 1.5851e+06 1.62717e+06
1.684e+06 1.58948e+06 1.6235e+06
1.6605e+06 1.60318e+06 1.60354e+06
1.6539e+06 1.58839e+06 1.64604e+06
1.62565e+06 1.63713e+06 1.60875e+06
1.60573e+06 1.63208e+06 1.65645e+06
1.66431e+06 1.59205e+06 1.616e+06
1.62714e+06 1.61557e+06 1.62977e+06
1.63628e+06 1.62202e+06 1.60706e+06
1.62506e+06 1.60013e+06 1.64958e+06
1.64523e+06 1.59713e+06 1.62044e+06
1.62835e+06 1.59012e+06 1.64462e+06
1.6277e+06 1.59156e+06 1.63394e+06
1.65631e+06 1.63326e+06 1.60629e+06
1.68303e+06 1.60986e+06 1.61411e+06
1.65178e+06 1.59221e+06 1.64791e+06
1.64606e+06 1.59556e+06 1.65323e+06
1.63448e+06 1.60541e+06 1.63504e+06
1.65663e+06 1.59965e+06 1.62434e+06
1.68521e+06 1.60927e+06 1.68602e+06
1.64933e+06 1.61427e+06 1.64084e+06
1.65827e+06 1.61006e+06 1.68285e+06
