1869 115.351
1.26278e+06 960928 1.08945e+06
1.2493e+06 959207 1.1047e+06
1.20679e+06 1.00058e+06 1.02852e+06
1.12827e+06 1.05186e+06 1.09152e+06
1.12395e+06 1.03607e+06 1.12357e+06
1.12395e+06 1.03607e+06 1.12357e+06
1.14836e+06 1.00101e+06 1.1093e+06
1.24968e+06 962291 1.08348e+06
1.21285e+06 988224 1.04476e+06
1.1502e+06 1.03015e+06 1.06355e+06
1.25546e+06 959946 1.10155e+06
1.19805e+06 1.01176e+06 1.03339e+06
1.16042e+06 995613 1.07904e+06
1.19375e+06 1.0297e+06 1.03778e+06
1.20847e+06 969782 1.06171e+06
1.12945e+06 1.03429e+06 1.10854e+06
1.17152e+06 1.05026e+06 1.04871e+06
1.2193e+06 980528 1.05613e+06
1.17938e+06 1.0066e+06 1.05537e+06
1.14144e+06 1.0227e+06 1.09421e+06
1.23902e+06 974135 1.05752e+06
1.17205e+06 1.04688e+06 1.04251e+06
1.17459e+06 1.01432e+06 1.04807e+06
1.24287e+06 964660 1.08103e+06
1.14513e+06 1.0202e+06 1.09658e+06
1.20679e+06 1.00058e+06 1.02852e+06
1.13711e+06 1.02914e+06 1.07258e+06
1.18846e+06 982081 1.05283e+06
1.18625e+06 985059 1.08832e+06
1.19442e+06 1.01352e+06 1.03245e+06
1.23562e+06 972226 1.0597e+06
1.21974e+06 994456 1.04093e+06
1.2078e+06 979243 1.065e+06
1.22934e+06 972457 1.0614e+06
1.13011e+06 1.04668e+06 1.10664e+06
1.22558e+06 966444 1.07599e+06
1.2493e+06 959207 1.1047e+06
1.23904e+06 995955 1.03795e+06
1.232e+06 976902 1.06129e+06
1.15693e+06 1.04274e+06 1.0524e+06
1.25269e+06 961817 1.09094e+06
1.24287e+06 964660 1.08103e+06
1.20054e+06 993337 1.04796e+06
1.25912e+06 961940 1.08723e+06
1.24474e+06 961170 1.10063e+06
1.18846e+06 982081 1.05283e+06
1.18574e+06 1.01561e+06 1.04353e+06
1.22509e+06 986602 1.04542e+06
1.20378e+06 975492 1.07491e+06
1.19442e+06 1.01352e+06 1.03245e+06
1.15242e+06 1.02609e+06 1.06972e+06
1.19061e+06 1.00907e+06 1.04429e+06
1.16517e+06 988289 1.07686e+06
1.24474e+06 961170 1.10063e+06
1.22281e+06 969672 1.07316e+06
1.15184e+06 1.0182e+06 1.07155e+06
1.15693e+06 1.04274e+06 1.0524e+06
1.21285e+06 988224 1.04476e+06
1.18166e+06 998627 1.06241e+06
1.25912e+06 961940 1.08723e+06
1.23562e+06 972226 1.0597e+06
1.14717e+06 1.04438e+06 1.05497e+06
1.25546e+06 959946 1.10155e+06
1.13512e+06 1.01404e+06 1.105e+06
1.24251e+06 986567 1.0462e+06
1.20123e+06 1.00603e+06 1.03906e+06
1.15814e+06 1.02532e+06 1.06063e+06
1.13054e+06 1.04026e+06 1.09161e+06
1.18507e+06 1.00294e+06 1.04644e+06
1.12827e+06 1.05186e+06 1.09152e+06
1.14277e+06 1.0216e+06 1.09796e+06
1.12945e+06 1.03429e+06 1.10854e+06
1.13153e+06 1.03846e+06 1.09208e+06
1.13512e+06 1.01404e+06 1.105e+06
1.18253e+06 991586 1.07174e+06
1.1829e+06 994316 1.0667e+06
1.25269e+06 961817 1.09094e+06
1.13219e+06 1.0259e+06 1.08503e+06
1.14144e+06 1.0227e+06 1.09421e+06
1.15331e+06 1.00349e+06 1.09884e+06
1.15331e+06 1.00349e+06 1.09884e+06
1.2193e+06 980528 1.05613e+06
1.15184e+06 1.0182e+06 1.07155e+06
1.17152e+06 1.05026e+06 1.04871e+06
1.23342e+06 968179 1.07525e+06
1.16965e+06 1.01165e+06 1.0494e+06
1.1548e+06 1.00796e+06 1.08397e+06
1.20359e+06 988368 1.05072e+06
1.1494e+06 1.01058e+06 1.07832e+06
1.16023e+06 1.03482e+06 1.0548e+06
1.14413e+06 1.02762e+06 1.08489e+06
1.16853e+06 997541 1.06284e+06
1.13011e+06 1.04668e+06 1.10664e+06
1.1829e+06 994316 1.0667e+06
1.232e+06 976902 1.06129e+06
1.2078e+06 979243 1.065e+06
1.18278e+06 1.00523e+06 1.05917e+06
1.23902e+06 974135 1.05752e+06
1.13702e+06 1.03714e+06 1.07815e+06
1.19707e+06 1.00134e+06 1.04341e+06
1.15282e+06 1.00438e+06 1.08527e+06
1.16521e+06 1.00633e+06 1.06761e+06
1.22286e+06 979349 1.06087e+06
1.14413e+06 1.02762e+06 1.08489e+06
1.1583e+06 1.02399e+06 1.06999e+06
1.15168e+06 999869 1.10121e+06
1.19707e+06 1.00134e+06 1.04341e+06
1.18732e+06 1.00291e+06 1.05656e+06
1.15952e+06 997923 1.07317e+06
1.14513e+06 1.0202e+06 1.09658e+06
1.14664e+06 1.01247e+06 1.08861e+06
1.23006e+06 965423 1.09172e+06
1.1583e+06 1.02399e+06 1.06999e+06
1.2025e+06 989472 1.05168e+06
1.19061e+06 1.00907e+06 1.04429e+06
1.13122e+06 1.03983e+06 1.09179e+06
1.17459e+06 1.01432e+06 1.04807e+06
1.26118e+06 967641 1.07583e+06
1.14998e+06 1.02129e+06 1.07069e+06
1.19206e+06 1.01113e+06 1.04314e+06
1.14399e+06 1.02156e+06 1.0933e+06
1.13702e+06 1.03714e+06 1.07815e+06
1.24251e+06 986567 1.0462e+06
1.18625e+06 985059 1.08832e+06
1.14717e+06 1.04438e+06 1.05497e+06
1.16965e+06 1.01165e+06 1.0494e+06
1.1548e+06 1.00796e+06 1.08397e+06
1.19206e+06 1.01113e+06 1.04314e+06
1.20272e+06 990023 1.04203e+06
1.26278e+06 960928 1.08945e+06
1.17938e+06 1.0066e+06 1.05537e+06
1.26118e+06 967641 1.07583e+06
1.16023e+06 1.03482e+06 1.0548e+06
1.16521e+06 1.00633e+06 1.06761e+06
1.14836e+06 1.00101e+06 1.1093e+06
1.20378e+06 975492 1.07491e+06
1.14277e+06 1.0216e+06 1.09796e+06
1.15262e+06 1.00838e+06 1.09694e+06
1.15168e+06 999869 1.10121e+06
1.19957e+06 997840 1.04256e+06
1.19805e+06 1.01176e+06 1.03339e+06
1.16746e+06 1.00613e+06 1.05678e+06
1.16641e+06 1.0045e+06 1.06275e+06
1.20272e+06 990023 1.04203e+06
1.23006e+06 965423 1.09172e+06
1.20054e+06 993337 1.04796e+06
1.18574e+06 1.01561e+06 1.04353e+06
1.21974e+06 994456 1.04093e+06
1.22558e+06 966444 1.07599e+06
1.20123e+06 1.00603e+06 1.03906e+06
1.18278e+06 1.00523e+06 1.05917e+06
1.20171e+06 990712 1.05117e+06
1.18166e+06 998627 1.06241e+06
1.18595e+06 1.02278e+06 1.04342e+06
1.26278e+06 960928 1.08945e+06
1.23904e+06 995955 1.03795e+06
1.13153e+06 1.03846e+06 1.09208e+06
1.2614e+06 968243 1.07452e+06
1.2025e+06 989472 1.05168e+06
1.16517e+06 988289 1.07686e+06
1.19421e+06 979961 1.06306e+06
1.23342e+06 968179 1.07525e+06
1.15463e+06 1.01168e+06 1.07641e+06
1.14998e+06 1.02129e+06 1.07069e+06
1.2614e+06 968243 1.07452e+06
1.15282e+06 1.00438e+06 1.08527e+06
1.1823e+06 994802 1.0614e+06
1.20847e+06 969782 1.06171e+06
1.18507e+06 1.00294e+06 1.04644e+06
1.18796e+06 991105 1.0731e+06
1.14664e+06 1.01247e+06 1.08861e+06
1.20171e+06 990712 1.05117e+06
1.15952e+06 997923 1.07317e+06
1.18732e+06 1.00291e+06 1.05656e+06
1.16641e+06 1.0045e+06 1.06275e+06
1.14626e+06 1.02602e+06 1.07864e+06
1.16853e+06 997541 1.06284e+06
1.22509e+06 986602 1.04542e+06
1.14707e+06 1.03774e+06 1.05525e+06
1.1494e+06 1.01058e+06 1.07832e+06
1.13711e+06 1.02914e+06 1.07258e+06
1.1502e+06 1.03015e+06 1.06355e+06
1.24968e+06 962291 1.08348e+06
1.16746e+06 1.00613e+06 1.05678e+06
1.22934e+06 972457 1.0614e+06
1.17205e+06 1.04688e+06 1.04251e+06
1.19957e+06 997840 1.04256e+06
1.2614e+06 968243 1.07452e+06
1.13122e+06 1.02935e+06 1.09356e+06
1.18796e+06 991105 1.0731e+06
1.19421e+06 979961 1.06306e+06
1.14707e+06 1.03774e+06 1.05525e+06
1.15814e+06 1.02532e+06 1.06063e+06
1.18253e+06 991586 1.07174e+06
1.20359e+06 988368 1.05072e+06
1.13054e+06 1.04026e+06 1.09161e+06
1.26278e+06 960928 1.08945e+06
1.19375e+06 1.0297e+06 1.03778e+06
1.13219e+06 1.0259e+06 1.08503e+06
1.16042e+06 995613 1.07904e+06
1.14626e+06 1.02602e+06 1.07864e+06
1.15242e+06 1.02609e+06 1.06972e+06
1.15262e+06 1.00838e+06 1.09694e+06
1.13122e+06 1.02935e+06 1.09356e+06
1.14399e+06 1.02156e+06 1.0933e+06
1.1823e+06 994802 1.0614e+06
1.15463e+06 1.01168e+06 1.07641e+06
1.22286e+06 979349 1.06087e+06
1.16034e+06 1.00818e+06 1.0509e+06
1.2614e+06 968243 1.07452e+06
1.13122e+06 1.03983e+06 1.09179e+06
1.16034e+06 1.00818e+06 1.0509e+06
1.18595e+06 1.02278e+06 1.04342e+06
1.26278e+06 960928 1.08945e+06
1.22281e+06 969672 1.07316e+06
1.26278e+06 960928 1.08945e+06
1.26278e+06 960928 1.08945e+06
1.26278e+06 960928 1.08945e+06
1.26278e+06 960928 1.08945e+06
1.26278e+06 960928 1.08945e+06
1.26278e+06 960928 1.08945e+06
1.26278e+06 960928 1.08945e+06
1.26278e+06 960928 1.08945e+06
1.26278e+06 960928 1.08945e+06
1.26278e+06 960928 1.08945e+06
1.26278e+06 960928 1.08945e+06
1.26278e+06 960928 1.08945e+06
1.26278e+06 960928 1.08945e+06
1.26278e+06 960928 1.08945e+06
1.26278e+06 960928 1.08945e+06
1.26278e+06 960928 1.08945e+06
1.26278e+06 960928 1.08945e+06
1.26278e+06 960928 1.08945e+06
1.26278e+06 960928 1.08945e+06
1.26278e+06 960928 1.08945e+06
1.26278e+06 960928 1.08945e+06
1.26278e+06 960928 1.08945e+06
1.26278e+06 960928 1.08945e+06
1.26278e+06 960928 1.08945e+06
1.26278e+06 960928 1.08945e+06
1.26278e+06 960928 1.08945e+06
1.2614e+06 968243 1.07452e+06
1.2614e+06 968243 1.07452e+06
1.2614e+06 968243 1.07452e+06
1.2614e+06 968243 1.07452e+06
1.2614e+06 968243 1.07452e+06
1.2614e+06 968243 1.07452e+06
1.2614e+06 968243 1.07452e+06
1.2614e+06 968243 1.07452e+06
1.2614e+06 968243 1.07452e+06
1.2614e+06 968243 1.07452e+06
1.2614e+06 968243 1.07452e+06
1.2614e+06 968243 1.07452e+06
1.2614e+06 968243 1.07452e+06
1.2614e+06 968243 1.07452e+06
1.2614e+06 968243 1.07452e+06
1.2614e+06 968243 1.07452e+06
1.26118e+06 967641 1.07583e+06
1.27214e+06 971336 1.13511e+06
1.24389e+06 990245 1.07119e+06
1.20425e+06 1.02952e+06 1.07826e+06
1.2458e+06 980700 1.10473e+06
1.21506e+06 1.01277e+06 1.07434e+06
1.22488e+06 1.00296e+06 1.07535e+06
1.26072e+06 980085 1.08318e+06
1.24158e+06 997190 1.08559e+06
1.21768e+06 993499 1.09146e+06
1.24928e+06 971388 1.09009e+06
1.27615e+06 1.01024e+06 1.07293e+06
1.2521e+06 978941 1.09677e+06
1.24225e+06 1.00159e+06 1.13538e+06
1.21025e+06 1.0377e+06 1.097e+06
1.23291e+06 1.01896e+06 1.0772e+06
1.24333e+06 1.0016e+06 1.10278e+06
1.26788e+06 986511 1.08954e+06
1.26138e+06 992388 1.08311e+06
1.21578e+06 1.01429e+06 1.08495e+06
1.2273e+06 1.00217e+06 1.09376e+06
1.24638e+06 994900 1.0879e+06
1.24974e+06 1.00782e+06 1.07574e+06
1.23966e+06 1.00193e+06 1.09855e+06
1.23248e+06 1.00928e+06 1.08888e+06
1.24481e+06 1.00259e+06 1.08844e+06
1.24453e+06 1.00176e+06 1.10026e+06
1.23279e+06 1.01282e+06 1.0883e+06
1.2822e+06 989831 1.09289e+06
1.27174e+06 1.02646e+06 1.08028e+06
1.25596e+06 979579 1.10296e+06
1.23145e+06 1.01049e+06 1.10966e+06
1.22103e+06 1.04289e+06 1.09788e+06
1.21746e+06 1.02184e+06 1.0994e+06
1.2458e+06 1.01557e+06 1.08523e+06
1.24828e+06 994985 1.09537e+06
1.2677e+06 999499 1.08736e+06
1.22225e+06 1.01648e+06 1.08528e+06
1.24665e+06 1.0023e+06 1.10922e+06
1.26094e+06 1.00642e+06 1.0901e+06
1.23301e+06 1.00577e+06 1.10184e+06
1.25293e+06 983702 1.09813e+06
1.26326e+06 981635 1.10137e+06
1.25807e+06 1.01304e+06 1.08726e+06
1.25736e+06 1.00883e+06 1.09377e+06
1.25297e+06 1.00494e+06 1.09474e+06
1.2461e+06 1.00331e+06 1.1014e+06
1.28252e+06 1.04542e+06 1.08545e+06
1.26544e+06 982035 1.10145e+06
1.24719e+06 1.00438e+06 1.12164e+06
1.22598e+06 1.03954e+06 1.11585e+06
1.23417e+06 1.02734e+06 1.09104e+06
1.24403e+06 1.01378e+06 1.10539e+06
1.23757e+06 1.01357e+06 1.11568e+06
1.25798e+06 995801 1.09899e+06
1.25502e+06 994866 1.10107e+06
1.2262e+06 1.0393e+06 1.09232e+06
1.22679e+06 1.01718e+06 1.09506e+06
1.24002e+06 1.02185e+06 1.09039e+06
1.26336e+06 1.00817e+06 1.0943e+06
1.24921e+06 1.02605e+06 1.08793e+06
1.2534e+06 1.0152e+06 1.09722e+06
1.24903e+06 1.01296e+06 1.10286e+06
1.24096e+06 1.01489e+06 1.10498e+06
1.25566e+06 1.01919e+06 1.08802e+06
1.25676e+06 1.0056e+06 1.09758e+06
1.2637e+06 1.01002e+06 1.09096e+06
1.25576e+06 1.01115e+06 1.09809e+06
1.2513e+06 1.01333e+06 1.09877e+06
1.25036e+06 1.01407e+06 1.0975e+06
1.27546e+06 1.01457e+06 1.09279e+06
1.27171e+06 992235 1.12319e+06
1.26032e+06 1.05264e+06 1.08827e+06
1.22768e+06 1.02176e+06 1.13159e+06
1.22685e+06 1.04246e+06 1.12598e+06
1.2364e+06 1.0277e+06 1.11517e+06
1.2305e+06 1.04442e+06 1.11114e+06
1.24064e+06 1.02557e+06 1.11309e+06
1.26052e+06 995188 1.1051e+06
1.26644e+06 1.05231e+06 1.08919e+06
1.24798e+06 1.01448e+06 1.10975e+06
1.25774e+06 1.0058e+06 1.09767e+06
1.25246e+06 1.01797e+06 1.09592e+06
1.23352e+06 1.0358e+06 1.09662e+06
1.24465e+06 1.03102e+06 1.09627e+06
1.25758e+06 1.00873e+06 1.10401e+06
1.27057e+06 999123 1.10478e+06
1.26877e+06 1.0019e+06 1.10407e+06
1.25496e+06 1.01682e+06 1.10054e+06
1.24846e+06 1.02085e+06 1.10252e+06
1.23523e+06 1.04168e+06 1.09211e+06
1.25536e+06 1.01387e+06 1.10306e+06
1.24288e+06 1.03428e+06 1.10349e+06
1.27358e+06 1.02202e+06 1.09448e+06
1.26913e+06 1.02252e+06 1.09075e+06
1.26423e+06 1.02662e+06 1.09016e+06
1.26311e+06 1.02644e+06 1.09148e+06
1.23518e+06 1.03565e+06 1.10002e+06
1.25923e+06 1.02061e+06 1.09461e+06
1.23109e+06 1.03468e+06 1.10302e+06
1.24355e+06 1.0199e+06 1.10355e+06
1.2931e+06 996123 1.12867e+06
1.27643e+06 1.05229e+06 1.09041e+06
1.23108e+06 1.07243e+06 1.11208e+06
1.24264e+06 1.02638e+06 1.11923e+06
1.26429e+06 1.00232e+06 1.11559e+06
1.23636e+06 1.03755e+06 1.09879e+06
1.2852e+06 998995 1.1094e+06
1.24823e+06 1.02029e+06 1.12392e+06
1.2844e+06 1.00367e+06 1.10777e+06
1.25333e+06 1.04411e+06 1.09263e+06
1.25233e+06 1.03152e+06 1.10123e+06
1.24601e+06 1.02996e+06 1.11424e+06
1.26754e+06 1.00644e+06 1.09951e+06
1.26475e+06 1.02168e+06 1.09519e+06
1.27401e+06 1.00756e+06 1.09924e+06
1.23588e+06 1.06163e+06 1.0982e+06
1.2582e+06 1.03018e+06 1.10627e+06
1.25003e+06 1.01725e+06 1.11056e+06
1.23383e+06 1.0615e+06 1.11029e+06
1.25869e+06 1.03311e+06 1.09772e+06
1.24837e+06 1.02096e+06 1.12224e+06
1.26006e+06 1.01064e+06 1.09773e+06
1.23386e+06 1.04328e+06 1.10795e+06
1.2541e+06 1.02817e+06 1.10958e+06
1.26521e+06 1.0267e+06 1.09318e+06
1.25653e+06 1.01468e+06 1.11019e+06
1.25627e+06 1.03083e+06 1.1006e+06
1.26648e+06 1.00948e+06 1.10115e+06
1.25976e+06 1.01242e+06 1.09838e+06
1.25756e+06 1.02703e+06 1.10796e+06
1.29478e+06 1.00987e+06 1.10047e+06
1.28286e+06 1.03345e+06 1.09471e+06
1.26935e+06 1.00453e+06 1.12762e+06
1.24639e+06 1.03387e+06 1.12832e+06
1.23418e+06 1.04825e+06 1.11273e+06
1.27012e+06 1.01654e+06 1.10035e+06
1.28801e+06 1.0313e+06 1.09719e+06
1.25996e+06 1.02219e+06 1.1064e+06
1.28222e+06 1.0325e+06 1.09848e+06
1.24756e+06 1.02991e+06 1.12456e+06
1.24467e+06 1.04256e+06 1.11423e+06
1.24906e+06 1.04284e+06 1.10303e+06
1.26217e+06 1.01442e+06 1.10925e+06
1.25152e+06 1.01984e+06 1.11954e+06
1.24978e+06 1.03845e+06 1.12138e+06
1.25594e+06 1.0253e+06 1.1133e+06
1.25344e+06 1.04172e+06 1.10221e+06
1.26881e+06 1.00929e+06 1.101e+06
1.26541e+06 1.0114e+06 1.10474e+06
1.26001e+06 1.01858e+06 1.11558e+06
1.26349e+06 1.01172e+06 1.11234e+06
1.2503e+06 1.03139e+06 1.1174e+06
1.2681e+06 1.02765e+06 1.09879e+06
1.24743e+06 1.03887e+06 1.10978e+06
1.25759e+06 1.03557e+06 1.10093e+06
1.25094e+06 1.0285e+06 1.1211e+06
1.2498e+06 1.04026e+06 1.1053e+06
1.26897e+06 1.03555e+06 1.0948e+06
1.2616e+06 1.01901e+06 1.11472e+06
1.26168e+06 1.03123e+06 1.09897e+06
1.25041e+06 1.03556e+06 1.11166e+06
1.25545e+06 1.03284e+06 1.11265e+06
1.25599e+06 1.0348e+06 1.1125e+06
1.25728e+06 1.03206e+06 1.10482e+06
1.27815e+06 1.03086e+06 1.09922e+06
1.27688e+06 1.04913e+06 1.09516e+06
1.27673e+06 1.00968e+06 1.10521e+06
1.24998e+06 1.0308e+06 1.13725e+06
1.24891e+06 1.07427e+06 1.11261e+06
1.23992e+06 1.04867e+06 1.12176e+06
1.25629e+06 1.05153e+06 1.10472e+06
1.2739e+06 1.01532e+06 1.11011e+06
1.25799e+06 1.02872e+06 1.12745e+06
1.24795e+06 1.04609e+06 1.12303e+06
1.26532e+06 1.03175e+06 1.10203e+06
1.26371e+06 1.02052e+06 1.11675e+06
1.26925e+06 1.039e+06 1.0986e+06
1.27123e+06 1.02771e+06 1.10368e+06
1.26131e+06 1.02386e+06 1.11827e+06
1.2526e+06 1.0364e+06 1.11266e+06
1.2519e+06 1.03221e+06 1.12404e+06
1.26894e+06 1.02126e+06 1.10902e+06
1.24962e+06 1.04417e+06 1.11378e+06
1.26204e+06 1.03184e+06 1.10817e+06
1.26389e+06 1.03629e+06 1.10349e+06
1.26148e+06 1.02182e+06 1.1252e+06
1.26015e+06 1.04198e+06 1.10512e+06
1.25054e+06 1.04256e+06 1.1224e+06
1.25881e+06 1.02787e+06 1.11346e+06
1.25765e+06 1.03199e+06 1.11826e+06
1.29619e+06 1.01346e+06 1.1059e+06
1.29025e+06 1.00997e+06 1.12633e+06
1.27745e+06 1.04534e+06 1.10297e+06
1.24435e+06 1.07194e+06 1.14986e+06
1.27819e+06 1.01533e+06 1.13764e+06
1.25444e+06 1.05782e+06 1.11408e+06
1.26984e+06 1.02072e+06 1.12208e+06
1.25364e+06 1.03777e+06 1.11465e+06
1.27649e+06 1.01978e+06 1.11973e+06
1.2801e+06 1.01323e+06 1.10815e+06
1.26492e+06 1.05077e+06 1.1127e+06
1.26145e+06 1.03714e+06 1.11349e+06
1.27954e+06 1.02747e+06 1.10619e+06
1.26749e+06 1.03195e+06 1.11001e+06
1.26227e+06 1.03023e+06 1.12623e+06
1.26877e+06 1.04691e+06 1.10834e+06
1.26607e+06 1.03087e+06 1.11684e+06
1.26438e+06 1.03451e+06 1.11807e+06
1.27808e+06 1.01611e+06 1.10666e+06
1.26546e+06 1.03463e+06 1.11802e+06
1.28932e+06 1.0148e+06 1.1396e+06
1.2798e+06 1.02494e+06 1.11068e+06
1.26228e+06 1.0336e+06 1.14573e+06
1.25421e+06 1.0482e+06 1.1223e+06
1.2801e+06 1.01594e+06 1.1152e+06
1.26196e+06 1.04424e+06 1.13574e+06
1.26714e+06 1.03754e+06 1.12118e+06
1.27222e+06 1.02733e+06 1.12286e+06
1.26057e+06 1.04724e+06 1.14232e+06
1.2642e+06 1.04096e+06 1.11528e+06
1.26202e+06 1.04358e+06 1.12505e+06
1.27394e+06 1.0377e+06 1.11385e+06
1.28896e+06 1.06704e+06 1.11456e+06
1.28773e+06 1.01734e+06 1.1282e+06
1.27308e+06 1.03824e+06 1.13881e+06
1.25651e+06 1.05821e+06 1.12607e+06
1.28114e+06 1.04204e+06 1.13075e+06
1.25929e+06 1.06171e+06 1.12534e+06
1.28464e+06 1.02878e+06 1.11993e+06
1.27847e+06 1.05269e+06 1.12302e+06
1.27712e+06 1.05699e+06 1.11866e+06
1.28172e+06 1.03179e+06 1.11885e+06
1.2587e+06 1.06434e+06 1.12232e+06
1.28134e+06 1.01996e+06 1.12249e+06
1.2931e+06 1.01987e+06 1.14613e+06
1.28626e+06 1.03828e+06 1.12385e+06
1.25914e+06 1.06633e+06 1.13423e+06
1.25943e+06 1.08716e+06 1.13693e+06
