1165 107.79
628452 612975 547154 585274
602836 637679 580649 572731
646397 582785 538914 609332
584098 629977 559877 590119
612336 569131 543584 633797
587794 591989 560180 610222
560769 651751 587610 619586
585169 634133 548954 613005
626324 636830 534033 609911
572487 572942 587207 647990
657135 626705 537150 588083
570900 635788 548769 625957
601170 613237 603293 570896
626275 633154 563532 570926
587073 602645 549350 642081
602770 609700 529502 610567
619007 592480 537721 627228
625927 590699 557050 582108
660095 606954 563934 574715
619553 590779 548473 606707
569952 624331 539345 631870
591889 593499 577804 588751
647514 607201 584353 568323
593608 594466 533559 657358
637145 599999 546110 588805
651040 628828 554691 575294
586615 620932 610905 539611
570749 587129 625707 598449
643431 552258 588157 608881
609878 639031 544491 595984
590554 613365 539118 608565
597878 611291 536679 655937
579159 622179 546693 625591
583512 577187 614894 603368
576443 620383 569934 577720
553867 643887 598519 610509
564594 610991 550574 622358
603857 607821 523311 644555
650429 637506 535809 602626
629887 643043 534989 594746
644768 580562 546494 597381
618254 635655 560139 584794
617655 574185 548822 602464
623904 574299 586167 574001
566974 589300 574762 680640
598583 601789 552979 599138
592374 591013 585524 574906
604389 649067 560773 583045
633971 603263 538471 589968
607626 596239 533095 643864
593679 629808 581708 575748
594183 631335 544472 603170
617449 546349 598968 639092
654626 613005 562768 571457
611536 633592 564790 577754
575241 642678 553164 602610
627076 598729 539851 622838
590971 583919 540384 682912
610049 627814 541364 593869
608850 645546 533327 600533
567172 596164 602091 597716
555442 612592 590499 654989
645090 570665 559046 592677
615829 605048 548460 595986
554512 638286 600353 625749
641693 550772 619151 587189
591591 593798 537856 622854
611290 641549 559876 576773
634178 620926 571812 565666
588232 592119 562334 609350
552060 626498 562053 679515
598237 650344 555619 577490
650121 537892 593301 623953
606423 648362 568829 575906
598058 621337 537930 613335
633004 608009 547242 577594
572667 627817 572293 607551
651834 614422 533655 597722
562185 629541 558169 629756
655489 565760 587390 594786
607078 588468 564478 581255
619949 577414 541350 642181
573506 586072 562147 689299
637287 592865 622422 562586
550557 626797 603713 612191
582721 581908 628439 596792
648835 632763 546795 584342
608154 602584 551138 600743
602240 620826 534577 631802
609936 652432 567165 570483
598129 603714 537850 636041
601151 625697 573188 575332
580302 599295 564886 629066
590493 620227 540524 609722
650012 591793 583737 572353
633594 604907 547653 591895
590962 621785 564581 589882
630748 625264 535443 606574
552731 606265 592219 650630
621166 570273 599985 598087
610161 576971 583401 591692
631937 637569 536973 594675
629679 610977 543321 588218
597975 635655 550647 597097
616200 579856 549817 612962
601315 623720 536559 655542
592937 579640 551408 642526
564996 626576 550516 641483
595596 620163 612963 563969
555103 610717 610104 609882
589491 562581 603468 649251
615616 603109 531873 649253
598571 613513 556970 584933
609043 629559 577172 565179
637477 568944 584669 598908
595318 585316 570380 617471
614678 636408 568619 572909
627091 577297 557030 595335
626692 592427 565874 573412
610499 591868 546055 610936
577681 629639 541348 615433
576817 571600 581426 631124
648658 578869 606107 570875
617049 577132 568340 595633
617662 549723 596848 624794
624185 612191 538739 596040
581222 580597 619679 599921
590807 577436 582236 613810
584374 599511 552003 641796
604948 613696 528920 639987
567391 607448 538095 641788
604899 567764 610462 596905
614485 639887 554654 586943
583784 612556 563879 617327
560659 637133 551923 681067
581389 629625 556770 601593
588885 579919 614224 601521
621494 593827 540216 622274
631254 555763 576988 618459
606598 578430 567581 598485
628018 582508 575082 583364
589123 591009 542982 664127
569949 596918 597970 653232
606813 578501 600646 583219
577253 647271 562662 600270
595924 587560 569342 629085
553448 617345 566422 667460
620077 610840 547243 592285
578983 619265 552659 612347
625725 637214 539397 593063
616845 598475 546075 602694
621411 576157 564249 599209
593085 603999 573995 604683
589312 622893 548937 612892
617146 599722 535894 600268
618554 582896 548567 608919
617402 639009 540626 592336
613034 552845 591632 624414
601030 613265 530064 657672
647682 615897 573745 564463
615456 603110 606580 566108
641458 598994 565623 573549
590395 625374 556754 603775
605427 603811 532432 627303
571617 584892 585892 640814
602197 623497 556927 584888
589630 605303 544348 630234
574101 596601 546023 679901
636663 566505 565255 613041
648521 617466 579161 556235
586618 619569 541971 641179
607791 647180 567505 578629
597003 587077 600419 600823
609624 601507 546974 598766
569286 634811 550662 616978
564925 593794 603679 657524
588660 614840 629915 570681
616628 581323 544495 629693
578767 599096 565309 632834
628919 562571 577075 613561
588330 619904 542411 613750
622546 615625 578816 573327
630129 580528 541728 622797
550240 618587 593070 644204
620855 561283 557100 620390
561498 607946 591682 611318
584927 587920 550870 691111
613533 639542 560320 583832
631251 603123 561036 581397
584321 601698 553396 628714
611820 579554 613249 578652
600756 570666 560505 601745
631510 550232 577164 619110
612141 595174 547442 609297
577753 614056 557326 592253
610252 612825 604921 559585
613155 613947 579995 575140
597531 601470 582039 582038
548772 617107 603421 658613
600218 613988 546180 593251
634133 565729 583096 611113
588151 610239 548467 634943
636924 587888 562103 585384
586121 576098 544259 657229
611413 561656 567975 616451
581370 614724 544593 637194
610963 578198 606296 583935
614523 584805 563233 594774
626513 601772 576702 575853
585045 625795 552760 605029
570631 582453 583887 644112
632386 550516 596309 596607
596680 583012 542744 661730
585271 597642 578371 600254
582130 598097 564386 627772
623924 565707 550508 618823
609556 620488 596858 563813
581686 590431 564741 607405
608821 558913 578305 615838
583145 628156 551035 606532
631740 570941 569914 599034
591283 590744 547246 631086
631411 569603 552269 601493
571443 634968 597769 595673
591546 565341 592804 656037
638453 593580 574420 572989
629334 539715 576306 620438
599376 609432 580405 587481
644758 573410 566890 588071
615483 607662 576802 580239
597300 590610 585978 572094
592165 569525 560815 677344
601758 612950 550426 595597
600107 620104 550791 604938
595185 583915 574956 625620
559759 598864 600239 653939
610262 601716 588260 569908
607863 607732 544828 601125
596540 564748 574708 643079
571619 605486 553542 661865
621433 558859 578566 623288
630270 603639 563038 577985
565055 597464 590906 662938
600460 571997 572540 601670
616772 587226 578521 579994
633243 597555 585207 558934
651791 576176 543944 626004
584005 600524 548793 643409
638885 575892 564608 580855
605912 619551 619648 561803
574825 585208 570242 637622
631316 561821 598135 602435
555582 596302 591559 669225
575791 610369 581980 588314
574488 567521 593494 634423
592257 616485 581708 584924
610806 615965 586713 566975
608046 572945 550422 649775
624508 617859 561981 577067
616049 589600 579263 576743
585503 589130 567628 625783
607244 595705 547644 610362
646583 544215 578242 614435
625033 581233 548635 613446
570733 594353 583983 608957
562569 616886 565156 660201
592020 590589 605683 578037
626041 545983 588035 619962
607518 599299 578106 575269
550334 611344 604660 661120
619130 554987 573333 647968
614577 580624 550455 585736
631007 611693 579068 571667
631958 576546 585054 585324
623084 634349 601899 552392
602160 585981 582482 591558
579993 591518 567856 649258
570288 588308 608346 653502
634897 562847 565760 616719
605494 579188 546440 619526
593021 589577 555427 635788
592865 570020 560961 643617
617371 598588 588006 561427
643334 604584 556895 584431
611726 581801 543710 623800
651055 588437 574351 573968
579243 595798 565811 646835
623153 544475 577435 622995
598363 613997 568298 594333
640710 596894 547207 605114
601370 602876 620456 567800
580317 584687 574984 609878
603499 560147 573286 674097
602772 581941 553552 595529
624383 605113 554746 585107
635609 567374 572822 601956
618407 611628 573866 573410
627976 555863 573749 618150
593881 584269 551041 633702
615992 633323 588809 564709
633417 599202 569235 572515
599130 607462 570026 594590
564723 602858 560621 639195
626708 568097 560675 609131
655802 568811 554272 610041
599189 591753 576219 605744
613197 564357 585924 598789
624188 611650 585688 552948
609526 604177 542062 614437
612632 567431 571637 614398
590162 616954 581864 566611
628788 582415 570754 585504
591479 610032 545145 624853
602143 606570 545166 597020
587372 596015 583543 601309
612372 628628 572833 575184
658867 547638 575784 627423
640938 585107 560175 581547
606072 574424 628378 595605
584297 583317 551955 654597
606854 563672 561485 629701
604432 575232 551374 622211
607104 570384 589338 614288
620469 628240 584556 562884
617816 636834 558394 582943
618286 552201 588165 607159
572283 586438 603903 585644
626291 608600 546512 592154
581320 583105 571407 649264
588616 612783 545964 633109
599685 599535 572503 602401
584421 593107 551057 610595
598125 607318 548004 612884
618444 562922 581953 612059
614667 607213 607130 569309
613740 577336 565035 594313
622719 608671 590621 558214
592513 608846 541372 619222
564036 597796 580038 625503
604087 594591 567267 588266
598414 579317 613418 593954
612281 610738 574711 576284
627728 567859 582287 600422
634808 598155 540685 616501
618025 593342 561039 583708
584826 578533 591832 607324
622663 601353 549228 586575
629196 575681 553199 598506
600138 578535 575589 616289
576583 590989 554898 655797
621647 616886 579209 567917
637720 562566 623165 594511
626381 570363 591303 591671
627907 596103 581838 573077
589320 586912 561942 648213
611103 554410 585723 638162
591974 587212 591219 591501
607924 609799 603931 568796
639407 558367 568393 617653
646188 573473 548954 616219
652042 568324 581567 590501
581270 580492 561844 667660
631150 559878 568276 613569
582026 606628 582509 604992
628317 558744 599311 602443
571433 604086 560631 619558
626435 592867 572827 575962
634851 574580 602075 571625
612101 583042 585528 591629
595793 589602 564726 621442
623661 626878 561861 581041
619437 548819 580806 611632
578948 599405 554249 664441
596501 583227 618816 592823
641120 597432 593172 569347
609555 578266 585124 593669
594789 590859 545411 632973
618904 620759 579350 570658
611912 565749 575895 604665
615418 610608 600085 567758
617772 569019 567840 614984
589614 573824 563452 644675
584323 622371 589950 575199
622042 556022 585245 607434
