27 0.0169204
330748 308737
304641 336014
304641 336014
326470 319577
330748 308737
326470 319577
312596 324042
309021 332581
312596 324042
322207 321914
309021 332581
306419 333831
312596 324042
309021 332581
304641 336014
306419 333831
312596 324042
306419 333831
304641 336014
309021 332581
312596 324042
312596 324042
304641 336014
312596 324042
304641 336014
312596 324042
306419 333831
322207 321914
312596 324042
312596 324042
312596 324042
312596 324042
312596 324042
304641 336014
309021 332581
312596 324042
312596 324042
312596 324042
312596 324042
312596 324042
309021 332581
309021 332581
312596 324042
304641 336014
312596 324042
309021 332581
304641 336014
304641 336014
309021 332581
304641 336014
304641 336014
312596 324042
309021 332581
312596 324042
304641 336014
312596 324042
312596 324042
312596 324042
304641 336014
312596 324042
312596 324042
312596 324042
330748 308737
309021 332581
304641 336014
312596 324042
304641 336014
312596 324042
309021 332581
312596 324042
312596 324042
330748 308737
312596 324042
312596 324042
330748 308737
312596 324042
312596 324042
304641 336014
304641 336014
312596 324042
330748 308737
312596 324042
304641 336014
312596 324042
306419 333831
322207 321914
312596 324042
312596 324042
312596 324042
312596 324042
304641 336014
304641 336014
309021 332581
312596 324042
312596 324042
312596 324042
312596 324042
309021 332581
309021 332581
309021 332581
304641 336014
304641 336014
330748 308737
326470 319577
312596 324042
309021 332581
312596 324042
322207 321914
304641 336014
306419 333831
312596 324042
309021 332581
304641 336014
306419 333831
309021 332581
312596 324042
312596 324042
330748 308737
309021 332581
304641 336014
312596 324042
304641 336014
312596 324042
309021 332581
312596 324042
312596 324042
330748 308737
312596 324042
312596 324042
330748 308737
312596 324042
330748 308737
304641 336014
312596 324042
330748 308737
309021 332581
312596 324042
309021 332581
304641 336014
304641 336014
309021 332581
304641 336014
304641 336014
312596 324042
312596 324042
312596 324042
304641 336014
312596 324042
312596 324042
304641 336014
312596 324042
312596 324042
