2337 168.454
548488 572113 547565
548488 572113 547565
548488 572113 547565
547275 588943 562149
543559 590920 561296
543559 590920 561296
548488 572113 547565
548488 572113 547565
547275 588943 562149
547275 588943 562149
543559 590920 561296
548488 572113 547565
547275 588943 562149
547275 588943 562149
547275 588943 562149
548488 572113 547565
548488 572113 547565
548488 572113 547565
548488 572113 547565
548488 572113 547565
548488 572113 547565
548488 572113 547565
548488 572113 547565
548488 572113 547565
548488 572113 547565
548488 572113 547565
548488 572113 547565
548488 572113 547565
548488 572113 547565
548488 572113 547565
548488 572113 547565
548488 572113 547565
548488 572113 547565
548488 572113 547565
548488 572113 547565
548488 572113 547565
548488 572113 547565
548488 572113 547565
548488 572113 547565
548488 572113 547565
548488 572113 547565
548488 572113 547565
548488 572113 547565
548488 572113 547565
548488 572113 547565
548488 572113 547565
548488 572113 547565
548488 572113 547565
548488 572113 547565
548488 572113 547565
548488 572113 547565
548488 572113 547565
548488 572113 547565
548488 572113 547565
548488 572113 547565
548488 572113 547565
548488 572113 547565
548488 572113 547565
548488 572113 547565
548488 572113 547565
548488 572113 547565
548488 572113 547565
548488 572113 547565
548488 572113 547565
548488 572113 547565
548488 572113 547565
548488 572113 547565
548488 572113 547565
548488 572113 547565
548488 572113 547565
548488 572113 547565
548488 572113 547565
548488 572113 547565
548488 572113 547565
548488 572113 547565
548488 572113 547565
548488 572113 547565
548488 572113 547565
548488 572113 547565
548488 572113 547565
548488 572113 547565
548488 572113 547565
548488 572113 547565
548488 572113 547565
548488 572113 547565
548488 572113 547565
548488 572113 547565
548488 572113 547565
548488 572113 547565
548488 572113 547565
548488 572113 547565
548488 572113 547565
548488 572113 547565
548488 572113 547565
548488 572113 547565
548488 572113 547565
548488 572113 547565
548488 572113 547565
548488 572113 547565
548488 572113 547565
548488 572113 547565
548488 572113 547565
548488 572113 547565
548488 572113 547565
548488 572113 547565
548488 572113 547565
548488 572113 547565
548488 572113 547565
548488 572113 547565
548488 572113 547565
548488 572113 547565
548488 572113 547565
548488 572113 547565
548488 572113 547565
548488 572113 547565
548488 572113 547565
548488 572113 547565
548488 572113 547565
548488 572113 547565
548488 572113 547565
548488 572113 547565
548488 572113 547565
548488 572113 547565
548488 572113 547565
548488 572113 547565
548488 572113 547565
548488 572113 547565
548488 572113 547565
548488 572113 547565
548488 572113 547565
548488 572113 547565
548488 572113 547565
548488 572113 547565
548488 572113 547565
548488 572113 547565
548488 572113 547565
548488 572113 547565
548488 572113 547565
548488 572113 547565
548488 572113 547565
548488 572113 547565
548488 572113 547565
548488 572113 547565
548488 572113 547565
548488 572113 547565
548488 572113 547565
548488 572113 547565
548488 572113 547565
548488 572113 547565
548488 572113 547565
548488 572113 547565
548488 572113 547565
548488 572113 547565
548488 572113 547565
548488 572113 547565
548488 572113 547565
548488 572113 547565
548488 572113 547565
548488 572113 547565
548488 572113 547565
548488 572113 547565
548488 572113 547565
548488 572113 547565
548488 572113 547565
548488 572113 547565
548488 572113 547565
548488 572113 547565
548488 572113 547565
548488 572113 547565
548488 572113 547565
548488 572113 547565
548488 572113 547565
548488 572113 547565
548488 572113 547565
548488 572113 547565
548488 572113 547565
548488 572113 547565
548488 572113 547565
548488 572113 547565
548488 572113 547565
548488 572113 547565
548488 572113 547565
548488 572113 547565
548488 572113 547565
548488 572113 547565
548488 572113 547565
548488 572113 547565
548488 572113 547565
548488 572113 547565
548488 572113 547565
548488 572113 547565
548488 572113 547565
548488 572113 547565
548488 572113 547565
548488 572113 547565
548488 572113 547565
548488 572113 547565
548488 572113 547565
548488 572113 547565
548488 572113 547565
548488 572113 547565
548488 572113 547565
548488 572113 547565
548488 572113 547565
548488 572113 547565
548488 572113 547565
548488 572113 547565
548488 572113 547565
548488 572113 547565
548488 572113 547565
548488 572113 547565
548488 572113 547565
548488 572113 547565
548488 572113 547565
548488 572113 547565
548488 572113 547565
548488 572113 547565
548488 572113 547565
547275 588943 562149
547275 588943 562149
547275 588943 562149
547275 588943 562149
547275 588943 562149
547275 588943 562149
547275 588943 562149
547275 588943 562149
547275 588943 562149
547275 588943 562149
547275 588943 562149
547275 588943 562149
547275 588943 562149
547275 588943 562149
547275 588943 562149
547275 588943 562149
547275 588943 562149
547275 588943 562149
547275 588943 562149
547275 588943 562149
547275 588943 562149
547275 588943 562149
547275 588943 562149
547275 588943 562149
547275 588943 562149
547275 588943 562149
547275 588943 562149
547275 588943 562149
547275 588943 562149
547275 588943 562149
547275 588943 562149
547275 588943 562149
547275 588943 562149
547275 588943 562149
547275 588943 562149
547275 588943 562149
547275 588943 562149
547275 588943 562149
547275 588943 562149
547275 588943 562149
547275 588943 562149
547275 588943 562149
547275 588943 562149
547275 588943 562149
547275 588943 562149
547275 588943 562149
547275 588943 562149
547275 588943 562149
547275 588943 562149
547275 588943 562149
547275 588943 562149
547275 588943 562149
547275 588943 562149
547275 588943 562149
547275 588943 562149
547275 588943 562149
547275 588943 562149
547275 588943 562149
547275 588943 562149
547275 588943 562149
547275 588943 562149
547275 588943 562149
547275 588943 562149
547275 588943 562149
547275 588943 562149
547275 588943 562149
547275 588943 562149
547275 588943 562149
547275 588943 562149
547275 588943 562149
547275 588943 562149
547275 588943 562149
547275 588943 562149
547275 588943 562149
547275 588943 562149
547275 588943 562149
547275 588943 562149
547275 588943 562149
547275 588943 562149
547275 588943 562149
547275 588943 562149
547275 588943 562149
547275 588943 562149
547275 588943 562149
547275 588943 562149
547275 588943 562149
547275 588943 562149
547275 588943 562149
547275 588943 562149
547275 588943 562149
547275 588943 562149
547275 588943 562149
547275 588943 562149
547275 588943 562149
547275 588943 562149
547275 588943 562149
547275 588943 562149
547275 588943 562149
547275 588943 562149
547275 588943 562149
547275 588943 562149
547275 588943 562149
547275 588943 562149
547275 588943 562149
547275 588943 562149
547275 588943 562149
547275 588943 562149
547275 588943 562149
547275 588943 562149
547275 588943 562149
547275 588943 562149
547275 588943 562149
547275 588943 562149
547275 588943 562149
547275 588943 562149
547275 588943 562149
547275 588943 562149
547275 588943 562149
547275 588943 562149
547275 588943 562149
547275 588943 562149
547275 588943 562149
547275 588943 562149
547275 588943 562149
547275 588943 562149
547275 588943 562149
547275 588943 562149
547275 588943 562149
547275 588943 562149
547275 588943 562149
547275 588943 562149
547275 588943 562149
547275 588943 562149
547275 588943 562149
547275 588943 562149
547275 588943 562149
547275 588943 562149
547275 588943 562149
547275 588943 562149
547275 588943 562149
547275 588943 562149
547275 588943 562149
547275 588943 562149
547275 588943 562149
547275 588943 562149
547275 588943 562149
547275 588943 562149
547275 588943 562149
547275 588943 562149
547275 588943 562149
547275 588943 562149
547275 588943 562149
547275 588943 562149
547275 588943 562149
547275 588943 562149
547275 588943 562149
547275 588943 562149
547275 588943 562149
547275 588943 562149
547275 588943 562149
547275 588943 562149
547275 588943 562149
547275 588943 562149
547275 588943 562149
547275 588943 562149
547275 588943 562149
547275 588943 562149
547275 588943 562149
547275 588943 562149
547275 588943 562149
547275 588943 562149
547275 588943 562149
547275 588943 562149
547275 588943 562149
547275 588943 562149
547275 588943 562149
547275 588943 562149
547275 588943 562149
547275 588943 562149
547275 588943 562149
547275 588943 562149
547275 588943 562149
547275 588943 562149
547275 588943 562149
547275 588943 562149
547275 588943 562149
547275 588943 562149
547275 588943 562149
547275 588943 562149
547275 588943 562149
547275 588943 562149
547275 588943 562149
547275 588943 562149
547275 588943 562149
547275 588943 562149
547275 588943 562149
547275 588943 562149
547275 588943 562149
547275 588943 562149
547275 588943 562149
547275 588943 562149
547275 588943 562149
547275 588943 562149
547275 588943 562149
547275 588943 562149
547275 588943 562149
547275 588943 562149
547275 588943 562149
547275 588943 562149
547275 588943 562149
547275 588943 562149
547275 588943 562149
547275 588943 562149
547275 588943 562149
547275 588943 562149
547275 588943 562149
547275 588943 562149
547275 588943 562149
547275 588943 562149
547275 588943 562149
547275 588943 562149
547275 588943 562149
547275 588943 562149
547275 588943 562149
547275 588943 562149
547275 588943 562149
547275 588943 562149
547275 588943 562149
547275 588943 562149
547275 588943 562149
547275 588943 562149
547275 588943 562149
547275 588943 562149
806445 781663 747120
777772 784348 744020
768675 742872 817626
761339 813082 766412
762609 760436 799688
764717 781000 775362
768744 793516 758713
776181 765648 749283
851802 768889 818922
805730 776233 764419
780638 831063 770661
765150 821233 782885
796552 776739 791991
787814 790127 773861
769715 812065 779082
771548 801408 776208
775898 794933 771962
795377 780599 772230
802440 780141 779229
820212 787883 785602
813219 792169 769434
795893 787686 801016
773706 819234 830198
786447 801492 801674
807883 803716 778438
796175 792988 789461
831568 793796 798396
825065 822023 795101
796551 792872 801511
807230 802377 799421
799089 812058 799622
815255 811521 804751
819124 834183 816741
548488 572113 547565
548488 572113 547565
548488 572113 547565
547275 588943 562149
543559 590920 561296
543559 590920 561296
547275 588943 562149
548488 572113 547565
548488 572113 547565
543559 590920 561296
548488 572113 547565
548488 572113 547565
548488 572113 547565
548488 572113 547565
548488 572113 547565
548488 572113 547565
548488 572113 547565
548488 572113 547565
548488 572113 547565
548488 572113 547565
548488 572113 547565
548488 572113 547565
548488 572113 547565
548488 572113 547565
548488 572113 547565
548488 572113 547565
548488 572113 547565
548488 572113 547565
548488 572113 547565
548488 572113 547565
548488 572113 547565
548488 572113 547565
548488 572113 547565
548488 572113 547565
548488 572113 547565
548488 572113 547565
548488 572113 547565
548488 572113 547565
548488 572113 547565
548488 572113 547565
548488 572113 547565
548488 572113 547565
548488 572113 547565
548488 572113 547565
548488 572113 547565
548488 572113 547565
548488 572113 547565
548488 572113 547565
548488 572113 547565
548488 572113 547565
548488 572113 547565
548488 572113 547565
548488 572113 547565
548488 572113 547565
548488 572113 547565
548488 572113 547565
548488 572113 547565
548488 572113 547565
548488 572113 547565
548488 572113 547565
548488 572113 547565
548488 572113 547565
548488 572113 547565
548488 572113 547565
548488 572113 547565
548488 572113 547565
548488 572113 547565
548488 572113 547565
548488 572113 547565
548488 572113 547565
548488 572113 547565
548488 572113 547565
548488 572113 547565
548488 572113 547565
548488 572113 547565
548488 572113 547565
548488 572113 547565
548488 572113 547565
548488 572113 547565
548488 572113 547565
548488 572113 547565
548488 572113 547565
548488 572113 547565
548488 572113 547565
548488 572113 547565
548488 572113 547565
548488 572113 547565
548488 572113 547565
548488 572113 547565
548488 572113 547565
548488 572113 547565
548488 572113 547565
548488 572113 547565
548488 572113 547565
548488 572113 547565
548488 572113 547565
548488 572113 547565
548488 572113 547565
548488 572113 547565
548488 572113 547565
548488 572113 547565
548488 572113 547565
548488 572113 547565
548488 572113 547565
548488 572113 547565
548488 572113 547565
548488 572113 547565
548488 572113 547565
548488 572113 547565
548488 572113 547565
548488 572113 547565
548488 572113 547565
548488 572113 547565
548488 572113 547565
548488 572113 547565
548488 572113 547565
548488 572113 547565
548488 572113 547565
548488 572113 547565
548488 572113 547565
548488 572113 547565
548488 572113 547565
548488 572113 547565
548488 572113 547565
548488 572113 547565
548488 572113 547565
548488 572113 547565
548488 572113 547565
548488 572113 547565
548488 572113 547565
548488 572113 547565
548488 572113 547565
548488 572113 547565
548488 572113 547565
548488 572113 547565
548488 572113 547565
548488 572113 547565
548488 572113 547565
548488 572113 547565
548488 572113 547565
548488 572113 547565
548488 572113 547565
548488 572113 547565
548488 572113 547565
548488 572113 547565
548488 572113 547565
548488 572113 547565
548488 572113 547565
548488 572113 547565
548488 572113 547565
548488 572113 547565
548488 572113 547565
548488 572113 547565
548488 572113 547565
548488 572113 547565
548488 572113 547565
548488 572113 547565
548488 572113 547565
548488 572113 547565
548488 572113 547565
548488 572113 547565
548488 572113 547565
548488 572113 547565
548488 572113 547565
548488 572113 547565
548488 572113 547565
548488 572113 547565
548488 572113 547565
548488 572113 547565
548488 572113 547565
548488 572113 547565
548488 572113 547565
548488 572113 547565
548488 572113 547565
548488 572113 547565
548488 572113 547565
548488 572113 547565
548488 572113 547565
548488 572113 547565
548488 572113 547565
548488 572113 547565
548488 572113 547565
548488 572113 547565
548488 572113 547565
548488 572113 547565
548488 572113 547565
548488 572113 547565
548488 572113 547565
548488 572113 547565
548488 572113 547565
548488 572113 547565
548488 572113 547565
548488 572113 547565
548488 572113 547565
548488 572113 547565
548488 572113 547565
548488 572113 547565
548488 572113 547565
548488 572113 547565
548488 572113 547565
548488 572113 547565
548488 572113 547565
548488 572113 547565
548488 572113 547565
548488 572113 547565
548488 572113 547565
548488 572113 547565
548488 572113 547565
548488 572113 547565
548488 572113 547565
548488 572113 547565
548488 572113 547565
548488 572113 547565
548488 572113 547565
548488 572113 547565
548488 572113 547565
548488 572113 547565
548488 572113 547565
548488 572113 547565
548488 572113 547565
548488 572113 547565
548488 572113 547565
548488 572113 547565
548488 572113 547565
548488 572113 547565
548488 572113 547565
548488 572113 547565
548488 572113 547565
548488 572113 547565
548488 572113 547565
548488 572113 547565
548488 572113 547565
548488 572113 547565
548488 572113 547565
548488 572113 547565
548488 572113 547565
548488 572113 547565
548488 572113 547565
548488 572113 547565
548488 572113 547565
548488 572113 547565
548488 572113 547565
548488 572113 547565
548488 572113 547565
548488 572113 547565
548488 572113 547565
548488 572113 547565
548488 572113 547565
548488 572113 547565
548488 572113 547565
548488 572113 547565
548488 572113 547565
548488 572113 547565
548488 572113 547565
548488 572113 547565
548488 572113 547565
548488 572113 547565
548488 572113 547565
548488 572113 547565
548488 572113 547565
548488 572113 547565
548488 572113 547565
548488 572113 547565
548488 572113 547565
548488 572113 547565
548488 572113 547565
548488 572113 547565
548488 572113 547565
548488 572113 547565
548488 572113 547565
548488 572113 547565
548488 572113 547565
548488 572113 547565
548488 572113 547565
548488 572113 547565
548488 572113 547565
548488 572113 547565
548488 572113 547565
548488 572113 547565
548488 572113 547565
548488 572113 547565
548488 572113 547565
548488 572113 547565
548488 572113 547565
548488 572113 547565
548488 572113 547565
548488 572113 547565
548488 572113 547565
548488 572113 547565
548488 572113 547565
548488 572113 547565
548488 572113 547565
548488 572113 547565
548488 572113 547565
548488 572113 547565
548488 572113 547565
548488 572113 547565
548488 572113 547565
548488 572113 547565
548488 572113 547565
548488 572113 547565
548488 572113 547565
548488 572113 547565
548488 572113 547565
548488 572113 547565
548488 572113 547565
548488 572113 547565
548488 572113 547565
548488 572113 547565
548488 572113 547565
548488 572113 547565
548488 572113 547565
548488 572113 547565
548488 572113 547565
548488 572113 547565
548488 572113 547565
548488 572113 547565
548488 572113 547565
548488 572113 547565
548488 572113 547565
548488 572113 547565
548488 572113 547565
548488 572113 547565
548488 572113 547565
548488 572113 547565
548488 572113 547565
548488 572113 547565
548488 572113 547565
548488 572113 547565
548488 572113 547565
548488 572113 547565
548488 572113 547565
548488 572113 547565
548488 572113 547565
548488 572113 547565
548488 572113 547565
548488 572113 547565
548488 572113 547565
548488 572113 547565
548488 572113 547565
548488 572113 547565
548488 572113 547565
548488 572113 547565
548488 572113 547565
548488 572113 547565
548488 572113 547565
548488 572113 547565
548488 572113 547565
548488 572113 547565
548488 572113 547565
548488 572113 547565
548488 572113 547565
548488 572113 547565
548488 572113 547565
548488 572113 547565
548488 572113 547565
548488 572113 547565
548488 572113 547565
548488 572113 547565
548488 572113 547565
548488 572113 547565
548488 572113 547565
548488 572113 547565
548488 572113 547565
548488 572113 547565
548488 572113 547565
548488 572113 547565
548488 572113 547565
548488 572113 547565
548488 572113 547565
548488 572113 547565
548488 572113 547565
548488 572113 547565
548488 572113 547565
548488 572113 547565
548488 572113 547565
548488 572113 547565
548488 572113 547565
548488 572113 547565
548488 572113 547565
548488 572113 547565
548488 572113 547565
548488 572113 547565
548488 572113 547565
548488 572113 547565
548488 572113 547565
548488 572113 547565
548488 572113 547565
548488 572113 547565
548488 572113 547565
548488 572113 547565
548488 572113 547565
548488 572113 547565
548488 572113 547565
548488 572113 547565
548488 572113 547565
548488 572113 547565
548488 572113 547565
548488 572113 547565
548488 572113 547565
548488 572113 547565
548488 572113 547565
548488 572113 547565
548488 572113 547565
548488 572113 547565
548488 572113 547565
548488 572113 547565
548488 572113 547565
548488 572113 547565
548488 572113 547565
548488 572113 547565
548488 572113 547565
548488 572113 547565
548488 572113 547565
548488 572113 547565
548488 572113 547565
548488 572113 547565
548488 572113 547565
548488 572113 547565
548488 572113 547565
548488 572113 547565
548488 572113 547565
548488 572113 547565
548488 572113 547565
548488 572113 547565
548488 572113 547565
548488 572113 547565
548488 572113 547565
548488 572113 547565
548488 572113 547565
548488 572113 547565
548488 572113 547565
548488 572113 547565
548488 572113 547565
548488 572113 547565
548488 572113 547565
548488 572113 547565
548488 572113 547565
548488 572113 547565
548488 572113 547565
548488 572113 547565
548488 572113 547565
548488 572113 547565
548488 572113 547565
548488 572113 547565
548488 572113 547565
548488 572113 547565
548488 572113 547565
548488 572113 547565
548488 572113 547565
789477 793296 740766
784303 740877 784172
771227 827481 761152
750395 813364 794841
759348 778575 774960
787425 776016 754837
784914 752597 760815
771311 795420 763634
778953 794620 767069
781656 791046 773466
806788 770108 785103
800099 786787 756051
799332 764176 791887
792730 770317 801301
790573 817540 768297
772831 797743 776213
780582 785821 796284
802987 780604 767921
792268 774873 790480
818479 799050 779756
801254 778328 808280
787496 806927 797413
791025 789479 801725
812783 796005 782773
798457 801939 787296
802940 793436 799038
795008 804437 799995
797739 803566 798931
828238 798781 812389
824794 816143 794805
809678 827992 798126
798478 800112 837932
820189 808720 814365
824411 834630 804009
