2252 11.1179
230235 190834
250786 171274
248515 216268
235013 187259
244817 186218
237505 186533
245163 184152
243673 184453
252175 215169
240243 176220
254230 171581
226797 187694
241480 175977
243046 180779
235408 180841
260366 185220
240946 177636
268753 176674
232804 181706
240197 185867
247964 184577
230295 182684
247828 181533
234650 178844
255431 178173
230771 186754
234465 183067
221575 185198
249054 173217
238748 180542
242852 181828
224348 178985
234704 179708
243456 181575
247189 174686
252881 175959
233535 189708
227659 179783
226182 182967
234273 184231
234960 208276
225513 188005
277880 181940
245137 195579
236642 176553
237607 177494
225936 184029
236081 178552
274114 178598
241067 182402
236246 192712
229626 181350
238845 187752
242210 176255
230963 185334
247009 183825
233118 202409
235927 183273
248527 180385
230939 180979
245209 206617
253873 204953
240905 183975
247714 195550
268118 184896
240981 179734
239412 186495
239067 204951
227406 187811
230229 178298
247989 174009
237579 174411
255718 183705
227464 180896
234022 178784
242069 177872
250723 202741
291808 189999
241772 196611
234137 176185
243561 177152
227450 184794
248295 185494
245125 172352
245015 182260
233668 189057
276677 184895
231072 180387
243009 175116
222947 188955
249896 186721
241926 190317
231149 177114
243583 177844
238479 182238
229855 181212
260407 185840
237230 178682
273463 231489
246274 178056
234754 183077
231235 181610
252049 178169
238959 177869
270840 199452
242235 182899
226069 183553
240779 178029
248021 176606
228956 187570
241487 175505
227358 186853
255855 180231
232428 184761
229676 180167
241147 180583
261260 193296
237084 174605
230180 185218
233227 186297
238595 178755
246567 194907
253123 170987
261275 171561
232241 179008
233223 181831
256865 188440
238448 194786
245669 175426
237353 193381
239717 185323
254854 173332
231174 181483
232661 186403
238431 178637
261886 174426
232120 181551
233335 189181
253790 187943
242180 189115
230684 189528
234873 207360
244803 170724
240859 175353
241108 199321
233656 182505
247391 193224
225553 190907
230935 187718
231369 183629
298387 200125
262954 181441
238580 181481
250731 176271
262972 178456
238015 181815
231835 186999
245436 177847
242686 178264
234693 178261
233017 184210
236145 197220
236213 180541
242415 203807
239792 185003
266881 190423
244999 183186
236775 177799
236511 179915
263364 198737
235799 179631
251166 175886
238003 183079
230330 180953
236979 190441
252317 185400
235247 185465
240124 180709
237590 182518
246094 176569
241891 178434
235316 196543
246820 175598
231010 182201
233340 179120
248555 173847
234561 177200
237648 177931
232225 187844
235966 175267
227537 183683
233236 184128
238460 188307
230276 180467
232882 184245
235841 189066
238980 178823
255969 180294
223880 183081
230216 187784
241127 177697
239285 189681
264579 179346
232727 181073
237065 182333
236542 191850
233705 180085
228406 182695
241626 192668
233506 178839
231166 177882
234277 178619
231948 202016
227234 183045
235289 180257
233087 189405
224764 183889
236831 175207
254584 171914
229352 191061
227892 179704
236302 200574
234778 180037
237393 180654
247187 183231
241494 177315
253251 196094
235010 173930
221926 188708
240028 179655
231505 179690
226807 181956
228948 190668
242864 200500
239599 180276
229723 183991
251941 174445
229291 187119
256018 216622
246169 193088
230351 185822
229422 180826
238169 189807
234799 180345
243324 176229
236893 193022
230426 180478
237790 181018
