7577 82.2102
132686 93289
103339 112823
115116 95049
132686 93289
108409 97372
106248 105236
115116 95049
108409 97372
104522 110713
104574 107422
106248 105236
104574 107422
132686 93289
104416 112223
106248 105236
104416 112223
104574 107422
132686 93289
132686 93289
132686 93289
132686 93289
132686 93289
132686 93289
115116 95049
108409 97372
108409 97372
108409 97372
106248 105236
106248 105236
106248 105236
106248 105236
106248 105236
106248 105236
104574 107422
104574 107422
104574 107422
104416 112223
120022 95593
103979 122265
103979 122265
105413 108943
108592 101480
114467 97707
109734 99478
117749 97027
106577 105448
106577 105448
120022 95593
109734 99478
116308 97201
103979 122265
115368 97479
114467 97707
116308 97201
115496 97279
115496 97279
115368 97479
115368 97479
120022 95593
120022 95593
115368 97479
115368 97479
115368 97479
115368 97479
115368 97479
115368 97479
114467 97707
109734 99478
109734 99478
117623 97299
105721 114599
108614 108808
114076 102539
109992 102827
119946 99212
105759 120754
111531 103389
109943 110268
109362 117046
108912 118215
111215 106647
110681 107842
127462 100038
107704 122230
111394 110522
121180 101591
114994 109085
120900 103661
115537 103800
115045 104808
128032 100629
111825 110631
118812 104808
116743 107009
115211 108814
116673 108623
123682 105632
111878 119973
117995 107693
112445 110876
119828 106822
112156 114735
123604 106375
112344 113345
128305 106992
112535 119013
112954 112826
123447 107285
115846 111155
118098 110817
120830 107950
118644 108603
119372 107993
137713 107933
113119 115964
113613 112913
131859 108487
117643 111224
122910 108870
120236 109837
127718 109991
113954 115474
117926 112464
119185 111430
122427 110235
115612 114518
125993 110189
115065 114522
128430 110078
115259 121592
119071 113305
124579 111028
118239 116872
117340 119260
126388 110769
116715 120832
128102 110887
115910 122070
118287 117855
121609 114339
119461 115862
125825 112295
124779 113586
119337 117116
125585 113397
137657 110954
117108 127668
129275 111780
117503 122975
122757 116383
119773 119307
119992 118838
126661 113622
125083 115689
125609 113982
132167 112125
119218 123040
127619 116157
122240 119731
125294 116496
121869 121770
132283 113675
123840 120810
125620 116556
132443 115066
124672 121017
127371 116743
126438 119627
126500 117903
134001 115730
126036 123749
128874 117095
127846 120409
128312 118059
127907 119718
129917 117158
131782 117585
130036 121710
131193 118995
136172 121687
97890 69820
97890 69820
86869 76755
86869 76755
91167 75328
86869 76755
95589 70009
94832 71368
92414 74193
95589 70009
92898 72782
97890 69820
92898 72782
92414 74193
92159 75070
93178 72004
92076 75179
91167 75328
94832 71368
94082 71417
93739 71581
93497 71947
94082 71417
93739 71581
93497 71947
93178 72004
97890 69820
92159 75070
92076 75179
97890 69820
97890 69820
97890 69820
97890 69820
97890 69820
97890 69820
97890 69820
97890 69820
97890 69820
97890 69820
97890 69820
97890 69820
97890 69820
97890 69820
97890 69820
97890 69820
97890 69820
97890 69820
97890 69820
97890 69820
97890 69820
97890 69820
97890 69820
97890 69820
97890 69820
97890 69820
97890 69820
97890 69820
97890 69820
97890 69820
97890 69820
97890 69820
97890 69820
97890 69820
97890 69820
97890 69820
97890 69820
97890 69820
97890 69820
97890 69820
97890 69820
97890 69820
97890 69820
97890 69820
97890 69820
97890 69820
97890 69820
97890 69820
97890 69820
97890 69820
97890 69820
97890 69820
97890 69820
97890 69820
97890 69820
97890 69820
97890 69820
97890 69820
97890 69820
124673 94620
101935 119406
109884 116493
110713 106756
117840 100469
113033 103240
121039 98262
114372 101271
122996 97548
125206 98238
112126 118099
112343 108786
121457 101280
116383 104768
114013 108518
117758 103362
120101 102509
130298 98960
113033 112336
117494 107297
126117 102097
117859 103631
121221 102795
123668 102426
123401 102537
130517 101754
117783 112010
121514 103636
118625 111167
124234 102796
127114 103387
119066 113270
121663 103751
122780 104078
119883 125961
120156 119106
121766 105249
134103 104724
120398 119961
122448 112419
129390 105748
122722 105850
125740 105817
140210 105193
122407 120191
122728 116506
131187 106323
123102 108490
127770 106666
123957 107867
131380 106442
123428 114056
124307 108049
129193 106733
123470 111224
123654 110058
131933 106479
123449 116604
128169 108345
124156 115564
125436 111155
131628 107880
126019 109287
125661 109988
135816 106630
124362 121392
128516 109843
134346 107487
124498 115755
125590 112084
126358 111836
148643 107334
125694 117550
127452 112725
135606 112010
141236 107767
140439 110557
147768 109855
126718 118860
133913 112778
128308 114165
129945 113610
140099 112820
129312 115200
137177 115427
129935 118918
133557 115573
131802 116861
130889 117737
133878 116394
138891 119608
139225 120966
98536 69833
98536 69833
86869 76755
86869 76755
90461 76532
86869 76755
95589 70009
95589 70009
94832 71368
98536 69833
92898 72782
92422 74118
91179 75700
90461 76532
93178 72004
92898 72782
92076 75179
91262 75591
92414 74193
92085 74718
92085 74718
93739 71581
93497 71947
94832 71368
94082 71417
92076 75179
94082 71417
93739 71581
93497 71947
93178 72004
98536 69833
91262 75591
91179 75700
92422 74118
92414 74193
98536 69833
98536 69833
98536 69833
98536 69833
98536 69833
98536 69833
98536 69833
98536 69833
98536 69833
98536 69833
98536 69833
98536 69833
98536 69833
98536 69833
98536 69833
98536 69833
98536 69833
98536 69833
98536 69833
98536 69833
98536 69833
98536 69833
98536 69833
98536 69833
98536 69833
98536 69833
98536 69833
98536 69833
98536 69833
98536 69833
98536 69833
98536 69833
98536 69833
98536 69833
98536 69833
98536 69833
98536 69833
98536 69833
98536 69833
98536 69833
98536 69833
98536 69833
98536 69833
98536 69833
98536 69833
98536 69833
98536 69833
98536 69833
98536 69833
98536 69833
98536 69833
98536 69833
98536 69833
98536 69833
104697 88457
119786 91875
111626 100959
113677 98012
126444 92915
112085 105963
116951 99056
112961 104978
118263 98284
121183 94526
122238 94440
126565 94251
112189 108121
124836 96622
117208 99973
115729 107129
117109 101546
128648 94748
112884 109515
127219 96320
119984 100583
117648 101265
113646 108170
132166 96932
114160 111200
115894 109451
130816 100370
119729 103688
125003 100645
120409 102067
123484 101862
124381 101433
119906 103572
130228 101348
116514 112018
120881 102889
119937 105787
118743 111666
121543 102985
116719 119106
120119 107238
121127 104550
127242 103162
120288 111662
122661 105932
120940 108029
124924 104206
125638 103180
130605 103393
120323 119628
122978 111098
126363 104120
124490 106321
133204 104413
124674 114093
125520 107170
128253 105480
132358 105351
126192 106595
133938 105615
124965 115644
126534 106786
132748 106042
126044 109849
126317 108357
139543 105947
126653 112055
135164 106559
129036 107192
128597 109817
127636 110215
128729 107361
129909 107982
128881 115804
129341 111765
129259 115265
146671 109660
129363 114777
131710 109892
130124 113603
130513 110668
132081 110883
133097 112610
132562 114068
133020 113987
135512 112833
133139 116537
142711 113283
136411 115314
137011 114434
139568 116037
98536 69833
98536 69833
86869 76755
91179 75700
86869 76755
92076 74699
91179 75700
97786 69882
95589 70009
95589 70009
94887 70945
92526 72998
92414 74193
86869 76755
92898 72782
93178 72004
94489 71532
97786 69882
93739 71581
94887 70945
94832 71368
98536 69833
92526 72998
92414 74193
92117 74436
93739 71581
93521 71840
92898 72782
94832 71368
92117 74436
92076 74699
94489 71532
93497 71947
93178 72004
93521 71840
93497 71947
98536 69833
98536 69833
98536 69833
98536 69833
98536 69833
98536 69833
98536 69833
98536 69833
98536 69833
98536 69833
98536 69833
98536 69833
98536 69833
98536 69833
98536 69833
98536 69833
98536 69833
98536 69833
98536 69833
98536 69833
98536 69833
98536 69833
98536 69833
98536 69833
98536 69833
98536 69833
98536 69833
98536 69833
98536 69833
98536 69833
98536 69833
98536 69833
98536 69833
98536 69833
98536 69833
98536 69833
98536 69833
98536 69833
98536 69833
98536 69833
98536 69833
98536 69833
98536 69833
98536 69833
98536 69833
98536 69833
98536 69833
98536 69833
98536 69833
98536 69833
98536 69833
98536 69833
98536 69833
97786 69882
121437 89206
109496 96778
110670 92222
117212 92940
111479 107351
115953 97839
115109 105291
114305 105339
120853 96800
112668 114200
118257 103991
115852 107946
118744 97913
116158 107371
123243 99046
114385 120303
116247 107865
119140 103085
116414 107477
121766 99087
120750 100988
120729 102136
119173 102161
122464 99154
116504 113662
119001 107549
117037 108271
118575 108046
134467 100773
117112 113192
123179 101676
128665 101086
122589 106675
117334 109429
120685 108383
138770 100849
117421 115795
127325 103808
118759 109583
123738 106992
117958 114183
124323 106196
130866 103983
120625 113406
125076 107049
127334 105456
122336 109689
130694 104731
120854 112402
121361 109881
134578 104498
121419 119910
122046 111413
125889 110998
128259 106366
131160 104934
131322 104624
133976 105935
122641 117300
129893 108504
128023 111273
123758 111479
122853 114092
123436 113001
136043 108198
123112 119288
130236 109188
124415 112467
123781 112909
144390 108688
123850 114852
130974 111494
126752 112512
124672 112909
135672 111631
123967 115228
125141 113492
130169 112517
128750 112584
149287 112483
125484 116479
131067 112587
134650 112812
126122 118407
130907 117115
133500 112857
134350 114286
132254 117132
133378 117352
133098 118761
