5864 300.006
1.25131e+06 1.0789e+06 1.02459e+06
1.24908e+06 1.08264e+06 1.02006e+06
1.22508e+06 1.04293e+06 1.05933e+06
1.16176e+06 1.05076e+06 1.11646e+06
1.12609e+06 1.14932e+06 1.0727e+06
1.10943e+06 1.10614e+06 1.09946e+06
1.1306e+06 1.12934e+06 1.06976e+06
1.12229e+06 1.1423e+06 1.08029e+06
1.10943e+06 1.10614e+06 1.09946e+06
1.16065e+06 1.11408e+06 1.04458e+06
1.11444e+06 1.09639e+06 1.10934e+06
1.201e+06 1.09856e+06 1.03361e+06
1.12229e+06 1.1423e+06 1.08029e+06
1.17056e+06 1.08671e+06 1.03558e+06
1.2329e+06 1.078e+06 1.03041e+06
1.11472e+06 1.11837e+06 1.09637e+06
1.11998e+06 1.12491e+06 1.08125e+06
1.12609e+06 1.14932e+06 1.0727e+06
1.19117e+06 1.07883e+06 1.05256e+06
1.18232e+06 1.10188e+06 1.03345e+06
1.12209e+06 1.1114e+06 1.08212e+06
1.1447e+06 1.12333e+06 1.05636e+06
1.25131e+06 1.0789e+06 1.02459e+06
1.1345e+06 1.1171e+06 1.06391e+06
1.11584e+06 1.09442e+06 1.11174e+06
1.22954e+06 1.08505e+06 1.03144e+06
1.20931e+06 1.06496e+06 1.04294e+06
1.13808e+06 1.0686e+06 1.08591e+06
1.214e+06 1.04492e+06 1.06194e+06
1.20442e+06 1.07818e+06 1.04138e+06
1.16176e+06 1.05076e+06 1.11646e+06
1.24104e+06 1.05102e+06 1.05591e+06
1.15064e+06 1.08299e+06 1.04969e+06
1.1306e+06 1.12934e+06 1.06976e+06
1.22548e+06 1.05537e+06 1.03983e+06
1.22239e+06 1.0577e+06 1.05186e+06
1.1991e+06 1.05824e+06 1.05398e+06
1.24908e+06 1.08264e+06 1.02006e+06
1.19492e+06 1.07758e+06 1.05516e+06
1.1863e+06 1.08506e+06 1.04621e+06
1.23587e+06 1.07168e+06 1.03586e+06
1.14976e+06 1.08779e+06 1.05769e+06
1.16626e+06 1.06567e+06 1.068e+06
1.24418e+06 1.04798e+06 1.0442e+06
1.11623e+06 1.10337e+06 1.08614e+06
1.21866e+06 1.06683e+06 1.03839e+06
1.12939e+06 1.0932e+06 1.07812e+06
1.23926e+06 1.04971e+06 1.05705e+06
1.1573e+06 1.09062e+06 1.04766e+06
1.17842e+06 1.07417e+06 1.05732e+06
1.12364e+06 1.09623e+06 1.08369e+06
1.21682e+06 1.06309e+06 1.04392e+06
1.13563e+06 1.05404e+06 1.09372e+06
1.17654e+06 1.0852e+06 1.04754e+06
1.14479e+06 1.09161e+06 1.06266e+06
1.18117e+06 1.04433e+06 1.10006e+06
1.13282e+06 1.08994e+06 1.06748e+06
1.11496e+06 1.10011e+06 1.08723e+06
1.13066e+06 1.07697e+06 1.09166e+06
1.13002e+06 1.0676e+06 1.10619e+06
1.23991e+06 1.06916e+06 1.03754e+06
1.22832e+06 1.0547e+06 1.05838e+06
1.1231e+06 1.08681e+06 1.09748e+06
1.15713e+06 1.07034e+06 1.06658e+06
1.2123e+06 1.08081e+06 1.04048e+06
1.13938e+06 1.10961e+06 1.06386e+06
1.21514e+06 1.06409e+06 1.04535e+06
1.12512e+06 1.09524e+06 1.07948e+06
1.15498e+06 1.07296e+06 1.06058e+06
1.12788e+06 1.0817e+06 1.07882e+06
1.13938e+06 1.10961e+06 1.06386e+06
1.21265e+06 1.06005e+06 1.0511e+06
1.11736e+06 1.08678e+06 1.10586e+06
1.14382e+06 1.09117e+06 1.06569e+06
1.1518e+06 1.06105e+06 1.09284e+06
1.23187e+06 1.05535e+06 1.04725e+06
1.14456e+06 1.06146e+06 1.08695e+06
1.11929e+06 1.08647e+06 1.10172e+06
1.19165e+06 1.0762e+06 1.05619e+06
1.24886e+06 1.07245e+06 1.03047e+06
1.19724e+06 1.07532e+06 1.04608e+06
1.21679e+06 1.07399e+06 1.04209e+06
1.15464e+06 1.07244e+06 1.0711e+06
1.23566e+06 1.05778e+06 1.03763e+06
1.14614e+06 1.06412e+06 1.07575e+06
1.11584e+06 1.09442e+06 1.11174e+06
1.23296e+06 1.0544e+06 1.03839e+06
1.21442e+06 1.05878e+06 1.04883e+06
1.1413e+06 1.11722e+06 1.06098e+06
1.24418e+06 1.04798e+06 1.0442e+06
1.12214e+06 1.06952e+06 1.10983e+06
1.17317e+06 1.06344e+06 1.06774e+06
1.16327e+06 1.05285e+06 1.08798e+06
1.20346e+06 1.05692e+06 1.05642e+06
1.22302e+06 1.05684e+06 1.0446e+06
1.12597e+06 1.10272e+06 1.07485e+06
1.22933e+06 1.05272e+06 1.05857e+06
1.14286e+06 1.06512e+06 1.09013e+06
1.2463e+06 1.0504e+06 1.04078e+06
1.15044e+06 1.06538e+06 1.07377e+06
1.16255e+06 1.05643e+06 1.09368e+06
1.12454e+06 1.07475e+06 1.09624e+06
1.18362e+06 1.07599e+06 1.057e+06
1.21064e+06 1.07411e+06 1.04171e+06
1.13148e+06 1.11254e+06 1.06886e+06
1.14731e+06 1.051e+06 1.108e+06
1.18596e+06 1.07902e+06 1.05518e+06
1.16352e+06 1.06454e+06 1.07238e+06
1.14804e+06 1.07644e+06 1.06816e+06
1.19764e+06 1.06545e+06 1.05456e+06
1.13999e+06 1.06836e+06 1.07727e+06
1.13305e+06 1.07158e+06 1.10317e+06
1.13271e+06 1.07481e+06 1.0833e+06
1.1544e+06 1.07706e+06 1.06086e+06
1.18117e+06 1.04433e+06 1.10006e+06
1.18573e+06 1.08522e+06 1.04048e+06
1.16503e+06 1.0822e+06 1.05755e+06
1.12766e+06 1.0916e+06 1.08121e+06
1.23069e+06 1.05358e+06 1.05681e+06
1.13148e+06 1.11254e+06 1.06886e+06
1.21289e+06 1.05994e+06 1.04876e+06
1.1628e+06 1.05357e+06 1.0946e+06
1.20368e+06 1.07195e+06 1.04834e+06
1.17317e+06 1.06344e+06 1.06774e+06
1.1518e+06 1.06105e+06 1.09284e+06
1.11942e+06 1.07897e+06 1.10424e+06
1.12314e+06 1.09959e+06 1.08919e+06
1.14321e+06 1.07404e+06 1.07725e+06
1.14071e+06 1.07646e+06 1.06606e+06
1.11704e+06 1.12468e+06 1.08338e+06
1.12362e+06 1.09898e+06 1.09504e+06
1.12282e+06 1.10295e+06 1.07281e+06
1.12341e+06 1.08597e+06 1.10351e+06
1.14396e+06 1.06739e+06 1.08942e+06
1.13306e+06 1.07071e+06 1.10409e+06
1.16331e+06 1.04886e+06 1.07246e+06
1.16425e+06 1.0774e+06 1.05822e+06
1.2463e+06 1.0504e+06 1.04078e+06
1.14217e+06 1.09903e+06 1.06217e+06
1.21866e+06 1.06683e+06 1.03839e+06
1.15458e+06 1.07582e+06 1.0603e+06
1.11673e+06 1.09323e+06 1.10335e+06
1.22508e+06 1.04293e+06 1.05933e+06
1.19726e+06 1.08098e+06 1.04308e+06
1.14731e+06 1.051e+06 1.108e+06
1.14609e+06 1.0873e+06 1.06389e+06
1.13337e+06 1.06986e+06 1.07986e+06
1.1335e+06 1.08095e+06 1.07517e+06
1.11929e+06 1.08647e+06 1.10172e+06
1.14268e+06 1.09939e+06 1.05891e+06
1.16176e+06 1.06598e+06 1.05827e+06
1.18632e+06 1.14323e+06 1.09485e+06
1.14858e+06 1.0806e+06 1.10175e+06
1.22917e+06 1.09893e+06 1.11013e+06
1.21594e+06 1.09802e+06 1.11217e+06
1.19404e+06 1.15314e+06 1.1033e+06
1.19343e+06 1.15956e+06 1.11926e+06
1.18555e+06 1.11131e+06 1.14188e+06
1.22058e+06 1.12524e+06 1.10497e+06
1.19641e+06 1.10109e+06 1.10618e+06
1.19384e+06 1.12354e+06 1.11935e+06
1.26464e+06 1.14689e+06 1.11792e+06
1.25151e+06 1.10952e+06 1.14264e+06
1.23846e+06 1.15216e+06 1.11395e+06
1.22558e+06 1.1865e+06 1.1222e+06
1.2098e+06 1.11668e+06 1.16893e+06
1.19063e+06 1.12472e+06 1.15284e+06
1.19243e+06 1.13084e+06 1.14212e+06
1.20141e+06 1.14551e+06 1.13587e+06
1.24724e+06 1.11685e+06 1.15109e+06
1.20309e+06 1.12601e+06 1.13033e+06
1.21572e+06 1.12191e+06 1.13305e+06
1.1992e+06 1.12072e+06 1.143e+06
1.29024e+06 1.13317e+06 1.13036e+06
1.25483e+06 1.17906e+06 1.11646e+06
1.25453e+06 1.12012e+06 1.15413e+06
1.22566e+06 1.12073e+06 1.17123e+06
1.21179e+06 1.14124e+06 1.1521e+06
1.2595e+06 1.15568e+06 1.12048e+06
1.2429e+06 1.12959e+06 1.16694e+06
1.21902e+06 1.13014e+06 1.15517e+06
1.22557e+06 1.16772e+06 1.1362e+06
1.24408e+06 1.15104e+06 1.13239e+06
1.23399e+06 1.14302e+06 1.14181e+06
1.25268e+06 1.16381e+06 1.12535e+06
1.22224e+06 1.15998e+06 1.14592e+06
1.22828e+06 1.13915e+06 1.14237e+06
1.24897e+06 1.13535e+06 1.14121e+06
1.24907e+06 1.16564e+06 1.12024e+06
1.22396e+06 1.13646e+06 1.14552e+06
1.33391e+06 1.18972e+06 1.13478e+06
1.29403e+06 1.20803e+06 1.12444e+06
1.28128e+06 1.12865e+06 1.16444e+06
1.23842e+06 1.13895e+06 1.16936e+06
1.21192e+06 1.17851e+06 1.1547e+06
1.31287e+06 1.16279e+06 1.13959e+06
1.24974e+06 1.18454e+06 1.13934e+06
1.21211e+06 1.14638e+06 1.16146e+06
1.22914e+06 1.17601e+06 1.1609e+06
1.28894e+06 1.13738e+06 1.1482e+06
1.23137e+06 1.15784e+06 1.14405e+06
1.24287e+06 1.17223e+06 1.14126e+06
1.26777e+06 1.14362e+06 1.15785e+06
1.27007e+06 1.14183e+06 1.14924e+06
1.26214e+06 1.16068e+06 1.14176e+06
1.23729e+06 1.14215e+06 1.16592e+06
1.27229e+06 1.14538e+06 1.14663e+06
1.22991e+06 1.16092e+06 1.14284e+06
1.23951e+06 1.17235e+06 1.13937e+06
1.23583e+06 1.1461e+06 1.14535e+06
1.23513e+06 1.14581e+06 1.14678e+06
1.3025e+06 1.13319e+06 1.16792e+06
1.28338e+06 1.17965e+06 1.14116e+06
1.27719e+06 1.21036e+06 1.14179e+06
1.21259e+06 1.15159e+06 1.17194e+06
1.23179e+06 1.20753e+06 1.15991e+06
1.24123e+06 1.18459e+06 1.14486e+06
1.251e+06 1.14693e+06 1.16056e+06
1.239e+06 1.15614e+06 1.1509e+06
1.24312e+06 1.17588e+06 1.14198e+06
1.25467e+06 1.1587e+06 1.14532e+06
1.26257e+06 1.16494e+06 1.14184e+06
1.22108e+06 1.17862e+06 1.17165e+06
1.23721e+06 1.17031e+06 1.14802e+06
1.27002e+06 1.15188e+06 1.14601e+06
1.2382e+06 1.16931e+06 1.16447e+06
1.23505e+06 1.16656e+06 1.16934e+06
1.22387e+06 1.17014e+06 1.16907e+06
1.24188e+06 1.14996e+06 1.1507e+06
1.23781e+06 1.16838e+06 1.16549e+06
1.24276e+06 1.15355e+06 1.14651e+06
1.33093e+06 1.15578e+06 1.15901e+06
1.2958e+06 1.16582e+06 1.14609e+06
1.28302e+06 1.14818e+06 1.16439e+06
1.27226e+06 1.14877e+06 1.18454e+06
1.24183e+06 1.17148e+06 1.15019e+06
1.22743e+06 1.1692e+06 1.18162e+06
1.24745e+06 1.1507e+06 1.16085e+06
1.2672e+06 1.16676e+06 1.1582e+06
1.28948e+06 1.16351e+06 1.1461e+06
1.23129e+06 1.16978e+06 1.17389e+06
1.29643e+06 1.14928e+06 1.16057e+06
1.27738e+06 1.14926e+06 1.1789e+06
1.23756e+06 1.16398e+06 1.18064e+06
1.33439e+06 1.18804e+06 1.14902e+06
1.31064e+06 1.21097e+06 1.1473e+06
1.27393e+06 1.15174e+06 1.17074e+06
1.24475e+06 1.17065e+06 1.18794e+06
1.23653e+06 1.18374e+06 1.18584e+06
1.29352e+06 1.17862e+06 1.15002e+06
1.24553e+06 1.17425e+06 1.17493e+06
1.32213e+06 1.20038e+06 1.14999e+06
1.27646e+06 1.16198e+06 1.16276e+06
1.26718e+06 1.15391e+06 1.18381e+06
1.27412e+06 1.19454e+06 1.1537e+06
1.25047e+06 1.15782e+06 1.17234e+06
1.27136e+06 1.20255e+06 1.15656e+06
1.2837e+06 1.18671e+06 1.15468e+06
1.30766e+06 1.17326e+06 1.15757e+06
1.27032e+06 1.1688e+06 1.16024e+06
1.28106e+06 1.16494e+06 1.16189e+06
1.26551e+06 1.15583e+06 1.18401e+06
1.26012e+06 1.16441e+06 1.16259e+06
1.24508e+06 1.19089e+06 1.18578e+06
1.24958e+06 1.1723e+06 1.15774e+06
1.26914e+06 1.16433e+06 1.17142e+06
1.3123e+06 1.18591e+06 1.15289e+06
1.29961e+06 1.22098e+06 1.15751e+06
1.28573e+06 1.16272e+06 1.17314e+06
1.25227e+06 1.18822e+06 1.19194e+06
1.25202e+06 1.18963e+06 1.18202e+06
1.26942e+06 1.1711e+06 1.17274e+06
1.2815e+06 1.16768e+06 1.16433e+06
1.25254e+06 1.19273e+06 1.17944e+06
1.27343e+06 1.20837e+06 1.15816e+06
1.25728e+06 1.16409e+06 1.18609e+06
1.2846e+06 1.20192e+06 1.16018e+06
1.25846e+06 1.17653e+06 1.16115e+06
1.29264e+06 1.17672e+06 1.15842e+06
1.25458e+06 1.18074e+06 1.1622e+06
1.27601e+06 1.17133e+06 1.16182e+06
1.28485e+06 1.18996e+06 1.15907e+06
1.31272e+06 1.19167e+06 1.15576e+06
1.29245e+06 1.1634e+06 1.17426e+06
1.2735e+06 1.21213e+06 1.16194e+06
1.2591e+06 1.19387e+06 1.2144e+06
1.2914e+06 1.16678e+06 1.19549e+06
1.2928e+06 1.18621e+06 1.16334e+06
1.28975e+06 1.17156e+06 1.16674e+06
1.3124e+06 1.17014e+06 1.17423e+06
1.26612e+06 1.1827e+06 1.1873e+06
1.27652e+06 1.17547e+06 1.16579e+06
1.27405e+06 1.17573e+06 1.18061e+06
1.26177e+06 1.18126e+06 1.19055e+06
1.27236e+06 1.18859e+06 1.1735e+06
1.27151e+06 1.19086e+06 1.16631e+06
1.27551e+06 1.17936e+06 1.16647e+06
1.32061e+06 1.16661e+06 1.17912e+06
1.31601e+06 1.2022e+06 1.15824e+06
1.30114e+06 1.23084e+06 1.1669e+06
1.2928e+06 1.16412e+06 1.19006e+06
1.26187e+06 1.18899e+06 1.22192e+06
1.27117e+06 1.20896e+06 1.21189e+06
1.28544e+06 1.17701e+06 1.2038e+06
1.30136e+06 1.1842e+06 1.17148e+06
1.31565e+06 1.1691e+06 1.18302e+06
1.28276e+06 1.19291e+06 1.1761e+06
1.27886e+06 1.19141e+06 1.17733e+06
1.2738e+06 1.18446e+06 1.18857e+06
1.28613e+06 1.17603e+06 1.18515e+06
1.29955e+06 1.17033e+06 1.17471e+06
1.29676e+06 1.18596e+06 1.1698e+06
1.28829e+06 1.18426e+06 1.18328e+06
1.30104e+06 1.17184e+06 1.17253e+06
1.29336e+06 1.18792e+06 1.17259e+06
1.28685e+06 1.19001e+06 1.16824e+06
1.29574e+06 1.17667e+06 1.18318e+06
1.34849e+06 1.17791e+06 1.18028e+06
1.31935e+06 1.20722e+06 1.16814e+06
1.30501e+06 1.16745e+06 1.21786e+06
1.28936e+06 1.23902e+06 1.17666e+06
1.27398e+06 1.19688e+06 1.21987e+06
1.27588e+06 1.20741e+06 1.18914e+06
1.29218e+06 1.18558e+06 1.19846e+06
1.32808e+06 1.20437e+06 1.17073e+06
1.29972e+06 1.17265e+06 1.18741e+06
1.31632e+06 1.17801e+06 1.17964e+06
1.32018e+06 1.18253e+06 1.17838e+06
1.30214e+06 1.19472e+06 1.17556e+06
1.32451e+06 1.17768e+06 1.18342e+06
1.30749e+06 1.16879e+06 1.19334e+06
1.2783e+06 1.19225e+06 1.19075e+06
1.282e+06 1.20515e+06 1.19034e+06
1.29152e+06 1.19666e+06 1.17083e+06
1.30857e+06 1.18624e+06 1.18304e+06
1.28589e+06 1.19709e+06 1.18084e+06
1.29612e+06 1.16821e+06 1.19548e+06
1.28785e+06 1.19122e+06 1.1824e+06
1.28538e+06 1.20069e+06 1.18434e+06
1.29254e+06 1.18487e+06 1.21828e+06
1.30617e+06 1.18894e+06 1.18508e+06
1.29556e+06 1.18663e+06 1.18642e+06
1.29617e+06 1.18964e+06 1.18466e+06
1.28516e+06 1.2044e+06 1.18414e+06
1.29494e+06 1.19342e+06 1.17572e+06
1.29436e+06 1.17797e+06 1.18872e+06
1.34563e+06 1.19262e+06 1.17979e+06
1.29614e+06 1.16853e+06 1.21069e+06
1.29247e+06 1.21619e+06 1.1711e+06
1.27725e+06 1.2128e+06 1.19303e+06
1.32906e+06 1.18766e+06 1.18843e+06
1.31505e+06 1.17872e+06 1.1933e+06
1.28238e+06 1.20899e+06 1.20737e+06
1.33538e+06 1.18945e+06 1.18755e+06
1.31202e+06 1.1706e+06 1.19446e+06
1.2987e+06 1.17514e+06 1.19864e+06
1.28572e+06 1.20783e+06 1.18592e+06
1.29165e+06 1.20668e+06 1.17393e+06
1.28709e+06 1.20052e+06 1.19914e+06
1.29355e+06 1.20494e+06 1.19075e+06
1.3064e+06 1.19968e+06 1.1933e+06
1.28834e+06 1.19812e+06 1.19844e+06
1.31342e+06 1.20093e+06 1.17306e+06
1.29435e+06 1.19754e+06 1.20856e+06
1.28762e+06 1.1999e+06 1.20921e+06
1.35291e+06 1.20571e+06 1.1896e+06
1.29702e+06 1.1778e+06 1.22272e+06
1.29238e+06 1.20771e+06 1.17559e+06
1.28329e+06 1.23124e+06 1.20578e+06
1.28621e+06 1.20811e+06 1.18806e+06
1.34669e+06 1.17897e+06 1.20325e+06
1.32539e+06 1.18951e+06 1.19919e+06
1.31504e+06 1.19913e+06 1.19505e+06
1.30076e+06 1.184e+06 1.21103e+06
1.30065e+06 1.18484e+06 1.21384e+06
1.30944e+06 1.20696e+06 1.2013e+06
1.29954e+06 1.19389e+06 1.20791e+06
1.32362e+06 1.20759e+06 1.19018e+06
1.31547e+06 1.18786e+06 1.20693e+06
1.33715e+06 1.20033e+06 1.20219e+06
1.31857e+06 1.1802e+06 1.24026e+06
1.29832e+06 1.22024e+06 1.17565e+06
1.28732e+06 1.21888e+06 1.2041e+06
1.302e+06 1.18418e+06 1.21835e+06
1.31485e+06 1.20234e+06 1.2108e+06
1.30102e+06 1.20785e+06 1.18684e+06
1.29614e+06 1.21349e+06 1.1773e+06
1.28974e+06 1.21163e+06 1.21542e+06
1.3152e+06 1.21237e+06 1.18231e+06
1.33906e+06 1.19698e+06 1.21897e+06
1.33355e+06 1.18467e+06 1.23645e+06
1.32462e+06 1.22228e+06 1.17589e+06
1.30881e+06 1.23565e+06 1.19996e+06
1.30027e+06 1.21208e+06 1.22662e+06
1.3167e+06 1.22204e+06 1.19167e+06
1.30403e+06 1.19634e+06 1.22151e+06
1.32928e+06 1.21933e+06 1.18178e+06
1.30634e+06 1.20461e+06 1.21882e+06
1.31015e+06 1.22966e+06 1.20742e+06
1.32903e+06 1.21135e+06 1.18845e+06
1.30231e+06 1.22541e+06 1.2091e+06
1.32282e+06 1.2088e+06 1.20239e+06
1.30112e+06 1.21666e+06 1.21494e+06
1.32068e+06 1.21361e+06 1.20067e+06
1.30111e+06 1.22993e+06 1.20215e+06
1.35003e+06 1.20266e+06 1.22229e+06
1.3402e+06 1.21171e+06 1.18865e+06
1.32501e+06 1.20352e+06 1.24218e+06
1.30409e+06 1.23638e+06 1.21504e+06
1.30497e+06 1.23424e+06 1.20452e+06
1.33707e+06 1.2204e+06 1.19945e+06
1.30804e+06 1.20731e+06 1.21962e+06
1.33445e+06 1.2115e+06 1.21342e+06
1.32307e+06 1.21569e+06 1.20312e+06
1.33908e+06 1.21721e+06 1.19752e+06
1.3067e+06 1.21418e+06 1.22058e+06
1.35855e+06 1.20743e+06 1.22695e+06
1.32481e+06 1.22099e+06 1.20776e+06
1.32017e+06 1.22418e+06 1.23026e+06
1.30526e+06 1.23757e+06 1.20819e+06
1.33861e+06 1.21909e+06 1.21131e+06
1.32696e+06 1.21484e+06 1.22366e+06
1.33428e+06 1.20844e+06 1.22172e+06
1.33289e+06 1.21927e+06 1.21867e+06
1.33842e+06 1.21698e+06 1.21887e+06
1.34228e+06 1.21079e+06 1.22448e+06
1.33312e+06 1.2312e+06 1.20851e+06
1.328e+06 1.23292e+06 1.2514e+06
1.30982e+06 1.24382e+06 1.21322e+06
1.31282e+06 1.23819e+06 1.22569e+06
1.34483e+06 1.21576e+06 1.24344e+06
1.31453e+06 1.26408e+06 1.22744e+06
