1195 198.061
2.75272e+06 2.60817e+06 2.41679e+06
2.73529e+06 2.63669e+06 2.39968e+06
2.69738e+06 2.51385e+06 2.55012e+06
2.64052e+06 2.65932e+06 2.4672e+06
2.62108e+06 2.55774e+06 2.58747e+06
2.59715e+06 2.61829e+06 2.56322e+06
2.70364e+06 2.53172e+06 2.53553e+06
2.69738e+06 2.51385e+06 2.55012e+06
2.59715e+06 2.61829e+06 2.56322e+06
2.71894e+06 2.54083e+06 2.51055e+06
2.7345e+06 2.61805e+06 2.41734e+06
2.62108e+06 2.55774e+06 2.58747e+06
2.73976e+06 2.57251e+06 2.43622e+06
2.61814e+06 2.6525e+06 2.51368e+06
2.74672e+06 2.54992e+06 2.48076e+06
2.75203e+06 2.55386e+06 2.44424e+06
2.73529e+06 2.63669e+06 2.39968e+06
2.62766e+06 2.57716e+06 2.54559e+06
2.61991e+06 2.60036e+06 2.49883e+06
2.64068e+06 2.64017e+06 2.46385e+06
2.64703e+06 2.62839e+06 2.45438e+06
2.68476e+06 2.65082e+06 2.40959e+06
2.65456e+06 2.55885e+06 2.57948e+06
2.6432e+06 2.56016e+06 2.56883e+06
2.63394e+06 2.60626e+06 2.49718e+06
2.74672e+06 2.54992e+06 2.48076e+06
2.60571e+06 2.60903e+06 2.53968e+06
2.6859e+06 2.53718e+06 2.5435e+06
2.69035e+06 2.57334e+06 2.43007e+06
2.71195e+06 2.54366e+06 2.49401e+06
2.69782e+06 2.58433e+06 2.42298e+06
2.63992e+06 2.58727e+06 2.52069e+06
2.6859e+06 2.53718e+06 2.5435e+06
2.66806e+06 2.64509e+06 2.45147e+06
2.7382e+06 2.54073e+06 2.52476e+06
2.61313e+06 2.65546e+06 2.52165e+06
2.68205e+06 2.63528e+06 2.41271e+06
2.71068e+06 2.56328e+06 2.47104e+06
2.66389e+06 2.58936e+06 2.48166e+06
2.70364e+06 2.53172e+06 2.53553e+06
2.65456e+06 2.55885e+06 2.57948e+06
2.61199e+06 2.57881e+06 2.52954e+06
2.65725e+06 2.61384e+06 2.46559e+06
2.66306e+06 2.57935e+06 2.48868e+06
2.63821e+06 2.57036e+06 2.56751e+06
2.63541e+06 2.59474e+06 2.4772e+06
2.71823e+06 2.62079e+06 2.41344e+06
2.61313e+06 2.65546e+06 2.52165e+06
2.60571e+06 2.60903e+06 2.53968e+06
2.66806e+06 2.64509e+06 2.45147e+06
2.67382e+06 2.6094e+06 2.44914e+06
2.71823e+06 2.62079e+06 2.41344e+06
2.70718e+06 2.62896e+06 2.42077e+06
2.64068e+06 2.64017e+06 2.46385e+06
2.65372e+06 2.62444e+06 2.46587e+06
2.67589e+06 2.54476e+06 2.48564e+06
2.65976e+06 2.59446e+06 2.48238e+06
2.71191e+06 2.62952e+06 2.41313e+06
2.64969e+06 2.62782e+06 2.4724e+06
2.63821e+06 2.57036e+06 2.56751e+06
2.65192e+06 2.59812e+06 2.47404e+06
2.62766e+06 2.57716e+06 2.54559e+06
2.62982e+06 2.57375e+06 2.52404e+06
2.64956e+06 2.56099e+06 2.54045e+06
2.6432e+06 2.56016e+06 2.56883e+06
2.654e+06 2.64792e+06 2.44113e+06
2.65627e+06 2.57734e+06 2.50878e+06
2.71195e+06 2.54366e+06 2.49401e+06
2.6465e+06 2.5824e+06 2.48468e+06
2.61199e+06 2.57881e+06 2.52954e+06
2.65192e+06 2.59812e+06 2.47404e+06
2.67976e+06 2.58403e+06 2.4641e+06
2.64052e+06 2.65932e+06 2.4672e+06
2.65976e+06 2.59446e+06 2.48238e+06
2.67025e+06 2.61735e+06 2.44401e+06
2.6469e+06 2.57784e+06 2.50421e+06
2.68221e+06 2.57924e+06 2.43857e+06
2.61951e+06 2.63658e+06 2.51136e+06
2.6469e+06 2.57784e+06 2.50421e+06
2.64203e+06 2.56803e+06 2.51279e+06
2.66292e+06 2.55576e+06 2.53028e+06
2.67589e+06 2.54476e+06 2.48564e+06
2.69337e+06 2.57307e+06 2.43871e+06
2.65882e+06 2.55813e+06 2.53712e+06
2.69084e+06 2.62632e+06 2.4237e+06
2.70557e+06 2.56583e+06 2.4787e+06
2.68456e+06 2.62038e+06 2.4289e+06
2.65745e+06 2.55439e+06 2.53906e+06
2.6661e+06 2.64954e+06 2.42563e+06
2.6465e+06 2.5824e+06 2.48468e+06
2.7345e+06 2.61805e+06 2.41734e+06
2.67714e+06 2.58279e+06 2.46532e+06
2.71894e+06 2.54296e+06 2.52417e+06
2.6661e+06 2.64954e+06 2.42563e+06
2.69562e+06 2.61919e+06 2.42196e+06
2.68476e+06 2.65082e+06 2.40959e+06
2.66336e+06 2.6152e+06 2.45437e+06
2.73976e+06 2.57251e+06 2.43622e+06
2.69084e+06 2.62632e+06 2.4237e+06
2.67382e+06 2.6094e+06 2.44914e+06
2.69562e+06 2.61919e+06 2.42196e+06
2.67025e+06 2.61735e+06 2.44401e+06
2.68006e+06 2.58776e+06 2.44763e+06
2.66633e+06 2.56698e+06 2.4797e+06
2.61991e+06 2.60036e+06 2.49883e+06
2.68205e+06 2.63528e+06 2.41271e+06
2.68006e+06 2.58776e+06 2.44763e+06
2.67425e+06 2.60752e+06 2.47125e+06
2.73569e+06 2.56645e+06 2.46484e+06
2.63295e+06 2.64887e+06 2.47534e+06
2.62982e+06 2.57375e+06 2.52404e+06
2.70557e+06 2.56583e+06 2.4787e+06
2.68456e+06 2.62038e+06 2.4289e+06
2.63115e+06 2.62784e+06 2.49771e+06
2.63541e+06 2.59474e+06 2.4772e+06
2.654e+06 2.64792e+06 2.44113e+06
2.70718e+06 2.62896e+06 2.42077e+06
2.65765e+06 2.56175e+06 2.53075e+06
2.61814e+06 2.6525e+06 2.51368e+06
2.63295e+06 2.64887e+06 2.47534e+06
2.7382e+06 2.54073e+06 2.52476e+06
2.64203e+06 2.56803e+06 2.51279e+06
2.65627e+06 2.57734e+06 2.50878e+06
2.66306e+06 2.57935e+06 2.48868e+06
2.69337e+06 2.57307e+06 2.43871e+06
2.67158e+06 2.5883e+06 2.47444e+06
2.65926e+06 2.55836e+06 2.53303e+06
2.65436e+06 2.5641e+06 2.53608e+06
2.65765e+06 2.56175e+06 2.53075e+06
2.66292e+06 2.55576e+06 2.53028e+06
2.66336e+06 2.6152e+06 2.45437e+06
2.67558e+06 2.57356e+06 2.47456e+06
2.67158e+06 2.5883e+06 2.47444e+06
2.63394e+06 2.60626e+06 2.49718e+06
2.65926e+06 2.55836e+06 2.53303e+06
2.66389e+06 2.58936e+06 2.48166e+06
2.65372e+06 2.62444e+06 2.46587e+06
2.71068e+06 2.56328e+06 2.47104e+06
2.63992e+06 2.58727e+06 2.52069e+06
2.71191e+06 2.62952e+06 2.41313e+06
2.67714e+06 2.58279e+06 2.46532e+06
2.75272e+06 2.60817e+06 2.41679e+06
2.63115e+06 2.62784e+06 2.49771e+06
2.69035e+06 2.57334e+06 2.43007e+06
2.65436e+06 2.5641e+06 2.53608e+06
2.64956e+06 2.56099e+06 2.54045e+06
2.66633e+06 2.56698e+06 2.4797e+06
2.69782e+06 2.58433e+06 2.42298e+06
2.73569e+06 2.56645e+06 2.46484e+06
2.75203e+06 2.55386e+06 2.44424e+06
2.67425e+06 2.60752e+06 2.47125e+06
2.63992e+06 2.58727e+06 2.52069e+06
2.61814e+06 2.6525e+06 2.51368e+06
2.7345e+06 2.61805e+06 2.41734e+06
2.65372e+06 2.62444e+06 2.46587e+06
2.71191e+06 2.62952e+06 2.41313e+06
2.70718e+06 2.62896e+06 2.42077e+06
2.6469e+06 2.57784e+06 2.50421e+06
2.76987e+06 2.59611e+06 2.49641e+06
2.71295e+06 2.62908e+06 2.43791e+06
2.67106e+06 2.57896e+06 2.52769e+06
2.65341e+06 2.65451e+06 2.48015e+06
2.63882e+06 2.60313e+06 2.56995e+06
2.63292e+06 2.64775e+06 2.53354e+06
2.71614e+06 2.60607e+06 2.45132e+06
2.66287e+06 2.63288e+06 2.55356e+06
2.67803e+06 2.65175e+06 2.47028e+06
2.66292e+06 2.58335e+06 2.50849e+06
2.70494e+06 2.62407e+06 2.48457e+06
2.66302e+06 2.61637e+06 2.48912e+06
2.6878e+06 2.59806e+06 2.5018e+06
2.73839e+06 2.62657e+06 2.50069e+06
2.72796e+06 2.63035e+06 2.44526e+06
2.67278e+06 2.59527e+06 2.56576e+06
2.65739e+06 2.69902e+06 2.4823e+06
2.65369e+06 2.6647e+06 2.55413e+06
2.68594e+06 2.60554e+06 2.52592e+06
2.71283e+06 2.67034e+06 2.48879e+06
2.72625e+06 2.65554e+06 2.47906e+06
2.71184e+06 2.60232e+06 2.55739e+06
2.66705e+06 2.61658e+06 2.50446e+06
2.72379e+06 2.64248e+06 2.50151e+06
2.66389e+06 2.63726e+06 2.536e+06
2.712e+06 2.60421e+06 2.54312e+06
2.66511e+06 2.66141e+06 2.50312e+06
2.66808e+06 2.63728e+06 2.50156e+06
2.75636e+06 2.63552e+06 2.49329e+06
2.73762e+06 2.61482e+06 2.56778e+06
2.73329e+06 2.64159e+06 2.46314e+06
2.6774e+06 2.68096e+06 2.55741e+06
2.71795e+06 2.64638e+06 2.50475e+06
2.67805e+06 2.61932e+06 2.50914e+06
2.72444e+06 2.61669e+06 2.52864e+06
2.72824e+06 2.66185e+06 2.49868e+06
2.72841e+06 2.67459e+06 2.46729e+06
2.6887e+06 2.67432e+06 2.50362e+06
2.74996e+06 2.64155e+06 2.50279e+06
2.72291e+06 2.67297e+06 2.49737e+06
2.68624e+06 2.63558e+06 2.50583e+06
2.75687e+06 2.65315e+06 2.47409e+06
2.72491e+06 2.69687e+06 2.4988e+06
2.67829e+06 2.62383e+06 2.52718e+06
2.69874e+06 2.65603e+06 2.51752e+06
2.73474e+06 2.67493e+06 2.4974e+06
2.74001e+06 2.64418e+06 2.49094e+06
2.6886e+06 2.66432e+06 2.50733e+06
2.74161e+06 2.64045e+06 2.50654e+06
2.72649e+06 2.6384e+06 2.51991e+06
2.73077e+06 2.63219e+06 2.51195e+06
2.74161e+06 2.63027e+06 2.51422e+06
2.77597e+06 2.64973e+06 2.51366e+06
2.77348e+06 2.66396e+06 2.47632e+06
2.69424e+06 2.62434e+06 2.56633e+06
2.68345e+06 2.73457e+06 2.53352e+06
2.67829e+06 2.65633e+06 2.57882e+06
2.72678e+06 2.71218e+06 2.5096e+06
2.75532e+06 2.69156e+06 2.49429e+06
2.68498e+06 2.68489e+06 2.55772e+06
2.74677e+06 2.70834e+06 2.50432e+06
2.7668e+06 2.65421e+06 2.48746e+06
2.74905e+06 2.66826e+06 2.49765e+06
2.71733e+06 2.62541e+06 2.5475e+06
2.69171e+06 2.64665e+06 2.53859e+06
2.68475e+06 2.63447e+06 2.57235e+06
2.7642e+06 2.63762e+06 2.5308e+06
2.69972e+06 2.67621e+06 2.51533e+06
2.70646e+06 2.62726e+06 2.53364e+06
2.77197e+06 2.64246e+06 2.52589e+06
2.74185e+06 2.62695e+06 2.5445e+06
2.71265e+06 2.6602e+06 2.52137e+06
2.72974e+06 2.66031e+06 2.51834e+06
2.69979e+06 2.68944e+06 2.51204e+06
2.73779e+06 2.64949e+06 2.52376e+06
2.73467e+06 2.6654e+06 2.51185e+06
2.69842e+06 2.65082e+06 2.53566e+06
2.71539e+06 2.65634e+06 2.52845e+06
2.74644e+06 2.62554e+06 2.53444e+06
2.71584e+06 2.65274e+06 2.53141e+06
2.78379e+06 2.69472e+06 2.51712e+06
2.77468e+06 2.71248e+06 2.5e+06
2.74759e+06 2.72112e+06 2.50492e+06
2.71779e+06 2.6266e+06 2.56928e+06
2.69172e+06 2.63516e+06 2.60127e+06
2.76272e+06 2.6696e+06 2.52271e+06
2.72835e+06 2.64055e+06 2.5404e+06
2.69682e+06 2.65265e+06 2.55676e+06
2.70259e+06 2.69169e+06 2.54819e+06
2.70379e+06 2.62732e+06 2.59142e+06
2.6967e+06 2.63495e+06 2.58142e+06
2.75638e+06 2.63998e+06 2.5442e+06
2.69632e+06 2.68003e+06 2.56994e+06
2.69296e+06 2.66298e+06 2.57248e+06
2.72622e+06 2.6613e+06 2.53049e+06
2.7036e+06 2.68607e+06 2.52879e+06
2.72135e+06 2.64541e+06 2.53581e+06
2.72054e+06 2.63082e+06 2.54499e+06
2.71402e+06 2.64046e+06 2.56463e+06
2.71141e+06 2.64381e+06 2.55681e+06
2.72394e+06 2.66502e+06 2.53143e+06
2.70484e+06 2.66721e+06 2.54399e+06
2.71042e+06 2.64791e+06 2.56214e+06
2.70482e+06 2.6836e+06 2.53989e+06
2.72097e+06 2.66579e+06 2.52367e+06
2.70984e+06 2.64815e+06 2.54025e+06
2.71009e+06 2.64828e+06 2.53991e+06
2.78985e+06 2.73177e+06 2.5134e+06
2.73674e+06 2.6324e+06 2.57174e+06
2.6939e+06 2.731e+06 2.60442e+06
2.77058e+06 2.71368e+06 2.52445e+06
2.75785e+06 2.72414e+06 2.5166e+06
2.70636e+06 2.63848e+06 2.59526e+06
2.74425e+06 2.71649e+06 2.52851e+06
2.70438e+06 2.70107e+06 2.54418e+06
2.71363e+06 2.66198e+06 2.58088e+06
2.7208e+06 2.65562e+06 2.58993e+06
2.72229e+06 2.64993e+06 2.55837e+06
2.74248e+06 2.69768e+06 2.53227e+06
2.753e+06 2.66665e+06 2.53914e+06
2.73564e+06 2.68166e+06 2.53984e+06
2.70195e+06 2.67065e+06 2.58694e+06
2.70819e+06 2.67528e+06 2.54602e+06
2.71397e+06 2.66356e+06 2.55826e+06
2.73088e+06 2.6427e+06 2.54082e+06
2.72269e+06 2.6535e+06 2.551e+06
2.70483e+06 2.68996e+06 2.53381e+06
2.75489e+06 2.68691e+06 2.52808e+06
2.73853e+06 2.68785e+06 2.53572e+06
2.71763e+06 2.64914e+06 2.59474e+06
2.72285e+06 2.64828e+06 2.57341e+06
2.72743e+06 2.64594e+06 2.58141e+06
2.72773e+06 2.6422e+06 2.58552e+06
2.72343e+06 2.67101e+06 2.54842e+06
2.72811e+06 2.71419e+06 2.53053e+06
2.72527e+06 2.67498e+06 2.5448e+06
2.72488e+06 2.66792e+06 2.54966e+06
2.80294e+06 2.70494e+06 2.53885e+06
2.7799e+06 2.70706e+06 2.5307e+06
2.77721e+06 2.63932e+06 2.57472e+06
2.74506e+06 2.6408e+06 2.60444e+06
2.72535e+06 2.7132e+06 2.53936e+06
2.70891e+06 2.67564e+06 2.5629e+06
2.7901e+06 2.68591e+06 2.54623e+06
2.75592e+06 2.64089e+06 2.58154e+06
2.72758e+06 2.66219e+06 2.55648e+06
2.76706e+06 2.70546e+06 2.5406e+06
2.71152e+06 2.67159e+06 2.59116e+06
2.72842e+06 2.65161e+06 2.55979e+06
2.71435e+06 2.67036e+06 2.57062e+06
2.7337e+06 2.67944e+06 2.55024e+06
2.71736e+06 2.66645e+06 2.56111e+06
2.72205e+06 2.69568e+06 2.54679e+06
2.73305e+06 2.69327e+06 2.54968e+06
2.75308e+06 2.67348e+06 2.54755e+06
2.72611e+06 2.64864e+06 2.58802e+06
2.73431e+06 2.64657e+06 2.57213e+06
2.7358e+06 2.69554e+06 2.54856e+06
2.72629e+06 2.64974e+06 2.57554e+06
2.70914e+06 2.69529e+06 2.55014e+06
2.7773e+06 2.66741e+06 2.56179e+06
2.74814e+06 2.64814e+06 2.58424e+06
2.74635e+06 2.70584e+06 2.54746e+06
2.72965e+06 2.72809e+06 2.5505e+06
2.70899e+06 2.70425e+06 2.61122e+06
2.75586e+06 2.67598e+06 2.55535e+06
2.70914e+06 2.68176e+06 2.60806e+06
2.77268e+06 2.67482e+06 2.56185e+06
2.72956e+06 2.65256e+06 2.57806e+06
2.71798e+06 2.66868e+06 2.56645e+06
2.74183e+06 2.70827e+06 2.55414e+06
2.73241e+06 2.6637e+06 2.5748e+06
2.70956e+06 2.71634e+06 2.56379e+06
2.74796e+06 2.65406e+06 2.56779e+06
2.74657e+06 2.692e+06 2.55042e+06
2.71261e+06 2.68659e+06 2.56547e+06
2.73132e+06 2.72563e+06 2.56322e+06
2.73311e+06 2.66685e+06 2.56585e+06
2.74328e+06 2.68469e+06 2.55486e+06
2.77817e+06 2.65609e+06 2.57014e+06
2.75502e+06 2.65224e+06 2.63288e+06
2.74796e+06 2.74696e+06 2.548e+06
2.71331e+06 2.74799e+06 2.63284e+06
2.71785e+06 2.71741e+06 2.5784e+06
2.75325e+06 2.65751e+06 2.60508e+06
2.73722e+06 2.6703e+06 2.61285e+06
2.74296e+06 2.66391e+06 2.61847e+06
2.77023e+06 2.65458e+06 2.59062e+06
2.73061e+06 2.7037e+06 2.56863e+06
2.71981e+06 2.69448e+06 2.58469e+06
2.75562e+06 2.70782e+06 2.55169e+06
2.72436e+06 2.67133e+06 2.57739e+06
2.7417e+06 2.68016e+06 2.57393e+06
2.77372e+06 2.68836e+06 2.56722e+06
2.76189e+06 2.6919e+06 2.55946e+06
2.75924e+06 2.66361e+06 2.57405e+06
2.72023e+06 2.67463e+06 2.59058e+06
2.76536e+06 2.68876e+06 2.5571e+06
2.75601e+06 2.70413e+06 2.56263e+06
2.76406e+06 2.66641e+06 2.56897e+06
2.77479e+06 2.68853e+06 2.5566e+06
2.75698e+06 2.67083e+06 2.58853e+06
2.75689e+06 2.67903e+06 2.56791e+06
2.83138e+06 2.68526e+06 2.57086e+06
2.79894e+06 2.655e+06 2.61294e+06
2.79512e+06 2.72388e+06 2.55784e+06
2.72236e+06 2.70818e+06 2.65156e+06
2.7285e+06 2.68053e+06 2.63828e+06
2.73869e+06 2.72019e+06 2.62489e+06
2.82797e+06 2.66361e+06 2.59214e+06
2.81042e+06 2.66568e+06 2.58361e+06
2.78162e+06 2.65722e+06 2.60122e+06
2.74568e+06 2.71785e+06 2.56919e+06
2.76409e+06 2.69392e+06 2.5698e+06
2.78478e+06 2.69418e+06 2.55815e+06
2.7774e+06 2.66888e+06 2.57988e+06
2.77071e+06 2.70346e+06 2.55941e+06
2.75026e+06 2.68102e+06 2.57876e+06
2.77098e+06 2.67748e+06 2.58196e+06
2.76679e+06 2.71901e+06 2.56028e+06
2.78191e+06 2.66727e+06 2.59549e+06
2.74685e+06 2.68204e+06 2.58662e+06
2.76937e+06 2.67765e+06 2.57523e+06
2.7401e+06 2.683e+06 2.57976e+06
2.74772e+06 2.67783e+06 2.58189e+06
2.8188e+06 2.66438e+06 2.62751e+06
2.77718e+06 2.70357e+06 2.55993e+06
2.74832e+06 2.72658e+06 2.57561e+06
2.7439e+06 2.70757e+06 2.60134e+06
2.77973e+06 2.7035e+06 2.56937e+06
2.77599e+06 2.68189e+06 2.58779e+06
2.76423e+06 2.72543e+06 2.57474e+06
2.7442e+06 2.70945e+06 2.59641e+06
2.7595e+06 2.68767e+06 2.58848e+06
2.75811e+06 2.69718e+06 2.61458e+06
2.7591e+06 2.69486e+06 2.6022e+06
2.74964e+06 2.69739e+06 2.5992e+06
2.74689e+06 2.70724e+06 2.61154e+06
2.74762e+06 2.70819e+06 2.58295e+06
2.80765e+06 2.68771e+06 2.58803e+06
2.78329e+06 2.70463e+06 2.56003e+06
2.77397e+06 2.75804e+06 2.58582e+06
2.772e+06 2.70257e+06 2.61834e+06
2.74586e+06 2.71871e+06 2.60437e+06
2.77842e+06 2.72942e+06 2.56264e+06
2.76797e+06 2.75064e+06 2.59406e+06
2.79309e+06 2.69746e+06 2.59562e+06
2.75576e+06 2.72889e+06 2.59856e+06
2.80102e+06 2.68896e+06 2.59e+06
2.76379e+06 2.71951e+06 2.59671e+06
2.74752e+06 2.71382e+06 2.60405e+06
2.76614e+06 2.70934e+06 2.60226e+06
2.7809e+06 2.70576e+06 2.58784e+06
2.81059e+06 2.69263e+06 2.64343e+06
2.80689e+06 2.7186e+06 2.56555e+06
2.78778e+06 2.75011e+06 2.57894e+06
2.74851e+06 2.74758e+06 2.61109e+06
2.761e+06 2.71831e+06 2.6145e+06
2.78512e+06 2.73056e+06 2.59573e+06
2.80791e+06 2.69654e+06 2.5976e+06
2.79174e+06 2.72501e+06 2.5795e+06
2.75327e+06 2.72646e+06 2.6367e+06
2.8025e+06 2.72873e+06 2.56976e+06
2.7541e+06 2.73031e+06 2.60693e+06
2.83599e+06 2.73423e+06 2.60867e+06
2.81684e+06 2.74181e+06 2.58449e+06
2.81366e+06 2.71505e+06 2.64776e+06
2.77785e+06 2.81421e+06 2.62198e+06
2.76948e+06 2.73228e+06 2.64408e+06
2.80918e+06 2.76404e+06 2.6083e+06
2.78473e+06 2.73261e+06 2.61436e+06
2.81206e+06 2.72374e+06 2.62097e+06
2.82163e+06 2.73955e+06 2.63118e+06
2.79736e+06 2.75538e+06 2.63629e+06
