150 26.4646
101255 68208
77893 89117
92091 70183
78464 85965
77893 89117
95135 69607
78916 83379
78866 85861
84362 75594
90821 70889
86383 73497
94406 69914
79794 82204
78966 83300
80062 80405
79945 82041
99983 68829
98104 68888
96902 69402
101255 68208
100135 68713
85273 74463
80746 79659
80062 80405
88626 71904
87552 72227
81385 78952
80746 79659
82249 78324
87033 72908
81385 78952
89710 71480
86054 74167
94406 69914
83446 76832
90565 71405
85273 74463
90623 71187
88824 71606
82802 77600
81991 78463
87552 72227
87033 72908
89549 71510
98104 68888
82946 77004
82807 77539
97582 69362
96902 69402
84270 75919
84021 76331
86054 74167
85531 74324
82802 77600
81991 78463
77893 89117
88824 71606
88626 71904
83974 76418
87552 72227
87033 72908
78866 85861
78464 85965
97843 69321
83974 76418
84270 75919
85531 74324
83446 76832
83188 76971
82249 78324
94406 69914
79945 82041
79794 82204
97745 69338
90565 71405
100135 68713
99983 68829
83188 76971
82946 77004
89549 71510
97843 69321
96902 69402
97582 69362
85273 74463
81991 78463
84021 76331
83974 76418
78966 83300
78916 83379
97843 69321
82807 77539
97843 69321
82802 77600
99983 68829
99983 68829
98104 68888
98104 68888
97843 69321
97843 69321
97843 69321
97843 69321
97582 69362
97582 69362
96902 69402
96902 69402
96902 69402
96902 69402
94406 69914
94406 69914
90565 71405
87552 72227
87552 72227
87552 72227
87552 72227
87552 72227
87552 72227
87552 72227
87552 72227
87552 72227
87552 72227
87552 72227
87033 72908
87033 72908
87033 72908
86054 74167
85531 74324
84270 75919
84021 76331
83446 76832
83188 76971
82946 77004
82946 77004
82807 77539
82807 77539
82249 78324
82249 78324
81991 78463
81385 78952
80746 79659
79794 82204
78966 83300
99169 69193
79620 87197
80712 82893
82977 81404
83812 77862
83495 80408
95766 69639
87708 72253
79845 84602
89293 72026
79709 85759
90615 71726
86937 73973
84232 76463
85727 74852
92926 70420
91034 71186
94746 70034
86287 74532
85496 75566
85016 75654
84310 76204
86872 74416
94047 70364
91836 71179
92404 70548
91891 70996
94145 70347
92404 70548
95401 69866
85016 75654
95401 69866
86937 73973
84310 76204
91891 70996
95401 69866
94145 70347
94047 70364
95401 69866
95401 69866
95401 69866
95401 69866
95401 69866
95401 69866
95401 69866
95401 69866
95401 69866
95401 69866
95401 69866
95401 69866
95401 69866
95401 69866
95401 69866
94145 70347
94145 70347
94145 70347
94145 70347
92404 70548
91891 70996
91891 70996
85016 75654
99262 69311
82265 86876
83929 78129
82736 85295
89906 72159
85537 76019
93420 70443
87937 72696
96082 69811
96901 69695
92803 70896
82703 85956
87713 73638
91442 71193
86401 75588
91290 71309
87126 75547
87164 74959
85755 75595
87527 74284
93141 70586
87420 74473
91290 71309
96659 69756
96082 69811
96659 69756
91290 71309
91290 71309
96659 69756
96659 69756
91290 71309
91290 71309
91290 71309
91290 71309
91290 71309
91290 71309
91290 71309
91290 71309
91290 71309
91290 71309
91290 71309
91290 71309
91290 71309
91290 71309
91290 71309
91290 71309
91290 71309
91290 71309
91290 71309
91290 71309
91290 71309
91290 71309
91290 71309
91290 71309
107272 69380
84067 85485
96270 69915
84444 78456
93676 70529
91451 71279
86430 77643
86791 76109
90311 72866
87750 75140
88124 73296
84515 78396
87806 74060
89867 72938
93863 70952
84715 93745
84829 81002
85970 79330
90311 73038
88386 73362
92452 71885
86928 77546
90928 72946
87853 75327
92124 72444
87344 76659
88184 73659
87330 77487
97094 71178
84970 81918
88434 73424
87489 77618
92526 72578
94002 71242
86540 80176
87334 77870
86091 81182
92725 72131
87386 77639
100474 71198
85100 85065
85151 82045
94901 71329
87667 78707
88693 75158
91063 73517
88214 77633
92998 72410
92738 72663
89846 74740
89970 73680
87830 77699
96432 71375
85343 85157
91145 73703
93671 73028
87877 78402
90235 74387
87814 82095
85973 82537
87829 80170
88764 76963
88963 75295
95247 71839
86259 82265
94288 72926
95215 72652
88794 75808
104364 71850
86129 83524
96257 72336
87137 82450
88154 79284
92118 73854
88572 79187
88799 76366
91324 75211
93716 73156
94653 72937
90615 75584
87098 82917
89352 75819
89312 76241
89105 76306
89014 76346
98109 72461
86427 83650
94705 73077
88184 79880
89004 77144
92640 74137
90186 75847
91378 75710
92216 74557
88916 78695
88786 79650
98436 72471
86857 86627
88391 79929
87689 84406
95816 73223
93427 74376
95096 74147
89029 79490
89529 77996
87390 84548
92377 74583
91860 76904
92188 76063
89879 77244
90440 76909
95466 73378
91910 76115
90415 77049
100408 73461
86930 97026
87554 85339
97780 73750
93807 74413
92400 76179
88270 84526
89081 80294
91545 77044
93171 75104
88445 82315
89587 78259
90759 77295
90575 77864
89914 78206
88815 81113
93790 75020
88533 81424
88555 81267
98745 73916
89399 81669
93858 74851
89970 78282
89753 80332
93433 75143
93169 77595
91494 78071
92668 77893
89466 81331
93016 77664
100983 74168
89498 82182
96259 75071
100001 74264
90333 79493
93377 77943
94139 75950
95709 75846
92797 78027
91079 78426
90543 79392
90876 78506
94483 75943
102744 74370
89932 87903
97497 75192
89966 83633
94328 78378
91202 78859
92767 78572
97096 75245
90487 80670
95091 76114
94875 76289
90479 81521
90138 83191
100459 75428
91215 78892
94519 78463
94919 76357
99543 75980
96337 76178
98280 76232
91228 79608
95092 76417
92770 79478
105011 76482
91729 83265
93452 79675
96194 76572
96694 76526
92508 80613
93270 80069
100463 76662
92349 88021
96212 77976
92463 84421
94401 80083
92573 82210
98733 77019
97548 77139
93342 80766
93426 80096
102186 77081
92760 84072
98213 78254
94160 82443
96261 78695
95341 80336
94217 80383
104540 77643
93084 90360
96255 80628
104069 77749
93151 86364
94629 82817
95534 82189
101740 81050
93159 89913
95163 89511
95315 83159
95626 82595
97844 81080
97667 81102
101458 81217
95489 88638
98857 82221
95934 86613
96834 85330
101013 81786
98454 84560
98334 84865
99335 83092
96355 86808
98938 85558
96868 85726
99254 83995
100223 84936
98464 86226
98579 89482
102428 90824
100723 101116
100393 76976
70879 107636
74553 89407
96841 78266
72448 101069
73825 92748
77880 85407
88542 80671
77880 85407
99281 78232
80794 84484
91250 79888
73727 93621
73606 96024
77200 87893
73485 97854
72204 103183
93515 78446
91832 79054
76756 87968
75792 89190
87847 80842
72773 99484
73606 96024
73485 97854
95152 78384
71323 104833
71276 106584
93515 78446
95152 78384
72773 99484
100255 77735
84971 81437
75792 89190
80794 84484
81758 83262
81269 84048
86903 81150
84248 81838
91250 79888
91581 79150
71276 106584
71000 107328
72204 103183
72135 104139
99281 78232
73825 92748
73727 93621
81269 84048
100255 77735
88542 80671
77200 87893
74553 89407
82983 82669
82346 82763
82346 82763
71878 104278
86459 81225
85823 81307
72773 99484
71628 104757
91250 79888
83553 82009
83427 82594
82009 83166
85823 81307
85222 81341
83804 81913
86459 81225
84248 81838
83427 82594
82983 82669
76756 87968
86903 81150
77200 87893
82009 83166
80794 84484
71000 107328
72135 104139
71628 104757
71323 104833
91832 79054
91581 79150
83553 82009
81758 83262
83804 81913
70879 107636
85222 81341
71878 104278
74553 89407
71878 104278
70879 107636
95152 78384
85222 81341
86903 81150
99281 78232
100255 77735
99281 78232
99281 78232
99281 78232
99281 78232
99281 78232
99281 78232
99281 78232
99281 78232
99281 78232
99281 78232
99281 78232
99281 78232
95152 78384
95152 78384
95152 78384
93515 78446
91581 79150
91581 79150
91250 79888
91250 79888
88542 80671
88542 80671
88542 80671
88542 80671
88542 80671
85823 81307
85823 81307
85222 81341
85222 81341
85222 81341
85222 81341
83553 82009
83553 82009
83553 82009
83553 82009
82983 82669
82983 82669
82983 82669
82346 82763
82009 83166
81269 84048
80794 84484
80794 84484
80794 84484
80794 84484
77200 87893
77200 87893
77200 87893
77200 87893
76756 87968
76756 87968
73825 92748
73606 96024
73606 96024
73485 97854
72773 99484
72773 99484
72773 99484
71878 104278
71000 107328
71000 107328
101108 77355
71391 105252
74539 92837
74818 89685
78957 85450
72771 101569
83799 82163
74055 97663
77062 88652
78245 87447
85929 81647
74430 96434
91694 79813
94901 78480
82036 84616
72313 105147
89249 80977
98837 78307
92417 79412
82475 84293
88430 81583
94457 78555
72680 102268
100700 77930
99245 78282
74124 96996
88805 81052
101108 77355
72680 102268
82434 84404
98837 78307
72680 102268
72680 102268
101203 77915
73475 104480
74631 94974
74247 100553
74927 90278
79128 89520
88112 81665
96925 78574
95388 78768
84660 82724
92661 80268
90117 81218
79175 86897
81006 85492
91767 80488
83900 83057
83797 85163
83006 85211
79839 85965
79977 85737
100076 78659
73554 110651
74350 101630
74709 97086
76474 90809
79525 90758
96406 78931
80226 86009
92113 81656
82708 85723
79685 87874
85563 82735
88611 82330
83902 84794
89111 81736
84718 83057
92993 80623
94231 80445
95465 80083
95867 79392
100752 79194
74359 108746
76805 93377
89873 82047
80675 86036
95710 81264
79686 88432
85359 86020
86781 83450
78445 90996
98781 79983
76902 91129
96788 80534
86003 83843
85620 85381
96403 81207
103533 79358
77038 105070
77493 102442
77587 91646
94815 82574
80326 89050
90570 83106
77622 91365
85959 85463
100306 81163
97713 82020
103481 80965
80963 87285
88101 84678
99260 81934
83228 87033
89456 83679
84524 86302
88494 83684
83868 86633
84236 86321
83616 86703
83362 86855
106922 81888
77883 102134
78019 93857
98640 83114
91038 83190
95863 83117
78756 92080
82135 87508
89735 84382
80406 90522
81398 88999
88933 85302
84408 87404
78038 92784
86130 86643
87157 86014
87877 85662
80940 89392
85116 86802
84616 86831
80841 89949
80781 90298
93116 83305
78068 92985
86224 86930
90139 85454
82480 87627
79192 92357
81988 89817
80790 91550
81189 91081
88453 86734
88634 86352
89501 85535
82264 88657
82421 88606
93898 83475
78496 99370
79240 94040
90518 85629
80850 91844
82296 88786
85216 88068
86970 87960
83153 88423
88474 87088
89621 85787
79749 92403
88672 86648
79685 93507
97949 83620
79330 96657
82334 89080
85610 88512
80921 93024
88838 87072
93266 85671
90225 86608
79338 94572
97484 85273
80023 93637
95982 85621
96526 85431
98392 84097
79365 107719
79377 99431
98016 86448
91785 86897
82857 90158
85859 88826
79595 95262
89026 87748
81793 93471
85022 89523
89819 87092
80204 93721
81134 93495
101105 84718
79510 100419
80360 94651
95138 86990
83251 92724
79843 97739
90035 87105
98399 86249
83448 90363
100678 86196
86616 88929
89111 88917
89877 88704
85416 90147
85836 89977
107205 85784
79765 106154
81551 95039
100895 87118
80189 99326
98283 87233
91539 87284
87244 88970
83530 92460
80201 98712
84581 90655
89937 88842
90373 87592
83649 90913
91575 87322
81311 100534
82021 95520
83796 92356
81687 97980
87606 89435
90384 88472
83950 91370
86410 90777
85625 91158
89068 89319
89409 89042
85960 90800
94380 87800
81493 104143
91291 88616
82445 99880
88370 90498
82932 96302
84054 93615
84500 91393
94046 87844
87349 91316
82446 98126
84446 92477
87796 91266
101882 88425
83184 98348
84647 94705
88551 90946
85096 91893
97409 89136
97654 88465
93023 89621
86427 91769
91326 90234
92022 90042
92939 89647
101560 89295
83724 99909
89897 91190
94138 89852
84672 96538
97169 89632
87511 92225
85503 93182
85195 94249
84937 95456
84987 95273
85398 93270
97762 90795
84471 103849
84950 96766
95224 91034
90874 91642
87512 92887
89369 92521
86228 94016
85362 95079
99649 91175
84973 98291
87860 93508
85612 95115
95818 91390
85446 96390
90150 93020
91727 92047
93400 91722
98869 91559
84991 99795
86145 96969
93495 92312
86868 95987
98268 91887
88819 94232
92101 93122
91046 93414
89286 93576
89768 93549
104994 92267
85496 104408
89110 94756
96702 92582
95143 93535
85629 101745
87320 96079
86762 99914
86900 97129
86835 99003
97498 93389
86340 103611
90012 94791
88057 100837
88797 97288
86884 102121
89495 95855
99509 93786
86663 107395
88104 106606
89557 97684
93359 95009
92294 95647
90732 96256
90266 96355
89980 97544
94831 96653
90033 97911
94253 97643
100441 97192
90108 99590
96820 99375
90780 100591
91990 102004
90799 104330
96901 103034
92202 103772
100325 63405
74057 83203
94218 63877
100325 63405
74397 81054
75500 79225
92428 64789
89897 64889
87397 65736
80735 70557
80000 72157
83484 68404
89597 65713
74224 81735
77483 76452
77012 77437
82341 69201
81901 70166
86815 65826
86240 66628
93885 64707
84041 67949
85257 67879
84041 67949
79929 73440
79854 74225
85809 67137
76142 78915
82952 68831
89597 65713
81346 70187
74224 81735
76637 77513
76345 78089
78786 74874
78392 75373
76142 78915
80000 72157
76285 78189
79964 72904
85809 67137
85371 67519
81262 70501
79854 74225
79291 74472
94187 64522
77615 75982
77483 76452
79964 72904
79929 73440
79291 74472
78919 74737
86815 65826
86240 66628
78392 75373
78034 75578
94218 63877
80735 70557
85371 67519
78034 75578
77795 75841
81901 70166
82664 69071
85257 67879
94187 64522
93889 64627
86240 66628
77795 75841
77615 75982
82518 69176
76951 77484
76637 77513
89597 65713
89897 64889
76285 78189
82933 68892
82933 68892
82341 69201
85257 67879
76345 78089
78908 74823
78786 74874
81262 70501
82572 69104
82664 69071
82572 69104
89897 64889
78919 74737
78908 74823
77012 77437
76951 77484
93889 64627
93885 64707
93885 64707
82952 68831
82933 68892
79964 72904
94218 63877
100325 63405
94218 63877
94218 63877
94218 63877
94218 63877
94218 63877
94187 64522
93889 64627
93889 64627
89897 64889
89897 64889
89897 64889
89897 64889
89897 64889
89897 64889
89897 64889
89897 64889
89897 64889
89897 64889
89597 65713
89597 65713
89597 65713
86815 65826
86815 65826
85257 67879
85257 67879
82664 69071
82664 69071
82341 69201
82341 69201
81901 70166
81901 70166
81901 70166
80735 70557
80735 70557
80000 72157
79964 72904
79929 73440
79929 73440
79929 73440
79929 73440
79929 73440
79291 74472
78919 74737
77483 76452
77483 76452
77012 77437
76345 78089
76345 78089
76142 78915
74224 81735
100294 64050
74893 86583
94765 64695
80981 71699
77265 78183
100087 64450
75192 81793
75076 85600
80027 74681
77787 76805
93186 65134
79467 75268
75521 80539
89565 65759
84841 69530
87324 66830
82828 70026
82462 70835
87600 65886
85853 67279
88697 65781
85099 68304
75515 80651
93616 64789
82600 70202
85695 67663
85203 67951
89565 65759
82514 70752
85806 67569
93471 64873
85105 68075
85182 68018
75515 80651
93524 64822
93524 64822
93471 64873
93616 64789
93616 64789
93616 64789
93616 64789
93616 64789
93616 64789
93616 64789
93616 64789
93616 64789
93616 64789
93616 64789
93616 64789
93616 64789
93616 64789
93616 64789
93616 64789
93616 64789
93616 64789
93524 64822
93524 64822
93524 64822
93524 64822
93524 64822
93524 64822
93524 64822
93471 64873
100689 64103
75685 83892
77471 79276
76028 81766
98775 65094
85895 67572
78909 77631
81191 71880
94599 65252
81082 73526
85412 70048
88003 66386
90153 65770
93854 65617
80392 75600
82985 70572
79534 76131
83976 70268
89391 66206
98644 65360
77144 87160
80886 77869
94831 66232
89320 66593
81268 72789
86397 67742
95985 66139
81147 75505
86157 69491
88249 66787
82891 72288
85146 70291
80935 76795
85008 71789
84092 72164
84451 71979
88894 66638
99608 65565
79158 92379
80167 87726
81008 81729
81544 76849
94988 66586
82020 73022
93189 66846
89617 66991
85818 70638
87092 68645
84441 72627
88842 67441
87301 67898
85146 71183
84491 72237
106470 65566
81632 77636
98996 66613
86100 71164
87608 68433
92690 67096
82302 75442
88026 67932
92370 67489
82584 74331
84044 74133
84593 73273
84940 72643
85738 71896
85602 72272
102040 66899
81761 80724
94807 67099
86230 71705
83867 74367
82822 77331
87678 68602
83866 77236
89395 67982
92994 67918
85151 73037
85789 72669
93135 67486
88127 68222
88552 68085
100263 67181
82905 88474
83070 77557
92709 68173
97794 67865
89557 68450
83871 74892
88058 70319
86477 71922
88630 68477
85207 73829
84593 74505
88349 70251
86001 72990
85930 73353
86366 71935
100933 67648
83222 87541
92922 68454
83579 79028
100834 67930
85483 75439
91686 69130
88093 71769
86790 73042
88669 69171
89059 69169
84222 76231
87308 72591
84027 76796
83842 77591
83812 78310
86946 72676
93743 68549
83630 83148
84315 79861
90624 69382
86713 77145
84940 77426
89212 69598
89085 72226
86999 73701
87832 72651
87122 72833
97895 68573
84223 85750
85043 78918
94527 69219
86431 77897
91641 69428
87959 72694
96397 68604
89322 70600
87009 75056
87238 73551
89976 69633
87110 74727
89848 70058
89563 70474
97304 68865
85263 81181
87689 76470
85309 79845
88265 73144
89418 71373
94544 69298
91877 69602
94362 69545
90730 70610
87693 74692
89852 71348
87991 73886
91497 69924
90878 70178
87782 74415
94527 69338
99572 68998
85654 90411
85993 81745
96031 69557
85767 88064
87735 79221
92403 69662
98814 69080
87829 76753
88741 75494
89054 73545
91641 70463
89811 72841
90951 71665
91071 70593
90309 71984
89969 72184
90113 72157
102427 69663
86212 82189
97177 69752
88001 78898
89431 76579
91089 71621
91026 74472
88612 78598
92500 70145
95249 70133
91633 70642
89974 74817
95576 69848
90049 74716
97008 70638
86252 82251
89011 80387
93623 70644
91815 71071
91122 73226
89687 79055
89932 76667
91047 75163
90830 75568
90397 76643
94799 70646
86373 85889
89164 81268
91832 71179
87410 82442
90182 77883
90951 77297
91652 74173
87197 85346
91705 73247
97442 71133
87771 83875
92198 71378
89806 81599
91032 77658
95208 71207
90690 77909
96809 71178
93588 71803
88927 85087
91477 78896
90270 83166
92224 73921
89299 83914
92817 71829
92384 72465
92386 72135
97438 71833
90936 88924
92403 73687
92021 80344
90961 83740
104618 72290
91785 88708
96093 74293
92062 83608
104070 74273
92411 76330
92527 74465
94774 74893
92144 84777
92575 76524
92576 75421
94664 74945
101727 74965
92592 77428
93746 75622
101530 75489
92709 76722
114738 75131
92768 76728
96395 76028
94906 76383
100406 76052
93012 81574
97223 76799
93660 77939
94180 77060
101495 76328
93228 84424
97585 77288
93515 83345
93851 78119
95761 77966
94349 78036
100938 77316
93703 92498
95683 80120
95906 78168
105576 77858
95761 81607
97066 79511
97883 78441
103170 78271
101870 78444
97097 82585
99674 79940
102840 95762
