336 23.0349
137474 283439 212691 281683
269339 136169 261151 286064
249230 267967 136318 274585
306033 276023 256249 141071
300704 187126 186367 220753
299562 166067 250387 187180
237705 286816 252608 148549
148289 274810 197613 283858
245296 140270 247259 284185
245296 140270 247259 284185
295439 240149 248663 143070
233491 144234 253317 281346
296166 249671 215526 150304
143993 270968 257282 256750
141660 241334 241284 284632
247042 264509 137202 274524
293080 228256 220543 152690
148105 277825 197212 283808
300704 187126 186367 220753
141660 241334 241284 284632
232450 320314 150095 247408
293080 228256 220543 152690
228825 280562 259826 154298
138369 250754 244861 282417
249687 246126 141682 286876
298379 166954 251314 185619
241273 262495 139015 278121
300704 187126 186367 220753
293080 228256 220543 152690
137774 284974 211867 278515
305783 245397 212865 151501
241273 262495 139015 278121
300704 187126 186367 220753
235769 189367 227395 200356
235527 185678 225960 207174
245296 140270 247259 284185
294840 243311 249345 142512
228825 280562 259826 154298
236099 186622 227429 202613
242818 140650 250389 284435
296166 249671 215526 150304
148289 274810 197613 283858
234576 285611 252483 150572
139060 250342 240574 281744
242818 140650 250389 284435
253097 267452 137081 270730
231066 287813 257880 151743
140246 248597 234588 287208
253097 267452 137081 270730
148105 277825 197212 283808
249687 246126 141682 286876
243317 263170 138614 274809
235769 189367 227395 200356
137774 284974 211867 278515
300704 187126 186367 220753
249687 246126 141682 286876
297380 239255 215059 153027
292351 171277 246998 184147
234576 285611 252483 150572
138369 250754 244861 282417
294840 243311 249345 142512
236099 186622 227429 202613
148105 277825 197212 283808
245296 140270 247259 284185
300704 187126 186367 220753
239368 184560 228853 201704
236099 287929 252069 149927
137774 284974 211867 278515
245296 140270 247259 284185
238773 143611 246211 282271
293080 228256 220543 152690
234518 143317 252026 283793
304346 249348 210878 152966
137774 284974 211867 278515
234518 143317 252026 283793
253097 267452 137081 270730
296166 249671 215526 150304
141660 241334 241284 284632
234576 285611 252483 150572
139014 250586 237390 286669
249230 267967 136318 274585
293080 228256 220543 152690
234576 285611 252483 150572
137774 284974 211867 278515
248173 266733 136344 275522
292309 169747 246430 185711
149639 277165 198324 278791
249687 246126 141682 286876
289844 168235 247902 187348
141119 241567 247521 283992
299150 250240 217239 149085
148105 277825 197212 283808
236144 187480 227030 200893
288150 168577 252536 186661
148105 277825 197212 283808
243257 140545 247669 285415
296763 228348 224711 151630
142744 274004 258751 257669
234518 143317 252026 283793
245296 140270 247259 284185
294496 235866 218052 151641
239368 184560 228853 201704
295439 240149 248663 143070
137774 284974 211867 278515
264844 136862 257606 285680
293080 228256 220543 152690
234576 285611 252483 150572
141660 241334 241284 284632
300704 187126 186367 220753
233491 144234 253317 281346
292309 169747 246430 185711
247042 264509 137202 274524
298379 166954 251314 185619
139060 250342 240574 281744
243317 263170 138614 274809
239368 184560 228853 201704
243317 263170 138614 274809
298379 166954 251314 185619
143519 288466 207300 273305
138369 250754 244861 282417
294840 243311 249345 142512
228825 280562 259826 154298
148289 274810 197613 283858
233491 144234 253317 281346
238773 143611 246211 282271
266783 137421 253022 284588
294496 235866 218052 151641
148105 277825 197212 283808
299562 166067 250387 187180
236099 186622 227429 202613
293080 228256 220543 152690
234518 143317 252026 283793
293080 228256 220543 152690
142744 274004 258751 257669
234518 143317 252026 283793
249230 267967 136318 274585
295439 240149 248663 143070
137774 284974 211867 278515
293080 228256 220543 152690
141660 241334 241284 284632
248173 266733 136344 275522
233943 318776 150993 245592
228825 280562 259826 154298
138369 250754 244861 282417
249230 267967 136318 274585
293080 228256 220543 152690
149639 277165 198324 278791
239368 184560 228853 201704
236144 187480 227030 200893
139014 250586 237390 286669
296763 228348 224711 151630
238773 143611 246211 282271
249687 246126 141682 286876
298379 166954 251314 185619
148766 276944 197183 282040
266783 137421 253022 284588
236099 287929 252069 149927
137774 284974 211867 278515
137774 284974 211867 278515
234518 143317 252026 283793
253097 267452 137081 270730
241273 262495 139015 278121
293080 228256 220543 152690
236099 186622 227429 202613
245296 140270 247259 284185
233943 318776 150993 245592
231066 287813 257880 151743
141660 241334 241284 284632
253097 267452 137081 270730
137774 284974 211867 278515
243317 263170 138614 274809
300704 187126 186367 220753
293080 228256 220543 152690
137774 284974 211867 278515
249687 246126 141682 286876
300704 187126 186367 220753
247042 264509 137202 274524
234576 285611 252483 150572
237322 188808 233406 199144
137774 284974 211867 278515
294840 243311 249345 142512
236144 187480 227030 200893
143519 288466 207300 273305
238773 143611 246211 282271
300704 187126 186367 220753
245296 140270 247259 284185
234576 285611 252483 150572
137774 284974 211867 278515
238773 143611 246211 282271
266783 137421 253022 284588
293080 228256 220543 152690
141660 241334 241284 284632
305783 245397 212865 151501
137774 284974 211867 278515
234518 143317 252026 283793
247042 264509 137202 274524
293080 228256 220543 152690
137774 284974 211867 278515
300704 187126 186367 220753
234518 143317 252026 283793
253097 267452 137081 270730
296166 249671 215526 150304
229787 279990 259548 153699
138369 250754 244861 282417
243317 263170 138614 274809
299562 166067 250387 187180
241273 262495 139015 278121
249687 246126 141682 286876
295968 169799 245450 185469
141079 243923 240815 282794
294840 243311 249345 142512
236099 186622 227429 202613
278351 186209 196080 219831
236099 186622 227429 202613
148289 274810 197613 283858
243257 140545 247669 285415
299150 250240 217239 149085
229787 279990 259548 153699
236099 186622 227429 202613
245296 140270 247259 284185
237705 286816 252608 148549
141660 241334 241284 284632
236800 188911 228439 199692
140246 248597 234588 287208
269339 136169 261151 286064
304346 249348 210878 152966
237705 286816 252608 148549
141119 241567 247521 283992
233943 318776 150993 245592
137774 284974 211867 278515
300704 187126 186367 220753
241273 262495 139015 278121
293305 168701 247984 185845
137774 284974 211867 278515
249687 246126 141682 286876
300704 187126 186367 220753
243317 263170 138614 274809
236099 186622 227429 202613
137774 284974 211867 278515
137474 283439 212691 281683
294526 235896 221359 150342
235769 189367 227395 200356
249687 246126 141682 286876
269339 136169 261151 286064
241273 262495 139015 278121
288150 168577 252536 186661
295439 240149 248663 143070
148289 274810 197613 283858
245296 140270 247259 284185
238773 143611 246211 282271
295968 169799 245450 185469
242818 140650 250389 284435
293080 228256 220543 152690
235769 189367 227395 200356
141079 243923 240815 282794
249230 267967 136318 274585
293080 228256 220543 152690
137774 284974 211867 278515
233943 318776 150993 245592
139060 250342 240574 281744
248173 266733 136344 275522
293080 228256 220543 152690
231066 287813 257880 151743
137774 284974 211867 278515
249230 267967 136318 274585
288150 168577 252536 186661
227348 317423 150793 254818
236099 186622 227429 202613
239368 184560 228853 201704
141119 241567 247521 283992
295891 234300 218327 151833
241273 262495 139015 278121
299562 166067 250387 187180
239368 184560 228853 201704
241273 262495 139015 278121
269339 136169 261151 286064
236099 287929 252069 149927
143993 270968 257282 256750
148289 274810 197613 283858
266783 137421 253022 284588
299150 250240 217239 149085
236099 186622 227429 202613
293080 228256 220543 152690
137774 284974 211867 278515
233491 144234 253317 281346
300704 187126 186367 220753
235769 189367 227395 200356
141660 241334 241284 284632
253097 267452 137081 270730
148289 274810 197613 283858
247042 264509 137202 274524
243317 263170 138614 274809
288150 168577 252536 186661
137774 284974 211867 278515
241273 262495 139015 278121
238773 143611 246211 282271
249687 246126 141682 286876
298379 166954 251314 185619
149639 277165 198324 278791
137474 283439 212691 281683
294840 243311 249345 142512
236144 187480 227030 200893
143519 288466 207300 273305
238773 143611 246211 282271
292165 168664 245407 187741
300704 187126 186367 220753
295439 240149 248663 143070
148766 276944 197183 282040
289117 168356 248805 187145
245296 140270 247259 284185
293825 171661 249206 183198
234518 143317 252026 283793
293080 228256 220543 152690
137774 284974 211867 278515
234166 143195 255551 283209
248173 266733 136344 275522
237705 286816 252608 148549
140538 244156 247052 282154
236144 187480 227030 200893
141660 241334 241284 284632
248173 266733 136344 275522
234576 285611 252483 150572
238951 186378 228507 200402
137474 283439 212691 281683
249230 267967 136318 274585
293080 228256 220543 152690
235769 189367 227395 200356
249687 246126 141682 286876
292309 169747 246430 185711
140538 244156 247052 282154
295439 240149 248663 143070
236144 187480 227030 200893
249687 246126 141682 286876
299562 166067 250387 187180
148105 277825 197212 283808
245296 140270 247259 284185
295439 240149 248663 143070
229956 285269 259800 152774
233491 144234 253317 281346
234518 143317 252026 283793
296166 249671 215526 150304
141660 241334 241284 284632
292351 171277 246998 184147
141660 241334 241284 284632
245296 140270 247259 284185
233943 318776 150993 245592
234576 285611 252483 150572
141119 241567 247521 283992
243317 263170 138614 274809
137474 283439 212691 281683
300704 187126 186367 220753
249687 246126 141682 286876
296763 228348 224711 151630
143993 270968 257282 256750
247042 264509 137202 274524
300704 187126 186367 220753
247042 264509 137202 274524
235769 189367 227395 200356
143993 270968 257282 256750
137474 283439 212691 281683
294840 243311 249345 142512
234576 285611 252483 150572
235769 189367 227395 200356
245296 140270 247259 284185
249687 246126 141682 286876
245296 140270 247259 284185
237705 286816 252608 148549
137774 284974 211867 278515
245296 140270 247259 284185
300704 187126 186367 220753
237705 286816 252608 148549
141660 241334 241284 284632
296166 249671 215526 150304
139060 250342 240574 281744
234518 143317 252026 283793
249687 246126 141682 286876
304346 249348 210878 152966
148289 274810 197613 283858
295968 169799 245450 185469
233491 144234 253317 281346
300704 187126 186367 220753
247042 264509 137202 274524
229956 285269 259800 152774
137474 283439 212691 281683
247042 264509 137202 274524
298379 166954 251314 185619
248173 266733 136344 275522
292165 168664 245407 187741
238793 186713 227777 200547
137774 284974 211867 278515
296867 248596 217729 149406
148289 274810 197613 283858
300704 187126 186367 220753
236099 186622 227429 202613
148289 274810 197613 283858
243257 140545 247669 285415
294526 235896 221359 150342
139605 283575 211157 276731
141119 241567 247521 283992
243257 140545 247669 285415
304346 249348 210878 152966
235527 185678 225960 207174
234576 285611 252483 150572
137774 284974 211867 278515
243257 140545 247669 285415
253097 267452 137081 270730
237705 286816 252608 148549
140246 248597 234588 287208
233943 318776 150993 245592
137774 284974 211867 278515
300704 187126 186367 220753
243317 263170 138614 274809
236800 188911 228439 199692
137774 284974 211867 278515
300704 187126 186367 220753
249687 246126 141682 286876
300704 187126 186367 220753
288150 168577 252536 186661
235769 189367 227395 200356
137474 283439 212691 281683
236099 287929 252069 149927
235769 189367 227395 200356
148289 274810 197613 283858
245296 140270 247259 284185
249687 246126 141682 286876
299562 166067 250387 187180
236099 287929 252069 149927
148289 274810 197613 283858
238773 143611 246211 282271
233491 144234 253317 281346
293305 168701 247984 185845
234518 143317 252026 283793
305783 245397 212865 151501
235769 189367 227395 200356
233491 144234 253317 281346
249230 267967 136318 274585
292497 233450 221399 151406
139060 250342 240574 281744
235769 189367 227395 200356
141119 241567 247521 283992
249230 267967 136318 274585
293080 228256 220543 152690
234576 285611 252483 150572
137774 284974 211867 278515
247675 267991 136659 274574
236144 187480 227030 200893
148289 274810 197613 283858
249687 246126 141682 286876
