4365 229.291
172325 495673
372988 204785
319013 210132
175677 443419
334168 207130
261000 258012
319013 210132
174190 451261
363059 204899
261000 258012
319013 210132
175677 443419
319013 210132
175677 443419
319013 210132
174190 451261
363059 204899
261000 258012
319013 210132
175677 443419
334168 207130
261000 258012
319013 210132
174190 451261
334168 207130
261000 258012
319013 210132
174190 451261
319013 210132
175677 443419
261446 257610
172325 495673
363059 204899
261000 258012
319013 210132
175677 443419
334168 207130
261000 258012
319013 210132
174190 451261
334168 207130
261000 258012
319013 210132
175380 444843
319013 210132
175677 443419
261446 257610
174190 451261
363059 204899
261000 258012
319013 210132
175677 443419
319013 210132
261000 258012
319013 210132
174190 451261
334168 207130
261000 258012
319013 210132
174190 451261
319013 210132
175677 443419
261000 258012
172325 495673
372988 204785
261000 258012
319013 210132
175677 443419
334168 207130
261000 258012
319013 210132
174190 451261
363059 204899
261000 258012
319013 210132
175677 443419
319013 210132
175677 443419
319013 210132
174190 451261
363059 204899
261000 258012
319013 210132
175677 443419
327925 208303
261000 258012
319013 210132
174190 451261
334168 207130
261000 258012
319013 210132
174190 451261
319013 210132
175677 443419
261000 258012
172325 495673
363059 204899
261000 258012
319013 210132
175677 443419
334168 207130
261000 258012
319013 210132
174190 451261
334168 207130
261000 258012
319013 210132
175380 444843
319013 210132
175677 443419
261446 257610
172325 495673
363059 204899
261000 258012
319013 210132
175677 443419
319013 210132
261000 258012
319013 210132
174190 451261
334168 207130
261000 258012
319013 210132
174190 451261
319013 210132
175677 443419
261000 258012
172325 495673
372988 204785
261000 258012
319013 210132
175677 443419
334168 207130
261000 258012
319013 210132
174190 451261
363059 204899
261000 258012
319013 210132
175677 443419
319013 210132
175677 443419
319013 210132
174190 451261
363059 204899
261000 258012
319013 210132
175677 443419
327925 208303
261000 258012
319013 210132
174190 451261
334168 207130
261000 258012
319013 210132
174190 451261
319013 210132
175677 443419
261446 257610
172325 495673
363059 204899
261000 258012
319013 210132
175677 443419
334168 207130
261000 258012
319013 210132
174190 451261
334168 207130
261000 258012
319013 210132
175380 444843
319013 210132
175677 443419
261446 257610
174190 451261
363059 204899
261000 258012
319013 210132
175677 443419
319013 210132
261000 258012
319013 210132
174190 451261
334168 207130
261000 258012
319013 210132
174190 451261
319013 210132
175677 443419
261000 258012
172325 495673
363059 204899
261000 258012
319013 210132
175677 443419
334168 207130
261000 258012
319013 210132
174190 451261
334168 207130
261000 258012
319013 210132
175677 443419
319013 210132
175677 443419
319013 210132
174190 451261
363059 204899
261000 258012
319013 210132
175677 443419
327925 208303
261000 258012
319013 210132
174190 451261
334168 207130
261000 258012
319013 210132
174190 451261
319013 210132
175677 443419
261000 258012
172325 495673
363059 204899
261000 258012
319013 210132
175677 443419
334168 207130
261000 258012
319013 210132
174190 451261
334168 207130
261000 258012
319013 210132
175380 444843
319013 210132
175677 443419
261446 257610
172325 495673
363059 204899
261000 258012
319013 210132
175677 443419
319013 210132
261000 258012
319013 210132
174190 451261
334168 207130
261000 258012
319013 210132
174190 451261
319013 210132
175677 443419
261000 258012
172325 495673
372988 204785
261000 258012
319013 210132
175677 443419
334168 207130
261000 258012
319013 210132
174190 451261
363059 204899
261000 258012
319013 210132
175677 443419
319013 210132
175677 443419
319013 210132
174190 451261
363059 204899
261000 258012
319013 210132
175677 443419
327925 208303
261000 258012
319013 210132
174190 451261
334168 207130
261000 258012
319013 210132
174190 451261
319013 210132
175677 443419
261446 257610
172325 495673
363059 204899
261000 258012
319013 210132
175677 443419
334168 207130
261000 258012
319013 210132
174190 451261
334168 207130
261000 258012
319013 210132
175380 444843
319013 210132
175677 443419
261446 257610
174190 451261
363059 204899
261000 258012
319013 210132
175677 443419
319013 210132
261000 258012
319013 210132
174190 451261
334168 207130
261000 258012
319013 210132
174190 451261
319013 210132
175677 443419
261000 258012
172325 495673
372988 204785
261000 258012
319013 210132
175677 443419
334168 207130
261000 258012
319013 210132
174190 451261
334168 207130
261000 258012
319013 210132
175677 443419
319013 210132
175677 443419
319013 210132
174190 451261
363059 204899
261000 258012
319013 210132
175677 443419
327925 208303
261000 258012
319013 210132
174190 451261
334168 207130
261000 258012
319013 210132
174190 451261
319013 210132
175677 443419
261000 258012
172325 495673
363059 204899
261000 258012
319013 210132
175677 443419
334168 207130
261000 258012
319013 210132
174190 451261
334168 207130
261000 258012
319013 210132
175380 444843
319013 210132
175677 443419
261446 257610
172325 495673
363059 204899
261000 258012
319013 210132
175677 443419
319013 210132
261000 258012
319013 210132
174190 451261
334168 207130
261000 258012
319013 210132
174190 451261
319013 210132
175677 443419
261000 258012
172325 495673
372988 204785
261000 258012
319013 210132
175677 443419
334168 207130
261000 258012
319013 210132
174190 451261
363059 204899
261000 258012
319013 210132
175677 443419
319013 210132
175677 443419
319013 210132
174190 451261
363059 204899
261000 258012
319013 210132
175677 443419
327925 208303
261000 258012
319013 210132
174190 451261
334168 207130
261000 258012
319013 210132
174190 451261
319013 210132
175677 443419
261000 258012
172325 495673
363059 204899
261000 258012
319013 210132
175677 443419
334168 207130
261000 258012
319013 210132
174190 451261
334168 207130
261000 258012
319013 210132
175380 444843
319013 210132
175677 443419
261446 257610
174190 451261
363059 204899
261000 258012
319013 210132
175677 443419
319013 210132
261000 258012
319013 210132
174190 451261
334168 207130
261000 258012
319013 210132
174190 451261
319013 210132
175677 443419
261000 258012
172325 495673
