6029 118.037
32623 158702
158738 33497
66185 51543
38094 96978
128652 35181
52255 65934
64666 52085
35787 107295
142793 33847
57969 57132
64666 52085
37156 100290
114083 37757
38442 96025
60669 54746
33323 138241
142793 33847
57969 57132
64666 52085
37156 100290
114083 37757
52255 65934
60669 54746
35233 111449
131197 34901
57969 57132
64666 52085
35868 106847
114083 37757
38442 96025
58501 56599
32649 155961
158738 33497
57969 57132
64666 52085
38094 96978
127295 35394
52255 65934
64666 52085
35339 110462
142793 33847
57969 57132
64666 52085
36936 101262
114083 37757
38442 96025
60669 54746
33131 142133
142793 33847
57969 57132
64666 52085
37156 100290
114083 37757
51588 67282
60669 54746
35233 111449
128652 35181
52620 65330
64666 52085
35787 107295
66185 51543
38094 96978
58501 56599
32635 156412
158738 33497
57969 57132
66185 51543
38094 96978
128652 35181
52255 65934
64666 52085
35339 110462
142793 33847
57969 57132
64666 52085
36936 101262
114083 37757
38442 96025
60669 54746
33323 138241
142793 33847
57969 57132
64666 52085
37156 100290
114083 37757
52255 65934
60669 54746
35233 111449
128652 35181
57696 57541
64666 52085
35787 107295
66185 51543
38442 96025
58501 56599
32635 156412
142793 33847
57969 57132
64666 52085
37918 97576
127295 35394
52255 65934
64666 52085
35339 110462
132594 34764
57969 57132
64666 52085
36936 101262
114083 37757
38442 96025
58501 56599
33131 142133
142793 33847
57969 57132
64666 52085
37156 100290
114083 37757
51588 67282
60669 54746
35220 111617
128652 35181
52620 65330
64666 52085
35787 107295
66185 51543
38094 96978
58501 56599
32635 156412
158738 33497
57969 57132
66185 51543
38094 96978
128652 35181
52255 65934
64666 52085
35339 110462
142793 33847
57969 57132
64666 52085
36936 101262
114083 37757
38442 96025
60669 54746
33323 138241
142793 33847
57969 57132
64666 52085
37156 100290
114083 37757
52255 65934
60669 54746
35233 111449
131197 34901
57969 57132
64666 52085
35787 107295
114083 37757
38442 96025
58501 56599
32635 156412
155545 33549
57969 57132
64666 52085
38094 96978
127295 35394
52255 65934
64666 52085
35339 110462
142793 33847
57969 57132
64666 52085
36936 101262
114083 37757
38442 96025
60669 54746
33131 142133
142793 33847
57969 57132
64666 52085
37156 100290
114083 37757
51588 67282
60669 54746
35233 111449
128652 35181
52620 65330
64666 52085
35787 107295
66185 51543
38094 96978
58501 56599
32635 156412
158738 33497
57969 57132
66185 51543
38094 96978
127295 35394
52255 65934
64666 52085
35339 110462
142793 33847
57969 57132
64666 52085
36936 101262
114083 37757
38442 96025
60669 54746
33323 138241
142793 33847
57969 57132
64666 52085
37156 100290
114083 37757
52255 65934
60669 54746
35233 111449
128652 35181
52620 65330
64666 52085
35787 107295
66185 51543
38442 96025
58501 56599
32635 156412
142793 33847
57969 57132
64666 52085
37918 97576
119193 36814
52255 65934
60669 54746
35339 110462
131197 34901
57969 57132
64666 52085
36232 104936
114083 37757
38442 96025
58501 56599
33050 144224
142793 33847
57969 57132
64666 52085
37156 100290
114083 37757
51588 67282
60669 54746
33323 138241
128652 35181
52620 65330
64666 52085
35787 107295
66185 51543
38094 96978
58501 56599
32623 158702
158738 33497
57969 57132
66185 51543
38094 96978
128652 35181
52255 65934
64666 52085
35339 110462
142793 33847
57969 57132
64666 52085
37156 100290
114083 37757
38442 96025
60669 54746
33323 138241
142793 33847
57969 57132
64666 52085
37156 100290
114083 37757
52255 65934
60669 54746
35233 111449
131197 34901
57969 57132
64666 52085
35868 106847
114083 37757
38442 96025
58501 56599
32635 156412
155545 33549
57969 57132
64666 52085
38094 96978
127295 35394
52255 65934
64666 52085
35339 110462
142793 33847
57969 57132
64666 52085
36936 101262
114083 37757
38442 96025
60669 54746
33131 142133
142793 33847
57969 57132
64666 52085
37156 100290
114083 37757
51588 67282
60669 54746
35233 111449
128652 35181
52620 65330
64666 52085
35787 107295
66185 51543
38094 96978
58501 56599
32635 156412
158738 33497
57969 57132
66185 51543
38094 96978
128652 35181
52255 65934
64666 52085
35339 110462
142793 33847
57969 57132
64666 52085
36936 101262
114083 37757
38442 96025
60669 54746
33323 138241
142793 33847
57969 57132
64666 52085
37156 100290
114083 37757
52255 65934
60669 54746
35233 111449
128652 35181
57696 57541
64666 52085
35787 107295
66185 51543
38442 96025
58501 56599
32635 156412
142793 33847
57969 57132
64666 52085
37918 97576
119193 36814
52255 65934
60669 54746
35339 110462
132594 34764
57969 57132
64666 52085
36936 101262
114083 37757
38442 96025
58501 56599
33050 144224
142793 33847
57969 57132
64666 52085
37156 100290
114083 37757
51588 67282
60669 54746
35220 111617
128652 35181
52620 65330
64666 52085
35787 107295
66185 51543
38094 96978
58501 56599
32635 156412
158738 33497
57969 57132
66185 51543
38094 96978
128652 35181
52255 65934
64666 52085
35339 110462
142793 33847
57969 57132
64666 52085
36936 101262
114083 37757
38442 96025
60669 54746
33323 138241
142793 33847
57969 57132
64666 52085
37156 100290
114083 37757
52255 65934
60669 54746
35233 111449
128652 35181
57969 57132
64666 52085
35787 107295
66185 51543
38442 96025
58501 56599
32635 156412
155545 33549
57969 57132
64666 52085
38094 96978
127295 35394
52255 65934
64666 52085
35339 110462
132594 34764
57969 57132
64666 52085
36936 101262
114083 37757
38442 96025
60669 54746
33131 142133
142793 33847
57969 57132
64666 52085
37156 100290
114083 37757
51588 67282
60669 54746
35233 111449
128652 35181
52620 65330
64666 52085
35787 107295
66185 51543
38094 96978
58501 56599
32635 156412
