1 0.0139875
165289 146204
165289 146204
147382 184339
153512 154530
150953 166497
163679 148835
163679 148835
164011 146819
168621 148374
153941 180599
153941 180599
155144 156237
154366 165935
163696 155313
164184 151609
164184 151609
163696 155313
180006 151492
154465 169810
170521 152423
156924 161309
163996 156493
170345 155595
157325 159658
159439 157522
167528 155739
167528 155739
160475 157489
156924 161309
157108 160734
160475 157489
174704 156121
174704 156121
155272 175098
155272 175098
156191 172041
158540 162039
160034 158532
166903 157400
167839 156708
159215 160040
167839 156708
169403 156995
156319 176465
156319 176465
158646 167078
156817 175421
158831 164752
167789 159161
164071 159552
163905 160352
169403 156995
167789 159161
161605 164441
162171 163580
162171 163580
158646 167078
156817 175421
161659 164076
164071 159552
163905 160352
161605 164441
174779 157047
159184 171858
159184 171858
159661 165035
168195 159299
165684 162196
167163 162102
163444 164042
173551 157434
170861 158963
163111 164123
159973 164828
170406 159286
173551 157434
170861 158963
159973 164828
163111 164123
175096 157058
159578 177201
159578 177201
159715 168080
174898 157636
168976 159310
163175 164929
168431 160839
166524 162535
166524 162535
164492 164048
160844 165050
160393 167666
160844 165050
164492 164048
168976 159310
168431 160839
160136 167892
175096 157058
174898 157636
160393 167666
183777 157533
159947 173109
172736 160818
169904 161642
179209 159002
167592 164549
183777 157533
179209 159002
162566 167836
161151 169205
159998 172227
171710 161170
161050 170367
162701 165983
163108 165056
165458 164723
165458 164723
161050 170367
163108 165056
162701 165983
186131 161168
160650 172919
165896 164768
162986 168054
176109 163324
177490 163194
160805 172725
163257 166647
163277 165329
164123 165146
160805 172725
178279 163686
160740 173287
160740 173287
166086 168269
167803 166348
173660 165009
173528 166043
181321 164276
162187 174549
176125 165945
166515 172470
167174 170121
171950 167007
170346 168595
185082 165215
164348 175315
173173 167286
183947 167030
167870 171426
170466 171225
184301 167877
164791 180512
174766 171478
165720 175879
170194 174213
180594 168719
179246 169715
175418 170202
167959 175225
169305 174314
186996 170134
166308 177782
174994 173922
172062 177509
173059 174717
190743 172428
171071 186245
179379 173930
174381 175401
172302 180937
172113 182870
177890 175632
174704 175647
179930 176067
176610 182572
177060 179981
183503 176559
178348 183265
179893 184472
164507 143897
164507 143897
148990 153501
148990 153501
158664 149019
158664 149019
175990 147827
151657 172947
151657 172947
164152 149448
153210 166601
159206 155777
159206 155777
156658 159385
154904 161787
154345 165143
155713 160383
154345 165143
176241 150132
152217 180754
171096 155339
153953 178484
162057 156730
154457 166698
173166 150564
159251 159167
155588 163851
156468 161101
162057 156730
154457 166698
156468 161101
190692 152357
190692 152357
154843 173043
155381 169352
162318 157807
156979 162113
171313 156892
173310 155037
161088 161221
177169 152879
184454 152654
184454 152654
177169 152879
156979 162113
184298 153818
156299 178050
175285 156312
163577 157913
157388 165288
181978 154310
157023 171269
157023 171269
157090 165505
177492 155324
162217 161606
162609 159869
162217 161606
177492 155324
162378 161129
178372 158114
157481 173232
157484 166098
178372 158114
170880 158293
160295 165636
169583 158886
166787 160624
163434 162381
162620 165395
165230 161432
163434 162381
166787 160624
165230 161432
162620 165395
170880 158293
169583 158886
186421 158457
157876 167597
172556 158872
163507 164861
158697 166605
167192 161804
168347 161167
165129 163424
165129 163424
172556 158872
168347 161167
158040 167488
167485 161509
186501 158832
186501 158832
158144 169467
158144 169467
167569 165672
167653 161803
176415 158927
160555 167440
163596 166964
172866 159924
172456 161635
176415 158927
169667 161675
169667 161675
186086 159043
158220 182934
177339 161445
158283 175073
170047 162096
167282 167023
172924 161727
160502 173652
164877 167586
161759 169693
160722 172008
163040 169533
163056 167944
160722 172008
163056 167944
165829 167039
165829 167039
161759 169693
171632 162165
159098 175124
166821 168046
170078 166030
161921 173085
163461 169471
164117 169026
170160 164368
170200 162397
161921 173085
174297 164476
160892 179466
160892 179466
171902 166254
167441 169777
163689 171482
161348 175561
165415 170710
161348 175561
173790 164894
185691 164838
162500 175886
176056 167548
167742 169956
179177 166756
163712 173175
167075 170999
181829 167664
165563 179736
167083 171454
176074 168176
166021 174817
181386 168042
177238 168457
166329 177763
167376 171629
176511 170312
176530 169813
189670 169213
167426 179059
177568 170475
167739 174229
181453 169542
172354 173461
170923 173534
189301 170639
169016 174439
178963 170924
174417 174239
182617 171392
169210 175444
180896 171990
174870 175484
171895 177391
175434 176244
172729 182173
178216 177214
175606 192212
181604 140665
147144 178199
147144 178199
163370 140755
161721 150684
150039 173050
152543 164159
158760 155799
158188 161160
152543 164159
158188 161160
174635 148702
153511 167859
160366 162951
171619 153850
162750 155956
172552 148890
165935 154848
159413 164614
157468 164780
167713 154473
156392 165997
162750 155956
156392 165997
167713 154473
176500 151718
176500 151718
156711 172655
156711 172655
174536 156030
156969 166933
167089 156048
162474 164497
165924 161120
164445 162125
163236 162533
165856 161381
165924 161120
163412 162405
165856 161381
163412 162405
182881 153529
156757 175794
157715 168428
169564 157494
182881 153529
177007 154504
174401 156189
159050 167792
163277 164671
161615 167383
177007 154504
163694 163137
172877 156762
168211 159307
167001 161335
168211 159307
167001 161335
165091 162575
161615 167383
163277 164671
172877 156762
165091 162575
179430 154780
157514 177620
157514 177620
158712 169585
169627 158365
163829 164597
173354 157396
173354 157396
165514 163657
161331 168244
159657 168326
167453 161529
167453 161529
167108 162560
161331 168244
167108 162560
181293 154892
158675 183489
166435 163778
159810 170141
158781 178630
161612 169559
175020 157858
170265 158864
175717 157437
158908 175227
179995 157394
169691 159930
163886 167293
163903 165532
169691 159930
181293 154892
179995 157394
158908 175227
170265 158864
163903 165532
163886 167293
175020 157858
176888 157569
160005 174518
164509 165777
163733 169733
170170 163209
171852 160993
175232 159024
173080 159215
160764 170609
170170 163209
160076 172990
160616 170946
181224 158837
181224 158837
160070 175133
175692 159807
164665 166669
174104 164425
163477 171425
172758 165208
161921 171464
169156 166293
169515 166251
180095 158965
160270 173219
160270 173219
180095 158965
182625 160200
162378 172775
173137 166878
176317 160319
164005 172126
166097 169239
167100 167495
166651 168761
166876 167935
179793 161238
164360 173410
178496 163359
170241 167980
166318 170405
168643 169483
165035 172488
182442 164167
164664 173478
179823 165651
174046 169284
166715 171886
171863 170358
168364 170693
183814 164511
166430 175767
181182 168643
169676 171026
176440 169486
172328 170885
184328 168371
167345 185140
168654 178042
170202 171433
176239 171268
181576 169066
183279 171138
168947 186829
170514 174341
177764 171938
171529 172540
181055 171339
179509 172496
170515 182566
176115 174534
172074 176438
171635 179284
171818 177675
171923 176729
173654 176692
179788 177230
179025 178632
179565 187318
178457 134229
147055 174095
147055 174095
162859 144720
154248 158227
157308 153424
159678 148384
159678 148384
167468 145940
167468 145940
149314 179334
149314 179334
151713 174271
154780 163638
156766 158812
160431 154968
163876 153783
163876 153783
162362 154821
162362 154821
185252 149486
150429 181033
150429 181033
154242 178249
155131 164557
180895 150238
175093 152364
170707 153012
168033 156682
169750 156099
161908 157147
161830 160268
159041 160357
152412 180215
161908 157147
157219 164004
157613 161778
152412 180215
157613 161778
157549 163672
159041 160357
157549 163672
175255 152497
155588 172194
170905 155574
156418 168498
175255 152497
167753 157628
158107 164951
160718 162667
166000 157999
163538 161013
160184 163640
158107 164951
165350 159263
163111 162043
165317 160602
160184 163640
163111 162043
165317 160602
184140 153498
155766 176209
155766 176209
175992 154526
158122 165285
157530 171013
166391 159471
171203 157875
172205 155650
157886 170823
162785 163294
171450 157124
163764 161745
162785 163294
165454 161042
163764 161745
166124 160255
165454 161042
166124 160255
157886 170823
179122 156104
156150 176949
158783 166727
179122 156104
174245 157425
170490 159471
162880 163761
162145 166290
164762 162126
167990 161866
172518 159289
173969 157761
163777 162163
170039 161732
170245 161554
167990 161866
172781 158760
162775 165422
162573 165474
162145 166290
164762 162126
163777 162163
172781 158760
174245 157425
170245 161554
162775 165422
162573 165474
187893 156971
157396 177216
159352 166834
178962 158672
171629 163634
175470 160595
162482 166685
177317 160330
168704 164080
165785 165084
163672 165118
168253 164945
163672 165118
185891 158927
157771 177473
169222 166027
159695 168174
184934 162074
161001 167284
176873 162420
174545 165230
185211 159201
175483 163830
159695 168174
174732 164241
179427 163813
160336 176582
171592 166340
161981 168235
161821 170570
161404 173561
161404 173561
161981 168235
183121 163946
161457 173613
172117 167533
163613 169005
162771 169888
183501 166689
162327 176884
164107 171869
165679 169408
175807 168450
163443 176207
175238 169312
165194 170455
175327 168631
169360 169424
163505 177614
169105 173360
165562 174232
165296 174451
183575 170456
164090 182024
169730 170522
167226 175944
166162 176353
179029 170563
168450 180684
170602 171741
169745 176649
169943 175400
175746 173126
169172 181904
171853 175019
173499 174399
175134 173375
174317 174817
172565 185127
173357 180517
173161 184822
175186 178313
176243 180674
