151 19.7662
803454 684915 694347 706536
743455 692151 705464 678234
739526 727766 654792 740162
729566 743514 778257 705615
727682 638244 710733 739698
726997 696183 701605 795709
695443 732577 732205 755449
789908 648766 719624 733319
716909 728354 757171 707645
729566 743514 778257 705615
709482 694482 704235 769542
703508 703330 747118 740461
803454 684915 694347 706536
714779 730707 683786 780350
727682 638244 710733 739698
746564 655701 726111 723901
770795 660673 700191 754198
785619 663833 694382 724350
736543 707568 724449 693674
757166 686449 730039 698580
714779 730707 683786 780350
747321 713739 657906 723063
702789 717189 709694 743634
704129 696247 742859 732245
755107 664027 733037 716544
779279 660744 690940 731633
776829 655976 704699 721829
723013 673629 704068 756763
721421 684403 702561 761613
736042 728145 720564 692437
726997 696183 701605 795709
745216 702218 678723 788440
749249 672859 726778 708100
782771 688993 695133 704038
739534 702162 707056 683110
746973 687577 695936 713900
766723 699168 681777 726765
766879 676048 713560 704215
744619 715275 672912 747782
705556 717844 674137 785445
745902 694104 698790 686270
740845 675410 722009 721608
740723 676602 716522 722672
773634 708140 666234 734789
773634 708140 666234 734789
744187 682676 711449 699366
736702 689219 707123 684679
704129 696247 742859 732245
695443 732577 732205 755449
758277 738141 682930 708481
756717 727714 690904 688603
705115 722903 706288 744525
768772 693068 676048 705880
753723 703810 671633 733604
735563 692844 688861 765582
751192 679811 715323 721063
735563 692844 688861 765582
752015 704555 662603 742461
758579 702184 692604 709672
727100 726202 676234 760204
761786 676462 701027 711124
719981 691118 712563 726869
762391 675221 682503 720628
727781 736770 694682 710290
769970 665746 684971 738760
697640 709212 701181 750231
743455 692151 705464 678234
734119 740428 670366 756251
781925 710955 664001 737465
729077 669066 693912 741426
712299 710896 689231 732399
783668 680113 706417 701279
754285 670955 698484 715525
729744 721638 683179 714878
705556 717844 674137 785445
720433 706487 685431 730378
745216 702218 678723 788440
732002 727254 672953 718395
734119 740428 670366 756251
733036 685077 710771 700242
755107 664027 733037 716544
733638 690645 702409 698981
747920 679116 689395 750583
723121 698011 685374 748908
726431 685526 704066 742210
739333 724211 670411 727167
717070 702441 690321 745658
697640 709212 701181 750231
739959 666477 693742 740472
762391 675221 682503 720628
750566 680365 677107 736301
729227 705121 684760 708866
737323 687628 687455 716284
754724 667579 685428 715435
752015 704555 662603 742461
710923 686035 708968 743148
747666 679113 730444 706807
727755 681046 690409 741328
710961 678109 709150 751533
728091 684280 699646 711215
743379 698641 691173 712303
730281 684409 698703 715254
723833 684331 720041 727478
707115 701801 708547 755772
743840 697144 684510 712397
720433 706487 685431 730378
713658 716329 684863 729182
739141 686510 691776 715933
726502 713270 702658 706486
746625 691624 679564 744906
750660 711347 668561 709863
727100 726202 676234 760204
751795 699479 671940 739100
709304 711420 685202 749574
776829 655976 704699 721829
754285 670955 698484 715525
716902 680758 720482 751455
737431 672934 710137 725418
709304 711420 685202 749574
734061 694816 679843 734521
751895 677846 699334 733291
731772 655970 704265 726478
711258 665125 723258 711176
705556 717844 674137 785445
706167 693368 712356 708472
756717 727714 690904 688603
739975 711209 677561 719154
733334 723995 673061 753004
727781 736770 694682 710290
738230 695386 683298 724821
711258 665125 723258 711176
734077 702371 674759 732996
720022 700428 708066 737188
749061 683923 703096 728999
739005 692515 680406 750228
707115 701801 708547 755772
783668 680113 706417 701279
727119 685903 692413 739062
706032 714349 700905 722580
717070 702441 690321 745658
723814 678100 705510 731601
729744 721638 683179 714878
739975 711209 677561 719154
750103 702266 677029 728534
750660 711347 668561 709863
738230 695386 683298 724821
743379 698641 691173 712303
706760 714418 700207 722258
720022 700428 708066 737188
726585 708022 706493 709683
739805 713350 679973 717499
697640 709212 701181 750231
706339 703603 691318 737481
729005 713286 682061 745241
750103 702266 677029 728534
749061 683923 703096 728999
737323 687628 687455 716284
733334 723995 673061 753004
723833 684331 720041 727478
705838 724183 731163 739209
705838 724183 731163 739209
713658 716329 684863 729182
743818 699339 683216 732587
733334 723995 673061 753004
713658 716329 684863 729182
781925 710955 664001 737465
739805 713350 679973 717499
737431 672934 710137 725418
743840 697144 684510 712397
726431 685526 704066 742210
716902 680758 720482 751455
717070 702441 690321 745658
706339 703603 691318 737481
731772 655970 704265 726478
781925 710955 664001 737465
749061 683923 703096 728999
720022 700428 708066 737188
706760 714418 700207 722258
723814 678100 705510 731601
739005 692515 680406 750228
739005 692515 680406 750228
729005 713286 682061 745241
745216 702218 678723 788440
729744 721638 683179 714878
706760 714418 700207 722258
707115 701801 708547 755772
737323 687628 687455 716284
716902 680758 720482 751455
720022 700428 708066 737188
750660 711347 668561 709863
745216 702218 678723 788440
743840 697144 684510 712397
737431 672934 710137 725418
723833 684331 720041 727478
793531 702791 695287 716336
768069 775085 658734 748369
750331 700985 708312 694333
747715 723153 662963 784915
744411 657075 725210 735358
742221 706314 744681 707021
717841 707294 714845 750478
752277 749122 666419 739102
730586 716437 694383 767212
779093 692880 686805 782756
778345 716387 677516 721179
721448 701256 741370 746233
728283 673914 731488 719136
750499 730843 681422 758065
783749 705149 679674 721850
774771 658891 705380 731051
757326 725191 661226 756921
769335 717855 687371 714534
790139 695698 692623 717290
739827 727922 726996 701954
790633 665048 691697 734902
732649 742751 681348 752214
732649 742751 681348 752214
722169 678120 728332 746815
724937 688130 707353 762798
729952 719896 702754 723806
741544 672298 706211 737848
724348 677361 710908 762413
732385 669646 712006 743678
762549 724151 684864 727691
755041 706733 689943 712792
774413 712961 686038 728117
751668 676575 742439 709441
736289 707611 688078 759265
778624 686183 717157 700092
727247 708920 713923 733671
728789 720225 714985 727422
765502 708017 679429 742052
751508 663588 715517 731445
748442 698752 706934 717368
732265 689510 690743 756336
778581 678903 721100 704442
742329 747999 665796 740810
735274 690342 719414 710830
746540 708834 699840 728007
738319 703004 686550 730074
731651 701824 730243 721112
765968 690901 703856 700361
743316 723767 707907 702580
741043 681029 710507 728549
747193 722506 684994 719864
755024 680814 717827 715553
742329 747999 665796 740810
754124 686428 692834 749228
758499 682326 697512 731960
780965 714576 692915 709502
758509 699886 695559 732203
736881 712418 693477 713827
741990 693136 696681 742598
750808 706935 685180 750695
733746 682817 698521 745532
752721 683730 701303 733436
733616 697684 699592 730184
737135 714944 692023 729617
782626 681396 699236 741530
761285 702787 686683 729450
780287 690186 702108 727491
739756 657693 707348 742702
760488 691927 703639 711110
758613 689555 687129 756607
747415 679167 715372 734211
733444 714139 702357 741116
760488 691927 703639 711110
744092 695623 699121 729622
742091 694376 687721 733758
752721 683730 701303 733436
732705 713026 702814 731481
735730 711581 712563 704454
731487 689877 707281 728665
762248 686288 691771 743240
735730 711581 712563 704454
734566 692417 702784 741793
754171 687410 714530 704969
782125 684943 717962 702423
735474 712700 714445 707888
782125 684943 717962 702423
778581 678903 721100 704442
734032 682611 693853 744846
744370 688960 730916 707206
765968 690901 703856 700361
744370 688960 730916 707206
778624 686183 717157 700092
754171 687410 714530 704969
734032 682611 693853 744846
735474 712700 714445 707888
782125 684943 717962 702423
754171 687410 714530 704969
734032 682611 693853 744846
735474 712700 714445 707888
803378 697805 708627 719166
782208 726671 687020 745585
761326 707690 722756 695818
752302 753411 708271 717712
739923 664896 717306 753867
736851 729406 707730 774117
729118 720268 755448 725733
732699 732243 726730 737524
731686 714172 738643 719245
781294 707400 718888 704421
786782 705692 713761 707811
752889 689404 750421 716411
801268 703750 696607 725658
774763 694714 693687 744661
734476 678557 722178 753560
741350 686412 697739 762817
768034 692200 709794 723801
740579 674664 708723 748366
745479 722437 709156 714081
767803 709406 690712 747973
733877 698676 728889 738674
767402 705666 703681 727370
761086 682844 700615 735485
739391 695213 703820 765933
733326 701103 728327 750974
735564 716009 712103 769364
753771 713647 707215 718264
748433 728612 692840 741863
738916 708290 752022 721500
762371 729353 695010 726559
736593 724229 720085 711297
744393 674736 710904 740722
764717 719017 688757 767611
760297 685485 736316 727201
744959 701646 689041 754699
757155 690502 696538 748611
745194 706103 702446 732778
747375 717797 725564 715979
764154 690056 724673 707558
764431 725547 705862 719500
751128 702924 716476 722642
782763 716417 706605 714690
737816 724381 706242 759606
733106 689767 735312 721950
732492 691147 732635 722943
738798 715260 697771 742867
740313 698613 732571 734361
785204 691609 700133 734606
785515 703486 721281 705077
752061 690395 703797 759059
766020 706402 712123 725276
737843 685591 750638 740321
757827 690253 723024 732784
759826 700025 707013 736798
751196 716101 711216 705581
765442 696948 689961 753592
735767 701411 713321 746362
758446 693413 701702 736887
755477 689960 712103 737919
765851 694488 699000 737968
741537 718919 696581 721103
760659 702031 697153 734125
743360 706739 725404 718835
751778 692252 714831 734778
760867 729914 709827 707787
742286 696144 706880 738178
758451 705805 702665 735269
759935 689502 717707 715658
740737 729884 692038 734183
752094 701569 725470 710130
738509 693946 713513 736054
736259 704724 707886 737575
735133 702950 715304 734512
738663 727624 706822 745889
743047 695106 692852 736970
745002 701142 726914 734305
767578 694850 708962 710845
760565 694688 715015 719134
798244 722687 749585 714051
767473 710257 690526 759714
765418 677966 739013 766075
755843 730300 739402 709745
746560 744683 699535 739865
740597 731610 793705 722791
736862 712855 710639 770931
735921 692238 738553 738859
776429 727417 777053 713542
747118 692697 756310 732137
756991 705895 728465 723499
744398 685344 716034 751844
768579 689435 703806 753358
741646 714165 707503 763169
771044 729557 701123 729315
772598 708863 742746 718089
744192 725397 750790 717702
753362 715632 741141 715508
781812 707638 709606 722405
762010 694644 696544 757867
788447 719665 719423 714265
774666 705358 714608 744804
786993 705777 708255 741061
793600 700720 714764 721043
750615 720494 715763 722274
779615 722277 698873 721943
746548 704733 705558 766550
767144 727754 693656 741348
745079 692359 737090 739826
745551 725334 702324 730422
766359 704520 691951 753904
738498 715216 722852 735482
757349 696328 699659 749068
789223 706333 706246 737357
774513 696180 724150 751624
760155 700406 724002 734063
738209 721993 717985 747716
758854 711636 739662 720714
753172 706080 693505 756353
759004 701771 691325 758781
792130 692506 739551 730139
758810 701040 725544 733104
745753 692125 715860 752383
764320 698236 716184 721825
745188 697809 712349 756273
740195 708664 724679 735824
770157 698506 694480 759293
762869 711234 710287 734844
758538 720467 717959 736792
740414 699226 718004 737679
741586 703079 737747 737519
772547 722261 695312 740279
755136 705099 719591 737152
775346 695136 712169 736935
757196 703958 711735 748875
738284 707853 712529 739590
754812 721968 709038 735091
770864 705264 715578 729781
754458 706150 724572 735017
767422 706314 710830 733987
745162 711021 694360 741280
792610 703567 726301 725955
782617 692576 725929 760139
779773 727238 695497 766880
776125 704039 731152 723793
769904 751043 717898 729702
765811 694759 714543 770109
747387 727379 766666 731156
736622 723571 746726 747639
752423 729942 760060 727810
786241 728211 699507 742853
756323 717881 749678 732434
739228 745105 748944 736604
748399 708178 712415 767682
747040 737399 714529 739219
750008 745759 709299 757751
761272 713226 716109 742716
743055 714513 742066 737291
752694 712775 705427 751669
773656 735672 701040 745387
771685 745796 706498 748037
739595 707251 763208 754779
751740 726620 732078 755345
767813 706889 716810 740023
777689 716418 700300 746705
758753 700544 704954 762234
741500 731453 729833 761350
754474 695513 717173 753499
755361 698261 738814 747760
743271 703866 720333 763730
747731 704204 735936 744684
743614 723704 740508 762510
774247 725676 706464 749679
779937 717948 716521 734445
770885 698903 718126 734193
746203 722187 706549 761581
740665 721608 740946 744228
752409 702530 727921 761631
752668 700090 721167 753522
758814 735481 724538 746536
759400 733554 714378 744219
767993 735088 710246 747761
769667 726920 714061 735061
767842 721681 734462 724240
759803 727023 729971 749710
776566 741197 720480 735434
772383 711108 748608 737006
770213 748213 736658 736822
761742 733445 705536 765358
755834 701893 725046 779918
749979 723029 715168 785197
749931 740369 719052 742377
762672 714052 729316 760931
751426 708679 713288 778209
771061 708178 730222 753859
754090 710349 741469 746060
762512 721589 715191 759767
755030 709568 737135 746335
786894 713703 736073 759790
769122 729156 740823 769880
755345 742761 720734 754269
824650 737409 717911 668137
803561 730585 718852 667100
793436 721594 636557 762835
763706 729323 658197 786620
752570 774035 674069 745891
737511 654296 741779 739933
698224 724034 773840 747865
806493 748531 687161 690691
824650 737409 717911 668137
776057 760359 668322 705916
725342 658630 756510 731110
752570 774035 674069 745891
765458 704914 651340 760688
746819 694656 769083 701570
801774 707369 638128 743805
779835 735601 719540 681925
758901 744792 658488 770612
704755 739309 751329 725451
769187 701519 661933 774460
782293 723199 645408 759325
755426 699201 721725 691185
793156 728276 644846 759334
715653 747801 741552 724045
764023 743426 714573 675535
748366 708178 659329 765223
735163 717792 695321 771981
741705 701070 689270 781416
698224 724034 773840 747865
702232 738170 715960 753921
733741 670030 730495 719317
753796 694648 753172 670511
794634 757524 705387 683662
788191 708064 661218 746540
764023 743426 714573 675535
709076 701806 745088 732315
784209 707146 673838 738343
772744 692784 694427 725806
747869 696048 748513 705106
759617 663916 719917 752763
745662 668968 736825 719034
709432 750062 723905 747995
712466 717533 724696 757192
769068 689352 691072 743799
744021 741604 686054 744663
724184 730683 698044 759202
792833 688564 659395 751354
744619 737630 726711 696316
743260 741125 675804 763973
757207 715449 667002 741588
750477 708986 680563 754184
741705 701070 689270 781416
726792 745385 699738 731150
777048 680333 738724 700125
745556 757233 675258 735400
798958 697863 713620 698244
736625 703384 730002 703892
763706 729323 658197 786620
720150 686510 751940 730282
791962 709397 677346 731359
740265 677983 703233 736656
752407 732181 728448 700867
779455 664118 747677 727933
759283 674328 706239 750772
703412 734908 735518 764901
754327 738516 669349 759020
776660 754360 692210 696503
733221 760026 711859 717094
803483 723718 658187 737568
731265 685055 755801 724623
746603 683896 728835 720504
778728 714677 719233 687662
772128 680123 734820 716613
764330 740062 696887 690513
765862 714831 663203 757424
766814 721125 710444 693066
754293 694370 680144 733790
734773 732841 686324 747756
774642 681319 732553 713597
719221 697542 732217 711875
746819 694656 769083 701570
772867 703805 690587 711957
721881 737252 699093 744397
794634 757524 705387 683662
784117 715689 710802 692639
756308 706334 667094 748483
759283 674328 706239 750772
777389 738993 707455 694151
765522 669507 744244 716107
741378 719415 704265 715934
729920 731747 694283 741009
770976 716742 654958 756666
779258 724686 715459 682953
740515 723311 688996 728597
737568 710436 738115 702534
714391 669963 746198 735841
725342 658630 756510 731110
749842 726231 709461 713247
789193 678273 732912 689762
729525 712299 735665 711023
775112 736169 655146 747880
765072 660908 751567 731609
778100 755637 684840 699358
765072 660908 751567 731609
771288 727376 666719 727770
714184 748572 711795 746608
783048 726112 658358 722649
759413 727621 670719 729255
728832 687254 733904 722385
777241 681675 719742 728965
789193 678273 732912 689762
761001 666582 747076 736854
725817 720856 726122 706031
769187 701519 661933 774460
753749 701673 679818 720296
746541 728620 678719 738830
800210 716224 700515 710517
799370 730416 699160 682910
745451 713344 678876 744054
739085 731391 708966 707402
765813 711199 704294 702844
732410 687951 731906 715757
709432 750062 723905 747995
799889 706543 656552 748967
718302 723519 714200 716246
778100 755637 684840 699358
713115 696409 716845 725133
753796 694648 753172 670511
747908 706535 683381 746947
771680 752477 691703 698295
747206 712320 734371 689597
732060 675479 745953 739568
759939 684068 694168 730318
775831 735297 717396 688259
728764 709047 720217 717439
716837 690516 702095 721770
760698 734116 671521 727540
798958 697863 713620 698244
749462 708955 712211 706161
765632 722628 693480 715349
736609 727140 695819 747105
755236 709601 700592 704472
747972 685281 696039 756400
793436 721594 636557 762835
745035 690606 708752 714379
754846 734457 718950 696721
770592 709214 672797 746707
771680 752477 691703 698295
771663 703523 677424 761858
761001 666582 747076 736854
713018 740765 731564 746748
733619 694007 713714 713925
755100 737057 692500 714896
739766 728878 712260 702114
760698 734116 671521 727540
767858 721086 692988 710152
765862 714831 663203 757424
799889 706543 656552 748967
770136 687098 681634 747319
739713 739562 693843 739391
755113 729402 695600 699146
737764 715926 701840 729082
775678 745054 690208 717422
709076 701806 745088 732315
758437 686118 705983 700505
788317 723036 719043 686079
763391 746614 689362 700933
717237 727858 725376 720424
732060 675479 745953 739568
721435 700707 728802 712528
788317 723036 719043 686079
770871 708777 704652 708684
721435 700707 728802 712528
762611 694591 747027 700355
747569 727912 708515 702734
742626 725524 736184 692862
777389 738993 707455 694151
770136 687098 681634 747319
739085 731391 708966 707402
716837 690516 702095 721770
762245 705602 703105 710643
770871 708777 704652 708684
750088 734337 725626 688206
767858 721086 692988 710152
748046 713073 701377 720449
731497 719982 716768 713920
762245 705602 703105 710643
763391 746614 689362 700933
763396 716105 677561 729193
728764 709047 720217 717439
742626 725524 736184 692862
770976 716742 654958 756666
731265 685055 755801 724623
758437 686118 705983 700505
754303 725893 719304 702033
747972 685281 696039 756400
745694 712718 689130 725055
745035 690606 708752 714379
731497 719982 716768 713920
741440 709427 694330 748312
771288 727376 666719 727770
761001 666582 747076 736854
745694 712718 689130 725055
746819 694656 769083 701570
713038 726051 720138 754016
788317 723036 719043 686079
794634 757524 705387 683662
725342 658630 756510 731110
810272 744529 709134 693624
795565 735878 729611 685795
779291 726918 665851 759412
773818 759501 692168 702020
742229 662670 747389 744003
737064 677129 772400 720346
733335 699174 713798 774883
729740 730021 720442 727516
795856 711689 683379 745877
774604 672241 726441 773106
777355 716094 680649 771448
788349 705926 750103 706099
736052 719381 762205 711595
770537 752799 711400 696276
793131 695397 674988 752002
744156 698272 707348 729275
737537 677294 758898 727957
765419 734287 676698 758377
774779 746162 686915 732980
730583 756058 714182 722198
737064 677129 772400 720346
767241 691655 744700 713885
739260 693672 743771 719869
771646 736734 705654 704895
737288 706946 755864 727760
742606 681379 716016 739544
764619 701187 740747 712619
750231 707435 686764 755279
769768 732774 690131 734209
749167 721964 693752 726116
772119 720857 670828 774798
745567 732415 739911 695260
760050 746115 673858 751198
761135 687083 717395 720000
765941 741512 702364 700712
762597 685916 735420 720736
730440 729852 727365 744505
752973 711548 697140 750238
755156 743813 705701 714429
758888 682566 732970 730581
781128 709739 722207 699688
754810 735044 680050 749469
766689 713618 747510 703905
784380 711391 686797 731485
732740 711750 723856 741030
748167 694537 726743 738706
776147 714325 709097 719371
786788 713876 690928 730817
760842 724880 717421 708253
767499 720262 701725 737148
781893 706655 699833 715700
732733 715033 738386 733358
750673 720955 700227 737409
756718 695044 708439 732200
763552 701280 704418 738745
767868 715040 696362 724687
754582 703571 714392 723693
760958 716326 696740 752362
761089 714101 722120 698513
795763 711251 689055 748671
772617 726733 671027 745584
758140 740863 722154 708639
782652 705909 698457 713892
731721 717590 714653 751540
750584 725816 746583 708917
736262 734113 726465 710153
763299 708141 691789 740380
738474 731808 698917 750009
780167 719860 690041 724992
761778 719526 688740 745226
742374 712415 718140 730876
742083 732346 693469 743576
756174 707480 683702 772281
773117 735743 684102 737946
777937 713146 685406 744551
738687 710697 735025 743086
754916 723680 690584 740535
748814 714304 732756 719435
748924 713587 735486 711784
755138 736436 686068 742916
750316 745051 709839 714375
766411 714556 702619 722843
770552 709886 739582 695419
758672 717957 704149 724711
737726 732088 716268 723664
758003 683075 714645 737363
776273 710284 697796 737389
777834 693852 703412 737154
758147 704767 723414 709338
763370 703613 715773 713223
773543 683867 711039 743595
773543 683867 711039 743595
758147 704767 723414 709338
781893 706655 699833 715700
742238 713052 715307 751245
781652 710026 695387 713396
781652 710026 695387 713396
781673 720115 689039 733880
742083 732346 693469 743576
758147 704767 723414 709338
812377 748971 705659 707503
787537 754584 721698 698864
786756 775368 710163 702804
778602 752670 684506 743046
759883 754931 687735 776714
743695 682844 730082 744216
738156 720830 770181 729841
733269 717864 749427 752730
762280 761544 711931 724899
774987 733002 692023 773176
777306 707355 755806 710027
797602 723953 726609 711406
804005 739409 696033 717176
758466 719152 705243 761155
783514 697577 722381 749634
772228 685472 742735 744142
800148 729219 744062 699857
779117 691447 738287 722971
779460 715056 691007 745707
766434 712035 733870 715015
802896 714673 692848 755860
778299 745263 719138 706797
740445 731011 720228 752223
772372 715780 736913 701707
759404 727588 747140 709319
767670 710452 716919 718069
773541 694281 729282 729333
756567 704858 750265 737882
775103 719211 700846 733922
787357 749356 704407 724205
766157 709945 717779 727719
771146 713381 715592 733363
746741 736229 707992 743323
743240 725129 739494 732954
750673 717219 725950 731414
754159 725159 699574 759255
776465 712420 688548 759931
753456 705458 723589 740601
747007 742994 721793 725870
776434 703094 729219 741477
758879 730145 698864 747394
774194 752232 687075 738022
784473 717184 722686 716651
764422 736648 718450 726550
748703 721702 720347 737558
767178 705888 706946 755607
745274 704957 708225 743152
765150 744014 732480 699149
756411 700364 719925 743870
763401 727457 724452 710655
757939 706386 716428 738431
799487 706569 700040 742618
752661 725093 720414 734684
783907 699217 704748 748571
755593 751011 712074 717033
784408 711272 713377 717318
755527 714800 733275 721936
770120 715376 716034 722824
756903 749024 697880 759588
758509 711177 731860 735177
770474 720486 716168 720890
783636 699837 705126 757245
777541 699639 720974 754264
770702 719961 727541 701985
764003 707862 729232 736266
747600 726984 711362 742713
747721 711533 748512 729289
743768 717550 748450 724237
751011 720435 717300 741402
759779 722236 699087 726673
743401 704934 740198 759315
774692 703713 721784 741902
759582 745186 704868 730582
770449 743325 691106 752458
777309 730804 722793 702301
777521 705517 711820 736369
750713 727251 721036 729655
802610 704170 722025 777174
792173 733027 756520 702688
784862 737218 689694 767782
761426 797303 712402 742201
751435 690311 758979 763856
747502 730357 723922 753713
749182 767239 734163 746799
798784 741554 719984 722920
777765 762765 694903 745846
769899 714573 742050 719233
786549 716947 706487 756893
789059 707073 749467 726542
767909 701832 737786 744020
779292 717688 745575 713537
799753 724022 730631 704694
791392 753036 725325 721021
762867 704923 752659 765556
765249 738247 735386 725953
779010 700643 746093 750495
756455 724474 747543 729541
772444 758559 700711 733914
765293 734699 699978 750393
780137 730109 700653 760494
782913 728311 723033 723517
773821 716262 739970 723602
776499 724237 733732 709329
770994 728539 716139 737397
770537 743195 709067 734554
763111 729745 704156 752856
754710 731413 749226 731133
757735 713763 711458 760963
802129 711048 720434 725961
752358 712813 729689 751254
765565 765424 715005 738954
775551 723057 724881 727749
784919 721559 727914 723874
770221 751609 727628 728640
770851 744354 703579 742784
777208 727463 702806 740715
753881 714355 714820 748176
769808 736516 731223 722256
762682 712553 751283 742919
761018 718289 714716 743797
760771 716847 726185 738828
773121 700838 757900 745568
760992 711241 731721 763618
785443 744293 702390 733477
771922 730205 733990 711406
757643 752511 733516 728582
760885 725290 706336 750782
772108 717301 726650 736113
777878 723948 711318 731732
751482 723254 726061 732277
772761 728683 715043 734386
772758 734553 727459 731781
785177 723398 714891 741711
799194 723038 711876 758711
796361 766144 702266 747968
788095 744793 738366 714255
781491 769218 754602 725528
774276 713830 711620 764560
756093 723943 715991 764877
755692 723920 776055 737302
754810 728874 745163 740868
769276 718851 743964 752560
785456 752633 709576 736616
785346 739436 731383 728356
778635 734712 752429 727025
778457 731852 706312 764369
758132 735526 736554 749958
790139 746234 709301 746079
792477 715540 726627 752339
763732 745005 725746 761582
782622 726530 728462 733182
772624 752216 721520 734620
783553 731228 724983 742109
783187 716027 719077 748541
761395 740655 730350 736643
773210 748535 727498 734951
760747 735495 739647 761041
780536 723768 733351 744475
763258 725950 728784 735697
779989 732142 733574 735159
761335 722072 726383 747141
756962 752615 739973 734936
771574 745003 730247 734017
761079 731181 734948 733882
774008 722469 725605 749345
791136 766283 717661 737180
788081 722246 719753 754298
779997 745841 715666 769092
776781 736955 767688 750072
765652 738042 754837 733982
762493 736907 732969 758210
764446 756316 746180 745295
777046 727806 728549 758306
772236 751667 745913 735618
777172 731539 737755 754766
785600 750199 731784 738973
773708 752942 725909 735327
784385 730674 735417 743565
777961 730650 754081 750132
790303 728697 732225 746169
784620 751455 727999 749455
785107 729138 732629 747052
789555 745298 734719 762027
775540 771090 745627 751833
783866 751983 743890 757020
858114 756382 730107 769999
818764 781072 721080 764954
818080 792733 726888 792877
799922 681653 823768 745223
787840 750315 788561 694640
766036 697290 839472 769093
727871 773878 804835 800109
858114 756382 730107 769999
833718 737718 737463 782869
765078 758772 791298 707615
787840 750315 788561 694640
766036 697290 839472 769093
778927 723681 808931 723004
810706 702486 755693 790191
826378 691956 810994 754072
776188 784058 744580 753668
768727 726622 772390 713119
805140 699896 762001 764510
767555 722192 818922 744024
735009 743748 797262 757231
833718 737718 737463 782869
794867 730785 783617 708024
775739 791627 752713 755429
736916 764129 749114 797485
727871 773878 804835 800109
760546 706653 814218 771797
824897 683664 800896 779998
773427 722341 778306 738676
746873 771680 757459 778764
806407 696519 772384 748726
735394 776741 769883 772041
790606 770781 731408 767023
820666 755727 732702 790244
809371 686198 786331 761327
752266 757275 806466 740882
816444 686083 808509 782707
786244 730448 753152 743385
748739 756403 768050 752883
797580 690346 780304 764023
741933 722782 763147 755613
799314 708416 740820 790281
746115 740296 760480 765039
770128 754878 748404 766361
781860 716592 749876 784339
790189 742253 749503 749833
763233 748023 799864 726067
742407 775171 779977 744857
768834 733963 745597 771188
791638 702863 773324 730389
783510 765166 738093 775226
800675 707919 806619 724309
816444 686083 808509 782707
801813 744087 740606 740712
766769 761454 760584 732107
780866 751504 799675 711169
786114 778788 736573 768379
767280 744838 806656 727126
800679 709556 767785 769076
777067 722631 738194 758398
784790 704708 770026 756010
774549 724772 760712 712976
731107 718398 771849 774955
761765 755885 750926 761250
736916 764129 749114 797485
771528 736095 743427 775127
762594 737397 763404 732540
789386 713920 778515 737649
763823 718644 742577 779378
810245 684934 811687 764992
769122 767292 727707 792979
786422 713422 769253 768106
753754 735254 797947 728147
773957 693622 787745 746941
768111 703532 788707 730127
767611 696927 774469 741138
795713 714969 763818 751436
758227 740087 756259 766782
756946 732280 802494 735147
759609 716172 781418 761736
754511 726045 760084 762893
768727 726622 772390 713119
771727 763304 769786 726390
769122 767292 727707 792979
822395 758343 734873 754527
800776 688001 805175 779667
824897 683664 800896 779998
763799 751595 793443 726584
731107 718398 771849 774955
794225 716465 762972 747700
746452 751886 801761 745627
788869 754653 744139 740292
784235 717591 782286 740586
766595 712101 802453 770319
755792 719790 803260 768606
797624 745915 780135 712147
778778 748709 750149 748762
822395 758343 734873 754527
764715 755365 746704 778835
776494 747095 755947 765263
766697 738930 736699 778405
800776 688001 805175 779667
752820 747070 756160 774382
778239 719658 755330 735249
746285 779818 773035 754431
780866 751504 799675 711169
765117 714639 769250 794670
772170 716776 768863 767554
794023 706764 771618 750434
773837 764301 750600 759694
773957 693622 787745 746941
767664 734706 759347 759680
760043 755187 789928 735479
775154 768507 755706 736729
760546 706653 814218 771797
793666 713769 768484 753684
754325 716384 783186 769230
765117 714639 769250 794670
775154 768507 755706 736729
763799 751595 793443 726584
790455 717117 754238 733681
792123 753841 750640 745240
789764 730750 746884 757486
772902 690825 759298 776329
753754 735254 797947 728147
781132 716203 764137 744783
754870 749575 766629 752053
754870 749575 766629 752053
773733 717354 765523 750373
771827 714461 752838 776390
756151 760469 780578 748577
766595 712101 802453 770319
776256 749932 749085 757507
787976 760974 739969 745431
781860 716592 749876 784339
817733 756762 727692 776301
755816 744728 782076 751557
742407 775171 779977 744857
753350 758995 752195 764446
788206 714324 742649 771371
775786 720346 778464 740693
766697 738930 736699 778405
767611 696927 774469 741138
762533 751001 753512 743534
790455 717117 754238 733681
795333 746062 736316 726662
778356 714238 765892 741925
756151 760469 780578 748577
775739 791627 752713 755429
759039 726061 759477 746410
777668 721480 759209 773833
810245 684934 811687 764992
809371 686198 786331 761327
773983 723513 770809 736916
822395 758343 734873 754527
769054 752803 750226 761929
757947 724511 803930 746817
768111 703532 788707 730127
778927 723681 808931 723004
778356 714238 765892 741925
784790 704708 770026 756010
756946 732280 802494 735147
792302 754728 751991 735455
777668 721480 759209 773833
760043 755187 789928 735479
756859 743874 758929 762690
783238 708872 772944 743516
795333 746062 736316 726662
781860 716592 749876 784339
773983 723513 770809 736916
777252 735562 758546 755839
817733 756762 727692 776301
757947 724511 803930 746817
783238 708872 772944 743516
769054 752803 750226 761929
759039 726061 759477 746410
757471 718559 801888 752914
777668 721480 759209 773833
788869 754653 744139 740292
797624 745915 780135 712147
777252 735562 758546 755839
787976 760974 739969 745431
753350 758995 752195 764446
799314 708416 740820 790281
790243 735889 751407 750189
757471 718559 801888 752914
790243 735889 751407 750189
762533 751001 753512 743534
795713 714969 763818 751436
756859 743874 758929 762690
781132 716203 764137 744783
792302 754728 751991 735455
771827 714461 752838 776390
794023 706764 771618 750434
766036 697290 839472 769093
809371 686198 786331 761327
787976 760974 739969 745431
773957 693622 787745 746941
816444 686083 808509 782707
731107 718398 771849 774955
838427 786122 722970 805866
838427 786122 722970 805866
825438 809782 725936 814867
808470 689256 833913 774642
793066 727918 778946 713269
741120 784264 812266 768066
805467 800245 732120 792376
814433 760194 760780 724217
771625 714203 820526 770244
800378 698256 811120 758789
764982 726685 807251 800427
784363 771504 746009 769404
750399 754376 789828 765609
805467 800245 732120 792376
741698 755156 802527 770866
789778 720683 752053 783849
753015 748873 813896 762446
776306 739067 761315 808164
757039 736889 762909 789805
773825 744934 748954 796042
810873 746000 741906 752689
790847 722863 798605 742552
769071 726055 777338 777155
818463 745299 752174 762066
779079 742906 767363 730299
757406 752399 764230 775423
770500 742423 793493 747328
786617 709364 775626 760181
764926 767390 783114 734077
792055 766558 750229 753314
794279 707880 797826 771248
800154 746422 743554 750243
803458 705435 792946 759092
798599 704893 789070 772074
799241 725300 782808 738985
754677 761823 772889 772175
782357 714683 781006 760416
778003 732758 774308 728724
783302 729855 759150 736886
789704 733530 758941 754727
759488 770135 783224 769344
800652 715145 787272 735479
817568 717161 773035 757045
765453 718398 774283 793179
768049 760990 767092 765684
794446 711388 775141 761694
762652 731020 792723 751644
753517 730642 784095 781144
771324 735769 771854 769490
775694 728713 799892 773995
785042 758724 767202 724419
778817 748578 767500 751687
777619 707934 793580 766708
810873 746000 741906 752689
797104 717938 775277 757755
777292 708017 764598 781016
770589 734332 790628 761138
760493 741743 802083 735374
776922 756624 758033 769028
777689 763447 749426 761854
773666 728858 781786 740069
778061 759014 755441 790298
785003 713085 786806 756720
771754 738804 772285 741317
772154 732229 765749 757316
800160 755910 754155 740445
763156 747394 789977 735368
804635 712912 802033 757025
776977 715014 788205 793500
798193 722794 785448 750310
778349 741857 755096 763111
792855 727199 756886 769096
775736 785525 765718 735197
800361 717562 800725 750453
783005 735585 764916 772058
785334 741834 755020 770783
778853 714966 785319 754274
849844 763871 744916 775062
810890 706647 797467 764677
801347 772555 744233 768998
793690 734322 799219 721465
789587 773380 771096 740173
778928 709583 829710 766755
767898 732016 812714 801500
758529 761948 774968 781263
827916 766312 754760 764591
847837 748686 752278 787115
804899 760168 782955 739755
793646 729666 788866 723480
768405 756908 795483 785351
780662 736987 822434 763588
795043 714479 810765 769819
772173 760581 778864 793725
805674 720095 769440 789169
808872 724462 796075 749850
819612 726465 780373 758743
758831 744168 811390 786750
793879 729262 814447 758323
764357 737420 798117 758078
803090 727840 804150 741041
785294 738868 765779 745089
799248 721387 793117 755810
781333 710576 772628 781501
813283 721460 801649 745482
790397 720144 781707 776765
797194 752527 764822 744099
815572 764910 748188 768597
776771 741055 789221 755040
793349 765567 750285 773123
773345 736898 774476 772092
778674 748328 759432 771524
796857 732154 771223 761668
816757 727234 776665 765051
776461 762300 786089 757699
789146 720922 808444 781380
783857 742764 786430 754518
773029 768604 771807 758198
778034 748013 770220 764755
787199 766725 764200 767662
810701 759185 760027 743315
777045 726114 800972 788999
779274 752288 770885 756622
789030 735241 761726 758375
772268 727027 778577 791245
810341 764299 753811 774028
795960 724861 811891 752180
794909 762557 760020 748107
786635 731667 788105 753666
787128 721282 802323 758851
791412 742130 764229 752311
776662 750031 780508 764700
795949 731389 776299 744232
781745 743966 782018 764632
784877 764166 778320 741087
805452 731628 762116 748413
814329 768027 770023 741042
784690 733705 772324 768685
786753 734543 772656 764509
791218 734100 760058 774870
828765 739406 787183 770599
800815 737316 828119 726396
799524 760574 759916 776857
798581 711940 793197 790285
790397 805508 762408 801997
786474 742312 844070 760329
772078 755822 804010 804132
768077 755186 815866 780554
777006 777981 774933 784280
818778 721176 784462 785155
821108 757166 788424 746705
819983 767811 798950 730334
791982 768728 789443 742667
780080 753802 820364 756916
805000 742647 814298 736934
801039 746182 795087 736342
774524 741874 778637 794927
803084 715542 803961 783298
811182 715471 806766 776718
771670 760609 813270 774825
813822 746255 762133 759068
795747 728902 813084 768341
801422 729170 810154 766356
791432 765279 760694 788429
778971 763818 763258 791929
774649 753029 809632 765515
778471 773186 789113 766921
784074 742315 798120 771172
808930 764760 765104 752104
808129 740295 778104 762971
796616 740812 800153 754318
777412 774356 780505 768573
790024 731869 788154 759402
781872 770087 786123 770990
791753 762631 772929 752791
820277 737245 767094 778044
779180 735135 807678 794467
779751 756204 772353 786936
812652 736657 771510 775746
787956 734378 779458 783421
795704 737004 791149 754816
795990 750773 769064 754583
796899 740396 769814 772658
776248 743277 798778 758456
798254 754344 781922 748189
794407 755444 808928 750839
793584 740864 778901 763944
786979 747664 786495 761334
782770 742006 815595 776547
794939 739856 785278 757536
788920 740540 770921 782950
793275 750719 786400 753285
781048 746344 776229 775692
800375 744315 775277 769870
779208 758459 786847 768078
798186 754503 765615 756353
783955 753668 777890 768659
789909 738467 792514 772631
777404 737125 787357 779928
803446 740124 765760 777697
800691 742228 780256 749381
803985 734953 779406 780629
804827 757864 778352 750505
786919 758035 777248 748241
798188 749418 775044 758226
789482 764094 765663 781643
790693 744066 779486 771887
780492 744287 789365 762169
781377 754627 772387 784967
795854 754404 764758 775910
796790 744805 762419 776751
789349 754318 771240 760913
789463 737710 792718 771772
851262 749117 779653 772841
822313 725037 801597 787864
817497 740540 829868 750459
815432 761446 765455 770439
812825 754114 801888 747736
790818 748644 776233 796917
789412 785880 775828 784827
778973 761839 799338 792568
827354 746532 773265 775227
810681 729160 815450 773619
790058 733185 789565 767233
789704 768614 816371 754871
779456 744773 820130 775271
811752 776892 769835 774868
791506 757036 809248 759710
779276 744362 795252 782084
788890 739462 780068 785290
788290 779606 778211 754085
805225 742245 782823 774151
791846 759693 786910 749291
782255 748150 778308 777951
786077 755413 799447 762201
789556 746928 792852 764344
825897 745732 781977 757768
797992 750745 807177 754275
796069 757577 777311 759111
807060 763642 771458 755553
818347 749800 771584 770168
799985 746120 776372 777023
806649 751824 785823 749497
799910 762059 766326 777715
788028 765542 782067 762785
780661 755060 795866 763295
788489 777723 777770 771772
790636 764386 776135 768750
798133 757222 769907 763373
788422 762897 789531 773661
805921 754771 782412 749857
827182 786149 775635 773472
824125 768635 769257 776461
821264 732102 828185 776953
795021 766964 799598 758166
790289 794855 787969 778049
785307 752655 796309 793528
783007 764036 781147 783735
785427 772681 806936 768450
806767 766243 820653 765896
797606 742085 795310 780281
810072 756229 803223 765177
794643 750899 806234 773861
799751 736185 799232 787385
812574 760818 778286 778778
801529 768848 782903 763791
803515 761144 775755 766021
806724 760224 798459 771276
798893 773467 793237 778026
816390 736799 791772 768993
789571 765787 783631 780734
800852 734564 801630 784721
807406 738112 791337 776588
791433 768920 793940 769511
792716 766525 795476 774786
801312 754836 782940 780866
799778 736916 797158 772937
798682 763756 801983 777360
799284 771047 792655 768718
836336 762951 786026 776759
825940 764220 791795 806193
803828 773480 800842 760061
803377 740004 801117 793505
801941 778855 794272 777426
783254 770042 783856 788260
807040 764539 797575 770972
800629 751196 796684 781278
802393 755443 795459 797286
797534 774473 797307 786042
827132 778775 784801 768472
833042 761192 795084 787398
833606 763170 785460 778610
818727 760105 799267 804235
808883 769850 803189 786441
