8153 7.21549
237464 212650
218009 228548
218009 228548
218009 228548
227962 214653
218914 222846
218736 227179
221391 219137
219736 221038
219736 221038
224384 217790
227903 217416
227962 214653
222321 218059
224384 217790
219095 222118
219736 221038
235517 213201
227962 214653
235517 213201
218736 227179
218009 228548
219736 221038
218736 227179
219095 222118
222022 218615
227962 214653
218736 227179
218009 228548
235517 213201
218736 227179
235517 213201
227962 214653
235517 213201
219736 221038
235517 213201
218009 228548
227738 217560
237464 212650
235517 213201
235517 213201
218009 228548
219736 221038
227962 214653
235517 213201
218009 228548
235517 213201
235517 213201
227962 214653
235517 213201
218009 228548
235517 213201
235517 213201
218009 228548
218009 228548
218009 228548
218009 228548
219736 221038
218009 228548
218009 228548
218009 228548
218914 222846
235517 213201
235517 213201
218009 228548
219095 222118
218009 228548
235517 213201
218009 228548
235517 213201
218009 228548
219736 221038
218914 222846
218914 222846
218009 228548
235517 213201
218009 228548
218009 228548
235517 213201
235517 213201
235517 213201
218009 228548
218009 228548
218009 228548
235517 213201
218009 228548
235517 213201
218009 228548
218009 228548
219736 221038
235517 213201
218009 228548
227962 214653
235517 213201
218009 228548
235517 213201
227962 214653
219736 221038
218009 228548
218009 228548
235517 213201
237464 212650
227738 217560
218009 228548
235517 213201
235517 213201
235517 213201
227962 214653
235517 213201
227962 214653
218009 228548
218736 227179
227962 214653
222022 218615
219095 222118
218009 228548
218736 227179
235517 213201
219095 222118
222321 218059
219736 221038
219736 221038
218009 228548
235517 213201
218009 228548
218009 228548
218009 228548
218009 228548
235517 213201
235517 213201
235517 213201
218009 228548
218009 228548
235517 213201
218009 228548
218914 222846
218914 222846
219736 221038
218009 228548
235517 213201
218009 228548
235517 213201
218009 228548
218009 228548
218009 228548
235517 213201
218914 222846
218009 228548
218009 228548
218009 228548
219736 221038
218009 228548
