65 1.6937
803055 796080 809502 798182
795385 816768 843051 827839
822854 821768 809444 819429
828911 839397 799229 811315
831483 807252 790963 802800
791596 803035 800445 786854
805636 784387 796043 796375
812050 823248 797777 798389
824964 823445 788583 840819
810306 805365 799577 798093
785167 818231 804293 793904
776657 808054 791230 849265
829510 801229 791145 802518
806282 817348 809834 829109
807303 795051 796501 842145
826652 786713 811394 825391
832660 816459 817205 828876
804201 819529 813025 836329
796351 833581 793695 823151
805782 801353 797672 837908
849637 826140 794986 814449
842171 814090 783488 797911
818855 805028 761593 783736
799423 814739 787313 851008
829787 836501 788957 809889
822654 792236 800805 838993
808955 821907 764576 809346
810592 780044 803533 793724
834856 832691 817335 837451
818204 799575 796679 814113
801744 845952 796480 822263
810079 808005 805294 780989
821556 765593 795449 810084
828904 815202 800740 824435
792658 787868 811779 807300
829697 791974 834011 802793
808825 800400 812228 797593
800184 778546 824508 796424
826795 810124 779540 800423
797603 819372 798855 815777
827102 816773 803606 825093
798036 832162 784648 840122
822529 855294 813973 807696
816475 820984 814156 837101
833237 797188 792167 818963
820661 813536 804706 831620
838313 827977 810852 811591
817564 798489 818746 838371
798314 813266 787316 817277
812361 776459 813178 809497
823865 813084 803581 835135
813183 810433 764689 820884
795474 784136 793226 844954
858882 779011 815330 810142
810103 832362 813222 774571
829759 799142 817654 823243
803228 812729 806703 815690
808004 826498 800756 824403
811463 808775 775659 790245
799297 826557 807253 808192
818145 811026 805010 813545
819803 814055 797314 828714
846768 826892 824212 824487
790839 815004 805382 781150
801224 846463 827333 823549
797705 814544 819697 813371
805781 802087 813542 807970
815637 798741 802432 826928
797610 823352 818278 813367
830001 806932 806957 842745
822738 828535 832275 788635
825410 836565 810119 809464
819905 821087 813623 817610
828816 829738 811350 804614
840925 805808 820499 833442
803275 788320 780392 798250
823370 806299 834163 820413
808576 812071 815016 836131
808875 818383 799081 826716
792288 807270 800376 830013
803890 819592 794400 832986
848095 824408 802649 793811
832670 826645 828631 831939
829927 797485 801947 822626
819955 809263 782334 812496
820156 765190 812191 858593
805718 796091 789795 836579
801576 825391 815707 822460
806040 833192 812816 833053
808781 814096 823723 835651
808583 827849 798632 796206
859220 836767 826188 819827
829696 797467 818356 822771
834362 820900 810231 798944
821979 789272 818401 799976
822925 809518 821699 812163
801454 823576 780372 822023
803244 830213 779485 785552
810837 809885 818658 801382
822769 793350 800497 808042
802304 807656 776344 834107
784925 818826 816608 810613
815908 798285 802555 824424
845444 792172 810903 830746
813763 814194 812104 818700
830580 818219 790532 776860
812856 817333 799614 821806
844277 777199 796751 784163
815604 815308 781308 803111
805381 815686 786564 806429
836010 808152 844591 801626
797408 813964 796051 801375
810284 835253 807646 813855
813201 783436 833313 798950
816671 783637 795380 808927
802822 819296 806565 834181
823983 807022 814642 807370
818367 760843 817582 818940
827079 815504 820166 811452
800604 805652 790724 856885
846271 841069 813399 794308
825283 805448 821733 775300
818450 805235 807075 803287
820613 812386 835526 820468
841744 822221 790944 795535
819717 809364 813816 805788
771879 820116 806274 813639
798715 819760 799328 799453
804937 819924 820525 795384
804920 805856 786432 819099
824874 810823 792904 798222
836043 817937 805170 814790
761141 797108 808803 805775
804795 833221 809267 818097
807573 805918 810791 792998
793092 801011 799392 815613
832072 817455 815066 821176
827902 802587 807263 837210
822062 831487 832597 836973
810890 777826 838601 826386
789909 800250 785263 816232
806389 795935 825988 797848
844630 805843 830401 782109
848569 827380 802400 765921
822739 806450 792607 826728
805235 782060 822333 819451
793018 833029 783622 806287
800745 824014 800471 826781
793858 833665 774629 840688
845685 835746 806207 819858
812824 826753 786598 820883
825743 810620 807245 816638
803912 846731 797068 807542
800075 778840 816213 814337
830904 770155 797685 820296
849995 786938 773864 828651
811075 793740 822646 818116
828367 823039 793279 815270
801279 816452 842425 806510
834454 818450 823822 836221
808440 835431 787933 827069
819639 845840 786683 819844
829399 815887 837346 809698
837152 788493 812026 816714
828580 771502 816607 818065
822629 795378 815980 811366
810989 821018 802082 810008
804640 821866 815579 819451
836378 822944 789416 829981
835575 821478 827138 839288
829175 814282 817384 818657
829533 770272 805436 806893
831465 785156 816741 800441
820075 801380 819188 817079
796594 789609 834075 814671
830524 841387 780976 836577
817561 810071 770771 829407
836169 803151 813638 823976
831369 788847 778280 814908
818842 814783 824650 838361
813919 832461 827926 808777
817578 811800 789316 811474
828661 805448 784168 827274
839086 794247 807856 815308
798121 823866 817744 781233
811256 782467 793740 834531
820721 790679 817795 812812
818653 822250 810883 838834
825811 801659 787341 800617
811644 788512 802699 799435
826258 826225 837819 821346
819596 799433 796111 822887
795451 812749 803877 801524
800942 792925 805033 806732
803523 799806 787459 846196
839795 792168 813658 846819
831318 826962 801870 842107
828878 784992 825540 835596
814600 833509 812957 821796
841158 812814 784342 818231
805551 786429 802600 810195
811104 795631 812217 813216
829438 825839 807424 837799
836617 815934 798236 845239
814970 827663 824437 840771
844308 824527 819225 817181
843549 790906 816391 789091
838743 801692 784953 804931
815752 809016 795478 817991
846737 824417 822059 785327
846440 832723 813175 860194
824286 813375 810363 788624
840412 811558 795839 814805
816522 816005 830506 834302
801721 815005 818050 819591
814050 828064 791472 806434
803120 782890 787543 816444
778592 838024 819099 800111
816655 813746 806473 821563
795438 801101 830219 799973
846131 801580 820783 785699
813633 841364 770955 820674
782443 825468 834728 826703
817554 815711 788720 810841
788889 815145 806943 793073
843633 816090 817729 814793
810159 811943 800979 839451
845141 816796 808716 821924
826555 809837 810931 827513
775669 806935 815633 828662
788308 781378 840856 819265
779719 828581 797089 814323
768461 779048 817783 825182
815877 788146 855475 807628
833209 820034 807066 831973
821519 807743 835315 835362
820732 799155 815067 795899
810861 818558 820509 825697
827171 788232 818384 809147
820449 799173 818866 802418
804210 832602 805040 831435
807843 813465 800422 828928
823367 803111 829260 827811
801998 803540 802601 820223
836493 790848 766166 830245
869387 806120 804534 830869
831576 791382 831572 832094
821725 818009 826074 838719
