1516 17.3661
168348 128684 103903
165965 100031 138083
145664 140779 110216
131442 113392 145767
127974 125341 133063
165965 100031 138083
131442 113392 145767
145230 106444 137091
168348 128684 103903
137048 138266 113914
158393 113856 112872
128450 124806 121462
165138 132049 108162
133509 115170 136749
141189 122198 119334
148462 109663 129313
149899 108083 128816
151624 107000 133776
131036 119240 122839
158134 135756 108476
148742 119718 117418
151802 108660 127481
141676 123595 114673
167499 126300 107045
151751 103282 133592
139473 117740 120292
162521 110949 115073
159312 109515 119367
165138 132049 108162
135330 111145 126624
137048 138266 113914
138923 131280 115435
150254 116350 111189
145909 110267 131774
158134 135756 108476
161865 126656 108903
147152 123267 117499
165507 130273 107066
135330 111145 126624
150493 112111 115762
154536 101955 127781
145909 110267 131774
153755 110448 123490
133509 115170 136749
150493 112111 115762
131036 119240 122839
141413 126790 110563
154483 110427 125595
154536 101955 127781
141676 123595 114673
150484 139387 109406
155027 125269 110862
156594 106540 124226
156594 106540 124226
145664 140779 110216
162413 109255 120489
150484 139387 109406
140858 115347 124706
153755 110448 123490
157745 110875 120795
167499 126300 107045
147528 114779 125136
148742 119718 117418
147528 114779 125136
147152 123267 117499
138961 131185 121235
139473 117740 120292
151751 103282 133592
150100 115410 120386
150254 116350 111189
165507 130273 107066
151624 107000 133776
139136 122340 121081
128450 124806 121462
159312 109515 119367
145474 126589 110806
127974 125341 133063
161865 126656 108903
140858 115347 124706
155027 125269 110862
139351 126021 120368
157745 110875 120795
145230 106444 137091
139136 122340 121081
141413 126790 110563
139351 126021 120368
156594 106540 124226
156594 106540 124226
151624 107000 133776
139351 126021 120368
165419 116855 133768
156873 129508 117886
156752 113738 139851
155463 117556 142593
152615 134014 127111
143518 131964 129651
146487 128188 129022
152527 117823 141753
165035 119731 123030
155383 121042 132444
162948 115850 136359
158939 116943 134682
163577 124612 121621
146387 124079 137907
161300 129446 128854
143522 122258 138294
161908 125430 130569
144370 124891 130738
163493 119899 130043
174660 120795 130455
171042 115523 146117
162022 135145 118722
156817 136126 130198
144530 126367 139290
172316 123203 126630
158911 131917 119612
169609 131225 126756
153887 122392 140851
151863 123556 143906
149316 134482 132001
145565 125222 136937
166968 116983 136597
162208 119252 135157
155596 127818 130941
165398 115889 145163
155509 132655 133649
150625 134042 131233
160491 120055 136206
159106 124466 135054
168680 119924 134051
164418 125184 130262
157171 126607 130977
144856 127453 133943
168944 136794 118877
162598 119836 143896
161771 138175 124490
147063 131222 139534
149276 132951 136539
161314 136535 130449
162472 123863 137960
154048 125251 140019
164345 127924 131917
156456 130919 132777
147071 135215 138235
162919 136557 121690
150533 129258 139527
152446 125435 137011
159379 127015 136503
160691 129926 133638
161199 127990 134838
153851 130170 136268
164029 126670 136310
172283 150358 125891
165560 119853 148492
148560 131685 145096
163352 139795 130768
152887 138180 139483
169428 124990 138131
158543 127880 143352
162339 134404 133485
167110 126547 141243
159681 131881 136241
151808 132610 144751
165816 128434 133520
176105 134295 133539
166868 121740 150313
164931 142059 134518
157291 140655 143213
160163 133966 144137
161953 136389 136908
166393 128466 134191
164033 138556 134786
174801 131046 135929
167969 126308 156635
158315 141143 144443
161955 136549 140391
166488 131724 136452
172560 131388 136304
167706 132198 137059
162352 137263 141464
172608 102974 136699
164412 132656 111417
156127 110286 164325
134010 168731 150543
131502 148567 162385
134109 153942 150145
134010 168731 150543
169773 123879 116098
143105 111779 158847
131502 148567 162385
163138 137698 117918
172608 102974 136699
152280 113665 142423
153177 118693 132230
158475 111612 153989
141582 135508 139094
138845 118956 147631
146849 141588 116612
147907 124766 145924
156127 110286 164325
160056 106650 149528
161823 141273 112462
134455 151189 149595
166735 130043 119681
150377 116566 155845
143430 146171 126783
150377 116566 155845
138845 118956 147631
134652 138326 127956
164900 131994 121679
136186 132215 139365
149315 120661 140609
148342 120086 147235
158475 111612 153989
160056 106650 149528
157283 117655 123050
153125 127558 129603
136186 132215 139365
154888 123154 126830
159657 139968 118994
143818 153020 124196
153125 127558 129603
155639 122628 125400
157283 117655 123050
161823 141273 112462
152305 127057 136250
164338 133750 121279
166735 130043 119681
149710 123948 139082
144198 136530 119320
159657 139968 118994
149315 118396 141455
161541 130501 122011
161541 130501 122011
148734 134764 133622
149969 133241 125329
146139 129280 133779
146849 141588 116612
150685 128385 135741
155823 135490 119697
148370 135215 133272
145575 135835 133781
143568 129437 135202
149327 118117 149159
143818 153020 124196
151670 118057 141020
134652 138326 127956
155629 112647 127342
150889 132481 126169
164338 133750 121279
147907 124766 145924
149344 126261 136509
143430 146171 126783
152280 113665 142423
151097 128498 134578
144198 136530 119320
145575 135835 133781
150076 125013 137912
150076 125013 137912
155629 112647 127342
154888 123154 126830
143428 125738 137131
151524 132353 133593
164412 132656 111417
143428 125738 137131
134109 153942 150145
151097 128498 134578
164900 131994 121679
174015 126347 145091
160337 152404 126613
152298 160513 159000
141089 155109 166012
166597 134971 155460
159536 146641 130648
154787 144793 148855
162899 139825 134785
163720 136433 142242
156608 160368 135982
153740 153177 145137
156181 135298 144763
172185 141736 140479
166489 148173 137124
164938 138665 163944
152978 171393 188804
154553 159375 157297
157155 155525 151088
159268 139068 145342
171922 145123 143863
157774 145584 148215
165114 147338 142747
168365 155450 141014
164349 139127 152480
160372 155398 181826
159418 169440 161282
156510 160649 162810
162573 152432 152823
164023 147132 155123
161374 146173 161867
159776 155546 156214
161637 152763 155395
179785 157317 151484
168926 163937 149684
165864 143148 156355
160709 181360 170164
160621 159991 171695
161250 167532 159825
172876 144384 155236
163104 154472 165567
179010 153782 154755
177520 156028 154925
163956 164322 153461
177958 158065 151661
163694 162797 155403
180722 145406 158343
177825 184818 155292
171340 143170 173070
162476 165075 178402
163047 174168 169047
167601 157764 159379
166676 154672 170887
175985 144581 162731
174626 165848 158034
165559 169140 165922
164186 169929 158278
163348 157646 171664
167508 169149 165795
181881 162406 164719
177939 158651 174986
171098 163844 176128
170958 166796 159791
164476 178057 172108
164323 173002 172982
166352 172909 169790
172438 161866 170602
168312 165125 163755
180091 163354 160532
165999 165609 173809
183260 166736 167673
174328 164318 172224
173027 168419 160100
172245 168176 174607
167638 172317 174365
176815 168181 170039
168394 168315 164999
185891 170276 171332
180395 165528 180011
171284 170768 166761
169392 171442 167141
175124 168526 175623
184732 166187 175712
174961 169501 178456
178427 171443 178741
172471 181990 171258
171198 176401 176338
178020 177192 173870
171863 177347 173570
177539 178811 179003
172652 176993 188493
179836 180689 180279
176328 180461 188497
172608 102974 136699
164412 132656 111417
140236 115983 166069
136291 155962 125044
129377 149212 156703
165544 106762 159105
135400 149827 135280
169773 123879 116098
140236 115983 166069
172608 102974 136699
151502 147200 117971
136291 155962 125044
139830 122239 149526
146245 138822 121425
148630 113867 124091
133881 118546 156080
137993 126189 140995
138942 143762 128621
143775 114095 143854
134415 138461 137327
135852 146732 136317
145957 119371 134392
160038 128981 121129
167715 119778 116531
164412 132656 111417
164315 107867 153016
141325 129028 131473
131582 130044 158092
153769 135878 113935
158752 135828 117236
134071 142640 155119
165544 106762 159105
144940 121591 142147
143536 116820 152682
152731 131280 121095
147909 126927 129150
129377 149212 156703
143105 111779 158847
144416 112851 155105
139019 131788 130751
151514 136872 118725
167715 119778 116531
157620 112235 141859
140231 136608 123565
160939 130387 116241
162445 109294 145986
134782 124453 147720
142071 125037 143145
143232 126993 135770
153170 134209 119716
146893 108859 149425
143179 133461 126520
136165 132399 139310
162946 130087 118504
155162 135540 118818
153769 135878 113935
162445 109294 145986
155962 108824 152940
145394 132367 128076
164018 110336 139577
141258 133951 128617
158110 111992 142980
141303 119132 148790
130968 135225 155784
155670 126214 121938
145656 123277 141817
130968 135225 155784
161593 129993 119132
164018 110336 139577
147995 126356 126770
155629 112647 127342
143354 125152 142378
155830 111787 147197
143536 116820 152682
134071 142640 155119
155328 108678 156367
161634 124232 119931
144134 124891 140193
153704 129001 120411
145621 131604 124128
143487 129358 128760
144541 124100 131106
143732 123456 140233
131582 130044 158092
136291 155962 125044
197187 128206 149361
169256 128479 153415
146474 136294 130247
145582 145466 131436
162720 129871 142147
159678 134427 144302
174905 136252 144360
172130 129727 154379
165039 134754 167253
164715 145341 132972
153655 153796 133538
146760 150661 140293
167262 132317 166836
162532 134778 152190
151768 142875 137344
157733 137040 133008
147621 139408 139626
148399 143920 136782
164465 136881 145321
168001 131173 145051
146842 143713 142322
174865 137928 142744
171598 146427 133712
163723 137307 147982
161085 158168 137813
150122 141994 154153
149099 142342 146100
158758 137973 138688
152139 151711 141975
154285 150062 137977
161220 154441 135454
153021 142108 152244
162889 140137 135334
173677 137594 142949
173799 141142 141257
164326 138015 151653
162817 157254 135944
154897 169189 145087
153769 156447 152838
171346 138372 150341
153772 162991 147851
158708 150277 139144
156906 147318 147131
160958 144367 140388
164254 143887 137339
156504 151633 143169
159012 139643 143555
172492 142126 141400
159829 141924 142825
173144 141369 141140
158849 146933 143029
182182 146919 138111
166187 138600 154977
159715 146181 157019
159346 159265 151658
156906 149204 154306
167909 152415 140231
163834 142963 144980
173383 149301 141086
161064 140995 149146
156979 151986 152335
161296 144705 143002
163137 140760 150131
177244 145284 140861
176127 145840 139487
173385 148633 140864
161258 145511 144180
176774 147616 144937
173581 149063 144125
170554 142523 151904
162103 162608 144772
158906 150323 154791
162647 159894 146372
163619 153784 150462
166431 143292 152798
170252 146637 149843
171558 143156 147568
170526 146173 148398
164159 147655 144692
170475 144720 152061
175629 157067 145278
169264 146734 158779
167943 159163 149095
159112 155903 159890
164503 148294 157339
172193 149610 147417
162964 158182 159072
171422 148709 148532
175425 149189 149628
173792 161517 147560
169203 166863 153038
166553 151033 159261
172414 149770 151514
172835 149748 154450
173436 149714 150574
164412 132656 111417
162232 140102 107522
160375 99196 122433
138007 153440 118465
134112 114640 165850
123383 149531 158026
146076 111158 144874
160375 99196 122433
131125 136479 152930
123383 149531 158026
135314 136933 141535
133049 146016 147016
127442 140418 150366
155629 112647 127342
131691 122832 147297
162232 140102 107522
141418 119604 123503
127442 140418 150366
143105 111779 158847
133332 141454 135880
133332 141454 135880
139019 128796 134613
149198 149618 109210
142850 137487 122220
152374 132591 111579
139448 130777 133214
146058 122132 122937
157489 119875 115669
137972 131708 143431
138007 153440 118465
134112 114640 165850
131537 131770 163262
140159 113564 130905
155895 111267 120232
157717 127149 114891
133422 133934 144657
140159 113564 130905
151352 128233 113009
148131 130094 115372
143610 148104 120301
149198 149618 109210
152372 117152 121555
150320 127232 117857
157717 127149 114891
155629 112647 127342
151352 128233 113009
136853 135318 123002
149456 118176 119159
135754 131942 145804
148131 130094 115372
164412 132656 111417
131537 131770 163262
140130 124605 123392
131594 140413 151885
152372 117152 121555
145236 132253 114486
145236 132253 114486
136849 137446 125187
140130 124605 123392
150320 127232 117857
157489 119875 115669
143610 148104 120301
143304 131311 120325
149456 118176 119159
136283 133742 133652
136849 137446 125187
133085 131640 146401
136283 133742 133652
143175 130848 121958
152374 132591 111579
136853 135318 123002
140159 113564 130905
152374 132591 111579
140159 113564 130905
157489 119875 115669
152374 132591 111579
152374 132591 111579
148131 130094 115372
140159 113564 130905
140159 113564 130905
178970 120006 133770
171252 128849 113690
163192 152832 121444
142350 123131 130897
149954 140441 123727
165796 133302 129517
147041 134139 124623
154522 120230 130413
142350 123131 130897
170468 134017 126470
163972 124619 130767
162666 139873 125397
162601 123006 142514
153817 149927 128503
153573 135016 157727
151591 148273 135876
154537 141448 129504
157733 130458 148737
156916 137057 127596
158939 129331 144044
158371 133125 145118
160077 131050 133918
160508 130566 143603
159248 132037 143461
158336 136834 134133
173156 126735 145732
167617 125193 147081
159402 132188 154237
159350 137205 128760
154748 155162 139117
155562 152028 132203
157835 143427 139300
170857 131570 135609
159449 129560 149112
158418 141963 137414
163745 129842 144875
166620 130436 142067
163810 126273 147027
167124 129236 142820
172684 138903 135163
171992 140881 130349
169319 132584 148238
158081 145548 162892
156549 155981 144381
166320 135782 158354
161333 141971 150283
168575 135976 156724
159684 150657 131457
163549 137495 136663
159447 149820 138652
158700 147762 142651
160108 146351 135804
162128 141739 134145
163273 140166 141425
170390 138991 130728
162000 139530 141597
174923 143556 133570
172277 152759 132428
170407 138306 154010
157875 162883 144659
159636 148769 152019
165224 138613 150694
160556 147083 147241
163093 146400 140458
171791 141327 135754
163804 146008 149570
164706 141295 139964
172577 140578 140301
171543 142677 134086
182842 152561 139335
169090 139400 154815
167589 151267 172877
158341 168934 163188
161596 161035 163285
180004 141907 149630
176338 145889 151784
168605 147841 167041
172855 154458 142794
170587 151248 147135
164417 156664 148026
174393 147104 142030
163548 151513 152273
168139 157244 147578
175410 148908 149427
172514 141129 157197
171454 157284 147370
170357 152615 172073
163664 156695 157597
164459 156270 154119
174914 142705 156796
170905 154003 155790
170831 150613 156064
181057 153473 156676
173978 150510 157669
171991 163028 154734
167503 157457 164896
172258 155053 162304
180071 151638 158599
178755 156988 159144
179728 169389 159465
