31 0.0686541
140444 159918 158706 163170
145700 178887 141687 158517
182472 156537 142159 143811
160737 145480 188085 153366
159977 171326 135583 153094
171135 145201 169826 135767
159357 158117 143312 177201
162417 129062 174803 159675
150211 161794 177107 141939
160000 166353 137046 151831
156956 144346 184205 153746
158568 158228 143550 173615
175149 143892 162679 146205
164649 132731 175980 151127
143582 177506 145897 160636
174786 150272 155019 141460
158812 146486 180645 153248
160799 159383 144316 168225
155982 145712 186875 154015
161526 142135 141178 147194
147801 172360 149139 156645
168298 147344 173432 138609
148821 167819 177734 145394
178124 158543 167119 135834
162474 130529 170907 158415
171896 133765 160800 169382
179030 146980 157868 142563
158266 154173 164494 136010
171896 133765 160800 169382
155499 169344 139351 160232
153394 135289 172252 158121
162498 138699 140173 147876
157355 145707 179653 153575
155755 173444 138746 152951
163023 134831 165864 158407
158872 159239 146383 171115
173257 150662 153518 144760
157125 168422 137253 154644
181305 146552 156869 144873
153195 173840 151157 152602
152984 151628 178242 145376
170480 143336 167556 142288
140857 160069 157836 162657
144962 174066 142503 156197
181327 154409 141907 144362
151566 153833 152488 164730
155479 149454 185567 149979
152356 160454 176198 146226
162864 170535 160041 142854
144705 174673 144741 157562
162552 129965 174156 157855
156449 169766 136119 153568
161825 137685 144534 148974
165261 140082 142083 147285
165591 171815 137233 150694
147276 154719 153835 162308
178819 144333 169542 137299
150654 155416 178540 146544
147189 154087 165453 163917
149809 150657 158985 166746
146879 175061 148851 155584
141507 156364 154334 164383
162209 138037 143264 149213
167127 153059 146679 141567
158872 159239 146383 171115
160994 153655 164225 140166
170056 144351 169036 137468
151669 156347 177301 146202
146631 177148 148389 153008
142780 160219 158377 154902
170100 148338 164945 140312
143694 158116 154416 156721
155382 171020 150397 152614
153991 151638 157278 161316
147209 156017 155947 160037
142927 175478 144976 161610
167127 153059 146679 141567
155150 158183 152302 165823
169520 144170 167963 137727
163412 166605 138468 150368
169374 143664 167441 139529
162726 130377 172820 157892
159083 177028 154600 148163
164559 156842 149813 139597
161147 147080 187496 150096
155242 150299 185094 152116
161348 170726 160677 144068
170228 145045 166631 139768
169233 145691 169312 137708
149809 150657 158985 166746
145568 159890 153516 159396
147327 151706 154750 160900
159000 153290 162763 140363
158412 170453 136087 152145
141932 159554 163246 154809
142927 175478 144976 161610
164575 172006 137882 150576
153644 141377 174660 156471
166358 148511 159744 137935
162199 152454 168587 141019
