24 0.659533
1.50059e+06 1.51768e+06
1.59344e+06 1.46715e+06
1.55013e+06 1.48362e+06
1.57377e+06 1.46959e+06
1.50662e+06 1.50208e+06
1.56128e+06 1.47528e+06
1.49408e+06 1.55018e+06
1.50938e+06 1.48937e+06
1.50242e+06 1.52295e+06
1.56038e+06 1.48366e+06
1.55458e+06 1.48728e+06
1.55594e+06 1.48385e+06
1.553e+06 1.48925e+06
1.5783e+06 1.4723e+06
1.58147e+06 1.4714e+06
1.5719e+06 1.47677e+06
1.56388e+06 1.47877e+06
1.49788e+06 1.55807e+06
1.49643e+06 1.57953e+06
1.51538e+06 1.4945e+06
1.51456e+06 1.49561e+06
1.5525e+06 1.48984e+06
1.50972e+06 1.49962e+06
1.52013e+06 1.49023e+06
1.50476e+06 1.5547e+06
1.50735e+06 1.52335e+06
1.5572e+06 1.48766e+06
1.5569e+06 1.48904e+06
1.55866e+06 1.48412e+06
1.58059e+06 1.47569e+06
1.58326e+06 1.4749e+06
1.56518e+06 1.48004e+06
1.57371e+06 1.47944e+06
1.57702e+06 1.47889e+06
1.56467e+06 1.483e+06
1.49975e+06 1.56319e+06
1.50316e+06 1.55994e+06
1.50032e+06 1.56e+06
1.49982e+06 1.56284e+06
1.51341e+06 1.50204e+06
1.5118e+06 1.5189e+06
1.51724e+06 1.50082e+06
1.54328e+06 1.49349e+06
1.55118e+06 1.49208e+06
1.5419e+06 1.49779e+06
1.55201e+06 1.49146e+06
1.54582e+06 1.49335e+06
1.50711e+06 1.5561e+06
1.50798e+06 1.55193e+06
1.50823e+06 1.52596e+06
1.55745e+06 1.48891e+06
1.55834e+06 1.48887e+06
1.56454e+06 1.48446e+06
1.55898e+06 1.4851e+06
1.58293e+06 1.47829e+06
1.58402e+06 1.47785e+06
1.572e+06 1.48006e+06
1.56708e+06 1.48027e+06
1.58253e+06 1.47912e+06
1.57976e+06 1.47983e+06
1.56559e+06 1.48322e+06
1.50147e+06 1.56142e+06
1.5064e+06 1.56076e+06
1.5156e+06 1.5079e+06
1.51376e+06 1.51774e+06
1.51519e+06 1.51312e+06
1.52936e+06 1.50525e+06
1.5179e+06 1.50621e+06
1.53328e+06 1.50277e+06
1.54364e+06 1.50144e+06
1.55618e+06 1.49156e+06
1.55211e+06 1.49233e+06
1.54751e+06 1.49907e+06
1.54598e+06 1.50099e+06
1.54776e+06 1.49791e+06
1.55131e+06 1.49418e+06
1.50846e+06 1.54322e+06
1.55827e+06 1.49126e+06
1.55866e+06 1.48893e+06
1.55997e+06 1.48564e+06
1.56404e+06 1.48556e+06
1.56764e+06 1.48127e+06
1.578e+06 1.48071e+06
1.58825e+06 1.47966e+06
1.58353e+06 1.48027e+06
1.56713e+06 1.48495e+06
1.5026e+06 1.5633e+06
1.50426e+06 1.56147e+06
1.51726e+06 1.51034e+06
1.51417e+06 1.52117e+06
1.51571e+06 1.51596e+06
1.5183e+06 1.50658e+06
1.53396e+06 1.50477e+06
1.54125e+06 1.50457e+06
1.5416e+06 1.50344e+06
1.55681e+06 1.49184e+06
1.5552e+06 1.49289e+06
1.54643e+06 1.50328e+06
1.55222e+06 1.49566e+06
1.5514e+06 1.49768e+06
