0 0.00952198
364966 294337
310086 345219
328216 300104
363151 297094
316825 314888
311444 334687
321365 304567
318721 306883
314569 324145
311560 327002
312308 324688
356333 302238
313979 327666
348097 304951
319863 310696
318432 325070
327440 306407
323933 308526
316353 327133
335320 306830
314886 336255
321657 311859
334702 310698
321210 317063
319995 326550
319117 327614
317488 333514
317452 335049
341557 308168
315988 339691
319796 331845
322516 320890
328986 314437
335555 308263
330236 312091
322156 327765
322500 325852
352422 309796
317425 346831
322661 321959
322395 331631
344043 311542
334801 315023
340578 311574
330669 319500
320344 334242
320260 340890
332164 316738
317679 344062
319199 342622
331675 319099
330994 319152
344691 311772
317684 353306
320433 345473
340494 317765
322925 329079
321836 337955
334312 317997
332743 321993
327054 322567
321160 339189
323572 324075
328589 322114
341264 312380
334118 319307
342615 311922
323427 326576
323235 327187
357003 311902
322437 341801
343652 314518
323152 332890
325085 324389
338594 319331
330704 324076
324478 329755
334333 322134
343180 318521
342812 319158
324084 331070
332079 322857
334150 322787
352694 314721
322552 345827
324166 345768
324277 331597
325550 324666
332332 323753
346870 317129
344281 318698
352012 316201
325494 331579
335509 322441
338239 322244
342032 321740
342084 320750
361041 314751
323335 367593
324727 334058
349648 317490
339282 322340
354827 314860
332926 323904
335695 322472
329118 324756
327468 328307
325358 331615
325578 328498
328670 325872
355352 315343
324751 341192
349814 317994
340366 322651
329272 327691
326497 330271
334760 325972
326360 333568
339648 324469
332405 326597
325500 337670
324949 338093
340291 322787
359425 316735
325085 355036
350391 320527
325093 349140
356678 318591
343269 322985
326792 333147
325401 339565
336301 326396
329456 330732
340036 324800
331598 328048
334187 326924
326176 338192
330422 329772
341363 323463
341001 324457
326001 338892
325654 339381
365384 318602
325291 349533
361902 319395
352457 320978
325673 345622
327005 340733
345944 323511
350891 321854
330837 336282
340308 326864
332090 333602
341647 324235
333505 330274
328635 338365
334099 328707
332140 331986
335829 327190
328930 337721
340912 324859
335748 327541
365586 321172
325675 349701
354406 321824
327012 342258
351113 322577
334102 329127
332242 335238
332982 334620
329102 339571
345965 324403
337572 327212
335848 328469
342477 326940
328633 341512
345819 325571
328875 339766
344466 326312
342706 326507
344977 325997
369450 322450
326168 351006
351381 323211
333356 334993
327108 342822
329641 340088
346028 326027
337707 327356
346425 324751
334331 332342
329047 341215
335117 330076
328068 342523
335104 331782
337673 328396
336118 328713
335897 329288
351782 324359
327327 355482
327394 350663
329305 341790
333369 337290
339758 328686
329744 340928
348449 325113
345682 327456
335225 333692
342577 328037
336394 329857
336354 330022
344016 327902
350428 324992
334662 334166
334101 336145
350980 324911
334539 335689
334408 336141
362680 324398
327944 352687
330350 340981
329991 347796
334619 336003
356148 324899
336539 332983
329150 350988
355529 326571
346363 327821
351398 326995
350706 327619
339264 331744
334695 335762
341206 329735
339356 330433
344044 327978
342682 328386
341761 328721
359573 325878
328023 353286
330573 341405
348141 329175
342214 329196
334249 341014
353393 327222
359264 326615
335022 337513
336881 334757
351408 328211
338872 333056
341021 330923
336346 336188
351730 327307
336201 337326
340588 331744
339754 332472
339961 332174
359304 327157
330948 348590
331866 341962
335613 340204
347668 329238
336466 338031
351524 328568
355143 327433
344572 330164
337421 335821
339388 333613
352994 327824
338874 335758
343131 331012
342290 331599
341587 332693
340877 333210
357100 328177
331110 360229
331810 349837
351697 329801
345497 331210
331183 358881
332471 343151
342996 331751
336582 341909
355585 328643
337726 337656
340159 334323
334420 342378
338768 336461
340150 335929
355672 328803
333141 355236
334826 347248
339065 336647
351605 332003
345989 332578
338715 343797
352290 329846
336755 344392
342243 335875
344397 332660
343415 334290
342329 335490
338514 344021
343716 333748
360099 328909
337155 346692
353094 331270
339360 342675
340236 336784
347920 332650
344312 334413
339652 338373
339272 345926
355565 330587
357770 329190
346442 333643
345688 334209
357555 330687
337303 348488
340438 336903
352121 332915
339371 348141
345502 334560
339874 342954
348274 333460
339539 343177
356590 332313
346339 334421
357229 332090
345816 334538
357219 332237
356223 333135
339341 362537
340492 338836
350469 333920
353620 333350
346602 334448
342007 337704
344857 337178
346019 335897
356292 333645
340865 339151
350887 334328
348686 335579
342025 338225
347793 337642
355381 333771
348370 337620
352065 334340
341028 350796
349215 337419
342138 338845
341794 344098
341805 339872
341796 343973
353977 335594
341901 345942
350186 338456
352097 336243
345445 339025
344067 340172
342725 342281
342026 343310
345393 339572
355220 336382
342075 348149
351010 339068
344165 340865
346473 339324
342780 344291
354186 337749
342696 346753
369311 336383
342251 349724
354824 338575
342948 346828
346600 339428
344247 342914
362021 336869
357494 336987
344267 341010
365614 337267
343011 354321
343668 349819
358474 337560
354152 339672
344769 343565
348325 340089
345121 341423
348180 341255
369025 337433
344783 350808
358643 340870
346137 343887
354192 341008
349189 341038
346704 342021
355768 341022
345265 352739
348360 346960
348072 352615
350054 341243
348935 343903
354719 341234
354480 341288
345848 354621
348703 350387
350700 344517
353202 342977
351654 343752
353760 341494
355929 341349
349571 354050
351264 348462
353557 346010
354999 345316
358247 341533
352084 350648
356240 343621
353863 350435
365369 343856
352195 353561
356866 347417
363627 345295
354092 350685
352356 351255
352199 353381
357243 347671
354979 352097
362742 348354
355381 352446
359138 351644
361216 354055
