50 22.7044
2.77716e+06 3.08251e+06 3.04092e+06 3.15168e+06
3.09587e+06 2.78155e+06 3.02157e+06 3.01153e+06
3.11708e+06 3.10291e+06 2.71898e+06 3.02006e+06
3.03846e+06 2.9611e+06 2.95927e+06 2.79029e+06
3.03623e+06 2.94595e+06 2.93948e+06 2.80782e+06
3.1448e+06 2.78849e+06 2.98157e+06 2.96184e+06
3.03799e+06 2.9605e+06 2.94955e+06 2.79637e+06
2.81502e+06 3.04726e+06 2.9837e+06 3.05148e+06
3.12365e+06 2.79089e+06 2.96412e+06 2.9779e+06
3.12318e+06 2.7909e+06 2.96483e+06 2.97666e+06
3.03846e+06 2.9611e+06 2.95927e+06 2.79029e+06
3.08568e+06 2.7896e+06 3.01502e+06 2.99429e+06
3.04509e+06 2.95985e+06 2.94781e+06 2.79455e+06
2.82066e+06 3.0277e+06 3.00232e+06 3.05217e+06
2.81824e+06 3.02024e+06 3.00526e+06 3.06985e+06
3.11303e+06 3.08641e+06 2.71651e+06 3.01741e+06
3.03758e+06 2.94692e+06 2.94103e+06 2.80578e+06
2.81639e+06 3.0484e+06 2.98308e+06 3.05617e+06
3.10966e+06 3.09577e+06 2.71829e+06 3.00208e+06
2.81824e+06 3.02024e+06 3.00526e+06 3.06985e+06
3.10966e+06 3.09577e+06 2.71829e+06 3.00208e+06
3.03623e+06 2.94595e+06 2.93948e+06 2.80782e+06
3.01276e+06 2.97402e+06 2.93778e+06 2.80641e+06
2.7744e+06 3.07666e+06 3.04067e+06 3.15221e+06
3.11303e+06 3.08641e+06 2.71651e+06 3.01741e+06
3.14225e+06 2.78982e+06 2.98528e+06 2.95952e+06
3.11115e+06 3.08787e+06 2.718e+06 3.01361e+06
3.12237e+06 2.79318e+06 2.96211e+06 2.97487e+06
3.01594e+06 2.9732e+06 2.93626e+06 2.81011e+06
2.77708e+06 3.07284e+06 3.03881e+06 3.14953e+06
3.03936e+06 2.96441e+06 2.94912e+06 2.79542e+06
3.08363e+06 3.08485e+06 2.7342e+06 3.00811e+06
3.12237e+06 2.79318e+06 2.96211e+06 2.97487e+06
3.0341e+06 2.94896e+06 2.94676e+06 2.80162e+06
3.01333e+06 2.97215e+06 2.94262e+06 2.80703e+06
3.14801e+06 2.78404e+06 2.98714e+06 2.97005e+06
3.04991e+06 2.96474e+06 2.95375e+06 2.79131e+06
3.016e+06 2.97601e+06 2.93673e+06 2.80779e+06
3.01532e+06 2.97566e+06 2.93661e+06 2.80752e+06
3.0945e+06 2.78135e+06 3.01787e+06 3.01105e+06
3.04322e+06 2.9612e+06 2.94918e+06 2.79595e+06
3.01437e+06 2.97213e+06 2.93401e+06 2.80689e+06
3.01594e+06 2.9732e+06 2.93626e+06 2.81011e+06
2.81502e+06 3.04726e+06 2.9837e+06 3.05148e+06
3.0882e+06 2.78309e+06 3.02281e+06 3.01001e+06
3.10966e+06 3.09577e+06 2.71829e+06 3.00208e+06
3.01673e+06 2.9724e+06 2.93896e+06 2.80986e+06
2.78025e+06 3.07523e+06 3.0222e+06 3.14726e+06
3.10966e+06 3.09577e+06 2.71829e+06 3.00208e+06
2.81748e+06 3.04915e+06 2.98341e+06 3.05186e+06
3.09096e+06 3.06031e+06 2.73482e+06 3.01227e+06
3.10966e+06 3.09577e+06 2.71829e+06 3.00208e+06
3.03674e+06 2.94632e+06 2.94005e+06 2.80526e+06
2.78025e+06 3.07523e+06 3.0222e+06 3.14726e+06
3.12304e+06 2.79319e+06 2.96215e+06 2.9756e+06
3.09096e+06 3.06031e+06 2.73482e+06 3.01227e+06
3.10966e+06 3.09577e+06 2.71829e+06 3.00208e+06
3.0341e+06 2.94896e+06 2.94676e+06 2.80162e+06
3.016e+06 2.97601e+06 2.93673e+06 2.80779e+06
2.7744e+06 3.07666e+06 3.04067e+06 3.15221e+06
3.03846e+06 2.9611e+06 2.95927e+06 2.79029e+06
3.01276e+06 2.97402e+06 2.93778e+06 2.80641e+06
2.81493e+06 3.04925e+06 2.98501e+06 3.05457e+06
3.12318e+06 2.7909e+06 2.96483e+06 2.97666e+06
3.09433e+06 3.05712e+06 2.73727e+06 3.01171e+06
3.03412e+06 2.94483e+06 2.93733e+06 2.80727e+06
3.03885e+06 2.95999e+06 2.96028e+06 2.79435e+06
2.81583e+06 3.04756e+06 2.98764e+06 3.05076e+06
3.08718e+06 2.7798e+06 3.01934e+06 3.00843e+06
3.11336e+06 2.80036e+06 2.95498e+06 2.97751e+06
3.0341e+06 2.94896e+06 2.94676e+06 2.80162e+06
3.08223e+06 2.78499e+06 3.02445e+06 3.00651e+06
3.10854e+06 3.10074e+06 2.72264e+06 3.00167e+06
2.81599e+06 3.03905e+06 2.98177e+06 3.05226e+06
3.08223e+06 2.78499e+06 3.02445e+06 3.00651e+06
3.10609e+06 3.09439e+06 2.71901e+06 2.99315e+06
3.0126e+06 3.01747e+06 2.91976e+06 2.82345e+06
2.81599e+06 3.03905e+06 2.98177e+06 3.05226e+06
3.01276e+06 2.97402e+06 2.93778e+06 2.80641e+06
2.77723e+06 3.0769e+06 3.03921e+06 3.14966e+06
3.10609e+06 3.09439e+06 2.71901e+06 2.99315e+06
3.03758e+06 2.94692e+06 2.94103e+06 2.80578e+06
3.01594e+06 2.9732e+06 2.93626e+06 2.81011e+06
2.77708e+06 3.07284e+06 3.03881e+06 3.14953e+06
3.10966e+06 3.09577e+06 2.71829e+06 3.00208e+06
3.03412e+06 2.94483e+06 2.93733e+06 2.80727e+06
3.00728e+06 2.98996e+06 2.93081e+06 2.82324e+06
3.08732e+06 3.06582e+06 2.73857e+06 3.02404e+06
3.1448e+06 2.78849e+06 2.98157e+06 2.96184e+06
2.77786e+06 3.07414e+06 3.03921e+06 3.15498e+06
3.04509e+06 2.95985e+06 2.94781e+06 2.79455e+06
3.08116e+06 3.08553e+06 2.73528e+06 3.00842e+06
3.0341e+06 2.94896e+06 2.94676e+06 2.80162e+06
3.14225e+06 2.78982e+06 2.98528e+06 2.95952e+06
2.83659e+06 3.06195e+06 2.96153e+06 3.08638e+06
3.08718e+06 2.7798e+06 3.01934e+06 3.00843e+06
3.04991e+06 2.96474e+06 2.95375e+06 2.79131e+06
2.82072e+06 3.05058e+06 2.99981e+06 3.04458e+06
3.08223e+06 2.78499e+06 3.02445e+06 3.00651e+06
3.12104e+06 2.79008e+06 2.9706e+06 2.97875e+06
3.04509e+06 2.95985e+06 2.94781e+06 2.79455e+06
3.11639e+06 2.79425e+06 2.96448e+06 2.97188e+06
3.03846e+06 2.9611e+06 2.95927e+06 2.79029e+06
2.81493e+06 3.04925e+06 2.98501e+06 3.05457e+06
3.09824e+06 2.78049e+06 3.01782e+06 3.01258e+06
3.03758e+06 2.94692e+06 2.94103e+06 2.80578e+06
3.01437e+06 2.97213e+06 2.93401e+06 2.80689e+06
2.81824e+06 3.02024e+06 3.00526e+06 3.06985e+06
3.11783e+06 3.09285e+06 2.72387e+06 3.00124e+06
2.81703e+06 3.0273e+06 2.99967e+06 3.05661e+06
3.03623e+06 2.94595e+06 2.93948e+06 2.80782e+06
3.11115e+06 3.08787e+06 2.718e+06 3.01361e+06
3.0341e+06 2.94896e+06 2.94676e+06 2.80162e+06
2.81599e+06 3.03905e+06 2.98177e+06 3.05226e+06
3.10966e+06 3.09577e+06 2.71829e+06 3.00208e+06
3.11639e+06 2.79425e+06 2.96448e+06 2.97188e+06
3.11115e+06 3.08787e+06 2.718e+06 3.01361e+06
3.14225e+06 2.78982e+06 2.98528e+06 2.95952e+06
3.01445e+06 3.00678e+06 2.92956e+06 2.81676e+06
2.7744e+06 3.07666e+06 3.04067e+06 3.15221e+06
3.03846e+06 2.9611e+06 2.95927e+06 2.79029e+06
3.016e+06 2.97601e+06 2.93673e+06 2.80779e+06
2.81309e+06 3.03966e+06 2.98119e+06 3.06782e+06
3.08718e+06 2.7798e+06 3.01934e+06 3.00843e+06
3.11336e+06 2.80036e+06 2.95498e+06 2.97751e+06
3.14801e+06 2.78404e+06 2.98714e+06 2.97005e+06
3.04509e+06 2.95985e+06 2.94781e+06 2.79455e+06
3.08363e+06 3.08485e+06 2.7342e+06 3.00811e+06
3.14801e+06 2.78404e+06 2.98714e+06 2.97005e+06
3.01437e+06 2.97213e+06 2.93401e+06 2.80689e+06
3.0341e+06 2.94896e+06 2.94676e+06 2.80162e+06
3.08718e+06 2.7798e+06 3.01934e+06 3.00843e+06
3.04119e+06 2.9597e+06 2.94807e+06 2.79483e+06
2.82072e+06 3.05058e+06 2.99981e+06 3.04458e+06
3.08223e+06 2.78499e+06 3.02445e+06 3.00651e+06
3.11303e+06 3.08641e+06 2.71651e+06 3.01741e+06
3.04906e+06 2.95896e+06 2.95781e+06 2.79256e+06
2.82059e+06 3.0456e+06 2.9868e+06 3.05037e+06
3.03623e+06 2.94595e+06 2.93948e+06 2.80782e+06
2.81703e+06 3.0273e+06 2.99967e+06 3.05661e+06
3.10966e+06 3.09577e+06 2.71829e+06 3.00208e+06
3.0126e+06 3.01747e+06 2.91976e+06 2.82345e+06
3.016e+06 2.97601e+06 2.93673e+06 2.80779e+06
2.77708e+06 3.07284e+06 3.03881e+06 3.14953e+06
3.11708e+06 3.10291e+06 2.71898e+06 3.02006e+06
3.0341e+06 2.94896e+06 2.94676e+06 2.80162e+06
3.01437e+06 2.97213e+06 2.93401e+06 2.80689e+06
3.11639e+06 2.79425e+06 2.96448e+06 2.97188e+06
3.03623e+06 2.94595e+06 2.93948e+06 2.80782e+06
2.7744e+06 3.07666e+06 3.04067e+06 3.15221e+06
3.04906e+06 2.95896e+06 2.95781e+06 2.79256e+06
3.11336e+06 2.80036e+06 2.95498e+06 2.97751e+06
3.09096e+06 3.06031e+06 2.73482e+06 3.01227e+06
3.14225e+06 2.78982e+06 2.98528e+06 2.95952e+06
3.08116e+06 3.08553e+06 2.73528e+06 3.00842e+06
3.1448e+06 2.78849e+06 2.98157e+06 2.96184e+06
3.03846e+06 2.9611e+06 2.95927e+06 2.79029e+06
2.81502e+06 3.04726e+06 2.9837e+06 3.05148e+06
2.81502e+06 3.04726e+06 2.9837e+06 3.05148e+06
3.08718e+06 2.7798e+06 3.01934e+06 3.00843e+06
3.11517e+06 3.09656e+06 2.72184e+06 2.99987e+06
3.09259e+06 3.06933e+06 2.73595e+06 3.02249e+06
3.0341e+06 2.94896e+06 2.94676e+06 2.80162e+06
3.02848e+06 2.94942e+06 2.9458e+06 2.82316e+06
3.12318e+06 2.7909e+06 2.96483e+06 2.97666e+06
3.10816e+06 3.09699e+06 2.72159e+06 3.00328e+06
3.03846e+06 2.9611e+06 2.95927e+06 2.79029e+06
2.81703e+06 3.0273e+06 2.99967e+06 3.05661e+06
3.10966e+06 3.09577e+06 2.71829e+06 3.00208e+06
2.81639e+06 3.0484e+06 2.98308e+06 3.05617e+06
3.10904e+06 3.08812e+06 2.7184e+06 3.0139e+06
3.09096e+06 3.06031e+06 2.73482e+06 3.01227e+06
3.0341e+06 2.94896e+06 2.94676e+06 2.80162e+06
2.77708e+06 3.07284e+06 3.03881e+06 3.14953e+06
3.08862e+06 3.06194e+06 2.73459e+06 3.01326e+06
3.12304e+06 2.79319e+06 2.96215e+06 2.9756e+06
3.11517e+06 3.09656e+06 2.72184e+06 2.99987e+06
3.016e+06 2.97601e+06 2.93673e+06 2.80779e+06
3.03808e+06 2.94903e+06 2.94148e+06 2.80531e+06
2.77708e+06 3.07284e+06 3.03881e+06 3.14953e+06
3.04762e+06 2.96978e+06 2.95524e+06 2.7937e+06
3.01333e+06 2.97215e+06 2.94262e+06 2.80703e+06
2.81506e+06 3.04541e+06 2.98594e+06 3.05244e+06
3.11639e+06 2.79425e+06 2.96448e+06 2.97188e+06
3.11336e+06 2.80036e+06 2.95498e+06 2.97751e+06
3.12144e+06 2.79192e+06 2.96534e+06 2.97274e+06
3.03846e+06 2.9611e+06 2.95927e+06 2.79029e+06
2.81599e+06 3.03905e+06 2.98177e+06 3.05226e+06
3.11806e+06 2.7922e+06 2.96658e+06 2.97674e+06
3.14801e+06 2.78404e+06 2.98714e+06 2.97005e+06
3.03722e+06 2.95763e+06 2.95086e+06 2.79591e+06
2.81824e+06 3.02024e+06 3.00526e+06 3.06985e+06
3.06474e+06 2.96171e+06 2.93856e+06 2.80238e+06
2.81599e+06 3.03905e+06 2.98177e+06 3.05226e+06
3.08718e+06 2.7798e+06 3.01934e+06 3.00843e+06
3.10966e+06 3.09577e+06 2.71829e+06 3.00208e+06
3.0341e+06 2.94896e+06 2.94676e+06 2.80162e+06
2.81506e+06 3.04541e+06 2.98594e+06 3.05244e+06
3.03623e+06 2.94595e+06 2.93948e+06 2.80782e+06
3.08718e+06 2.7798e+06 3.01934e+06 3.00843e+06
3.11517e+06 3.09656e+06 2.72184e+06 2.99987e+06
3.01594e+06 2.9732e+06 2.93626e+06 2.81011e+06
3.03722e+06 2.95763e+06 2.95086e+06 2.79591e+06
2.77708e+06 3.07284e+06 3.03881e+06 3.14953e+06
3.10609e+06 3.09439e+06 2.71901e+06 2.99315e+06
3.1448e+06 2.78849e+06 2.98157e+06 2.96184e+06
3.08545e+06 3.08642e+06 2.73256e+06 3.0051e+06
3.09433e+06 3.05712e+06 2.73727e+06 3.01171e+06
3.03412e+06 2.94483e+06 2.93733e+06 2.80727e+06
2.81703e+06 3.0273e+06 2.99967e+06 3.05661e+06
3.03846e+06 2.9611e+06 2.95927e+06 2.79029e+06
3.01437e+06 2.97213e+06 2.93401e+06 2.80689e+06
3.11336e+06 2.80036e+06 2.95498e+06 2.97751e+06
3.03439e+06 2.94779e+06 2.9461e+06 2.81232e+06
2.81309e+06 3.03966e+06 2.98119e+06 3.06782e+06
3.09824e+06 2.78049e+06 3.01782e+06 3.01258e+06
3.04991e+06 2.96474e+06 2.95375e+06 2.79131e+06
3.016e+06 2.97601e+06 2.93673e+06 2.80779e+06
3.03574e+06 2.95462e+06 2.95225e+06 2.80287e+06
3.0945e+06 2.78135e+06 3.01787e+06 3.01105e+06
3.04119e+06 2.9597e+06 2.94807e+06 2.79483e+06
2.81703e+06 3.0273e+06 2.99967e+06 3.05661e+06
3.0341e+06 2.94896e+06 2.94676e+06 2.80162e+06
2.78025e+06 3.07523e+06 3.0222e+06 3.14726e+06
3.09824e+06 2.78049e+06 3.01782e+06 3.01258e+06
3.06474e+06 2.96171e+06 2.93856e+06 2.80238e+06
3.04119e+06 2.9597e+06 2.94807e+06 2.79483e+06
2.81703e+06 3.0273e+06 2.99967e+06 3.05661e+06
3.10966e+06 3.09577e+06 2.71829e+06 3.00208e+06
2.81599e+06 3.03905e+06 2.98177e+06 3.05226e+06
3.09096e+06 3.06031e+06 2.73482e+06 3.01227e+06
3.10373e+06 3.09652e+06 2.72027e+06 3.01174e+06
3.03758e+06 2.94692e+06 2.94103e+06 2.80578e+06
2.78025e+06 3.07523e+06 3.0222e+06 3.14726e+06
3.10904e+06 3.08812e+06 2.7184e+06 3.0139e+06
3.09096e+06 3.06031e+06 2.73482e+06 3.01227e+06
3.10966e+06 3.09577e+06 2.71829e+06 3.00208e+06
3.0341e+06 2.94896e+06 2.94676e+06 2.80162e+06
2.82059e+06 3.0456e+06 2.9868e+06 3.05037e+06
2.77708e+06 3.07284e+06 3.03881e+06 3.14953e+06
3.04991e+06 2.96474e+06 2.95375e+06 2.79131e+06
3.01532e+06 2.97566e+06 2.93661e+06 2.80752e+06
3.08732e+06 3.06582e+06 2.73857e+06 3.02404e+06
3.14801e+06 2.78404e+06 2.98714e+06 2.97005e+06
3.10997e+06 3.09216e+06 2.72019e+06 3.01335e+06
3.12855e+06 2.80137e+06 2.98409e+06 2.9506e+06
3.04906e+06 2.95896e+06 2.95781e+06 2.79256e+06
2.81654e+06 3.04339e+06 2.98456e+06 3.05166e+06
3.09824e+06 2.78049e+06 3.01782e+06 3.01258e+06
3.11336e+06 2.80036e+06 2.95498e+06 2.97751e+06
3.03758e+06 2.94692e+06 2.94103e+06 2.80578e+06
3.0882e+06 2.78309e+06 3.02281e+06 3.01001e+06
3.04947e+06 2.9623e+06 2.95284e+06 2.79175e+06
3.01276e+06 2.97402e+06 2.93778e+06 2.80641e+06
2.81755e+06 3.02684e+06 2.99705e+06 3.05947e+06
3.11708e+06 3.10291e+06 2.71898e+06 3.02006e+06
3.04947e+06 2.9623e+06 2.95284e+06 2.79175e+06
2.81493e+06 3.04925e+06 2.98501e+06 3.05457e+06
3.0126e+06 3.01747e+06 2.91976e+06 2.82345e+06
2.81502e+06 3.04726e+06 2.9837e+06 3.05148e+06
3.11066e+06 3.09698e+06 2.72146e+06 3.00209e+06
3.03623e+06 2.94595e+06 2.93948e+06 2.80782e+06
3.01673e+06 2.9724e+06 2.93896e+06 2.80986e+06
2.78025e+06 3.07523e+06 3.0222e+06 3.14726e+06
3.11303e+06 3.08641e+06 2.71651e+06 3.01741e+06
3.0341e+06 2.94896e+06 2.94676e+06 2.80162e+06
3.08545e+06 3.08642e+06 2.73256e+06 3.0051e+06
3.01333e+06 2.97215e+06 2.94262e+06 2.80703e+06
3.11639e+06 2.79425e+06 2.96448e+06 2.97188e+06
2.7744e+06 3.07666e+06 3.04067e+06 3.15221e+06
3.04991e+06 2.96474e+06 2.95375e+06 2.79131e+06
3.08363e+06 3.08485e+06 2.7342e+06 3.00811e+06
3.14225e+06 2.78982e+06 2.98528e+06 2.95952e+06
3.11639e+06 2.79425e+06 2.96448e+06 2.97188e+06
3.08732e+06 3.06582e+06 2.73857e+06 3.02404e+06
3.14657e+06 2.78716e+06 2.98749e+06 2.96575e+06
3.03846e+06 2.9611e+06 2.95927e+06 2.79029e+06
3.016e+06 2.97601e+06 2.93673e+06 2.80779e+06
2.81309e+06 3.03966e+06 2.98119e+06 3.06782e+06
3.14801e+06 2.78404e+06 2.98714e+06 2.97005e+06
3.04509e+06 2.95985e+06 2.94781e+06 2.79455e+06
3.03613e+06 2.94884e+06 2.95005e+06 2.80183e+06
3.03722e+06 2.95763e+06 2.95086e+06 2.79591e+06
2.81309e+06 3.03966e+06 2.98119e+06 3.06782e+06
3.08223e+06 2.78499e+06 3.02445e+06 3.00651e+06
3.10966e+06 3.09577e+06 2.71829e+06 3.00208e+06
3.01532e+06 2.97566e+06 2.93661e+06 2.80752e+06
2.81824e+06 3.02024e+06 3.00526e+06 3.06985e+06
3.11517e+06 3.09656e+06 2.72184e+06 2.99987e+06
2.81506e+06 3.04541e+06 2.98594e+06 3.05244e+06
3.10966e+06 3.09577e+06 2.71829e+06 3.00208e+06
3.10966e+06 3.09577e+06 2.71829e+06 3.00208e+06
3.0341e+06 2.94896e+06 2.94676e+06 2.80162e+06
2.78025e+06 3.07523e+06 3.0222e+06 3.14726e+06
3.10373e+06 3.09652e+06 2.72027e+06 3.01174e+06
3.11639e+06 2.79425e+06 2.96448e+06 2.97188e+06
3.11115e+06 3.08787e+06 2.718e+06 3.01361e+06
3.14225e+06 2.78982e+06 2.98528e+06 2.95952e+06
3.08116e+06 3.08553e+06 2.73528e+06 3.00842e+06
2.77708e+06 3.07284e+06 3.03881e+06 3.14953e+06
3.03846e+06 2.9611e+06 2.95927e+06 2.79029e+06
3.03674e+06 2.94632e+06 2.94005e+06 2.80526e+06
2.81493e+06 3.04925e+06 2.98501e+06 3.05457e+06
3.11336e+06 2.80036e+06 2.95498e+06 2.97751e+06
3.12318e+06 2.7909e+06 2.96483e+06 2.97666e+06
3.12365e+06 2.79089e+06 2.96412e+06 2.9779e+06
3.03885e+06 2.95999e+06 2.96028e+06 2.79435e+06
2.81493e+06 3.04925e+06 2.98501e+06 3.05457e+06
3.14225e+06 2.78982e+06 2.98528e+06 2.95952e+06
3.11639e+06 2.79425e+06 2.96448e+06 2.97188e+06
3.03946e+06 2.95355e+06 2.95432e+06 2.79817e+06
3.08718e+06 2.7798e+06 3.01934e+06 3.00843e+06
3.04509e+06 2.95985e+06 2.94781e+06 2.79455e+06
2.82072e+06 3.05058e+06 2.99981e+06 3.04458e+06
3.08223e+06 2.78499e+06 3.02445e+06 3.00651e+06
3.11303e+06 3.08641e+06 2.71651e+06 3.01741e+06
3.04119e+06 2.9597e+06 2.94807e+06 2.79483e+06
2.81755e+06 3.02684e+06 2.99705e+06 3.05947e+06
3.03674e+06 2.94632e+06 2.94005e+06 2.80526e+06
2.81824e+06 3.02024e+06 3.00526e+06 3.06985e+06
3.11115e+06 3.08787e+06 2.718e+06 3.01361e+06
3.01594e+06 2.9732e+06 2.93626e+06 2.81011e+06
3.03685e+06 2.94776e+06 2.94346e+06 2.80572e+06
2.7744e+06 3.07666e+06 3.04067e+06 3.15221e+06
3.11303e+06 3.08641e+06 2.71651e+06 3.01741e+06
3.03674e+06 2.94632e+06 2.94005e+06 2.80526e+06
3.01594e+06 2.9732e+06 2.93626e+06 2.81011e+06
3.09096e+06 3.06031e+06 2.73482e+06 3.01227e+06
3.03412e+06 2.94483e+06 2.93733e+06 2.80727e+06
2.81755e+06 3.02684e+06 2.99705e+06 3.05947e+06
3.04238e+06 2.96084e+06 2.96622e+06 2.79198e+06
3.03598e+06 2.94723e+06 2.94794e+06 2.80426e+06
3.08862e+06 3.06194e+06 2.73459e+06 3.01326e+06
3.1448e+06 2.78849e+06 2.98157e+06 2.96184e+06
3.08116e+06 3.08553e+06 2.73528e+06 3.00842e+06
3.12318e+06 2.7909e+06 2.96483e+06 2.97666e+06
3.04991e+06 2.96474e+06 2.95375e+06 2.79131e+06
3.01673e+06 2.9724e+06 2.93896e+06 2.80986e+06
3.08718e+06 2.7798e+06 3.01934e+06 3.00843e+06
3.08223e+06 2.78499e+06 3.02445e+06 3.00651e+06
3.0126e+06 3.01747e+06 2.91976e+06 2.82345e+06
2.81309e+06 3.03966e+06 2.98119e+06 3.06782e+06
3.0341e+06 2.94896e+06 2.94676e+06 2.80162e+06
2.81703e+06 3.0273e+06 2.99967e+06 3.05661e+06
3.12318e+06 2.7909e+06 2.96483e+06 2.97666e+06
3.0126e+06 3.01747e+06 2.91976e+06 2.82345e+06
3.01594e+06 2.9732e+06 2.93626e+06 2.81011e+06
2.81703e+06 3.0273e+06 2.99967e+06 3.05661e+06
3.10966e+06 3.09577e+06 2.71829e+06 3.00208e+06
2.78149e+06 3.07527e+06 3.0201e+06 3.14754e+06
3.12304e+06 2.79319e+06 2.96215e+06 2.9756e+06
3.10904e+06 3.08812e+06 2.7184e+06 3.0139e+06
3.04906e+06 2.95896e+06 2.95781e+06 2.79256e+06
2.81502e+06 3.04726e+06 2.9837e+06 3.05148e+06
3.10609e+06 3.09439e+06 2.71901e+06 2.99315e+06
3.12144e+06 2.79192e+06 2.96534e+06 2.97274e+06
3.10966e+06 3.09577e+06 2.71829e+06 3.00208e+06
3.0341e+06 2.94896e+06 2.94676e+06 2.80162e+06
3.01276e+06 2.97402e+06 2.93778e+06 2.80641e+06
2.77776e+06 3.0766e+06 3.04027e+06 3.14652e+06
3.03846e+06 2.9611e+06 2.95927e+06 2.79029e+06
3.01594e+06 2.9732e+06 2.93626e+06 2.81011e+06
3.01333e+06 2.97215e+06 2.94262e+06 2.80703e+06
3.08718e+06 2.7798e+06 3.01934e+06 3.00843e+06
3.09096e+06 3.06031e+06 2.73482e+06 3.01227e+06
3.12318e+06 2.7909e+06 2.96483e+06 2.97666e+06
3.03722e+06 2.95763e+06 2.95086e+06 2.79591e+06
2.78149e+06 3.07527e+06 3.0201e+06 3.14754e+06
3.12218e+06 2.79075e+06 2.96844e+06 2.97618e+06
3.11336e+06 2.80036e+06 2.95498e+06 2.97751e+06
3.03722e+06 2.95763e+06 2.95086e+06 2.79591e+06
2.81703e+06 3.0273e+06 2.99967e+06 3.05661e+06
3.0126e+06 3.01747e+06 2.91976e+06 2.82345e+06
2.81755e+06 3.02684e+06 2.99705e+06 3.05947e+06
2.81824e+06 3.02024e+06 3.00526e+06 3.06985e+06
3.10609e+06 3.09439e+06 2.71901e+06 2.99315e+06
3.10609e+06 3.09439e+06 2.71901e+06 2.99315e+06
2.81654e+06 3.04339e+06 2.98456e+06 3.05166e+06
3.03412e+06 2.94483e+06 2.93733e+06 2.80727e+06
3.08718e+06 2.7798e+06 3.01934e+06 3.00843e+06
3.10966e+06 3.09577e+06 2.71829e+06 3.00208e+06
3.10609e+06 3.09439e+06 2.71901e+06 2.99315e+06
3.01466e+06 2.97316e+06 2.93602e+06 2.81239e+06
2.78025e+06 3.07523e+06 3.0222e+06 3.14726e+06
3.11517e+06 3.09656e+06 2.72184e+06 2.99987e+06
3.03412e+06 2.94483e+06 2.93733e+06 2.80727e+06
3.11303e+06 3.08641e+06 2.71651e+06 3.01741e+06
3.11639e+06 2.79425e+06 2.96448e+06 2.97188e+06
3.03623e+06 2.94595e+06 2.93948e+06 2.80782e+06
2.78149e+06 3.07527e+06 3.0201e+06 3.14754e+06
3.04991e+06 2.96474e+06 2.95375e+06 2.79131e+06
3.08116e+06 3.08553e+06 2.73528e+06 3.00842e+06
3.12144e+06 2.79192e+06 2.96534e+06 2.97274e+06
3.0341e+06 2.94896e+06 2.94676e+06 2.80162e+06
2.81654e+06 3.04339e+06 2.98456e+06 3.05166e+06
3.0945e+06 2.78135e+06 3.01787e+06 3.01105e+06
3.04119e+06 2.9597e+06 2.94807e+06 2.79483e+06
3.01276e+06 2.97402e+06 2.93778e+06 2.80641e+06
2.82066e+06 3.0277e+06 3.00232e+06 3.05217e+06
3.0882e+06 2.78309e+06 3.02281e+06 3.01001e+06
3.10854e+06 3.10074e+06 2.72264e+06 3.00167e+06
3.11336e+06 2.80036e+06 2.95498e+06 2.97751e+06
3.04119e+06 2.9597e+06 2.94807e+06 2.79483e+06
2.81748e+06 3.04915e+06 2.98341e+06 3.05186e+06
3.08718e+06 2.7798e+06 3.01934e+06 3.00843e+06
3.10966e+06 3.09577e+06 2.71829e+06 3.00208e+06
3.03846e+06 2.9611e+06 2.95927e+06 2.79029e+06
2.81502e+06 3.04726e+06 2.9837e+06 3.05148e+06
3.10966e+06 3.09577e+06 2.71829e+06 3.00208e+06
2.81309e+06 3.03966e+06 2.98119e+06 3.06782e+06
3.09096e+06 3.06031e+06 2.73482e+06 3.01227e+06
3.10966e+06 3.09577e+06 2.71829e+06 3.00208e+06
3.03946e+06 2.95355e+06 2.95432e+06 2.79817e+06
2.78149e+06 3.07527e+06 3.0201e+06 3.14754e+06
3.11336e+06 2.80036e+06 2.95498e+06 2.97751e+06
3.08862e+06 3.06194e+06 2.73459e+06 3.01326e+06
3.03623e+06 2.94595e+06 2.93948e+06 2.80782e+06
3.03758e+06 2.94692e+06 2.94103e+06 2.80578e+06
3.01532e+06 2.97566e+06 2.93661e+06 2.80752e+06
2.7744e+06 3.07666e+06 3.04067e+06 3.15221e+06
3.03846e+06 2.9611e+06 2.95927e+06 2.79029e+06
3.01276e+06 2.97402e+06 2.93778e+06 2.80641e+06
2.81309e+06 3.03966e+06 2.98119e+06 3.06782e+06
3.12104e+06 2.79008e+06 2.9706e+06 2.97875e+06
3.08862e+06 3.06194e+06 2.73459e+06 3.01326e+06
3.1448e+06 2.78849e+06 2.98157e+06 2.96184e+06
3.03722e+06 2.95763e+06 2.95086e+06 2.79591e+06
2.81506e+06 3.04541e+06 2.98594e+06 3.05244e+06
3.11639e+06 2.79425e+06 2.96448e+06 2.97188e+06
3.08718e+06 2.7798e+06 3.01934e+06 3.00843e+06
3.03412e+06 2.94483e+06 2.93733e+06 2.80727e+06
3.08223e+06 2.78499e+06 3.02445e+06 3.00651e+06
3.06474e+06 2.96171e+06 2.93856e+06 2.80238e+06
3.01532e+06 2.97566e+06 2.93661e+06 2.80752e+06
3.11639e+06 2.79425e+06 2.96448e+06 2.97188e+06
3.10966e+06 3.09577e+06 2.71829e+06 3.00208e+06
3.04119e+06 2.9597e+06 2.94807e+06 2.79483e+06
2.81755e+06 3.02684e+06 2.99705e+06 3.05947e+06
3.01437e+06 2.97213e+06 2.93401e+06 2.80689e+06
2.81755e+06 3.02684e+06 2.99705e+06 3.05947e+06
3.10968e+06 3.09666e+06 2.72045e+06 3.01048e+06
3.03758e+06 2.94692e+06 2.94103e+06 2.80578e+06
3.01594e+06 2.9732e+06 2.93626e+06 2.81011e+06
2.77708e+06 3.07284e+06 3.03881e+06 3.14953e+06
3.10997e+06 3.09216e+06 2.72019e+06 3.01335e+06
3.03623e+06 2.94595e+06 2.93948e+06 2.80782e+06
2.81502e+06 3.04726e+06 2.9837e+06 3.05148e+06
3.08732e+06 3.06582e+06 2.73857e+06 3.02404e+06
