68 0.118949
170921 158466 121642
129236 147136 171346
177861 119359 159643
182599 122710 149078
128893 147341 170807
157288 160201 128315
138846 137747 160562
155290 130980 146382
164805 157928 124375
135957 140400 163236
157910 132965 141218
153381 134519 145857
170058 122093 152151
177861 119359 159643
158879 127709 142666
158732 126559 144827
130592 146791 168577
172126 123902 149782
167606 155682 123382
133662 148416 167530
170847 158848 122638
141057 152302 143841
173055 123257 150185
133913 149909 161187
150687 141908 140339
154298 124654 146536
135481 154293 141867
157668 139911 137591
137852 143464 153403
162388 155420 125636
134963 141546 158623
176139 120936 155550
158625 138851 136686
163036 157581 124971
148749 149660 128492
135846 150747 148732
140002 148659 146673
153360 129016 151263
135089 144343 156768
166628 156514 124793
176194 120695 154706
173945 122909 148920
138338 151620 144439
159142 154016 126214
138177 139990 164401
143510 144110 138600
146252 145161 133470
171564 121634 151922
177128 121359 152369
133480 149754 165433
158902 125913 142484
137469 145944 155921
136828 155573 141384
145323 138388 160088
139600 140132 153754
166771 156351 125321
174782 121109 154864
153701 131999 143570
144366 144564 137287
129603 147233 170311
157288 160201 128315
167512 156961 124065
133480 149754 165433
148749 149660 128492
150687 141908 140339
153381 134519 145857
154942 148096 132442
148235 142902 134130
179456 121372 152052
143168 153823 142570
141895 138101 160091
138231 152201 147515
153610 129132 150165
151884 130210 146427
143510 144110 138600
176985 123312 147311
135190 150665 149356
132389 145885 168357
139258 151360 147211
130943 146579 168389
147166 146589 133084
181175 121778 149247
162510 152828 125909
161578 158472 123263
151227 148357 131622
153701 131999 143570
167251 157880 123835
142281 154268 143635
181175 121778 149247
152459 142326 133986
132389 145885 168357
138125 152851 147510
146246 145312 136018
148454 148418 129701
134391 143790 157846
144226 145574 135192
161578 158472 123263
159895 140130 135912
133922 148100 163309
153360 129016 151263
