17 0.780724
1.6106e+06 1.56823e+06
1.63372e+06 1.55834e+06
1.64041e+06 1.61216e+06
1.63451e+06 1.61757e+06
1.63547e+06 1.57454e+06
1.6034e+06 1.60065e+06
1.59723e+06 1.5876e+06
1.59712e+06 1.63341e+06
1.61736e+06 1.56748e+06
1.64396e+06 1.56559e+06
1.62795e+06 1.57298e+06
1.64182e+06 1.57593e+06
1.61739e+06 1.60328e+06
1.57334e+06 1.61432e+06
1.63963e+06 1.57908e+06
1.6492e+06 1.57846e+06
1.65167e+06 1.61293e+06
1.61688e+06 1.60596e+06
1.59349e+06 1.61247e+06
1.58957e+06 1.59613e+06
1.65956e+06 1.62726e+06
1.59306e+06 1.59951e+06
1.64479e+06 1.59386e+06
1.62195e+06 1.65873e+06
1.57868e+06 1.66195e+06
1.66709e+06 1.57492e+06
1.62816e+06 1.57927e+06
1.65253e+06 1.57356e+06
1.60577e+06 1.60527e+06
1.64274e+06 1.58681e+06
1.59194e+06 1.61048e+06
1.61782e+06 1.59808e+06
1.62438e+06 1.5655e+06
1.63244e+06 1.57446e+06
1.62167e+06 1.61452e+06
1.61034e+06 1.6234e+06
1.6627e+06 1.58808e+06
1.58483e+06 1.60306e+06
1.6382e+06 1.57823e+06
1.62962e+06 1.6196e+06
1.6413e+06 1.59863e+06
1.58711e+06 1.58234e+06
1.63702e+06 1.53311e+06
1.63286e+06 1.61244e+06
1.63312e+06 1.59063e+06
1.64978e+06 1.56753e+06
1.62502e+06 1.59266e+06
1.64696e+06 1.59067e+06
1.59346e+06 1.61584e+06
1.56806e+06 1.59578e+06
1.64232e+06 1.60772e+06
1.58347e+06 1.6374e+06
1.61828e+06 1.60633e+06
1.66691e+06 1.62136e+06
1.63131e+06 1.61777e+06
1.64241e+06 1.6045e+06
1.62379e+06 1.62716e+06
1.66052e+06 1.56764e+06
1.62998e+06 1.59696e+06
1.59783e+06 1.5941e+06
1.67105e+06 1.64964e+06
1.60426e+06 1.62541e+06
1.63648e+06 1.56504e+06
1.60038e+06 1.61892e+06
1.6231e+06 1.63065e+06
1.62415e+06 1.58787e+06
1.62949e+06 1.62679e+06
1.63143e+06 1.56126e+06
1.69395e+06 1.60149e+06
1.62786e+06 1.56481e+06
1.5825e+06 1.5843e+06
1.66782e+06 1.60946e+06
1.66589e+06 1.6148e+06
1.6176e+06 1.63097e+06
1.60559e+06 1.5981e+06
1.63412e+06 1.6279e+06
1.6296e+06 1.60018e+06
1.59832e+06 1.62977e+06
1.60623e+06 1.59964e+06
1.63096e+06 1.61853e+06
1.64888e+06 1.59632e+06
1.60927e+06 1.60919e+06
1.58794e+06 1.62306e+06
1.59414e+06 1.58381e+06
1.62465e+06 1.60255e+06
1.62507e+06 1.59156e+06
1.6676e+06 1.59916e+06
1.6432e+06 1.57202e+06
1.58558e+06 1.62329e+06
1.6282e+06 1.59769e+06
1.63746e+06 1.57881e+06
1.62253e+06 1.56502e+06
1.63316e+06 1.55757e+06
1.61513e+06 1.64443e+06
1.58151e+06 1.60515e+06
1.65514e+06 1.62729e+06
1.62081e+06 1.62837e+06
1.66094e+06 1.5844e+06
1.61736e+06 1.60015e+06
1.62058e+06 1.59984e+06
1.63245e+06 1.60781e+06
1.62572e+06 1.55158e+06
1.62961e+06 1.61464e+06
1.57653e+06 1.64395e+06
1.65081e+06 1.57046e+06
1.62599e+06 1.60538e+06
1.65952e+06 1.58233e+06
1.62941e+06 1.61433e+06
1.59735e+06 1.55352e+06
1.66026e+06 1.63631e+06
1.62146e+06 1.62221e+06
1.63166e+06 1.63698e+06
1.62968e+06 1.57494e+06
1.67879e+06 1.61671e+06
1.6131e+06 1.58708e+06
1.59634e+06 1.65971e+06
1.63442e+06 1.57189e+06
1.6427e+06 1.61953e+06
1.59151e+06 1.59815e+06
1.62132e+06 1.59867e+06
1.63152e+06 1.58842e+06
1.65059e+06 1.592e+06
1.6111e+06 1.58448e+06
1.62496e+06 1.606e+06
1.61655e+06 1.59493e+06
1.55215e+06 1.61036e+06
1.68392e+06 1.53981e+06
1.54789e+06 1.61093e+06
1.60774e+06 1.61583e+06
1.59025e+06 1.63146e+06
1.63494e+06 1.62914e+06
1.60856e+06 1.59471e+06
1.61072e+06 1.63008e+06
1.62601e+06 1.57715e+06
1.61826e+06 1.57236e+06
1.67484e+06 1.61748e+06
1.61785e+06 1.56403e+06
1.64458e+06 1.57797e+06
1.607e+06 1.5667e+06
1.61764e+06 1.58148e+06
1.59091e+06 1.6134e+06
1.6118e+06 1.54696e+06
1.64212e+06 1.61416e+06
1.63422e+06 1.56552e+06
1.66762e+06 1.65227e+06
1.6059e+06 1.61379e+06
1.62665e+06 1.65272e+06
1.64063e+06 1.59867e+06
1.62493e+06 1.5995e+06
1.59452e+06 1.59557e+06
1.63026e+06 1.64e+06
1.65475e+06 1.64734e+06
1.69492e+06 1.59522e+06
1.60748e+06 1.60206e+06
1.58258e+06 1.56923e+06
1.63801e+06 1.59926e+06
1.65145e+06 1.61746e+06
1.65291e+06 1.59643e+06
1.65106e+06 1.63542e+06
1.6194e+06 1.60192e+06
1.6198e+06 1.59906e+06
1.60574e+06 1.59044e+06
1.70189e+06 1.61043e+06
1.61388e+06 1.59434e+06
1.65714e+06 1.58634e+06
1.60981e+06 1.60467e+06
1.65257e+06 1.64294e+06
1.66508e+06 1.59858e+06
1.62074e+06 1.56143e+06
1.62451e+06 1.58656e+06
1.62691e+06 1.63533e+06
1.62512e+06 1.57523e+06
1.6329e+06 1.58454e+06
1.64052e+06 1.63912e+06
1.65005e+06 1.60254e+06
1.66484e+06 1.55485e+06
1.63146e+06 1.59922e+06
1.63572e+06 1.62817e+06
1.64646e+06 1.63029e+06
1.65119e+06 1.63073e+06
1.59051e+06 1.60499e+06
1.59546e+06 1.58077e+06
1.60636e+06 1.59585e+06
1.60203e+06 1.56651e+06
1.62208e+06 1.62531e+06
1.63166e+06 1.63521e+06
1.66898e+06 1.5587e+06
1.64082e+06 1.60226e+06
1.64891e+06 1.58358e+06
1.64413e+06 1.57639e+06
1.64311e+06 1.61074e+06
1.63893e+06 1.58569e+06
1.63391e+06 1.61694e+06
1.64256e+06 1.59202e+06
1.63122e+06 1.57881e+06
1.64433e+06 1.60114e+06
1.69201e+06 1.62433e+06
1.67938e+06 1.62686e+06
1.64795e+06 1.58642e+06
1.57398e+06 1.6357e+06
1.65669e+06 1.62054e+06
1.62827e+06 1.60221e+06
1.59889e+06 1.60865e+06
1.65638e+06 1.57664e+06
1.60935e+06 1.60585e+06
1.60608e+06 1.61013e+06
1.6061e+06 1.62864e+06
1.61792e+06 1.62291e+06
1.64259e+06 1.61855e+06
1.59417e+06 1.57734e+06
1.60978e+06 1.59768e+06
1.61373e+06 1.59448e+06
1.58979e+06 1.56396e+06
1.65394e+06 1.61587e+06
1.62404e+06 1.59334e+06
1.62609e+06 1.57157e+06
1.61204e+06 1.58186e+06
1.59011e+06 1.62165e+06
1.62084e+06 1.60026e+06
1.66071e+06 1.63034e+06
1.65524e+06 1.56186e+06
1.64711e+06 1.60317e+06
1.63883e+06 1.62182e+06
1.64454e+06 1.6129e+06
1.66075e+06 1.56604e+06
1.66166e+06 1.59702e+06
1.6543e+06 1.56762e+06
1.64775e+06 1.5626e+06
1.62461e+06 1.57277e+06
1.61863e+06 1.54904e+06
1.58623e+06 1.61572e+06
1.63504e+06 1.65354e+06
1.62709e+06 1.57187e+06
1.60633e+06 1.59282e+06
1.63814e+06 1.59742e+06
1.609e+06 1.61222e+06
1.59629e+06 1.58021e+06
1.60148e+06 1.58891e+06
1.6248e+06 1.59915e+06
1.62646e+06 1.54583e+06
1.61949e+06 1.6032e+06
1.66323e+06 1.59111e+06
1.65946e+06 1.64994e+06
1.67336e+06 1.62549e+06
1.62175e+06 1.60112e+06
1.6136e+06 1.6262e+06
1.6324e+06 1.58852e+06
1.59842e+06 1.63976e+06
