13314 27.6236
150071 64318
65202 133189
65202 133189
119665 71469
65972 128047
65903 132324
105266 78405
114876 71532
141817 64506
145274 64443
80062 91371
69013 118741
71434 110391
94922 83248
91467 83864
131235 66776
76138 100035
75338 102685
128436 67410
109682 76003
108025 77744
146353 64341
150071 64318
75118 103460
78499 95878
120512 70170
134826 66377
72111 108037
73720 104390
110094 75164
112003 73871
104005 81116
113744 73382
114876 71532
69636 116480
70511 112930
99165 82153
68401 121271
67832 123469
71042 110603
84834 87431
86214 85991
72683 106104
107401 77926
96867 82774
125349 69009
122461 69064
140738 64608
137365 65637
139311 64864
70511 112930
69837 114725
84366 89393
84834 87431
102998 81119
87830 85066
100352 81300
90476 84885
68533 119486
86214 85991
87830 85066
78263 97386
77449 98959
79459 93115
126991 67771
76138 100035
77449 98959
72354 107898
72683 106104
66454 125917
66215 127908
94922 83248
96867 82774
135115 65853
137365 65637
67832 123469
67274 124995
69837 114725
69636 116480
113744 73382
112003 73871
68401 121271
104720 79713
125349 69009
79118 95072
79356 93390
104720 79713
100352 81300
130397 67238
83495 90933
81515 91056
66448 126380
78263 97386
121210 69747
122461 69064
67274 124995
99165 82153
81515 91056
65903 132324
139311 64864
