5122 300.026
3.09652e+06 2.44395e+06
2.43295e+06 3.06877e+06
2.43727e+06 3.05499e+06
2.43981e+06 2.96575e+06
3.00218e+06 2.45057e+06
3.07424e+06 2.44952e+06
2.90707e+06 2.49069e+06
2.50196e+06 2.84128e+06
2.86903e+06 2.49431e+06
2.84795e+06 2.51116e+06
2.84506e+06 2.53053e+06
2.60886e+06 2.69952e+06
2.50128e+06 2.86797e+06
2.54444e+06 2.77266e+06
2.5039e+06 2.82232e+06
2.47351e+06 2.89635e+06
2.44907e+06 2.93452e+06
2.4711e+06 2.90906e+06
2.59794e+06 2.71192e+06
2.9918e+06 2.45476e+06
2.49026e+06 2.87566e+06
2.94216e+06 2.47218e+06
2.65742e+06 2.62754e+06
2.65346e+06 2.64451e+06
2.68584e+06 2.61907e+06
2.93417e+06 2.47776e+06
2.5729e+06 2.74159e+06
2.80109e+06 2.54882e+06
2.56846e+06 2.75024e+06
2.7341e+06 2.592e+06
2.80893e+06 2.54308e+06
2.74347e+06 2.58673e+06
2.72056e+06 2.59799e+06
2.53551e+06 2.7809e+06
2.44528e+06 2.94695e+06
2.47667e+06 2.88615e+06
2.70757e+06 2.60145e+06
2.83468e+06 2.53358e+06
2.48383e+06 2.88239e+06
3.09307e+06 2.44807e+06
2.81585e+06 2.5383e+06
2.56649e+06 2.76019e+06
2.78963e+06 2.56045e+06
2.52078e+06 2.80003e+06
2.82356e+06 2.5337e+06
2.79331e+06 2.55301e+06
2.55515e+06 2.76833e+06
2.98096e+06 2.45742e+06
2.75169e+06 2.58432e+06
2.61608e+06 2.69443e+06
2.67418e+06 2.62698e+06
2.76144e+06 2.58136e+06
2.96488e+06 2.46356e+06
2.62132e+06 2.68911e+06
2.46545e+06 2.91601e+06
2.57518e+06 2.73173e+06
2.97433e+06 2.4606e+06
2.68902e+06 2.61007e+06
2.92389e+06 2.47993e+06
2.45026e+06 2.92411e+06
2.62467e+06 2.68085e+06
2.6566e+06 2.63563e+06
2.85414e+06 2.50296e+06
2.59125e+06 2.7193e+06
2.51526e+06 2.81006e+06
2.95e+06 2.46712e+06
2.78233e+06 2.56526e+06
2.6397e+06 2.67829e+06
3.07651e+06 2.44836e+06
2.67671e+06 2.62361e+06
2.55731e+06 2.76236e+06
2.72716e+06 2.59591e+06
2.65195e+06 2.65642e+06
2.52517e+06 2.7888e+06
2.58055e+06 2.72035e+06
2.6969e+06 2.60854e+06
2.49918e+06 2.87065e+06
2.77898e+06 2.57053e+06
2.76932e+06 2.5792e+06
2.43467e+06 3.06278e+06
2.50816e+06 2.81822e+06
2.77058e+06 2.57211e+06
2.53172e+06 2.78459e+06
2.95754e+06 2.46649e+06
2.91194e+06 2.4838e+06
2.70031e+06 2.60253e+06
2.64615e+06 2.6723e+06
2.63193e+06 2.67841e+06
2.57922e+06 2.72618e+06
2.64976e+06 2.6596e+06
2.44026e+06 2.95752e+06
2.64696e+06 2.66806e+06
2.86452e+06 2.49731e+06
2.85985e+06 2.50173e+06
2.5212e+06 2.79309e+06
2.44149e+06 2.95117e+06
2.9165e+06 2.48207e+06
2.51062e+06 2.81084e+06
2.59782e+06 2.71607e+06
2.45821e+06 2.92234e+06
