204 4.88843
281850 205251
278804 205816
228239 250023
255944 216449
245358 238695
269589 211058
296220 200338
257390 213200
246301 221402
242668 244696
296220 200338
252719 221174
273640 208507
243367 241431
290887 206273
290839 206313
287213 207528
240792 272198
237227 289509
234691 295109
235285 291444
239429 281812
235176 294861
256064 219612
246220 238873
270930 212117
260924 215197
270864 213697
260174 218823
248205 234139
248840 229592
248452 231800
251798 222835
251237 229508
242942 252525
306721 204998
255992 221440
277488 209697
274224 210614
280048 209114
243939 242837
245812 241785
243460 247678
304817 206311
289924 207812
239308 291804
237836 292051
238227 291913
236604 292742
238077 292032
239308 291804
238227 291913
240325 284232
239541 286472
240952 283411
247727 239646
247375 240459
271356 213205
271924 212763
263977 215198
263858 216851
262545 220016
260393 221198
249382 231399
249015 232085
254679 222993
253096 225207
251620 229886
252593 229701
258671 222241
279486 209828
275954 211777
278542 211488
278542 211488
245613 243898
245613 243898
243531 252302
317113 207775
299153 208482
291479 208673
238040 295431
238962 292309
240380 291639
240962 289479
242882 283752
242571 288968
242571 288968
248331 243242
248502 243019
248590 242168
273452 214324
268287 215672
265095 216626
272103 215517
266023 216001
262898 221039
264376 220589
262251 221400
261166 221503
251162 231709
249294 235533
250354 234310
255132 223023
254761 225162
254435 225296
253616 228042
254058 227566
254251 227032
259434 222274
289772 210055
284708 210626
285816 210457
284381 210939
276544 213739
281401 212800
278940 213544
280937 213540
246890 246324
247985 245089
247955 245987
244035 282282
244621 278189
244982 264286
245236 256342
246056 253873
304858 208600
299696 209421
238215 303318
238673 296904
241638 289897
241145 294714
243773 287785
274959 214830
274627 215606
266679 216023
263473 221837
263007 221877
263007 221877
263841 221529
252769 232583
249834 242970
249867 242035
250176 241412
250980 239761
251169 235461
252489 234481
257340 223159
256513 223624
255917 226907
253629 228423
261095 222771
289521 210488
284844 212598
277616 214257
282742 213125
280516 214106
280969 213862
281560 213831
247834 250712
246890 252943
248399 248261
248725 246927
249796 246449
245977 261635
245330 279390
245318 283475
246222 257231
246062 257495
305904 209416
313622 209155
238290 304337
238680 303277
240256 297970
240468 297891
242421 291868
242266 292248
242182 297247
242182 297247
244441 287829
277102 215765
268647 216507
268112 219572
263062 222384
265847 222134
265710 222229
253531 233666
250261 243196
250958 242845
251539 236905
251405 240469
253310 234982
260640 223511
257209 226492
258894 224051
258141 224073
256159 227411
256159 227411
254342 230280
254262 232494
253879 232929
262657 223473
291289 211352
290336 212362
297009 211087
300677 210640
286882 213008
284742 213152
281335 215170
282654 214117
282654 214117
247044 255818
248432 250570
248636 248883
250172 247884
245501 280070
245334 287772
245428 287169
315093 209362
316174 209225
239864 310796
242029 298222
240807 304107
241182 300428
242666 292328
242666 292328
244696 288798
279840 216405
279085 216425
270428 217440
269664 218156
269683 217674
270924 216867
268182 220002
265416 223307
265416 223307
267556 222608
267919 222491
266859 223134
250463 244838
250410 246579
251025 244694
252002 237092
251593 244509
251968 242349
261398 223842
257444 227373
259175 225279
259509 224441
258491 226031
260810 224192
256971 227664
256408 228673
254372 231126
254721 230799
254348 232798
253996 235151
264668 223479
291582 211574
290708 212747
297678 211130
297678 211130
301029 210934
314068 210805
301029 210934
286700 213184
283307 214578
285391 214516
247159 265074
248550 251708
248505 254420
248884 250460
249875 250241
250219 249843
246498 282395
246192 282583
245949 287183
245729 287960
316074 209817
240152 310884
241862 300536
241468 308295
243054 293912
242777 296526
243407 292382
243272 293178
244731 290991
280207 216456
270324 219803
270324 219803
270324 219803
270773 219744
278269 217466
271132 218857
273826 218218
276714 218037
275166 218174
273246 218729
269920 220995
269808 221887
269126 222252
266769 223333
267906 223187
250888 245526
250995 245070
250668 248804
253853 238149
253029 238726
253469 238500
252666 242654
252461 244812
263756 223921
257925 227522
259384 226079
260977 225742
263689 224754
257653 228289
257415 229062
255286 231901
255429 231514
254556 235133
254893 232937
254758 233740
254213 236201
293644 211805
293264 212123
303780 211275
301692 211366
287475 213378
284590 215908
287459 214787
248019 280063
248046 275482
247724 281127
248753 260309
249598 253539
249605 251808
250440 249998
246404 284220
246749 283044
246321 287662
270330 220493
270067 221949
273829 218442
272092 219647
277037 218256
279296 218188
255358 234058
260463 226446
254705 236339
267366 223752
257666 228724
260410 226580
263805 223999
253041 238996
258625 228269
255794 231980
269197 223751
254569 236607
260993 225873
243234 294817
280217 217099
295625 211890
242749 307088
242928 300388
284780 216304
250708 253539
246562 290080
294012 212628
244254 293373
248888 268029
289025 215039
284222 216764
251702 245311
245534 291944
290262 213513
240948 311149
249647 253606
302427 211655
244088 294324
251018 249108
246858 283450
246619 286739
243083 296114
250719 250057
