2960 24.8666
390421 261588 243546
230463 377078 219022
152419 347790 314241
314495 337201 148889
243292 254429 359414
335799 163385 301527
249673 288223 329889
226006 365318 225454
243292 254429 359414
306021 214083 302679
315636 230030 266543
319524 222283 265602
267143 270798 343566
243133 255661 352098
385110 258708 245040
168487 339996 305787
297174 312634 177139
357687 283589 241328
276570 309744 199945
224892 315662 277248
160349 344732 313401
331317 195868 290657
371405 267176 246744
333577 203400 288782
155822 348630 311322
205494 313574 291397
291810 316043 186748
315229 333779 150267
320032 175809 303522
190968 320099 299064
316926 233153 262860
244273 278883 333775
220172 311969 283297
311669 334469 159673
232212 374875 217171
237692 281966 336515
235174 275871 341251
183081 328343 297482
313879 327842 157213
286859 274524 326189
326594 209828 286637
309067 318828 172744
222281 296715 281734
227489 361704 229640
285018 306253 206184
332903 169071 307921
340780 243373 256611
224513 303636 279204
348174 260758 250424
177374 328732 299866
366596 267258 249583
346576 247325 253009
197659 324445 295154
279697 307483 197930
298709 312533 180555
378385 256379 247151
237058 353150 223298
291556 274087 327066
352965 238042 253603
163405 340748 313123
300146 301425 212968
282183 306262 200901
165116 340538 316692
318234 224625 264214
233451 372829 220210
270474 266636 334081
377356 257535 248465
341102 246203 255178
187212 324968 295023
302386 295907 208487
293402 316393 183769
321638 192952 299707
319586 180854 302830
301079 240861 314468
278119 307191 203275
255450 264484 346795
190148 323414 296425
353441 238018 257928
313792 235052 263054
199684 317767 303875
361192 277959 241633
264228 273278 342784
293018 305141 193521
207536 313069 290238
175391 332194 297698
261016 293547 321775
316761 227541 264454
332436 203865 287859
328047 188280 293698
255725 266750 346411
305569 329602 161386
220183 308321 284350
307707 324513 170158
308974 326724 167185
345523 244133 255686
335799 163385 301527
331186 208283 291017
293018 305141 193521
235875 353250 222534
213136 313095 287253
