1844 44.8504
196084 105198
139986 142538
146843 126788
146911 123977
191712 105350
195857 105280
146620 127262
146228 129720
140653 138814
140514 141408
149194 120395
148444 121979
154129 114363
187244 106010
184424 106030
162696 108801
162213 110161
189795 105651
144686 129759
144453 131237
153629 115601
150616 118589
140514 141408
167557 107899
165665 108107
187604 105848
158692 112099
151242 117633
150092 119057
149383 119924
165015 108445
163291 108600
157324 112231
156559 112989
191543 105602
189795 105651
153462 116282
139986 142538
143905 132323
143784 133349
162213 110161
161635 110881
146228 129720
144686 129759
144453 131237
144157 132062
159367 111527
143784 133349
148430 122040
173214 107049
142687 135024
142619 135936
174571 106997
156068 113614
148012 122696
155327 113749
154754 114286
147740 123618
146911 123977
141141 137261
141111 138113
143326 134050
151870 117239
151242 117633
153629 115601
177143 106862
175973 106871
165665 108107
165015 108445
160976 111129
160304 111426
148012 122696
147848 123312
141111 138113
140896 138686
158345 112224
175973 106871
175058 106945
168494 107798
167579 107872
143326 134050
150535 118686
150092 119057
152549 116443
152327 116961
141464 136819
141141 137261
161635 110881
160998 111102
171552 107263
160290 111501
159367 111527
143125 134519
146620 127262
157280 112809
143146 134424
163291 108600
162696 108801
149383 119924
149194 120395
172277 107150
142607 136092
142045 136289
179959 106605
179155 106626
184361 106197
183700 106307
143053 134999
146843 126788
173031 107145
172277 107150
171058 107465
170304 107470
181031 106398
180375 106463
154754 114286
177427 106701
170121 107566
178137 106682
181681 106385
181031 106398
178137 106682
169530 107579
168872 107583
141599 136560
178777 106674
144157 132062
143905 132323
180375 106463
179959 106605
168872 107583
168562 107794
182321 106377
169530 107579
182882 106355
156068 113614
155554 113667
153034 116375
152549 116443
181741 106379
147848 123312
147740 123618
153034 116375
182321 106377
191712 105350
191543 105602
158345 112224
187544 105854
187244 106010
139986 142538
171492 107269
171089 107351
141599 136560
141464 136819
183326 106308
182882 106355
157040 112969
175036 106972
174571 106997
151976 116980
151870 117239
179155 106626
178777 106674
141946 136354
140896 138686
140653 138814
141946 136354
143053 134999
142687 135024
183700 106307
183326 106308
187604 105848
177427 106701
177200 106783
155554 113667
155327 113749
173031 107145
170304 107470
152267 116967
151976 116980
157280 112809
157164 112930
173214 107049
142619 135936
142607 136092
184364 106036
184361 106197
150535 118686
170121 107566
171089 107351
171058 107465
142045 136289
157164 112930
157040 112969
177200 106783
177143 106862
196024 105204
196024 105204
195857 105280
160304 111426
160290 111501
195857 105280
148444 121979
195857 105280
168562 107794
168494 107798
196084 105198
187544 105854
184424 106030
184364 106036
181741 106379
181681 106385
171492 107269
152327 116961
152267 116967
175058 106945
175036 106972
167579 107872
167557 107899
160998 111102
160976 111129
196024 105204
196024 105204
196024 105204
196024 105204
196024 105204
196024 105204
196024 105204
196024 105204
196024 105204
195857 105280
195857 105280
195857 105280
195857 105280
195857 105280
195857 105280
195857 105280
195857 105280
195857 105280
195857 105280
195857 105280
195857 105280
195857 105280
195857 105280
195857 105280
195857 105280
195857 105280
191712 105350
187604 105848
187244 106010
187244 106010
190568 106161
171006 120650
176872 107059
172031 120083
172209 108222
172246 107264
172246 107264
181639 107340
173059 117407
178704 109968
175047 114862
176202 113262
177474 110530
186756 107642
174708 121271
176434 116023
184439 109635
181497 111145
177977 113441
182287 110762
177104 113594
196149 107645
176101 132416
187850 109210
191139 109142
176506 127715
182733 111374
176603 121404
181730 115298
178597 121350
180635 118177
182182 112123
179866 119475
180096 118986
197122 108741
177563 122418
183525 113985
188520 110969
193805 109729
183498 118041
180346 120832
190483 110357
182418 120320
177583 122224
183017 118986
199728 108876
178399 133179
183589 115867
193487 111518
188759 113415
178892 125465
199361 109708
182480 121099
190376 112363
180405 123361
182120 121941
179959 125125
195075 111767
178512 133180
187390 117204
180218 126145
189724 113662
186393 121129
182913 121747
182844 124829
192611 113360
181202 124943
193137 112744
194983 112588
197491 113108
180381 134953
180628 127096
183746 122651
187401 118810
191039 113810
197075 113728
182812 124999
188617 117789
190036 116630
190987 115345
200535 113108
181232 129965
184245 122990
192029 113834
187411 121851
188201 119956
190428 118903
191156 115459
190878 116912
193754 115265
183833 137254
184641 124005
188282 121756
191547 118964
184141 131176
184268 128771
189513 120447
190692 119273
194945 115299
184229 136088
194030 119565
188975 121862
186018 130132
185636 135593
186467 127327
188087 126510
188304 123484
207452 118033
184540 143741
187519 133629
200616 118579
194597 121792
187799 127441
196736 118669
189843 122334
188600 123673
203017 118869
188369 127999
190387 122597
197226 120345
188686 125285
201593 119632
190139 124739
198192 119868
206668 119633
189644 131098
195278 122647
191489 125769
189714 130938
192865 124585
192944 123604
195168 123300
216645 123148
190214 133140
193245 125780
202808 124115
192847 133067
194673 124170
202436 125139
193857 135246
195040 125190
194676 128560
194811 127787
194846 125890
197905 125206
194201 141822
195608 132980
194647 138921
196529 130198
197769 128264
197882 125457
217513 125917
194774 140655
204341 127458
199195 132246
196381 135067
201036 128207
195524 139580
203747 128260
196960 140531
201295 134996
199510 136829
207678 128502
198481 141284
200376 137055
204197 131610
206040 128996
205143 130793
200502 137678
199023 141641
211082 143528
203885 153720
206564 152545
181264 106751
139986 142538
146911 123977
146843 126788
146228 129720
140653 138814
140514 141408
146620 127262
149194 120395
148444 121979
144686 129759
144453 131237
158745 110729
158043 111794
154129 114363
153629 115601
181264 106751
140514 141408
179448 106780
161927 110174
160434 110399
150092 119057
149383 119924
168526 108368
167121 108552
164173 109534
162712 109667
146228 129720
144686 129759
169980 108015
171278 107981
143905 132323
143784 133349
139986 142538
143784 133349
143326 134050
144453 131237
144157 132062
147740 123618
146911 123977
156559 112989
158043 111794
157324 112231
152728 116935
159701 110530
158745 110729
148012 122696
165559 109188
164446 109202
142687 135024
142619 135936
151870 117239
151242 117633
174668 107482
173642 107512
178533 106854
141141 137261
141111 138113
176164 107172
175249 107246
153629 115601
153462 116282
146620 127262
152643 117103
151870 117239
179448 106780
160434 110399
159701 110530
141111 138113
140896 138686
148012 122696
147848 123312
150535 118686
150092 119057
169772 108106
169080 108253
141464 136819
141141 137261
165590 109063
142607 136092
142045 136289
148430 122040
146843 126788
172898 107753
167121 108552
166654 108794
153377 116450
177953 106950
177345 107055
166253 109033
157114 112409
177953 106950
176744 107076
176164 107172
166654 108794
166253 109033
178533 106854
156188 113128
155986 113526
172258 107771
164446 109202
164173 109534
162326 109788
162008 110077
157114 112409
143125 134519
143053 134999
177345 107055
176744 107076
155986 113526
155510 113644
143326 134050
154500 114224
141599 136560
151004 118426
150616 118589
153377 116450
175066 107342
174668 107482
151136 117892
151085 118329
144157 132062
143905 132323
169080 108253
168574 108277
156559 112989
156188 113128
139986 142538
162712 109667
162326 109788
154642 113832
173041 107642
148430 122040
155510 113644
155073 113687
155013 113693
154702 113826
154440 114230
154129 114363
143146 134424
141599 136560
141464 136819
173417 107601
141946 136354
151242 117633
151136 117892
143053 134999
142687 135024
140896 138686
140653 138814
172258 107771
171894 107780
149383 119924
149323 120196
171676 107841
171356 107883
149323 120196
149194 120395
141946 136354
173642 107512
173417 107601
169772 108106
175249 107246
175066 107342
147748 123373
147740 123618
143146 134424
152728 116935
152643 117103
157141 112327
169980 108015
150616 118589
150535 118686
142619 135936
142607 136092
171356 107883
171278 107981
173041 107642
151085 118329
151019 118425
165559 109188
142045 136289
157297 112313
171827 107824
171676 107841
147848 123312
147748 123373
172898 107753
168574 108277
168526 108368
154642 113832
161927 110174
143125 134519
153402 116288
153381 116379
157324 112231
157297 112313
171894 107780
171827 107824
161981 110102
153381 116379
179448 106780
148444 121979
161981 110102
155073 113687
155013 113693
154702 113826
154500 114224
154440 114230
153462 116282
153402 116288
165590 109063
162008 110077
157141 112327
179448 106780
151019 118425
151004 118426
181264 106751
179448 106780
179448 106780
179448 106780
179448 106780
179448 106780
179448 106780
179448 106780
179448 106780
179448 106780
179448 106780
179448 106780
179448 106780
179448 106780
179448 106780
179448 106780
179448 106780
179448 106780
179448 106780
179448 106780
179448 106780
179448 106780
179448 106780
179448 106780
179448 106780
179448 106780
179448 106780
179448 106780
179448 106780
179448 106780
179448 106780
178533 106854
178964 107640
165408 124548
170301 108153
165800 116418
166017 110939
173842 108177
166924 139468
166989 111090
173794 111034
184087 108448
167194 133841
167550 114168
176888 108612
170062 112920
172825 111661
172560 112825
175220 110754
175672 110602
182609 109790
170550 117518
174200 112730
178225 110928
178078 111291
171383 116783
171676 113859
172794 113534
185308 111309
170783 124998
172205 115860
181529 111761
171466 122615
175101 112919
173721 114043
184832 111488
183021 113317
172294 118851
174016 117611
175411 115129
178761 114269
180255 113376
176470 114988
180496 113695
172651 120072
177208 117799
179731 114575
173847 119647
184087 113979
173498 122116
179856 115699
178787 118807
176706 121073
178004 120134
182353 114874
182333 115518
176868 120301
182878 115505
173754 128400
177563 120919
175759 123971
173916 124846
180555 119674
181335 116990
180945 119029
189469 115573
173798 132172
177657 121257
182475 117454
183078 116562
176999 126342
173888 129671
174973 127916
175682 126823
186149 116898
178328 122078
183146 118847
181022 121500
185331 116935
179227 121771
186759 117141
178498 123125
184420 119087
181690 121613
180551 123072
190528 117924
178572 131994
179148 127241
180588 124177
185431 119539
188035 118471
184393 122475
182965 123408
192825 118285
179209 140914
180433 132028
183726 123970
180930 125730
187717 121355
188384 118622
188698 120631
180473 139738
184792 124308
180969 130619
183125 126122
181624 127892
181150 129166
191261 120829
181874 132862
188207 124636
182048 129579
185900 129353
186843 128744
186957 125287
187331 124736
191495 122656
182519 138161
187314 125525
182900 131605
186403 130470
182888 135362
186977 128099
197599 123697
183002 132185
187577 129715
194988 125932
187981 126348
201393 125630
183230 135137
190363 126477
187754 132949
183416 133470
188178 130592
189203 128800
188541 129318
189724 127393
190298 127149
192185 126559
183687 139468
187539 135148
189521 132520
190726 127069
189529 130309
185147 135756
183989 135758
193726 126602
184541 140191
186478 137048
190465 135705
191555 128792
189808 135723
184689 138598
192389 127202
191600 127965
197307 129690
185060 157679
186366 139236
193139 131927
189520 137310
193647 129767
189417 139127
196607 130146
189642 138263
193858 134512
194068 132945
199041 133525
190853 150822
195575 135970
197219 133614
198708 133567
197451 134866
195774 137726
195786 139500
200979 144464
199349 148992
202803 148352
209146 150986
