10111 89.1858
193680 114476
193680 114476
143929 147085
185265 115203
181827 115670
177621 117431
174429 117707
161770 126056
160584 126987
160013 128375
160584 126987
160013 128375
159793 129828
146361 144630
145485 145624
145222 146626
178708 116368
159016 130366
158347 131384
164119 124341
162637 124801
191608 114574
161770 126056
193680 114476
186773 114968
185265 115203
181827 115670
180319 115905
170566 119630
169725 120290
191367 114617
189767 114771
162469 124979
145485 145624
146961 143395
146451 144190
189767 114771
188099 114802
147963 141334
147796 142338
150415 138211
150212 139176
180319 115905
159793 129828
159016 130366
171748 119369
170566 119630
188099 114802
186773 114968
174249 117956
173213 118271
169282 120587
168047 120751
178708 116368
177710 116684
166154 122356
165724 122978
157937 131933
157794 132743
164272 123582
164119 124341
156709 132952
156474 133655
153983 135249
153151 135556
168047 120751
167749 121382
158347 131384
157937 131933
177710 116684
177621 117431
151138 137896
150415 138211
144796 146995
156072 133751
155807 134298
172564 118567
172220 119010
172220 119010
171748 119369
162469 124979
164672 123210
164272 123582
146961 143395
143929 147085
166618 122105
166154 122356
157794 132743
157108 132848
153075 135732
153017 136245
155261 134806
154452 134818
172564 118567
165375 123161
164672 123210
167083 121909
166618 122105
167340 121591
167083 121909
180319 115905
154452 134818
154072 135030
147299 143044
148558 141075
148220 141304
147299 143044
165724 122978
165375 123161
172972 118314
151138 137896
152529 136800
150027 139514
149790 139752
147598 142524
147437 142806
151755 137406
151661 137715
174429 117707
174249 117956
144984 146836
157108 132848
156709 132952
156474 133655
156072 133751
149153 140074
149128 140410
151978 137200
151755 137406
152129 136955
151978 137200
151556 137776
148731 140650
147437 142806
152766 136562
149532 140003
149153 140074
147796 142338
147598 142524
172972 118314
148580 140884
162637 124801
144984 146836
154072 135030
153983 135249
149769 139765
149680 139984
152766 136562
167664 121536
167340 121591
155807 134298
155486 134349
191608 114574
146378 144386
146361 144630
148580 140884
155344 134486
155338 134729
169655 120514
146451 144190
146378 144386
149111 140438
149002 140600
155486 134349
155344 134486
149002 140600
148731 140650
153151 135556
153075 135732
153017 136245
152941 136421
169361 120566
144796 146995
167749 121382
167664 121536
148558 141075
152899 136448
191367 114617
173213 118271
148220 141304
147963 141334
151556 137776
152529 136800
152433 136919
150212 139176
150116 139295
152391 136946
152129 136955
150102 139408
150027 139514
169725 120290
169719 120423
169719 120423
169655 120514
151661 137715
155338 134729
155261 134806
150116 139295
150102 139408
149680 139984
149532 140003
169361 120566
193680 114476
143929 147085
169282 120587
152941 136421
152899 136448
152433 136919
152391 136946
149128 140410
149111 140438
149790 139752
149769 139765
193680 114476
193680 114476
193680 114476
193680 114476
193680 114476
193680 114476
193680 114476
193680 114476
193680 114476
193680 114476
193680 114476
193680 114476
193680 114476
193680 114476
193680 114476
193680 114476
193680 114476
193680 114476
193680 114476
193680 114476
193680 114476
193680 114476
193680 114476
193680 114476
193680 114476
193680 114476
193680 114476
193680 114476
193680 114476
193680 114476
193680 114476
193680 114476
193680 114476
193680 114476
193680 114476
193680 114476
193680 114476
193680 114476
193680 114476
193680 114476
193680 114476
193680 114476
193680 114476
193680 114476
193680 114476
187633 117659
168227 126791
175191 126736
177604 119824
178988 119132
184372 121033
173148 131283
177676 124940
179982 123173
177090 128627
176296 130376
181521 121403
186356 121786
174594 132949
179392 128424
180881 125003
176515 131219
184821 124025
185496 122223
195010 122981
176518 144386
176708 135708
179486 131465
185211 124421
181183 127716
191439 123888
177700 133387
183408 126637
184631 125379
193091 123328
191913 123673
197210 123931
177162 137251
187160 124800
194709 123990
181471 131556
181580 128146
178655 134317
179831 134078
185029 126788
184116 127194
202499 124363
177313 142931
201122 125978
179275 134490
189469 126106
182526 128317
186455 127985
182166 130831
188212 126888
182099 133389
180060 134362
181990 133600
194901 126155
179563 145257
179828 138858
182374 131760
190449 126190
181569 135384
180916 137491
188309 127163
186697 128316
185049 131665
189370 127156
185880 129983
181222 135946
185449 131200
186518 129356
191264 126332
179846 140233
187187 129633
183590 133080
190998 128368
186412 131853
181654 136336
179997 139049
182559 135685
195403 126579
180009 142150
187717 130270
191543 129228
181916 138962
192095 126992
186982 132940
182917 137721
183975 136223
185252 134289
184670 134951
204612 126664
180293 142914
200102 127356
188308 130395
194819 128885
193729 129157
183988 139205
187973 133957
182422 142029
184744 137797
186737 134796
185461 135285
184854 136544
181114 142553
207681 128954
183503 148728
195153 129264
183995 139290
183512 143507
186219 135289
188574 132817
194379 129865
190485 130486
190983 130485
188026 134654
187269 135170
199375 130340
183962 148930
184422 143246
191242 130954
186228 138373
190615 132791
187210 135414
187155 135785
199473 130595
184738 150247
189100 135591
185765 143688
193181 131007
192426 131299
185043 148835
187642 135839
187507 140607
186925 141013
199512 130782
185941 147280
188123 138357
187334 144346
187462 141968
192929 135365
197464 132087
189453 135659
189098 136621
195518 132388
194061 134764
195010 133339
194598 134206
197611 132112
186437 152665
188347 145268
193586 136968
188389 138544
189538 137707
196291 135351
194814 135357
197314 133112
194628 136890
189337 137895
197506 133033
197966 132606
187362 154451
188734 138612
194773 137355
197393 135355
195665 135779
194823 135880
205668 133113
188751 144160
190410 138853
196778 138279
189367 140558
198411 134919
197448 136507
201838 134088
202325 133198
207407 133274
188909 145382
198750 135687
189490 142277
198109 137883
191145 140745
196634 139054
194072 139405
191966 139417
204370 136714
189658 147984
194817 139705
190666 144629
191205 141009
200295 137103
200359 137037
204255 137848
190722 145190
191375 142160
198410 141688
200700 139556
198777 139965
204290 139244
191302 153052
202947 141788
196560 142393
191498 147091
194172 145376
192371 145801
194243 143140
195311 142521
206055 139982
191430 155724
196175 144101
192437 150651
194554 145309
192513 148466
195976 144477
199436 144237
192490 155928
192699 149465
194773 146126
197332 145003
201954 144654
194617 156777
195119 147288
198253 145187
210153 146365
196015 156852
198586 147418
196312 148480
197928 147927
210203 147089
196538 160230
200738 148597
199006 154433
197755 157366
200877 150398
198320 164168
211343 152536
201444 154099
211699 155449
202322 155542
211626 157228
209689 170523
