161 5.70802
853190 770862 785479 759755
828597 781463 731750 809011
819316 735977 815898 814268
804657 792646 787845 737364
798024 837137 736794 788440
780389 763981 777508 850831
747955 788029 830285 833988
733223 817402 781170 763119
747955 788029 830285 833988
780389 763981 777508 850831
833494 826266 738493 769752
848047 752797 784906 775623
733223 817402 781170 763119
839702 741036 775871 795491
763692 822494 774628 790605
757998 763035 802408 789063
768367 806254 825974 756611
787566 801127 806521 753232
833494 826266 738493 769752
800098 784947 796492 740601
780594 766635 816312 747352
779029 782330 762005 805870
764993 761274 822346 792850
792765 777619 750310 824700
790270 794867 746350 822686
776678 794640 818495 754911
827270 748811 793864 777603
751637 779989 768707 793700
792906 800461 741584 830753
800061 789999 809325 744016
804657 792646 787845 737364
822463 795414 743822 764782
783283 807020 733220 815391
784171 811846 782495 767439
799267 759110 767055 803316
790804 791212 788568 748527
785314 788807 753096 796287
800061 789999 809325 744016
767211 761473 794688 819888
791481 751016 794710 791126
810058 749945 805940 777838
778454 761042 805371 767832
792906 800461 741584 830753
819316 735977 815898 814268
853190 770862 785479 759755
796587 768489 802253 749958
828827 739202 809624 788520
778410 815100 798990 749703
792200 811020 746675 810510
800752 802341 783829 759721
780025 770925 760757 809012
777134 782308 810444 776288
836492 802727 782553 749323
798619 746865 800057 792189
748496 798227 793480 783480
783307 805970 755042 782259
773462 762250 825318 779773
823818 785247 790563 748741
779965 774715 764257 774073
781508 755271 773396 827896
806488 789575 788994 756407
805552 769400 745543 811574
808793 792934 734474 799893
811524 752148 791958 779537
814271 764783 740850 791561
759796 745205 802567 797883
749411 768109 781727 776376
821401 808250 784287 755007
781508 755271 773396 827896
774632 772663 776505 801864
781521 754337 781305 816347
787433 794281 786603 761660
785223 753778 784238 786895
789739 765596 767203 804741
796783 789745 797024 753317
801561 768213 814881 757502
807511 741371 820353 775519
829209 759663 756338 790193
782761 747721 781171 820039
786222 780546 795695 771238
807426 792787 744327 779860
759773 807293 751641 795888
792672 743135 756847 804283
784042 757699 775647 802049
777792 779687 763792 790867
765935 799277 773934 778884
763814 796634 811747 774711
821401 808250 784287 755007
764054 816618 758295 784992
820867 779846 734275 812173
807511 741371 820353 775519
761156 801629 779503 781306
795932 785402 772655 760370
781022 745689 811968 769399
760753 766552 812579 772139
803492 756059 800425 771899
776413 775859 771414 801316
785550 753092 778828 810950
767667 770043 769944 808441
832516 756958 785377 784458
765674 793215 781623 782356
803677 783610 769813 758589
801853 779701 749069 794749
779811 781513 759215 800674
772140 801886 781173 770121
777717 779290 778066 785319
774636 779405 771461 793668
818059 738620 788103 809675
815441 748568 759960 796890
781140 764776 773203 799241
775905 742167 804216 812916
789562 738319 789270 797868
767416 763549 784715 794345
798401 803678 788535 753258
749272 788394 759830 798737
794078 742285 803597 787512
783692 796823 792627 767806
789012 772427 789055 770952
765935 799277 773934 778884
787827 776582 790526 772170
759773 807293 751641 795888
792672 743135 756847 804283
834967 753148 769654 784114
820709 759709 743584 789073
808236 775536 802132 761449
751637 779989 768707 793700
769750 806167 754976 787333
773462 762250 825318 779773
781104 774127 788349 773046
775905 742167 804216 812916
786869 755738 779137 798419
812080 754485 796501 779423
809445 766627 747731 796935
767700 787233 769687 785866
828597 781463 731750 809011
789377 811620 768164 759830
808179 780249 794269 758442
764054 816618 758295 784992
809580 758406 795822 774256
787193 759268 782860 788917
765583 776301 780853 798637
806210 758298 776886 793302
782609 815443 796562 767817
778087 798480 756132 789517
787827 776582 790526 772170
802933 778096 793168 762651
818059 738620 788103 809675
815900 759904 773262 784553
794804 801771 781803 762604
801561 768213 814881 757502
835417 755856 791394 783105
773298 745666 802315 789315
794078 742285 803597 787512
815291 780863 782258 761972
812936 759844 786835 782201
837567 759992 796559 772140
796139 780701 745156 766106
787086 755643 772726 806836
802933 778096 793168 762651
835417 755856 791394 783105
782586 798422 799719 765995
814769 774332 782343 758504
818615 768929 812031 748726
790008 760025 750461 762737
764463 773880 781082 789458
799272 749311 768545 793913
811950 786472 775050 758243
767020 783888 746745 802590
771178 753432 793837 811223
768985 788792 802259 755004
812799 738550 792250 791827
803529 772583 746913 784408
764736 767807 797931 791910
789562 738319 789270 797868
795643 788206 811634 758238
780194 784906 802913 763411
778410 815100 798990 749703
761741 766907 776192 803784
761741 766907 776192 803784
761156 801629 779503 781306
783115 769435 774649 796663
772014 756452 782260 788925
781521 754337 781305 816347
794456 811048 749664 764089
776454 783391 812323 773889
809445 766627 747731 796935
776546 756675 781909 807731
782586 798422 799719 765995
780451 765052 767790 804148
796139 780701 745156 766106
811950 786472 775050 758243
808793 792934 734474 799893
812936 759844 786835 782201
820709 759709 743584 789073
790008 760025 750461 762737
761741 766907 776192 803784
797869 759834 781194 796744
767700 787233 769687 785866
789012 772427 789055 770952
795643 788206 811634 758238
777876 765145 774905 780616
770897 759461 798082 784913
801474 756640 801133 783301
810695 759814 767656 802648
765186 766265 792386 800755
764736 767807 797931 791910
798401 803678 788535 753258
829209 759663 756338 790193
832516 756958 785377 784458
801471 759225 789059 784590
794456 811048 749664 764089
801853 779701 749069 794749
808236 775536 802132 761449
834967 753148 769654 784114
777717 779290 778066 785319
776454 783391 812323 773889
810695 759814 767656 802648
783628 770831 812092 760581
760753 766552 812579 772139
832516 756958 785377 784458
818758 745306 792724 787207
779811 781513 759215 800674
770095 811123 792016 772048
779965 774715 764257 774073
814271 764783 740850 791561
778087 798480 756132 789517
782761 747721 781171 820039
823300 756667 750002 812567
777876 765145 774905 780616
771114 773977 768296 816304
783628 770831 812092 760581
806210 758298 776886 793302
787086 755643 772726 806836
780194 784906 802913 763411
765186 766265 792386 800755
823818 785247 790563 748741
769750 806167 754976 787333
770226 785201 756491 771226
801474 756640 801133 783301
837567 759992 796559 772140
799272 749311 768545 793913
782941 784356 802683 760463
782941 784356 802683 760463
792200 811020 746675 810510
796783 789745 797024 753317
776546 756675 781909 807731
767020 783888 746745 802590
765583 776301 780853 798637
789562 738319 789270 797868
767667 770043 769944 808441
818758 745306 792724 787207
733223 817402 781170 763119
767667 770043 769944 808441
770226 785201 756491 771226
823300 756667 750002 812567
784171 811846 782495 767439
814271 764783 740850 791561
823300 756667 750002 812567
770897 759461 798082 784913
775905 742167 804216 812916
781022 745689 811968 769399
771114 773977 768296 816304
815900 759904 773262 784553
771178 753432 793837 811223
764463 773880 781082 789458
815291 780863 782258 761972
770897 759461 798082 784913
809580 758406 795822 774256
776413 775859 771414 801316
795932 785402 772655 760370
776413 775859 771414 801316
774636 779405 771461 793668
759773 807293 751641 795888
770095 811123 792016 772048
801853 779701 749069 794749
795643 788206 811634 758238
773462 762250 825318 779773
782586 798422 799719 765995
767700 787233 769687 785866
835417 755856 791394 783105
818059 738620 788103 809675
796139 780701 745156 766106
789562 738319 789270 797868
770226 785201 756491 771226
759773 807293 751641 795888
733223 817402 781170 763119
838464 757761 823326 784069
831448 808068 754942 798027
818468 786096 808637 746780
810047 828782 759537 790682
788778 754959 783297 813652
783444 745272 805882 803234
767354 809917 790851 796879
815107 804371 798683 766031
803972 771876 816237 773335
821349 760747 778686 772355
836922 765628 776372 800581
811019 785970 815019 769067
797742 818336 769722 790191
830901 785888 780751 771151
779070 819486 803125 776723
773870 802699 793835 804034
791699 790726 788559 776558
786463 784046 800450 783845
816854 793921 760819 795835
777490 781374 803615 788118
782306 767977 773184 808270
821274 778460 788631 779059
805651 791101 762991 789557
808417 748700 804093 804767
801486 779688 791129 778466
793469 775789 775436 802955
807255 754889 779382 805692
770294 767884 801542 805872
797852 772881 766874 803356
769032 789094 756312 807179
795937 795387 774174 772597
802049 780479 764071 812518
773895 784178 782491 792165
816684 763844 793997 796492
779933 778217 808759 772694
815995 789056 759554 809594
802341 747918 768551 807673
809549 774006 774029 786878
808702 785276 783610 772341
819075 803782 773793 769598
787797 794609 781782 772113
794507 764978 782817 791237
810615 770201 774191 795837
779933 778217 808759 772694
846291 801566 786097 777057
825467 785891 770824 835241
820653 796224 797252 774891
817962 804062 765591 816648
812031 763615 794923 809115
811365 776565 820096 795390
808893 832265 770526 814596
775717 799330 790207 815655
830880 778407 774937 799630
784177 810348 811276 790066
782374 822928 798330 792854
842528 804061 772151 791960
788890 787806 817905 784644
788697 807186 794306 804663
794507 798062 783418 800087
803753 816388 794772 778002
800990 801277 767105 821069
783131 799766 776383 825576
791557 803135 773085 817988
806939 777349 775869 828648
814320 808226 790942 782366
827723 780505 802229 783563
794802 798168 807182 775772
810947 770599 787286 798016
799254 789652 781105 832806
796086 765187 788559 797891
786258 794748 790033 807504
786502 768582 797761 821637
784026 789280 801435 830384
781788 790439 819943 824407
785731 776130 799096 809730
804560 815776 804983 780289
843427 771652 791241 793432
801874 784799 810034 786463
780694 807598 791002 809433
795382 779328 781444 812075
801658 814908 792913 787673
812178 783298 778843 809232
801429 813591 771442 809141
788318 787369 800608 793235
793241 771828 805884 813209
819081 791559 779302 794736
824274 777762 778973 786272
792054 787584 795614 822099
782142 773338 819281 812209
796525 784574 810523 784052
799651 775535 779246 812218
793327 792478 798417 783368
804899 799175 793702 786105
807400 784461 798864 779153
790800 787698 790349 796990
799024 797145 790987 790380
795383 782260 803118 799455
795764 764672 792172 815255
809942 799650 786097 796217
814069 784803 779916 787658
800883 781617 779651 807824
791531 772596 805374 814219
794470 792123 803464 790152
808021 788673 798330 785770
804197 801444 789707 790946
788354 779603 796233 821483
813429 781630 797909 795732
813485 799446 772457 793005
795870 807242 796026 795082
804064 789377 797504 793082
849156 782414 800600 796023
840772 817648 812114 775197
822020 812533 773997 828748
814759 795764 848818 781123
814525 832214 780007 803559
805826 769481 796125 818829
797596 771584 816265 849156
785063 803547 811004 831691
790883 825968 804881 800574
799465 807864 832733 775925
788506 790118 808239 838891
837016 784146 827429 788498
789098 792849 818752 824151
828587 780557 794594 816332
807247 811139 787209 805788
795713 788987 785407 829561
833243 789328 778366 809174
825946 807276 789726 787535
821973 776759 795764 803022
809538 773587 802183 803042
798685 785311 822668 820945
820110 783137 784330 814306
803306 803153 804187 783690
816889 786134 824377 799458
797185 800046 808930 804514
788093 805241 818447 809952
822073 785433 804658 793777
809755 797527 813522 794972
812493 805313 811917 778393
802695 780836 810797 801480
804798 791347 799139 808938
808542 794660 790575 798152
809804 771495 790412 821170
817746 789234 788329 823111
806465 803728 791636 813408
811511 793906 784816 831658
808154 804709 781175 812458
819242 787128 781121 788868
817105 805845 787736 812356
799655 802468 797448 792190
830563 785802 817758 791973
813767 796970 799258 790397
805499 786320 794587 819454
832230 798401 778540 804399
805372 800961 796926 802930
807267 803413 798293 786335
804963 788711 804012 813930
814971 793820 808265 799003
830950 791519 795337 787627
800806 783767 816996 813533
801994 796613 798184 800706
814839 791485 779141 818826
812520 787001 789531 803490
819442 798341 799294 788300
800528 789151 795151 815738
808473 771657 794954 803605
799126 796213 794963 813189
840213 789365 797298 793375
837619 823923 818923 778577
819855 801680 782204 821413
816045 774224 813770 812101
813592 776167 803843 829095
810592 811182 830168 796973
803041 799504 813976 807177
811453 806025 793495 822925
829385 791553 820586 796621
818968 778536 815055 805958
810375 812082 787867 820451
822819 817419 786699 790589
823719 787626 785956 811849
809850 790982 809896 828813
827989 793501 786646 798843
806151 801683 805245 803925
805079 810623 800542 800131
810650 791958 808489 812963
821370 802357 796764 794751
822651 799368 786025 791015
813835 817816 814744 795633
824687 792623 801620 809364
820027 808821 801642 794401
814778 791885 803088 809378
815674 774574 805186 812465
836058 796966 797749 806135
830705 777672 814456 817057
828908 801185 788673 809192
827786 800752 796426 796186
815736 819092 808614 806124
812354 813316 806032 827577
812197 807936 838513 821610
831102 796652 817103 805220
822307 806649 820851 821940
830780 782009 805967 814144
826363 815933 794155 820654
820003 812825 806815 825954
842832 823166 818091 816163
842020 801506 828656 800720
838943 801205 824410 831654
818154 819236 827611 830255
829828 802743 821444 815534
836256 815658 821796 809062
