8499 226.092
807546 817250 791751 811993
809290 800086 828022 801834
781209 799993 820188 843531
818576 780494 791081 815178
845423 824587 795220 802700
828598 829954 810296 852258
805449 832025 807269 806700
822998 822564 801445 802143
801578 828595 801239 801326
820857 800714 801952 820816
815846 808224 811175 799637
819366 840701 780789 810375
799850 799039 792897 800015
809828 806795 806148 794227
856786 798223 797339 825613
794524 764494 808749 805680
848611 789912 791201 816337
822810 784357 792138 791686
786345 816271 797964 811804
814887 820100 803310 778703
789181 786796 796051 803353
804265 832477 787752 807321
814939 796102 821677 802300
790689 836961 801141 833127
814556 772496 819601 799839
818215 830649 804043 828549
837924 814786 846424 825135
812348 799736 822825 823037
811997 801984 813926 811005
816889 818626 814324 812566
828229 784070 787015 825380
798848 782204 816589 823995
833694 785091 788319 789377
820135 811558 794479 780574
813907 806106 773476 832981
824706 830207 802524 816048
840741 799095 785111 811391
813320 814964 820454 799200
807159 774698 799760 819541
800610 807018 785262 802937
825793 786965 815866 819668
794429 806029 824726 786861
836019 797230 788236 790124
817581 793550 818950 808082
815349 834278 819544 828236
814125 783329 829475 812411
834304 810783 799828 816311
823537 803851 810397 819091
830760 835606 783913 825563
832871 797903 811181 791153
800524 835003 795705 833989
811266 812270 802660 786823
835492 809027 804218 841467
829099 792044 800318 825027
829070 822952 808145 818088
829996 796860 780359 796674
801416 833747 840587 805352
829357 778887 823897 823632
818292 828887 808473 815832
804062 796038 802008 802545
825350 817491 812216 798413
806045 834296 796966 783306
837713 802593 838064 828840
820689 818535 806639 818352
804715 798502 795277 811633
803736 806393 812418 799765
798171 824182 789152 812802
831429 799621 789153 812661
824464 802008 792664 793102
780828 828153 828895 803035
797925 778461 802233 837357
839070 809593 791992 816844
782397 773875 781347 801113
792649 803058 793530 796876
784619 803119 829957 823868
825810 769926 806645 793857
835113 792394 796011 801267
811720 795833 782299 831631
795671 812413 790202 814417
800319 822753 811085 820113
812290 799524 824155 813346
805601 812203 808825 823405
807126 772613 824405 819378
826557 802423 800400 809453
815758 803664 789304 805048
812375 809249 787750 805521
797821 826069 803621 807784
814004 794820 790233 789049
840432 764744 830048 847942
843210 796630 794905 806029
821295 807653 792164 791174
824061 791168 819844 823269
804316 799710 793021 805030
820237 822063 805598 813262
812479 802764 837002 818422
816661 828644 825581 813827
829045 823091 775189 807381
836811 822463 833229 802929
828398 802078 824133 828635
818116 790805 777306 791870
833412 817715 812750 815485
824104 818955 827421 822414
795140 791150 790639 809491
822377 822532 817513 827011
814343 810009 794554 781527
813765 802237 772544 796660
799308 806299 810497 819713
830973 780859 772999 781280
836319 817980 802853 818339
779489 830346 792296 841399
815326 832031 781994 828031
773754 838145 822096 799024
817381 796738 782988 805395
822609 790993 787914 836162
820042 800008 811354 832300
793045 789743 822643 784749
817146 826372 782068 818599
816086 843910 781029 812763
808753 816930 815085 814027
834772 820440 807231 811102
792658 854391 834037 807162
842889 794722 777048 800071
837418 815813 790264 831438
821426 813360 777277 817856
820613 800971 799074 802035
816918 808177 806343 821729
840391 857870 793564 793880
800092 798879 774828 840017
818042 813353 828771 794755
808805 813756 786468 820589
847125 830386 815089 799875
840315 806786 786256 812589
817787 791661 804753 798539
794715 785375 791010 836237
812743 789604 791464 800959
817152 791150 804493 825567
824991 770383 790876 823601
852104 838641 801972 809573
827626 787426 785624 786714
826052 805448 798656 798822
811483 825935 825042 794104
817132 806417 785033 831363
851328 818407 788351 824297
828921 814924 800271 829836
815172 778279 795052 795919
837580 806766 783035 802476
841606 820629 786263 807352
816096 817230 798740 804253
821070 809721 782168 807362
813121 811428 819561 810403
835725 814173 792050 824245
814977 805487 809345 827803
826965 790490 829012 826526
826237 816647 822747 812071
817543 782035 827051 818165
792150 816177 808636 823137
818276 831056 804312 805486
823449 816009 797570 799797
815519 821966 834254 792867
833062 810054 802693 822181
813086 802602 798541 793871
814413 795575 791856 831428
815292 783829 813477 830651
849352 813506 777654 816836
787189 836776 796456 792613
837841 809534 812449 845298
811620 812787 821471 830623
819204 802263 816547 797556
808972 819903 793629 806661
821267 790804 781364 818436
814966 785641 777502 832458
822326 815671 796913 811992
815026 809225 795469 808173
824605 831628 813742 823480
814605 785648 780081 823696
835314 833615 798323 821319
799621 814974 806505 792891
803834 846243 833091 833594
818657 793865 801026 824875
835882 809541 819801 798296
834080 763629 794809 793872
831171 805133 804694 813425
835414 805190 820665 806138
816752 804915 791515 789855
830201 818414 812536 814690
852012 826710 810999 781357
824523 814511 791572 813988
829667 794860 823638 803666
808630 820921 763477 809870
838705 786412 792939 794300
817186 822593 798801 793267
815571 800152 817395 812095
819687 801160 814411 797708
836415 770384 810825 838193
825983 795915 772322 834207
820994 821523 797035 808810
830878 809861 779268 808005
851449 793030 819111 817308
784037 798280 807309 825700
840091 838184 775671 818520
791389 794784 826506 824087
820083 803962 783199 786425
792453 774119 803130 802177
837237 806049 795754 829242
826010 789110 795393 826773
817941 847421 806234 823006
830460 796128 796103 842042
817361 803315 827317 787928
814926 795544 827058 832790
822936 777293 764369 812754
846211 819823 812662 803748
804728 807648 789009 802295
812207 792236 819912 808307
808084 808855 788360 823117
825592 820419 812065 786810
809345 804532 818476 783243
812418 793978 825229 833789
830407 802001 844644 804607
826554 812460 788289 795870
831620 810702 824003 789551
824987 826899 797406 816036
811516 813679 805611 802101
808698 819853 818830 799545
831853 809947 833180 802769
824276 812133 799733 788871
819562 813135 798371 813113
836414 802076 815262 817496
817568 831166 800275 821718
839986 837988 800944 799744
830966 798013 801878 796849
794944 809979 815232 838535
786064 782721 804581 800663
802319 811299 794537 833364
828579 807823 821331 801575
848559 813474 819358 851262
836893 815087 800939 796057
855375 814198 798768 802617
827145 826210 789990 826061
804274 807447 803257 817711
833133 800796 813770 793986
824486 813012 803339 810737
833712 822819 807810 822363
818287 806151 809981 824745
818481 810985 795472 800979
823794 791538 790061 825545
844905 780425 777984 803545
796809 811324 765423 810338
804564 823124 819097 794922
