170 40.4513
572284 577493 618909
572284 577493 618909
572284 577493 618909
572284 577493 618909
572284 577493 618909
572284 577493 618909
586674 604629 623316
586431 604813 625930
586431 604813 625930
586431 604813 625930
586431 604813 625930
586431 604813 625930
586431 604813 625930
586431 604813 625930
586431 604813 625930
586431 604813 625930
586431 604813 625930
586431 604813 625930
586431 604813 625930
586431 604813 625930
586431 604813 625930
586431 604813 625930
586431 604813 625930
586431 604813 625930
586431 604813 625930
586431 604813 625930
586431 604813 625930
586431 604813 625930
586431 604813 625930
586431 604813 625930
586431 604813 625930
586431 604813 625930
586431 604813 625930
586431 604813 625930
586431 604813 625930
586431 604813 625930
586431 604813 625930
586431 604813 625930
586431 604813 625930
586431 604813 625930
586431 604813 625930
586431 604813 625930
586431 604813 625930
586431 604813 625930
586431 604813 625930
629964 634577 644246
629964 634577 644246
629964 634577 644246
629964 634577 644246
629964 634577 644246
629964 634577 644246
629964 634577 644246
629964 634577 644246
629964 634577 644246
629964 634577 644246
629964 634577 644246
629964 634577 644246
629964 634577 644246
629964 634577 644246
629964 634577 644246
629964 634577 644246
629964 634577 644246
629964 634577 644246
629964 634577 644246
629964 634577 644246
629964 634577 644246
629964 634577 644246
629964 634577 644246
629964 634577 644246
629964 634577 644246
629964 634577 644246
629964 634577 644246
629964 634577 644246
629964 634577 644246
629964 634577 644246
629964 634577 644246
629964 634577 644246
629964 634577 644246
629964 634577 644246
629964 634577 644246
629964 634577 644246
629964 634577 644246
629964 634577 644246
629964 634577 644246
629964 634577 644246
629964 634577 644246
629964 634577 644246
629964 634577 644246
629964 634577 644246
629964 634577 644246
629964 634577 644246
629964 634577 644246
629964 634577 644246
629964 634577 644246
629964 634577 644246
629964 634577 644246
629964 634577 644246
629964 634577 644246
629964 634577 644246
695280 706717 682924
695280 706717 682924
695280 706717 682924
695280 706717 682924
695280 706717 682924
695280 706717 682924
695280 706717 682924
695280 706717 682924
695280 706717 682924
695280 706717 682924
695280 706717 682924
695280 706717 682924
695280 706717 682924
695280 706717 682924
695280 706717 682924
695280 706717 682924
695280 706717 682924
695280 706717 682924
695280 706717 682924
695280 706717 682924
695280 706717 682924
695280 706717 682924
695280 706717 682924
695280 706717 682924
695280 706717 682924
695280 706717 682924
695280 706717 682924
695280 706717 682924
695280 706717 682924
695280 706717 682924
695280 706717 682924
695280 706717 682924
695280 706717 682924
695280 706717 682924
695280 706717 682924
695280 706717 682924
695280 706717 682924
825878 759241 763675
818596 735133 771729
814833 827880 735921
803531 739373 820291
746628 800921 809069
800446 743277 765746
782836 755776 771404
814833 827880 735921
748337 814532 806083
763459 790642 793131
803531 739373 820291
769197 743419 790089
780769 801529 754832
782563 768088 743668
755224 815547 786069
746628 800921 809069
782836 755776 771404
818596 735133 771729
759262 802122 788567
782206 808954 740479
753716 757401 797867
773336 776981 776814
759925 807917 772656
824326 767235 758326
778413 764968 788776
773336 776981 776814
771955 774535 781391
808557 761780 761550
771955 774535 781391
816027 799103 742075
804034 808424 742943
759779 800439 797834
755224 815547 786069
769199 777906 789256
753716 757401 797867
748337 814532 806083
824326 767235 758326
763829 795766 760801
765988 787302 784884
765988 787302 784884
808557 761780 761550
770834 780766 785263
771192 784771 772496
765686 789573 773523
801897 767910 760193
764147 796923 756326
780221 771634 786920
770834 780766 785263
800446 743277 765746
778811 769472 787720
778413 764968 788776
816027 799103 742075
769197 743419 790089
753716 757401 797867
782206 808954 740479
780221 771634 786920
808557 761780 761550
764147 796923 756326
770900 785980 762002
808557 761780 761550
765686 789573 773523
764355 788684 789770
801897 767910 760193
825878 759241 763675
771192 784771 772496
825878 759241 763675
763829 795766 760801
770900 785980 762002
781307 770941 785399
778811 769472 787720
804034 808424 742943
764355 788684 789770
825878 759241 763675
825878 759241 763675
825878 759241 763675
781307 770941 785399
781352 789387 761378
759925 807917 772656
759262 802122 788567
772306 768959 789533
772306 768959 789533
759779 800439 797834
781352 789387 761378
772306 768959 789533
818596 735133 771729
772306 768959 789533
772306 768959 789533
808557 761780 761550
781352 789387 761378
781352 789387 761378
781352 789387 761378
825878 759241 763675
825878 759241 763675
825878 759241 763675
825878 759241 763675
825878 759241 763675
825878 759241 763675
825878 759241 763675
825878 759241 763675
825878 759241 763675
825878 759241 763675
825878 759241 763675
825878 759241 763675
825878 759241 763675
825878 759241 763675
825878 759241 763675
825878 759241 763675
825878 759241 763675
825878 759241 763675
825878 759241 763675
825878 759241 763675
825878 759241 763675
825878 759241 763675
825878 759241 763675
825878 759241 763675
825878 759241 763675
825878 759241 763675
825878 759241 763675
808557 761780 761550
808557 761780 761550
808557 761780 761550
781352 789387 761378
781352 789387 761378
781352 789387 761378
781352 789387 761378
781352 789387 761378
773336 776981 776814
772306 768959 789533
772306 768959 789533
772306 768959 789533
772306 768959 789533
772306 768959 789533
753716 757401 797867
842197 770749 751851
829807 739589 792869
786254 800973 744049
774844 790678 821955
763572 832273 798606
788378 746362 800352
793691 762300 779386
776532 806183 781854
786057 769290 763923
827543 751200 782404
824254 772506 749336
804319 770321 751874
784264 798930 753089
779534 776839 792846
799374 786061 747158
785869 789547 790227
842197 770749 751851
786048 793027 786095
801927 781535 750923
796480 783028 755729
796480 783028 755729
825013 776672 744180
824254 772506 749336
787160 791486 759384
790146 794744 758228
792477 770469 763818
800409 785419 750542
790146 794744 758228
787372 772411 762981
804319 770321 751874
794268 794522 752506
825013 776672 744180
786254 800973 744049
787160 791486 759384
787372 772411 762981
842197 770749 751851
800409 785419 750542
790146 794744 758228
794268 794522 752506
825013 776672 744180
824254 772506 749336
794268 794522 752506
794268 794522 752506
842197 770749 751851
842197 770749 751851
794268 794522 752506
794268 794522 752506
794268 794522 752506
794268 794522 752506
794268 794522 752506
794268 794522 752506
794268 794522 752506
790146 794744 758228
830569 759034 804263
805601 810585 755946
789710 771720 822636
788732 811540 760970
780755 790763 811236
815525 773707 777777
783860 799483 798151
795437 765084 782278
787822 807169 774199
793923 783408 764438
801194 791248 757671
788109 789315 768346
800481 776776 764898
788756 777752 780923
788079 800955 763994
832908 762239 812796
824721 791256 767131
789347 828215 797438
787021 792447 853098
783033 795661 822621
784929 811079 804038
798511 771080 824662
821119 774403 779338
810344 771162 782867
802043 805481 769432
799399 788798 776834
806485 770239 785373
807891 768096 784589
800533 775421 793653
802762 781464 770171
790558 782032 793089
800902 771446 807206
795016 781550 783972
791883 781009 805919
789796 790880 792959
792068 789581 769834
809956 781200 767298
806512 781426 768956
831752 791258 772669
822622 805044 768135
821152 769306 815420
793775 836721 786784
793212 788384 821911
789874 817927 810361
823425 773469 783003
798990 824002 772753
829942 785470 782064
816045 807930 768780
813983 799927 768887
800172 804554 777040
801504 793533 805300
799162 813324 791457
811584 769418 806433
800488 794202 776484
809515 806831 773886
796567 786596 807774
794223 816502 786530
807194 777360 812280
805539 781472 813938
812863 777723 793583
804309 790676 792144
793949 799422 798355
804770 784691 789592
822778 776971 800035
809580 777911 790735
804496 786142 801854
794970 798955 805565
795235 782366 815351
795871 787189 813390
812652 788095 772768
866460 789008 781077
832902 804521 770597
824165 769553 828414
823139 773793 831885
797716 821485 788612
797173 786911 821149
856504 789491 782246
797818 806954 803966
841179 792299 776333
839912 780395 788993
804109 815343 788601
829093 776540 789063
800638 799436 795354
811830 787637 810596
821096 785245 789754
802025 795468 806502
811335 788128 799513
801217 815350 783390
808816 784075 820373
804429 793217 814100
806924 793054 817528
805174 806134 787261
814781 802957 775503
810088 806855 773948
815823 794310 785422
816032 788028 791403
823887 799019 779412
808173 797445 780517
807679 791491 791467
814867 784270 793279
811286 801624 776822
827418 784098 783544
826028 792907 789634
815192 801620 775884
810892 789423 806081
858340 782901 790482
851461 774061 839669
824059 803225 778399
798249 833770 814788
802158 809524 824228
807861 820237 803554
802394 800947 804866
810912 804423 784519
839452 780188 801834
848205 783764 800947
802394 796906 813792
818351 787964 820280
836660 790185 789549
819489 784789 795595
828718 794503 785668
833474 793692 784947
808115 795632 798397
830040 777865 801985
818799 792017 795469
815877 795134 785527
817153 788749 802860
830438 791677 795567
810242 794747 801265
856057 777897 813666
811804 807180 791152
809948 843154 807121
802490 803302 821985
847971 781960 806298
826760 784984 798176
841053 806202 796328
804948 801167 818124
836772 806835 792360
824516 795198 808812
820279 788094 811796
815319 802185 801741
820996 799517 800920
853248 817743 796327
840445 786572 798616
837291 790594 837613
820708 818770 793977
815460 809597 802349
831652 799351 823567
831629 803721 805574
835017 801714 816378
820835 807880 800156
817422 802899 817807
815736 805206 804987
816495 804928 802085
827214 821749 796039
817441 805420 803406
816336 810975 805829
823025 818797 808683
819633 809130 809811
844140 826004 811959
832572 810435 812005
821287 825206 831398
828858 820485 829856
882064 815909 738658
837334 744081 813537
784524 843197 760623
774460 764650 831306
754130 799052 823856
862186 763189 784073
862186 763189 784073
882064 815909 738658
843642 785585 749966
767453 823543 767458
778709 831245 763082
882064 815909 738658
800722 748939 815933
805423 839244 756046
759740 764816 788789
767453 823543 767458
804545 748247 827010
778709 831245 763082
806415 756196 810664
814771 761537 800137
843642 785585 749966
806977 755273 803968
759740 764816 788789
807104 837447 757431
770631 810733 783663
754130 799052 823856
758097 840766 771808
775581 798696 773761
804545 748247 827010
826679 809824 744891
800722 748939 815933
824519 755522 794641
806415 756196 810664
768419 819478 776765
787474 781112 766692
821676 798899 756416
768419 819478 776765
795722 795580 758347
813493 771700 765459
784524 843197 760623
797609 791928 766450
843642 785585 749966
837334 744081 813537
777712 760196 830895
793620 777723 782156
772566 802000 778172
843642 785585 749966
793989 775912 773228
811975 784527 758679
807319 806733 746192
795722 795580 758347
806338 758857 815058
792364 810299 757598
777766 786803 777720
772566 802000 778172
758097 840766 771808
802134 772339 759276
780993 773333 785620
837334 744081 813537
826679 809824 744891
780993 773333 785620
773286 805312 773306
826477 805574 746559
808260 769447 779097
788153 759553 813921
779233 778026 785379
808629 789505 759158
814771 761537 800137
801296 767932 780582
785144 792800 773504
826679 809824 744891
837334 744081 813537
830284 752005 813771
823812 767954 770394
808741 760644 802234
806977 755273 803968
793989 775912 773228
797609 791928 766450
808629 789505 759158
823812 767954 770394
802103 762025 787713
835054 779603 756508
833659 766120 784875
822475 766392 776322
830192 770056 764394
826477 805574 746559
805423 839244 756046
785144 792800 773504
810379 770927 767173
774342 780647 783048
822785 752777 798521
775721 759451 831210
784999 799699 760591
784999 799699 760591
788153 759553 813921
806371 766795 781690
777712 760196 830895
769896 792348 786521
807319 806733 746192
830192 770056 764394
824519 755522 794641
822596 761389 796736
807104 837447 757431
831804 754596 785876
831804 754596 785876
809773 771786 768484
835054 779603 756508
801680 763553 786444
822785 752777 798521
822596 761389 796736
808260 769447 779097
808741 760644 802234
830192 770056 764394
822785 752777 798521
837334 744081 813537
835054 779603 756508
777766 786803 777720
802103 762025 787713
770631 810733 783663
769896 792348 786521
792364 810299 757598
806338 758857 815058
824519 755522 794641
774342 780647 783048
787474 781112 766692
801296 767932 780582
773286 805312 773306
809773 771786 768484
831804 754596 785876
830284 752005 813771
811975 784527 758679
833659 766120 784875
833659 766120 784875
811975 784527 758679
779233 778026 785379
806371 766795 781690
810379 770927 767173
809773 771786 768484
808741 760644 802234
822785 752777 798521
810379 770927 767173
801680 763553 786444
830284 752005 813771
822596 761389 796736
802134 772339 759276
824519 755522 794641
822475 766392 776322
821676 798899 756416
831804 754596 785876
775581 798696 773761
809773 771786 768484
826477 805574 746559
824519 755522 794641
823812 767954 770394
833659 766120 784875
811975 784527 758679
822475 766392 776322
826679 809824 744891
822475 766392 776322
809773 771786 768484
808741 760644 802234
821676 798899 756416
774460 764650 831306
811975 784527 758679
775721 759451 831210
822475 766392 776322
821676 798899 756416
837334 744081 813537
830284 752005 813771
824519 755522 794641
821676 798899 756416
830284 752005 813771
826679 809824 744891
754130 799052 823856
822596 761389 796736
822785 752777 798521
822596 761389 796736
822596 761389 796736
808741 760644 802234
830284 752005 813771
823812 767954 770394
882064 815909 738658
882064 815909 738658
882064 815909 738658
882064 815909 738658
882064 815909 738658
882064 815909 738658
843642 785585 749966
837334 744081 813537
837334 744081 813537
837334 744081 813537
837334 744081 813537
837334 744081 813537
837334 744081 813537
837334 744081 813537
837334 744081 813537
837334 744081 813537
837334 744081 813537
837334 744081 813537
837334 744081 813537
837334 744081 813537
835054 779603 756508
835054 779603 756508
835054 779603 756508
835054 779603 756508
835054 779603 756508
831804 754596 785876
830284 752005 813771
830284 752005 813771
830284 752005 813771
830284 752005 813771
830284 752005 813771
830284 752005 813771
830284 752005 813771
830284 752005 813771
830284 752005 813771
830284 752005 813771
830284 752005 813771
830284 752005 813771
830284 752005 813771
830284 752005 813771
830284 752005 813771
830284 752005 813771
830284 752005 813771
830284 752005 813771
830284 752005 813771
830284 752005 813771
830284 752005 813771
830284 752005 813771
830284 752005 813771
830284 752005 813771
830284 752005 813771
830284 752005 813771
830284 752005 813771
830284 752005 813771
830284 752005 813771
830284 752005 813771
830284 752005 813771
830284 752005 813771
830284 752005 813771
830284 752005 813771
830284 752005 813771
830284 752005 813771
830284 752005 813771
830284 752005 813771
830284 752005 813771
830284 752005 813771
830284 752005 813771
830284 752005 813771
830284 752005 813771
830284 752005 813771
830284 752005 813771
830284 752005 813771
830284 752005 813771
830284 752005 813771
830284 752005 813771
830284 752005 813771
830284 752005 813771
830284 752005 813771
830192 770056 764394
830192 770056 764394
826679 809824 744891
826679 809824 744891
826679 809824 744891
826679 809824 744891
826679 809824 744891
826679 809824 744891
826679 809824 744891
826679 809824 744891
826679 809824 744891
826679 809824 744891
826679 809824 744891
826679 809824 744891
826679 809824 744891
826679 809824 744891
826679 809824 744891
826679 809824 744891
826679 809824 744891
826477 805574 746559
826477 805574 746559
826477 805574 746559
826477 805574 746559
826477 805574 746559
826477 805574 746559
826477 805574 746559
826477 805574 746559
826477 805574 746559
826477 805574 746559
824519 755522 794641
824519 755522 794641
824519 755522 794641
824519 755522 794641
824519 755522 794641
824519 755522 794641
824519 755522 794641
824519 755522 794641
824519 755522 794641
824519 755522 794641
823812 767954 770394
823812 767954 770394
823812 767954 770394
823812 767954 770394
823812 767954 770394
823812 767954 770394
823812 767954 770394
823812 767954 770394
823812 767954 770394
823812 767954 770394
823812 767954 770394
823812 767954 770394
823812 767954 770394
823812 767954 770394
823812 767954 770394
823812 767954 770394
823812 767954 770394
822785 752777 798521
822785 752777 798521
822785 752777 798521
822785 752777 798521
822785 752777 798521
822596 761389 796736
822596 761389 796736
822596 761389 796736
822596 761389 796736
822596 761389 796736
822596 761389 796736
822596 761389 796736
822596 761389 796736
822596 761389 796736
822596 761389 796736
822596 761389 796736
822596 761389 796736
822596 761389 796736
822596 761389 796736
822596 761389 796736
822596 761389 796736
822596 761389 796736
822596 761389 796736
822596 761389 796736
822596 761389 796736
822596 761389 796736
822596 761389 796736
822596 761389 796736
822596 761389 796736
822596 761389 796736
822596 761389 796736
822596 761389 796736
822596 761389 796736
822596 761389 796736
822596 761389 796736
822596 761389 796736
822596 761389 796736
822596 761389 796736
822596 761389 796736
822596 761389 796736
822596 761389 796736
822596 761389 796736
822596 761389 796736
822596 761389 796736
822596 761389 796736
822596 761389 796736
822596 761389 796736
822596 761389 796736
822596 761389 796736
822596 761389 796736
822596 761389 796736
822596 761389 796736
822596 761389 796736
822596 761389 796736
822596 761389 796736
822596 761389 796736
822596 761389 796736
822596 761389 796736
822596 761389 796736
822596 761389 796736
822596 761389 796736
822596 761389 796736
822596 761389 796736
822596 761389 796736
822596 761389 796736
822596 761389 796736
822596 761389 796736
822596 761389 796736
822596 761389 796736
822596 761389 796736
822596 761389 796736
822596 761389 796736
822596 761389 796736
822475 766392 776322
822475 766392 776322
822475 766392 776322
822475 766392 776322
822475 766392 776322
822475 766392 776322
822475 766392 776322
822475 766392 776322
822475 766392 776322
822475 766392 776322
822475 766392 776322
822475 766392 776322
822475 766392 776322
822475 766392 776322
822475 766392 776322
822475 766392 776322
822475 766392 776322
822475 766392 776322
822475 766392 776322
822475 766392 776322
822475 766392 776322
822475 766392 776322
822475 766392 776322
822475 766392 776322
821676 798899 756416
821676 798899 756416
821676 798899 756416
821676 798899 756416
821676 798899 756416
821676 798899 756416
814771 761537 800137
814771 761537 800137
814771 761537 800137
814771 761537 800137
814771 761537 800137
814771 761537 800137
814771 761537 800137
814771 761537 800137
814771 761537 800137
811975 784527 758679
810379 770927 767173
810379 770927 767173
809773 771786 768484
809773 771786 768484
809773 771786 768484
809773 771786 768484
809773 771786 768484
809773 771786 768484
809773 771786 768484
809773 771786 768484
809773 771786 768484
809773 771786 768484
809773 771786 768484
809773 771786 768484
809773 771786 768484
809773 771786 768484
809773 771786 768484
809773 771786 768484
809773 771786 768484
808741 760644 802234
808741 760644 802234
808741 760644 802234
808741 760644 802234
808741 760644 802234
808741 760644 802234
851210 774504 794338
836659 760435 838916
829048 830218 783238
793841 843876 791511
785762 819287 803068
790939 818751 814694
841569 798559 795193
802409 772370 812444
812401 802426 787406
828484 806900 786115
865926 790177 803161
851471 785559 827492
850615 818811 789287
797850 830571 811890
824773 787099 820077
806944 809548 816415
814708 806849 790775
864101 806223 800947
818150 801899 819492
804782 826826 804181
856656 803352 809076
801372 829225 808466
845213 826338 792072
843886 804204 832298
820683 827765 812003
829927 816805 820883
840910 809401 812095
823845 817824 793221
850745 820090 819619
823092 837358 835257
839514 827007 820531
