227 9.47768
165881 264566 212187 259983
261016 140615 272373 246351
290431 272601 151499 255907
295198 283493 245021 144917
257329 194025 179193 256344
261016 140615 272373 246351
287629 287121 244980 145394
173500 243903 190609 261620
261016 140615 272373 246351
251277 155081 243746 244104
295866 252021 248255 151416
248050 147817 277507 226747
289009 284721 244879 145072
200028 260768 275242 180175
240448 151816 279580 228784
285513 255882 153830 249754
263895 192590 252008 193594
172908 245357 191025 262586
265410 199352 173556 257487
171796 236421 199709 260555
266713 291772 170366 203656
195165 256678 190144 231417
200652 262586 276612 178854
165881 264566 212187 259983
285513 255882 153830 249754
250368 148666 277417 224225
203223 264371 175393 241947
266640 198839 173702 257347
197758 257314 189492 229976
165881 264566 212187 259983
292541 283341 244345 145177
175153 240762 190997 260306
257329 194025 179193 256344
246369 186533 251086 200831
174938 235989 193308 261887
261016 140615 272373 246351
289009 284721 244879 145072
200604 266966 270991 178561
240448 151816 279580 228784
261016 140615 272373 246351
289009 284721 244879 145072
174938 235989 193308 261887
202612 262210 269960 178198
170625 242415 201231 258962
261016 140615 272373 246351
266713 291772 170366 203656
200604 266966 270991 178561
171796 236421 199709 260555
283787 275456 154304 233523
172908 245357 191025 262586
266640 198839 173702 257347
203223 264371 175393 241947
246369 186533 251086 200831
173500 243903 190609 261620
257329 194025 179193 256344
266640 198839 173702 257347
266713 291772 170366 203656
246369 186533 251086 200831
195165 256678 190144 231417
166046 266500 222422 257746
289009 284721 244879 145072
245169 186175 253071 201247
172908 245357 191025 262586
261016 140615 272373 246351
266640 198839 173702 257347
251562 149317 274673 223147
289009 284721 244879 145072
173319 243584 191663 260704
261016 140615 272373 246351
174938 235989 193308 261887
246369 186533 251086 200831
243264 148474 282499 232458
270992 297150 170975 201878
171640 237051 199660 260436
247270 155149 243537 245226
292338 257895 152238 251965
265112 292843 171848 202418
171796 236421 199709 260555
200604 266966 270991 178561
171640 237051 199660 260436
288418 264006 151614 254786
298154 252655 247449 151927
200604 266966 270991 178561
165881 264566 212187 259983
283787 275456 154304 233523
246369 186533 251086 200831
173500 243903 190609 261620
174938 235989 193308 261887
250368 148666 277417 224225
171796 236421 199709 260555
292541 283341 244345 145177
173500 243903 190609 261620
251562 149317 274673 223147
246609 147545 281019 226955
172908 245357 191025 262586
261016 140615 272373 246351
295656 253163 248238 151449
200652 262586 276612 178854
247270 155149 243537 245226
261016 140615 272373 246351
292541 283341 244345 145177
246609 147545 281019 226955
208450 245972 270551 180996
173500 243903 190609 261620
261016 140615 272373 246351
298154 252655 247449 151927
195165 256678 190144 231417
171796 236421 199709 260555
274349 279933 173028 203979
174938 235989 193308 261887
251562 149317 274673 223147
285513 255882 153830 249754
262043 185991 271421 190776
171640 237051 199660 260436
203223 264371 175393 241947
247270 155149 243537 245226
203223 264371 175393 241947
250587 147666 277816 226370
173500 243903 190609 261620
171796 236421 199709 260555
289009 284721 244879 145072
200604 266966 270991 178561
174938 235989 193308 261887
248050 147817 277507 226747
257329 194025 179193 256344
261016 140615 272373 246351
289009 284721 244879 145072
173500 243903 190609 261620
261016 140615 272373 246351
257329 194025 179193 256344
298154 252655 247449 151927
246609 147545 281019 226955
295656 253163 248238 151449
199710 263308 275706 180050
247270 155149 243537 245226
292338 257895 152238 251965
295866 252021 248255 151416
171640 237051 199660 260436
268905 285278 171599 204069
171640 237051 199660 260436
278943 274152 155661 232450
195165 256678 190144 231417
200604 266966 270991 178561
171796 236421 199709 260555
288418 264006 151614 254786
245497 190476 260654 196294
195165 256678 190144 231417
247270 155149 243537 245226
247270 155149 243537 245226
171796 236421 199709 260555
295656 253163 248238 151449
247270 155149 243537 245226
265410 199352 173556 257487
250368 148666 277417 224225
173500 243903 190609 261620
261016 140615 272373 246351
284650 288506 249610 145558
171640 237051 199660 260436
171796 236421 199709 260555
243264 148474 282499 232458
266713 291772 170366 203656
174938 235989 193308 261887
298154 252655 247449 151927
244469 149305 280573 228725
247270 155149 243537 245226
266713 291772 170366 203656
200604 266966 270991 178561
171796 236421 199709 260555
281425 274649 155246 232851
173500 243903 190609 261620
203223 264371 175393 241947
266640 198839 173702 257347
207790 245851 268710 181942
165881 264566 212187 259983
257622 195199 178026 256738
266640 198839 173702 257347
285513 255882 153830 249754
202612 262210 269960 178198
239552 190757 265985 198597
165881 264566 212187 259983
289009 284721 244879 145072
195165 256678 190144 231417
173319 243584 191663 260704
247270 155149 243537 245226
257329 194025 179193 256344
247270 155149 243537 245226
200604 266966 270991 178561
173319 243584 191663 260704
247270 155149 243537 245226
261016 140615 272373 246351
295656 253163 248238 151449
174938 235989 193308 261887
276199 286062 171788 202090
173319 243584 191663 260704
257084 143110 270449 243184
203223 264371 175393 241947
246369 186533 251086 200831
173500 243903 190609 261620
257329 194025 179193 256344
243264 148474 282499 232458
283787 275456 154304 233523
265112 292843 171848 202418
202612 262210 269960 178198
171796 236421 199709 260555
203223 264371 175393 241947
250587 147666 277816 226370
175153 240762 190997 260306
257622 195199 178026 256738
247374 186548 249321 201930
171796 236421 199709 260555
289009 284721 244879 145072
174938 235989 193308 261887
257329 194025 179193 256344
240448 151816 279580 228784
174938 235989 193308 261887
261016 140615 272373 246351
292541 283341 244345 145177
200536 258883 276375 180238
240448 151816 279580 228784
261016 140615 272373 246351
289009 284721 244879 145072
240448 151816 279580 228784
208450 245972 270551 180996
171796 236421 199709 260555
261016 140615 272373 246351
270992 297150 170975 201878
287629 287121 244980 145394
171796 236421 199709 260555
266713 291772 170366 203656
171640 237051 199660 260436
257622 195199 178026 256738
203223 264371 175393 241947
250368 148666 277417 224225
173500 243903 190609 261620
265410 199352 173556 257487
257329 194025 179193 256344
203223 264371 175393 241947
246369 186533 251086 200831
171640 237051 199660 260436
165881 264566 212187 259983
289009 284721 244879 145072
207790 245851 268710 181942
174938 235989 193308 261887
266538 140554 273716 245535
203223 264371 175393 241947
246609 147545 281019 226955
295656 253163 248238 151449
173500 243903 190609 261620
246609 147545 281019 226955
257329 194025 179193 256344
259023 183955 265346 193995
246609 147545 281019 226955
295866 252021 248255 151416
171796 236421 199709 260555
171796 236421 199709 260555
293312 258099 152076 253014
298154 252655 247449 151927
173500 243903 190609 261620
195165 256678 190144 231417
171640 237051 199660 260436
288418 264006 151614 254786
274143 285637 172214 202049
200604 266966 270991 178561
165881 264566 212187 259983
292338 257895 152238 251965
250368 148666 277417 224225
203223 264371 175393 241947
174938 235989 193308 261887
246609 147545 281019 226955
171796 236421 199709 260555
292541 283341 244345 145177
173500 243903 190609 261620
250368 148666 277417 224225
247270 155149 243537 245226
173500 243903 190609 261620
266538 140554 273716 245535
284650 288506 249610 145558
200028 260768 275242 180175
174938 235989 193308 261887
261016 140615 272373 246351
289009 284721 244879 145072
248428 149555 277104 224341
295866 252021 248255 151416
171640 237051 199660 260436
246609 147545 281019 226955
265788 204456 173439 253841
207790 245851 268710 181942
243264 148474 282499 232458
283787 275456 154304 233523
173500 243903 190609 261620
279902 272154 156092 233289
203223 264371 175393 241947
246609 147545 281019 226955
170625 242415 201231 258962
173500 243903 190609 261620
247270 155149 243537 245226
265410 199352 173556 257487
250587 147666 277816 226370
203223 264371 175393 241947
171640 237051 199660 260436
295198 283493 245021 144917
246369 186533 251086 200831
173500 243903 190609 261620
257329 194025 179193 256344
261016 140615 272373 246351
257329 194025 179193 256344
295656 253163 248238 151449
173500 243903 190609 261620
246609 147545 281019 226955
247270 155149 243537 245226
262043 185991 271421 190776
243264 148474 282499 232458
295866 252021 248255 151416
165881 264566 212187 259983
243264 148474 282499 232458
283787 275456 154304 233523
202612 262210 269960 178198
171796 236421 199709 260555
174938 235989 193308 261887
172814 236989 200543 266326
292338 257895 152238 251965
200604 266966 270991 178561
248428 149555 277104 224341
165881 264566 212187 259983
293312 258099 152076 253014
247374 186548 249321 201930
195165 256678 190144 231417
257622 195199 178026 256738
248050 147817 277507 226747
171796 236421 199709 260555
295866 252021 248255 151416
174938 235989 193308 261887
257622 195199 178026 256738
250587 147666 277816 226370
173500 243903 190609 261620
261016 140615 272373 246351
292541 283341 244345 145177
200604 266966 270991 178561
248050 147817 277507 226747
248050 147817 277507 226747
265112 292843 171848 202418
174938 235989 193308 261887
259023 183955 265346 193995
171796 236421 199709 260555
261016 140615 272373 246351
265112 292843 171848 202418
200604 266966 270991 178561
171796 236421 199709 260555
203223 264371 175393 241947
172087 242828 194275 262747
266640 198839 173702 257347
293312 258099 152076 253014
295866 252021 248255 151416
200028 260768 275242 180175
285513 255882 153830 249754
257329 194025 179193 256344
203223 264371 175393 241947
246369 186533 251086 200831
200028 260768 275242 180175
165881 264566 212187 259983
289009 284721 244879 145072
200604 266966 270991 178561
171796 236421 199709 260555
248050 147817 277507 226747
257622 195199 178026 256738
248050 147817 277507 226747
202612 262210 269960 178198
173500 243903 190609 261620
261016 140615 272373 246351
257329 194025 179193 256344
289009 284721 244879 145072
240192 152294 279640 231429
265112 292843 171848 202418
171640 237051 199660 260436
174938 235989 193308 261887
266640 198839 173702 257347
266713 291772 170366 203656
174938 235989 193308 261887
263895 192590 252008 193594
243264 148474 282499 232458
265788 204456 173439 253841
266713 291772 170366 203656
200604 266966 270991 178561
171796 236421 199709 260555
266640 198839 173702 257347
248050 147817 277507 226747
203223 264371 175393 241947
247270 155149 243537 245226
247374 186548 249321 201930
170625 242415 201231 258962
289009 284721 244879 145072
175153 240762 190997 260306
257329 194025 179193 256344
245169 186175 253071 201247
174938 235989 193308 261887
261016 140615 272373 246351
289009 284721 244879 145072
171640 237051 199660 260436
240448 151816 279580 228784
261016 140615 272373 246351
270992 297150 170975 201878
257329 194025 179193 256344
200604 266966 270991 178561
165881 264566 212187 259983
261016 140615 272373 246351
283787 275456 154304 233523
202612 262210 269960 178198
174938 235989 193308 261887
266713 291772 170366 203656
173500 243903 190609 261620
265410 199352 173556 257487
203223 264371 175393 241947
250069 187047 267191 194574
165881 264566 212187 259983
257329 194025 179193 256344
265410 199352 173556 257487
266640 198839 173702 257347
262043 185991 271421 190776
174938 235989 193308 261887
165881 264566 212187 259983
289009 284721 244879 145072
207790 245851 268710 181942
173500 243903 190609 261620
261016 140615 272373 246351
265410 199352 173556 257487
250368 148666 277417 224225
289009 284721 244879 145072
173500 243903 190609 261620
247270 155149 243537 245226
240448 151816 279580 228784
248050 147817 277507 226747
261016 140615 272373 246351
292541 283341 244345 145177
207790 245851 268710 181942
247270 155149 243537 245226
283787 275456 154304 233523
289009 284721 244879 145072
171796 236421 199709 260555
195165 256678 190144 231417
171796 236421 199709 260555
287220 273970 151838 250720
246369 186533 251086 200831
200604 266966 270991 178561
165881 264566 212187 259983
284784 267008 152187 254156
247270 155149 243537 245226
173500 243903 190609 261620
174938 235989 193308 261887
