12 2.79155
779181 748472
779181 748472
754470 815829
754470 815829
766229 796073
775198 767760
770988 783144
769783 795023
769783 795023
779181 748472
779181 748472
779181 748472
769783 795023
754470 815829
827669 754933
756837 822034
756837 822034
770756 802556
813027 758135
786066 759667
773538 784918
777238 777881
822634 755411
756837 822034
813027 758135
773538 784918
783215 766166
777591 770499
786066 759667
783215 766166
777591 770499
827669 754933
827669 754933
813027 758135
813027 758135
786066 759667
773538 784918
756837 822034
830863 755866
763470 835216
773439 802563
773097 822406
826968 758933
811751 760759
772396 831299
778750 786296
775928 796631
780089 774688
778750 786296
795439 770256
795167 772241
787982 774300
763470 835216
787982 774300
780089 774688
802559 766589
830863 755866
826968 758933
775928 796631
775273 802155
807699 761385
803158 761867
803158 761867
802559 766589
811751 760759
807699 761385
772876 826673
772396 831299
773016 823170
763470 835216
772876 826673
802559 766589
795439 770256
795167 772241
775273 802155
773097 822406
775273 802155
773439 802563
773439 802563
830863 755866
826968 758933
826968 758933
826968 758933
807699 761385
803158 761867
803158 761867
795439 770256
780089 774688
780089 774688
780089 774688
780089 774688
780089 774688
778750 786296
778750 786296
778750 786296
778750 786296
775928 796631
775928 796631
775273 802155
775273 802155
775273 802155
775273 802155
773439 802563
773439 802563
772396 831299
772396 831299
772396 831299
772396 831299
763470 835216
850155 759181
763750 841154
773494 810331
764263 836848
827827 760839
806874 761907
780299 783621
778709 797336
846242 759640
833462 760295
792381 774518
806874 761907
803826 770575
797004 773523
777287 797415
774076 803519
774076 803519
786236 775107
784890 780638
827827 760839
786236 775107
833462 760295
799800 771271
764263 836848
799800 771271
850155 759181
846242 759640
803826 770575
784890 780638
782823 781459
781414 782319
780299 783621
782823 781459
781414 782319
777618 797344
778709 797336
803826 770575
833462 760295
786236 775107
777287 797415
777618 797344
777618 797344
850155 759181
850155 759181
833462 760295
827827 760839
803826 770575
803826 770575
803826 770575
803826 770575
799800 771271
799800 771271
799800 771271
799800 771271
799800 771271
781414 782319
778709 797336
778709 797336
777618 797344
777287 797415
777287 797415
777287 797415
777287 797415
774076 803519
774076 803519
852358 760901
852358 760901
773822 829705
773822 829705
820800 773479
832990 762362
786650 784765
783285 794971
803350 778341
774054 818386
801646 778807
776101 806070
774305 808872
776101 806070
774305 808872
776101 806070
844924 773977
775048 829325
775674 809324
785267 800545
808196 783444
800990 786835
789397 800078
815684 780326
791809 790070
836528 777227
822350 779587
794665 789397
829071 779576
832608 777997
851311 778021
776749 813117
784295 811143
793794 796274
832298 779599
811083 786512
802056 787415
825637 779724
799855 791075
815693 782952
817321 781971
798385 794630
798836 793113
816492 782065
831598 780748
780958 818330
793596 816184
795253 809984
796553 802291
802479 792987
817596 783467
800545 798553
805959 787658
826199 783070
813037 787270
835592 784119
787890 819234
797008 805177
807224 790245
802491 801470
822846 786513
826483 785007
814110 787749
803622 796933
813137 790139
803270 797146
828552 787061
789880 825348
804224 802863
800668 808335
807923 792694
812955 792023
796956 819753
822171 788921
799118 817459
825320 788077
826851 787170
841822 787318
791976 834483
809243 792721
823595 790596
797766 831458
833007 787649
800001 820921
798233 825056
801011 813770
827722 788666
808272 798401
807539 803774
804390 806214
802308 810158
808735 795309
824279 789919
806718 805802
802253 811746
842287 787990
801389 836008
802689 824321
825317 790878
819663 792918
802990 810348
837120 789719
807601 805526
810760 794016
805934 808778
809007 798611
839884 789155
809817 798091
809936 794305
833741 791087
802844 824594
805650 812282
822904 793948
828935 792382
816296 794188
810814 796849
808416 805822
807740 809089
815134 795594
809928 801681
810464 800415
841128 791366
804850 825556
819457 794861
832680 794728
811167 798919
806231 813569
809467 806283
808508 807533
808312 811319
807597 813309
808028 811591
856995 792815
805683 827417
808301 814130
806268 826312
845114 795768
839415 795899
826230 796180
812096 805289
814891 802025
809157 808779
809250 808165
816047 799044
818087 799036
823572 796206
820332 797212
820381 796513
828402 796605
808883 823357
822137 797667
827637 796748
809253 817236
811891 814416
812640 809312
819853 800074
810971 816591
815675 804688
817965 802630
821569 798683
814009 806820
818091 802378
815389 805279
813140 807356
839305 796632
808910 827107
810310 817581
821851 801037
823454 798792
831074 798770
810172 826142
816341 805354
814923 809102
833745 797845
813324 814648
813724 813379
837411 797291
815904 805366
852046 796888
809764 830642
832683 799131
850021 798774
814016 818353
812173 821465
816258 807553
822996 802368
818360 806235
826398 800031
825699 801721
817439 807221
840983 799267
810720 843107
827571 800244
812889 821915
812491 831921
818136 807398
816344 812272
825775 803605
844537 799726
814254 826133
832670 801943
843949 800047
827223 804077
821290 807865
816814 814771
816648 819291
819084 811978
815466 822534
819372 810137
814637 824109
828591 802674
820400 808438
828328 802767
844597 799760
814516 829458
817239 824837
836774 802925
819152 819210
832361 807721
825614 808874
819628 815109
820476 811079
834544 803590
832410 805265
822630 810189
824078 809777
843932 803075
817077 844263
818632 831017
820167 822433
820807 814220
841727 804486
828212 810205
834341 805534
832894 805838
824623 810563
825664 810360
859438 805061
820812 823612
843319 805313
821679 818463
825265 811651
823478 815004
837000 807529
833170 810609
837994 805787
834472 810223
839040 806405
821198 842375
825605 812768
822092 819066
833628 812456
821319 829212
835778 810964
821743 829182
835292 812366
839817 808758
822805 845427
834153 814330
822902 826713
826374 816523
822915 821514
826346 818948
837737 814016
838351 811761
838322 813608
843562 809090
823386 826818
832990 817611
840331 810677
826888 818257
825430 821579
826444 821343
841511 812031
825245 832152
835721 817764
826964 818896
826635 822218
861760 813121
825601 852270
827539 843555
828791 825120
851688 817382
836571 819154
846648 818453
828939 820170
863637 815621
829191 820497
834482 820361
846381 821299
829985 823283
832209 821535
852913 821541
830298 825675
841573 822326
832779 824044
835264 822627
852736 823585
830776 827309
835561 824664
847984 823606
833835 825887
832580 826446
842179 824859
834708 840496
836990 832895
847980 828942
841465 836008
882668 829505
855957 841724
810990 737746
760898 806810
803105 753745
766455 777714
766455 777714
784815 777360
799443 762265
785447 766509
785001 773044
799942 762152
785447 766509
799942 762152
784815 777360
785447 766509
799942 762152
784815 777360
799942 762152
799942 762152
799942 762152
799942 762152
799942 762152
799942 762152
799942 762152
799942 762152
799942 762152
799942 762152
784815 777360
784815 777360
784815 777360
784815 777360
784815 777360
784815 777360
784815 777360
784815 777360
784815 777360
784815 777360
837752 751726
768180 782867
809192 758995
785177 777248
805441 766244
775527 778642
786519 771980
775527 778642
808981 762626
796120 769216
788937 769815
809192 758995
808981 762626
802370 768256
788937 769815
786519 771980
796120 769216
799344 768643
799344 768643
802370 768256
809192 758995
809192 758995
808981 762626
802370 768256
802370 768256
802370 768256
796120 769216
796120 769216
788937 769815
786519 771980
775527 778642
839427 760463
770579 808256
770579 808256
772130 787064
839427 760463
824780 761773
824780 761773
798855 769356
783398 781962
774643 784413
790159 773085
814416 765462
796573 769712
790220 772027
806828 768092
786909 777088
806828 768092
814416 765462
774643 784413
814416 765462
814416 765462
806828 768092
786724 779521
786909 777088
785664 781800
786118 779829
796573 769712
785664 781800
783398 781962
790220 772027
770579 808256
786724 779521
786118 779829
786118 779829
786909 777088
839427 760463
839427 760463
824780 761773
824780 761773
814416 765462
814416 765462
814416 765462
814416 765462
814416 765462
814416 765462
814416 765462
814416 765462
814416 765462
806828 768092
806828 768092
796573 769712
790220 772027
790220 772027
786909 777088
786909 777088
786909 777088
786909 777088
786909 777088
786909 777088
786909 777088
786909 777088
786909 777088
786909 777088
786724 779521
786118 779829
786118 779829
786118 779829
774643 784413
774643 784413
824841 761787
771631 838717
771631 838717
795825 773042
773257 802148
773080 822855
787078 779421
773080 822855
821366 766877
811112 769122
773257 802148
776169 790448
784805 783489
778392 785275
824112 765937
806408 769368
799743 769596
777974 785376
786182 781214
811112 769122
806408 769368
799743 769596
798025 772681
776169 790448
821366 766877
784805 783489
776169 790448
798025 772681
787078 779421
771631 838717
778392 785275
777974 785376
821366 766877
811112 769122
811112 769122
811112 769122
811112 769122
799743 769596
778392 785275
778392 785275
777974 785376
777974 785376
777974 785376
777974 785376
777974 785376
776169 790448
773257 802148
773080 822855
773080 822855
773080 822855
844711 769142
773705 806167
773705 806167
808337 771173
779057 788991
789677 780103
800987 773985
785157 784903
783818 787281
804596 772636
773705 806167
847271 772275
774805 816368
819672 773406
785857 809975
798614 780533
812212 775298
786006 796397
776145 812538
797512 788202
793257 795952
794070 792677
796371 789960
839858 775400
776200 817159
784082 815890
786957 807568
826756 775686
816385 780815
812965 785506
799664 790311
821804 777624
797434 795954
796111 799675
790690 801666
804994 786160
787894 803790
803194 787647
846325 775730
781997 846833
821852 777695
782084 824639
788019 810580
786565 823810
820611 786243
791999 802639
805821 787805
812267 787395
802141 794545
798751 800132
797238 801224
801564 795676
826440 779791
783012 844408
783530 825305
790138 822872
792988 812705
821090 787112
811467 789178
794880 804318
822623 781508
804080 794802
800630 800942
797985 804246
808694 794512
801673 797426
809557 791098
809655 789591
828136 782039
790517 824505
795015 805768
816709 789488
805053 797465
801554 802894
807559 795801
799862 804637
811252 793113
814231 791048
813042 792259
836837 782049
791015 828170
797380 814921
806582 798753
800648 805463
826826 790014
798300 811405
834357 788034
822477 790503
812685 795250
815909 791274
835338 785869
814473 791808
813784 793515
812791 794310
812990 793517
850631 782926
794064 834961
798874 819531
822170 791724
808835 805158
839849 784502
811118 799131
833305 791532
836823 786670
815257 795989
816603 793323
801588 808291
800317 816493
801871 807495
834892 791169
799245 816549
842828 785189
799162 828179
827644 792864
800989 817747
803564 807897
818547 796386
814559 800109
823177 795088
809647 807119
825576 792922
811091 805695
811241 800654
811582 800466
810745 806029
843263 789854
801731 818161
840492 793121
820901 797988
826589 795101
804457 809962
811843 803349
807265 808909
811689 806541
824224 796325
811835 803806
843003 793909
801892 836304
802132 819383
829039 795118
807973 809437
839452 795101
807037 817305
814828 803938
823182 801763
824931 798532
813275 806877
803571 818332
824111 801298
813544 804105
849432 795251
802810 833233
805102 823723
810307 812167
833363 797621
825142 801622
831115 799136
821559 804442
818382 806705
814945 807911
811499 809452
858764 797487
807032 830553
834277 798193
810630 824880
811312 815579
810263 828532
832761 799159
830807 803124
827957 806162
832332 802467
822038 806722
828310 805394
813484 810810
812191 811781
811953 814096
819279 807471
815818 809268
817101 808326
821421 807161
811513 815354
816577 809156
844562 799706
807572 837924
812877 815201
822403 808232
833237 806568
819908 810957
808429 831263
812329 824893
811059 825519
838754 800170
834558 803244
836150 801111
848966 800474
809026 848033
835181 803603
809969 836230
824136 808774
847529 801280
811081 826034
815943 816992
821127 812460
813101 822284
822695 811683
814659 818153
813932 820705
852401 801118
810417 840442
811518 827915
839021 804973
838426 806996
830022 808827
821808 815404
825799 812394
819420 817214
813273 822428
817824 821230
826103 810150
819082 820884
828959 809763
814366 822151
814017 822292
858364 803475
811103 852670
814146 823849
834671 808839
842900 806951
850879 806035
825158 816708
821304 817988
819815 820986
847049 806097
829105 810611
816422 822199
828658 813909
829100 812053
858669 803961
814398 831604
838549 810219
829317 811319
818882 822235
825707 817581
823789 818244
816607 827247
818828 826286
852512 810807
815415 836221
816966 828709
843943 811216
828447 818812
822485 826100
833100 811533
830609 813863
824048 820648
823596 823915
832501 812603
823764 822662
823938 821589
839551 811536
815488 841079
823132 827655
815569 837702
831618 815584
830049 821134
838169 813788
827706 825602
827296 825638
868279 811751
815588 853103
846948 813270
836773 816287
860112 812646
819468 848781
822170 840023
833220 821302
823499 837515
828895 826070
832833 825125
824063 832635
827513 829369
824145 830786
825661 829690
839289 819140
823497 842644
826344 832193
833436 824883
836518 822588
846107 819577
825483 859215
828423 839769
832779 832286
834964 827359
842340 824101
839658 824702
855604 829105
839102 839003
840680 829573
