57 2.7956
1.54343e+06 1.41286e+06
1.4601e+06 1.52248e+06
1.4601e+06 1.52248e+06
1.52564e+06 1.42382e+06
1.47982e+06 1.44996e+06
1.4774e+06 1.47407e+06
1.54343e+06 1.41286e+06
1.49684e+06 1.44013e+06
1.4723e+06 1.50952e+06
1.51517e+06 1.43754e+06
1.49691e+06 1.43927e+06
1.51517e+06 1.43754e+06
1.47235e+06 1.4951e+06
1.47428e+06 1.48934e+06
1.4601e+06 1.52248e+06
1.4723e+06 1.50952e+06
1.47435e+06 1.47811e+06
1.47435e+06 1.47811e+06
1.47435e+06 1.47811e+06
1.51517e+06 1.43754e+06
1.51517e+06 1.43754e+06
1.47435e+06 1.47811e+06
1.47435e+06 1.47811e+06
1.47435e+06 1.47811e+06
1.47435e+06 1.47811e+06
1.4723e+06 1.50952e+06
1.4601e+06 1.52248e+06
1.4601e+06 1.52248e+06
1.57042e+06 1.41443e+06
1.46064e+06 1.52548e+06
1.4728e+06 1.50406e+06
1.55112e+06 1.41896e+06
1.49958e+06 1.44142e+06
1.51991e+06 1.43983e+06
1.48287e+06 1.49249e+06
1.53081e+06 1.42795e+06
1.57042e+06 1.41443e+06
1.52586e+06 1.4318e+06
1.48301e+06 1.48157e+06
1.49382e+06 1.45694e+06
1.48676e+06 1.47097e+06
1.49248e+06 1.45945e+06
1.53081e+06 1.42795e+06
1.49382e+06 1.45694e+06
1.48467e+06 1.47696e+06
1.48794e+06 1.4649e+06
1.48958e+06 1.46378e+06
1.48467e+06 1.47696e+06
1.48958e+06 1.46378e+06
1.48794e+06 1.4649e+06
1.57042e+06 1.41443e+06
1.53081e+06 1.42795e+06
1.53081e+06 1.42795e+06
1.48467e+06 1.47696e+06
1.5579e+06 1.41947e+06
1.46955e+06 1.55545e+06
1.46955e+06 1.55545e+06
1.46984e+06 1.53966e+06
1.47524e+06 1.51468e+06
1.50177e+06 1.445e+06
1.48254e+06 1.51104e+06
1.54078e+06 1.43099e+06
1.52292e+06 1.44296e+06
1.49952e+06 1.46188e+06
1.55044e+06 1.42922e+06
1.51623e+06 1.44426e+06
1.5579e+06 1.41947e+06
1.53187e+06 1.43499e+06
1.49338e+06 1.46892e+06
1.4922e+06 1.48403e+06
1.49338e+06 1.46892e+06
1.49032e+06 1.48688e+06
1.48351e+06 1.49714e+06
1.52832e+06 1.43644e+06
1.548e+06 1.43035e+06
1.51623e+06 1.44426e+06
1.48351e+06 1.49714e+06
1.49952e+06 1.46188e+06
1.48434e+06 1.4881e+06
1.48434e+06 1.4881e+06
1.53187e+06 1.43499e+06
1.52832e+06 1.43644e+06
1.4922e+06 1.48403e+06
1.54802e+06 1.4295e+06
1.548e+06 1.43035e+06
1.46955e+06 1.55545e+06
1.548e+06 1.43035e+06
1.548e+06 1.43035e+06
1.548e+06 1.43035e+06
1.548e+06 1.43035e+06
1.548e+06 1.43035e+06
1.52832e+06 1.43644e+06
1.51623e+06 1.44426e+06
1.51623e+06 1.44426e+06
1.4922e+06 1.48403e+06
1.48434e+06 1.4881e+06
1.48351e+06 1.49714e+06
1.46955e+06 1.55545e+06
1.46955e+06 1.55545e+06
1.46955e+06 1.55545e+06
1.46955e+06 1.55545e+06
1.46955e+06 1.55545e+06
1.46955e+06 1.55545e+06
1.56448e+06 1.41983e+06
1.47191e+06 1.54075e+06
1.47191e+06 1.54075e+06
1.48551e+06 1.48979e+06
1.49476e+06 1.47086e+06
1.50822e+06 1.44517e+06
1.53413e+06 1.44039e+06
1.54542e+06 1.43161e+06
1.48013e+06 1.5151e+06
1.47683e+06 1.51523e+06
1.54355e+06 1.43287e+06
1.53413e+06 1.44039e+06
1.50144e+06 1.46216e+06
1.50124e+06 1.46276e+06
1.50181e+06 1.44534e+06
1.50181e+06 1.44534e+06
1.47191e+06 1.54075e+06
1.48013e+06 1.5151e+06
1.47683e+06 1.51523e+06
1.54542e+06 1.43161e+06
1.54355e+06 1.43287e+06
1.54355e+06 1.43287e+06
1.47191e+06 1.54075e+06
1.56924e+06 1.41986e+06
1.47268e+06 1.5445e+06
1.47268e+06 1.5445e+06
1.52128e+06 1.44614e+06
1.50182e+06 1.46244e+06
1.47989e+06 1.51974e+06
1.4827e+06 1.51718e+06
1.56693e+06 1.42974e+06
1.54877e+06 1.43363e+06
1.53836e+06 1.44472e+06
1.48731e+06 1.49999e+06
1.49766e+06 1.4749e+06
1.51227e+06 1.44629e+06
1.53855e+06 1.44124e+06
1.48906e+06 1.49378e+06
1.50512e+06 1.4495e+06
1.56693e+06 1.42974e+06
1.49172e+06 1.49079e+06
1.54475e+06 1.43791e+06
1.49545e+06 1.47916e+06
1.49543e+06 1.48942e+06
1.54877e+06 1.43363e+06
1.54475e+06 1.43791e+06
1.47268e+06 1.5445e+06
1.51059e+06 1.44767e+06
1.48731e+06 1.49999e+06
1.49676e+06 1.47675e+06
1.50512e+06 1.4495e+06
1.47989e+06 1.51974e+06
1.49543e+06 1.48942e+06
1.50512e+06 1.4495e+06
1.49545e+06 1.47916e+06
1.53836e+06 1.44472e+06
1.51059e+06 1.44767e+06
1.54475e+06 1.43791e+06
1.51059e+06 1.44767e+06
1.51059e+06 1.44767e+06
1.49543e+06 1.48942e+06
1.47268e+06 1.5445e+06
1.57828e+06 1.42842e+06
1.48008e+06 1.52706e+06
1.48793e+06 1.51512e+06
1.50771e+06 1.45633e+06
1.48926e+06 1.4959e+06
1.50611e+06 1.46984e+06
1.48073e+06 1.5225e+06
1.54948e+06 1.44043e+06
1.5108e+06 1.44841e+06
1.55599e+06 1.43617e+06
1.49761e+06 1.49163e+06
1.49836e+06 1.48405e+06
1.57471e+06 1.43384e+06
1.49276e+06 1.49571e+06
1.50303e+06 1.47167e+06
1.50231e+06 1.47818e+06
1.57094e+06 1.43407e+06
1.52665e+06 1.44748e+06
1.51678e+06 1.44781e+06
1.53961e+06 1.44455e+06
1.53205e+06 1.44718e+06
1.50131e+06 1.48131e+06
1.56232e+06 1.4358e+06
1.57828e+06 1.42842e+06
1.54304e+06 1.44208e+06
1.56232e+06 1.4358e+06
1.51678e+06 1.44781e+06
1.54304e+06 1.44208e+06
1.53961e+06 1.44455e+06
1.53205e+06 1.44718e+06
1.52665e+06 1.44748e+06
1.57094e+06 1.43407e+06
1.57094e+06 1.43407e+06
1.58274e+06 1.43168e+06
1.48666e+06 1.54675e+06
1.48666e+06 1.54675e+06
1.51783e+06 1.44805e+06
1.55386e+06 1.44093e+06
1.49016e+06 1.50486e+06
1.48729e+06 1.54574e+06
1.49545e+06 1.50019e+06
1.56586e+06 1.43619e+06
1.50325e+06 1.48133e+06
1.50969e+06 1.4716e+06
1.50443e+06 1.47583e+06
1.51146e+06 1.4595e+06
1.51203e+06 1.45745e+06
1.49179e+06 1.50479e+06
1.56119e+06 1.43966e+06
1.55386e+06 1.44093e+06
1.56119e+06 1.43966e+06
1.51524e+06 1.45283e+06
1.51653e+06 1.45193e+06
1.5037e+06 1.48036e+06
1.51146e+06 1.4595e+06
1.51524e+06 1.45283e+06
1.48729e+06 1.54574e+06
1.48666e+06 1.54675e+06
1.55386e+06 1.44093e+06
1.51524e+06 1.45283e+06
1.51146e+06 1.4595e+06
1.56628e+06 1.43726e+06
1.48866e+06 1.58222e+06
1.55917e+06 1.44953e+06
1.51716e+06 1.45454e+06
1.4893e+06 1.54887e+06
1.49989e+06 1.50705e+06
1.49232e+06 1.52306e+06
1.50568e+06 1.48528e+06
1.49449e+06 1.51224e+06
1.56624e+06 1.44928e+06
1.51383e+06 1.47223e+06
1.51638e+06 1.45696e+06
1.50895e+06 1.4778e+06
1.51263e+06 1.47434e+06
1.50591e+06 1.47897e+06
1.59379e+06 1.43978e+06
1.49284e+06 1.52853e+06
1.57273e+06 1.45511e+06
1.52007e+06 1.45629e+06
1.51574e+06 1.48859e+06
1.51678e+06 1.45902e+06
1.50757e+06 1.50402e+06
1.50097e+06 1.51266e+06
1.51055e+06 1.4954e+06
1.50051e+06 1.52271e+06
1.49785e+06 1.52385e+06
1.49533e+06 1.52811e+06
1.51929e+06 1.45837e+06
1.59628e+06 1.44094e+06
1.49771e+06 1.53445e+06
1.53935e+06 1.45827e+06
1.5196e+06 1.46717e+06
1.50409e+06 1.5252e+06
1.52332e+06 1.45854e+06
1.5082e+06 1.51606e+06
1.51692e+06 1.49989e+06
1.51415e+06 1.50776e+06
1.5193e+06 1.48343e+06
1.51721e+06 1.48616e+06
1.598e+06 1.45436e+06
1.49853e+06 1.55902e+06
1.51184e+06 1.557e+06
1.53165e+06 1.45866e+06
1.51759e+06 1.48959e+06
1.52404e+06 1.45918e+06
1.52089e+06 1.47257e+06
1.52007e+06 1.47667e+06
1.51795e+06 1.48758e+06
1.53316e+06 1.45899e+06
1.5104e+06 1.56025e+06
1.51853e+06 1.5345e+06
1.51432e+06 1.55761e+06
1.52528e+06 1.46709e+06
1.53282e+06 1.46605e+06
1.51925e+06 1.504e+06
1.52149e+06 1.49145e+06
1.5227e+06 1.47848e+06
1.5245e+06 1.47598e+06
1.52107e+06 1.50281e+06
1.5475e+06 1.46302e+06
1.52045e+06 1.51177e+06
1.523e+06 1.4937e+06
1.53584e+06 1.46319e+06
1.52093e+06 1.50654e+06
1.52522e+06 1.48121e+06
1.52554e+06 1.46773e+06
1.52316e+06 1.48494e+06
1.53284e+06 1.46676e+06
1.52533e+06 1.47061e+06
1.53523e+06 1.46524e+06
1.53336e+06 1.46622e+06
1.56793e+06 1.46303e+06
1.52124e+06 1.52218e+06
1.5271e+06 1.47152e+06
1.52353e+06 1.49669e+06
1.55983e+06 1.46393e+06
1.54181e+06 1.46396e+06
1.52328e+06 1.50175e+06
1.53429e+06 1.47051e+06
1.53664e+06 1.46557e+06
1.58649e+06 1.46362e+06
1.52368e+06 1.51983e+06
1.5561e+06 1.4654e+06
1.52797e+06 1.48722e+06
1.52778e+06 1.50382e+06
1.54039e+06 1.46558e+06
1.52393e+06 1.50538e+06
1.53797e+06 1.47007e+06
1.52841e+06 1.48106e+06
1.53006e+06 1.47674e+06
1.5359e+06 1.47608e+06
1.53516e+06 1.47639e+06
1.54198e+06 1.46604e+06
1.52383e+06 1.52838e+06
1.53039e+06 1.4792e+06
1.5383e+06 1.47201e+06
1.53017e+06 1.50052e+06
1.52532e+06 1.51158e+06
1.52794e+06 1.50707e+06
1.55517e+06 1.46631e+06
1.52416e+06 1.53942e+06
1.5292e+06 1.52292e+06
1.53083e+06 1.48427e+06
1.54296e+06 1.46711e+06
1.53606e+06 1.47936e+06
1.54041e+06 1.47243e+06
1.53266e+06 1.48366e+06
1.54736e+06 1.46823e+06
1.52697e+06 1.5544e+06
1.53099e+06 1.51865e+06
1.53147e+06 1.48741e+06
1.54072e+06 1.48127e+06
1.544e+06 1.47713e+06
1.55602e+06 1.47105e+06
1.52698e+06 1.5839e+06
1.53326e+06 1.51142e+06
1.54035e+06 1.49154e+06
1.54404e+06 1.48098e+06
1.54782e+06 1.47355e+06
1.55244e+06 1.47224e+06
1.5343e+06 1.49368e+06
1.53403e+06 1.49665e+06
1.56337e+06 1.47277e+06
1.53352e+06 1.52158e+06
1.54956e+06 1.47865e+06
1.54243e+06 1.49204e+06
1.53474e+06 1.50078e+06
1.5341e+06 1.50784e+06
1.59051e+06 1.4732e+06
1.53445e+06 1.51773e+06
1.56697e+06 1.47431e+06
1.55213e+06 1.47975e+06
1.54782e+06 1.49579e+06
1.53745e+06 1.50226e+06
1.53677e+06 1.50549e+06
1.5366e+06 1.51722e+06
1.59181e+06 1.47548e+06
1.53776e+06 1.50449e+06
1.57931e+06 1.47556e+06
1.54942e+06 1.49699e+06
1.55792e+06 1.48064e+06
1.5527e+06 1.48409e+06
1.54934e+06 1.5032e+06
1.55759e+06 1.48382e+06
1.56206e+06 1.48167e+06
1.53862e+06 1.50696e+06
1.55329e+06 1.49375e+06
1.53865e+06 1.50469e+06
1.55849e+06 1.49036e+06
1.57869e+06 1.48482e+06
1.54117e+06 1.50903e+06
1.56416e+06 1.491e+06
1.55242e+06 1.50726e+06
1.55385e+06 1.49834e+06
1.55772e+06 1.49484e+06
1.54226e+06 1.50788e+06
1.54168e+06 1.50834e+06
1.5785e+06 1.49388e+06
1.54156e+06 1.52427e+06
1.55517e+06 1.49882e+06
1.55434e+06 1.5032e+06
1.54511e+06 1.50972e+06
1.54305e+06 1.51283e+06
1.54204e+06 1.52269e+06
1.56868e+06 1.50284e+06
1.54391e+06 1.52698e+06
1.55615e+06 1.5029e+06
1.54695e+06 1.51381e+06
1.54889e+06 1.51096e+06
1.56258e+06 1.50322e+06
1.54423e+06 1.55254e+06
1.55228e+06 1.51285e+06
1.54742e+06 1.53548e+06
1.5497e+06 1.52046e+06
1.55009e+06 1.51714e+06
1.54996e+06 1.51933e+06
1.56977e+06 1.50873e+06
1.54962e+06 1.54281e+06
1.55206e+06 1.52084e+06
1.56088e+06 1.51296e+06
1.5578e+06 1.51736e+06
1.57052e+06 1.51059e+06
1.54982e+06 1.54866e+06
1.55606e+06 1.52435e+06
1.55256e+06 1.53686e+06
1.55266e+06 1.52537e+06
1.55191e+06 1.54374e+06
1.59929e+06 1.51307e+06
1.55442e+06 1.54645e+06
1.57732e+06 1.51468e+06
1.55923e+06 1.52759e+06
1.55508e+06 1.52799e+06
1.58386e+06 1.51816e+06
1.55776e+06 1.52955e+06
1.56056e+06 1.52769e+06
1.58245e+06 1.52014e+06
1.59903e+06 1.52346e+06
1.56134e+06 1.61773e+06
1.57167e+06 1.52775e+06
1.56599e+06 1.58765e+06
1.56631e+06 1.54169e+06
1.57577e+06 1.53213e+06
1.57264e+06 1.53368e+06
1.57418e+06 1.53544e+06
1.58019e+06 1.54128e+06
1.59361e+06 1.57238e+06
