1008 111.596
240313 201317 162483
228452 219580 153497
213098 165090 191961
177226 220246 194058
173634 200132 213591
172628 201526 212966
240313 201317 162483
230774 218864 154366
178580 188910 210941
225180 194824 165926
222957 214733 155522
185372 206066 176110
230774 218864 154366
218937 185821 170701
181642 210993 181012
184241 187256 185583
191927 215281 169500
186614 192594 179241
211551 216532 157288
205062 180367 177394
220363 196255 164935
192378 218054 169199
194304 173145 188795
202023 167805 199498
203046 213379 161592
177552 196543 203288
218104 168200 185305
212084 215673 155654
226287 211042 156536
212443 199806 164532
173018 200215 207950
192440 177725 184071
207671 198682 165928
195845 182448 183504
178358 189360 209908
214477 213739 158840
193451 169400 204469
182478 191215 182918
189137 174111 195989
211493 165791 193748
213630 172831 182133
192800 171756 195166
205452 184159 175741
173920 212187 197390
181358 194515 190407
190820 183438 185343
227814 219122 155159
199913 169072 196877
209895 184614 173383
209551 187711 170715
200569 167941 197569
185973 183119 187634
204399 193222 167895
178857 194055 201585
172628 201526 212966
186824 176638 205243
193993 171198 196373
206344 211009 159288
175658 197089 208914
176405 203945 195519
221717 214619 156795
192371 185045 177980
187072 174670 201450
196238 192373 173943
178305 208601 186181
194754 207363 168678
177672 206956 186541
201488 177250 182059
198448 213069 165209
210637 201243 163986
187727 185306 185646
179966 205474 181647
174035 190326 209046
190440 180250 191637
178971 194328 192346
193838 207531 167060
208324 200595 164299
182108 186586 192970
181683 190038 200846
216010 209700 158019
174746 197466 201033
197368 198780 172479
177676 191602 205867
213270 197851 166300
189553 169635 201266
176871 196089 207334
199233 170333 189248
218349 202902 159777
185477 178350 194505
208578 211483 159225
175662 196846 206900
203304 175710 182370
198487 175802 185852
215779 204019 160478
177226 201951 198783
226710 205148 158054
195433 169137 199061
180725 191314 196475
197643 195786 168489
197939 195471 172259
210389 209652 159621
228430 190759 166544
199383 188520 175067
217039 196845 167785
215855 171936 186989
173763 197347 203672
215323 201393 163685
214687 166718 188040
215408 214870 158386
227667 208178 157630
176653 201340 199949
179699 205592 187019
216260 165406 191785
221505 208463 159633
203733 186167 173006
197164 204529 171667
189342 184079 182701
201253 168545 187934
187558 189723 181215
197164 204529 171667
199071 190507 174600
208725 176665 175141
196714 188045 176941
186644 179104 194269
215277 187522 172787
181410 195067 187234
203247 208131 161788
211365 196865 167531
221639 214308 157732
199233 170333 189248
195845 182448 183504
176260 202317 199567
186910 186819 183941
181203 192475 194553
195807 179235 184032
182198 202467 177168
200756 191979 169320
193534 191907 174425
216769 168531 186089
195756 193035 173049
187244 180353 188085
197895 186503 175165
178810 189512 205773
214687 166718 188040
178885 205121 191442
204963 188722 172316
190061 190620 178613
211660 202104 162212
196714 188045 176941
218349 202902 159777
188835 197594 178609
188987 185910 182986
188835 197594 178609
185731 186048 191177
207972 201937 165417
211665 196900 166376
215779 204019 160478
207972 201937 165417
185673 193737 182350
185673 193737 182350
185731 186048 191177
189179 191520 175156
190061 190620 178613
210389 209652 159621
218349 202902 159777
197164 204529 171667
233900 195908 166734
224203 216655 157051
215420 217052 164519
212519 186902 195265
204050 187814 197108
191594 194729 195645
204756 203238 168709
194484 197837 183689
200260 206980 173048
205054 188462 192379
216843 212601 163024
217042 207492 166608
193353 211279 187829
219779 196975 168249
212284 189728 181506
197389 190156 188095
206884 196997 173913
202448 189764 186296
197845 193559 182037
216099 214814 164462
199902 196671 180291
195237 194145 187692
199648 213170 168426
200138 191454 177433
203805 191890 174067
194635 197231 174561
212827 195921 168506
215605 191752 176492
204208 190775 177331
238484 195995 177154
222881 213465 163110
220624 219688 163459
211243 191902 185691
195622 212985 199531
197699 209313 187315
230248 209121 167309
198563 196531 183084
203773 202888 179555
217969 199016 169395
209103 211413 171452
237942 198586 174533
220523 195350 181544
229136 196098 178146
224182 208239 167586
216817 207167 168946
208115 204412 174516
219000 212765 165066
212864 208140 173320
205188 205722 173447
202562 205797 180207
203990 209591 173797
203223 206056 175865
198329 198153 180704
197971 207553 185809
210834 209261 172920
211642 198779 176391
219596 198687 172199
239739 206656 169632
229942 220113 168522
225460 194249 196848
219847 197054 205124
198796 203521 188157
211502 217159 171916
231930 196633 190264
201949 198202 187107
218259 213263 170833
202381 199140 181907
202310 197330 191333
209863 212517 174340
215992 210647 174750
204626 206995 179300
219294 208845 176099
198903 202799 190238
214100 201458 177454
221700 198995 176958
204083 203373 179767
218196 200756 177073
212690 204070 176851
213673 210937 176607
207487 206740 176808
211815 206121 177125
219333 199486 169735
208948 206674 179730
212012 203907 176868
237541 207396 169872
216783 223594 174730
206747 197439 199085
202040 198525 195901
232170 201648 172763
206610 215680 182178
222978 219780 169943
218011 221103 176451
213609 199611 185806
229363 208300 170327
212144 211460 177418
203618 206910 187270
205751 198775 193891
203673 203651 191048
208602 214549 177407
205353 204892 183626
229648 204307 171804
220823 200157 180302
208620 201268 184913
207111 199907 189248
226189 207869 173391
211675 203805 183134
211951 197926 192041
219826 210128 173770
224721 205987 176499
222959 201012 179713
218350 207638 178351
220055 202149 179169
225363 215613 172349
212425 206137 179267
206879 210062 180106
207719 204045 180136
220544 201242 177026
253489 208727 173534
238597 215602 169966
217490 226140 177378
213652 197859 200043
202330 210351 212520
244826 199738 197966
246914 211902 169982
225850 224047 170841
219792 201775 189345
240257 203621 174093
210050 219324 180280
213242 201511 194430
236559 201039 182091
232811 214526 171116
228861 217660 173785
232153 210101 171373
221485 224228 175641
211638 204629 182700
205538 208531 185065
224700 206663 179685
207885 216846 180567
216210 216048 179030
204401 218700 187384
208932 207614 186975
221570 213454 179934
205485 205322 196710
210313 202527 188438
223129 201872 186490
235448 202053 181338
224879 202348 183267
226726 210797 174020
204675 210255 195187
214434 208781 180892
222373 210449 174748
209659 211379 182940
221446 208474 180740
215446 210041 180502
226559 205342 180392
215692 217816 179313
214673 202114 187934
221919 202486 181443
241576 208472 175293
238880 211522 172457
214936 200158 204184
208174 222725 181163
207167 222404 186312
213843 210666 192619
208432 215082 197657
237932 208347 180381
216109 204935 186008
230927 209450 181656
217650 219063 182217
218801 221262 181774
209935 207971 197106
226809 212298 174088
212327 214550 184877
222392 217326 179128
220743 206882 185372
209664 210681 190141
222990 212017 177163
211797 215882 183355
230576 205519 182074
223850 211126 175856
226125 212321 175647
214131 209350 186967
210424 211838 188944
225310 205708 182123
210040 217273 184490
221735 207070 183312
218155 207383 183511
214480 205095 189352
226279 212218 175090
215418 207314 185204
222253 211834 181925
247309 226057 172794
226372 204941 191830
210074 212105 202749
208576 222689 192805
213756 213614 195074
218185 221518 182594
221601 205029 200536
230956 207752 184029
240707 206191 186040
210680 226009 186718
222968 219279 179773
214725 222801 183693
228406 215516 174423
223396 218228 182162
234681 214215 174243
211102 217172 189807
237465 212544 175913
229383 209568 183689
215661 219305 184307
216302 208935 187923
239428 218362 174214
220498 216954 185814
229835 213333 176810
215010 209015 194902
215840 211004 191034
235921 211673 176461
225149 211597 177901
214735 214930 188872
239490 206388 185944
224357 215507 177967
215877 205705 190228
221771 214489 184963
211077 216730 191019
221550 212641 186411
224245 212394 187795
222338 216801 184093
243998 217019 177361
241414 217839 174895
217845 230387 184504
217610 205827 200155
216182 208296 206587
212528 229964 191755
228928 206803 191999
217029 217377 198352
235433 206916 191211
232083 225553 175301
240848 213378 178175
221188 216521 189089
214927 220509 189699
224889 221904 179057
225432 214704 180476
217915 215185 189562
223428 222749 182707
233388 211101 186046
230441 212253 181903
235339 210338 184146
231155 209348 186986
226856 213659 177981
232571 217883 176190
222645 219046 185159
228371 213200 186979
217840 223712 185325
222340 225292 182661
217185 207703 190441
215232 210836 198801
231968 212154 185598
222852 210774 188415
221845 206834 191985
222562 213453 188515
239437 216490 178713
230718 208402 197789
222358 229215 189289
221072 213757 204432
215341 222758 201880
218715 226195 193776
234682 212914 182840
221172 218760 190089
225561 211711 197403
231392 222445 181110
238208 213845 180621
231018 213609 186692
229783 209545 192978
234371 217529 180677
228703 216178 181482
219548 216718 191888
223190 211899 189526
225742 216844 182077
229275 214774 181586
246260 222790 181159
232390 212733 200698
220886 227043 203081
240409 213365 184738
224869 223283 190789
227682 213849 197938
221053 220825 193415
239896 215853 190809
236779 218389 181239
226588 217663 182269
224126 222252 192002
222352 219336 201002
226098 214458 193171
222501 218385 201855
245190 225557 183097
241107 213643 188340
237642 226281 181477
232950 215824 194985
227224 219251 192935
235551 222668 183200
243061 216204 185773
228564 220177 187215
231981 218521 183731
230006 217908 188125
230342 226044 186252
246601 227584 184695
241604 217699 191976
228665 231972 188019
232628 227821 186211
230680 222164 191521
231169 219240 188136
245998 222019 186734
240380 220399 191575
240058 220168 192118
238646 229345 186784
236731 220481 194422
232999 229158 189713
234400 226703 190466
239830 227118 188651
236725 226836 189773
243665 223093 198274
238995 231105 192151
235756 236592 200566
243300 224057 193364
255318 224474 195310
246278 236309 194311
238803 251970 209951
236101 212624 157764
218354 163009 197045
177226 220246 194058
173634 200132 213591
172628 201526 212966
228430 190759 166544
191927 215281 169500
192378 218054 169199
212114 213042 158740
219777 199339 162657
222389 209675 157913
225975 176586 181648
178580 188910 210941
203851 198017 164056
181642 210993 181012
202023 167805 199498
178305 208601 186181
173018 200215 207950
221240 219954 158334
180771 185159 208856
176871 196089 207334
195170 204725 166466
175662 196846 206900
184236 182682 198727
187072 174670 201450
186824 176638 205243
180553 203259 188659
175596 201037 197288
178810 189512 205773
174035 190326 209046
183003 187304 190707
191735 183793 179560
223097 187157 169531
210127 166015 188286
178358 189360 209908
182198 202467 177168
189553 169635 201266
206030 201584 163304
185329 180727 192290
193838 207531 167060
200200 180017 179347
177552 196543 203288
216507 164001 193655
204849 178828 178756
216118 163328 196850
177552 196543 203288
189255 198955 169938
199233 170333 189248
202835 204801 164450
218104 168200 185305
211445 167423 187639
202271 178667 180332
214505 165221 191682
186252 205341 176784
200569 167941 197569
173920 212187 197390
192580 172044 192783
193168 169512 206483
194657 170957 189606
190551 182391 184774
195571 186640 173538
177672 206956 186541
189662 181801 190178
203304 175710 182370
195433 169137 199061
206451 200073 161257
227177 190382 168781
193993 171198 196373
201488 177250 182059
214687 166718 188040
219148 194178 168268
199484 206241 159859
179699 205592 187019
213630 172831 182133
192800 171756 195166
206877 188965 170952
194293 192359 174841
201253 168545 187934
209332 174072 184386
206451 200073 161257
199369 185799 177597
194304 173145 188795
182510 187932 193860
221240 219954 158334
214153 181184 177722
184588 186863 193498
187753 176291 193542
190107 190411 183950
187467 180255 191265
205727 188657 171520
209843 166537 188899
207945 182555 172116
209933 165407 195603
212994 191985 168648
191327 175397 187359
207688 191054 169321
228210 194591 167855
216618 206638 158528
186597 195695 171666
190002 174930 194353
197249 180365 182765
200123 187342 173025
212412 185437 170666
195010 191522 176538
192129 195483 175673
196726 185582 178545
195134 183244 183529
194959 199755 167024
191653 202923 169551
188263 182747 186755
198566 178192 182510
227976 192795 168449
197658 194653 165093
195602 194162 170328
188967 169847 197180
181203 192475 194553
193744 172466 192338
190690 193707 180954
199484 206241 159859
202352 167178 195097
215569 191546 169153
189137 174111 195989
204133 176773 181786
211493 165791 193748
188474 191630 185922
184779 195002 181817
217331 193065 168515
206079 168318 191701
208482 177960 178026
205447 171022 185873
193590 205863 168197
200176 174455 183384
213146 196823 164161
179966 205474 181647
205767 185605 173949
197605 180246 181410
197857 178170 186894
192129 195483 175673
208482 177960 178026
200798 190095 170522
191155 190015 182460
205073 187807 172618
209332 174072 184386
205558 181306 177029
198693 190767 170919
200188 183640 174287
186721 177725 193980
184975 192595 187437
196502 192392 168987
193860 194756 174498
181624 190063 194911
197732 191147 172492
223097 187157 169531
199868 192969 168786
217331 193065 168515
195042 194536 170289
199618 181736 180963
204963 188722 172316
190673 194608 182869
206772 181773 172710
204560 190016 172675
197658 194653 165093
190690 193707 180954
193492 206474 169147
193492 206474 169147
196502 192392 168987
219568 207931 165365
210145 175136 193770
191622 196168 193948
189982 197333 175049
193675 188238 183859
214358 184072 190407
203528 180943 192411
208433 201561 168147
200847 194173 179735
200992 191959 179440
217351 195212 171635
211288 199817 175013
205809 185307 190751
207055 200975 172206
243816 215186 169120
226879 182808 203147
221359 216156 165768
192543 197349 176185
205125 185671 199419
195952 194440 186075
210680 187172 191157
204745 192982 188270
222238 208146 171878
211775 189101 183882
218032 202584 172852
217864 211716 171394
214861 196448 179507
210359 201761 173666
208721 209473 174387
205058 191030 190057
215255 211228 173316
223998 202390 172529
208341 195416 180949
207703 193504 182953
206436 197295 181916
208641 192050 179828
233901 204725 174609
224977 208708 173914
218093 190109 198780
210373 217186 176590
205307 191909 209702
195307 197605 185603
208290 193187 199133
217386 216490 177252
200031 196831 193915
232620 203492 175273
221761 190166 191971
203212 194673 187748
225533 197432 178063
206963 201431 181942
212476 191402 191321
213312 192783 188334
196684 200279 182920
219961 205846 176707
216808 198573 179029
205646 199308 183640
197569 203194 181034
208908 194474 193530
211106 207183 177579
210959 196447 187454
208603 197948 180926
214427 197161 181332
210610 197425 186975
217599 207075 175675
197341 206420 178496
218015 192109 181552
212271 198919 177276
214281 198871 178726
217584 206471 176466
238073 190276 194786
227742 210263 173936
200796 197439 206580
197549 198009 190396
218830 195223 199127
233806 209095 175075
199676 208812 178750
229553 193498 196421
200860 203124 185462
232894 192845 194889
206808 205919 181088
204269 201243 183675
214813 196453 194129
218683 206429 179376
222431 199338 185848
204111 199072 187908
215667 199931 182350
216385 195927 190527
209468 196821 189907
214529 197078 188510
211248 199196 186487
230259 197997 182892
226751 198146 180669
214673 201885 179917
223464 198208 184880
223782 197140 184968
216791 195733 194303
208214 198073 186624
218429 197127 187101
216153 206008 179811
223589 199163 182590
236537 193169 206987
231413 211800 177050
213985 219485 178963
198769 213712 192755
232298 197755 188191
200717 218847 189029
200167 205072 206217
201908 200978 201793
205227 199217 195276
203908 199157 199129
199139 209350 190647
228898 197810 189467
213447 200413 193813
214889 204833 181134
204815 207170 187017
221380 198738 192105
202411 212047 183444
211557 211145 180714
219719 209766 179760
226861 198196 182280
201502 207109 195025
218612 198180 199657
218679 201472 185550
224057 203586 180242
208218 201134 187791
206356 206013 185495
210721 200890 192407
216923 198954 190323
224649 198516 192692
207690 203491 184353
206878 210398 181953
217607 203785 182059
220729 200121 182358
220399 202393 185120
202769 210794 184772
210783 202157 187068
203391 202971 190542
204976 210405 182638
201809 211774 187571
218005 211822 180380
205126 205663 187630
217031 203248 182279
235172 218717 179174
231464 198121 191278
214928 224417 179403
203387 207846 208029
200559 216803 202186
203953 204033 195753
214749 212901 183357
226599 199740 192479
207256 201361 204309
219682 199851 193582
207339 216832 185125
213755 209263 186124
205363 207456 188456
232350 198774 189608
217922 214503 181168
210599 202925 187827
234611 199385 184016
215507 200755 203893
211180 202149 202298
222678 201265 186032
218104 204845 181792
213279 215023 185873
223408 204724 182808
213235 206037 187540
217742 203461 186545
225252 204211 184209
215146 206804 187493
216999 208690 182197
216566 202194 192852
225807 200224 183313
212370 202891 202293
217058 201304 190469
232304 202638 182913
217327 200399 193525
214919 207548 184334
235864 203612 183609
230559 200506 197564
225663 216509 181419
209864 206158 201855
208511 217206 186570
207086 207764 201206
215248 214951 186547
212796 204754 200725
217474 201493 194837
212185 211440 188547
235143 200611 193902
231447 205986 183544
208941 208008 197278
218646 203880 191643
226365 202201 190571
214292 203433 193288
218095 208610 188400
222647 210985 184124
224020 203376 186467
220604 209583 185311
220558 216233 184795
211960 203909 201275
229607 211051 182056
221168 205750 188971
227550 201086 186721
220186 207785 186040
223386 206080 182213
207440 208606 189435
227891 201865 184001
222693 206725 185252
226753 201882 185322
227494 201584 189853
212107 205106 189740
222762 206446 188771
243023 205454 185746
236455 201786 191568
230317 201872 210216
224316 226388 182537
207767 211055 191200
213620 205147 207054
214497 206410 201060
225675 215133 182800
214752 209931 194037
216157 223876 189940
216287 220710 190366
210233 210908 199294
220918 202577 197665
223804 214674 185058
226872 207790 184284
214097 204447 209161
221368 221444 185873
225438 203662 187004
228053 202318 188397
216376 212240 190478
217804 206144 190681
229905 209769 182656
219490 211123 189023
221195 208525 186407
224417 204520 187769
220166 202529 198847
221381 205327 191054
216789 210845 190342
227189 204028 186403
224082 206795 188853
219566 211948 188698
225798 209833 185833
239545 216876 184182
231820 203173 200734
221297 206704 205909
213006 218619 193518
211813 211861 205499
215714 213081 191586
220197 216635 189018
236450 205785 189105
213241 212798 195389
231365 203845 200528
226990 204246 203088
218652 210095 204117
237186 204606 197623
229664 209795 185795
220140 208339 194886
223297 210202 186482
239543 203938 197427
228869 206923 187158
226390 205475 192479
228551 207764 189687
224251 207432 192445
231626 203464 201307
237591 209840 185505
222025 212529 190464
225680 209926 191093
221659 211932 193985
237165 206148 186613
223523 207715 203930
219815 212548 191350
241040 209197 192850
232879 213390 186272
231853 206022 211120
226340 222883 188555
213317 213920 197367
240880 207084 208056
215973 218073 194967
220061 213260 191882
218163 220091 192781
230173 211056 187138
223298 210278 188696
228443 207596 195905
224745 209618 192969
225764 209209 195053
243848 213978 188022
238796 209866 204516
237477 215899 186711
234970 220092 188458
219260 214174 199097
222264 219373 193165
233322 213875 189259
224948 218115 188712
223467 210454 189651
220751 214272 198997
235001 209900 199922
248378 212899 190850
231202 216213 189854
226749 210522 194692
222726 219817 198373
234631 211015 191186
224026 219321 193432
233812 214901 190458
224449 211442 190957
237096 211059 195415
234242 210852 204598
233810 215614 191727
226951 220444 199912
230004 216140 192335
227184 211655 200487
228838 215134 194018
229815 212730 193267
231224 215167 192038
239559 212217 197594
234200 219134 191872
229613 212377 214277
229887 217138 197946
232499 215807 193595
233743 215450 193003
239154 215455 192813
238922 217503 199026
236914 219262 193505
233122 224872 200012
232223 218436 204398
234248 224340 209572
244535 186291 166785
230154 206830 156861
215730 161545 195208
177226 220246 194058
173634 200132 213591
172628 201526 212966
237771 186965 165175
242743 184144 167003
207268 217236 161506
199233 170333 189248
182551 184535 204056
192378 218054 169199
200569 167941 197569
175662 196846 206900
178580 188910 210941
195433 169137 199061
219586 171556 179203
174035 190326 209046
215390 204544 159644
173920 212187 197390
220148 204053 157600
191927 215281 169500
177552 196543 203288
173018 200215 207950
175096 195159 207735
211539 165139 190754
232440 195796 162487
181642 210993 181012
197377 177747 184727
186824 176638 205243
189182 214119 172057
207676 214864 162235
185716 212977 175040
184580 183976 202032
214610 187807 170709
228430 190759 166544
179699 205592 187019
178358 189360 209908
183218 198067 188854
213002 179620 177335
217246 181547 176588
209752 164102 199430
214082 203952 161160
192808 166399 200699
218104 168200 185305
229494 208158 157227
213067 164818 195799
221204 185904 168355
225587 178878 173763
178162 205241 187421
236412 174554 175659
221603 202622 160022
201253 168545 187934
185477 178350 194505
202497 194255 167695
222488 177281 175908
203745 191524 171627
208497 179223 179861
196091 177775 182680
186006 209352 173391
180553 203259 188659
187910 209979 173010
196661 174194 192437
192654 210681 168738
178810 189512 205773
203304 175710 182370
220321 166991 183806
189553 169635 201266
210289 199998 163954
204651 174769 185834
176653 201340 199949
191483 198999 174911
188725 173067 199534
180725 191314 196475
191025 195791 178617
190542 189953 183767
178305 208601 186181
211827 189657 172018
194043 191877 180177
176871 196089 207334
205961 176115 181405
213534 163920 192901
214447 197797 164206
235479 191138 165587
198457 183347 179578
197042 172006 193910
226848 180954 170649
179228 203019 195212
236185 188641 167292
187576 193685 180628
223252 163189 191939
217455 161581 193269
197140 202313 165699
216017 163396 191127
193194 201197 170064
202352 167178 195097
213630 172831 182133
185032 195312 186694
221994 199836 159866
200825 176436 188146
218673 178900 173450
233339 187570 167835
179966 205474 181647
233825 193139 166413
205062 180367 177394
234977 192070 162588
195066 193663 179244
189761 204331 174510
211066 201055 161378
177672 206956 186541
224618 177505 174854
188130 192227 183429
195722 175260 191508
204923 201881 163088
211011 165966 192158
192027 206690 169534
183843 189118 189228
215457 162627 196265
209932 193835 164417
233014 180164 173299
216168 162323 193744
225656 192929 167109
193829 191697 183333
188405 176723 199890
178857 194055 201585
216349 185176 174416
221568 175339 176816
206703 166362 188952
204678 182419 176166
184588 186863 193498
216461 196771 162614
220728 188689 170324
201680 180174 181096
208044 199273 166496
193838 207531 167060
226098 186132 167993
220204 183207 172270
204013 191787 169602
186644 179104 194269
233891 175982 173301
215199 182205 175402
217845 182824 175342
226323 190844 167387
211493 165791 193748
208311 166306 194968
226848 180954 170649
199125 190470 172835
229444 183739 169548
223252 163189 191939
205455 164992 196379
214225 173839 178132
213871 193445 166628
210136 201844 163062
181388 189132 196275
209853 169919 182154
224618 177505 174854
195799 188839 178385
199101 181970 177892
199101 181970 177892
216349 185176 174416
214225 173839 178132
198539 183610 175311
198539 183610 175311
242570 178119 173804
215068 205963 167990
214523 164440 194980
198212 175783 201489
222883 205503 168949
221667 170596 194881
215085 196045 169790
239545 177324 174433
208486 181940 198135
210187 173223 196939
218236 194858 172616
229489 177862 184013
235314 188408 173976
215560 184722 178879
201641 195993 185404
217019 178227 188131
220952 175258 191182
226309 177880 179471
212533 192179 179918
219712 189955 170806
206769 186901 187981
204986 188787 184476
198477 189598 187003
215355 176657 192527
222169 184410 184761
213000 180114 185949
211317 205947 181695
211248 185985 183409
237458 177686 173811
210276 181197 186473
220477 175503 192008
213323 189210 182571
208008 189117 182653
215073 191584 174028
247550 192341 176303
229712 201461 171655
215524 171286 197518
209973 175864 202092
201217 215579 190041
231513 183552 188261
204853 204188 187187
213412 211950 180015
224931 195636 173299
211286 179096 200984
212481 174556 202022
231191 189956 177805
220978 194217 177425
215759 203826 172076
221632 196961 175961
207913 200006 185479
221677 177759 192167
217244 182599 194619
202079 196724 190543
227134 193216 176532
231266 179256 189694
211063 187794 193712
213020 193675 180135
206644 198370 188386
208489 198210 187002
217391 198973 179453
208217 196241 195516
208681 189418 184944
213702 192804 181893
215144 201647 179613
218163 182692 191059
226106 184761 188993
211759 185358 192296
226013 186090 182665
210878 195664 183552
217875 189225 179644
226695 185649 182154
211285 186471 191097
213438 187147 187361
215448 178711 195501
217411 178807 192036
210734 182644 194357
211858 187728 188799
213739 183263 190865
213939 187450 187212
217357 187529 183237
215299 187320 185272
208222 189546 194598
237849 185703 184741
234779 199555 173300
214834 178529 206179
202884 211128 201608
226514 197379 174172
205424 206501 194214
219809 180111 199331
231963 191817 179976
231168 187688 187576
235339 183629 194298
225494 198902 177326
210603 192565 202641
221738 181423 197290
216027 189874 189986
208418 205276 202101
217908 197818 181782
223365 188544 188116
209449 195747 196548
224834 200188 178011
217033 185968 193927
222894 188513 191220
214865 191049 185847
209670 203204 187267
209276 201462 196022
212585 189448 193021
210088 201537 192055
213628 187399 204527
221225 190431 182734
214168 196186 183338
220112 183690 197787
213137 200462 184117
213268 204486 183232
220035 184304 192415
211242 190576 186839
218304 183954 201863
211973 200012 184880
209293 199225 203830
209406 191988 204951
211543 205776 184742
240553 190447 185755
227786 180463 200653
226617 201152 175792
221984 217099 181988
219822 183194 210169
207341 211247 202023
237951 186914 190558
230882 199388 180575
228474 201066 179184
217992 188125 204315
208137 207504 196493
226805 184352 197631
208501 206552 195357
225099 203286 180920
211352 197289 192836
212290 211073 190153
218805 186765 204290
210808 204429 190234
227603 184111 199769
222902 195213 183623
218108 199229 184182
226206 189099 189091
212359 194657 187814
211691 193721 194907
215269 192094 191926
221664 191941 184982
224143 201401 181836
217023 204243 186767
213479 192513 201078
220441 190209 189993
224563 193807 183063
216006 199712 187793
215287 205358 187247
221722 189189 193728
217698 196097 186302
224471 185626 192549
214215 191242 199785
217892 202275 185811
218720 190051 193311
213689 192839 200886
215503 191565 189227
214377 190401 196057
224145 196191 183619
221684 185875 195659
216460 201288 187203
236260 204325 176430
233034 207429 176350
227606 184433 199083
219860 188185 212774
215987 211846 189208
212329 206229 194001
213841 193437 209146
222017 190313 202016
220373 210287 184411
217179 206756 187751
230435 211527 179443
225182 193837 183268
228302 202559 181612
224197 197686 184823
230069 189368 195223
213181 200712 190073
228436 207865 181076
216541 194755 188041
224464 188478 195954
226153 192371 187124
230774 204715 181235
222101 199963 186787
228717 191049 191148
220237 191853 193175
223575 188592 200133
214904 192552 199885
212644 196285 193424
230251 190579 191495
215785 193133 193649
216311 195932 190550
223073 192637 185001
223447 205104 184280
222676 203655 184974
230580 192500 186448
222855 203409 184292
216201 200226 190754
224439 204469 184264
237034 209571 181573
231254 188791 206075
221284 213308 184927
212731 196364 203576
230337 191132 194666
228879 207312 181783
224823 193002 191553
227463 197835 186490
215398 196580 201034
214679 201742 197332
213079 204627 199232
222907 211425 187814
216772 199680 193891
213310 206456 190964
218159 202724 188833
216395 212126 189568
220258 194841 193112
219099 195889 188075
227102 200434 187972
222245 212555 185296
213823 200111 198219
221544 193881 199534
223348 193180 193439
230914 194891 184970
220998 193951 193213
214981 202410 191206
217998 200308 191052
248020 208530 185293
233919 191783 197393
233149 221436 183424
226382 223344 187357
226183 194727 207433
213270 212180 203336
235408 193767 194514
245793 197210 187655
227999 216540 187661
214591 214378 192570
228970 194156 201335
220158 197302 189893
220751 196455 204267
231099 193135 196613
229451 207089 188678
214961 209816 191920
216578 200926 206283
215264 203614 194694
230466 199925 186653
218575 201758 193758
246033 211281 185303
222250 208545 188240
229523 199170 189476
232858 201571 185664
217093 201200 195339
222761 202189 188699
224171 203285 188683
214892 201162 201430
226762 195031 197316
217842 199188 206922
223749 196085 192087
226109 195425 194570
217569 200714 194779
234712 202091 185515
235248 195822 200382
233532 196126 207527
231365 200250 188682
228313 210958 189557
218405 202569 196080
223418 197925 206155
224404 208981 190311
220171 204739 192800
231563 196647 200676
219862 209365 195000
227133 203007 190833
221090 202119 193434
233527 198984 191108
225883 197058 197670
221600 197994 194569
225688 197074 193782
233596 198353 190946
226175 196990 192334
225846 199899 191602
221523 202662 192763
235703 205378 188743
233415 197646 202251
219479 212860 199523
231502 211125 191384
225483 200465 194839
227408 207925 192729
220596 203645 200833
231929 207510 192138
223076 201227 195959
227017 198111 193180
233167 205546 189973
220741 204655 198469
223705 200590 197243
235000 202389 189114
221690 200825 197779
226317 202080 193678
229330 201670 192483
228589 202983 192618
220268 205174 195127
233396 201637 190033
235641 200658 192835
246231 203177 190250
228714 198606 199497
223270 216511 197501
223132 205354 204857
234431 210602 191273
230058 198763 195585
224772 202655 196035
228691 203871 193837
234074 203068 191962
240966 208081 192509
236514 224776 193715
229317 198687 206782
226259 214028 199925
232835 203845 196061
228744 199140 203797
230550 204154 198357
227596 208201 198677
229570 211367 198481
229016 207047 199183
243257 208966 195571
237237 200127 210733
228874 219089 199542
228695 217144 199631
231663 200887 208736
