1355 199.465
2.8027e+06 2.43102e+06 2.38722e+06
2.78775e+06 2.44845e+06 2.37426e+06
2.68866e+06 2.36285e+06 2.48831e+06
2.61659e+06 2.43262e+06 2.60793e+06
2.57311e+06 2.59278e+06 2.50338e+06
2.54913e+06 2.55376e+06 2.60039e+06
2.56838e+06 2.48703e+06 2.56961e+06
2.54913e+06 2.55376e+06 2.60039e+06
2.55089e+06 2.53191e+06 2.54691e+06
2.61602e+06 2.51527e+06 2.44687e+06
2.61257e+06 2.53139e+06 2.45502e+06
2.5711e+06 2.50182e+06 2.56704e+06
2.55089e+06 2.53191e+06 2.54691e+06
2.59151e+06 2.57932e+06 2.48323e+06
2.59449e+06 2.55886e+06 2.47233e+06
2.64793e+06 2.387e+06 2.52746e+06
2.64584e+06 2.43813e+06 2.43631e+06
2.59151e+06 2.57932e+06 2.48323e+06
2.63126e+06 2.53933e+06 2.41262e+06
2.75687e+06 2.43963e+06 2.38572e+06
2.55786e+06 2.58579e+06 2.50674e+06
2.61091e+06 2.46462e+06 2.50772e+06
2.57106e+06 2.53362e+06 2.51547e+06
2.68866e+06 2.36285e+06 2.48831e+06
2.56431e+06 2.50914e+06 2.51718e+06
2.78775e+06 2.44845e+06 2.37426e+06
2.68265e+06 2.39532e+06 2.42648e+06
2.72314e+06 2.45545e+06 2.40188e+06
2.60938e+06 2.50239e+06 2.46445e+06
2.63537e+06 2.39189e+06 2.46377e+06
2.79614e+06 2.42238e+06 2.39313e+06
2.66827e+06 2.44356e+06 2.43164e+06
2.58127e+06 2.49689e+06 2.5051e+06
2.74449e+06 2.44273e+06 2.38948e+06
2.7261e+06 2.39024e+06 2.44299e+06
2.60261e+06 2.48291e+06 2.49554e+06
2.62292e+06 2.44915e+06 2.41487e+06
2.63457e+06 2.40202e+06 2.48964e+06
2.57681e+06 2.55018e+06 2.49395e+06
2.69883e+06 2.42911e+06 2.4067e+06
2.72314e+06 2.45545e+06 2.40188e+06
2.78411e+06 2.41617e+06 2.40654e+06
2.70764e+06 2.37387e+06 2.46079e+06
2.70764e+06 2.37387e+06 2.46079e+06
2.56838e+06 2.48703e+06 2.56961e+06
2.74372e+06 2.36948e+06 2.4853e+06
2.62541e+06 2.42677e+06 2.52412e+06
2.7525e+06 2.42315e+06 2.40821e+06
2.61091e+06 2.46462e+06 2.50772e+06
2.58068e+06 2.54466e+06 2.48693e+06
2.60121e+06 2.49748e+06 2.47716e+06
2.55786e+06 2.58579e+06 2.50674e+06
2.60668e+06 2.49067e+06 2.49263e+06
2.76981e+06 2.38094e+06 2.41571e+06
2.78792e+06 2.41314e+06 2.39387e+06
2.61659e+06 2.43262e+06 2.60793e+06
2.61006e+06 2.47613e+06 2.47555e+06
2.71469e+06 2.42823e+06 2.42361e+06
2.57303e+06 2.50921e+06 2.51104e+06
2.77596e+06 2.4275e+06 2.40081e+06
2.59588e+06 2.5127e+06 2.46405e+06
2.73856e+06 2.47077e+06 2.3932e+06
2.80136e+06 2.4366e+06 2.38947e+06
2.60138e+06 2.49374e+06 2.4668e+06
2.65473e+06 2.37727e+06 2.49177e+06
2.57311e+06 2.59278e+06 2.50338e+06
2.58068e+06 2.54466e+06 2.48693e+06
2.61232e+06 2.44098e+06 2.49677e+06
2.56431e+06 2.50914e+06 2.51718e+06
2.65951e+06 2.42179e+06 2.46058e+06
2.55693e+06 2.49317e+06 2.56748e+06
2.73024e+06 2.38462e+06 2.43399e+06
2.5793e+06 2.44352e+06 2.51908e+06
2.60668e+06 2.49067e+06 2.49263e+06
2.7261e+06 2.39024e+06 2.44299e+06
2.75687e+06 2.43963e+06 2.38572e+06
2.61374e+06 2.43318e+06 2.49543e+06
2.73342e+06 2.43581e+06 2.39917e+06
2.67492e+06 2.37836e+06 2.48956e+06
2.64793e+06 2.387e+06 2.52746e+06
2.65473e+06 2.37727e+06 2.49177e+06
2.62981e+06 2.40543e+06 2.50202e+06
2.68276e+06 2.38741e+06 2.4784e+06
2.71936e+06 2.44036e+06 2.40315e+06
2.67541e+06 2.41243e+06 2.45971e+06
2.57681e+06 2.55018e+06 2.49395e+06
2.78792e+06 2.41314e+06 2.39387e+06
2.66947e+06 2.41826e+06 2.4337e+06
2.66777e+06 2.42229e+06 2.44628e+06
2.59413e+06 2.4726e+06 2.50266e+06
2.66518e+06 2.40997e+06 2.46184e+06
2.59449e+06 2.55886e+06 2.47233e+06
2.73705e+06 2.41756e+06 2.41735e+06
2.76672e+06 2.40287e+06 2.40779e+06
2.76459e+06 2.40734e+06 2.41102e+06
2.58127e+06 2.49689e+06 2.5051e+06
2.61868e+06 2.43263e+06 2.51632e+06
2.61602e+06 2.51527e+06 2.44687e+06
2.7525e+06 2.42315e+06 2.40821e+06
2.59588e+06 2.5127e+06 2.46405e+06
2.77975e+06 2.42064e+06 2.4067e+06
2.57303e+06 2.50921e+06 2.51104e+06
2.59155e+06 2.48402e+06 2.50629e+06
2.76459e+06 2.40734e+06 2.41102e+06
2.65154e+06 2.42489e+06 2.46221e+06
2.71512e+06 2.4101e+06 2.42113e+06
2.62541e+06 2.42677e+06 2.52412e+06
2.65951e+06 2.42179e+06 2.46058e+06
2.79614e+06 2.42238e+06 2.39313e+06
2.5793e+06 2.44352e+06 2.51908e+06
2.76184e+06 2.42039e+06 2.40692e+06
2.77596e+06 2.4275e+06 2.40081e+06
2.63268e+06 2.43917e+06 2.47226e+06
2.64584e+06 2.43813e+06 2.43631e+06
2.69436e+06 2.38449e+06 2.47036e+06
2.62981e+06 2.40543e+06 2.50202e+06
2.72924e+06 2.38587e+06 2.45653e+06
2.73342e+06 2.43581e+06 2.39917e+06
2.75907e+06 2.40585e+06 2.41526e+06
2.78411e+06 2.41617e+06 2.40654e+06
2.61006e+06 2.47613e+06 2.47555e+06
2.59251e+06 2.49979e+06 2.48384e+06
2.74372e+06 2.36948e+06 2.4853e+06
2.71632e+06 2.40798e+06 2.42636e+06
2.69363e+06 2.37525e+06 2.48492e+06
2.76981e+06 2.38094e+06 2.41571e+06
2.7341e+06 2.42395e+06 2.41393e+06
2.73366e+06 2.37185e+06 2.47579e+06
2.73951e+06 2.38092e+06 2.41707e+06
2.67666e+06 2.4046e+06 2.46202e+06
2.59251e+06 2.49979e+06 2.48384e+06
2.65036e+06 2.43221e+06 2.46372e+06
2.77975e+06 2.42064e+06 2.4067e+06
2.67897e+06 2.43097e+06 2.43206e+06
2.54943e+06 2.55234e+06 2.56755e+06
2.66518e+06 2.40997e+06 2.46184e+06
2.69166e+06 2.39286e+06 2.45574e+06
2.71512e+06 2.4101e+06 2.42113e+06
2.69436e+06 2.38449e+06 2.47036e+06
2.74194e+06 2.40964e+06 2.40882e+06
2.76184e+06 2.42039e+06 2.40692e+06
2.62643e+06 2.42783e+06 2.50348e+06
2.54943e+06 2.55234e+06 2.56755e+06
2.63033e+06 2.42548e+06 2.48091e+06
2.72924e+06 2.38587e+06 2.45653e+06
2.73636e+06 2.3831e+06 2.4562e+06
2.66947e+06 2.41826e+06 2.4337e+06
2.74435e+06 2.42837e+06 2.39667e+06
2.69615e+06 2.37932e+06 2.46037e+06
2.67897e+06 2.43097e+06 2.43206e+06
2.55693e+06 2.49317e+06 2.56748e+06
2.62292e+06 2.44915e+06 2.41487e+06
2.6967e+06 2.41785e+06 2.42378e+06
2.74435e+06 2.42837e+06 2.39667e+06
2.73856e+06 2.47077e+06 2.3932e+06
2.68066e+06 2.39015e+06 2.48823e+06
2.76672e+06 2.40287e+06 2.40779e+06
2.69166e+06 2.39286e+06 2.45574e+06
2.6132e+06 2.43701e+06 2.47453e+06
2.60138e+06 2.49374e+06 2.4668e+06
2.73636e+06 2.3831e+06 2.4562e+06
2.59413e+06 2.4726e+06 2.50266e+06
2.62643e+06 2.42783e+06 2.50348e+06
2.63033e+06 2.42548e+06 2.48091e+06
2.75907e+06 2.40585e+06 2.41526e+06
2.60261e+06 2.48291e+06 2.49554e+06
2.69363e+06 2.37525e+06 2.48492e+06
2.8027e+06 2.43102e+06 2.38722e+06
2.72941e+06 2.39387e+06 2.4221e+06
2.61868e+06 2.43263e+06 2.51632e+06
2.71758e+06 2.39449e+06 2.43336e+06
2.74194e+06 2.40964e+06 2.40882e+06
2.61232e+06 2.44098e+06 2.49677e+06
2.63495e+06 2.43122e+06 2.47982e+06
2.68236e+06 2.38783e+06 2.48878e+06
2.67541e+06 2.41243e+06 2.45971e+06
2.73366e+06 2.37185e+06 2.47579e+06
2.69864e+06 2.37884e+06 2.47859e+06
2.63107e+06 2.44089e+06 2.47233e+06
2.72141e+06 2.38633e+06 2.45613e+06
2.6967e+06 2.41785e+06 2.42378e+06
2.69434e+06 2.38638e+06 2.47206e+06
2.71758e+06 2.39449e+06 2.43336e+06
2.72941e+06 2.39387e+06 2.4221e+06
2.68088e+06 2.40883e+06 2.46065e+06
2.71936e+06 2.44036e+06 2.40315e+06
2.65154e+06 2.42489e+06 2.46221e+06
2.67666e+06 2.4046e+06 2.46202e+06
2.65036e+06 2.43221e+06 2.46372e+06
2.71632e+06 2.40798e+06 2.42636e+06
2.60121e+06 2.49748e+06 2.47716e+06
2.6132e+06 2.43701e+06 2.47453e+06
2.80136e+06 2.4366e+06 2.38947e+06
2.6021e+06 2.44278e+06 2.5155e+06
2.72141e+06 2.38633e+06 2.45613e+06
2.74069e+06 2.40924e+06 2.41448e+06
2.73705e+06 2.41756e+06 2.41735e+06
2.74069e+06 2.40924e+06 2.41448e+06
2.74449e+06 2.44273e+06 2.38948e+06
2.69864e+06 2.37884e+06 2.47859e+06
2.69397e+06 2.38882e+06 2.47496e+06
2.57106e+06 2.53362e+06 2.51547e+06
2.68276e+06 2.38741e+06 2.4784e+06
2.69397e+06 2.38882e+06 2.47496e+06
2.71886e+06 2.38974e+06 2.45576e+06
2.68236e+06 2.38783e+06 2.48878e+06
2.67492e+06 2.37836e+06 2.48956e+06
2.63495e+06 2.43122e+06 2.47982e+06
2.6473e+06 2.4324e+06 2.45631e+06
2.69615e+06 2.37932e+06 2.46037e+06
2.59155e+06 2.48402e+06 2.50629e+06
2.60938e+06 2.50239e+06 2.46445e+06
2.66777e+06 2.42229e+06 2.44628e+06
2.68072e+06 2.41648e+06 2.45536e+06
2.61257e+06 2.53139e+06 2.45502e+06
2.7341e+06 2.42395e+06 2.41393e+06
2.63537e+06 2.39189e+06 2.46377e+06
2.71837e+06 2.42255e+06 2.41402e+06
2.63457e+06 2.40202e+06 2.48964e+06
2.63107e+06 2.44089e+06 2.47233e+06
2.73024e+06 2.38462e+06 2.43399e+06
2.73951e+06 2.38092e+06 2.41707e+06
2.61374e+06 2.43318e+06 2.49543e+06
2.71837e+06 2.42255e+06 2.41402e+06
2.68265e+06 2.39532e+06 2.42648e+06
2.5711e+06 2.50182e+06 2.56704e+06
2.6473e+06 2.4324e+06 2.45631e+06
2.71469e+06 2.42823e+06 2.42361e+06
2.66827e+06 2.44356e+06 2.43164e+06
2.69883e+06 2.42911e+06 2.4067e+06
2.71886e+06 2.38974e+06 2.45576e+06
2.68072e+06 2.41648e+06 2.45536e+06
2.6021e+06 2.44278e+06 2.5155e+06
2.68088e+06 2.40883e+06 2.46065e+06
2.78792e+06 2.41314e+06 2.39387e+06
2.69434e+06 2.38638e+06 2.47206e+06
2.68066e+06 2.39015e+06 2.48823e+06
2.78792e+06 2.41314e+06 2.39387e+06
2.68866e+06 2.36285e+06 2.48831e+06
2.78792e+06 2.41314e+06 2.39387e+06
2.78792e+06 2.41314e+06 2.39387e+06
2.78792e+06 2.41314e+06 2.39387e+06
2.78792e+06 2.41314e+06 2.39387e+06
2.78792e+06 2.41314e+06 2.39387e+06
2.78792e+06 2.41314e+06 2.39387e+06
2.78792e+06 2.41314e+06 2.39387e+06
2.78792e+06 2.41314e+06 2.39387e+06
2.78792e+06 2.41314e+06 2.39387e+06
2.78792e+06 2.41314e+06 2.39387e+06
2.78792e+06 2.41314e+06 2.39387e+06
2.78792e+06 2.41314e+06 2.39387e+06
2.78792e+06 2.41314e+06 2.39387e+06
2.78792e+06 2.41314e+06 2.39387e+06
2.78792e+06 2.41314e+06 2.39387e+06
2.78792e+06 2.41314e+06 2.39387e+06
2.77975e+06 2.42064e+06 2.4067e+06
2.75907e+06 2.40585e+06 2.41526e+06
2.75907e+06 2.40585e+06 2.41526e+06
2.80315e+06 2.42616e+06 2.40918e+06
2.75812e+06 2.40331e+06 2.48141e+06
2.73957e+06 2.40681e+06 2.55723e+06
2.70196e+06 2.498e+06 2.48427e+06
2.6973e+06 2.47521e+06 2.48922e+06
2.73407e+06 2.45362e+06 2.49817e+06
2.73796e+06 2.44275e+06 2.54581e+06
2.77442e+06 2.40997e+06 2.47776e+06
2.75734e+06 2.43082e+06 2.45873e+06
2.78992e+06 2.43723e+06 2.45364e+06
2.73519e+06 2.48989e+06 2.43615e+06
2.76583e+06 2.42645e+06 2.46922e+06
2.7369e+06 2.46305e+06 2.44103e+06
2.74391e+06 2.43398e+06 2.45499e+06
2.76958e+06 2.47765e+06 2.43335e+06
2.71344e+06 2.45824e+06 2.48577e+06
2.80208e+06 2.43657e+06 2.42192e+06
2.7976e+06 2.4764e+06 2.43166e+06
2.75908e+06 2.46119e+06 2.45084e+06
2.72234e+06 2.45579e+06 2.45392e+06
2.71775e+06 2.45544e+06 2.47893e+06
2.81974e+06 2.4515e+06 2.43653e+06
2.80225e+06 2.42331e+06 2.49517e+06
2.79172e+06 2.49375e+06 2.43422e+06
2.70727e+06 2.53221e+06 2.56203e+06
2.70171e+06 2.54622e+06 2.52745e+06
2.74827e+06 2.44622e+06 2.54618e+06
2.76282e+06 2.49898e+06 2.45033e+06
2.76472e+06 2.43521e+06 2.48871e+06
2.80447e+06 2.4259e+06 2.48337e+06
2.72457e+06 2.45755e+06 2.5103e+06
2.81353e+06 2.47637e+06 2.43946e+06
2.75287e+06 2.43557e+06 2.46462e+06
2.73939e+06 2.46999e+06 2.47061e+06
2.72173e+06 2.49248e+06 2.50106e+06
2.74834e+06 2.46737e+06 2.47364e+06
2.81104e+06 2.45728e+06 2.46132e+06
2.70847e+06 2.49868e+06 2.49489e+06
2.76054e+06 2.47233e+06 2.45592e+06
2.75797e+06 2.43408e+06 2.49906e+06
2.72732e+06 2.48506e+06 2.49482e+06
2.72175e+06 2.46273e+06 2.50381e+06
2.75057e+06 2.44828e+06 2.48731e+06
2.73482e+06 2.48053e+06 2.49232e+06
2.73245e+06 2.47907e+06 2.50349e+06
2.75734e+06 2.46124e+06 2.4583e+06
2.73551e+06 2.45792e+06 2.49635e+06
2.7578e+06 2.48577e+06 2.45689e+06
2.83401e+06 2.4626e+06 2.44177e+06
2.81865e+06 2.52246e+06 2.44162e+06
2.76307e+06 2.44021e+06 2.47518e+06
2.7513e+06 2.47209e+06 2.55174e+06
2.733e+06 2.53847e+06 2.49637e+06
2.72046e+06 2.50284e+06 2.5446e+06
2.79514e+06 2.50772e+06 2.45647e+06
2.75561e+06 2.45043e+06 2.50183e+06
2.72411e+06 2.53196e+06 2.5186e+06
2.75227e+06 2.46884e+06 2.53155e+06
2.78278e+06 2.49529e+06 2.45704e+06
2.77544e+06 2.44368e+06 2.47212e+06
2.75049e+06 2.47837e+06 2.48449e+06
2.74326e+06 2.48328e+06 2.48254e+06
2.76293e+06 2.45321e+06 2.46761e+06
2.77127e+06 2.48864e+06 2.45812e+06
2.72125e+06 2.50937e+06 2.52231e+06
2.72766e+06 2.47425e+06 2.51036e+06
2.73146e+06 2.51188e+06 2.49827e+06
2.76233e+06 2.4626e+06 2.49102e+06
2.77542e+06 2.46196e+06 2.46328e+06
2.72638e+06 2.4736e+06 2.54012e+06
2.76842e+06 2.46609e+06 2.46284e+06
2.72436e+06 2.4823e+06 2.51578e+06
2.74077e+06 2.50217e+06 2.47572e+06
2.73993e+06 2.47599e+06 2.49916e+06
2.7414e+06 2.49095e+06 2.49796e+06
2.74321e+06 2.49641e+06 2.47401e+06
2.75382e+06 2.50325e+06 2.47399e+06
2.75438e+06 2.4645e+06 2.47538e+06
2.74088e+06 2.47558e+06 2.49877e+06
2.82134e+06 2.44435e+06 2.49164e+06
2.80677e+06 2.49922e+06 2.45708e+06
2.733e+06 2.57073e+06 2.50688e+06
2.72076e+06 2.52728e+06 2.55704e+06
2.72626e+06 2.52185e+06 2.54443e+06
2.78157e+06 2.46695e+06 2.47774e+06
2.73644e+06 2.50985e+06 2.52994e+06
2.73855e+06 2.49531e+06 2.51502e+06
2.75512e+06 2.4836e+06 2.48656e+06
2.77094e+06 2.4548e+06 2.48122e+06
2.7694e+06 2.46722e+06 2.46921e+06
2.79312e+06 2.45401e+06 2.49075e+06
2.78963e+06 2.44934e+06 2.50789e+06
2.76354e+06 2.4585e+06 2.4896e+06
2.73403e+06 2.51474e+06 2.52744e+06
2.74867e+06 2.48996e+06 2.49795e+06
2.73666e+06 2.49751e+06 2.54298e+06
2.74312e+06 2.48744e+06 2.52322e+06
2.75242e+06 2.47666e+06 2.5005e+06
2.76304e+06 2.46951e+06 2.50284e+06
2.77841e+06 2.47036e+06 2.46354e+06
2.7447e+06 2.49121e+06 2.50939e+06
2.77762e+06 2.45461e+06 2.50592e+06
2.75801e+06 2.4722e+06 2.50009e+06
2.79237e+06 2.49839e+06 2.46144e+06
2.76788e+06 2.45136e+06 2.54303e+06
2.74483e+06 2.47566e+06 2.52967e+06
2.74284e+06 2.49683e+06 2.49874e+06
2.75749e+06 2.47032e+06 2.52442e+06
2.84027e+06 2.44518e+06 2.49936e+06
2.78112e+06 2.47852e+06 2.47051e+06
2.76194e+06 2.47518e+06 2.57299e+06
2.7322e+06 2.52252e+06 2.54494e+06
2.79789e+06 2.45924e+06 2.50006e+06
2.76777e+06 2.46229e+06 2.55711e+06
2.74501e+06 2.52229e+06 2.51855e+06
2.74161e+06 2.5133e+06 2.5192e+06
2.7816e+06 2.46082e+06 2.53116e+06
2.74958e+06 2.49761e+06 2.50668e+06
2.75776e+06 2.48764e+06 2.50072e+06
2.76715e+06 2.50584e+06 2.48666e+06
2.76454e+06 2.48401e+06 2.52254e+06
2.76337e+06 2.51388e+06 2.49472e+06
2.79025e+06 2.47757e+06 2.4814e+06
2.79377e+06 2.47298e+06 2.48512e+06
2.76652e+06 2.49374e+06 2.49068e+06
2.77322e+06 2.4656e+06 2.49011e+06
2.76403e+06 2.5005e+06 2.49752e+06
2.77293e+06 2.47947e+06 2.47815e+06
2.75866e+06 2.47781e+06 2.53619e+06
2.77954e+06 2.47646e+06 2.48845e+06
2.76534e+06 2.46257e+06 2.54166e+06
2.76498e+06 2.4862e+06 2.50955e+06
2.76599e+06 2.46972e+06 2.50617e+06
2.77311e+06 2.48668e+06 2.47555e+06
2.76967e+06 2.46256e+06 2.50399e+06
2.76649e+06 2.48594e+06 2.50379e+06
2.80956e+06 2.49162e+06 2.4717e+06
2.80415e+06 2.46238e+06 2.51716e+06
2.78616e+06 2.46673e+06 2.56309e+06
2.75282e+06 2.55445e+06 2.5383e+06
2.7457e+06 2.5289e+06 2.54246e+06
2.80612e+06 2.51741e+06 2.47472e+06
2.7491e+06 2.52369e+06 2.55453e+06
2.76176e+06 2.49361e+06 2.5353e+06
2.75802e+06 2.49862e+06 2.52971e+06
2.77113e+06 2.51777e+06 2.50305e+06
2.77353e+06 2.48169e+06 2.52184e+06
2.75256e+06 2.51839e+06 2.55136e+06
2.75956e+06 2.49983e+06 2.50817e+06
2.77591e+06 2.47322e+06 2.50467e+06
2.79853e+06 2.49456e+06 2.47907e+06
2.78715e+06 2.48776e+06 2.49361e+06
2.78422e+06 2.4679e+06 2.49558e+06
2.77856e+06 2.4892e+06 2.48574e+06
2.79469e+06 2.48791e+06 2.487e+06
2.78417e+06 2.49001e+06 2.48422e+06
2.80175e+06 2.48662e+06 2.48093e+06
2.76112e+06 2.49958e+06 2.51322e+06
2.77601e+06 2.48911e+06 2.49006e+06
2.77462e+06 2.48468e+06 2.51901e+06
2.79483e+06 2.48827e+06 2.48138e+06
2.77494e+06 2.49075e+06 2.50854e+06
2.77274e+06 2.4968e+06 2.51875e+06
2.77221e+06 2.4992e+06 2.50801e+06
2.79478e+06 2.48873e+06 2.48658e+06
2.84071e+06 2.47098e+06 2.55516e+06
2.80934e+06 2.52894e+06 2.47686e+06
2.76091e+06 2.55906e+06 2.5902e+06
2.81005e+06 2.48836e+06 2.4978e+06
2.76449e+06 2.54253e+06 2.53911e+06
2.78097e+06 2.47415e+06 2.561e+06
2.76165e+06 2.51899e+06 2.55084e+06
2.77962e+06 2.48362e+06 2.5261e+06
2.80225e+06 2.51649e+06 2.48394e+06
2.76915e+06 2.52948e+06 2.53684e+06
2.7757e+06 2.50359e+06 2.51409e+06
2.76191e+06 2.54892e+06 2.53126e+06
2.79504e+06 2.54732e+06 2.49303e+06
2.78748e+06 2.49177e+06 2.51161e+06
2.79624e+06 2.47642e+06 2.50552e+06
2.80712e+06 2.50145e+06 2.4956e+06
2.77336e+06 2.50926e+06 2.53452e+06
2.80298e+06 2.51214e+06 2.48123e+06
2.78116e+06 2.47987e+06 2.55675e+06
2.78937e+06 2.47959e+06 2.49839e+06
2.77634e+06 2.49577e+06 2.50131e+06
2.77727e+06 2.49575e+06 2.50977e+06
2.76955e+06 2.50952e+06 2.50828e+06
2.78074e+06 2.51139e+06 2.49345e+06
2.82011e+06 2.5132e+06 2.48886e+06
2.81843e+06 2.47697e+06 2.51635e+06
2.80642e+06 2.4828e+06 2.53497e+06
2.7728e+06 2.52042e+06 2.50938e+06
2.77155e+06 2.51909e+06 2.50973e+06
2.79352e+06 2.48522e+06 2.49862e+06
2.79254e+06 2.493e+06 2.52911e+06
2.77806e+06 2.50234e+06 2.52327e+06
2.78567e+06 2.51046e+06 2.50208e+06
2.78804e+06 2.50331e+06 2.50683e+06
2.77902e+06 2.507e+06 2.50862e+06
2.85376e+06 2.49985e+06 2.50543e+06
2.82798e+06 2.47874e+06 2.51831e+06
2.82616e+06 2.53258e+06 2.49463e+06
2.77906e+06 2.5257e+06 2.55312e+06
2.77658e+06 2.56895e+06 2.5203e+06
2.78092e+06 2.53991e+06 2.5234e+06
2.7803e+06 2.52139e+06 2.53513e+06
2.81171e+06 2.51235e+06 2.50317e+06
2.78111e+06 2.51044e+06 2.5511e+06
2.80109e+06 2.50619e+06 2.50825e+06
2.79026e+06 2.50332e+06 2.51162e+06
2.80926e+06 2.48684e+06 2.52688e+06
2.80764e+06 2.51737e+06 2.50713e+06
2.78765e+06 2.50405e+06 2.52824e+06
2.79444e+06 2.48917e+06 2.52021e+06
2.78352e+06 2.51073e+06 2.5099e+06
2.79543e+06 2.52467e+06 2.50444e+06
2.79259e+06 2.52353e+06 2.50614e+06
2.78783e+06 2.5116e+06 2.50857e+06
2.78095e+06 2.51214e+06 2.52016e+06
2.83673e+06 2.48876e+06 2.5747e+06
2.83395e+06 2.53812e+06 2.50429e+06
2.81788e+06 2.54316e+06 2.51174e+06
2.78425e+06 2.51818e+06 2.53632e+06
2.81405e+06 2.53421e+06 2.52298e+06
2.78569e+06 2.5131e+06 2.55533e+06
2.79741e+06 2.49349e+06 2.52653e+06
2.82726e+06 2.49085e+06 2.54578e+06
2.80437e+06 2.50683e+06 2.52342e+06
2.79314e+06 2.5098e+06 2.52456e+06
2.83184e+06 2.53063e+06 2.52532e+06
2.80456e+06 2.53232e+06 2.52789e+06
2.79896e+06 2.49382e+06 2.56196e+06
2.79744e+06 2.50696e+06 2.53064e+06
2.80706e+06 2.50366e+06 2.5334e+06
2.8005e+06 2.50838e+06 2.55124e+06
2.7999e+06 2.49596e+06 2.56648e+06
2.84152e+06 2.51177e+06 2.56597e+06
