1463 61.9977
1.65496e+06 1.63054e+06
1.59691e+06 1.59307e+06
1.60926e+06 1.60143e+06
1.62371e+06 1.59645e+06
1.66087e+06 1.58604e+06
1.60687e+06 1.60278e+06
1.68278e+06 1.60672e+06
1.61568e+06 1.59475e+06
1.59627e+06 1.61833e+06
1.68945e+06 1.58441e+06
1.62371e+06 1.62754e+06
1.61413e+06 1.58918e+06
1.59084e+06 1.61926e+06
1.65524e+06 1.61741e+06
1.63807e+06 1.56136e+06
1.62198e+06 1.61925e+06
1.62732e+06 1.60253e+06
1.65069e+06 1.59418e+06
1.65069e+06 1.55096e+06
1.59554e+06 1.6085e+06
1.64268e+06 1.63102e+06
1.62567e+06 1.59771e+06
1.61418e+06 1.57548e+06
1.59371e+06 1.565e+06
1.61296e+06 1.63628e+06
1.64744e+06 1.59306e+06
1.64523e+06 1.58644e+06
1.59519e+06 1.55183e+06
1.63269e+06 1.63578e+06
1.66252e+06 1.60277e+06
1.63117e+06 1.57499e+06
1.61983e+06 1.57688e+06
1.63234e+06 1.56284e+06
1.65593e+06 1.63555e+06
1.6313e+06 1.59848e+06
1.64037e+06 1.59916e+06
1.64949e+06 1.63825e+06
1.56152e+06 1.62817e+06
1.63451e+06 1.58462e+06
1.64516e+06 1.56446e+06
1.62722e+06 1.61438e+06
1.60003e+06 1.6275e+06
1.62657e+06 1.58237e+06
1.6246e+06 1.57703e+06
1.61707e+06 1.6158e+06
1.59007e+06 1.60425e+06
1.62339e+06 1.59466e+06
1.6515e+06 1.65059e+06
1.63357e+06 1.60888e+06
1.61652e+06 1.57518e+06
1.56996e+06 1.58745e+06
1.64698e+06 1.61806e+06
1.62714e+06 1.61529e+06
1.65961e+06 1.58944e+06
1.65744e+06 1.60332e+06
1.60513e+06 1.6351e+06
1.63605e+06 1.62297e+06
1.63565e+06 1.6403e+06
1.61786e+06 1.59749e+06
1.62674e+06 1.57579e+06
1.61247e+06 1.59842e+06
1.61817e+06 1.62331e+06
1.6431e+06 1.62818e+06
1.66687e+06 1.63137e+06
1.63809e+06 1.60246e+06
1.62011e+06 1.59542e+06
1.6279e+06 1.56738e+06
1.65987e+06 1.58982e+06
1.68818e+06 1.59663e+06
1.65309e+06 1.56537e+06
1.64411e+06 1.60849e+06
1.61832e+06 1.65985e+06
1.6287e+06 1.61322e+06
1.63657e+06 1.63156e+06
1.61922e+06 1.60198e+06
1.63215e+06 1.62518e+06
1.6877e+06 1.64093e+06
1.6729e+06 1.62777e+06
1.61804e+06 1.59495e+06
1.67246e+06 1.55562e+06
1.63804e+06 1.58558e+06
1.64734e+06 1.61567e+06
1.62323e+06 1.59585e+06
1.59194e+06 1.66508e+06
1.6387e+06 1.60388e+06
1.64096e+06 1.53883e+06
1.60301e+06 1.58515e+06
1.62485e+06 1.60758e+06
1.6073e+06 1.57854e+06
1.6141e+06 1.63167e+06
1.626e+06 1.58665e+06
1.64464e+06 1.6315e+06
1.61826e+06 1.60631e+06
1.6493e+06 1.60253e+06
1.59109e+06 1.65282e+06
1.64331e+06 1.63948e+06
1.61129e+06 1.57112e+06
1.62496e+06 1.60834e+06
1.60879e+06 1.60593e+06
1.6123e+06 1.61857e+06
1.6631e+06 1.61476e+06
1.62339e+06 1.59414e+06
1.61703e+06 1.58964e+06
1.6737e+06 1.59213e+06
1.66885e+06 1.59411e+06
1.61996e+06 1.62915e+06
1.60205e+06 1.62051e+06
1.60633e+06 1.6203e+06
1.63678e+06 1.61358e+06
1.59346e+06 1.60862e+06
1.65678e+06 1.61694e+06
1.67487e+06 1.60197e+06
1.65236e+06 1.61921e+06
1.67176e+06 1.57935e+06
1.64072e+06 1.58031e+06
1.62993e+06 1.64393e+06
1.61832e+06 1.55046e+06
1.65498e+06 1.62552e+06
1.61968e+06 1.62779e+06
1.6106e+06 1.59358e+06
1.61155e+06 1.61114e+06
1.6791e+06 1.58682e+06
1.64708e+06 1.60521e+06
1.62927e+06 1.60966e+06
1.61495e+06 1.60688e+06
1.62186e+06 1.60932e+06
1.65866e+06 1.5776e+06
1.62179e+06 1.63888e+06
1.59583e+06 1.57175e+06
1.61261e+06 1.63701e+06
1.64529e+06 1.57949e+06
1.6147e+06 1.5729e+06
1.68147e+06 1.61285e+06
1.61918e+06 1.58486e+06
1.60805e+06 1.62398e+06
1.63006e+06 1.64349e+06
1.61041e+06 1.53726e+06
1.60298e+06 1.597e+06
1.64865e+06 1.59809e+06
1.61848e+06 1.60787e+06
1.63605e+06 1.6087e+06
1.61774e+06 1.62434e+06
1.62933e+06 1.59955e+06
1.5991e+06 1.64912e+06
1.54938e+06 1.58036e+06
1.6204e+06 1.64713e+06
1.57836e+06 1.63354e+06
1.62949e+06 1.62566e+06
1.62273e+06 1.54394e+06
1.61958e+06 1.59454e+06
1.63753e+06 1.59867e+06
1.67852e+06 1.59787e+06
1.65233e+06 1.62314e+06
1.67819e+06 1.6333e+06
1.63636e+06 1.6323e+06
1.61635e+06 1.6277e+06
1.63325e+06 1.55108e+06
1.7006e+06 1.6217e+06
1.62444e+06 1.57575e+06
1.64833e+06 1.63894e+06
1.65285e+06 1.61408e+06
1.63016e+06 1.59533e+06
1.64273e+06 1.62322e+06
1.60386e+06 1.59112e+06
1.65667e+06 1.61276e+06
1.57178e+06 1.5797e+06
1.60588e+06 1.59764e+06
1.62945e+06 1.61891e+06
1.65241e+06 1.60477e+06
1.63035e+06 1.58703e+06
1.60565e+06 1.59604e+06
1.60921e+06 1.61267e+06
1.58709e+06 1.60286e+06
1.69241e+06 1.5881e+06
1.64662e+06 1.64144e+06
1.63616e+06 1.61008e+06
1.62273e+06 1.57342e+06
1.59118e+06 1.60628e+06
1.64899e+06 1.62816e+06
1.64211e+06 1.59019e+06
1.63684e+06 1.63608e+06
1.58431e+06 1.62611e+06
1.64923e+06 1.61938e+06
1.60546e+06 1.55518e+06
1.6104e+06 1.61901e+06
1.60303e+06 1.59422e+06
1.66042e+06 1.62333e+06
1.65297e+06 1.63493e+06
1.6265e+06 1.60516e+06
1.62823e+06 1.61492e+06
1.63252e+06 1.57621e+06
1.6413e+06 1.59478e+06
1.621e+06 1.59502e+06
1.61364e+06 1.55479e+06
1.68955e+06 1.61706e+06
1.62852e+06 1.57767e+06
1.63566e+06 1.62207e+06
1.62937e+06 1.61969e+06
1.62123e+06 1.59036e+06
1.61587e+06 1.59835e+06
1.69067e+06 1.59367e+06
1.6018e+06 1.57515e+06
1.65127e+06 1.61049e+06
1.60894e+06 1.62291e+06
1.63661e+06 1.60409e+06
1.60109e+06 1.61787e+06
1.63732e+06 1.59629e+06
1.59788e+06 1.59886e+06
1.60972e+06 1.56303e+06
1.62925e+06 1.5828e+06
1.66033e+06 1.60698e+06
1.65252e+06 1.60174e+06
1.6012e+06 1.59282e+06
1.59464e+06 1.61713e+06
1.58926e+06 1.57393e+06
1.65845e+06 1.60595e+06
1.60507e+06 1.61472e+06
1.64046e+06 1.57975e+06
1.64435e+06 1.5951e+06
1.60479e+06 1.5515e+06
1.61905e+06 1.62597e+06
1.60362e+06 1.61142e+06
1.58275e+06 1.56945e+06
1.63274e+06 1.6165e+06
1.641e+06 1.6287e+06
1.59555e+06 1.57718e+06
1.58313e+06 1.59748e+06
1.63945e+06 1.62123e+06
1.62519e+06 1.60944e+06
1.62571e+06 1.63094e+06
1.57713e+06 1.62003e+06
1.61415e+06 1.56519e+06
1.6497e+06 1.56195e+06
1.623e+06 1.61846e+06
1.63508e+06 1.64917e+06
1.67824e+06 1.61105e+06
1.62531e+06 1.57157e+06
1.6593e+06 1.55464e+06
1.60987e+06 1.62728e+06
1.62757e+06 1.61094e+06
1.62565e+06 1.59066e+06
1.55302e+06 1.59617e+06
1.58184e+06 1.61675e+06
1.63064e+06 1.57146e+06
1.68502e+06 1.61393e+06
1.60931e+06 1.63336e+06
1.60388e+06 1.58679e+06
1.57552e+06 1.61709e+06
