97 115.792
1.14786e+06 1.12288e+06
1.22858e+06 1.25357e+06
1.22858e+06 1.25357e+06
1.22858e+06 1.25357e+06
1.22858e+06 1.25357e+06
1.22858e+06 1.25357e+06
1.22858e+06 1.25357e+06
1.22858e+06 1.25357e+06
1.22858e+06 1.25357e+06
1.22858e+06 1.25357e+06
1.22858e+06 1.25357e+06
1.22858e+06 1.25357e+06
1.22858e+06 1.25357e+06
1.22858e+06 1.25357e+06
1.22858e+06 1.25357e+06
1.22858e+06 1.25357e+06
1.22858e+06 1.25357e+06
1.22858e+06 1.25357e+06
1.23331e+06 1.25996e+06
1.23331e+06 1.25996e+06
1.23331e+06 1.25996e+06
1.23331e+06 1.25996e+06
1.23331e+06 1.25996e+06
1.23331e+06 1.25996e+06
1.23331e+06 1.25996e+06
1.23331e+06 1.25996e+06
1.23331e+06 1.25996e+06
1.23331e+06 1.25996e+06
1.23331e+06 1.25996e+06
1.23331e+06 1.25996e+06
1.23331e+06 1.25996e+06
1.23331e+06 1.25996e+06
1.23331e+06 1.25996e+06
1.23331e+06 1.25996e+06
1.23331e+06 1.25996e+06
1.23331e+06 1.25996e+06
1.23331e+06 1.25996e+06
1.23331e+06 1.25996e+06
1.23331e+06 1.25996e+06
1.23331e+06 1.25996e+06
1.23331e+06 1.25996e+06
1.23331e+06 1.25996e+06
1.23331e+06 1.25996e+06
1.23331e+06 1.25996e+06
1.23331e+06 1.25996e+06
1.23331e+06 1.25996e+06
1.23331e+06 1.25996e+06
1.23331e+06 1.25996e+06
1.23331e+06 1.25996e+06
1.23331e+06 1.25996e+06
1.23331e+06 1.25996e+06
1.65228e+06 1.50859e+06
1.65228e+06 1.50859e+06
1.51521e+06 1.58901e+06
1.51521e+06 1.58901e+06
1.53065e+06 1.53859e+06
1.59694e+06 1.51221e+06
1.65228e+06 1.50859e+06
1.59694e+06 1.51221e+06
1.56004e+06 1.51347e+06
1.56004e+06 1.51347e+06
1.54455e+06 1.53106e+06
1.56004e+06 1.51347e+06
1.54455e+06 1.53106e+06
1.51521e+06 1.58901e+06
1.54455e+06 1.53106e+06
1.54116e+06 1.53855e+06
1.53065e+06 1.53859e+06
1.54116e+06 1.53855e+06
1.65228e+06 1.50859e+06
1.54116e+06 1.53855e+06
1.54455e+06 1.53106e+06
1.65228e+06 1.50859e+06
1.65228e+06 1.50859e+06
1.65228e+06 1.50859e+06
1.65228e+06 1.50859e+06
1.65228e+06 1.50859e+06
1.65228e+06 1.50859e+06
1.65228e+06 1.50859e+06
1.65228e+06 1.50859e+06
1.65228e+06 1.50859e+06
1.65228e+06 1.50859e+06
1.65228e+06 1.50859e+06
1.65228e+06 1.50859e+06
1.65228e+06 1.50859e+06
1.65228e+06 1.50859e+06
1.65228e+06 1.50859e+06
1.65228e+06 1.50859e+06
1.65228e+06 1.50859e+06
1.65228e+06 1.50859e+06
1.65228e+06 1.50859e+06
1.65228e+06 1.50859e+06
1.65228e+06 1.50859e+06
1.65228e+06 1.50859e+06
1.65228e+06 1.50859e+06
1.65228e+06 1.50859e+06
1.65228e+06 1.50859e+06
1.65228e+06 1.50859e+06
1.65228e+06 1.50859e+06
1.65228e+06 1.50859e+06
1.65228e+06 1.50859e+06
1.65228e+06 1.50859e+06
1.65228e+06 1.50859e+06
1.65228e+06 1.50859e+06
1.65228e+06 1.50859e+06
1.65228e+06 1.50859e+06
1.65228e+06 1.50859e+06
1.65228e+06 1.50859e+06
1.59694e+06 1.51221e+06
1.59694e+06 1.51221e+06
1.59694e+06 1.51221e+06
1.59694e+06 1.51221e+06
1.59694e+06 1.51221e+06
1.59694e+06 1.51221e+06
1.59694e+06 1.51221e+06
1.59694e+06 1.51221e+06
1.59694e+06 1.51221e+06
1.59694e+06 1.51221e+06
1.59694e+06 1.51221e+06
1.56004e+06 1.51347e+06
1.56004e+06 1.51347e+06
1.56004e+06 1.51347e+06
1.56004e+06 1.51347e+06
1.56004e+06 1.51347e+06
1.56004e+06 1.51347e+06
1.56004e+06 1.51347e+06
1.56004e+06 1.51347e+06
1.56004e+06 1.51347e+06
1.56004e+06 1.51347e+06
1.56004e+06 1.51347e+06
1.56004e+06 1.51347e+06
1.56004e+06 1.51347e+06
1.56004e+06 1.51347e+06
1.56004e+06 1.51347e+06
1.56004e+06 1.51347e+06
1.56004e+06 1.51347e+06
1.56004e+06 1.51347e+06
1.56004e+06 1.51347e+06
1.56004e+06 1.51347e+06
1.56004e+06 1.51347e+06
1.56004e+06 1.51347e+06
1.56004e+06 1.51347e+06
1.56004e+06 1.51347e+06
1.56004e+06 1.51347e+06
1.56004e+06 1.51347e+06
1.56004e+06 1.51347e+06
1.56004e+06 1.51347e+06
1.56004e+06 1.51347e+06
1.54455e+06 1.53106e+06
1.54455e+06 1.53106e+06
1.54116e+06 1.53855e+06
1.54116e+06 1.53855e+06
1.54116e+06 1.53855e+06
1.54116e+06 1.53855e+06
1.54116e+06 1.53855e+06
1.54116e+06 1.53855e+06
1.53065e+06 1.53859e+06
1.51521e+06 1.58901e+06
1.63057e+06 1.51799e+06
1.52425e+06 1.59536e+06
1.53389e+06 1.55729e+06
1.5676e+06 1.54635e+06
1.58686e+06 1.53016e+06
1.62206e+06 1.52117e+06
1.61997e+06 1.53691e+06
1.55412e+06 1.6044e+06
1.57213e+06 1.5758e+06
1.56682e+06 1.59574e+06
1.58247e+06 1.56559e+06
1.61476e+06 1.54328e+06
1.59634e+06 1.5458e+06
1.58434e+06 1.55274e+06
1.5599e+06 1.59984e+06
1.58984e+06 1.54664e+06
1.59164e+06 1.54626e+06
1.61604e+06 1.54632e+06
1.56916e+06 1.60042e+06
1.5948e+06 1.54926e+06
1.58e+06 1.57665e+06
1.58337e+06 1.56566e+06
1.57506e+06 1.59082e+06
1.59125e+06 1.55686e+06
1.58662e+06 1.55832e+06
1.57196e+06 1.5979e+06
1.57236e+06 1.59201e+06
1.63305e+06 1.54633e+06
1.5734e+06 1.6e+06
1.6212e+06 1.54808e+06
1.58539e+06 1.58788e+06
1.59426e+06 1.56341e+06
1.60157e+06 1.55248e+06
1.58863e+06 1.57e+06
1.58077e+06 1.58915e+06
1.60894e+06 1.55088e+06
1.59222e+06 1.56883e+06
1.60869e+06 1.55204e+06
1.59069e+06 1.56887e+06
1.63092e+06 1.54991e+06
1.57539e+06 1.60095e+06
1.59752e+06 1.5695e+06
1.58863e+06 1.57177e+06
1.58805e+06 1.58858e+06
1.58296e+06 1.59335e+06
1.61865e+06 1.55718e+06
1.60469e+06 1.55955e+06
1.60374e+06 1.56017e+06
1.62018e+06 1.55383e+06
1.62844e+06 1.55012e+06
1.5916e+06 1.57059e+06
1.58527e+06 1.58955e+06
1.62883e+06 1.55032e+06
1.57844e+06 1.60202e+06
1.62089e+06 1.56757e+06
1.60063e+06 1.5697e+06
1.58974e+06 1.58025e+06
1.58973e+06 1.59007e+06
1.59786e+06 1.57599e+06
1.58301e+06 1.59723e+06
1.62751e+06 1.55763e+06
1.5872e+06 1.59569e+06
1.62531e+06 1.56193e+06
1.62461e+06 1.56574e+06
1.60042e+06 1.57446e+06
1.66885e+06 1.55405e+06
1.58729e+06 1.62558e+06
1.62948e+06 1.55957e+06
1.60592e+06 1.5712e+06
1.59026e+06 1.60855e+06
1.59101e+06 1.5848e+06
1.64002e+06 1.55558e+06
1.65016e+06 1.55446e+06
1.601e+06 1.57443e+06
1.59301e+06 1.58401e+06
1.66105e+06 1.5542e+06
1.58947e+06 1.61306e+06
1.58829e+06 1.62296e+06
1.60312e+06 1.57167e+06
1.60148e+06 1.57195e+06
1.66453e+06 1.55596e+06
1.59174e+06 1.58684e+06
1.60538e+06 1.5732e+06
1.63041e+06 1.56821e+06
1.6052e+06 1.58489e+06
1.64713e+06 1.55737e+06
1.64227e+06 1.56266e+06
1.63076e+06 1.56439e+06
1.59314e+06 1.58633e+06
1.66411e+06 1.55868e+06
1.59256e+06 1.62779e+06
1.63668e+06 1.56515e+06
1.6218e+06 1.57448e+06
1.59494e+06 1.58898e+06
1.5947e+06 1.6069e+06
1.59301e+06 1.6141e+06
1.60205e+06 1.58688e+06
1.63165e+06 1.56786e+06
1.61211e+06 1.57971e+06
1.61156e+06 1.58452e+06
1.63488e+06 1.56667e+06
1.65907e+06 1.5654e+06
1.59545e+06 1.60218e+06
1.64438e+06 1.56866e+06
1.65329e+06 1.5667e+06
1.63973e+06 1.57213e+06
1.59822e+06 1.59555e+06
1.62227e+06 1.57653e+06
1.60387e+06 1.5901e+06
1.63084e+06 1.57641e+06
1.63315e+06 1.5731e+06
1.61243e+06 1.58221e+06
1.61962e+06 1.58068e+06
1.60174e+06 1.5949e+06
1.61072e+06 1.58803e+06
1.61069e+06 1.5897e+06
1.61605e+06 1.5818e+06
1.6551e+06 1.56778e+06
1.59705e+06 1.61378e+06
1.62809e+06 1.5813e+06
1.60028e+06 1.60067e+06
1.63958e+06 1.57652e+06
1.61545e+06 1.58287e+06
1.6528e+06 1.57378e+06
1.61205e+06 1.59142e+06
1.60048e+06 1.597e+06
1.61306e+06 1.58336e+06
1.60557e+06 1.59205e+06
1.64637e+06 1.57464e+06
1.60691e+06 1.59193e+06
1.64213e+06 1.5749e+06
1.64067e+06 1.57541e+06
1.65864e+06 1.56841e+06
1.59711e+06 1.61666e+06
1.63515e+06 1.58155e+06
1.60145e+06 1.60122e+06
1.61955e+06 1.58368e+06
1.64908e+06 1.58094e+06
1.65292e+06 1.57452e+06
1.6138e+06 1.58585e+06
1.60837e+06 1.59313e+06
1.6058e+06 1.59868e+06
1.6074e+06 1.59488e+06
1.66199e+06 1.56954e+06
1.60121e+06 1.63614e+06
1.60152e+06 1.60213e+06
1.65312e+06 1.57885e+06
1.64412e+06 1.58169e+06
1.61527e+06 1.58674e+06
1.60654e+06 1.59973e+06
1.61266e+06 1.59354e+06
1.62646e+06 1.58406e+06
1.61028e+06 1.59458e+06
1.6232e+06 1.58619e+06
1.63579e+06 1.58368e+06
1.63621e+06 1.58332e+06
1.60278e+06 1.60174e+06
1.62582e+06 1.58592e+06
1.6647e+06 1.57071e+06
1.60156e+06 1.62136e+06
1.63458e+06 1.58423e+06
1.65719e+06 1.58323e+06
1.66093e+06 1.58085e+06
1.60344e+06 1.6118e+06
1.62694e+06 1.58692e+06
1.61545e+06 1.58983e+06
1.61544e+06 1.59652e+06
1.60492e+06 1.60421e+06
1.60662e+06 1.60015e+06
1.60359e+06 1.60774e+06
1.62095e+06 1.58828e+06
1.61158e+06 1.59877e+06
1.622e+06 1.587e+06
1.61048e+06 1.59933e+06
1.69236e+06 1.57076e+06
1.60704e+06 1.61676e+06
1.68434e+06 1.57509e+06
1.66415e+06 1.58439e+06
1.6416e+06 1.5858e+06
1.6503e+06 1.5845e+06
1.63079e+06 1.58798e+06
1.62275e+06 1.5923e+06
1.61659e+06 1.59738e+06
1.61066e+06 1.61029e+06
1.6149e+06 1.6042e+06
1.60789e+06 1.61242e+06
1.61693e+06 1.59499e+06
1.61394e+06 1.60565e+06
1.62796e+06 1.59032e+06
1.62855e+06 1.58979e+06
1.65557e+06 1.58574e+06
1.60746e+06 1.62754e+06
1.64422e+06 1.58629e+06
1.61242e+06 1.61643e+06
1.63119e+06 1.58798e+06
1.61728e+06 1.59997e+06
1.61467e+06 1.60702e+06
1.62222e+06 1.59846e+06
1.62756e+06 1.59343e+06
1.61439e+06 1.61172e+06
1.62688e+06 1.59561e+06
1.6674e+06 1.58835e+06
1.60799e+06 1.63496e+06
1.63198e+06 1.58977e+06
1.61516e+06 1.61673e+06
1.62247e+06 1.59954e+06
1.61309e+06 1.62305e+06
1.61702e+06 1.6094e+06
1.61047e+06 1.62887e+06
1.62747e+06 1.59606e+06
1.62889e+06 1.59441e+06
1.61882e+06 1.60521e+06
1.60803e+06 1.63486e+06
1.61211e+06 1.62774e+06
1.6175e+06 1.6053e+06
1.67397e+06 1.58924e+06
1.61097e+06 1.63489e+06
1.64816e+06 1.59146e+06
1.61753e+06 1.60786e+06
1.61526e+06 1.62409e+06
1.61608e+06 1.61933e+06
1.6251e+06 1.60484e+06
1.62586e+06 1.59968e+06
1.63243e+06 1.59765e+06
1.63589e+06 1.59205e+06
1.63408e+06 1.59379e+06
1.63508e+06 1.59272e+06
1.65291e+06 1.59249e+06
1.61164e+06 1.63577e+06
1.62942e+06 1.60334e+06
1.61651e+06 1.61936e+06
1.61943e+06 1.60987e+06
1.63698e+06 1.59653e+06
1.62523e+06 1.60776e+06
1.61587e+06 1.62881e+06
1.64267e+06 1.59349e+06
1.6156e+06 1.63522e+06
1.6393e+06 1.59559e+06
1.64153e+06 1.5943e+06
1.65808e+06 1.59471e+06
1.61476e+06 1.63645e+06
1.62054e+06 1.61281e+06
1.63475e+06 1.60546e+06
1.64509e+06 1.59503e+06
1.6381e+06 1.59888e+06
1.62718e+06 1.60933e+06
1.62808e+06 1.60801e+06
1.64408e+06 1.59746e+06
1.64036e+06 1.59758e+06
1.64017e+06 1.5977e+06
1.66256e+06 1.59516e+06
1.61523e+06 1.64617e+06
1.62057e+06 1.62342e+06
1.64678e+06 1.59546e+06
1.63404e+06 1.60818e+06
1.64134e+06 1.59948e+06
1.62821e+06 1.61042e+06
1.62181e+06 1.61621e+06
1.6389e+06 1.60574e+06
1.62618e+06 1.61284e+06
1.6391e+06 1.60189e+06
1.62477e+06 1.61562e+06
1.67656e+06 1.5954e+06
1.62081e+06 1.63912e+06
1.62695e+06 1.61812e+06
1.65491e+06 1.59677e+06
1.64364e+06 1.5997e+06
1.63945e+06 1.60715e+06
1.63066e+06 1.61343e+06
1.6343e+06 1.61002e+06
1.68922e+06 1.59829e+06
1.6223e+06 1.64159e+06
1.66047e+06 1.59884e+06
1.62792e+06 1.6254e+06
1.65892e+06 1.60493e+06
1.64402e+06 1.60567e+06
1.64168e+06 1.61014e+06
1.64097e+06 1.61561e+06
1.63278e+06 1.61576e+06
1.62861e+06 1.61972e+06
1.63054e+06 1.61925e+06
1.66459e+06 1.60534e+06
1.62525e+06 1.6628e+06
1.62737e+06 1.64837e+06
1.62829e+06 1.62842e+06
1.6433e+06 1.61159e+06
1.65256e+06 1.60719e+06
1.6528e+06 1.60569e+06
1.63361e+06 1.62169e+06
1.63996e+06 1.61634e+06
1.636e+06 1.62033e+06
1.63815e+06 1.61941e+06
1.63861e+06 1.6174e+06
1.65331e+06 1.60714e+06
1.63273e+06 1.63093e+06
1.64352e+06 1.61396e+06
1.63452e+06 1.62383e+06
1.65235e+06 1.61199e+06
1.6542e+06 1.60854e+06
1.63626e+06 1.65103e+06
1.63658e+06 1.62822e+06
1.64549e+06 1.61435e+06
1.65402e+06 1.61171e+06
1.68743e+06 1.61112e+06
1.6369e+06 1.62968e+06
1.64585e+06 1.61801e+06
1.67127e+06 1.6122e+06
1.65729e+06 1.6153e+06
1.65202e+06 1.61664e+06
1.65499e+06 1.61582e+06
1.68342e+06 1.61751e+06
1.63866e+06 1.63142e+06
1.64613e+06 1.61857e+06
1.64261e+06 1.63016e+06
1.72298e+06 1.61897e+06
1.64156e+06 1.63785e+06
1.67787e+06 1.62308e+06
1.64924e+06 1.62577e+06
1.64912e+06 1.63199e+06
1.64649e+06 1.63418e+06
1.65741e+06 1.62781e+06
1.64314e+06 1.64398e+06
1.66001e+06 1.63053e+06
1.67882e+06 1.63118e+06
1.66236e+06 1.63913e+06
1.67143e+06 1.64231e+06
1.59259e+06 1.51231e+06
1.52535e+06 1.62545e+06
1.52845e+06 1.5768e+06
1.52535e+06 1.62545e+06
1.58165e+06 1.52468e+06
1.55935e+06 1.53917e+06
1.54727e+06 1.56618e+06
1.55398e+06 1.55972e+06
1.58165e+06 1.52468e+06
1.52845e+06 1.5768e+06
1.55935e+06 1.53917e+06
1.54727e+06 1.56618e+06
1.58941e+06 1.51594e+06
1.55935e+06 1.53917e+06
1.55893e+06 1.5481e+06
1.54893e+06 1.56288e+06
1.58488e+06 1.51661e+06
1.58165e+06 1.52468e+06
1.55655e+06 1.55184e+06
1.58941e+06 1.51594e+06
1.58488e+06 1.51661e+06
1.58488e+06 1.51661e+06
1.59259e+06 1.51231e+06
1.55893e+06 1.5481e+06
1.55655e+06 1.55184e+06
1.55893e+06 1.5481e+06
1.55655e+06 1.55184e+06
1.55655e+06 1.55184e+06
1.59259e+06 1.51231e+06
1.54893e+06 1.56288e+06
1.54727e+06 1.56618e+06
1.54893e+06 1.56288e+06
1.54893e+06 1.56288e+06
1.54727e+06 1.56618e+06
1.55935e+06 1.53917e+06
1.58941e+06 1.51594e+06
1.58488e+06 1.51661e+06
1.59259e+06 1.51231e+06
1.59259e+06 1.51231e+06
1.59259e+06 1.51231e+06
1.59259e+06 1.51231e+06
1.59259e+06 1.51231e+06
1.59259e+06 1.51231e+06
1.59259e+06 1.51231e+06
1.59259e+06 1.51231e+06
1.59259e+06 1.51231e+06
1.59259e+06 1.51231e+06
1.59259e+06 1.51231e+06
1.59259e+06 1.51231e+06
1.59259e+06 1.51231e+06
1.59259e+06 1.51231e+06
1.59259e+06 1.51231e+06
1.59259e+06 1.51231e+06
1.59259e+06 1.51231e+06
1.59259e+06 1.51231e+06
1.59259e+06 1.51231e+06
1.59259e+06 1.51231e+06
1.59259e+06 1.51231e+06
1.58941e+06 1.51594e+06
1.58941e+06 1.51594e+06
1.58941e+06 1.51594e+06
1.58941e+06 1.51594e+06
1.58941e+06 1.51594e+06
1.58488e+06 1.51661e+06
1.58488e+06 1.51661e+06
1.58488e+06 1.51661e+06
1.58488e+06 1.51661e+06
1.58488e+06 1.51661e+06
1.58488e+06 1.51661e+06
1.58488e+06 1.51661e+06
1.58488e+06 1.51661e+06
1.58488e+06 1.51661e+06
1.58488e+06 1.51661e+06
1.58488e+06 1.51661e+06
1.58488e+06 1.51661e+06
1.58488e+06 1.51661e+06
1.58488e+06 1.51661e+06
1.58488e+06 1.51661e+06
1.58488e+06 1.51661e+06
1.58488e+06 1.51661e+06
1.58488e+06 1.51661e+06
1.58488e+06 1.51661e+06
1.58488e+06 1.51661e+06
1.58488e+06 1.51661e+06
1.58488e+06 1.51661e+06
1.58488e+06 1.51661e+06
1.58488e+06 1.51661e+06
1.58488e+06 1.51661e+06
1.58488e+06 1.51661e+06
1.58488e+06 1.51661e+06
1.58488e+06 1.51661e+06
1.58488e+06 1.51661e+06
1.58488e+06 1.51661e+06
1.58488e+06 1.51661e+06
1.58488e+06 1.51661e+06
1.58488e+06 1.51661e+06
1.58488e+06 1.51661e+06
1.58165e+06 1.52468e+06
1.58165e+06 1.52468e+06
1.58165e+06 1.52468e+06
1.58165e+06 1.52468e+06
1.58165e+06 1.52468e+06
1.58165e+06 1.52468e+06
1.58165e+06 1.52468e+06
1.58165e+06 1.52468e+06
1.58165e+06 1.52468e+06
1.58165e+06 1.52468e+06
1.58165e+06 1.52468e+06
1.55935e+06 1.53917e+06
1.55935e+06 1.53917e+06
1.55935e+06 1.53917e+06
1.55935e+06 1.53917e+06
1.55935e+06 1.53917e+06
1.55935e+06 1.53917e+06
1.55935e+06 1.53917e+06
1.55935e+06 1.53917e+06
1.55935e+06 1.53917e+06
1.55935e+06 1.53917e+06
1.55935e+06 1.53917e+06
1.55935e+06 1.53917e+06
1.55935e+06 1.53917e+06
1.55935e+06 1.53917e+06
1.55935e+06 1.53917e+06
1.55935e+06 1.53917e+06
1.55935e+06 1.53917e+06
1.55935e+06 1.53917e+06
1.55935e+06 1.53917e+06
1.55935e+06 1.53917e+06
1.55935e+06 1.53917e+06
1.55935e+06 1.53917e+06
1.55935e+06 1.53917e+06
1.55893e+06 1.5481e+06
1.55655e+06 1.55184e+06
1.55655e+06 1.55184e+06
1.55655e+06 1.55184e+06
1.55655e+06 1.55184e+06
1.55655e+06 1.55184e+06
1.55655e+06 1.55184e+06
1.55655e+06 1.55184e+06
1.55655e+06 1.55184e+06
1.55655e+06 1.55184e+06
1.55655e+06 1.55184e+06
1.55655e+06 1.55184e+06
1.55655e+06 1.55184e+06
1.55655e+06 1.55184e+06
1.55655e+06 1.55184e+06
1.55655e+06 1.55184e+06
1.55655e+06 1.55184e+06
1.55655e+06 1.55184e+06
1.55655e+06 1.55184e+06
1.55655e+06 1.55184e+06
1.55655e+06 1.55184e+06
1.55655e+06 1.55184e+06
1.55655e+06 1.55184e+06
1.55655e+06 1.55184e+06
1.55655e+06 1.55184e+06
1.55655e+06 1.55184e+06
1.55655e+06 1.55184e+06
1.55655e+06 1.55184e+06
1.54893e+06 1.56288e+06
1.54893e+06 1.56288e+06
1.54893e+06 1.56288e+06
1.54893e+06 1.56288e+06
1.54893e+06 1.56288e+06
1.54893e+06 1.56288e+06
1.54893e+06 1.56288e+06
1.54893e+06 1.56288e+06
1.54893e+06 1.56288e+06
1.54893e+06 1.56288e+06
1.54893e+06 1.56288e+06
1.54893e+06 1.56288e+06
1.54893e+06 1.56288e+06
1.54893e+06 1.56288e+06
1.54893e+06 1.56288e+06
1.54893e+06 1.56288e+06
1.54893e+06 1.56288e+06
1.54893e+06 1.56288e+06
1.54893e+06 1.56288e+06
1.54893e+06 1.56288e+06
1.54893e+06 1.56288e+06
1.54727e+06 1.56618e+06
1.54727e+06 1.56618e+06
1.54727e+06 1.56618e+06
1.54727e+06 1.56618e+06
1.54727e+06 1.56618e+06
1.54727e+06 1.56618e+06
1.54727e+06 1.56618e+06
1.54727e+06 1.56618e+06
1.54727e+06 1.56618e+06
1.54727e+06 1.56618e+06
1.54727e+06 1.56618e+06
1.54727e+06 1.56618e+06
1.54727e+06 1.56618e+06
1.54727e+06 1.56618e+06
1.54727e+06 1.56618e+06
1.54727e+06 1.56618e+06
1.54727e+06 1.56618e+06
1.54727e+06 1.56618e+06
1.54727e+06 1.56618e+06
1.54727e+06 1.56618e+06
1.54727e+06 1.56618e+06
1.54727e+06 1.56618e+06
1.54727e+06 1.56618e+06
1.54727e+06 1.56618e+06
1.54727e+06 1.56618e+06
1.54727e+06 1.56618e+06
1.54727e+06 1.56618e+06
1.54727e+06 1.56618e+06
1.54727e+06 1.56618e+06
1.54727e+06 1.56618e+06
1.54727e+06 1.56618e+06
1.54727e+06 1.56618e+06
1.54727e+06 1.56618e+06
1.54727e+06 1.56618e+06
1.54727e+06 1.56618e+06
1.54727e+06 1.56618e+06
1.54727e+06 1.56618e+06
1.54727e+06 1.56618e+06
1.54727e+06 1.56618e+06
1.54727e+06 1.56618e+06
1.54727e+06 1.56618e+06
1.54727e+06 1.56618e+06
1.54727e+06 1.56618e+06
1.54727e+06 1.56618e+06
1.54727e+06 1.56618e+06
1.54727e+06 1.56618e+06
1.54727e+06 1.56618e+06
1.54727e+06 1.56618e+06
1.54727e+06 1.56618e+06
1.54727e+06 1.56618e+06
1.54727e+06 1.56618e+06
1.54727e+06 1.56618e+06
1.54727e+06 1.56618e+06
1.54727e+06 1.56618e+06
1.54727e+06 1.56618e+06
1.52845e+06 1.5768e+06
1.52845e+06 1.5768e+06
1.52845e+06 1.5768e+06
1.52845e+06 1.5768e+06
1.52845e+06 1.5768e+06
1.52845e+06 1.5768e+06
1.52845e+06 1.5768e+06
1.52845e+06 1.5768e+06
1.6894e+06 1.51948e+06
1.53755e+06 1.58658e+06
1.55805e+06 1.5611e+06
1.63773e+06 1.52636e+06
1.57656e+06 1.54426e+06
1.59282e+06 1.53003e+06
1.64516e+06 1.53443e+06
1.54499e+06 1.59136e+06
1.59235e+06 1.54693e+06
1.62406e+06 1.53526e+06
1.57281e+06 1.58203e+06
1.5758e+06 1.56404e+06
1.57286e+06 1.56551e+06
1.69083e+06 1.53684e+06
1.55289e+06 1.60527e+06
1.63814e+06 1.54343e+06
1.57467e+06 1.58762e+06
1.60378e+06 1.54962e+06
1.59253e+06 1.56023e+06
1.62406e+06 1.54868e+06
1.58316e+06 1.57065e+06
1.5754e+06 1.5816e+06
1.60031e+06 1.55817e+06
1.57944e+06 1.57358e+06
1.6345e+06 1.54417e+06
1.67288e+06 1.54494e+06
1.56696e+06 1.6452e+06
1.5755e+06 1.60079e+06
1.65518e+06 1.5468e+06
1.61423e+06 1.54965e+06
1.58234e+06 1.59258e+06
1.59491e+06 1.58625e+06
1.60048e+06 1.56034e+06
1.61141e+06 1.55491e+06
1.59762e+06 1.57746e+06
1.59955e+06 1.56882e+06
1.65704e+06 1.54973e+06
1.58209e+06 1.63617e+06
1.58261e+06 1.59916e+06
1.63044e+06 1.54998e+06
1.59962e+06 1.57462e+06
1.58782e+06 1.59279e+06
1.61096e+06 1.56624e+06
1.61352e+06 1.55618e+06
1.62292e+06 1.55398e+06
1.6001e+06 1.57025e+06
1.58685e+06 1.59407e+06
1.62855e+06 1.55485e+06
1.58304e+06 1.60974e+06
1.61296e+06 1.56948e+06
1.59184e+06 1.59694e+06
1.60254e+06 1.59171e+06
1.58971e+06 1.60705e+06
1.61156e+06 1.57572e+06
1.61e+06 1.58586e+06
1.60675e+06 1.58756e+06
1.60821e+06 1.58656e+06
1.66095e+06 1.558e+06
1.58531e+06 1.61653e+06
1.61412e+06 1.57048e+06
1.62938e+06 1.56757e+06
1.64461e+06 1.56529e+06
1.5921e+06 1.60819e+06
1.65738e+06 1.56137e+06
1.61332e+06 1.58584e+06
1.59468e+06 1.59791e+06
1.60536e+06 1.59489e+06
1.6101e+06 1.58624e+06
1.60634e+06 1.59364e+06
1.59449e+06 1.60077e+06
1.64588e+06 1.5654e+06
1.58577e+06 1.61762e+06
1.61048e+06 1.5873e+06
1.59274e+06 1.6118e+06
1.63301e+06 1.57123e+06
1.60167e+06 1.59817e+06
1.61508e+06 1.5727e+06
1.59614e+06 1.59909e+06
1.61773e+06 1.57144e+06
1.64484e+06 1.56973e+06
1.59794e+06 1.59876e+06
1.65844e+06 1.5663e+06
1.58774e+06 1.62948e+06
1.62454e+06 1.57182e+06
1.59637e+06 1.61433e+06
1.61532e+06 1.57793e+06
1.58893e+06 1.62754e+06
1.61453e+06 1.58857e+06
1.6018e+06 1.6123e+06
1.60321e+06 1.60322e+06
1.61246e+06 1.59704e+06
1.6057e+06 1.59928e+06
1.61025e+06 1.59872e+06
1.66506e+06 1.56727e+06
1.58821e+06 1.63568e+06
1.60713e+06 1.61259e+06
1.59038e+06 1.63017e+06
1.64215e+06 1.5726e+06
1.61566e+06 1.58011e+06
1.61485e+06 1.59079e+06
1.62498e+06 1.57641e+06
1.63099e+06 1.57639e+06
1.61056e+06 1.60105e+06
1.64213e+06 1.575e+06
1.61434e+06 1.59839e+06
1.61164e+06 1.5997e+06
1.61151e+06 1.59982e+06
1.67106e+06 1.57263e+06
1.60381e+06 1.6432e+06
1.60864e+06 1.62078e+06
1.64584e+06 1.57506e+06
1.65683e+06 1.57326e+06
1.61058e+06 1.60319e+06
1.63265e+06 1.57935e+06
1.60985e+06 1.61669e+06
1.61512e+06 1.5958e+06
1.61902e+06 1.59502e+06
1.61994e+06 1.58565e+06
1.62532e+06 1.58084e+06
1.62032e+06 1.58462e+06
1.62684e+06 1.57971e+06
1.61712e+06 1.59545e+06
1.67572e+06 1.57657e+06
1.60965e+06 1.6248e+06
1.66557e+06 1.57866e+06
1.62587e+06 1.58123e+06
1.6129e+06 1.61511e+06
1.61752e+06 1.59966e+06
1.62126e+06 1.58502e+06
1.6139e+06 1.60581e+06
1.6162e+06 1.59984e+06
1.62224e+06 1.585e+06
1.64795e+06 1.58152e+06
1.61013e+06 1.62769e+06
1.6147e+06 1.60878e+06
1.6232e+06 1.60478e+06
1.62834e+06 1.59539e+06
1.63958e+06 1.58174e+06
1.63244e+06 1.58535e+06
1.62885e+06 1.58631e+06
1.64431e+06 1.58195e+06
1.61257e+06 1.62977e+06
1.61501e+06 1.61711e+06
1.62488e+06 1.60523e+06
1.62101e+06 1.61206e+06
1.62985e+06 1.59727e+06
1.63372e+06 1.58801e+06
1.63076e+06 1.59004e+06
1.64265e+06 1.58766e+06
1.64285e+06 1.5869e+06
1.64401e+06 1.58233e+06
1.64696e+06 1.58287e+06
1.62122e+06 1.61516e+06
1.63142e+06 1.59138e+06
1.64396e+06 1.58838e+06
1.63112e+06 1.60758e+06
1.62946e+06 1.60929e+06
1.62582e+06 1.61297e+06
1.62415e+06 1.61302e+06
1.64501e+06 1.58603e+06
1.64559e+06 1.58479e+06
1.66127e+06 1.58302e+06
1.62299e+06 1.64678e+06
1.65255e+06 1.58674e+06
1.62609e+06 1.62846e+06
1.62818e+06 1.6158e+06
1.63465e+06 1.59627e+06
1.62344e+06 1.63654e+06
1.64305e+06 1.59236e+06
1.64552e+06 1.5911e+06
1.63208e+06 1.60996e+06
1.63421e+06 1.60356e+06
1.63327e+06 1.60808e+06
1.66166e+06 1.58649e+06
1.62314e+06 1.64782e+06
1.62729e+06 1.63063e+06
1.64922e+06 1.59315e+06
1.63462e+06 1.60462e+06
1.64435e+06 1.59807e+06
1.63384e+06 1.60893e+06
1.63314e+06 1.61899e+06
1.63121e+06 1.62307e+06
1.64608e+06 1.59636e+06
1.63137e+06 1.62112e+06
1.67751e+06 1.58788e+06
1.63192e+06 1.64592e+06
1.66577e+06 1.58913e+06
1.63205e+06 1.63558e+06
1.63307e+06 1.62343e+06
1.66151e+06 1.59897e+06
1.65018e+06 1.60476e+06
1.65744e+06 1.60023e+06
1.64048e+06 1.60901e+06
1.6342e+06 1.61577e+06
1.65019e+06 1.60242e+06
1.63626e+06 1.61358e+06
1.64012e+06 1.60967e+06
1.68038e+06 1.60062e+06
1.63302e+06 1.63873e+06
1.65035e+06 1.60354e+06
1.66184e+06 1.60103e+06
1.6404e+06 1.61374e+06
1.63363e+06 1.62778e+06
1.63705e+06 1.61445e+06
1.63571e+06 1.62179e+06
1.63514e+06 1.62392e+06
1.66398e+06 1.60175e+06
1.63457e+06 1.63087e+06
1.6598e+06 1.61171e+06
1.63754e+06 1.61493e+06
1.64359e+06 1.6145e+06
1.68757e+06 1.60231e+06
1.63485e+06 1.63971e+06
1.63936e+06 1.61641e+06
1.66405e+06 1.61209e+06
1.6678e+06 1.60405e+06
1.63809e+06 1.63342e+06
1.63654e+06 1.63394e+06
1.67037e+06 1.60515e+06
1.64048e+06 1.6235e+06
1.66814e+06 1.61168e+06
1.64977e+06 1.61811e+06
1.64522e+06 1.619e+06
1.69015e+06 1.61199e+06
1.64182e+06 1.64988e+06
1.66126e+06 1.61926e+06
1.64194e+06 1.63122e+06
1.64667e+06 1.62342e+06
1.66162e+06 1.6223e+06
1.64232e+06 1.63753e+06
1.64874e+06 1.6276e+06
1.65378e+06 1.62471e+06
1.64481e+06 1.63455e+06
1.66554e+06 1.6259e+06
1.64484e+06 1.6364e+06
1.66663e+06 1.62961e+06
1.64559e+06 1.6436e+06
1.64621e+06 1.63671e+06
1.67581e+06 1.63582e+06
1.64623e+06 1.65055e+06
1.65028e+06 1.63774e+06
