7 0.755508
1.60773e+06 1.60695e+06 1.57856e+06 1.58497e+06
1.63365e+06 1.57356e+06 1.59657e+06 1.59016e+06
1.59993e+06 1.60898e+06 1.55492e+06 1.59523e+06
1.60416e+06 1.58894e+06 1.57138e+06 1.5986e+06
1.63431e+06 1.60431e+06 1.55785e+06 1.58999e+06
1.61347e+06 1.53449e+06 1.63168e+06 1.60345e+06
1.64735e+06 1.55308e+06 1.57327e+06 1.61022e+06
1.61657e+06 1.5418e+06 1.62928e+06 1.59601e+06
1.5782e+06 1.61298e+06 1.59504e+06 1.58147e+06
1.62534e+06 1.57501e+06 1.61604e+06 1.5388e+06
1.59862e+06 1.57223e+06 1.58007e+06 1.62441e+06
1.62386e+06 1.57131e+06 1.58613e+06 1.60328e+06
1.58886e+06 1.56889e+06 1.59903e+06 1.58523e+06
1.57894e+06 1.57199e+06 1.61364e+06 1.60133e+06
1.5678e+06 1.57718e+06 1.62213e+06 1.61558e+06
1.61447e+06 1.57966e+06 1.59885e+06 1.58777e+06
1.57852e+06 1.59056e+06 1.58594e+06 1.6273e+06
1.59594e+06 1.60732e+06 1.60731e+06 1.55765e+06
1.59603e+06 1.57129e+06 1.53495e+06 1.63096e+06
1.62716e+06 1.51295e+06 1.60926e+06 1.63139e+06
1.58551e+06 1.56766e+06 1.59861e+06 1.59412e+06
1.611e+06 1.53968e+06 1.64275e+06 1.62804e+06
1.65678e+06 1.56532e+06 1.59264e+06 1.54016e+06
1.58709e+06 1.56081e+06 1.64231e+06 1.65113e+06
1.57337e+06 1.59224e+06 1.59182e+06 1.61312e+06
1.62026e+06 1.56848e+06 1.61554e+06 1.58039e+06
1.63639e+06 1.57898e+06 1.60636e+06 1.58458e+06
1.63604e+06 1.57707e+06 1.57137e+06 1.59572e+06
1.60113e+06 1.54476e+06 1.59366e+06 1.66027e+06
1.59927e+06 1.55639e+06 1.60314e+06 1.61525e+06
1.55477e+06 1.63465e+06 1.58256e+06 1.62098e+06
1.60166e+06 1.57803e+06 1.5825e+06 1.61465e+06
1.69738e+06 1.56043e+06 1.56326e+06 1.61164e+06
1.57676e+06 1.57973e+06 1.59591e+06 1.59735e+06
1.65507e+06 1.54447e+06 1.62328e+06 1.59736e+06
1.55219e+06 1.64246e+06 1.59499e+06 1.64437e+06
1.60049e+06 1.52853e+06 1.65133e+06 1.6496e+06
1.66441e+06 1.60661e+06 1.5511e+06 1.58196e+06
1.54093e+06 1.61238e+06 1.60625e+06 1.59941e+06
1.57819e+06 1.61104e+06 1.5897e+06 1.61079e+06
1.6534e+06 1.55308e+06 1.59462e+06 1.58594e+06
1.61947e+06 1.56882e+06 1.57723e+06 1.62511e+06
1.59729e+06 1.60213e+06 1.56855e+06 1.5876e+06
1.59448e+06 1.60598e+06 1.57136e+06 1.5902e+06
1.61107e+06 1.54909e+06 1.62864e+06 1.57901e+06
1.59383e+06 1.55402e+06 1.62709e+06 1.66489e+06
1.57679e+06 1.56202e+06 1.60638e+06 1.61397e+06
1.55361e+06 1.611e+06 1.62878e+06 1.622e+06
1.6232e+06 1.54743e+06 1.63018e+06 1.56699e+06
1.57696e+06 1.57252e+06 1.58108e+06 1.62879e+06
1.56861e+06 1.57845e+06 1.63447e+06 1.60801e+06
1.64561e+06 1.53726e+06 1.58393e+06 1.64543e+06
1.61762e+06 1.5376e+06 1.59158e+06 1.59764e+06
1.59523e+06 1.58869e+06 1.57972e+06 1.59757e+06
1.62842e+06 1.57893e+06 1.5799e+06 1.5949e+06
1.58387e+06 1.60739e+06 1.56948e+06 1.61607e+06
1.56957e+06 1.56221e+06 1.62624e+06 1.63305e+06
1.6141e+06 1.58064e+06 1.56996e+06 1.55571e+06
1.64475e+06 1.54931e+06 1.58503e+06 1.62377e+06
1.5614e+06 1.5781e+06 1.59435e+06 1.60847e+06
1.61233e+06 1.55558e+06 1.58748e+06 1.60279e+06
1.57863e+06 1.63581e+06 1.58846e+06 1.60474e+06
1.59295e+06 1.55852e+06 1.59304e+06 1.60658e+06
1.61467e+06 1.55551e+06 1.59856e+06 1.61192e+06
1.57778e+06 1.55268e+06 1.64335e+06 1.67181e+06
1.5513e+06 1.5649e+06 1.58953e+06 1.64507e+06
1.59288e+06 1.55868e+06 1.59804e+06 1.59431e+06
1.60056e+06 1.52456e+06 1.60965e+06 1.65604e+06
1.53721e+06 1.57918e+06 1.61194e+06 1.66174e+06
1.64381e+06 1.53434e+06 1.59239e+06 1.63512e+06
1.62531e+06 1.60368e+06 1.55662e+06 1.6062e+06
1.59928e+06 1.55491e+06 1.61179e+06 1.59202e+06
1.58936e+06 1.62201e+06 1.56202e+06 1.63492e+06
1.63658e+06 1.5644e+06 1.59139e+06 1.58189e+06
1.57869e+06 1.57066e+06 1.61704e+06 1.57065e+06
1.61164e+06 1.55408e+06 1.60833e+06 1.63536e+06
1.58721e+06 1.55203e+06 1.65124e+06 1.63573e+06
1.59304e+06 1.55093e+06 1.63469e+06 1.60668e+06
1.64331e+06 1.55749e+06 1.59183e+06 1.57995e+06
1.56529e+06 1.6152e+06 1.62902e+06 1.59589e+06
1.58121e+06 1.56366e+06 1.56384e+06 1.66089e+06
1.60221e+06 1.60616e+06 1.61737e+06 1.54996e+06
1.62403e+06 1.56569e+06 1.58416e+06 1.64148e+06
1.59382e+06 1.54235e+06 1.63794e+06 1.67404e+06
1.62299e+06 1.51746e+06 1.61894e+06 1.66848e+06
1.58515e+06 1.58387e+06 1.61022e+06 1.56053e+06
1.59246e+06 1.58344e+06 1.59427e+06 1.6201e+06
1.61829e+06 1.59063e+06 1.5512e+06 1.61162e+06
1.56411e+06 1.59023e+06 1.63687e+06 1.59601e+06
1.58584e+06 1.62093e+06 1.58663e+06 1.59246e+06
1.61531e+06 1.56636e+06 1.58159e+06 1.62841e+06
1.62907e+06 1.57668e+06 1.59615e+06 1.58594e+06
1.60473e+06 1.59664e+06 1.59965e+06 1.5367e+06
1.54302e+06 1.60361e+06 1.62601e+06 1.65035e+06
1.61354e+06 1.57396e+06 1.5745e+06 1.60713e+06
1.59062e+06 1.605e+06 1.58693e+06 1.58809e+06
1.53643e+06 1.6139e+06 1.6295e+06 1.65814e+06
1.57139e+06 1.58484e+06 1.63089e+06 1.55199e+06
1.60354e+06 1.56892e+06 1.60686e+06 1.57947e+06
1.62694e+06 1.61204e+06 1.59269e+06 1.54691e+06
1.5993e+06 1.57666e+06 1.5664e+06 1.62162e+06
1.61842e+06 1.53393e+06 1.61278e+06 1.60756e+06
1.59568e+06 1.54076e+06 1.61018e+06 1.59828e+06
1.59049e+06 1.56011e+06 1.62182e+06 1.62905e+06
1.59555e+06 1.54512e+06 1.54984e+06 1.64174e+06
1.60534e+06 1.55518e+06 1.65141e+06 1.58947e+06
1.61177e+06 1.5823e+06 1.60368e+06 1.57483e+06
1.55358e+06 1.57075e+06 1.55364e+06 1.66224e+06
1.60675e+06 1.56547e+06 1.58492e+06 1.61078e+06
1.54782e+06 1.58417e+06 1.65955e+06 1.61278e+06
1.64239e+06 1.56457e+06 1.59746e+06 1.5816e+06
1.63249e+06 1.54983e+06 1.60908e+06 1.57544e+06
1.58478e+06 1.59842e+06 1.60789e+06 1.58541e+06
1.61208e+06 1.55217e+06 1.61919e+06 1.58128e+06
1.64349e+06 1.51616e+06 1.60515e+06 1.60249e+06
1.5821e+06 1.57114e+06 1.60287e+06 1.62759e+06
1.55771e+06 1.58418e+06 1.60836e+06 1.59686e+06
1.58867e+06 1.58639e+06 1.57202e+06 1.6031e+06
1.62108e+06 1.56177e+06 1.60684e+06 1.58523e+06
1.58694e+06 1.56602e+06 1.61336e+06 1.61225e+06
1.63077e+06 1.54238e+06 1.56933e+06 1.64926e+06
1.58972e+06 1.56107e+06 1.62895e+06 1.63329e+06
1.62932e+06 1.587e+06 1.56445e+06 1.58744e+06
1.58535e+06 1.58296e+06 1.59541e+06 1.6024e+06
1.59484e+06 1.56217e+06 1.58288e+06 1.64926e+06
1.63358e+06 1.56631e+06 1.55774e+06 1.60077e+06
1.63985e+06 1.5715e+06 1.58105e+06 1.58019e+06
1.61634e+06 1.53085e+06 1.57804e+06 1.64721e+06
1.57946e+06 1.5677e+06 1.59125e+06 1.63489e+06
1.55766e+06 1.59721e+06 1.64424e+06 1.58223e+06
1.59898e+06 1.57626e+06 1.59148e+06 1.59609e+06
1.5862e+06 1.57136e+06 1.58388e+06 1.63275e+06
1.5892e+06 1.58904e+06 1.56333e+06 1.59472e+06
1.57528e+06 1.57235e+06 1.60336e+06 1.6152e+06
1.60871e+06 1.58708e+06 1.57384e+06 1.60124e+06
1.5645e+06 1.61228e+06 1.57174e+06 1.62727e+06
1.62331e+06 1.5795e+06 1.59213e+06 1.54802e+06
1.59895e+06 1.56426e+06 1.59251e+06 1.63016e+06
1.58743e+06 1.58513e+06 1.58758e+06 1.61508e+06
1.58627e+06 1.55574e+06 1.64489e+06 1.62536e+06
1.59078e+06 1.61791e+06 1.54168e+06 1.61791e+06
1.59112e+06 1.56002e+06 1.62524e+06 1.62043e+06
1.67549e+06 1.55155e+06 1.55064e+06 1.6382e+06
1.60003e+06 1.54036e+06 1.60339e+06 1.65099e+06
1.65007e+06 1.53387e+06 1.64622e+06 1.59117e+06
1.61082e+06 1.59954e+06 1.54824e+06 1.61441e+06
1.64363e+06 1.55237e+06 1.61083e+06 1.56575e+06
1.61852e+06 1.57092e+06 1.59122e+06 1.60221e+06
1.59577e+06 1.58976e+06 1.58296e+06 1.57357e+06
1.59887e+06 1.55824e+06 1.5855e+06 1.63864e+06
1.57391e+06 1.61704e+06 1.57228e+06 1.61196e+06
1.58235e+06 1.56809e+06 1.56939e+06 1.63839e+06
1.59485e+06 1.56978e+06 1.59376e+06 1.602e+06
1.54932e+06 1.56822e+06 1.63146e+06 1.6577e+06
1.59138e+06 1.56359e+06 1.59625e+06 1.64441e+06
1.6347e+06 1.54224e+06 1.57626e+06 1.6256e+06
1.5812e+06 1.56257e+06 1.61543e+06 1.59583e+06
1.57454e+06 1.6201e+06 1.5777e+06 1.66174e+06
1.63247e+06 1.58046e+06 1.55465e+06 1.64774e+06
1.68908e+06 1.60745e+06 1.5616e+06 1.6301e+06
1.64245e+06 1.60128e+06 1.57718e+06 1.56736e+06
1.65286e+06 1.53473e+06 1.6119e+06 1.63775e+06
1.62662e+06 1.61485e+06 1.56464e+06 1.59892e+06
1.61711e+06 1.62067e+06 1.54331e+06 1.6287e+06
1.64884e+06 1.58215e+06 1.56624e+06 1.62582e+06
1.65512e+06 1.6124e+06 1.54608e+06 1.63189e+06
1.5969e+06 1.59434e+06 1.55763e+06 1.6808e+06
1.60396e+06 1.62339e+06 1.65652e+06 1.55328e+06
1.58849e+06 1.56586e+06 1.5642e+06 1.66536e+06
1.59792e+06 1.60079e+06 1.55498e+06 1.67528e+06
1.6456e+06 1.57356e+06 1.57385e+06 1.63219e+06
1.60748e+06 1.57611e+06 1.55072e+06 1.64884e+06
1.68398e+06 1.53538e+06 1.61162e+06 1.61697e+06
1.66244e+06 1.59636e+06 1.56976e+06 1.60667e+06
1.59719e+06 1.60431e+06 1.60785e+06 1.58601e+06
1.57146e+06 1.61391e+06 1.61587e+06 1.61967e+06
1.6383e+06 1.56672e+06 1.56697e+06 1.66344e+06
1.64286e+06 1.59548e+06 1.58511e+06 1.58698e+06
1.61587e+06 1.61581e+06 1.59162e+06 1.56542e+06
1.6561e+06 1.59053e+06 1.59846e+06 1.57465e+06
1.64796e+06 1.59087e+06 1.57116e+06 1.61894e+06
1.66147e+06 1.55219e+06 1.5963e+06 1.62137e+06
1.57807e+06 1.63014e+06 1.60215e+06 1.62043e+06
1.62254e+06 1.57243e+06 1.57781e+06 1.65439e+06
1.66732e+06 1.59386e+06 1.60774e+06 1.56332e+06
1.58664e+06 1.63991e+06 1.60468e+06 1.58542e+06
1.65097e+06 1.59198e+06 1.56556e+06 1.63052e+06
1.67411e+06 1.57116e+06 1.57307e+06 1.63676e+06
1.60057e+06 1.60175e+06 1.58843e+06 1.5821e+06
1.64507e+06 1.58283e+06 1.59702e+06 1.57578e+06
1.60682e+06 1.58346e+06 1.55721e+06 1.63144e+06
1.58065e+06 1.63399e+06 1.61236e+06 1.59718e+06
1.65024e+06 1.57053e+06 1.58763e+06 1.61219e+06
1.59557e+06 1.60517e+06 1.57654e+06 1.66134e+06
1.55528e+06 1.62348e+06 1.61457e+06 1.60983e+06
1.6498e+06 1.58942e+06 1.56955e+06 1.61894e+06
1.61799e+06 1.5908e+06 1.5874e+06 1.56486e+06
1.65004e+06 1.57255e+06 1.59256e+06 1.60715e+06
1.65141e+06 1.58603e+06 1.59992e+06 1.56999e+06
1.62354e+06 1.60549e+06 1.56672e+06 1.62092e+06
1.65233e+06 1.56662e+06 1.59251e+06 1.62068e+06
1.61726e+06 1.65111e+06 1.63165e+06 1.55444e+06
1.57082e+06 1.56488e+06 1.65254e+06 1.65242e+06
1.5614e+06 1.62571e+06 1.62183e+06 1.5978e+06
1.65538e+06 1.57151e+06 1.57098e+06 1.61075e+06
1.58488e+06 1.61597e+06 1.57287e+06 1.65415e+06
1.66541e+06 1.58276e+06 1.59862e+06 1.58262e+06
1.6675e+06 1.58561e+06 1.59449e+06 1.57507e+06
1.62763e+06 1.61194e+06 1.56359e+06 1.62821e+06
1.58243e+06 1.61046e+06 1.60486e+06 1.59885e+06
1.61945e+06 1.53932e+06 1.64431e+06 1.61928e+06
1.56537e+06 1.57846e+06 1.65484e+06 1.63966e+06
1.59043e+06 1.61702e+06 1.5693e+06 1.6186e+06
1.56976e+06 1.6153e+06 1.62372e+06 1.61269e+06
1.66806e+06 1.58066e+06 1.59589e+06 1.58385e+06
1.6046e+06 1.6314e+06 1.56744e+06 1.63921e+06
1.55347e+06 1.61064e+06 1.61869e+06 1.6522e+06
1.58296e+06 1.57191e+06 1.67391e+06 1.62144e+06
1.56845e+06 1.61096e+06 1.5999e+06 1.633e+06
1.61904e+06 1.5949e+06 1.58558e+06 1.60374e+06
1.58971e+06 1.63095e+06 1.5748e+06 1.61794e+06
1.61023e+06 1.62461e+06 1.56548e+06 1.62025e+06
1.61697e+06 1.63521e+06 1.57481e+06 1.60053e+06
1.61382e+06 1.61289e+06 1.57141e+06 1.62801e+06
1.57707e+06 1.64194e+06 1.59991e+06 1.62335e+06
1.62733e+06 1.60121e+06 1.56932e+06 1.61625e+06
1.63605e+06 1.61254e+06 1.57604e+06 1.60724e+06
1.5831e+06 1.62199e+06 1.59676e+06 1.61161e+06
1.59624e+06 1.60637e+06 1.58465e+06 1.59925e+06
1.59758e+06 1.60418e+06 1.59175e+06 1.60689e+06
1.62984e+06 1.60721e+06 1.57911e+06 1.59579e+06
1.63342e+06 1.5702e+06 1.6499e+06 1.59104e+06
1.61397e+06 1.59924e+06 1.58776e+06 1.59916e+06
1.60738e+06 1.61627e+06 1.57535e+06 1.60286e+06
1.62545e+06 1.57435e+06 1.63502e+06 1.57086e+06
1.58524e+06 1.60762e+06 1.64266e+06 1.5919e+06
1.63111e+06 1.65984e+06 1.5845e+06 1.59134e+06
1.62006e+06 1.58312e+06 1.5767e+06 1.59901e+06
1.58167e+06 1.57653e+06 1.64522e+06 1.61131e+06
1.55771e+06 1.6371e+06 1.58971e+06 1.63406e+06
1.63133e+06 1.58188e+06 1.60836e+06 1.57657e+06
1.60162e+06 1.57586e+06 1.63189e+06 1.5893e+06
1.58872e+06 1.60948e+06 1.58328e+06 1.60818e+06
1.61735e+06 1.59834e+06 1.58068e+06 1.61408e+06
1.6073e+06 1.59152e+06 1.60674e+06 1.57802e+06
1.61083e+06 1.58371e+06 1.59113e+06 1.6228e+06
1.64102e+06 1.54558e+06 1.64969e+06 1.60035e+06
1.60818e+06 1.56521e+06 1.585e+06 1.65475e+06
1.59368e+06 1.59869e+06 1.59332e+06 1.63176e+06
1.5895e+06 1.5772e+06 1.66499e+06 1.58321e+06
1.57534e+06 1.61921e+06 1.59544e+06 1.64403e+06
1.57783e+06 1.59537e+06 1.68516e+06 1.59697e+06
1.60599e+06 1.57678e+06 1.58826e+06 1.63849e+06
1.59525e+06 1.56423e+06 1.66524e+06 1.60106e+06
1.6079e+06 1.58898e+06 1.59006e+06 1.6163e+06
1.64492e+06 1.5442e+06 1.67216e+06 1.59724e+06
1.59863e+06 1.58372e+06 1.5954e+06 1.64051e+06
1.57884e+06 1.58717e+06 1.64645e+06 1.5765e+06
1.60869e+06 1.63526e+06 1.63568e+06 1.57246e+06
1.62652e+06 1.59147e+06 1.57256e+06 1.61084e+06
1.63668e+06 1.58158e+06 1.58677e+06 1.6131e+06
1.63989e+06 1.56192e+06 1.6302e+06 1.59953e+06
1.61284e+06 1.58751e+06 1.58366e+06 1.61432e+06
1.63626e+06 1.56462e+06 1.63184e+06 1.59995e+06
1.62674e+06 1.571e+06 1.65677e+06 1.58734e+06
1.60761e+06 1.57278e+06 1.58097e+06 1.63014e+06
1.63026e+06 1.58587e+06 1.62184e+06 1.58353e+06
1.59546e+06 1.59128e+06 1.59403e+06 1.63015e+06
1.64283e+06 1.55194e+06 1.61464e+06 1.58288e+06
1.61645e+06 1.57183e+06 1.59405e+06 1.63313e+06
1.63647e+06 1.56495e+06 1.58063e+06 1.64931e+06
1.59696e+06 1.58428e+06 1.62697e+06 1.57693e+06
1.60723e+06 1.57118e+06 1.59718e+06 1.62896e+06
1.65087e+06 1.59271e+06 1.61766e+06 1.5641e+06
1.57215e+06 1.59184e+06 1.59751e+06 1.68016e+06
1.65111e+06 1.54958e+06 1.67582e+06 1.57284e+06
1.58097e+06 1.61876e+06 1.5883e+06 1.63309e+06
1.62484e+06 1.57818e+06 1.62248e+06 1.58541e+06
1.63708e+06 1.54545e+06 1.59678e+06 1.63101e+06
1.60374e+06 1.56966e+06 1.63281e+06 1.59409e+06
1.58142e+06 1.57768e+06 1.59645e+06 1.63559e+06
1.58649e+06 1.5849e+06 1.65746e+06 1.58348e+06
1.60056e+06 1.56972e+06 1.6198e+06 1.61828e+06
1.58561e+06 1.6123e+06 1.64377e+06 1.59063e+06
1.61442e+06 1.57251e+06 1.61451e+06 1.60785e+06
1.59721e+06 1.57979e+06 1.59324e+06 1.64376e+06
1.60957e+06 1.55704e+06 1.63082e+06 1.61544e+06
1.61056e+06 1.5764e+06 1.62543e+06 1.5748e+06
1.57717e+06 1.61857e+06 1.59037e+06 1.63258e+06
1.58146e+06 1.59599e+06 1.60049e+06 1.60726e+06
1.60803e+06 1.55448e+06 1.59064e+06 1.65725e+06
1.58567e+06 1.57217e+06 1.61881e+06 1.59304e+06
1.64549e+06 1.55681e+06 1.61162e+06 1.56816e+06
1.60454e+06 1.583e+06 1.59108e+06 1.62664e+06
1.66264e+06 1.55181e+06 1.61017e+06 1.59579e+06
1.58042e+06 1.59391e+06 1.5969e+06 1.66359e+06
1.63347e+06 1.5684e+06 1.61518e+06 1.58722e+06
1.60171e+06 1.5475e+06 1.63621e+06 1.62075e+06
1.63675e+06 1.57233e+06 1.64882e+06 1.57514e+06
1.58475e+06 1.59338e+06 1.58792e+06 1.64945e+06
1.59727e+06 1.57729e+06 1.59604e+06 1.60494e+06
1.63523e+06 1.56917e+06 1.60713e+06 1.58669e+06
1.60568e+06 1.5632e+06 1.5971e+06 1.63479e+06
1.634e+06 1.58841e+06 1.61141e+06 1.57504e+06
1.6114e+06 1.54821e+06 1.61449e+06 1.63081e+06
1.5908e+06 1.60027e+06 1.59508e+06 1.62908e+06
1.60114e+06 1.59907e+06 1.61002e+06 1.57431e+06
1.5872e+06 1.60012e+06 1.62017e+06 1.59083e+06
1.5834e+06 1.56561e+06 1.6272e+06 1.62894e+06
1.5906e+06 1.57707e+06 1.59127e+06 1.65313e+06
1.60011e+06 1.56606e+06 1.64934e+06 1.60928e+06
1.60961e+06 1.56916e+06 1.60706e+06 1.62131e+06
1.56633e+06 1.58552e+06 1.6147e+06 1.67326e+06
1.66053e+06 1.52857e+06 1.64501e+06 1.62387e+06
1.60924e+06 1.57391e+06 1.62817e+06 1.58423e+06
1.60394e+06 1.60001e+06 1.57973e+06 1.61662e+06
1.60792e+06 1.55826e+06 1.63558e+06 1.61533e+06
1.61581e+06 1.55712e+06 1.60476e+06 1.64882e+06
1.63103e+06 1.59505e+06 1.60568e+06 1.55423e+06
1.56331e+06 1.61748e+06 1.64803e+06 1.594e+06
1.62584e+06 1.58159e+06 1.60398e+06 1.58775e+06
1.6063e+06 1.57046e+06 1.59632e+06 1.63603e+06
1.66e+06 1.55481e+06 1.606e+06 1.59958e+06
1.63365e+06 1.56385e+06 1.63976e+06 1.5974e+06
1.56272e+06 1.60348e+06 1.59073e+06 1.65106e+06
1.59202e+06 1.56848e+06 1.58387e+06 1.64624e+06
1.6416e+06 1.58408e+06 1.61882e+06 1.56915e+06
1.56786e+06 1.57996e+06 1.61745e+06 1.6491e+06
1.62678e+06 1.59969e+06 1.62853e+06 1.55321e+06
1.59508e+06 1.58025e+06 1.60694e+06 1.62152e+06
1.60112e+06 1.59264e+06 1.57933e+06 1.63428e+06
1.59168e+06 1.60856e+06 1.65703e+06 1.55472e+06
1.61758e+06 1.58418e+06 1.59012e+06 1.61332e+06
1.64071e+06 1.57038e+06 1.58687e+06 1.61859e+06
1.58788e+06 1.59421e+06 1.61456e+06 1.58653e+06
1.61872e+06 1.57274e+06 1.60908e+06 1.58708e+06
1.57644e+06 1.59584e+06 1.59168e+06 1.65717e+06
1.60132e+06 1.56015e+06 1.61291e+06 1.64938e+06
1.56641e+06 1.58738e+06 1.63881e+06 1.60227e+06
1.63075e+06 1.56723e+06 1.62454e+06 1.59994e+06
1.59574e+06 1.63176e+06 1.6366e+06 1.5726e+06
1.56803e+06 1.57977e+06 1.63218e+06 1.6534e+06
1.58182e+06 1.60113e+06 1.59505e+06 1.62526e+06
1.64842e+06 1.56812e+06 1.603e+06 1.60121e+06
1.61824e+06 1.55484e+06 1.63738e+06 1.59858e+06
1.63471e+06 1.56219e+06 1.58458e+06 1.65368e+06
1.60347e+06 1.57041e+06 1.59984e+06 1.6297e+06
1.67395e+06 1.54223e+06 1.64263e+06 1.59721e+06
1.62876e+06 1.55318e+06 1.59927e+06 1.62607e+06
1.65808e+06 1.56301e+06 1.57942e+06 1.62964e+06
1.59853e+06 1.60845e+06 1.62604e+06 1.58494e+06
1.66792e+06 1.56062e+06 1.60061e+06 1.59985e+06
1.59774e+06 1.60329e+06 1.59068e+06 1.62667e+06
1.60874e+06 1.57102e+06 1.61569e+06 1.60772e+06
1.59548e+06 1.59838e+06 1.58191e+06 1.63789e+06
1.62128e+06 1.55218e+06 1.61554e+06 1.60012e+06
1.67342e+06 1.53834e+06 1.58896e+06 1.67433e+06
1.61991e+06 1.55571e+06 1.62325e+06 1.6145e+06
1.59134e+06 1.56508e+06 1.61922e+06 1.63613e+06
1.61865e+06 1.54533e+06 1.62322e+06 1.66615e+06
1.57416e+06 1.56969e+06 1.64615e+06 1.65082e+06
1.59401e+06 1.59212e+06 1.5966e+06 1.60648e+06
1.6455e+06 1.57785e+06 1.59599e+06 1.58526e+06
1.57503e+06 1.5787e+06 1.63966e+06 1.62391e+06
1.57526e+06 1.58005e+06 1.60802e+06 1.62114e+06
1.64173e+06 1.55555e+06 1.61202e+06 1.59773e+06
1.63546e+06 1.58015e+06 1.60931e+06 1.58596e+06
1.57916e+06 1.57315e+06 1.62857e+06 1.6489e+06
1.63822e+06 1.56825e+06 1.60302e+06 1.5951e+06
1.58545e+06 1.57256e+06 1.62383e+06 1.61393e+06
1.59527e+06 1.57856e+06 1.61815e+06 1.59712e+06
1.62311e+06 1.53456e+06 1.61578e+06 1.64895e+06
1.61354e+06 1.55623e+06 1.6192e+06 1.63071e+06
1.63009e+06 1.5532e+06 1.59409e+06 1.6146e+06
1.6037e+06 1.54355e+06 1.62798e+06 1.62459e+06
1.58058e+06 1.58047e+06 1.62457e+06 1.61977e+06
1.60003e+06 1.55638e+06 1.63148e+06 1.65237e+06
1.62555e+06 1.56143e+06 1.59724e+06 1.60587e+06
1.62278e+06 1.57288e+06 1.59747e+06 1.60857e+06
1.63834e+06 1.54243e+06 1.61473e+06 1.61906e+06
1.61945e+06 1.58851e+06 1.5894e+06 1.58788e+06
1.5478e+06 1.61619e+06 1.64534e+06 1.66454e+06
1.59326e+06 1.56183e+06 1.61214e+06 1.62079e+06
1.60872e+06 1.56713e+06 1.62052e+06 1.61263e+06
