166 58.7561
3.09909e+06 3.07036e+06 3.12252e+06 3.19579e+06
3.16561e+06 3.04962e+06 3.10221e+06 3.07405e+06
3.06616e+06 3.18694e+06 3.08016e+06 3.1243e+06
3.0599e+06 3.07586e+06 3.22744e+06 3.10389e+06
3.06738e+06 3.08312e+06 3.20464e+06 3.09678e+06
3.14496e+06 3.06398e+06 3.1906e+06 3.05127e+06
3.1276e+06 3.05517e+06 3.10651e+06 3.10326e+06
3.09951e+06 3.10853e+06 3.25e+06 3.02303e+06
3.07339e+06 3.09048e+06 3.15239e+06 3.11125e+06
3.11149e+06 3.0589e+06 3.11513e+06 3.18264e+06
3.05924e+06 3.11233e+06 3.07813e+06 3.14912e+06
3.10035e+06 3.06207e+06 3.08288e+06 3.14348e+06
3.04784e+06 3.17187e+06 3.107e+06 3.18238e+06
3.09102e+06 3.07014e+06 3.12504e+06 3.10732e+06
3.12275e+06 3.04529e+06 3.16568e+06 3.09868e+06
3.10152e+06 3.06481e+06 3.11345e+06 3.12175e+06
3.12975e+06 3.04957e+06 3.11802e+06 3.06835e+06
3.03906e+06 3.14138e+06 3.16878e+06 3.1767e+06
3.14181e+06 3.1533e+06 3.11342e+06 3.03128e+06
3.10571e+06 3.0459e+06 3.17004e+06 3.08467e+06
3.09442e+06 3.17729e+06 3.05034e+06 3.09142e+06
3.13734e+06 3.04193e+06 3.13947e+06 3.05936e+06
3.15181e+06 3.01996e+06 3.09359e+06 3.12743e+06
3.0426e+06 3.15621e+06 3.13957e+06 3.10789e+06
3.1816e+06 3.07617e+06 3.09557e+06 3.05449e+06
3.05174e+06 3.13812e+06 3.1376e+06 3.11602e+06
3.12151e+06 3.13931e+06 3.0497e+06 3.06555e+06
3.15906e+06 3.03796e+06 3.1414e+06 3.04514e+06
3.06214e+06 3.09229e+06 3.11663e+06 3.13694e+06
3.12647e+06 3.03415e+06 3.10716e+06 3.15372e+06
3.1731e+06 3.11623e+06 3.16309e+06 3.01988e+06
3.18375e+06 3.06446e+06 3.08551e+06 3.0675e+06
3.21084e+06 3.12273e+06 3.12793e+06 3.01805e+06
3.16825e+06 3.12031e+06 3.03359e+06 3.09144e+06
3.0617e+06 3.09639e+06 3.14839e+06 3.11477e+06
3.0796e+06 3.09053e+06 3.11056e+06 3.08868e+06
3.08061e+06 3.11089e+06 3.0821e+06 3.18339e+06
3.06981e+06 3.09706e+06 3.10443e+06 3.14479e+06
3.19651e+06 3.11409e+06 3.13592e+06 3.01466e+06
3.1544e+06 3.16213e+06 3.1587e+06 3.0096e+06
3.10935e+06 3.05976e+06 3.1291e+06 3.08648e+06
3.12047e+06 3.13992e+06 3.09375e+06 3.06888e+06
3.08415e+06 3.1554e+06 3.15753e+06 3.04098e+06
3.12915e+06 3.06611e+06 3.1563e+06 3.05783e+06
3.11665e+06 3.05326e+06 3.12005e+06 3.09697e+06
3.13919e+06 3.09505e+06 3.09378e+06 3.05174e+06
3.17047e+06 3.16829e+06 3.0715e+06 3.03995e+06
3.06078e+06 3.18712e+06 3.13819e+06 3.07732e+06
3.20155e+06 3.05555e+06 3.07688e+06 3.05954e+06
3.18133e+06 3.05328e+06 3.04013e+06 3.19025e+06
3.05913e+06 3.06197e+06 3.21058e+06 3.16807e+06
3.0676e+06 3.11117e+06 3.14358e+06 3.06098e+06
3.22285e+06 3.13357e+06 3.14818e+06 3.0068e+06
3.0935e+06 3.11592e+06 3.07395e+06 3.16641e+06
3.13096e+06 3.0904e+06 3.10277e+06 3.0652e+06
3.06378e+06 3.11136e+06 3.09981e+06 3.12351e+06
3.04049e+06 3.1239e+06 3.22273e+06 3.06915e+06
3.12779e+06 3.04277e+06 3.07935e+06 3.0816e+06
3.10884e+06 3.07732e+06 3.19451e+06 3.05436e+06
3.09954e+06 3.11154e+06 3.20866e+06 3.0269e+06
3.1296e+06 3.0512e+06 3.09893e+06 3.07407e+06
3.08638e+06 3.0775e+06 3.11828e+06 3.08235e+06
3.10878e+06 3.03904e+06 3.1523e+06 3.21826e+06
3.05214e+06 3.11262e+06 3.1445e+06 3.12367e+06
3.1487e+06 3.03836e+06 3.06744e+06 3.09643e+06
3.0894e+06 3.13988e+06 3.09871e+06 3.08487e+06
3.1482e+06 3.15803e+06 3.02403e+06 3.11678e+06
3.08162e+06 3.13547e+06 3.1047e+06 3.08265e+06
3.068e+06 3.06898e+06 3.13203e+06 3.16711e+06
3.0509e+06 3.16543e+06 3.12417e+06 3.11629e+06
3.15281e+06 3.0241e+06 3.09131e+06 3.12283e+06
3.16081e+06 3.0664e+06 3.1251e+06 3.05149e+06
3.03232e+06 3.21362e+06 3.13452e+06 3.14729e+06
3.15067e+06 3.16242e+06 3.12568e+06 3.0026e+06
3.1149e+06 3.15324e+06 3.14299e+06 3.02363e+06
3.10537e+06 3.12296e+06 3.05291e+06 3.1556e+06
3.15337e+06 3.13512e+06 3.02761e+06 3.06613e+06
3.1098e+06 3.14096e+06 3.05115e+06 3.10586e+06
3.04252e+06 3.09401e+06 3.15103e+06 3.1378e+06
3.13464e+06 3.13202e+06 3.02278e+06 3.16952e+06
3.08913e+06 3.08182e+06 3.08444e+06 3.17706e+06
3.18518e+06 3.15898e+06 3.14138e+06 2.99163e+06
3.16121e+06 3.15947e+06 3.17158e+06 3.00843e+06
3.14018e+06 3.20722e+06 3.10683e+06 3.02809e+06
3.08152e+06 3.03078e+06 3.17157e+06 3.18039e+06
3.15427e+06 3.12485e+06 3.12396e+06 3.02476e+06
3.04587e+06 3.11309e+06 3.10841e+06 3.18452e+06
3.19534e+06 3.14141e+06 3.15087e+06 2.9968e+06
3.14046e+06 3.16949e+06 3.23747e+06 3.01931e+06
3.07153e+06 3.06176e+06 3.14514e+06 3.17102e+06
3.1145e+06 3.05272e+06 3.12532e+06 3.1149e+06
3.12794e+06 3.09067e+06 3.11645e+06 3.04159e+06
3.02525e+06 3.08344e+06 3.18864e+06 3.17342e+06
3.0852e+06 3.0657e+06 3.13835e+06 3.12044e+06
3.16072e+06 3.07768e+06 3.05683e+06 3.12096e+06
3.13657e+06 3.13429e+06 3.08868e+06 3.03214e+06
3.04711e+06 3.13137e+06 3.12007e+06 3.17665e+06
3.18504e+06 3.13691e+06 3.02576e+06 3.06991e+06
3.11248e+06 3.06903e+06 3.13033e+06 3.02444e+06
3.05887e+06 3.10394e+06 3.14317e+06 3.13162e+06
3.11696e+06 3.05855e+06 3.0838e+06 3.08486e+06
3.1481e+06 3.1411e+06 3.04733e+06 3.06489e+06
3.0821e+06 3.12877e+06 3.12234e+06 3.06924e+06
3.13726e+06 3.07693e+06 3.04775e+06 3.1935e+06
3.16552e+06 3.06695e+06 3.04666e+06 3.10592e+06
3.10539e+06 3.06802e+06 3.1247e+06 3.06306e+06
3.11043e+06 3.1251e+06 3.21003e+06 3.02397e+06
3.18051e+06 3.17325e+06 3.06533e+06 3.01573e+06
3.03059e+06 3.1232e+06 3.18173e+06 3.10689e+06
3.07078e+06 3.1784e+06 3.16732e+06 3.03256e+06
3.15752e+06 3.10532e+06 3.04275e+06 3.12343e+06
3.07881e+06 3.10905e+06 3.11259e+06 3.08821e+06
3.11209e+06 3.05951e+06 3.06819e+06 3.13973e+06
3.14286e+06 3.03457e+06 3.11823e+06 3.05753e+06
3.06395e+06 3.0798e+06 3.22415e+06 3.10527e+06
3.18479e+06 3.09983e+06 3.03651e+06 3.13232e+06
3.07359e+06 3.07468e+06 3.14049e+06 3.11693e+06
3.23702e+06 3.09455e+06 3.17849e+06 3.00882e+06
3.09267e+06 3.18466e+06 3.06023e+06 3.09257e+06
3.14594e+06 3.10385e+06 3.05707e+06 3.1225e+06
3.06134e+06 3.12359e+06 3.16776e+06 3.09581e+06
3.09568e+06 3.13068e+06 3.09072e+06 3.07319e+06
3.10263e+06 3.1748e+06 3.02891e+06 3.05499e+06
3.09058e+06 3.09673e+06 3.08692e+06 3.07971e+06
3.05908e+06 3.09232e+06 3.15816e+06 3.13918e+06
3.13207e+06 3.03544e+06 3.10519e+06 3.22349e+06
3.11707e+06 3.17784e+06 3.08709e+06 3.0322e+06
3.15581e+06 3.05781e+06 3.16727e+06 3.05608e+06
3.18817e+06 3.13386e+06 3.03301e+06 3.06656e+06
3.16508e+06 3.1297e+06 3.04501e+06 3.11525e+06
3.12095e+06 3.06787e+06 3.07417e+06 3.11304e+06
3.08619e+06 3.16263e+06 3.16165e+06 3.02979e+06
3.05884e+06 3.15572e+06 3.16566e+06 3.05336e+06
3.11837e+06 3.04431e+06 3.07488e+06 3.20604e+06
3.16021e+06 3.12455e+06 3.1131e+06 3.01338e+06
3.12746e+06 3.05402e+06 3.10332e+06 3.19172e+06
3.05057e+06 3.07222e+06 3.19212e+06 3.14342e+06
3.14653e+06 3.19271e+06 3.18027e+06 2.99503e+06
3.1884e+06 3.07225e+06 3.06358e+06 3.05426e+06
3.16911e+06 3.1202e+06 3.03902e+06 3.09284e+06
3.06139e+06 3.0814e+06 3.22031e+06 3.10579e+06
3.05307e+06 3.12404e+06 3.09976e+06 3.09221e+06
3.08997e+06 3.06372e+06 3.1636e+06 3.10543e+06
3.12582e+06 3.03718e+06 3.12208e+06 3.06285e+06
3.06504e+06 3.10581e+06 3.18924e+06 3.09352e+06
3.13923e+06 3.03897e+06 3.0971e+06 3.16145e+06
3.05268e+06 3.11326e+06 3.10768e+06 3.1003e+06
3.05656e+06 3.15624e+06 3.07272e+06 3.12445e+06
3.13039e+06 3.15992e+06 3.10229e+06 3.0343e+06
3.18089e+06 3.15798e+06 3.17711e+06 3.00239e+06
3.0194e+06 3.15938e+06 3.17403e+06 3.11481e+06
3.0378e+06 3.21872e+06 3.13836e+06 3.14469e+06
3.13823e+06 3.16371e+06 3.03662e+06 3.10228e+06
3.17175e+06 3.11936e+06 3.1524e+06 3.01519e+06
3.11927e+06 3.05558e+06 3.10946e+06 3.08292e+06
3.08919e+06 3.11252e+06 3.08197e+06 3.1361e+06
3.11228e+06 3.07092e+06 3.05789e+06 3.10787e+06
3.08369e+06 3.21484e+06 3.03762e+06 3.11438e+06
3.15223e+06 3.15849e+06 3.13003e+06 3.01198e+06
3.08586e+06 3.09611e+06 3.1172e+06 3.07918e+06
3.07302e+06 3.13509e+06 3.0401e+06 3.13473e+06
3.0611e+06 3.19384e+06 3.18076e+06 3.04657e+06
3.17726e+06 3.07493e+06 3.09993e+06 3.06194e+06
3.15072e+06 3.14102e+06 3.03568e+06 3.10875e+06
3.04868e+06 3.1255e+06 3.09124e+06 3.14582e+06
3.12512e+06 3.08782e+06 3.06964e+06 3.06524e+06
3.14967e+06 3.1105e+06 3.11632e+06 3.05113e+06
3.13903e+06 3.11695e+06 3.05316e+06 3.12423e+06
3.14732e+06 3.19721e+06 3.10292e+06 3.01809e+06
3.14706e+06 3.11087e+06 3.04412e+06 3.13546e+06
3.06829e+06 3.11116e+06 3.0763e+06 3.1981e+06
3.07598e+06 3.07805e+06 3.19076e+06 3.10566e+06
3.0895e+06 3.13547e+06 3.02706e+06 3.11897e+06
3.17681e+06 3.05324e+06 3.10049e+06 3.06105e+06
3.04647e+06 3.14364e+06 3.18582e+06 3.06669e+06
3.12876e+06 3.03234e+06 3.1213e+06 3.16348e+06
3.03891e+06 3.1369e+06 3.17689e+06 3.13128e+06
3.17721e+06 3.19503e+06 3.10178e+06 3.02318e+06
3.15473e+06 3.13036e+06 3.05298e+06 3.10124e+06
3.11583e+06 3.13607e+06 3.05498e+06 3.0918e+06
3.14973e+06 3.10048e+06 3.03016e+06 3.16838e+06
3.0766e+06 3.11609e+06 3.07814e+06 3.09964e+06
3.1247e+06 3.21019e+06 3.0223e+06 3.14587e+06
3.17678e+06 3.12924e+06 3.02793e+06 3.12541e+06
3.09383e+06 3.14208e+06 3.19333e+06 3.04747e+06
3.16627e+06 3.08271e+06 3.10716e+06 3.03673e+06
3.05745e+06 3.20166e+06 3.16457e+06 3.08418e+06
3.09981e+06 3.1045e+06 3.16938e+06 3.04355e+06
3.13391e+06 3.04533e+06 3.01711e+06 3.24575e+06
3.15896e+06 3.04628e+06 3.14013e+06 3.03804e+06
3.11317e+06 3.05761e+06 3.11595e+06 3.07208e+06
3.12578e+06 3.0673e+06 3.13564e+06 3.06488e+06
3.14525e+06 3.03913e+06 3.10079e+06 3.10629e+06
3.18222e+06 3.11208e+06 3.11031e+06 3.01817e+06
3.06193e+06 3.16969e+06 3.15198e+06 3.07329e+06
3.04235e+06 3.127e+06 3.15319e+06 3.14688e+06
3.18629e+06 3.11938e+06 3.06675e+06 3.06019e+06
3.07412e+06 3.04529e+06 3.13074e+06 3.12348e+06
3.11449e+06 3.06484e+06 3.11415e+06 3.10793e+06
3.14022e+06 3.03266e+06 3.11241e+06 3.0794e+06
3.07632e+06 3.09504e+06 3.12602e+06 3.04782e+06
3.15017e+06 3.14936e+06 3.11284e+06 3.02491e+06
3.08426e+06 3.15291e+06 3.06769e+06 3.06995e+06
3.13774e+06 3.09846e+06 3.11398e+06 3.05522e+06
3.02626e+06 3.17349e+06 3.15881e+06 3.09177e+06
3.16424e+06 3.14633e+06 3.16035e+06 3.00697e+06
3.10763e+06 3.07996e+06 3.04197e+06 3.14567e+06
3.1455e+06 3.19948e+06 3.1009e+06 3.00733e+06
3.10309e+06 3.08048e+06 3.05869e+06 3.09003e+06
3.05712e+06 3.08312e+06 3.15464e+06 3.15392e+06
3.01652e+06 3.17364e+06 3.20274e+06 3.16018e+06
3.05505e+06 3.11273e+06 3.10291e+06 3.10467e+06
3.12265e+06 3.11847e+06 3.11464e+06 3.02866e+06
3.0984e+06 3.0932e+06 3.04393e+06 3.19884e+06
3.17775e+06 3.12982e+06 3.03243e+06 3.09887e+06
3.09416e+06 3.10888e+06 3.07098e+06 3.16868e+06
3.1793e+06 3.0823e+06 3.03721e+06 3.14916e+06
3.13854e+06 3.16125e+06 3.02423e+06 3.1188e+06
3.1615e+06 3.0849e+06 3.07789e+06 3.0478e+06
3.21006e+06 3.13657e+06 3.06906e+06 3.0481e+06
3.17506e+06 3.08872e+06 3.08268e+06 3.02826e+06
3.13425e+06 3.0593e+06 3.06656e+06 3.1361e+06
3.04368e+06 3.15921e+06 3.1319e+06 3.13773e+06
3.08672e+06 3.12736e+06 3.07364e+06 3.1193e+06
3.10464e+06 3.14345e+06 3.05513e+06 3.05097e+06
3.06208e+06 3.12208e+06 3.15259e+06 3.08945e+06
3.09508e+06 3.13344e+06 3.11546e+06 3.07582e+06
3.06666e+06 3.09659e+06 3.0896e+06 3.19738e+06
3.16929e+06 3.0889e+06 3.04229e+06 3.11135e+06
3.03914e+06 3.07401e+06 3.16843e+06 3.10806e+06
3.13496e+06 3.12347e+06 3.04983e+06 3.13892e+06
3.19062e+06 3.13692e+06 3.00286e+06 3.15104e+06
3.06537e+06 3.17011e+06 3.08998e+06 3.11715e+06
3.04541e+06 3.04616e+06 3.09102e+06 3.20166e+06
3.0957e+06 3.13087e+06 3.04251e+06 3.17916e+06
3.18022e+06 3.09446e+06 3.04153e+06 3.13827e+06
3.10352e+06 3.04676e+06 3.11585e+06 3.15659e+06
3.11847e+06 3.05741e+06 3.15444e+06 3.06293e+06
3.1611e+06 3.12671e+06 3.11285e+06 3.01786e+06
3.08444e+06 3.14802e+06 3.0813e+06 3.03644e+06
3.09948e+06 3.08838e+06 3.17266e+06 3.05091e+06
3.14129e+06 3.10018e+06 3.02938e+06 3.17594e+06
3.07781e+06 3.19594e+06 3.11219e+06 3.04994e+06
3.20063e+06 3.17561e+06 3.13566e+06 2.97423e+06
3.0875e+06 3.14398e+06 3.08975e+06 3.07976e+06
3.1873e+06 3.14463e+06 3.04409e+06 3.05695e+06
3.19063e+06 3.05263e+06 3.06252e+06 3.06717e+06
3.14903e+06 3.01709e+06 3.14451e+06 3.18386e+06
3.08076e+06 3.1329e+06 3.12168e+06 3.08057e+06
3.16059e+06 3.1319e+06 3.15106e+06 3.01005e+06
3.09836e+06 3.13162e+06 3.06346e+06 3.15956e+06
3.11555e+06 3.1359e+06 3.05712e+06 3.11761e+06
3.10121e+06 3.1108e+06 3.1017e+06 3.03746e+06
3.14299e+06 3.1209e+06 3.05274e+06 3.12421e+06
3.18339e+06 3.03391e+06 3.07313e+06 3.16648e+06
3.14546e+06 3.15835e+06 3.13973e+06 3.01964e+06
3.07189e+06 3.06759e+06 3.12958e+06 3.1598e+06
3.17185e+06 3.11653e+06 3.16269e+06 3.01567e+06
3.12535e+06 3.14366e+06 3.1269e+06 3.0229e+06
3.07148e+06 3.17402e+06 3.09166e+06 3.11106e+06
3.14427e+06 3.06358e+06 3.04854e+06 3.12456e+06
3.14703e+06 3.11158e+06 3.02203e+06 3.13755e+06
3.18071e+06 3.12332e+06 3.10375e+06 3.01852e+06
3.06992e+06 3.12964e+06 3.09344e+06 3.13452e+06
3.10539e+06 3.09922e+06 3.03558e+06 3.20444e+06
3.16367e+06 3.13354e+06 3.07732e+06 3.02996e+06
3.14726e+06 3.12461e+06 3.13512e+06 3.01808e+06
3.17917e+06 3.09377e+06 3.05463e+06 3.08291e+06
3.07363e+06 3.11244e+06 3.10487e+06 3.09402e+06
3.17115e+06 3.12381e+06 3.03339e+06 3.12376e+06
3.07459e+06 3.08065e+06 3.08518e+06 3.0932e+06
3.17956e+06 3.08033e+06 3.12103e+06 3.05544e+06
3.1088e+06 3.1896e+06 3.15462e+06 3.03257e+06
3.14964e+06 3.16939e+06 3.09869e+06 3.02665e+06
3.20946e+06 3.09379e+06 3.04761e+06 3.09683e+06
3.10894e+06 3.21525e+06 3.13213e+06 3.00451e+06
3.07234e+06 3.08484e+06 3.15447e+06 3.13709e+06
3.02562e+06 3.20824e+06 3.13727e+06 3.15014e+06
3.0588e+06 3.09178e+06 3.12016e+06 3.14206e+06
3.09844e+06 3.11709e+06 3.07428e+06 3.15256e+06
3.07295e+06 3.1245e+06 3.19613e+06 3.04282e+06
3.12907e+06 3.08239e+06 3.12334e+06 3.06162e+06
3.08378e+06 3.12823e+06 3.07566e+06 3.12996e+06
3.12543e+06 3.03236e+06 3.15713e+06 3.06739e+06
3.03891e+06 3.1724e+06 3.07527e+06 3.1262e+06
3.06712e+06 3.13718e+06 3.08714e+06 3.11344e+06
3.09071e+06 3.05149e+06 3.19495e+06 3.10937e+06
3.14824e+06 3.12222e+06 3.05212e+06 3.12278e+06
3.13241e+06 3.11617e+06 3.08862e+06 3.04073e+06
3.1199e+06 3.02947e+06 3.12965e+06 3.12616e+06
3.17819e+06 3.16907e+06 3.07131e+06 3.01073e+06
3.03042e+06 3.08774e+06 3.17729e+06 3.11589e+06
3.10534e+06 3.12813e+06 3.02925e+06 3.13402e+06
3.13147e+06 3.04766e+06 3.06612e+06 3.21232e+06
3.18229e+06 3.02764e+06 3.10942e+06 3.0698e+06
3.1685e+06 3.10464e+06 3.11114e+06 3.03375e+06
3.08638e+06 3.07138e+06 3.10499e+06 3.0961e+06
3.04589e+06 3.09565e+06 3.14694e+06 3.12214e+06
3.12959e+06 3.01478e+06 3.16263e+06 3.21208e+06
3.07976e+06 3.07843e+06 3.09056e+06 3.18332e+06
3.09958e+06 3.10927e+06 3.20458e+06 3.03132e+06
3.08598e+06 3.07874e+06 3.1313e+06 3.08704e+06
3.10973e+06 3.0934e+06 3.10273e+06 3.06586e+06
3.10962e+06 3.09243e+06 3.16518e+06 3.05074e+06
3.10105e+06 3.07622e+06 3.13822e+06 3.06021e+06
3.13648e+06 3.19459e+06 3.13028e+06 3.01381e+06
3.13808e+06 3.07505e+06 3.03816e+06 3.1395e+06
3.15658e+06 3.04872e+06 3.17009e+06 3.02717e+06
3.08361e+06 3.06942e+06 3.16262e+06 3.1109e+06
3.09478e+06 3.10518e+06 3.08333e+06 3.14639e+06
3.14564e+06 3.02794e+06 3.05463e+06 3.21094e+06
3.09573e+06 3.11745e+06 3.07594e+06 3.11555e+06
3.06414e+06 3.14742e+06 3.08628e+06 3.12855e+06
3.13714e+06 3.02936e+06 3.14366e+06 3.10498e+06
3.07039e+06 3.1011e+06 3.12807e+06 3.0996e+06
3.1685e+06 3.08817e+06 3.06551e+06 3.08793e+06
3.09261e+06 3.06559e+06 3.16095e+06 3.10017e+06
3.05916e+06 3.07827e+06 3.11453e+06 3.18454e+06
3.17504e+06 3.05624e+06 3.07002e+06 3.07391e+06
3.06667e+06 3.11183e+06 3.10246e+06 3.11798e+06
3.17674e+06 3.11433e+06 3.15029e+06 3.0168e+06
3.07158e+06 3.17245e+06 3.14181e+06 3.08622e+06
3.09858e+06 3.07387e+06 3.06705e+06 3.0698e+06
3.0797e+06 3.07548e+06 3.16579e+06 3.11334e+06
3.16805e+06 3.12426e+06 3.0739e+06 3.06219e+06
3.08005e+06 3.17134e+06 3.06993e+06 3.11726e+06
3.12302e+06 3.02642e+06 3.14604e+06 3.11214e+06
3.10538e+06 3.07255e+06 3.11553e+06 3.07329e+06
3.14763e+06 3.18788e+06 3.10615e+06 3.02982e+06
3.11226e+06 3.02023e+06 3.13043e+06 3.12039e+06
3.09537e+06 3.10706e+06 3.08189e+06 3.13823e+06
3.13344e+06 3.0401e+06 3.11174e+06 3.11592e+06
3.0762e+06 3.13004e+06 3.12044e+06 3.08547e+06
3.10004e+06 3.053e+06 3.13119e+06 3.09156e+06
3.15637e+06 3.12463e+06 3.03178e+06 3.12803e+06
3.19815e+06 3.09931e+06 3.04618e+06 3.08831e+06
3.11327e+06 3.04614e+06 3.11777e+06 3.19274e+06
3.07135e+06 3.06914e+06 3.19474e+06 3.05074e+06
3.09795e+06 3.08035e+06 3.087e+06 3.16565e+06
3.09442e+06 3.15494e+06 3.22506e+06 3.03641e+06
3.14739e+06 3.11627e+06 3.1499e+06 3.01728e+06
3.14247e+06 3.06598e+06 3.08355e+06 3.06704e+06
3.12878e+06 3.04064e+06 3.06946e+06 3.08728e+06
3.0812e+06 3.07149e+06 3.10186e+06 3.10248e+06
3.10148e+06 3.13136e+06 3.07058e+06 3.22725e+06
3.08167e+06 3.05898e+06 3.12448e+06 3.20367e+06
3.03027e+06 3.09395e+06 3.19322e+06 3.17851e+06
3.11415e+06 3.03845e+06 3.20739e+06 3.16787e+06
3.15561e+06 3.07012e+06 3.07613e+06 3.19132e+06
3.13837e+06 3.03553e+06 3.20352e+06 3.07715e+06
3.03306e+06 3.11814e+06 3.20229e+06 3.151e+06
3.18008e+06 3.08375e+06 3.06005e+06 3.10144e+06
3.09291e+06 3.23679e+06 3.04249e+06 3.19578e+06
3.22072e+06 3.06636e+06 3.0836e+06 3.0701e+06
3.19286e+06 3.10288e+06 3.07942e+06 3.04984e+06
3.08942e+06 3.15244e+06 3.08574e+06 3.11763e+06
3.05023e+06 3.2216e+06 3.11192e+06 3.18465e+06
3.08716e+06 3.05542e+06 3.09991e+06 3.23367e+06
3.14158e+06 3.04562e+06 3.10662e+06 3.25056e+06
3.03332e+06 3.17451e+06 3.16612e+06 3.19066e+06
3.05817e+06 3.1616e+06 3.07941e+06 3.12976e+06
3.1576e+06 3.05177e+06 3.07502e+06 3.08928e+06
3.08577e+06 3.05667e+06 3.11135e+06 3.21378e+06
3.0807e+06 3.09292e+06 3.21846e+06 3.06856e+06
3.0869e+06 3.07214e+06 3.23041e+06 3.09061e+06
3.15491e+06 3.22804e+06 3.03781e+06 3.12826e+06
3.1106e+06 3.187e+06 3.05095e+06 3.06921e+06
3.15265e+06 3.17478e+06 3.05061e+06 3.08788e+06
3.10108e+06 3.10157e+06 3.07604e+06 3.15996e+06
3.08978e+06 3.16971e+06 3.12564e+06 3.07047e+06
3.16792e+06 3.19704e+06 3.0453e+06 3.07502e+06
3.11941e+06 3.09645e+06 3.0748e+06 3.17554e+06
3.12773e+06 3.07573e+06 3.15386e+06 3.02517e+06
3.1325e+06 3.09037e+06 3.14694e+06 3.04808e+06
3.09263e+06 3.16356e+06 3.09717e+06 3.06247e+06
3.1237e+06 3.177e+06 3.04259e+06 3.08497e+06
3.13758e+06 3.0747e+06 3.09697e+06 3.17288e+06
3.14842e+06 3.05004e+06 3.093e+06 3.09352e+06
3.14318e+06 3.04141e+06 3.09788e+06 3.1411e+06
3.08674e+06 3.17919e+06 3.09601e+06 3.10723e+06
3.14204e+06 3.04361e+06 3.16796e+06 3.17091e+06
3.10226e+06 3.09849e+06 3.15527e+06 3.08806e+06
3.12013e+06 3.14302e+06 3.07633e+06 3.07223e+06
3.12085e+06 3.0786e+06 3.11636e+06 3.1924e+06
