1 0.0271597
322643 295173
309414 333092
319611 311122
310470 315032
313577 313431
313577 313431
338524 295590
338524 295590
311233 337316
311233 337316
312824 316381
324092 312859
333951 300818
311659 334572
331505 308402
325069 309934
331505 308402
311659 334572
348943 302576
312849 340409
313958 326433
318457 316838
325916 314196
342606 307447
318281 320579
342606 307447
335060 307631
315766 324241
334644 310464
329009 310684
328258 312270
315643 324758
313958 326433
335060 307631
334644 310464
326184 312547
329009 310684
326184 312547
315766 324241
354137 303715
313670 346247
340452 307738
316482 327716
315008 340989
319032 323050
332526 311419
337247 308960
331268 315535
321660 318554
325960 315956
328771 315670
314272 341725
324405 317875
321660 318554
324405 317875
314272 341725
346028 308316
315464 343762
315464 343762
317359 330199
346028 308316
339351 309581
322166 320975
319400 324306
334137 313963
339351 309581
335750 312933
319400 324306
325070 320287
331699 316272
331699 316272
328875 317792
327353 319332
335750 312933
328748 317997
324092 320813
327724 319053
324092 320813
327724 319053
328875 317792
349891 308352
315840 357852
339498 309789
329334 318197
322888 329728
316825 344249
317519 333429
316289 346126
347685 309401
335039 315266
335039 315266
324332 322478
327047 321967
319420 330126
319250 332934
347685 309401
319420 330126
318418 333149
316289 346126
325308 322291
327047 321967
325763 322150
325763 322150
348449 310341
317727 346558
317727 346558
324557 322939
323673 330935
341794 310473
331605 319851
318593 344157
319595 332118
338772 316043
335083 317348
319575 334918
331605 319851
319122 338406
335498 316602
319122 338406
340528 314548
341267 313372
341267 313372
340528 314548
341871 311287
319718 343693
319718 343693
336396 316696
326307 324486
331118 324343
333088 319870
335166 318559
320687 338569
325026 329401
340758 316250
320102 342272
323996 331738
322084 334205
341610 315107
331881 322240
325586 326180
324377 331450
331638 323781
320939 335723
322084 334205
320939 335723
325586 326180
341610 315107
340758 316250
331881 322240
326307 324486
342602 312091
320793 356275
321019 343008
341216 316600
338794 318068
330479 325404
337796 319088
332130 323755
333841 322059
324042 332353
322748 335171
321687 341985
335911 319977
321870 339301
325494 329660
325354 330827
324042 332353
335112 320022
322748 335171
322299 338041
328885 325526
326669 328828
332724 322914
334416 320798
327994 325574
327835 327861
322116 338175
327835 327861
327096 328426
332724 322914
334416 320798
328885 325526
327994 325574
335911 319977
325354 330827
327096 328426
326669 328828
322299 338041
349414 312893
321702 346130
326600 331841
328181 325873
333007 324545
324096 340579
330034 325760
346722 313532
339098 319493
326136 336066
325332 336902
322793 341337
335274 320973
326187 332289
341543 318892
336055 320266
345288 315666
343026 316435
345575 315190
322348 343553
343026 316435
322313 344252
334064 322786
340356 319253
334064 322786
328181 325873
325332 336902
336055 320266
341325 319049
341325 319049
363341 313075
322020 357590
322020 357590
350341 313539
322685 344511
340443 319687
343185 317078
328402 331186
348391 313966
334402 324646
327368 335440
323494 342798
329298 326677
333134 326516
325520 337661
336913 320266
335952 322229
324801 340906
328434 329343
346191 315238
329251 328145
324801 340906
333653 325683
327042 335624
322685 344511
345574 317068
346191 315238
345574 317068
326302 337124
326302 337124
336581 321692
336584 320911
336584 320911
336581 321692
365066 313698
324316 348290
361130 313893
350529 315962
341961 320555
327635 336335
326071 341703
328824 330453
328765 332517
329772 327678
334479 324958
331563 327536
328491 335470
326071 341703
325220 345626
343741 317563
336545 322280
334479 324958
350529 315962
347718 317387
347718 317387
343741 317563
361130 313893
325220 345626
339223 321405
339223 321405
336545 322280
331563 327536
327635 336335
361619 316208
324595 348990
354216 316511
344973 317567
336913 322400
335225 326049
328102 340842
335020 327721
326484 344514
330941 328065
328820 335641
342337 320573
328415 336795
329144 331543
340809 321971
328908 331858
325537 346368
330781 329576
327065 342080
340809 321971
325537 346368
327065 342080
343942 320016
330781 329576
328415 336795
343951 319166
344007 318818
344033 317748
344973 317567
344033 317748
343942 320016
328908 331858
344007 318818
357245 317128
325110 353671
325110 353671
355248 317318
328364 341223
345626 317626
329046 332030
326009 348247
325525 349443
327340 343353
334416 328086
336884 327652
344860 317870
341298 322529
337038 323052
342638 321874
344125 321307
329980 331636
331499 328098
327340 343353
331499 328098
330854 330563
338829 322649
338829 322649
337038 323052
336313 327814
344125 321307
330854 330563
329046 332030
336313 327814
348308 317753
325457 355997
325457 355997
327742 347745
345645 319573
329368 335615
328467 342215
334449 328525
328467 342215
338140 328288
343460 321968
332098 329833
329970 332180
343460 321968
340490 322818
332592 329290
338147 326105
340490 322818
338305 323578
346871 319002
347034 318163
334449 328525
329656 333249
329368 335615
338305 323578
348308 317753
338140 328288
329736 332891
332098 329833
329970 332180
329656 333249
365571 318082
329530 336964
354762 318229
329963 332896
340507 326256
332616 329503
345355 321968
337331 328559
341602 325490
342274 323349
337331 328559
332616 329503
349506 318860
343829 322843
347577 320782
349506 318860
348714 319940
347848 320467
348714 319940
367604 321762
329666 339693
351544 321835
337423 328769
344494 324065
330676 333250
344896 323555
333196 330526
330233 336513
333715 329553
329858 337312
333715 329553
329858 337312
348334 323952
330299 353036
332925 333961
330758 343169
342992 329251
330468 343179
336366 332277
339074 329710
344504 327496
346068 325288
338337 329804
336628 331634
345440 325315
350536 325936
331399 350614
333217 338279
335310 335164
339996 329918
338016 331715
345226 329333
346318 326407
333910 338100
345423 327835
357584 326394
333675 344174
351587 326856
336625 337783
347834 329597
338854 332544
334430 339704
344285 330338
340057 331708
353988 327767
336117 367927
343552 332878
352560 329258
337344 355030
337625 340506
337520 351566
339381 337025
340175 333903
340087 335095
357420 329586
338269 342128
346094 333511
352647 330291
341388 338026
340044 341519
342883 336095
354030 329841
355672 329720
343274 335606
343891 334323
344465 334077
354498 331553
338654 344368
342966 336864
348713 333716
344438 334957
343263 336363
343994 335243
353847 334044
340506 349889
345364 340343
343658 347826
344282 344689
349059 338554
351325 334551
350868 337787
364571 335536
340608 357835
348202 342749
355167 336821
363979 336138
348759 341686
353373 338301
354412 337879
365844 335612
348613 344905
353818 338831
349058 344205
357829 340376
351308 354592
354110 348412
351502 350833
354274 349373
352099 356328
359240 351111
355767 353708
