2687 149.236
1.24042e+06 1.01899e+06 1.02435e+06
1.21451e+06 1.0073e+06 1.04976e+06
1.21398e+06 1.06127e+06 990970
1.11068e+06 1.11257e+06 1.15469e+06
1.10315e+06 1.10997e+06 1.18471e+06
1.10315e+06 1.10997e+06 1.18471e+06
1.10933e+06 1.09464e+06 1.18006e+06
1.16402e+06 1.08266e+06 1.03682e+06
1.14188e+06 1.09725e+06 1.08313e+06
1.13257e+06 1.05848e+06 1.12575e+06
1.11068e+06 1.11257e+06 1.15469e+06
1.11303e+06 1.07088e+06 1.16644e+06
1.10933e+06 1.09464e+06 1.18006e+06
1.12217e+06 1.05766e+06 1.16086e+06
1.13883e+06 1.04768e+06 1.14096e+06
1.2333e+06 1.02563e+06 1.02727e+06
1.21398e+06 1.06127e+06 990970
1.22406e+06 1.01121e+06 1.04958e+06
1.22406e+06 1.01121e+06 1.04958e+06
1.11587e+06 1.07148e+06 1.10694e+06
1.217e+06 1.01666e+06 1.03167e+06
1.14077e+06 1.05658e+06 1.11372e+06
1.21591e+06 1.02887e+06 1.00229e+06
1.16402e+06 1.08266e+06 1.03682e+06
1.143e+06 1.07643e+06 1.08429e+06
1.12735e+06 1.06832e+06 1.13709e+06
1.11587e+06 1.07148e+06 1.10694e+06
1.11295e+06 1.11142e+06 1.16096e+06
1.13257e+06 1.05848e+06 1.12575e+06
1.11303e+06 1.07088e+06 1.16644e+06
1.12577e+06 1.04886e+06 1.1381e+06
1.13807e+06 1.06278e+06 1.10596e+06
1.17554e+06 1.07562e+06 1.02038e+06
1.12925e+06 1.06376e+06 1.08481e+06
1.12735e+06 1.06832e+06 1.13709e+06
1.14172e+06 1.05979e+06 1.10533e+06
1.15414e+06 1.03311e+06 1.07399e+06
1.14188e+06 1.09725e+06 1.08313e+06
1.1465e+06 1.0358e+06 1.09478e+06
1.14433e+06 1.04835e+06 1.08959e+06
1.15301e+06 1.05072e+06 1.0695e+06
1.12217e+06 1.05766e+06 1.16086e+06
1.14332e+06 1.03182e+06 1.13138e+06
1.21591e+06 1.02887e+06 1.00229e+06
1.23467e+06 1.01176e+06 1.0384e+06
1.18131e+06 1.01717e+06 1.06748e+06
1.14332e+06 1.03182e+06 1.13138e+06
1.23747e+06 1.0201e+06 1.01765e+06
1.17517e+06 1.02613e+06 1.03614e+06
1.19352e+06 1.02902e+06 1.02182e+06
1.15456e+06 1.03502e+06 1.0589e+06
1.13883e+06 1.04768e+06 1.14096e+06
1.14787e+06 1.06446e+06 1.06395e+06
1.14949e+06 1.04968e+06 1.07772e+06
1.14078e+06 1.05208e+06 1.1091e+06
1.1575e+06 1.02217e+06 1.11357e+06
1.20615e+06 1.02388e+06 1.0285e+06
1.15702e+06 1.05287e+06 1.04765e+06
1.20159e+06 1.04625e+06 1.00672e+06
1.21078e+06 1.00939e+06 1.05006e+06
1.14286e+06 1.04576e+06 1.09724e+06
1.20159e+06 1.04625e+06 1.00672e+06
1.16166e+06 1.03634e+06 1.05554e+06
1.19618e+06 1.02574e+06 1.03223e+06
1.20876e+06 1.02853e+06 1.02183e+06
1.23747e+06 1.0201e+06 1.01765e+06
1.1465e+06 1.0358e+06 1.09478e+06
1.18402e+06 1.066e+06 1.01521e+06
1.17104e+06 1.03172e+06 1.03826e+06
1.15414e+06 1.03311e+06 1.07399e+06
1.16571e+06 1.02377e+06 1.04602e+06
1.20237e+06 1.01442e+06 1.03719e+06
1.19225e+06 1.02256e+06 1.04071e+06
1.16582e+06 1.01828e+06 1.08778e+06
1.14029e+06 1.04465e+06 1.1374e+06
1.14078e+06 1.05208e+06 1.1091e+06
1.20913e+06 1.00968e+06 1.06458e+06
1.15456e+06 1.03502e+06 1.0589e+06
1.14197e+06 1.03634e+06 1.10142e+06
1.20531e+06 1.01797e+06 1.03579e+06
1.17236e+06 1.04003e+06 1.03186e+06
1.1532e+06 1.03738e+06 1.06208e+06
1.15137e+06 1.02478e+06 1.10001e+06
1.18402e+06 1.066e+06 1.01521e+06
1.16938e+06 1.03772e+06 1.04186e+06
1.2092e+06 1.0375e+06 1.01122e+06
1.17867e+06 1.03187e+06 1.0296e+06
1.16821e+06 1.05832e+06 1.03537e+06
1.21451e+06 1.0073e+06 1.04976e+06
1.19261e+06 1.01489e+06 1.04985e+06
1.15137e+06 1.02478e+06 1.10001e+06
1.13807e+06 1.06278e+06 1.10596e+06
1.1783e+06 1.02015e+06 1.0774e+06
1.14507e+06 1.04649e+06 1.08668e+06
1.1894e+06 1.04483e+06 1.02292e+06
1.16474e+06 1.03563e+06 1.0538e+06
1.14949e+06 1.04968e+06 1.07772e+06
1.17624e+06 1.04185e+06 1.02653e+06
1.15773e+06 1.02097e+06 1.08052e+06
1.20016e+06 1.01867e+06 1.03468e+06
1.16166e+06 1.03634e+06 1.05554e+06
1.24042e+06 1.01899e+06 1.02435e+06
1.19939e+06 1.01759e+06 1.04364e+06
1.19096e+06 1.03842e+06 1.02786e+06
1.14497e+06 1.05592e+06 1.06942e+06
1.15872e+06 1.04332e+06 1.05009e+06
1.18357e+06 1.02103e+06 1.05164e+06
1.12925e+06 1.06376e+06 1.08481e+06
1.1968e+06 1.0217e+06 1.0319e+06
1.21366e+06 1.02055e+06 1.03012e+06
1.21057e+06 1.03382e+06 1.0188e+06
1.18708e+06 1.06567e+06 1.01208e+06
1.18769e+06 1.0168e+06 1.05942e+06
1.12577e+06 1.04886e+06 1.1381e+06
1.16028e+06 1.04211e+06 1.0483e+06
1.19854e+06 1.04703e+06 1.01369e+06
1.17091e+06 1.06146e+06 1.03124e+06
1.14433e+06 1.04835e+06 1.08959e+06
1.17554e+06 1.07562e+06 1.02038e+06
1.14172e+06 1.05979e+06 1.10533e+06
1.17236e+06 1.04003e+06 1.03186e+06
1.16225e+06 1.02064e+06 1.06414e+06
1.16474e+06 1.03563e+06 1.0538e+06
1.1532e+06 1.03738e+06 1.06208e+06
1.1519e+06 1.0629e+06 1.05032e+06
1.14286e+06 1.04576e+06 1.09724e+06
1.15144e+06 1.05246e+06 1.06658e+06
1.18594e+06 1.04727e+06 1.02155e+06
1.20924e+06 1.01307e+06 1.03527e+06
1.19854e+06 1.04703e+06 1.01369e+06
1.19444e+06 1.04151e+06 1.01616e+06
1.20924e+06 1.01307e+06 1.03527e+06
1.15773e+06 1.02097e+06 1.08052e+06
1.17091e+06 1.06146e+06 1.03124e+06
1.19256e+06 1.03859e+06 1.02468e+06
1.18618e+06 1.04614e+06 1.01879e+06
1.14787e+06 1.06446e+06 1.06395e+06
1.17778e+06 1.05448e+06 1.0206e+06
1.11295e+06 1.11142e+06 1.16096e+06
1.14497e+06 1.05592e+06 1.06942e+06
1.17778e+06 1.05448e+06 1.0206e+06
1.14077e+06 1.05658e+06 1.11372e+06
1.1881e+06 1.02173e+06 1.04994e+06
1.16028e+06 1.04211e+06 1.0483e+06
1.23467e+06 1.01176e+06 1.0384e+06
1.18708e+06 1.06567e+06 1.01208e+06
1.19444e+06 1.04151e+06 1.01616e+06
1.19096e+06 1.03842e+06 1.02786e+06
1.16571e+06 1.02377e+06 1.04602e+06
1.18165e+06 1.0252e+06 1.04322e+06
1.23415e+06 1.02094e+06 1.01621e+06
1.14197e+06 1.03634e+06 1.10142e+06
1.18738e+06 1.02703e+06 1.02911e+06
1.18165e+06 1.0252e+06 1.04322e+06
1.19256e+06 1.03859e+06 1.02468e+06
1.20978e+06 1.03212e+06 1.02059e+06
1.18738e+06 1.02703e+06 1.02911e+06
1.1894e+06 1.04483e+06 1.02292e+06
1.21057e+06 1.03382e+06 1.0188e+06
1.1595e+06 1.05344e+06 1.04005e+06
1.20237e+06 1.01442e+06 1.03719e+06
1.143e+06 1.07643e+06 1.08429e+06
1.18309e+06 1.02793e+06 1.03551e+06
1.20095e+06 1.04082e+06 1.01776e+06
1.16913e+06 1.05059e+06 1.03942e+06
1.19939e+06 1.01759e+06 1.04364e+06
1.21213e+06 1.02879e+06 1.02168e+06
1.17166e+06 1.00951e+06 1.08836e+06
1.15872e+06 1.04332e+06 1.05009e+06
1.21213e+06 1.02879e+06 1.02168e+06
1.15702e+06 1.05287e+06 1.04765e+06
1.14507e+06 1.04649e+06 1.08668e+06
1.1519e+06 1.0629e+06 1.05032e+06
1.20531e+06 1.01797e+06 1.03579e+06
1.17761e+06 1.0473e+06 1.02349e+06
1.18357e+06 1.02103e+06 1.05164e+06
1.17104e+06 1.03172e+06 1.03826e+06
1.19259e+06 1.05386e+06 1.0134e+06
1.18131e+06 1.01717e+06 1.06748e+06
1.24042e+06 1.01899e+06 1.02435e+06
1.17624e+06 1.04185e+06 1.02653e+06
1.2333e+06 1.02563e+06 1.02727e+06
1.217e+06 1.01666e+06 1.03167e+06
1.20891e+06 1.04268e+06 1.01565e+06
1.18309e+06 1.02793e+06 1.03551e+06
1.16938e+06 1.03772e+06 1.04186e+06
1.15301e+06 1.05072e+06 1.0695e+06
1.18272e+06 1.05339e+06 1.02252e+06
1.1689e+06 1.06422e+06 1.03474e+06
1.17178e+06 1.041e+06 1.03604e+06
1.19225e+06 1.02256e+06 1.04071e+06
1.20978e+06 1.03212e+06 1.02059e+06
1.20016e+06 1.01867e+06 1.03468e+06
1.20891e+06 1.04268e+06 1.01565e+06
1.15144e+06 1.05246e+06 1.06658e+06
1.19352e+06 1.02902e+06 1.02182e+06
1.17847e+06 1.04939e+06 1.02333e+06
1.16913e+06 1.05059e+06 1.03942e+06
1.20095e+06 1.04082e+06 1.01776e+06
1.18272e+06 1.05339e+06 1.02252e+06
1.19259e+06 1.05386e+06 1.0134e+06
1.16821e+06 1.05832e+06 1.03537e+06
1.19618e+06 1.02574e+06 1.03223e+06
1.20615e+06 1.02388e+06 1.0285e+06
1.17577e+06 1.04739e+06 1.03185e+06
1.2092e+06 1.0375e+06 1.01122e+06
1.14029e+06 1.04465e+06 1.1374e+06
1.18594e+06 1.04727e+06 1.02155e+06
1.17517e+06 1.02613e+06 1.03614e+06
1.16582e+06 1.01828e+06 1.08778e+06
1.23415e+06 1.02094e+06 1.01621e+06
1.1595e+06 1.05344e+06 1.04005e+06
1.17761e+06 1.0473e+06 1.02349e+06
1.20237e+06 1.01442e+06 1.03719e+06
1.18769e+06 1.0168e+06 1.05942e+06
1.16902e+06 1.04056e+06 1.03999e+06
1.16902e+06 1.04056e+06 1.03999e+06
1.16225e+06 1.02064e+06 1.06414e+06
1.1575e+06 1.02217e+06 1.11357e+06
1.21366e+06 1.02055e+06 1.03012e+06
1.1689e+06 1.06422e+06 1.03474e+06
1.1783e+06 1.02015e+06 1.0774e+06
1.20237e+06 1.01442e+06 1.03719e+06
1.17166e+06 1.00951e+06 1.08836e+06
1.19261e+06 1.01489e+06 1.04985e+06
1.1968e+06 1.0217e+06 1.0319e+06
1.17847e+06 1.04939e+06 1.02333e+06
1.17867e+06 1.03187e+06 1.0296e+06
1.24042e+06 1.01899e+06 1.02435e+06
1.20913e+06 1.00968e+06 1.06458e+06
1.18272e+06 1.05339e+06 1.02252e+06
1.17178e+06 1.041e+06 1.03604e+06
1.1881e+06 1.02173e+06 1.04994e+06
1.20876e+06 1.02853e+06 1.02183e+06
1.20615e+06 1.02388e+06 1.0285e+06
1.21078e+06 1.00939e+06 1.05006e+06
1.18618e+06 1.04614e+06 1.01879e+06
1.17577e+06 1.04739e+06 1.03185e+06
1.24042e+06 1.01899e+06 1.02435e+06
1.21213e+06 1.02879e+06 1.02168e+06
1.24042e+06 1.01899e+06 1.02435e+06
1.24042e+06 1.01899e+06 1.02435e+06
1.24042e+06 1.01899e+06 1.02435e+06
1.24042e+06 1.01899e+06 1.02435e+06
1.24042e+06 1.01899e+06 1.02435e+06
1.24042e+06 1.01899e+06 1.02435e+06
1.24042e+06 1.01899e+06 1.02435e+06
1.24042e+06 1.01899e+06 1.02435e+06
1.24042e+06 1.01899e+06 1.02435e+06
1.24042e+06 1.01899e+06 1.02435e+06
1.24042e+06 1.01899e+06 1.02435e+06
1.24042e+06 1.01899e+06 1.02435e+06
1.24042e+06 1.01899e+06 1.02435e+06
1.21366e+06 1.02055e+06 1.03012e+06
1.21213e+06 1.02879e+06 1.02168e+06
1.21213e+06 1.02879e+06 1.02168e+06
1.21213e+06 1.02879e+06 1.02168e+06
1.21213e+06 1.02879e+06 1.02168e+06
1.24093e+06 1.08242e+06 1.02806e+06
1.2256e+06 1.03105e+06 1.0457e+06
1.16657e+06 1.06988e+06 1.0861e+06
1.17703e+06 1.05831e+06 1.06434e+06
1.22852e+06 1.06053e+06 1.0417e+06
1.20036e+06 1.04726e+06 1.05325e+06
1.20394e+06 1.03704e+06 1.05889e+06
1.21075e+06 1.07375e+06 1.05033e+06
1.21538e+06 1.04547e+06 1.05672e+06
1.2235e+06 1.06446e+06 1.05128e+06
1.20999e+06 1.05297e+06 1.05324e+06
1.22642e+06 1.04146e+06 1.04526e+06
1.22494e+06 1.03221e+06 1.06343e+06
1.25913e+06 1.05955e+06 1.04586e+06
1.25159e+06 1.03761e+06 1.06672e+06
1.23171e+06 1.07145e+06 1.04284e+06
1.19705e+06 1.08067e+06 1.06571e+06
1.19102e+06 1.07462e+06 1.10013e+06
1.18448e+06 1.07724e+06 1.06776e+06
1.22279e+06 1.03892e+06 1.08055e+06
1.24556e+06 1.04127e+06 1.05819e+06
1.20542e+06 1.0474e+06 1.07225e+06
1.19927e+06 1.07176e+06 1.08721e+06
1.20368e+06 1.06963e+06 1.0595e+06
1.20096e+06 1.05806e+06 1.08659e+06
1.25886e+06 1.0452e+06 1.05361e+06
1.20195e+06 1.05287e+06 1.06106e+06
1.21218e+06 1.05127e+06 1.05341e+06
1.23361e+06 1.04632e+06 1.05917e+06
1.23337e+06 1.04875e+06 1.0485e+06
1.22913e+06 1.07038e+06 1.05227e+06
1.21205e+06 1.05249e+06 1.06627e+06
1.22947e+06 1.07054e+06 1.045e+06
1.25963e+06 1.04211e+06 1.06076e+06
1.23734e+06 1.06318e+06 1.04894e+06
1.20146e+06 1.08058e+06 1.13216e+06
1.23592e+06 1.04764e+06 1.08429e+06
1.20772e+06 1.06541e+06 1.11492e+06
1.20361e+06 1.07901e+06 1.07129e+06
1.22179e+06 1.05313e+06 1.05883e+06
1.25307e+06 1.04841e+06 1.06474e+06
1.21589e+06 1.07002e+06 1.06202e+06
1.20896e+06 1.05995e+06 1.0644e+06
1.20209e+06 1.06742e+06 1.12492e+06
1.21797e+06 1.05454e+06 1.06547e+06
1.21709e+06 1.06556e+06 1.05393e+06
1.25731e+06 1.06076e+06 1.06266e+06
1.23267e+06 1.05444e+06 1.07187e+06
1.22808e+06 1.08586e+06 1.05399e+06
1.21987e+06 1.0588e+06 1.09169e+06
1.21086e+06 1.09589e+06 1.06964e+06
1.20573e+06 1.09376e+06 1.08674e+06
1.21541e+06 1.09186e+06 1.07284e+06
1.20968e+06 1.08108e+06 1.0834e+06
1.24241e+06 1.08346e+06 1.05694e+06
1.21084e+06 1.06026e+06 1.08135e+06
1.23669e+06 1.0658e+06 1.071e+06
1.25202e+06 1.06694e+06 1.05902e+06
1.24596e+06 1.07098e+06 1.0546e+06
1.2524e+06 1.06404e+06 1.05976e+06
1.22614e+06 1.08639e+06 1.05917e+06
1.22917e+06 1.07466e+06 1.06692e+06
1.21911e+06 1.07788e+06 1.06984e+06
1.24545e+06 1.06514e+06 1.063e+06
1.22774e+06 1.08292e+06 1.06605e+06
1.24872e+06 1.06273e+06 1.06667e+06
1.22424e+06 1.07561e+06 1.06794e+06
1.23258e+06 1.07102e+06 1.05975e+06
1.22025e+06 1.07717e+06 1.06932e+06
1.22265e+06 1.06235e+06 1.07159e+06
1.21574e+06 1.0863e+06 1.06752e+06
1.26433e+06 1.07136e+06 1.07171e+06
1.24524e+06 1.05558e+06 1.07897e+06
1.23713e+06 1.11354e+06 1.05791e+06
1.20779e+06 1.10284e+06 1.0994e+06
1.21425e+06 1.06275e+06 1.08341e+06
1.21113e+06 1.08888e+06 1.09856e+06
1.22738e+06 1.09154e+06 1.06191e+06
1.22622e+06 1.06902e+06 1.07541e+06
1.25721e+06 1.07866e+06 1.05813e+06
1.21685e+06 1.11064e+06 1.06824e+06
1.2342e+06 1.08863e+06 1.06363e+06
1.21587e+06 1.10203e+06 1.07666e+06
1.24787e+06 1.08437e+06 1.06737e+06
1.22018e+06 1.09098e+06 1.07286e+06
1.25166e+06 1.08415e+06 1.06047e+06
1.23931e+06 1.07941e+06 1.07344e+06
1.23583e+06 1.08219e+06 1.07001e+06
1.24381e+06 1.08682e+06 1.06317e+06
1.23799e+06 1.05861e+06 1.07746e+06
1.25094e+06 1.07634e+06 1.07314e+06
1.25131e+06 1.0724e+06 1.06202e+06
1.21493e+06 1.10213e+06 1.07867e+06
1.27643e+06 1.05973e+06 1.08582e+06
1.2518e+06 1.07966e+06 1.06462e+06
1.21548e+06 1.08645e+06 1.11356e+06
1.21209e+06 1.11976e+06 1.10677e+06
1.22756e+06 1.10577e+06 1.07323e+06
1.22158e+06 1.06777e+06 1.09459e+06
1.23285e+06 1.07768e+06 1.07994e+06
1.26288e+06 1.06063e+06 1.08652e+06
1.23831e+06 1.10132e+06 1.06718e+06
1.24617e+06 1.06436e+06 1.10177e+06
1.23078e+06 1.09342e+06 1.06731e+06
1.22282e+06 1.0655e+06 1.09844e+06
1.23744e+06 1.09225e+06 1.07094e+06
1.21709e+06 1.0729e+06 1.0915e+06
1.26137e+06 1.06253e+06 1.08514e+06
1.25661e+06 1.07278e+06 1.07514e+06
1.2269e+06 1.09106e+06 1.07842e+06
1.24862e+06 1.08815e+06 1.06725e+06
1.25563e+06 1.06411e+06 1.08916e+06
1.25584e+06 1.07469e+06 1.077e+06
1.24197e+06 1.08126e+06 1.0758e+06
1.23064e+06 1.0659e+06 1.08891e+06
1.26067e+06 1.06717e+06 1.07817e+06
1.25122e+06 1.08245e+06 1.07385e+06
1.22714e+06 1.08278e+06 1.07922e+06
1.21647e+06 1.08702e+06 1.08703e+06
1.24316e+06 1.06703e+06 1.07835e+06
1.23877e+06 1.08686e+06 1.07563e+06
1.26916e+06 1.06734e+06 1.08291e+06
1.25972e+06 1.09469e+06 1.07024e+06
1.23226e+06 1.06718e+06 1.09009e+06
1.2196e+06 1.07479e+06 1.11858e+06
1.21707e+06 1.12457e+06 1.1098e+06
1.23665e+06 1.12035e+06 1.07085e+06
1.22553e+06 1.08165e+06 1.10236e+06
1.26075e+06 1.07143e+06 1.08493e+06
1.25326e+06 1.1059e+06 1.07489e+06
1.223e+06 1.0872e+06 1.09676e+06
1.25354e+06 1.09931e+06 1.07287e+06
1.24795e+06 1.07675e+06 1.08351e+06
1.21918e+06 1.10774e+06 1.08732e+06
1.25886e+06 1.09273e+06 1.07116e+06
1.24318e+06 1.08078e+06 1.07904e+06
1.22981e+06 1.06881e+06 1.0955e+06
1.23737e+06 1.08005e+06 1.08564e+06
1.24963e+06 1.09984e+06 1.07787e+06
1.2287e+06 1.08088e+06 1.1079e+06
1.22105e+06 1.09997e+06 1.09126e+06
1.21916e+06 1.08922e+06 1.0931e+06
1.24262e+06 1.08279e+06 1.07856e+06
1.22849e+06 1.08774e+06 1.08267e+06
1.21722e+06 1.10756e+06 1.08813e+06
1.22718e+06 1.08508e+06 1.08558e+06
1.2351e+06 1.08295e+06 1.086e+06
1.22134e+06 1.09082e+06 1.08754e+06
1.22951e+06 1.08308e+06 1.08664e+06
1.25353e+06 1.09005e+06 1.07432e+06
1.22706e+06 1.08747e+06 1.09072e+06
1.26695e+06 1.09576e+06 1.07232e+06
1.25852e+06 1.06777e+06 1.112e+06
1.25123e+06 1.11096e+06 1.07851e+06
1.23044e+06 1.08461e+06 1.12698e+06
1.22167e+06 1.09292e+06 1.09989e+06
1.23268e+06 1.07097e+06 1.10773e+06
1.24471e+06 1.07738e+06 1.09706e+06
1.25407e+06 1.07915e+06 1.08355e+06
1.2251e+06 1.10051e+06 1.09438e+06
1.2235e+06 1.10873e+06 1.08846e+06
1.23544e+06 1.09572e+06 1.08697e+06
1.23868e+06 1.08163e+06 1.09307e+06
1.25094e+06 1.10884e+06 1.07956e+06
1.23077e+06 1.08902e+06 1.09896e+06
1.23384e+06 1.10466e+06 1.08313e+06
1.25221e+06 1.06814e+06 1.09258e+06
1.24086e+06 1.09678e+06 1.08297e+06
1.22888e+06 1.11034e+06 1.08293e+06
1.24403e+06 1.08336e+06 1.08809e+06
1.24458e+06 1.09906e+06 1.08152e+06
1.23397e+06 1.08714e+06 1.09438e+06
1.27882e+06 1.11308e+06 1.07827e+06
1.25274e+06 1.07123e+06 1.10398e+06
1.23334e+06 1.09527e+06 1.14792e+06
1.23126e+06 1.13851e+06 1.10146e+06
1.22334e+06 1.10125e+06 1.11245e+06
1.2543e+06 1.1133e+06 1.07987e+06
1.2373e+06 1.07849e+06 1.1335e+06
1.23672e+06 1.09063e+06 1.12564e+06
1.26373e+06 1.1012e+06 1.08557e+06
1.2555e+06 1.08052e+06 1.08927e+06
1.22496e+06 1.09745e+06 1.10509e+06
1.26358e+06 1.10298e+06 1.08477e+06
1.23954e+06 1.073e+06 1.11072e+06
1.24707e+06 1.08437e+06 1.09852e+06
1.24623e+06 1.09568e+06 1.09458e+06
1.25136e+06 1.11093e+06 1.08645e+06
1.24302e+06 1.10853e+06 1.08948e+06
1.25047e+06 1.10215e+06 1.0911e+06
1.23987e+06 1.09439e+06 1.10827e+06
1.25322e+06 1.08402e+06 1.10054e+06
1.24231e+06 1.09079e+06 1.10179e+06
1.24128e+06 1.10625e+06 1.10125e+06
1.24677e+06 1.08676e+06 1.09257e+06
1.24297e+06 1.08618e+06 1.10782e+06
1.24656e+06 1.10422e+06 1.09341e+06
1.2914e+06 1.12292e+06 1.08447e+06
1.2865e+06 1.07136e+06 1.13855e+06
1.22819e+06 1.10939e+06 1.13109e+06
1.24108e+06 1.08954e+06 1.11528e+06
1.23767e+06 1.11202e+06 1.1076e+06
1.27899e+06 1.08185e+06 1.10829e+06
1.24622e+06 1.07851e+06 1.1132e+06
1.26768e+06 1.10242e+06 1.0872e+06
1.24966e+06 1.09479e+06 1.10235e+06
1.26505e+06 1.10359e+06 1.08856e+06
1.2591e+06 1.08652e+06 1.08943e+06
1.22971e+06 1.10007e+06 1.11371e+06
1.25897e+06 1.08389e+06 1.09656e+06
1.24933e+06 1.10804e+06 1.09266e+06
1.25806e+06 1.09696e+06 1.10054e+06
1.25502e+06 1.08197e+06 1.10664e+06
1.25524e+06 1.0981e+06 1.0926e+06
1.24373e+06 1.09809e+06 1.11461e+06
1.26634e+06 1.08562e+06 1.10043e+06
1.26259e+06 1.0845e+06 1.10051e+06
1.25972e+06 1.09501e+06 1.08965e+06
1.24504e+06 1.12102e+06 1.10855e+06
1.23819e+06 1.10577e+06 1.1204e+06
1.24631e+06 1.1114e+06 1.11572e+06
1.25624e+06 1.10277e+06 1.11455e+06
1.25741e+06 1.1001e+06 1.09308e+06
1.26567e+06 1.08782e+06 1.09199e+06
1.26885e+06 1.09246e+06 1.09744e+06
1.26555e+06 1.08993e+06 1.11848e+06
1.26046e+06 1.09547e+06 1.09221e+06
1.25409e+06 1.11113e+06 1.12474e+06
1.24583e+06 1.12571e+06 1.11681e+06
1.25259e+06 1.11244e+06 1.12399e+06
1.26262e+06 1.09314e+06 1.10096e+06
1.26838e+06 1.09877e+06 1.09672e+06
1.26613e+06 1.09437e+06 1.13157e+06
1.26558e+06 1.11774e+06 1.10947e+06
1.26419e+06 1.11418e+06 1.12002e+06
1.29349e+06 1.10384e+06 1.103e+06
1.27342e+06 1.12244e+06 1.11734e+06
1.26911e+06 1.09912e+06 1.12059e+06
