102 5.1455
805587 742781 788615 779357
774278 772790 766980 777428
826822 761022 767659 781112
783195 779120 822202 752903
829783 740755 773465 789332
755758 779162 760769 807268
812831 754024 758394 787034
808717 752567 762493 784107
791527 764527 812930 766385
799975 773187 759994 776258
770740 788743 763340 789422
804334 760291 767707 777337
784245 753640 774803 857367
807635 757464 768176 780860
824336 752608 748432 793274
769026 753018 792593 804434
784853 767430 760023 800380
805715 774922 818701 745164
796655 764848 783858 765020
796495 753065 802122 776780
822170 744222 774271 802744
816888 747782 777562 793930
810277 769963 739539 805963
790086 761148 783906 774251
811185 785449 754580 773536
829117 776269 787909 725684
807581 752446 757235 791566
735894 788588 797975 816853
773727 747365 783515 817957
770143 805139 747131 785627
735181 796282 786845 815281
809898 753880 825181 739574
780959 746235 784530 825643
757970 804843 764065 782342
822197 746307 777058 800241
783912 779144 815365 753238
801416 762842 816763 757857
779522 813236 740805 777425
788227 757790 757103 785971
798101 768006 778180 747278
789926 767320 793238 767182
806973 782695 754803 757599
807620 739783 782466 780224
823806 769460 735910 837285
786949 753697 775894 782181
817140 756362 740577 841175
793516 756880 760941 801513
777858 759409 783512 793761
784322 733898 798274 788674
780041 752557 803140 791207
767272 755595 782062 813662
751070 789547 797823 763442
814052 789982 753325 775672
756562 749253 831482 836532
823696 794464 793746 731403
834573 780974 784585 727730
782091 770640 759721 780594
781538 760694 805731 781402
848033 750306 741941 791321
771706 769243 783415 768250
802790 751135 777879 788191
794775 747822 805331 773101
743760 799308 766978 780919
769902 767840 815192 766282
813806 748740 763313 789012
773974 769443 766440 780903
816014 753145 779583 776460
813041 756880 756825 792159
773241 801740 751930 790243
832626 772759 759981 763789
776124 803545 769820 737768
741372 794851 765491 781801
846209 747719 744903 788890
790239 772674 794707 753667
798945 762311 781333 781290
836938 779476 784377 729698
755180 814780 763021 773622
792706 760840 786447 762043
819136 796144 793101 733000
767695 828894 752374 792563
763312 765011 808414 788734
845372 760164 775821 777152
778737 752063 776611 856097
761822 801894 762843 779597
792087 758414 801286 777900
802715 750239 751662 792617
746107 807498 808652 767924
806065 769024 740201 824907
829157 741200 774809 786511
836117 779362 785848 736434
845218 777748 759946 774702
751331 785353 795170 759862
788284 745352 789025 785291
767622 755116 787660 803731
799577 758517 791235 767664
819158 739357 813769 768646
763175 764997 746152 850035
808583 778491 814540 740940
761156 742990 814010 825639
796322 777898 765085 758835
818109 795372 807274 728308
806024 751077 766163 785279
790731 793968 750747 775518
796915 772567 739354 810900
791132 760385 799069 769017
816091 740181 812946 764715
753405 757377 799444 802585
790527 750453 768914 798293
809053 761858 789285 751862
799081 767298 766119 769838
838071 799268 787483 721873
827716 783241 803198 732420
777433 776349 805129 763522
765172 766362 778918 784862
806191 754889 778788 764176
797486 743602 789716 796196
815115 745176 758356 806573
778191 752075 816216 786069
792590 772072 745781 795064
762052 795239 751291 805461
716823 830460 809546 794625
794970 746810 786193 782258
757015 746232 811995 829119
821681 756720 740792 834958
747050 768027 763923 782393
828269 731165 799363 789648
775857 778632 753777 804992
815750 765110 740410 802919
825362 842857 796231 720573
733944 783179 793220 826997
804464 738019 781603 780879
811035 753553 758833 788676
817901 798914 808071 726674
751670 766562 771852 807984
775672 780356 745045 802744
763572 810667 758380 781614
793026 762188 781372 771836
782578 774738 718157 778078
805752 763644 743152 776179
769073 757894 820477 789057
777818 793393 754375 754205
717870 828343 807769 797065
773695 780392 752847 808755
821789 747807 770612 786881
778488 755159 761197 799790
739602 753146 775652 834420
825088 782537 805074 730168
791960 765573 831038 764902
808711 760689 804629 762280
771925 777530 746729 834632
790444 788078 766639 747632
772905 765218 776148 781530
728843 793205 805100 814057
764527 779721 772346 737658
790963 732379 767910 805064
791235 769464 803535 761876
824665 756891 794765 758952
795212 764213 784541 767794
832327 799429 769290 747086
716601 831371 809857 796331
777074 757018 786069 804723
789887 765385 798737 773556
791449 755829 773917 790838
784969 748321 807045 780575
775112 743308 786574 802710
833930 782642 779799 726689
770928 760083 767089 798243
785013 776803 793853 754110
764653 761221 789193 785640
743382 773896 765260 785416
764528 802531 758991 777359
836599 787106 773286 732987
837259 775165 784144 723449
779458 777239 802700 761531
759226 780984 765101 774399
735292 790153 783249 809694
777289 774209 739722 806959
773167 752282 797384 798172
787932 765501 756756 777403
789569 762783 793308 778046
752661 753812 764840 829157
798899 778235 759703 760316
762817 795512 747242 810024
780666 792223 751603 755392
783821 741508 792482 781376
815683 766766 739138 802944
764222 755847 781076 814404
758001 809614 758859 797834
762347 767315 776624 778460
772733 787122 759680 808178
796826 811477 750743 768961
795092 779128 783982 754311
781078 774330 789900 756060
760505 743291 828369 786966
766132 757757 805865 789248
810881 774415 771940 750152
718266 832936 808088 791800
765357 760709 780330 793690
799010 765823 781543 766080
791227 765370 750099 776773
801864 771323 737516 813025
780122 773921 761995 759499
801608 746623 806327 751109
818967 790332 804657 733163
791290 817299 760859 747441
816006 785954 800657 735506
724046 834549 818681 785859
775283 794249 758437 757423
769946 802972 753683 780879
774392 763932 776616 792162
786830 763791 818686 766587
772563 756665 781062 824617
767297 800500 756775 778330
772518 788507 743694 796400
805201 757933 790884 778915
761387 813291 753896 780110
779207 749021 777117 869053
780194 777801 800197 755364
742317 756238 766972 825037
786918 768229 785212 762405
758185 797006 757979 781646
755373 818499 803001 744367
769382 742315 790019 800622
777375 774330 715877 779054
765431 782528 762763 803122
804240 756672 775236 781724
786774 766371 768886 772964
766073 770897 759688 794286
816764 740148 784909 764008
789724 760258 818463 765412
802960 761551 760411 754426
790386 766951 801019 762101
750710 758305 777193 800581
805527 758103 750153 812586
771998 776520 760485 779778
809487 735422 781939 783845
776332 762302 797017 776848
810985 779839 759266 759846
799734 756232 772800 790627
816016 793600 807488 732519
737515 764393 747123 811309
765420 738780 830080 783270
788078 785299 760054 752163
803307 763327 741046 849145
815193 799437 742742 763603
784484 772687 793677 755964
724552 797270 788873 798951
721221 798916 784929 807940
737243 786726 768779 807494
756764 759755 776994 818477
761654 783982 761214 792383
813784 749902 751800 783497
771532 761590 791881 780913
736485 820405 814601 778021
824864 781563 766287 754138
757768 764246 776221 808466
828432 748507 758083 795308
772152 761105 787849 780024
838915 784135 779088 729637
807715 755274 764905 785325
763137 756335 785548 820732
816913 778521 811801 741339
800827 757169 767271 789734
775561 778224 781322 760944
768986 767442 763644 795055
761720 752365 805692 791943
758407 812483 753136 808801
758007 806359 765627 777855
809218 757594 762410 787587
807277 748152 767275 809422
793490 758839 795835 773606
789020 745337 789887 780581
785998 754619 772815 803202
772270 757155 786326 784660
762506 803675 757468 786286
763398 765785 764586 786937
814008 802025 816050 725867
821927 795546 789252 734421
834145 791673 774646 736014
783547 762787 771801 775462
799678 748027 805917 772245
792542 753632 797343 772139
745538 751860 819328 837117
774061 805998 797532 736714
782060 744160 777715 810833
779545 784260 756550 770117
718424 824222 805736 796693
781449 776791 825445 754428
785063 769652 774122 765824
766012 764579 764364 797469
840687 783942 771689 740276
842156 785254 775656 727898
827912 792831 774333 730400
757316 754616 806210 789330
763269 755940 785454 805248
781051 768256 777394 763002
757322 775112 784883 767692
814081 750694 752735 782246
756941 744559 826796 788768
804578 758807 774158 780306
846643 751060 750636 784608
764955 791808 755276 801798
758961 760696 766912 795791
723490 830268 804205 795804
721258 825384 806516 789261
736724 769468 768868 768424
744905 767018 766843 790569
762535 797254 843276 762540
770295 833294 779661 763408
739805 767769 757058 828581
764301 746108 831088 788557
763067 828199 754772 794616
832134 788046 756706 758114
742153 764889 749348 811348
758858 829696 762075 791355
836509 766132 762292 774175
832100 792575 755428 757902
789020 742278 821330 784699
756889 799722 749076 818165
751723 789327 793327 771054
828201 814132 749217 774820
748399 758261 780740 827382
802983 766316 830536 765108
753372 778095 792543 774303
753897 756521 777261 828491
834191 791882 756227 762549
841855 817531 743651 775304
741150 788601 785516 793011
822668 806345 753042 765841
788616 797149 781525 761378
774641 775906 829923 768234
829065 812831 745393 764096
770881 806261 794166 762210
741960 831115 809698 776558
749591 778692 792544 774129
751206 764467 782682 804901
741374 806158 807823 781434
736850 795152 795877 803515
718466 828427 806954 796927
780110 814938 768495 773362
796629 789903 747681 808658
817876 800948 752723 776002
851509 747957 748242 793343
806639 781818 740704 814965
772113 804493 785498 765592
780342 775488 744516 810163
750815 778772 795001 773524
827919 807608 750738 766039
794999 774199 755539 782000
766354 800800 806372 752801
813381 823136 742452 779383
824798 789345 740824 791637
778646 788193 753563 800111
747556 810278 810962 768599
751530 778663 794910 773065
769906 815862 794299 759177
774968 813981 775828 779707
779103 786656 751009 795867
751777 780749 776514 802216
799826 774010 752460 781923
850772 812663 749146 767755
741139 816212 786822 793802
745619 769530 794474 788968
788143 783767 747900 801745
752782 777043 791130 779722
767204 795742 755903 804261
809868 778138 742750 808303
742278 781673 774866 806175
756444 795827 778834 770861
777577 819070 782347 768063
791215 794137 755045 781576
778798 827124 792586 759354
741594 783625 774966 810412
754045 777000 789695 772554
759709 792203 780262 770044
805936 779884 742903 813760
780289 805905 751378 779561
756452 811677 783765 770352
794338 772795 755886 778422
784438 799699 777533 754232
836304 745590 774127 835296
740773 789082 794031 795408
740778 784441 774770 808509
743338 791589 770750 804007
