18638 142.055
131880 137367 122350 124316
141642 143550 123955 117089
143613 145603 126182 115953
145648 149309 112088 133731
144077 124313 133702 141180
124225 151950 131920 140374
132777 139238 121973 124917
134476 136398 122370 126561
132997 139001 121496 124084
134191 138213 121990 124115
135220 139091 121610 121667
131759 137803 123164 123970
134070 138649 122804 123769
135000 139328 122087 122500
132909 138245 121970 121868
130686 138155 121856 124285
134191 138213 121990 124115
131660 137604 122827 125149
130466 138392 122333 125118
133982 137893 123278 121553
134879 139764 122901 122154
131880 137367 122350 124316
130466 138392 122333 125118
134103 137457 122464 121899
132997 139001 121496 124084
130565 138591 122670 123939
136414 138303 122104 121698
134191 138213 121990 124115
132777 139238 121973 124917
134103 137457 122464 121899
131759 137803 123164 123970
134191 138213 121990 124115
132997 139001 121496 124084
130466 138392 122333 125118
134070 138649 122804 123769
134103 137457 122464 121899
132997 139001 121496 124084
132997 139001 121496 124084
134191 138213 121990 124115
130565 138591 122670 123939
130686 138155 121856 124285
134879 139764 122901 122154
136414 138303 122104 121698
132788 138681 122784 121522
132997 139001 121496 124084
132504 138295 121729 125609
133971 138450 122467 124948
130686 138155 121856 124285
135220 139091 121610 121667
133971 138450 122467 124948
132788 138681 122784 121522
134191 138213 121990 124115
130686 138155 121856 124285
131539 138040 123641 124803
132909 138245 121970 121868
133982 137893 123278 121553
134191 138213 121990 124115
130466 138392 122333 125118
136699 136488 122484 124144
130565 138591 122670 123939
132656 139674 122787 124571
132997 139001 121496 124084
130686 138155 121856 124285
132997 139001 121496 124084
131880 137367 122350 124316
133762 138130 123755 122386
132997 139001 121496 124084
132997 139001 121496 124084
132568 138918 123261 122355
133577 137943 123037 125294
135099 139527 122424 121321
130466 138392 122333 125118
135000 139328 122087 122500
132997 139001 121496 124084
132777 139238 121973 124917
136414 138303 122104 121698
136414 138303 122104 121698
133971 138450 122467 124948
134191 138213 121990 124115
132689 138482 122447 122701
133971 138450 122467 124948
135220 139091 121610 121667
132909 138245 121970 121868
133883 137694 122941 122732
130686 138155 121856 124285
130686 138155 121856 124285
132788 138681 122784 121522
131880 137367 122350 124316
135099 139527 122424 121321
133982 137893 123278 121553
133762 138130 123755 122386
133762 138130 123755 122386
131539 138040 123641 124803
134191 138213 121990 124115
133971 138450 122467 124948
132909 138245 121970 121868
130565 138591 122670 123939
135220 139091 121610 121667
136293 138739 122918 121352
132997 139001 121496 124084
130565 138591 122670 123939
133971 138450 122467 124948
136414 138303 122104 121698
132777 139238 121973 124917
130686 138155 121856 124285
135220 139091 121610 121667
132777 139238 121973 124917
133971 138450 122467 124948
136194 138540 122581 122531
132909 138245 121970 121868
130466 138392 122333 125118
134879 139764 122901 122154
136194 138540 122581 122531
132568 138918 123261 122355
131759 137803 123164 123970
131759 137803 123164 123970
132777 139238 121973 124917
133971 138450 122467 124948
131880 137367 122350 124316
132909 138245 121970 121868
131660 137604 122827 125149
134070 138649 122804 123769
134191 138213 121990 124115
135220 139091 121610 121667
132656 139674 122787 124571
132997 139001 121496 124084
130686 138155 121856 124285
135220 139091 121610 121667
130345 138828 123147 124772
133971 138450 122467 124948
134191 138213 121990 124115
133883 137694 122941 122732
136073 138976 123395 122185
134191 138213 121990 124115
130565 138591 122670 123939
132777 139238 121973 124917
130686 138155 121856 124285
132997 139001 121496 124084
134103 137457 122464 121899
134103 137457 122464 121899
135220 139091 121610 121667
135000 139328 122087 122500
131759 137803 123164 123970
134103 137457 122464 121899
132689 138482 122447 122701
130345 138828 123147 124772
132876 139437 122310 123738
132788 138681 122784 121522
134191 138213 121990 124115
130686 138155 121856 124285
132909 138245 121970 121868
131880 137367 122350 124316
136414 138303 122104 121698
130466 138392 122333 125118
130466 138392 122333 125118
130466 138392 122333 125118
133762 138130 123755 122386
132777 139238 121973 124917
130565 138591 122670 123939
130686 138155 121856 124285
132788 138681 122784 121522
133883 137694 122941 122732
131880 137367 122350 124316
130466 138392 122333 125118
132777 139238 121973 124917
131539 138040 123641 124803
132777 139238 121973 124917
131759 137803 123164 123970
133850 138886 123281 124602
132689 138482 122447 122701
132777 139238 121973 124917
133762 138130 123755 122386
130466 138392 122333 125118
131660 137604 122827 125149
130466 138392 122333 125118
136414 138303 122104 121698
