1127 25.6593
187101 160446 189498
211088 160911 168890
208250 165371 164238
169422 205340 173860
184008 165197 179585
178359 170083 179563
196038 169824 162571
189005 173764 162330
170303 185401 185264
182691 179003 161832
179507 167381 187203
204508 185376 157301
171979 174354 192086
181806 188689 159258
188314 167807 167481
177233 179537 168464
193635 167629 165480
177729 185226 162404
188559 163856 171899
201974 157507 183845
216700 171445 160273
183118 169109 173163
177546 174527 173397
183684 172810 167695
181103 177233 165307
197224 164063 167966
181617 168417 177488
192281 173017 162967
171052 185868 175256
210573 162920 165847
193602 160920 182494
207943 161100 171188
173408 178656 172913
187462 169850 167922
180309 175917 169469
181935 180722 163008
192433 168303 166337
180301 176116 168024
174818 190966 164808
182758 165828 180299
177935 182048 166654
211527 182368 157581
210028 171091 160489
181317 165530 184578
182557 169653 173041
194117 170506 163733
206880 161945 167986
182162 167822 178815
190662 165182 169519
174634 189328 168056
171504 179340 194982
183855 187763 159860
175200 174767 180177
210028 171091 160489
190485 190228 156468
187230 163525 173159
174607 184334 168635
195321 160193 174913
194210 180119 158409
189906 167547 166482
171437 184515 175832
210538 161277 167695
173614 173022 189290
181194 170699 173842
185939 176370 162746
176841 186485 163818
185419 171868 166553
211232 170015 161183
171213 193792 171654
192584 174621 162069
185626 165098 175896
180777 166765 187116
180948 180335 164432
203971 172557 160499
194833 164222 168419
177770 169700 183118
179893 173505 172246
183218 167580 174282
193931 167408 166304
181297 165840 183805
178973 169718 179867
185607 169649 168461
201796 181168 157819
188312 163218 178620
210534 160978 170198
201962 172662 161355
170600 189371 174241
189417 160936 173131
185404 184860 158821
178254 183722 162274
189680 183654 158929
179982 179358 164995
180087 170581 174975
202101 164256 167520
202709 159478 175878
213296 172980 158934
204959 164087 165163
195899 167127 165159
174631 171321 188770
172388 183546 174080
181695 175410 168063
180230 170639 174562
177559 179344 168693
179362 175965 172690
194414 174772 160179
180789 176740 167441
177524 174865 176231
190497 184369 157374
202405 162920 167921
184059 186015 159217
183629 174343 165956
179804 177362 169094
171504 179340 194982
192507 161838 171716
209786 160944 170665
184483 165871 177519
171915 191756 168901
186013 174777 162675
184647 178725 162536
169433 181336 186308
185052 168391 171675
208233 171786 159814
180792 166938 183239
199328 158346 183757
177553 185394 164724
179825 170206 175306
193863 169621 164241
178432 170392 178814
202543 165703 165333
191724 169495 164680
186814 171661 165945
210139 161763 165952
174211 172015 190108
176907 168883 185444
182727 166104 180232
176707 184599 168509
186077 173066 164068
186617 164737 171801
188838 166065 167021
201570 157938 177397
211088 160911 168890
211157 170025 160974
179483 181511 163470
181658 175433 167578
201135 168143 162141
183931 169419 170872
183506 176615 163985
178701 174488 175796
198226 161323 172999
173235 177276 179114
206924 191602 155922
172050 176126 186768
173042 190809 168899
194762 166836 165387
187642 185997 156954
181952 169386 176424
179334 178992 166477
183142 172277 169481
185225 175702 163349
184227 166305 174601
189992 167455 166889
188916 172704 163875
174725 183472 171482
198678 159587 177385
208685 172991 159740
201847 163127 168261
180000 178462 165545
171504 179340 194982
172887 202494 168676
185662 167756 171884
175283 176795 176887
184520 165284 176545
208044 164048 165301
185209 187603 158078
198378 167335 165127
213643 161670 166864
176427 191842 163236
179284 168507 181601
188127 163650 172945
190606 182690 158576
173392 177077 179548
181766 165575 183165
172497 179023 174172
178448 169328 180434
171504 179340 194982
179174 183360 165932
193812 169856 164387
175213 188472 164088
193816 181527 158458
181317 165530 184578
178841 174256 173160
186518 177556 161959
170832 189887 173033
198093 162917 171230
182412 168712 173928
188240 168957 165671
186142 171628 166606
190823 163923 171767
186962 175937 161616
180725 177279 166866
193480 167059 166865
182450 167801 176162
184999 163623 177168
203164 166535 163944
204517 157868 178220
184776 186874 158606
182387 171889 171584
178863 180088 166637
205907 162649 167143
186230 165868 172374
180316 176636 167499
171427 188862 172850
196409 161579 172162
188573 171654 164513
206686 157273 182852
187763 167923 167756
191401 176327 159358
181904 173172 169216
183258 166350 177709
185703 178182 161968
170849 183557 183293
178029 183776 165810
181591 165543 183918
183448 165696 181525
205151 170553 161185
175470 173609 186800
185150 186635 158331
198201 166021 165217
179580 177454 170885
202371 166990 163305
184018 178497 162979
179576 168023 185615
194770 181423 158205
181121 169931 175400
178992 174252 176824
171712 181098 180316
199681 159826 174590
178754 196347 159603
194603 170531 162041
204037 161499 172178
185607 169649 168461
179877 174787 169569
187072 165212 170301
185626 165098 175896
176476 171029 183102
175925 188142 165368
186958 172903 163779
199436 167693 165011
184047 169047 173469
181298 177059 165315
169932 193217 172120
177935 182048 166654
173042 190809 168899
182002 167366 179352
181828 175090 166067
174243 174638 182374
201684 165778 165752
198093 162917 171230
184776 186874 158606
172305 180008 178808
191083 170693 165195
183450 178967 163633
179483 181511 163470
181088 171667 171931
179473 168112 186597
183941 166398 177589
184605 172416 165071
193862 173935 161452
194603 170531 162041
192518 163774 170110
173711 186618 172324
193355 167905 166081
178481 175271 172842
209843 186589 156815
184892 166076 174911
195301 168132 163891
179566 175012 171662
208186 161851 169851
171437 184515 175832
190584 179817 159314
178753 182875 166458
185527 186817 157231
190413 165579 169601
179334 178992 166477
183399 175322 165246
183856 180470 160829
196506 166127 166075
176427 191842 163236
187880 171243 166270
180006 168154 179724
175470 173609 186800
206669 165705 161894
194414 174772 160179
170832 189887 173033
182367 170177 172954
185885 172536 164348
201434 167281 163845
173167 196856 168458
171939 179468 182472
181828 175090 166067
182226 166970 181600
177840 180239 166944
199898 167402 164946
181923 174888 167614
194404 165365 168136
176034 173004 177184
203519 170338 162140
184294 177416 162934
179483 181511 163470
183682 167459 174017
188239 165907 169979
193816 181527 158458
179407 171356 172328
189262 166241 166985
181828 175090 166067
210183 170383 161225
171876 188570 174614
189963 165090 171170
176147 185877 164453
201214 164710 166136
192347 172746 162490
169958 186888 178565
183310 166837 175637
182691 179003 161832
172577 175870 184493
185622 167654 172300
193480 167059 166865
189994 167215 166674
208032 193154 155896
181961 172780 168882
175803 175495 177719
194591 169130 162955
173840 190692 169799
183381 168519 174022
172577 175870 184493
181357 178899 164365
185888 165941 173992
180808 173612 171342
171536 179496 185807
182365 181215 162473
211882 189138 156418
179695 182425 161257
179812 169946 176095
196762 167916 162747
172872 190674 172085
192516 169332 164489
201711 162654 169965
190178 170810 163594
187398 169598 168540
183549 174909 165612
179217 178758 167758
214239 169087 161311
187245 185020 158331
180918 174289 170438
173488 190746 169249
191841 175233 162261
171910 185499 175511
193816 181527 158458
174339 185861 169175
199942 165216 166672
171565 176238 185600
188395 170936 164690
203164 166535 163944
181061 193854 161085
185825 166262 172918
190739 164866 169998
179841 180077 165104
182278 166646 177319
203093 175971 159268
175836 175154 176315
181495 188800 160397
191165 163412 172391
200677 163225 170189
185046 166888 174038
180456 168821 177440
169793 185751 178902
180195 173772 170586
185295 170009 167620
176376 172311 182327
170368 189231 174765
190182 182445 159088
192971 173399 162009
191227 180094 158770
184189 174226 166187
