2 0.029408
164870 142625
142802 171002
151188 150460
150373 163172
158125 146129
158125 146129
147566 164526
147566 164526
151188 150460
158125 146129
151188 150460
147566 164526
168958 143988
149757 184956
149757 184956
158212 150558
150658 174510
152549 169940
164193 147182
154512 155838
154126 163091
153282 163897
154904 152710
151312 173260
161026 150201
163712 149910
161026 150201
154904 152710
164193 147182
163712 149910
149757 184956
164193 147182
163712 149910
161026 150201
154904 152710
171876 144916
151664 182189
151664 182189
165004 149808
163145 154156
157966 155078
154612 167202
153791 176861
170235 149466
155247 161012
170235 149466
155199 165153
153418 179067
156494 157817
164219 152194
157516 155436
156560 157752
163756 153136
151664 182189
154612 167202
153791 176861
153418 179067
170235 149466
154612 167202
153418 179067
180191 145893
154914 174541
154914 174541
157793 155948
172520 148984
165673 151481
161489 155348
156520 163782
165026 152366
155343 169890
177046 147968
156373 166517
178003 147627
173450 148307
156520 163782
155913 168734
155913 168734
173450 148307
165026 152366
154914 174541
173450 148307
165026 152366
156520 163782
155913 168734
174610 148822
155607 174365
155607 174365
156579 164813
159541 157511
159347 163353
165361 153743
169631 153220
173944 151590
170852 151919
162328 156421
162071 157381
157685 164288
170524 152623
164121 156149
165218 154967
174610 148822
174170 150254
157685 164288
156579 164813
169631 153220
174170 150254
164982 155746
164121 156149
155607 174365
162071 157381
164982 155746
174610 148822
174170 150254
169631 153220
164982 155746
164121 156149
162071 157381
157685 164288
156579 164813
179093 151410
155821 176819
155821 176819
156936 169087
171475 152980
159748 161684
178056 152013
170259 153496
166732 155066
156985 165046
156985 165046
161321 158181
160067 159786
165922 155751
164924 157407
163365 158077
163405 157771
161321 158181
160067 159786
164924 157407
179093 151410
178056 152013
165922 155751
155821 176819
179093 151410
178056 152013
165922 155751
164924 157407
161321 158181
160067 159786
156985 165046
180187 151669
155911 185695
157472 171060
174534 153236
156613 177876
166971 155613
156613 177876
157926 166431
158961 165894
160109 162238
170465 153833
161540 159141
166659 156611
164632 158510
164837 158016
160569 161294
170680 153802
161500 160225
173058 153680
173750 153555
173058 153680
164632 158510
170465 153833
173058 153680
170465 153833
164632 158510
156613 177876
180532 151933
157906 174955
160370 163220
171248 154833
158056 167399
177935 153344
172333 154059
164914 158436
159180 166986
161743 161201
166976 157112
177935 153344
166976 157112
162437 159989
162810 159263
166976 157112
172173 154149
158415 167242
162810 159263
172333 154059
177935 153344
172333 154059
179382 153535
158059 170513
175041 154565
167220 157392
171640 156359
171891 155067
179382 153535
160712 164755
158663 167302
165390 158503
162386 161861
163704 159400
161376 163728
158107 168312
163065 160986
164380 159265
161376 163728
160712 164755
158663 167302
158107 168312
163027 161349
164380 159265
163065 160986
163065 160986
179382 153535
164380 159265
161376 163728
160712 164755
158663 167302
158107 168312
181190 153892
158429 176126
158451 169491
180885 154841
167275 157733
173122 155389
176184 154981
161518 164303
164050 159883
160000 167515
162708 162116
158971 167839
176184 154981
170642 157625
162708 162116
160787 165451
172497 156619
166266 158945
158451 169491
164660 159819
170642 157625
165515 159195
172353 157104
171890 157317
165515 159195
166266 158945
161064 165061
171890 157317
161157 164957
160787 165451
161157 164957
171890 157317
176184 154981
170642 157625
166266 158945
162708 162116
161157 164957
160787 165451
158451 169491
185857 154132
158733 172032
158733 172032
179386 155023
159001 168048
172084 157347
185266 155010
161160 167529
177404 155971
162128 165365
168786 157800
167111 160225
175570 157034
163086 165233
163402 163118
167765 158625
164537 161639
176720 156949
163116 163277
164874 160471
164716 160959
164537 161639
167882 158179
167925 157946
164874 160471
175968 156984
167111 160225
163116 163277
175968 156984
167925 157946
167111 160225
158733 172032
163116 163277
167925 157946
164874 160471
164537 161639
186766 154976
158737 172091
158737 172091
182040 156985
180336 156992
174532 157545
169733 158060
168040 159115
163408 163394
159024 169665
162470 165939
165791 160544
162203 166590
173296 157595
164782 162080
162011 167937
168744 158696
164163 163260
165028 161674
165485 160849
160132 169650
160557 169026
173296 157595
161540 168286
161144 168478
160791 168809
162470 165939
174532 157545
163897 163369
165791 160544
158737 172091
173296 157595
174532 157545
162470 165939
172849 158132
159023 174978
160390 173157
168946 159308
160598 169406
165587 162130
171883 158701
164947 164523
168103 161850
162387 169040
163875 165376
168516 161177
163098 165950
162963 167470
162472 167599
187633 159360
159245 175262
179583 159477
161972 170057
163175 166125
160859 171587
173382 159906
169114 162088
167264 163499
165123 165530
166884 164703
161447 171489
169815 160648
171505 160291
172673 160265
170409 160476
169879 160501
173369 160282
159512 183130
161074 172392
163284 168831
159651 178055
160786 176702
169276 164508
165887 166883
166228 165612
164196 168584
168681 165216
171105 162082
171945 160637
171397 161976
178644 160364
159901 179993
175224 160943
165094 169245
163341 171915
162833 175567
171079 164989
166471 166622
161069 177655
162972 174472
178325 160596
161488 177434
173618 161722
172901 161802
169330 166162
169450 165536
171578 162839
163401 170390
171155 162876
167277 166342
163832 169592
164412 169257
166515 166492
167172 166351
179300 160563
161063 186662
170424 165930
175769 161728
163190 175475
172128 165763
161721 182918
166264 170757
178025 161725
167821 167141
162030 181359
173628 162773
173558 163727
162817 178730
163895 172274
164126 170977
166767 168095
162971 177867
167385 167360
163978 171804
167186 167883
183631 160958
162030 182818
163980 179926
177007 162421
174028 164051
164649 176900
172798 167817
167950 167856
165524 172449
164758 173489
173224 166218
176702 162425
166879 169854
167656 168604
167036 169572
183870 162445
164702 177207
170204 167964
175004 164886
177211 162709
165183 173551
168434 170160
177062 164847
166951 171778
169402 169099
166817 172701
186285 163015
166759 177243
169066 170634
179204 166633
181340 163749
174706 168779
170702 168904
169633 169303
184879 164155
167823 183647
169593 175785
177694 169364
183845 164718
170768 171308
173945 170123
176374 169930
185572 168333
170314 180213
176187 170229
172612 172543
170549 177411
176382 170624
172143 180918
173176 176925
172647 177713
181446 170656
172346 187427
175942 184198
177319 178622
178939 174421
174208 185881
181177 172044
178276 176571
182558 171238
174842 188806
177421 180887
179101 177608
182132 171781
182314 172674
178141 186943
182227 175331
