17 1.75055
1.62754e+06 1.57042e+06 1.56003e+06 1.59768e+06
1.5843e+06 1.58992e+06 1.5604e+06 1.61546e+06
1.6384e+06 1.61033e+06 1.61847e+06 1.5439e+06
1.61251e+06 1.64033e+06 1.53891e+06 1.61843e+06
1.56817e+06 1.50881e+06 1.6267e+06 1.64266e+06
1.52758e+06 1.59141e+06 1.62094e+06 1.67239e+06
1.59889e+06 1.58691e+06 1.62491e+06 1.64206e+06
1.62027e+06 1.60181e+06 1.65153e+06 1.60106e+06
1.612e+06 1.55269e+06 1.62455e+06 1.60852e+06
1.62734e+06 1.61326e+06 1.61689e+06 1.62264e+06
1.654e+06 1.59443e+06 1.61873e+06 1.64192e+06
1.61338e+06 1.63386e+06 1.62233e+06 1.62953e+06
1.61438e+06 1.59895e+06 1.64213e+06 1.64195e+06
1.63148e+06 1.61966e+06 1.61564e+06 1.66848e+06
1.63198e+06 1.58896e+06 1.60004e+06 1.67163e+06
1.58993e+06 1.57538e+06 1.64069e+06 1.6106e+06
1.65856e+06 1.62067e+06 1.61792e+06 1.64808e+06
1.62235e+06 1.57266e+06 1.62686e+06 1.626e+06
1.59013e+06 1.59191e+06 1.65872e+06 1.6712e+06
1.57171e+06 1.57225e+06 1.64506e+06 1.62371e+06
1.64158e+06 1.59971e+06 1.63616e+06 1.65165e+06
1.61725e+06 1.57276e+06 1.59231e+06 1.61292e+06
1.62941e+06 1.55443e+06 1.62501e+06 1.62388e+06
1.65533e+06 1.63386e+06 1.60545e+06 1.65769e+06
1.68633e+06 1.6083e+06 1.68084e+06 1.61943e+06
1.62592e+06 1.55272e+06 1.60844e+06 1.60839e+06
1.62873e+06 1.61642e+06 1.66028e+06 1.61869e+06
1.65166e+06 1.61667e+06 1.60104e+06 1.61094e+06
1.64422e+06 1.62385e+06 1.64807e+06 1.68503e+06
1.58486e+06 1.59136e+06 1.64215e+06 1.65403e+06
1.62394e+06 1.58833e+06 1.62274e+06 1.64145e+06
1.67856e+06 1.64057e+06 1.62718e+06 1.62699e+06
1.6749e+06 1.60128e+06 1.61466e+06 1.65805e+06
1.64324e+06 1.56506e+06 1.60852e+06 1.57715e+06
1.63781e+06 1.5979e+06 1.61069e+06 1.64157e+06
1.65158e+06 1.60668e+06 1.59316e+06 1.63996e+06
1.61294e+06 1.59523e+06 1.60409e+06 1.6274e+06
1.64031e+06 1.57918e+06 1.58063e+06 1.65348e+06
1.60676e+06 1.59569e+06 1.61555e+06 1.6865e+06
1.61141e+06 1.58579e+06 1.61483e+06 1.63344e+06
1.63466e+06 1.57024e+06 1.61466e+06 1.6625e+06
1.61582e+06 1.59765e+06 1.58946e+06 1.64803e+06
1.64851e+06 1.61254e+06 1.65094e+06 1.65841e+06
1.65306e+06 1.60211e+06 1.59112e+06 1.64401e+06
1.64397e+06 1.60013e+06 1.66509e+06 1.64391e+06
1.639e+06 1.60545e+06 1.60996e+06 1.66175e+06
1.64333e+06 1.57374e+06 1.64566e+06 1.64206e+06
1.63542e+06 1.54111e+06 1.66107e+06 1.62919e+06
1.65077e+06 1.58416e+06 1.59322e+06 1.62278e+06
1.62953e+06 1.61789e+06 1.60665e+06 1.6236e+06
1.60394e+06 1.61404e+06 1.59953e+06 1.62228e+06
1.64228e+06 1.59159e+06 1.62176e+06 1.597e+06
1.65818e+06 1.58668e+06 1.63734e+06 1.63521e+06
1.63242e+06 1.58805e+06 1.64049e+06 1.63802e+06
1.60208e+06 1.6091e+06 1.60214e+06 1.63184e+06
1.61474e+06 1.62057e+06 1.56516e+06 1.65137e+06
1.64338e+06 1.58668e+06 1.61617e+06 1.6406e+06
1.62072e+06 1.60503e+06 1.575e+06 1.60369e+06
1.63598e+06 1.6396e+06 1.62926e+06 1.62543e+06
1.63994e+06 1.56961e+06 1.5972e+06 1.62622e+06
1.64214e+06 1.5897e+06 1.60831e+06 1.60588e+06
1.64529e+06 1.59138e+06 1.59646e+06 1.64622e+06
1.60321e+06 1.61375e+06 1.62888e+06 1.6635e+06
1.66197e+06 1.58513e+06 1.61813e+06 1.63642e+06
1.57581e+06 1.6421e+06 1.63991e+06 1.6122e+06
1.64432e+06 1.56591e+06 1.62558e+06 1.62603e+06
1.6093e+06 1.58075e+06 1.59277e+06 1.67056e+06
1.68146e+06 1.61266e+06 1.60946e+06 1.6149e+06
1.6211e+06 1.59023e+06 1.63429e+06 1.57498e+06
1.63333e+06 1.6331e+06 1.6279e+06 1.64149e+06
1.61985e+06 1.59259e+06 1.63358e+06 1.66586e+06
1.62515e+06 1.62855e+06 1.62313e+06 1.58513e+06
1.58138e+06 1.6212e+06 1.62769e+06 1.60197e+06
1.64493e+06 1.62396e+06 1.63706e+06 1.63995e+06
1.6255e+06 1.56192e+06 1.6105e+06 1.59766e+06
1.61332e+06 1.62406e+06 1.66989e+06 1.60371e+06
1.62313e+06 1.61871e+06 1.61305e+06 1.65954e+06
1.64292e+06 1.60433e+06 1.6262e+06 1.64664e+06
1.64454e+06 1.62846e+06 1.60682e+06 1.64601e+06
1.64776e+06 1.61356e+06 1.58216e+06 1.63826e+06
1.59441e+06 1.58783e+06 1.59981e+06 1.63154e+06
1.62962e+06 1.62039e+06 1.55216e+06 1.64263e+06
1.6014e+06 1.57186e+06 1.62891e+06 1.60209e+06
1.60057e+06 1.57805e+06 1.61646e+06 1.64429e+06
1.6401e+06 1.61653e+06 1.62167e+06 1.63358e+06
1.62606e+06 1.60317e+06 1.61476e+06 1.64534e+06
1.61348e+06 1.58915e+06 1.614e+06 1.61484e+06
1.65604e+06 1.58662e+06 1.635e+06 1.64237e+06
1.62636e+06 1.63816e+06 1.6245e+06 1.62345e+06
1.61418e+06 1.60802e+06 1.59782e+06 1.63741e+06
1.64873e+06 1.62185e+06 1.60357e+06 1.63798e+06
1.60049e+06 1.55431e+06 1.64751e+06 1.64141e+06
1.61763e+06 1.63132e+06 1.62251e+06 1.6688e+06
1.6028e+06 1.59203e+06 1.64344e+06 1.60603e+06
1.61058e+06 1.62653e+06 1.60309e+06 1.63856e+06
1.62623e+06 1.58523e+06 1.64004e+06 1.61903e+06
1.61455e+06 1.59414e+06 1.64239e+06 1.6552e+06
1.64505e+06 1.62555e+06 1.60131e+06 1.60824e+06
1.65368e+06 1.58968e+06 1.62208e+06 1.67994e+06
1.67796e+06 1.60295e+06 1.63876e+06 1.62109e+06
1.63764e+06 1.56236e+06 1.59541e+06 1.64714e+06
1.64598e+06 1.60118e+06 1.64213e+06 1.63798e+06
1.61421e+06 1.60054e+06 1.64501e+06 1.62718e+06
1.6058e+06 1.6071e+06 1.63645e+06 1.6252e+06
1.58964e+06 1.58864e+06 1.60575e+06 1.67406e+06
1.61279e+06 1.56782e+06 1.62097e+06 1.61246e+06
1.58275e+06 1.57417e+06 1.58629e+06 1.61637e+06
1.67584e+06 1.54621e+06 1.65793e+06 1.65117e+06
1.63367e+06 1.58457e+06 1.57012e+06 1.66434e+06
1.63802e+06 1.60106e+06 1.63318e+06 1.59428e+06
1.65435e+06 1.61009e+06 1.60941e+06 1.60324e+06
1.56242e+06 1.61424e+06 1.64844e+06 1.67188e+06
1.63775e+06 1.54338e+06 1.62172e+06 1.6352e+06
1.56117e+06 1.59483e+06 1.61363e+06 1.62573e+06
1.63731e+06 1.58683e+06 1.64563e+06 1.64626e+06
1.62952e+06 1.6006e+06 1.6402e+06 1.63341e+06
1.66851e+06 1.60649e+06 1.61806e+06 1.62793e+06
1.63832e+06 1.55202e+06 1.59978e+06 1.6445e+06
1.66021e+06 1.54332e+06 1.63128e+06 1.64402e+06
1.63314e+06 1.59393e+06 1.61697e+06 1.61984e+06
1.64441e+06 1.62824e+06 1.59276e+06 1.63618e+06
1.60553e+06 1.6273e+06 1.64706e+06 1.62643e+06
1.59939e+06 1.61318e+06 1.6298e+06 1.61052e+06
1.63346e+06 1.58842e+06 1.60257e+06 1.61099e+06
1.65294e+06 1.61486e+06 1.6707e+06 1.58243e+06
1.61072e+06 1.63712e+06 1.61226e+06 1.59323e+06
1.63546e+06 1.57123e+06 1.63987e+06 1.64712e+06
1.62402e+06 1.62172e+06 1.61862e+06 1.6187e+06
1.61105e+06 1.59134e+06 1.65892e+06 1.58029e+06
1.64476e+06 1.57116e+06 1.62723e+06 1.70431e+06
1.61498e+06 1.64345e+06 1.57667e+06 1.61799e+06
1.59838e+06 1.6153e+06 1.60747e+06 1.60982e+06
1.6043e+06 1.6033e+06 1.65669e+06 1.6064e+06
1.62691e+06 1.60552e+06 1.61367e+06 1.62941e+06
1.61549e+06 1.59974e+06 1.58971e+06 1.63602e+06
1.60043e+06 1.56212e+06 1.62494e+06 1.62355e+06
1.60453e+06 1.58436e+06 1.63037e+06 1.64404e+06
1.63103e+06 1.58571e+06 1.61985e+06 1.62354e+06
1.5935e+06 1.60534e+06 1.63844e+06 1.60622e+06
1.59913e+06 1.59148e+06 1.6012e+06 1.62831e+06
1.63444e+06 1.56083e+06 1.59846e+06 1.65342e+06
1.60708e+06 1.60636e+06 1.63995e+06 1.66031e+06
1.59448e+06 1.58439e+06 1.59762e+06 1.61855e+06
1.65526e+06 1.5917e+06 1.63355e+06 1.63605e+06
1.62165e+06 1.59695e+06 1.63806e+06 1.62605e+06
1.62472e+06 1.56861e+06 1.63882e+06 1.63121e+06
1.61513e+06 1.59627e+06 1.60658e+06 1.67442e+06
1.59769e+06 1.63064e+06 1.64388e+06 1.61732e+06
1.62236e+06 1.56954e+06 1.63907e+06 1.66409e+06
1.59799e+06 1.64283e+06 1.65386e+06 1.65104e+06
1.62113e+06 1.56024e+06 1.64268e+06 1.64028e+06
1.62308e+06 1.59103e+06 1.60834e+06 1.64263e+06
1.57244e+06 1.59215e+06 1.64431e+06 1.637e+06
1.62906e+06 1.62172e+06 1.62063e+06 1.63194e+06
1.59776e+06 1.604e+06 1.59261e+06 1.61066e+06
1.58296e+06 1.61352e+06 1.60898e+06 1.66186e+06
1.66248e+06 1.62318e+06 1.60755e+06 1.65549e+06
1.59652e+06 1.61852e+06 1.63967e+06 1.61174e+06
1.68451e+06 1.61012e+06 1.63448e+06 1.6481e+06
1.64379e+06 1.63773e+06 1.62968e+06 1.6546e+06
1.61576e+06 1.61901e+06 1.62104e+06 1.59926e+06
1.60439e+06 1.58347e+06 1.67242e+06 1.61758e+06
1.59935e+06 1.61037e+06 1.64953e+06 1.62216e+06
1.58909e+06 1.61448e+06 1.67431e+06 1.62704e+06
1.65286e+06 1.59236e+06 1.62897e+06 1.65185e+06
1.62239e+06 1.56404e+06 1.62409e+06 1.56814e+06
1.64668e+06 1.6167e+06 1.65694e+06 1.63849e+06
1.61605e+06 1.63004e+06 1.62445e+06 1.63349e+06
1.6479e+06 1.57293e+06 1.67075e+06 1.61556e+06
1.63524e+06 1.60715e+06 1.61996e+06 1.62195e+06
1.59896e+06 1.61212e+06 1.64678e+06 1.66102e+06
1.62049e+06 1.58837e+06 1.6144e+06 1.59065e+06
1.61572e+06 1.6121e+06 1.62937e+06 1.61452e+06
1.6313e+06 1.61056e+06 1.6003e+06 1.607e+06
1.63037e+06 1.58622e+06 1.6722e+06 1.67925e+06
1.64164e+06 1.62848e+06 1.63575e+06 1.66034e+06
