3 6.21609
853162 796117 758594
822521 751981 815031
812910 804724 750783
806986 834032 751382
792777 762868 849234
755157 788032 812854
840528 755111 809408
808437 817507 753881
805932 766904 826015
792777 762868 849234
806986 834032 751382
827426 766176 767854
805386 808798 754632
782173 775426 805449
763405 803377 780396
756936 802110 805507
820062 758850 791963
780883 805424 767497
823755 761293 788892
808437 817507 753881
769341 784862 798648
773906 777940 780414
825699 760533 783995
805932 766904 826015
800128 769262 768844
812607 795357 765772
769341 784862 798648
789432 771795 816534
804414 807452 760809
790041 772089 778670
817757 782379 763561
803209 782001 766870
795231 777853 772771
814262 800239 754133
792929 775992 775512
785444 784615 775145
824417 755462 793057
773906 777940 780414
792166 803989 769107
821557 766357 783504
817001 760883 794008
797437 767776 811456
812607 795357 765772
789432 771795 816534
789654 780538 777410
822521 751981 815031
791008 798457 773789
807170 769124 773052
785444 784615 775145
789654 780538 777410
797437 767776 811456
788959 771850 795600
788959 771850 795600
791008 798457 773789
817550 785638 764773
824579 786839 761943
796090 800806 767599
824579 786839 761943
822521 751981 815031
817550 785638 764773
796090 800806 767599
788975 803702 773795
812910 804724 750783
788959 771850 795600
795231 777853 772771
824579 786839 761943
788975 803702 773795
824579 786839 761943
773906 777940 780414
773906 777940 780414
788959 771850 795600
788975 803702 773795
822521 751981 815031
806986 834032 751382
806986 834032 751382
796090 800806 767599
796090 800806 767599
788975 803702 773795
874956 770529 786339
853105 759162 809610
822594 818298 756302
821854 828217 763395
772214 824309 826479
827940 803192 759551
783202 818378 767738
874956 770529 786339
813045 771370 819374
833311 769023 804534
787788 777247 815314
839281 797048 769537
795337 811938 777691
804988 789533 770264
844196 759359 801764
822594 818298 756302
775693 787811 792516
841497 763470 791156
800714 800291 778490
850688 764419 787557
821481 799085 766039
833891 767300 795727
822745 766638 811572
818594 777447 775198
836951 766395 792710
811026 808080 768062
848127 782572 771104
793035 805068 782283
807589 787293 772485
791985 779271 802919
835730 760329 797238
788373 808158 789984
806814 810457 764629
813518 773855 811377
793485 781483 792434
849205 770748 784076
811700 778278 774700
796378 808564 771406
806124 774710 786030
835730 760329 797238
803627 803853 772473
814833 771067 779021
791781 808194 782357
798600 777323 779358
852440 784514 764045
805425 774519 786478
839717 785766 763686
852440 784514 764045
839717 785766 763686
798600 777323 779358
793156 804512 786048
839717 785766 763686
839717 785766 763686
853753 789155 773108
841438 768552 807522
826299 829266 756315
795938 834947 770458
788289 791721 828759
775945 818268 800937
808747 822407 764851
831496 816790 762154
823156 773362 797433
790763 785399 820173
793501 784942 823490
782546 812325 794169
817039 795748 771654
801250 826651 778768
844791 805233 761684
836007 778369 788259
793855 790000 812232
776799 800339 818196
848899 792534 773169
823792 788401 777256
830274 778981 775627
778618 791764 806025
823459 812045 769473
783228 793030 794064
787663 829893 783044
839873 773967 788883
811093 778191 815684
815408 781500 786321
844109 774997 780194
811123 797082 791370
808559 803239 791432
842566 806583 770376
807077 808678 781089
797318 782918 799137
778632 809571 800477
810302 798937 778334
804768 781866 796510
794534 784226 792734
815868 777539 791610
804176 810468 773563
812685 794361 789283
807202 805081 783712
804380 828874 772714
812504 779745 792620
787614 792677 800883
799276 812249 782444
815055 800051 774047
789150 792699 799081
813070 795291 780016
805311 809828 778158
802463 794874 792003
807214 809005 774344
801592 805605 792154
798679 829477 783655
813019 790468 788488
861020 781349 790603
850681 777691 807264
810478 822544 767057
810020 833283 781051
796973 789660 851873
781149 824968 805617
788277 793912 828661
824221 812643 770196
793250 792376 818323
833219 799774 789162
818280 818638 776793
845907 802588 782758
799840 832791 784712
810596 804478 780042
838676 795756 783724
784278 809595 795268
848597 787011 777065
814025 814319 776831
801656 808741 796221
794884 794917 808010
817492 780288 800548
819413 777875 797217
813929 802755 786560
790149 799167 800089
787532 796878 816655
804304 786715 800092
815425 797803 792867
800694 789932 802426
837299 797373 783117
799419 794895 813260
801938 783963 814781
808012 784955 811724
800141 821240 783048
816069 781151 802824
822183 777767 798349
824207 782812 794255
807643 797539 795539
822483 793491 789965
811803 783119 812132
812529 784863 793791
800314 784988 805900
788603 793768 815886
803329 799266 794875
819028 797015 789517
815797 789908 790602
878319 780657 829170
826304 823916 776065
815002 849014 777538
792715 823412 844096
792391 824262 809765
855448 804352 783965
877796 797185 789827
795129 792725 835505
849159 817487 780512
804464 792733 822538
835720 784231 794984
811926 788159 811086
798376 836851 797556
801111 800892 826996
854806 812105 779955
813522 836279 786002
797615 819014 806289
825499 830798 780707
817664 786488 798268
812568 825641 794876
823708 803582 787292
809672 807135 795056
813685 829709 790949
826676 814288 780907
803084 815623 802191
801188 793994 803776
822030 802758 789309
826098 819572 780344
820061 792173 795272
816802 797811 791822
805940 789506 800546
822889 785117 801888
830645 781303 803042
833007 805786 781773
828517 784553 794603
814555 810568 782628
831031 795333 793506
806295 789039 800977
804858 790127 805074
815807 801973 792326
831164 780978 804760
820997 795416 791231
829285 805624 782145
807891 829969 790138
816763 787783 796204
830575 806270 781537
803614 809621 795273
814921 809418 790021
820779 796988 791721
808034 804668 796803
816356 804726 782830
805215 805830 802675
816505 781227 805493
815713 788007 797582
816434 801312 797491
806192 805635 797266
855719 782058 813858
814742 816639 784338
805958 792080 821269
800416 861052 810098
794160 826899 816638
811530 834190 792538
802872 794737 807005
847321 816509 786084
794432 825790 818099
849524 809372 785255
801643 822823 808924
829329 807533 790829
842976 785692 819945
826821 805332 791561
829576 787457 804398
835761 791420 800411
847376 784246 795917
840860 790379 801125
818199 813433 796309
806901 817967 801782
838374 795646 793812
822456 795486 802445
830915 804264 793545
844456 793195 796917
808297 789299 803381
811832 821542 796274
828972 788446 820158
819647 801572 798459
807881 808173 798604
810738 825267 796314
833566 798462 793316
813080 803514 801006
838547 798934 792036
848024 814106 785552
820143 797907 798345
816319 798777 800823
824058 795702 796346
820210 796673 800583
824035 796589 796947
808070 807186 803893
835352 816549 785699
823092 807278 793247
844189 795996 792048
848965 798715 791801
806901 789056 804337
857987 795811 799402
839694 850008 785726
832209 788004 810081
801691 838087 825798
853214 815926 787392
809642 789835 816034
844157 804151 792897
809611 793190 824261
817931 823942 788402
836089 801403 795996
817947 839274 787107
825328 796782 800333
819241 809117 800990
816683 820277 788835
811728 792317 811149
821063 816317 799259
829607 794763 803553
842675 798432 795608
805993 801170 810586
806530 805363 809576
841498 822945 787046
813597 816683 800208
808154 820507 806422
812012 791469 805066
807788 794867 808017
801841 823444 810536
820582 789212 807167
831396 807665 793628
819465 808032 802564
810198 818802 799606
817477 818187 794521
809521 801664 803504
809182 818056 804512
816691 807595 802840
816953 792216 804373
846520 793091 806436
834334 788558 812305
828182 849128 788397
810393 811827 834129
801879 823497 818434
822122 846443 794515
810809 834745 806038
810519 810002 831490
824326 790299 823331
844861 805994 797420
817290 795031 819813
826230 825992 789197
813971 804087 803990
837754 830290 788817
806275 819592 815430
842170 809129 794529
807973 815890 816027
831341 821442 790437
839966 802920 801496
836628 799732 801531
824205 798474 804795
819730 823994 796107
808965 820738 814873
838990 795159 808089
812027 828794 809694
812624 790670 822755
828279 819912 798525
833242 814513 796668
830689 821098 795756
827257 814326 801008
821764 796532 809487
830997 817508 800114
831848 812929 803856
821413 817203 803550
812181 795173 813303
812103 799051 820610
841812 814504 799054
806383 821432 811021
820719 822904 801713
820438 791957 810390
810739 811191 818632
812610 822226 810303
821873 816175 801641
844803 805405 801895
836602 791282 818595
832934 825566 796339
820150 862470 799389
809161 829461 841958
824300 792042 829765
841179 817352 799340
817785 807397 823451
812894 808461 816445
823227 798284 814248
844751 805003 804356
830712 795691 811469
828013 794731 811926
833965 800705 807649
821413 806308 808841
818920 814731 805386
816362 807801 818935
834533 821780 804289
816662 828550 806496
813979 813464 811798
827746 806739 808117
835068 819881 799625
815786 811133 807839
830683 824107 800075
822955 809773 804913
830268 806277 805110
851067 799263 814505
836422 833821 796560
828288 792692 830196
815832 849108 820180
813727 823307 827791
815951 848884 811128
824559 804547 824556
841473 797145 817861
830934 827359 803749
831285 795321 821373
847856 795519 816823
820511 814205 811586
817540 819824 829871
821492 807588 812448
833346 811103 805694
844910 796018 819708
827625 809925 811857
824213 810724 808906
817989 828002 808685
830166 806324 810550
818934 824508 807165
827963 818067 807481
834498 800813 818760
833516 801470 815323
832495 803450 817979
845434 805989 807398
835823 821941 803915
819316 822292 808241
821216 807938 818941
818317 821851 814767
830544 803870 816380
862288 819253 809409
842257 833865 798742
833509 797455 823787
825582 809182 836432
820641 828326 807333
827510 806965 830945
843564 808556 814565
838702 825063 803957
834743 812262 817359
826320 812538 827242
821929 816576 822539
833027 815902 810213
832907 816980 814705
831124 812420 822544
831394 817945 814639
845147 828889 807601
838984 803618 826776
826182 845525 847796
834179 807028 824888
839179 817051 817143
838262 818049 820752
835809 838072 810914
829691 839945 810526
828426 829943 822910
828993 839079 816175
840514 760961 762978
827944 737293 802191
805827 805670 753251
787088 821430 762458
762945 813554 826572
765951 802992 808734
796053 746696 814992
812727 758471 802160
770383 812555 793323
796053 746696 814992
782232 786065 778563
814814 771012 784442
774001 800071 821090
817859 762791 791199
823319 766257 785510
819051 759710 796725
775419 794930 822039
800442 798606 769228
796524 784820 780347
797470 800280 766252
809180 799292 767299
818623 789874 759782
775685 811236 803178
823319 766257 785510
778609 788957 797382
775553 817309 777636
811863 774461 767124
798203 776292 787194
790665 764725 794696
804473 808990 761897
777541 815262 788833
785414 807774 772129
796069 787223 771513
818940 770253 789408
776763 782316 824549
777322 792148 818171
785881 789480 776921
800442 798606 769228
785414 807774 772129
790665 764725 794696
787088 821430 762458
778609 788957 797382
810334 775468 784431
804103 775891 778142
792170 782979 792344
818623 789874 759782
775685 811236 803178
792170 782979 792344
795107 782786 782915
795539 776893 783816
777322 792148 818171
812645 791225 766851
776763 782316 824549
795107 782786 782915
798056 779676 777200
798056 779676 777200
762945 813554 826572
762945 813554 826572
778184 794014 789848
778184 794014 789848
796024 808793 772039
812727 758471 802160
785881 789480 776921
795539 776893 783816
804103 775891 778142
812727 758471 802160
787088 821430 762458
785881 789480 776921
777322 792148 818171
812727 758471 802160
787088 821430 762458
785881 789480 776921
785414 807774 772129
785414 807774 772129
777322 792148 818171
775685 811236 803178
775685 811236 803178
762945 813554 826572
845645 794993 764200
844755 757404 819486
816891 818059 756139
789516 790391 830401
773126 822800 800875
768016 816318 816094
838006 796361 762494
789663 804919 785829
837865 761767 805441
816891 818059 756139
768976 812386 808949
775449 803908 817105
823311 777393 771791
792006 765337 820931
821268 757924 824130
833585 765993 800106
811158 800786 772495
805596 787576 773416
821268 757924 824130
778131 809579 810759
803651 772454 800024
826099 810713 765467
844755 757404 819486
814039 770907 795935
785288 815297 781641
793124 789687 797352
777960 810026 811177
773126 822800 800875
830875 768001 792817
794139 785733 795766
845288 769563 774899
787915 791036 829619
816574 766595 807958
791883 784974 806179
830875 768001 792817
792954 782711 803880
783540 794487 802869
794538 796564 777328
789651 820165 773300
812282 774505 775665
800766 783955 781345
792909 791664 802177
827306 789110 767781
806506 781511 787622
827306 789110 767781
784812 793006 823962
813887 771974 814182
823248 793829 766571
798609 810995 770657
778998 796553 790755
786807 793072 800615
812282 774505 775665
785288 815297 781641
783877 801881 788420
794530 789031 793446
808293 781207 788471
795006 779328 813423
803406 778369 813440
812325 762997 816773
797556 819331 777245
812325 762997 816773
808123 811726 766371
799333 780940 790400
784872 794142 807781
800766 783955 781345
796604 785303 790213
787915 791036 829619
797556 819331 777245
844755 757404 819486
798372 785083 780441
789855 801365 778971
845645 794993 764200
794671 792654 789299
810553 780047 780419
795156 795499 777575
803406 778369 813440
778998 796553 790755
806506 781511 787622
789855 801365 778971
783540 794487 802869
789855 801365 778971
798609 810995 770657
810751 780732 777725
810553 780047 780419
794671 792654 789299
787915 791036 829619
813887 771974 814182
795156 795499 777575
796604 785303 790213
810751 780732 777725
794530 789031 793446
778131 809579 810759
778998 796553 790755
808123 811726 766371
795006 779328 813423
783877 801881 788420
810553 780047 780419
810553 780047 780419
844755 757404 819486
778998 796553 790755
808123 811726 766371
845645 794993 764200
845645 794993 764200
812325 762997 816773
812325 762997 816773
808123 811726 766371
794530 789031 793446
794530 789031 793446
789855 801365 778971
787915 791036 829619
785288 815297 781641
785288 815297 781641
854973 771309 782445
818824 819908 759878
799860 768760 821751
790616 839309 789573
784085 794901 846119
769531 818239 824386
777478 814100 836219
785744 820285 791989
790616 839309 789573
836143 775057 790123
800702 812108 771911
823289 807655 766615
818824 819908 759878
830069 774895 798152
796525 784584 828828
834676 769567 802968
813620 774326 813316
808114 808520 774342
826133 772558 817109
792013 792555 833993
826091 781457 775434
781198 802561 798057
787232 801458 792295
816837 817300 767114
814129 819579 767242
803334 781213 794758
821521 788837 778706
797912 775418 827751
815158 787152 782997
800897 788796 809877
798798 793737 785459
795968 785370 824875
803882 778782 806424
806993 806209 777084
804155 789381 789130
788866 798025 800215
782636 799626 811554
804464 795656 777668
810600 796944 776818
827025 776625 797623
787685 794141 825099
786697 798483 797275
797255 785611 815346
792013 792555 833993
818263 784767 779041
809081 778314 804918
790118 802551 791732
803025 780276 818721
797525 780760 819691
816436 790427 774055
792195 819532 780749
823767 795077 766928
784391 798619 809239
802921 789725 799170
812322 778097 783910
811147 776269 815265
788089 797552 804788
799860 768760 821751
784841 799414 799135
815969 776898 783484
806993 806209 777084
792195 819532 780749
790663 808186 781376
779192 797207 823807
826109 776718 801581
780010 807931 792099
798798 793737 785459
816120 808207 773429
805628 808291 775431
805701 779222 802874
779192 797207 823807
834676 769567 802968
782636 799626 811554
796525 784584 828828
812322 778097 783910
810787 790206 782780
805701 779222 802874
803995 776329 811224
784391 798619 809239
803995 776329 811224
811147 776269 815265
848674 796686 771448
832077 770502 825308
828378 799451 770364
788458 795976 844794
785635 832218 821541
800508 787159 835752
797475 828379 786055
810124 776562 829416
837529 785601 777235
793796 798764 815220
786925 822006 798232
806456 781725 805781
828043 809295 778268
820890 776445 819101
812804 779214 822660
827747 774751 814514
794811 815149 802646
787533 800982 807888
811750 771071 827147
788458 795976 844794
803338 790315 796946
815659 792139 786927
798315 821892 786766
802023 794486 787963
803465 782811 814275
801015 816408 780826
819456 803906 780657
824101 785129 784643
830637 777658 804270
816366 801476 781017
837431 795728 777154
823643 815553 775177
832668 777703 791626
801341 806849 789847
812001 805746 783488
803637 783514 802364
799488 815383 801603
833610 777803 785545
822854 780923 790352
795874 800525 814896
817670 785991 783954
811884 790140 790650
819621 786135 779302
819733 777804 802527
852173 798813 780339
834012 804852 770486
828550 779169 810528
812687 783981 834675
802775 830697 787309
793237 806240 809695
798886 826631 788817
804331 822300 793363
806495 818767 792913
821370 784370 820803
820750 788064 827658
806294 809622 802998
830294 783343 799345
831502 821085 774755
822662 809499 782774
804710 802924 812737
817012 789136 818085
831147 828003 771272
827505 792604 800253
813491 819318 785069
811204 791211 807215
802381 803623 808592
833232 806934 781964
815313 788131 826643
809865 797880 817225
810396 799003 789851
806279 821009 803719
819493 792847 801514
822182 788811 814533
808354 806348 791324
822398 794684 792898
810785 796282 799524
815260 790847 827054
829691 783551 790964
821216 793194 793308
857183 787132 803730
852386 779178 839784
849025 808001 775857
820984 848325 787247
800637 842187 793112
832337 784797 832204
844214 811247 780231
823473 793498 825282
817921 799850 790645
804300 831353 791921
809566 822915 795500
838305 782674 823263
800781 830570 799533
833689 811080 784718
824990 788838 818341
836933 820128 780777
807767 815329 809826
839484 789019 794782
816333 787491 836115
814190 803261 799205
803127 818992 811919
801454 813541 838374
824708 788833 819546
808893 810271 807953
812517 815745 796765
804527 807868 811506
834519 789226 806551
823957 790852 815950
835960 783363 806725
810619 804681 814489
816710 797594 807250
813356 811629 793830
802795 812958 814965
824893 795354 797417
809025 807703 801756
810686 815123 801317
812471 793562 817591
836926 789683 798145
812127 803975 816106
803674 806085 818695
803942 804592 836560
811390 805664 801565
816607 797058 811872
872628 796191 804947
844465 786225 807427
838683 812517 789619
803702 810332 832748
802042 843699 800649
801605 839852 807883
814134 794685 826203
804219 828094 818219
811615 819360 803341
805293 814170 823458
829328 795250 821182
834085 812306 791981
825293 798123 815901
813282 834079 796380
813939 800303 832184
821048 798534 809167
836774 803791 794014
809101 809994 805677
812906 809993 814811
811590 807973 815376
802377 832450 809900
818457 801565 809945
818719 804818 793384
842141 801595 796600
817183 803457 799294
816900 800456 819098
816955 809906 801998
814851 804655 802997
817310 802107 818961
817879 801737 808417
844034 801726 796596
865566 817970 792783
852985 787806 808784
844949 819419 790443
824067 862121 793710
812086 814078 845628
807085 845385 837788
826912 825614 796437
851829 790074 813549
853343 807276 800036
833951 802336 809955
808593 825037 829111
821419 796223 841785
824802 803446 822298
831872 798717 818300
829425 816247 801356
818680 809768 831154
819300 798823 833322
815147 807332 834102
821245 805494 803106
813511 822943 812467
820103 804199 817889
822904 804001 820600
823462 804345 806355
817719 810681 821892
815425 811321 812754
814678 809921 844754
810815 819337 813197
813675 820700 809066
821619 815585 802524
820729 815713 806927
814897 818088 811017
856405 836122 799792
849595 806000 814354
835418 839955 796886
823954 854079 810996
817950 813783 833293
812072 834385 822488
813269 833236 822037
828451 821360 802566
826352 807045 824617
840525 812052 806766
833970 817854 801900
818919 814012 814390
838109 809446 807244
826148 818648 811836
827962 821259 804586
849966 806339 811249
835251 815880 806470
826910 806627 808270
819570 813999 822338
846355 812372 809209
841369 823987 806880
834712 808873 817453
834312 851151 808185
825230 819587 845994
823184 822610 826997
834731 835561 811255
832986 809152 842059
826645 826677 821971
832054 846824 809577
839955 816264 810271
829566 812205 812952
827815 823023 813019
827093 812334 818141
845056 836196 820948
835422 809624 840237
831485 846258 842150
835932 811379 839925
848802 764427 785586
817774 740730 794688
812561 761377 839419
806728 816017 747891
758315 820028 830569
758315 820028 830569
797111 775198 796394
761508 776744 764416
838035 768391 779590
829318 775208 770611
817752 755633 809898
828212 785518 755735
827943 797019 756092
825599 801577 756665
817774 740730 794688
810239 811412 748949
848802 764427 785586
803253 767764 826473
810514 779788 759292
816202 802937 752883
801424 770706 809201
818057 766270 788604
809800 765350 792497
805571 813682 760913
814168 757535 795085
800322 773785 818006
805526 767350 815056
800322 773785 818006
802397 769002 788240
816202 802937 752883
802274 769574 813801
815386 771540 780610
800322 773785 818006
815386 771540 780610
801424 770706 809201
815386 771540 780610
802274 769574 813801
802274 769574 813801
815386 771540 780610
802274 769574 813801
800322 773785 818006
843768 760139 797060
837108 817141 750850
822598 753816 804241
806974 769961 839899
764818 839668 812912
764818 839668 812912
818425 763669 823009
767637 798292 784088
829544 770451 792016
837108 817141 750850
790761 786478 770487
805115 773738 814295
786533 788303 773551
821667 766214 809576
813165 776745 787919
801814 776751 789485
805698 793785 768257
839765 786536 757058
784088 777338 785573
774706 810574 767280
818425 763669 823009
816509 767729 796725
776925 810572 774950
795079 801415 766292
826493 771912 795866
820262 805236 759143
819566 758865 813149
810108 771017 797092
779688 807665 780719
822375 806741 754007
776733 780634 801583
780586 782188 789640
793712 778620 779218
823499 780416 762358
785614 791518 779711
839594 773842 782572
772913 780521 804247
772913 780521 804247
776749 804073 782346
822598 753816 804241
823950 779054 774712
779899 782885 783357
795079 801415 766292
826908 780293 767276
795079 801415 766292
773605 791762 798540
773605 791762 798540
826632 763908 797021
793712 778620 779218
773605 791762 798540
779899 782885 783357
826908 780293 767276
823950 779054 774712
795079 801415 766292
826632 763908 797021
772913 780521 804247
822598 753816 804241
826908 780293 767276
826908 780293 767276
823950 779054 774712
823950 779054 774712
822598 753816 804241
773605 791762 798540
772913 780521 804247
857410 786791 772022
832392 756737 820811
823892 767683 824063
822583 839660 759673
773903 810697 817650
786554 829390 778161
826890 767008 813608
849874 776018 783043
836448 757465 814015
838934 790681 769204
779511 801660 790917
844661 795807 763357
846541 768338 808625
792791 781471 821793
826345 814025 762504
775318 821957 788264
784862 783584 797110
857410 786791 772022
807417 780583 801318
775318 821957 788264
818760 782329 792988
800275 802535 777029
829829 791129 771392
795808 779508 807275
823516 803774 766150
813516 788967 776644
813109 777242 810684
774297 792295 819335
785623 817051 781838
833094 771390 794833
834173 800515 763250
790963 797664 786028
820714 813878 765235
798503 805580 772169
786678 812005 780857
804235 783888 788562
787874 807358 782019
796821 800104 783823
826540 769066 804819
820256 773610 797271
788115 818371 778169
817696 776857 801618
809434 800134 774353
827694 774490 796155
796460 794915 789481
824512 778911 786250
810522 771349 816099
813109 777242 810684
790963 797664 786028
774130 817837 798717
816784 794704 773418
778094 811166 804246
809642 794134 775412
836448 757465 814015
815023 772829 814726
828851 785561 773490
788115 818371 778169
778094 811166 804246
825199 806469 765388
800080 792440 783558
789277 795592 791731
805904 778423 815645
798337 782739 795787
810522 771349 816099
805904 778423 815645
832751 808893 764334
796874 805951 783524
786553 793797 795823
832751 808893 764334
825165 771375 799512
786678 812005 780857
810079 782239 795427
830210 790067 772104
804235 783888 788562
775051 785080 807223
814177 785764 783687
773903 810697 817650
815246 773340 802837
814741 779016 799363
830820 784684 781611
815820 772891 805561
830820 784684 781611
815246 773340 802837
795995 810410 769025
795995 810410 769025
815820 772891 805561
789915 810638 767674
827817 794094 766033
789277 795592 791731
789915 810638 767674
800275 802535 777029
775051 785080 807223
789915 810638 767674
789915 810638 767674
815820 772891 805561
827817 794094 766033
796821 800104 783823
825165 771375 799512
827817 794094 766033
827817 794094 766033
815820 772891 805561
815246 773340 802837
815246 773340 802837
872558 786361 784657
836711 767325 828318
833920 841087 760139
776196 827846 832629
859969 777802 794212
850491 779438 788436
836614 840751 765188
797236 781847 820356
783720 825644 791716
793621 788055 813093
789305 791694 801049
827028 772450 808490
782119 802852 795158
839887 788598 778871
795629 821148 776403
808251 816304 769567
797664 782256 818727
828741 797934 768716
802500 814034 776802
833920 841087 760139
797181 799451 790252
813924 783914 804536
798678 784789 799410
821062 793356 778320
807249 804570 780105
797983 818248 774378
817082 810943 767924
804123 784434 796185
787911 788073 829455
811776 773329 831914
819221 774466 812089
816926 775445 809730
825891 806279 776763
795127 827797 782757
815920 789490 783312
820650 809616 773974
820365 775388 806057
800683 795625 786680
805835 806369 779359
836614 840751 765188
810703 795328 778874
813514 793387 787619
787973 803785 793520
799342 810187 786410
795872 808621 786642
838611 774494 795248
817257 789089 791695
788758 816696 783018
828047 809686 769327
859147 785631 788896
849498 772722 813920
834898 814121 769296
833179 773856 833343
795255 836995 790607
786081 821142 807273
823629 776738 814698
804650 833536 782143
799960 786205 801973
829551 824634 770120
842233 807686 769360
815519 811261 781234
797408 792555 805664
840639 784166 806494
823423 780980 812525
820448 802139 785943
827835 789340 799043
796240 804470 794441
810220 819660 776527
813840 806963 787820
817386 813931 775917
831160 795963 779597
808327 807113 782740
830020 800422 771328
788382 817913 798705
828313 779729 807917
835159 799319 774299
791727 820306 797512
789976 796550 810873
819672 790959 786517
835686 790311 796829
787176 805273 808676
806422 796826 789443
803419 818972 789413
837274 785866 807647
803693 801583 792076
804798 823700 779050
793680 791892 809569
794102 814696 800266
804999 815915 791189
830441 799265 779489
805041 822977 779546
807080 801499 788830
786423 815266 809571
794381 814360 797108
795379 796392 807653
860375 782145 812001
836383 803863 772340
829600 830429 775360
811204 787121 833558
786629 815691 809825
839843 784710 820688
822824 809344 784170
818196 825435 781223
827037 795971 798334
799394 798443 817267
809902 789268 831526
793110 797371 824566
831249 790632 799939
814468 812793 792254
799378 820398 801182
829779 805434 788073
819017 816317 786982
819083 786835 813055
798440 800392 810436
831137 788874 804623
818634 820961 778610
809738 800775 797012
831441 803524 781914
826018 797716 790183
794541 811165 823648
802256 802800 809324
789452 825070 798716
793728 815528 823382
806148 824711 794163
814257 798050 794519
819842 813102 789342
811274 822563 784381
792981 822647 808412
804808 804293 803763
821202 811147 787321
808173 823944 789055
792100 823637 808719
804850 790403 802682
801829 803521 810046
793862 821861 798423
846146 806580 785607
844369 853991 780276
831938 787120 835279
788423 836558 820585
797397 822214 804452
826210 789448 828761
799087 821104 813686
830401 807188 789557
840061 789255 813204
821462 812610 792982
801727 811930 825218
811317 816769 802584
814209 794540 806042
802460 801432 810961
823323 811004 785762
816222 799908 799434
808648 794440 824013
815460 820152 793188
809473 798034 813354
823427 809302 797644
824624 804529 795206
828938 804046 794779
840678 790108 805900
806682 800806 805857
818206 793660 813182
811503 804814 798676
819474 793941 809770
804253 821307 802873
821058 792862 807885
828827 791426 802883
809238 817240 805481
820279 807986 798346
816661 794307 808214
809255 807276 802928
840422 817774 786654
829959 793651 805873
821808 831393 797772
813545 796428 836029
798434 823260 828340
811058 799142 816016
827748 821987 789575
837186 803145 799702
804189 814176 819686
823658 827343 794846
802620 829329 806386
827373 825538 793929
807829 811259 811061
832220 796395 805550
826115 806210 797313
803190 807669 826279
828795 802140 800401
820196 806571 803575
804113 804027 821992
816548 796798 813820
820379 796001 810075
815974 804264 807618
831207 811233 791136
809638 810015 819657
808932 797404 825347
810637 813383 806537
824763 809734 800607
818749 797308 808653
817960 824111 799431
822169 810930 800848
817671 811381 800660
822320 796369 807939
817980 797788 806371
818189 797571 807672
870513 821148 787648
840340 793659 822216
824478 840916 797590
806348 810058 831628
805078 832139 821051
832995 824882 789869
805955 810394 823770
808690 829804 814099
819902 798773 815300
837533 803820 802634
834821 802803 803593
808048 819782 815674
811899 831076 807768
827902 812827 798955
833564 794639 810246
833903 807648 800587
819656 817307 812198
826928 815405 801629
823215 814267 810084
829330 801273 812404
812164 819059 809507
832154 808403 802384
817736 807857 812512
815193 819107 807969
815613 801920 821513
852960 808689 803709
839935 795366 821249
831659 813397 800190
812868 858615 821378
812406 812244 833984
808650 814538 828606
817701 829387 808282
824166 801460 830893
845019 796218 810405
815276 820314 812964
830090 821457 804717
840740 800038 817836
837020 797772 823575
817083 804928 825551
819547 825883 808386
833393 802524 817164
833233 808251 820515
843942 805280 810900
828227 814373 811010
811120 814151 824827
820265 819733 811943
830445 817580 804157
833652 804059 811657
822907 809339 821106
819568 802859 823458
844884 803966 808581
831971 809452 820649
850693 797025 816750
841696 829318 800316
818744 830389 810325
813344 822854 829039
832582 821535 805018
849071 811040 814378
842390 818210 812172
822402 806003 827821
824725 823591 823242
828975 824310 815624
844790 820732 808329
848134 800268 816198
820341 807341 823766
851846 802521 827001
840394 823910 806388
830995 837598 812436
822220 813147 837347
829114 809738 823979
832029 830084 819602
822625 824384 830101
838198 826791 807892
833772 824246 814720
849348 834971 817645
833350 811059 833970
829548 819484 824944
840605 814968 830336
832786 825599 824286
836623 825047 824705
832532 813917 831950
