32 0.868463
291944 332048 310873
328902 302685 288192
295058 314914 318513
353584 313899 267895
302002 331577 294750
357130 293405 287032
306866 297944 299114
322903 290473 322348
309225 286985 324490
332353 303985 275912
340772 287656 296174
307246 333701 292004
328701 296320 293513
307375 327291 291600
293079 329237 311751
293141 318644 314354
328527 296413 294028
340512 287056 302866
301431 302430 313797
328695 308435 281792
348392 314529 273108
314874 302085 298396
327534 294037 297963
327182 312852 274581
301668 318476 296619
322263 303309 291602
308658 313551 294270
287208 317634 316732
326542 310668 276853
304818 302017 310699
325692 289834 306941
313846 307654 287945
328727 289998 297289
355231 293659 292499
302410 304421 294843
284530 340510 321512
297634 320557 298247
356673 302493 286097
302206 335104 292671
320265 286074 335330
299904 337655 286875
339574 296417 293012
295316 307931 312276
326183 286481 307414
325987 303026 286676
298371 319956 298043
309077 305096 291624
329122 292041 295907
345585 285613 323967
285379 332238 326907
335136 295031 293613
305204 328181 293273
306703 328587 292846
333078 301629 292402
298297 312697 299669
305907 295561 308315
307986 315160 266579
329010 287240 297645
307360 303030 295778
318266 295007 294368
295413 342768 307783
319121 304624 283128
319410 304201 288863
310451 291801 321244
314106 291393 304652
314679 290983 307396
285379 332238 326907
325054 357852 266394
296929 306995 300015
307101 290203 323475
323931 314793 279520
344247 288999 294309
303128 336734 290261
325087 292187 302508
294941 335374 311595
318421 289656 334673
293102 359414 315839
295065 329362 312112
294189 326176 316633
293150 318102 321220
292169 351836 318339
331432 313892 281317
328271 314498 277210
326079 290289 311918
326079 290289 311918
318651 310901 289131
306848 325409 294881
306143 324451 295731
303315 309027 296006
303780 305100 312597
297690 331692 298719
301693 350308 293189
300152 337861 294861
295790 325092 319935
296304 312247 314074
336314 286728 310315
302042 328010 298347
299749 324965 299615
315510 312225 293276
316538 308224 294290
316370 306931 295284
309917 313073 292938
311490 311782 294424
306486 329136 293835
305212 329321 293817
336824 301958 293657
313179 296078 311009
310867 299083 317903
306909 299810 312219
312226 301989 310247
313796 299403 310942
309491 299528 314609
305936 302130 313875
313061 297713 314087
310562 360880 280588
315740 325198 282873
316092 318520 287899
316759 338056 281645
310234 324042 286303
315886 322946 282366
316877 323102 276660
327406 319392 268060
308848 329761 292190
316464 318393 291345
315566 326698 285473
324065 322189 279436
310028 323908 291995
311482 317381 291606
348485 317045 270129
317400 304694 298484
308066 305496 301878
313658 307113 298959
309472 305283 303071
309667 306174 300689
314938 305794 300750
309667 306174 300689
326163 296773 296337
328093 298227 295628
320631 297158 302345
327649 301455 295342
333589 296216 294580
322334 302677 299544
324196 302362 300145
324196 302362 300145
318412 305550 297093
319906 297152 303039
321761 308511 284968
323181 308436 286986
339576 308041 285040
331197 308555 283254
327757 308299 286878
346997 306236 288546
323051 322765 283876
320490 316296 288002
329251 311294 284643
327031 304819 289470
353390 304344 290446
345991 304763 290547
326743 307056 293363
322936 307958 294234
323372 305661 294324
336511 304304 294254
325043 304779 294375
319727 305951 294924
319969 305458 297603
324020 294373 320538
317067 295690 320993
316707 298850 309832
315464 295822 315656
332989 291249 311575
315939 304384 307997
319272 302365 307982
318892 300931 308573
322202 294638 313102
297252 312723 306028
299804 307107 317221
300893 307119 307558
300572 310668 315327
300838 317150 302964
311974 297550 331395
319117 291751 326100
319136 294178 324825
303553 343593 290549
327292 294829 303699
330575 293188 304133
355062 292255 305736
335424 293072 308218
327207 295650 309560
296291 330389 318502
294163 322373 326867
331512 317956 281077
329009 318571 284525
333723 316498 281655
329067 293472 316166
331549 292353 316528
318931 315904 289137
318887 313161 290351
306173 311394 297268
307677 312422 296547
306548 322803 296810
306371 320701 297239
305738 318348 297953
305679 314479 304654
299448 333396 300891
302012 341051 297286
301982 339254 297539
297143 317732 318899
297143 317732 318899
297143 317732 318899
296568 333075 316399
348798 288107 330659
346060 288909 320694
345818 291491 311195
337887 290702 319614
342011 289691 319013
305026 338760 299383
300954 349726 299662
304092 326460 302087
300923 331642 301933
316661 308181 298139
318456 310116 295407
318317 308553 295790
316662 309075 297824
317358 312561 295664
312830 313882 295693
316214 317220 294710
306098 332138 294075
308301 331014 296406
352713 302575 293998
350460 303019 293926
315309 296322 311866
314066 296554 320311
309817 304079 312790
309040 301376 314526
308452 304559 318752
307043 305143 316046
315040 299000 317535
313316 300382 319270
319091 318795 288327
312117 338066 286743
313029 324680 287371
320811 323667 281789
320661 325171 283265
317030 336405 282572
323562 323495 279732
318983 323161 284196
320240 326303 279303
317940 332124 282555
345024 333836 272160
329454 330148 274181
330558 320675 283022
328193 324841 278579
336027 328956 277381
333380 329594 278576
329207 345567 277013
330175 335030 273695
328686 321740 284036
309273 331823 292924
316519 336173 286145
325204 322911 283521
310538 325989 296343
310104 329795 293367
313177 321302 294777
316091 317609 295384
318287 322774 291662
317059 323177 292295
318447 319090 293113
317381 322792 294260
349157 317481 279647
351211 325114 275563
308796 309009 302782
308318 308591 307478
317461 305740 307705
315132 306004 309184
310867 310559 301095
315296 306347 301500
314070 306306 308766
312081 306378 305469
326168 300997 300519
327267 299634 300455
330511 300171 298631
333030 298513 300888
330511 300171 298631
331102 303875 296026
335223 299874 299736
343287 296574 297245
340235 297079 301616
323109 303854 299896
321424 301927 307390
322457 298463 305548
321587 298972 309581
325390 297704 308784
321862 309026 293291
323462 321237 286431
321917 316765 286571
324743 316886 285724
323510 311515 288509
326720 315476 287460
327363 315410 286990
323737 310988 292552
325018 310121 290104
331643 309799 285111
331517 309909 283310
338285 308300 288651
337374 309547 287122
331292 311167 287672
337374 309547 287122
348694 307036 289152
321189 318159 288962
321145 318930 288179
331347 316716 285070
346699 305812 290307
330470 305038 292227
340132 305386 292053
331783 304962 294172
337914 307081 291315
327186 304801 294546
325133 308081 296455
322277 305611 302507
322025 308165 299557
323900 305584 297843
321656 306030 306373
318549 299254 310238
318549 299254 310238
320151 295933 319833
320678 301221 308821
297279 313967 307260
298693 350450 306773
301581 309610 325875
305760 312939 311370
305484 308361 328392
305419 310600 318835
308340 308514 310016
308586 307776 308259
310390 307211 311514
301102 313173 319217
302105 323590 303255
301837 324944 305463
301447 325881 306498
302918 318548 305071
327166 293769 337920
325158 295018 325602
330348 295448 312327
358535 296359 304129
341962 297068 304044
340783 295113 306370
332589 295196 307651
333463 294341 311751
342276 293271 312475
332294 297232 311055
313002 359522 289066
302361 312080 333486
301530 345730 301262
300779 315993 337575
322261 296614 355384
306383 345469 294350
312339 352481 290184
301390 314369 314002
312842 346537 290681
305167 314512 308500
306269 343303 295592
353204 297008 301853
356386 297901 301412
300919 313996 318391
309721 315271 306481
320250 330928 289578
298003 318817 307887
305941 316945 305139
304623 318146 308304
299623 344231 304455
315080 344475 287720
306024 342498 298225
311913 317357 301857
302600 341858 300992
319569 330240 289605
316581 332663 288844
301013 341469 304374
307888 313003 306735
312234 342641 292543
327449 310878 291345
327564 311146 290358
312531 332037 295642
309443 323884 298910
345529 312452 284776
