93 0.869303
344197 325860 302247
347610 348622 315947
330602 351646 324734
343327 315561 331866
337414 321824 310408
340312 349889 310800
354426 321608 303054
339605 342015 321396
358645 341901 320229
349695 333456 302932
331837 342662 318824
353613 329801 314436
349629 332106 316791
343829 323991 315712
332378 349776 330592
335104 350207 302671
340859 338250 297185
326451 310564 317761
344683 333351 316728
331724 294389 319210
319748 338218 323589
337964 327092 313139
367971 320573 317773
354831 324678 314601
338170 330724 332841
355239 346587 324276
331629 332724 319119
358013 323034 325915
319314 337986 316478
345597 367996 325034
346431 355058 320019
330912 342011 306327
358524 334081 315994
324675 325227 330268
354049 326126 318479
337186 336289 324152
338008 345028 317448
353637 332604 318900
319143 323822 316141
349294 325073 315503
358059 339049 307138
334713 323419 317078
351632 339370 309048
331598 327818 313134
336615 341532 308239
351620 327319 329863
321089 342073 337956
329033 361873 332506
347680 326358 319525
348003 348289 302789
330788 321120 305517
374141 327399 320978
327197 333770 350482
338894 305843 316615
354481 343340 314845
342912 349224 313908
332361 327976 310222
343151 342173 311415
345086 346187 322091
369061 337466 337898
354688 334654 303750
357342 350227 327777
332661 334478 319682
347399 336491 300544
353537 362822 328551
337756 334353 319155
350070 324356 307689
347100 327485 309157
318372 339245 318964
308333 349771 326891
332408 332720 309746
328224 319630 319518
342275 342108 344206
359170 336907 336800
349408 352596 327544
331580 316951 311968
318018 327109 317148
330424 327373 326402
332963 340046 316587
342580 330936 318182
319238 328645 304336
319879 328283 323746
336781 350542 313046
343742 353546 323931
339699 314615 341294
313532 318549 319173
336861 330645 317085
342946 336343 336561
327378 330866 325137
332652 334692 319083
326832 325679 314181
335307 334111 341633
345494 327587 315600
325567 328939 316749
332822 322746 302206
335569 324283 317975
346407 339837 314551
352818 339435 313832
324962 330163 329234
330095 318577 308018
333448 347508 335589
319146 339971 302565
336496 356902 309883
339701 343093 322278
352347 343706 317624
344217 315939 310676
300729 335586 306680
350974 335235 316890
333678 358256 318279
345852 344185 323322
347693 331300 310197
327197 325211 294845
336031 331965 314080
349545 332885 324894
333370 312754 315562
343750 326595 319941
337901 321899 330097
346624 338714 330204
319348 340545 316650
341599 320973 319643
338552 334971 336492
323270 320821 300213
329286 320765 300017
351619 312951 321673
345170 335548 306552
324746 334339 326173
326128 329500 318245
335998 337372 322976
324428 322092 318541
326147 327474 304966
346917 326404 310081
345363 334502 298752
309203 341871 317413
328301 308647 317782
324624 348524 315069
337776 329614 325822
349796 332076 320854
323591 334036 330516
334656 332727 320445
361108 334575 331252
344464 341483 321639
359057 337100 329657
357913 331869 308312
312643 332825 325282
316123 340693 325628
325973 335500 335435
310910 342017 318362
350582 342113 313181
338555 340958 325644
334077 337318 329112
333793 324033 311039
344043 332077 304321
320654 345073 313251
344833 342490 306678
364321 334436 309490
349897 329406 318048
335481 338069 322189
339977 333884 310026
350239 351612 338304
347782 351046 317319
343883 331922 319324
324824 344666 315772
330491 327864 322487
315564 349351 295684
345764 321966 315380
343021 335505 303762
343135 337062 320281
329159 324390 317171
328305 328248 307427
317898 351922 324318
334102 330051 299560
334906 329347 314804
364760 337616 312561
344841 345809 305614
351288 318057 307852
329729 342199 316678
340876 330729 312886
343899 335275 328418
360351 327050 305061
357656 325595 308802
339935 351238 315619
332060 331519 306600
321065 329395 305327
339732 317363 310618
331632 346955 327127
345304 315987 311662
340141 318798 337102
352654 347351 321634
348997 326959 330001
312576 341225 305432
328993 356210 311786
341138 336507 324685
328368 337296 311784
350390 330273 319251
340541 321205 322435
324867 343571 332100
345587 321122 324783
342919 329526 326022
359586 331083 316322
367541 325995 314248
350554 321852 343382
328722 332551 315484
319529 342723 325744
328931 326268 309560
352397 306172 342820
318348 338130 315559
344720 333885 317534
341889 328775 336628
344378 334229 325902
320071 340314 326941
341029 329395 318870
343695 331790 322901
340734 325249 324755
337826 322919 317652
340880 358892 327546
322947 332508 323082
346060 330528 317192
339415 324827 322422
346766 343840 316432
340052 322305 343040
338590 342003 287923
347031 349966 319219
329384 336635 301690
320511 320854 307077
333635 322589 307103
337424 346782 329731
322613 340525 301439
359782 326275 328698
347043 324690 329546
329539 315863 315136
336232 330191 307471
343367 338258 321087
332617 327508 320625
342051 328757 295613
324664 318850 303057
336894 341824 315998
340968 325701 315696
350023 334101 298402
348416 343192 331549
321776 339353 319548
337919 311634 335885
324282 325348 320371
309435 297978 301703
336545 341095 316358
335112 313470 338101
352070 361012 310653
329584 339869 312813
331778 322672 299884
