1 0.0305436
327510 322470 299051 322757
338333 328541 322953 298447
313924 352989 323325 310426
319473 323781 318320 303298
342392 315731 306886 304731
339053 313869 311413 310928
335567 325467 314773 302649
308472 349655 299713 324158
340268 331421 335070 284584
348024 317079 300839 305824
341648 317409 318336 296834
325891 312934 322845 300884
353172 305593 343385 302418
334437 327061 297966 311726
312400 323212 308513 326069
328085 342843 299782 321790
348886 309023 311274 309124
332262 326827 315165 303420
328843 318203 304169 321468
343485 313409 309327 298172
316676 321607 323315 298138
326611 324647 302146 327592
344575 328237 290239 329633
317763 305758 312430 313316
333023 332603 300540 322669
348090 330800 290814 300628
350108 304311 298626 320667
315497 320715 310372 306083
337438 334228 291700 318115
333141 335786 295282 335465
329432 337478 312601 300468
335771 324289 303668 301830
330704 329859 335505 296073
327350 318485 322451 311075
347889 341559 313402 296412
341380 316139 318683 296558
319534 339046 311614 301363
325404 314966 305447 313066
355447 332030 307522 291990
323632 344746 305723 298275
330994 343330 282639 316714
332787 306305 308179 328578
317503 347852 310622 305851
322253 322776 296038 332370
342004 317065 304751 311218
330351 305196 330007 338418
350692 309309 325190 305699
346341 326625 303428 303904
346806 328055 328181 294917
329168 334850 297659 330568
332761 315457 303828 344013
352910 329474 301779 297197
360276 303005 324605 311203
331022 317239 305127 323352
323562 337859 306517 303053
308953 338820 331551 304090
330554 326404 317441 302214
338311 319878 302769 328524
343978 315875 303532 304729
330921 336875 315091 290856
339151 331382 295395 314391
314605 328046 312442 323152
311792 329768 300751 311545
345922 341022 301903 308065
328567 333306 299029 328043
343604 303423 322216 320235
339075 307791 320064 311813
312022 325156 322409 330415
344916 311505 296534 308745
322199 321748 304771 304374
306513 332749 310244 312883
335108 313823 319813 304893
336041 341389 288916 319189
325382 318846 310822 311174
328324 342485 291993 324323
323270 337138 304607 308827
338543 335523 317171 297302
333442 324318 298631 310465
338838 335638 302095 302023
344038 304968 299297 321028
330635 324466 303008 325492
358308 322771 302232 306937
339877 327064 298359 324305
316552 325593 309748 344574
354774 315588 318114 305132
317538 325168 333131 301953
325313 318090 321002 321515
325298 313613 315617 322218
334192 306783 313814 322168
323523 313241 317466 328701
358102 308060 315528 315018
326330 309874 317105 318721
355641 308690 312431 314477
319819 317684 332340 323562
339964 312819 316368 319353
332934 321269 334098 309134
322016 329154 312072 315308
330501 321214 322618 309492
319795 330038 315424 307908
316250 334768 314120 310818
333976 320785 330655 309006
317341 321736 319698 332978
322586 320825 318147 342988
345527 339835 294352 325400
341139 334312 309282 304363
350358 328541 313752 302217
352966 329369 312939 301875
348424 323438 319906 302620
348434 320335 330306 300721
344827 330093 318773 301438
319850 343664 315037 301591
334330 316864 317414 315150
329948 315378 320263 316990
331989 317133 314219 337788
336562 317395 313622 313798
359444 335853 314883 292512
328972 348857 312617 301646
341378 314353 313575 335039
322460 323370 303697 342204
326541 323661 301209 348274
349089 335822 328421 297066
372725 307339 337472 318279
335483 319764 309263 337611
329740 340779 321420 303520
340477 326493 324013 302525
335547 333522 325243 303456
341969 320192 310736 333251
348258 346051 321902 295435
336993 338223 324728 303848
331214 341506 318190 299567
362989 345533 325363 292420
351981 340029 327887 297177
332855 345396 327212 298474
344772 333337 298293 321905
325279 346161 303958 324164
317903 346891 305288 324044
316710 331063 331186 315822
345992 309755 323956 320057
341953 309847 325280 315473
346731 310390 337027 314064
356890 344767 296639 314370
345237 319064 307120 315117
350711 312457 339963 312262
350572 316349 298914 323846
351099 330829 297167 319927
323825 323989 318023 311803
325542 325061 306876 328828
327246 323838 328166 306778
344145 322814 316898 305308
347714 323265 304905 311950
336684 330738 305088 306507
324959 337908 308576 304518
328354 325989 307380 305412
324153 326423 308912 329649
326091 325516 309719 314235
323385 327874 306472 318247
332244 351635 311416 304427
324680 322134 307323 325965
352587 321944 309945 311541
324645 333299 312993 311166
330253 334237 327902 304493
341878 323731 315094 310119
324065 329839 328297 305890
340340 322403 309563 320604
327979 327345 305546 324530
360417 321868 322271 304765
315222 333747 327620 325019
320262 336027 313211 327087
323097 343386 311653 328681
321954 335850 313856 318942
323953 335418 314010 315218
309890 336709 321100 314649
345671 318543 323947 310784
340299 329621 320430 305105
339481 319676 337095 306553
345913 318592 328272 305446
335210 321856 339124 308185
344256 313867 321591 313516
335453 320013 328412 310112
352701 357304 290519 325814
333927 319386 317651 314456
329138 324257 310981 322539
327007 325753 316258 313792
333020 323346 312350 312614
333294 320095 311037 313958
362936 321087 317129 313318
328163 321861 325675 314652
337467 320370 320220 312938
329700 321519 311015 329154
324457 341979 312318 314373
340011 345220 317395 301537
351384 340118 321657 300725
348298 335524 324464 297349
348900 339658 301924 312542
340931 328814 302667 313324
342413 326527 305907 320378
335614 335623 301481 326336
337849 340723 300618 321874
356044 331927 300385 315647
335707 327490 299864 330860
345832 338074 300150 319440
335490 336195 304031 323267
341261 340851 301518 319202
352725 330685 300987 317748
341751 330939 302333 318665
340460 340521 303188 320997
340098 339194 302666 323354
357174 340293 306223 304753
348628 337985 306800 303785
345467 341044 302329 310680
344856 322809 306161 322420
344664 313010 310563 321389
345154 320739 306938 324824
354975 314726 309924 325528
359328 329577 305026 310262
341548 341030 298691 336219
341100 333546 298761 331776
335125 309338 318773 323027
343817 315128 317240 318869
329546 316636 328822 333355
324968 336977 317667 309068
320343 330197 324055 324751
321059 341709 327655 312141
319042 341714 318946 322814
320804 343147 315434 316276
322884 336486 326892 311419
321649 340562 320347 324492
322718 338762 314579 318856
316639 344838 317520 315279
335671 321394 343144 309038
350521 334439 317470 304952
352035 323388 341056 302572
348809 331843 328795 302051
353928 332826 322975 304132
324620 354100 315387 306049
322467 361011 323453 305724
340564 317151 320824 316275
336030 317006 324213 316665
331872 321896 325323 321553
337188 318220 318182 316311
344580 318026 315135 330173
340899 319198 315136 334168
363840 337906 319014 299413
327580 335707 305241 343976
332967 348007 319364 302510
348823 338338 299213 323191
348377 311069 328089 321900
342152 310894 334672 315473
353553 319778 304540 329610
355410 322608 309438 323914
327143 324240 336392 312480
335428 325241 335053 307961
339524 342576 306860 311723
345669 338293 305745 308067
326066 347597 321632 306599
333944 345682 319844 305130
343233 339958 308438 311606
335189 326215 320117 311667
338683 340797 308161 306146
344958 329851 314216 309839
334179 351705 307623 315962
330920 336063 326659 307812
332243 351073 309199 306084
344177 337674 308473 310539
340322 327591 311488 311454
342895 338508 315317 306822
334581 327031 319906 310312
338180 332267 319645 311566
329026 327686 320386 308289
338603 329852 308483 311507
338404 330085 309272 313887
345991 327306 324698 309824
335798 328828 324806 305716
342052 327095 329491 306095
345463 326438 309328 321579
347435 330070 319733 309500
346221 338285 309173 309719
362684 334002 318752 306411
348970 326491 310246 307966
335426 326513 309706 312006
334584 335868 307436 314430
330055 327402 313628 322180
329426 331437 315627 315948
330449 325624 324884 322176
327836 332907 314504 322096
328575 345938 307930 320942
325047 332535 317049 318415
326408 332450 314436 324653
327938 332528 309669 319547
325676 332440 325333 320933
326191 347310 310596 339701
326604 327849 311675 329734
334978 327327 309980 337842
324987 323480 335943 328139
325420 327692 336100 327874
332752 335562 314013 314216
343551 323754 327814 311906
355119 327688 305738 328147
334346 335210 306683 333505
328296 339824 308573 332956
331385 351110 306770 332803
328180 332224 311014 330768
334931 332368 310411 331226
335441 337541 306151 327461
333136 329922 309628 338306
360945 322624 326682 305158
320722 342152 342949 319398
314274 340637 333727 334196
340987 342361 330462 305514
345378 340561 321951 306071
343317 340849 326838 305461
342793 333487 327260 305508
347793 315763 327792 318702
362652 316556 321908 318572
336424 320094 334751 314180
342093 325890 330164 310843
330376 326816 317624 319689
332567 327793 317122 314770
328345 327849 323545 327379
328615 332948 320250 315070
327728 334865 325223 314299
343725 325318 319050 313927
335066 327515 313405 313126
336632 322255 316664 314960
343004 321060 311884 324107
342925 323870 315139 319433
345404 325916 313888 319513
341032 324359 312398 321694
345947 320508 319251 315781
334548 321836 327005 319029
350811 325654 315217 317591
338799 322843 311422 324264
334526 322395 321166 323780
334979 325217 328742 315167
329962 325949 326881 319817
329854 324564 330144 324964
329957 330743 316225 329378
352344 350775 325895 300901
349263 336771 327872 300514
344005 329237 304415 315588
344221 333262 307491 314774
342670 342375 305885 318475
335766 339824 303946 337116
337675 327675 301582 339760
335959 328488 306797 342171
345905 335988 304106 328251
347181 331172 303937 327077
341939 339383 305196 330307
356863 327713 308745 322484
349924 325150 307092 324661
348599 318333 316480 326642
349575 322155 313539 323748
346442 319547 310679 332076
345601 314563 316504 332446
355373 315840 312536 330210
329971 327524 339133 314788
352119 358249 305219 330321
338743 359689 308244 331299
327958 357823 331828 308205
320080 347972 321509 315948
348626 337364 306335 315593
342626 343497 316375 307970
323293 349715 314801 330665
350514 350969 308826 312163
317536 368580 323264 331180
361934 340480 301796 332522
360738 329097 336729 306789
332795 353479 316039 315375
350706 342059 307481 313175
365512 325726 332269 311241
335080 324675 328082 338914
353559 330794 308230 320940
335822 350956 309547 315316
354051 330860 326609 306316
324670 330682 327325 334530
351890 335841 305341 315588
329211 341971 318097 309534
328052 361375 323041 313995
358373 347041 305781 312070
356396 348343 318738 305269
360096 340479 316496 308922
349600 334545 310685 310156
353371 339783 317336 308266
355391 325869 311946 327257
