500 1.74585
123576 122033
123304 122939
128780 119006
118816 136732
128780 119006
118816 136732
124659 122244
125416 121605
122727 128617
121970 129256
124278 122084
123521 122723
123521 122723
123521 122723
123521 122723
124659 122244
123521 122723
124659 122244
124278 122084
123576 122033
123521 122723
124278 122084
124714 121554
123521 122723
123108 128777
122727 128617
124278 122084
124659 122244
123521 122723
123521 122723
124659 122244
123521 122723
123576 122033
121970 129256
122025 128566
123865 128138
123521 122723
122727 128617
123521 122723
122025 128566
125416 121605
122727 128617
123521 122723
124714 121554
124659 122244
125416 121605
124278 122084
123521 122723
123521 122723
123521 122723
124278 122084
123576 122033
124278 122084
124659 122244
123521 122723
122727 128617
123521 122723
122025 128566
123576 122033
121970 129256
123521 122723
123521 122723
124278 122084
123521 122723
123108 128777
122727 128617
124714 121554
125416 121605
123521 122723
124278 122084
123576 122033
123521 122723
125416 121605
123576 122033
123521 122723
124714 121554
123576 122033
123521 122723
121970 129256
123108 128777
123521 122723
123521 122723
121970 129256
123521 122723
123521 122723
125416 121605
123865 128138
123521 122723
122727 128617
122727 128617
123521 122723
125416 121605
124278 122084
124659 122244
123521 122723
124278 122084
124278 122084
123576 122033
124714 121554
124659 122244
124278 122084
124659 122244
124278 122084
124278 122084
123521 122723
121970 129256
125416 121605
123521 122723
124659 122244
123521 122723
125416 121605
122025 128566
122727 128617
124278 122084
123521 122723
124278 122084
123521 122723
123521 122723
124659 122244
123521 122723
125416 121605
124278 122084
123576 122033
124659 122244
124278 122084
123521 122723
122727 128617
123521 122723
124278 122084
125416 121605
123521 122723
123521 122723
124659 122244
125416 121605
123521 122723
123521 122723
124659 122244
124278 122084
123521 122723
124714 121554
124278 122084
123521 122723
125416 121605
124278 122084
125416 121605
123521 122723
123108 128777
124714 121554
123865 128138
124659 122244
122727 128617
123521 122723
121970 129256
121970 129256
124278 122084
123521 122723
123108 128777
122727 128617
124659 122244
124714 121554
125416 121605
124659 122244
125416 121605
125416 121605
124278 122084
124278 122084
124570 127356
124714 121554
123865 128138
123521 122723
123521 122723
124659 122244
123521 122723
123576 122033
124659 122244
124659 122244
