23 38.3215
791205 713566
791205 713566
718496 759879
718496 759879
737090 717868
756636 717375
729736 740417
728133 744271
723688 758588
786543 715894
729736 740417
786543 715894
786543 715894
729736 740417
786587 716240
726062 788477
726062 788477
771221 719640
743850 731186
726445 761471
736702 744462
786587 716240
733843 752074
750378 725675
757913 719792
730919 754844
726445 761471
736702 744462
752959 724927
756423 722098
730919 754844
757913 719792
756423 722098
786587 716240
786587 716240
805123 716621
732623 783315
732623 783315
755350 729230
771672 724060
788947 722590
733296 778214
767310 724564
733860 764163
754923 738852
737180 762058
737511 751622
744129 741823
798286 718026
739976 746989
805123 716621
796354 718176
791308 720317
746628 740391
749212 740022
791308 720317
739976 746989
739942 751139
749212 740022
739942 751139
796354 718176
796354 718176
796354 718176
791308 720317
739976 746989
811364 717774
733062 785943
733062 785943
735530 765151
744076 749237
787899 726212
772691 727530
738670 758419
755767 739198
806794 720414
793478 720430
746312 741940
746312 741940
739365 751666
770885 730407
793393 723480
787899 726212
738692 753412
806794 720414
766718 734073
762701 735708
772691 727530
762171 737540
759199 739025
767524 730897
767524 730897
759199 739025
793478 720430
793393 723480
764958 734884
765315 734798
762171 737540
733062 785943
764958 734884
806794 720414
806794 720414
806794 720414
806794 720414
787899 726212
787899 726212
764958 734884
759199 739025
759199 739025
733062 785943
827077 720104
735847 773798
797527 720552
827077 720104
740014 757606
791435 727918
737227 769640
769046 731405
774311 728968
745947 751480
752376 744795
766008 736587
747824 747775
785069 728444
763906 739492
749735 746418
742963 754763
737227 769640
762699 741435
758034 743473
785069 728444
765729 736853
797527 720552
742963 754763
742378 757317
760437 742175
758034 743473
760437 742175
742378 757317
827077 720104
827077 720104
827077 720104
827077 720104
797527 720552
797527 720552
785069 728444
760437 742175
742378 757317
737227 769640
737227 769640
835820 724274
736282 789900
736282 789900
737873 781803
740721 759959
801400 727842
815001 724276
785466 728907
802927 725232
748367 751979
815001 724276
769205 740620
765636 741467
747803 757423
769396 735739
769698 734487
780326 731430
758938 744437
751776 747740
777034 734359
777034 734359
756462 745771
783104 729601
760811 742796
749899 749774
744458 758963
780539 730550
802807 726045
755612 747143
760811 742796
785466 728907
750243 748719
755612 747143
747803 757423
744350 759461
743015 759831
750243 748719
743015 759831
736282 789900
744458 758963
777034 734359
760811 742796
750243 748719
736282 789900
803215 726440
736860 800267
736860 800267
737984 782650
740802 760633
793679 729323
778003 734449
748385 755421
771540 738595
759894 746780
755416 748140
748468 751980
763933 744076
766406 742696
783780 733856
788332 730364
786395 730760
755416 748140
769292 742571
785105 733156
748468 751980
770941 741438
770941 741438
788332 730364
783780 733856
748468 751980
796133 729337
738173 783977
778273 734799
741268 764040
741109 783508
766370 749005
766526 744123
751335 756291
757902 749811
773189 741719
749017 757072
756279 750815
744905 760980
777645 739483
743392 761110
756279 750815
776262 740205
775459 741718
775459 741718
776262 740205
743392 761110
776262 740205
821019 735437
741704 770588
749764 758485
780475 735461
760057 749907
757572 754149
771278 746145
779379 738503
773702 745192
778665 740056
778093 741689
774976 743670
776345 742615
776104 743181
810768 736851
743310 775219
743310 775219
780492 741216
807629 737706
751274 774784
751282 766524
763617 757893
752861 763032
771562 750125
775027 744267
774410 745745
756626 759848
764337 753227
756376 761209
765139 752747
768073 750400
768107 750294
811980 736866
747285 776944
806608 742382
781190 742460
752279 769133
776389 749209
756504 766272
768640 754958
777037 748147
758178 760900
765417 757221
760915 760059
768400 755871
789467 743289
747634 779399
776497 751193
784217 746838
752534 771291
769986 755195
758153 768999
767732 758480
756565 770556
762924 762130
759460 765126
759686 764193
767442 760567
763776 760737
830408 743923
756027 776848
808568 746044
761896 764263
801877 748164
767277 762742
759935 770968
772114 756996
779400 753807
770326 758679
757414 771375
791957 748544
790646 749742
787812 751365
780787 752222
785302 751995
803133 748240
757144 788404
773532 758323
785523 753532
765094 765691
759039 774100
757649 782091
768948 764114
799968 749943
792544 751238
758427 774719
791387 751909
767629 764572
802833 748873
823486 748808
759387 788117
765412 774616
773606 760142
768047 765048
803950 750193
823349 749639
794012 751294
784220 759599
766143 769517
786939 754485
786079 755171
802749 751189
802972 751041
804710 750443
760965 793146
769866 766720
774990 760640
767744 779444
799999 753145
786991 755510
785791 760222
767325 784807
765571 790183
763674 792989
804118 752349
786628 757116
816374 752057
764275 793139
768668 783312
769910 772300
787127 759032
778118 763097
807140 754135
773275 766747
767004 790503
796008 755756
767605 785964
772999 771573
801479 754792
775170 763150
793806 757810
789947 758266
804556 754361
825066 753675
765068 796683
805012 755322
770788 776974
789208 762135
797247 758963
778533 763604
773375 770726
774003 768191
771269 776048
776252 764480
792116 758999
792541 758985
813543 755856
771050 778742
802682 759275
792360 763123
784859 768457
789221 765157
808523 757954
776985 768901
774413 772063
773615 774707
772066 776436
775933 770229
814588 757753
771728 780942
802036 763260
775743 775840
792062 766120
786520 770274
771897 780014
787289 768731
778649 771845
795873 763954
776837 771922
793490 764290
829871 762939
771986 784627
778155 773475
817443 763329
777996 780901
787564 770072
794664 766243
789512 769677
806250 764576
799777 766161
809748 763856
772863 781963
775853 780999
814579 765925
772208 794942
780038 776811
773668 784085
773612 787108
797708 770043
807952 766645
801282 767919
788363 770749
784573 776357
785431 773841
788070 773195
807517 768151
775219 786087
781681 777941
801467 769810
786554 774427
792617 772205
789630 772396
807780 768373
775413 808443
782089 784228
790269 781346
778932 792217
778235 797218
775971 805806
794211 778360
801962 771300
800373 774380
797183 776890
796937 777305
801410 772416
809450 769852
782194 788647
788345 785437
794546 783829
802865 775123
797268 781188
807095 771812
797751 778218
800907 776275
808409 771314
809804 770172
783249 806362
789302 787121
798190 778818
801478 776811
789317 786837
813804 772084
792873 789002
811363 772761
801219 780392
798916 780746
793520 788261
845406 779621
793683 800051
799580 789893
815976 782185
804071 782413
822875 782604
796244 803216
804459 784950
805894 788403
804551 793024
807498 788833
807361 799235
811221 796011
818237 800953
753226 680534
694231 757200
737899 684631
728323 693755
708359 723825
695921 745671
714151 717519
705814 735563
726111 704360
719378 705630
715849 712833
716156 707249
704809 738335
724535 705081
701180 742631
702483 742625
701180 742631
701180 742631
751297 686418
698276 745861
698276 745861
739283 689834
707536 739606
712428 724254
751297 686418
709073 729845
730898 694643
717675 719686
725862 708951
720641 712437
730694 701089
710121 728210
720508 715387
730898 694643
729177 702116
728451 703956
726318 706251
717946 717126
718828 717096
727072 705111
727072 705111
718828 717096
727072 705111
753014 688580
700196 762444
700196 762444
739643 695676
753014 688580
730915 703906
707863 744365
725698 717199
700249 746111
714859 728417
710384 729963
718109 719967
700249 746111
709422 734956
708721 740509
728207 708079
727469 714261
716962 724334
709232 737633
718109 719967
716962 724334
726192 714550
730915 703906
728968 706574
728537 707220
727469 714261
728968 706574
700196 762444
753014 688580
728968 706574
776434 693105
701561 753440
739812 696585
763781 694899
708013 744905
720513 721357
701699 750609
772431 693935
719048 727499
709905 739941
739707 705146
714868 732244
710702 737954
726456 719562
730367 711597
717349 728713
731917 709342
735571 707775
727448 718250
727751 715726
729439 713466
710974 734008
736896 705460
728447 714370
714595 733768
735903 706155
710974 734008
733171 708837
717349 728713
739707 705146
726456 719562
714602 733508
733171 708837
733171 708837
717349 728713
750465 697020
704391 770502
704567 757995
741564 697840
750465 697020
708527 750119
727857 717025
722677 721649
712653 745950
708527 750119
731874 713145
727857 717025
720552 725727
719129 731291
741549 705824
734414 712217
722407 724615
718797 736643
738409 706274
712931 739491
712653 745950
735685 711262
718011 736815
715039 738053
741549 705824
720426 730661
731874 713145
737627 707874
737627 707874
722677 721649
712931 739491
735685 711262
737962 707263
720426 730661
714267 738561
714267 738561
715039 738053
718011 736815
750465 697020
712931 739491
712931 739491
712653 745950
758677 697283
704748 764256
750419 698225
707044 760207
725134 721895
709743 755600
758677 697283
736127 711736
743348 701282
716542 738459
713293 743844
729402 718251
722427 725942
712764 747910
720666 730037
747674 698534
734079 713699
738673 709455
723017 724286
712076 751816
733348 716124
729402 718251
739944 706791
719676 736075
720334 734266
739944 706791
720369 731609
745502 700193
738880 707640
710155 752002
745502 700193
743348 701282
713097 744735
718198 737228
733348 716124
718035 737548
716542 738459
710155 752002
713293 743844
713097 744735
743348 701282
729402 718251
729402 718251
710155 752002
760206 697403
706899 766821
706899 766821
710708 754857
748852 699666
714224 747655
716546 739189
738993 708225
730342 718557
759412 698403
744926 703288
713634 753370
725861 722830
733783 717812
722619 728951
724330 725944
738741 710595
748174 701855
745870 702368
722206 733288
718708 737891
735676 715061
725441 723752
721065 735476
736389 715047
718708 737891
736689 711927
722015 733791
721065 735476
736689 711927
759412 698403
735676 715061
721065 735476
718708 737891
770865 699533
711613 762496
711613 762496
754864 699918
725457 724523
770865 699533
715565 751536
732040 721277
715867 747775
718759 738609
734361 719254
717407 739316
723066 731302
745380 705500
741980 709437
750651 703472
736826 713464
741614 711480
723092 730056
736927 712861
748186 705442
715565 751536
749929 705268
750505 705262
723092 730056
723066 731302
723092 730056
774346 700539
716153 751299
716153 751299
755769 700874
717851 746003
748933 705672
737320 721568
737600 716659
741100 713573
744437 709789
719750 739850
732431 723276
725813 728343
723479 735202
755052 704951
744437 709789
723071 737311
740357 714859
751139 705505
732916 722148
716613 750603
721400 739602
727281 724579
726820 725372
724995 731855
725555 731465
755299 702218
755299 702218
727281 724579
719750 739850
716613 750603
724995 731855
724995 731855
783238 701022
717077 754061
759125 701269
721610 740460
738722 718303
733656 722621
755664 706956
726005 730915
758862 705284
719293 749584
753699 709724
724849 737152
725790 736517
740225 717445
719365 747821
729029 726752
742807 714575
745386 712608
720313 743962
720313 743962
731657 724826
749881 710018
727513 729432
733183 722706
746424 710581
744187 713832
731158 726584
747350 710476
727513 729432
749159 710043
731636 725856
743031 714176
770787 701494
718078 755379
722009 743540
726154 732419
755752 707915
739765 719372
746617 714276
759637 704638
769646 702114
736079 723456
729530 728822
746387 715709
757913 707097
731885 725505
732547 725389
773110 701827
720725 771505
761305 705851
720813 756972
725290 747288
743022 720258
757893 712235
726482 743544
736650 723670
756609 717122
728204 734579
735365 726196
751123 719230
748869 719427
731825 729042
730675 730320
729017 733759
749990 719318
731530 729268
773163 702532
722491 773302
765907 708926
726940 764452
727368 753563
751559 720301
759047 716087
744177 722024
760327 714530
738877 724158
728338 737312
749718 721414
737860 729064
727741 745613
727677 746342
730221 734518
735285 731029
734383 731593
732852 732795
731133 733105
731833 732936
771191 712744
728861 763558
760698 718895
728921 742193
746568 723319
762094 715076
739836 725726
746310 724135
738371 729341
729804 738126
736431 733650
732716 735712
737590 732374
731388 735821
788906 713272
729084 755592
773337 718474
762356 720885
748798 726049
738563 735700
729384 747147
739468 729485
730639 745682
732261 738676
732317 737202
740349 726391
744584 726198
765004 721316
729340 767756
746782 726555
740531 728334
732629 737554
730001 752452
732354 738842
729872 756093
741613 727521
767230 721575
730687 753447
754150 726826
741018 733425
736798 739981
732095 752990
733004 744194
735759 740263
745068 728540
733451 743825
748708 727338
750168 726979
741307 731817
741630 728983
742715 728856
776720 724614
731340 755804
736854 746795
762705 727974
768491 727156
732793 753560
749312 729435
743966 736595
747234 730502
738110 740659
742258 737451
741644 740212
741881 739422
749306 730058
770319 728083
734551 754527
738219 742035
757811 729857
746579 736842
754473 733269
743136 737537
738970 741396
755046 730055
754635 732301
765619 730492
736486 761775
738297 744261
760656 731777
751081 736917
745039 738703
738282 752839
736666 755679
748780 737451
763697 731559
745447 737794
765252 731651
739053 752719
758897 738150
754048 738762
748106 743087
742473 748226
745380 744991
741732 750895
741502 751672
746891 744508
747770 743369
761347 740242
740167 760979
753637 743858
742791 754525
748610 747618
746350 750865
760076 746739
743747 770046
749954 749324
747239 758603
744250 760831
760244 748288
748218 765299
755497 752035
750566 759834
751525 754902
750858 756773
764972 748612
749464 767070
757262 761005
799823 694200
703649 779138
751436 727251
788064 695707
726493 773354
786435 715865
743752 740564
727180 759389
731600 751929
726493 773354
739000 747594
765071 725525
774685 717972
766207 722086
728690 758103
743752 740564
786435 715865
774858 716679
736452 748585
766207 722086
765071 725525
774858 716679
774685 717972
786435 715865
774858 716679
816072 698001
704749 788039
790127 709274
754664 733475
775742 720657
709474 780818
725377 779251
737700 750063
733835 767119
729152 774009
750639 748843
769962 727301
750639 748843
737700 750063
775562 723360
733835 767119
762620 732321
769792 730787
762620 732321
769792 730787
769792 730787
769792 730787
769792 730787
750639 748843
737700 750063
737700 750063
737700 750063
733835 767119
801090 710109
714453 799717
723916 791004
725912 781497
731226 774214
786563 721136
735503 767585
758412 743591
772520 730416
756755 748638
744680 753841
738455 759086
737901 763898
752268 750428
764105 733936
793452 712821
791746 717684
777825 721781
774815 729144
760838 736417
777825 721781
764105 733936
752268 750428
744407 759066
760838 736417
744407 759066
793452 712821
791847 716123
744680 753841
774815 729144
791847 716123
791847 716123
791847 716123
777825 721781
777825 721781
807191 710576
715569 817175
715569 817175
794773 719537
724383 793778
720658 802288
779778 721961
778302 726601
752286 751934
732179 777709
730179 789037
736518 769167
762255 744429
756319 750449
732896 775365
720658 802288
776119 733012
804473 719081
807191 710576
804473 719081
729860 789449
764583 737735
742648 766466
750538 757892
768139 735691
772912 733672
747237 758413
746814 765049
779778 721961
746814 765049
756319 750449
768139 735691
715569 817175
737429 767692
764124 740028
763160 743516
741377 767064
773320 733607
750538 757892
747237 758413
764124 740028
737429 767692
732629 777528
741377 767064
763160 743516
762255 744429
730179 789037
732629 777528
732179 777709
741377 767064
772912 733672
747237 758413
804473 719081
772912 733672
768139 735691
764124 740028
763160 743516
747237 758413
747237 758413
741377 767064
741377 767064
737429 767692
737429 767692
737429 767692
732179 777709
720658 802288
720658 802288
720658 802288
801203 719591
721218 805568
721218 805568
790059 722962
737719 771115
722668 802541
801203 719591
778210 733938
780902 727239
774087 735112
747291 766787
725373 793802
735116 779723
766752 739226
742271 767169
750730 761365
785859 724488
763545 746041
758609 753713
759638 751051
764662 743129
730541 790654
725373 793802
734482 780679
734133 786132
769630 737089
732310 786437
730541 790654
752964 753739
744416 766938
750807 759783
769630 737089
752708 755328
782550 725594
759638 751051
752385 757886
782550 725594
752385 757886
764091 745104
732310 786437
752964 753739
735116 779723
721218 805568
763975 745195
734133 786132
764091 745104
769630 737089
769630 737089
764091 745104
752385 757886
732310 786437
730541 790654
730541 790654
721218 805568
826733 721749
722930 819826
722930 819826
810389 727293
726060 799895
797971 728341
826733 721749
764171 746499
742551 771107
754662 754387
784167 732959
738078 780932
789178 728488
745406 767548
751325 763450
773042 738421
733663 793718
735507 782142
765491 744209
752944 761569
753431 755912
777521 735453
776697 736998
734349 787542
767130 739495
734349 787542
767130 739495
730866 794427
727755 796278
726060 799895
729026 795331
777521 735453
727755 796278
777521 735453
777521 735453
767130 739495
767130 739495
727755 796278
726060 799895
726060 799895
794336 729441
723429 831742
723429 831742
727912 797639
777752 737316
753696 757426
766155 749202
794323 729528
767481 741884
735164 789620
744157 780735
748218 771029
751732 766969
738095 781387
735909 783533
750288 767571
723429 831742
797351 737580
737329 803933
776681 744395
744267 781447
787706 741528
737937 784630
737757 795069
752172 778425
771238 748058
755159 766911
791870 739898
762081 758419
766817 757066
753882 773913
769642 751912
759180 762448
758043 763272
767884 753727
752658 775130
752768 774663
802127 741311
738811 788533
764240 758855
783548 747745
798764 742849
760474 764946
754570 776242
749682 781553
771131 752474
749168 787247
759953 772222
759278 772534
773956 751878
778203 750298
743189 787803
781069 750059
741218 788137
807357 746962
739365 792625
754411 791591
767618 760292
785313 747786
776249 755127
761386 767864
761258 775754
802276 747711
754470 785281
765337 764678
754749 779688
756872 778498
783180 750062
783145 754302
779784 754533
803826 747380
788224 748862
741573 798690
751264 793014
781701 757559
758011 784943
764230 770291
747727 795468
771501 760730
767998 762984
762421 774162
783494 750329
783105 755135
761916 780693
758847 783922
761085 781202
770469 761555
792414 750590
742283 811677
775915 761801
749914 796101
786823 755185
758406 790786
769359 763249
748762 807255
767635 774347
743415 810040
759087 784479
790754 754064
764936 776245
762690 781884
761288 782016
766499 776045
793131 750831
742701 827880
746916 816127
759493 787082
752416 804421
783669 762763
789659 755920
752131 806462
769809 764817
776095 763243
768973 775127
764670 785111
767315 780446
773153 763803
761019 785541
767661 777091
792726 756885
759822 818085
770690 765433
789985 761928
759913 794165
769181 785904
770663 779712
761387 790118
760604 791221
797728 757726
763549 794718
773058 766078
792377 766033
771350 778138
768900 790125
770745 782251
793961 763338
769978 788430
796580 760681
797106 758781
797055 761418
763629 819861
765318 796018
771731 795421
790259 766274
776150 767018
780974 766360
773105 778949
771942 779677
796021 765079
803908 762467
765376 796265
799200 763807
781770 769293
774685 785584
776586 772650
772339 788558
779130 772233
779295 769510
772776 786589
805166 763851
768233 798841
800865 769088
782720 771226
774034 787629
776801 779733
770486 797783
778713 774276
779100 774220
809221 766153
769231 806564
786241 772551
776961 788635
776403 799831
778745 775069
778178 781675
771159 801183
770591 803819
809780 766293
769559 832886
793179 772577
769878 808927
778765 785146
775301 801246
785943 777469
773795 803121
779560 779757
788707 777169
791292 773700
778860 780070
775115 801517
802399 773235
778458 809915
779228 780669
792712 777467
789872 779289
806394 775599
778702 826668
779545 797500
790983 780013
779586 783213
784071 783127
789969 780632
797002 781328
779883 788631
787878 783186
790335 782671
794990 781406
792478 784610
780414 813445
781569 789453
788804 786539
781185 802867
780573 810246
803951 786612
781333 813165
783718 804819
785194 794603
791211 789769
795452 787515
789000 793697
799577 786871
783592 811346
782737 812721
820026 787373
786177 796367
802379 790454
791413 793538
794437 790481
793219 791911
795455 796443
788164 796729
814469 799057
788742 820348
807259 799893
790464 809379
795152 802204
793870 807729
794057 805214
815304 810680
790545 814517
796591 811650
795899 811872
