33 0.222346
171136 166931 163309
161677 170387 173733
172355 167259 157294
175142 169968 155811
170036 168025 182467
185199 170107 170661
164362 165078 178010
177950 167399 173145
152055 177821 174016
174101 175735 170880
175410 168940 166106
155327 165440 178475
177310 168734 177976
172860 163450 172153
177704 162984 168378
172020 169756 164193
176467 169685 164210
188019 159635 171851
167756 176535 179720
184712 174115 166158
180432 179015 176466
192574 175975 159447
179706 154800 155778
160052 162530 169736
176113 165618 175052
164505 169409 159836
163338 164380 171022
173214 170425 157447
156083 155745 165770
172517 179494 155627
158199 180741 175116
172302 168619 149388
179759 159622 154633
176428 170121 148165
175417 161501 176527
180009 173286 175673
160647 174182 181139
176800 155601 175428
182286 170122 174088
182406 190134 177581
175387 177975 167515
169860 169418 160350
173472 168275 182898
181765 166589 176140
163694 170486 174522
163312 172291 170261
174808 164627 162250
171807 172514 177183
169190 174241 161097
174663 171249 172299
174800 166632 178146
172294 167558 159741
171161 167075 177872
178922 175060 172838
171439 180812 173624
166235 167553 171811
181558 170710 182007
169303 180373 178100
163477 174919 168181
176964 165622 176173
186853 155777 157727
186328 161781 170157
164097 163247 171000
166382 169454 167704
177727 159679 177937
160892 182911 162161
182876 158297 167275
170288 173139 181570
164091 173074 158878
165931 165558 176833
155211 157600 179223
174711 169155 175272
163476 154519 177941
154916 168016 183457
171477 161127 160918
179932 160534 180842
155271 168054 177327
172675 170096 162835
161451 173878 174630
166533 170060 180050
169800 161940 171580
179456 156642 171161
179432 177139 180380
172185 156509 176233
178229 177114 168670
188980 184261 175295
174959 172573 168251
172976 176302 145352
167388 164792 184409
181248 166921 167428
172755 167369 178849
165397 161988 163978
170106 171387 156981
181762 177569 184769
179695 171404 166131
162609 184079 172040
163476 165515 174917
162751 159471 173749
160973 178279 167007
171641 165530 176556
170223 171978 176694
176965 169519 169819
167435 178431 160517
178700 171792 164474
173272 169485 158670
193216 169147 158928
161318 167014 171745
171480 171112 164236
170171 175078 162903
174922 174506 171250
171664 176434 158778
173271 173416 174689
173763 171260 170682
176275 174553 171980
165659 172079 168330
171753 176792 170635
171813 155111 153418
169358 176415 166241
171459 175062 162629
147222 180483 178565
182355 169959 167001
170566 170559 178828
165519 169516 152133
182036 172922 180568
171983 166325 182252
175840 174789 173450
169411 169136 171051
180225 167236 162742
175353 157658 175171
178488 176292 164590
168313 175495 175737
184190 171527 167573
166817 159335 173563
183304 180391 179765
168463 169425 178847
168984 169548 171740
172289 178558 172967
152795 187825 169263
167384 177653 188112
162635 176899 174447
178090 158033 152290
169345 170506 166511
172817 176056 168365
183150 174537 168552
165255 174789 172254
167810 162400 172120
163505 166460 165820
171935 177145 182621
173296 166742 172351
171851 170134 181492
174652 179636 173657
178159 176948 171492
167222 183141 178495
165689 181777 170088
169296 167343 170189
171260 157892 146386
169318 177935 178866
195528 171429 164339
177498 170437 165728
176549 170060 172218
177938 159862 161418
174670 166277 178634
185381 176569 152380
165601 172382 174552
182328 180833 162009
185678 166444 158501
177507 174760 178519
179408 174596 160275
174254 155043 182041
179816 161253 167094
175132 152164 159068
169940 158762 161979
173477 160263 147960
168490 178630 158617
183796 174694 173376
169488 174263 164156
167399 175692 162995
187134 182602 162924
171264 159946 169444
166992 165996 169769
167932 170054 180929
169737 171796 166106
173530 153000 176762
172850 175227 181254
177964 164016 170373
183586 162844 180114
157185 165216 160408
163886 170777 156930
173612 166350 165762
160050 174979 172542
160904 177724 173212
170340 168008 174549
184087 171814 165471
162526 173413 149891
162982 174317 182948
157290 179957 182152
184871 167318 178305
162758 178816 178266
169751 166424 164547
175210 167267 171262
170210 169801 167889
162835 164748 163363
158698 167340 166286
167734 163162 169115
166368 156892 179541
161214 167083 152398
165491 181544 181628
168546 173835 161167
165886 180856 176498
178343 174844 153070
169614 170780 164166
182050 161605 158205
175088 167389 164301
158443 157605 162409
175138 177409 181607
167024 163775 161627
171180 160519 164814
177555 180372 178898
164427 154228 167435
172929 157303 176670
171477 167868 187018
177512 168826 177962
184548 164074 176501
171164 171175 192043
173143 156096 177341
172519 174246 177490
176173 160169 168719
173524 167141 163561
168848 162634 180639
182501 183985 170996
158572 171940 168570
179342 165926 170346
178987 165234 189792
172422 180856 165640
169370 162553 173326
168212 171996 181084
174915 172231 182680
153684 173376 175659
171130 183666 164781
165928 166219 179012
162144 165908 174318
171485 159182 178834
177439 170820 164160
168360 189080 174967
180113 166844 164245
186920 158685 163152
172606 172666 155617
188876 166690 172101
