889 10.4465
290530 413790 284182 283423
203723 316280 315202 307887
345290 186225 320934 324477
296071 289940 263123 390526
280461 283245 387244 274153
412839 282893 286006 291812
323986 340068 193290 325635
338757 305103 328457 189473
321879 313233 327112 217455
334569 316390 323226 197113
210612 310150 317067 306658
309190 325843 329011 245004
399074 288217 296120 299222
331161 349587 243658 301905
304434 312015 346873 268638
290446 303063 258732 356148
350892 217867 307801 317671
303381 397294 290736 279254
348832 232601 314061 319563
362770 248663 291764 306999
240461 294264 312896 315120
304420 303891 351348 263450
297070 295702 269772 370466
328072 327799 231769 310033
291870 411418 287835 285212
337603 332579 223607 310738
303692 292330 264584 381805
320947 308592 326220 237217
271207 371403 283160 294854
341812 202220 315002 316846
276925 359590 278009 296299
328801 291752 338296 294451
284328 282450 374398 277174
346217 191022 314764 322511
288073 284852 382940 276482
316757 318257 321878 230225
273800 362402 276266 296636
358404 244207 288990 308258
306843 326922 329844 246428
250745 317501 309179 297737
223015 304731 319844 311050
301539 296201 271909 343175
267418 372166 283340 293523
279815 287991 365072 281775
302935 313693 334357 253920
371773 305658 280028 313123
290270 379935 294612 287162
324093 330524 210732 327166
228304 307368 321899 307412
343359 221464 309784 324555
295521 302974 266464 348574
300492 334246 285496 337196
284041 283697 383619 275261
260202 307708 318157 298609
325715 329993 233847 312095
389871 304058 284377 286749
335083 313840 324755 195467
302730 306694 350305 265164
319623 312443 323141 222922
320164 338015 198531 328671
315001 270709 314771 336118
305423 318385 335143 250842
336592 333307 219997 314550
298997 292525 259764 364663
407755 279908 287573 294992
312973 266569 313907 336685
356879 247854 288366 312121
288589 288060 360022 276486
244721 293223 314023 314364
342417 201872 314512 317965
346940 239922 312915 313693
342247 256411 304109 307300
290446 303063 258732 356148
298997 292525 259764 364663
331119 353268 242621 305559
319857 309562 332359 221419
292387 375771 295959 286145
334327 352932 241055 303675
326502 289002 357686 278428
323166 327296 212772 329319
288118 386238 302790 284336
324437 340210 203710 319769
295224 306179 242992 351641
408721 279516 287114 291406
368320 248188 295692 305173
265315 302844 314600 297832
278413 280292 366794 280753
288022 383544 303096 282089
380719 301179 281250 288448
379473 304143 277924 314524
341077 257555 300569 309245
299575 389763 295850 285950
299542 291357 265968 373708
297603 393945 289203 287916
335356 344973 237932 302716
294158 294388 274007 385537
322918 260341 287766 330961
280461 283245 387244 274153
334054 331632 216380 316469
299411 295960 271891 343913
