55 17.739
3.24074e+06 3.00806e+06
3.05112e+06 3.16938e+06
3.05112e+06 3.16938e+06
3.23297e+06 3.01774e+06
3.05307e+06 3.16593e+06
3.16382e+06 3.02113e+06
3.10549e+06 3.06013e+06
3.05772e+06 3.11079e+06
3.09542e+06 3.09805e+06
3.05772e+06 3.11079e+06
3.09649e+06 3.09556e+06
3.15595e+06 3.02524e+06
3.11418e+06 3.05067e+06
3.13322e+06 3.04406e+06
3.13322e+06 3.04406e+06
3.24074e+06 3.00806e+06
3.15957e+06 3.02458e+06
3.16382e+06 3.02113e+06
3.09649e+06 3.09556e+06
3.05112e+06 3.16938e+06
3.16382e+06 3.02113e+06
3.13322e+06 3.04406e+06
3.09649e+06 3.09556e+06
3.09649e+06 3.09556e+06
3.05112e+06 3.16938e+06
3.18379e+06 3.02327e+06
3.05586e+06 3.21301e+06
3.05586e+06 3.21301e+06
3.0654e+06 3.11583e+06
3.10897e+06 3.11234e+06
3.13379e+06 3.05218e+06
3.05911e+06 3.17232e+06
3.12458e+06 3.08123e+06
3.18379e+06 3.02327e+06
3.16306e+06 3.0322e+06
3.0624e+06 3.14984e+06
3.15286e+06 3.04578e+06
3.15636e+06 3.04006e+06
3.0624e+06 3.14984e+06
3.05911e+06 3.17232e+06
3.11141e+06 3.1104e+06
3.11163e+06 3.08842e+06
3.13329e+06 3.06623e+06
3.11163e+06 3.08842e+06
3.16306e+06 3.0322e+06
3.12582e+06 3.06864e+06
3.15286e+06 3.04578e+06
3.13121e+06 3.06851e+06
3.12582e+06 3.06864e+06
3.0654e+06 3.11583e+06
3.11163e+06 3.08842e+06
3.11141e+06 3.1104e+06
3.13121e+06 3.06851e+06
3.05586e+06 3.21301e+06
3.16306e+06 3.0322e+06
3.11141e+06 3.1104e+06
3.11141e+06 3.1104e+06
3.11141e+06 3.1104e+06
3.11141e+06 3.1104e+06
3.0624e+06 3.14984e+06
3.05911e+06 3.17232e+06
3.20344e+06 3.02793e+06
3.06365e+06 3.15078e+06
3.06365e+06 3.15078e+06
3.10684e+06 3.11726e+06
3.11192e+06 3.0885e+06
3.12833e+06 3.08032e+06
3.0732e+06 3.12311e+06
3.06849e+06 3.13326e+06
3.15964e+06 3.04741e+06
3.13844e+06 3.07236e+06
3.11192e+06 3.0885e+06
3.09604e+06 3.1219e+06
3.19378e+06 3.04088e+06
3.14412e+06 3.05916e+06
3.17688e+06 3.04544e+06
3.17688e+06 3.04544e+06
3.0672e+06 3.14576e+06
3.13222e+06 3.07923e+06
3.13793e+06 3.07641e+06
3.20317e+06 3.03726e+06
3.19378e+06 3.04088e+06
3.07146e+06 3.12557e+06
3.10589e+06 3.12059e+06
3.09604e+06 3.1219e+06
3.20344e+06 3.02793e+06
3.20317e+06 3.03726e+06
3.0672e+06 3.14576e+06
3.1528e+06 3.05421e+06
3.14598e+06 3.05567e+06
3.15364e+06 3.04842e+06
3.1528e+06 3.05421e+06
3.15364e+06 3.04842e+06
3.14598e+06 3.05567e+06
3.14412e+06 3.05916e+06
3.17688e+06 3.04544e+06
3.10589e+06 3.12059e+06
3.07146e+06 3.12557e+06
3.06365e+06 3.15078e+06
3.20344e+06 3.02793e+06
3.20344e+06 3.02793e+06
3.20344e+06 3.02793e+06
3.20317e+06 3.03726e+06
3.19378e+06 3.04088e+06
3.17688e+06 3.04544e+06
3.17688e+06 3.04544e+06
3.15364e+06 3.04842e+06
3.1528e+06 3.05421e+06
3.14412e+06 3.05916e+06
3.11192e+06 3.0885e+06
3.11192e+06 3.0885e+06
3.11192e+06 3.0885e+06
3.11192e+06 3.0885e+06
3.11192e+06 3.0885e+06
3.11192e+06 3.0885e+06
3.10589e+06 3.12059e+06
3.07146e+06 3.12557e+06
3.07146e+06 3.12557e+06
3.0672e+06 3.14576e+06
3.0672e+06 3.14576e+06
3.0672e+06 3.14576e+06
3.0672e+06 3.14576e+06
3.22042e+06 3.03726e+06
3.06369e+06 3.15128e+06
3.06369e+06 3.15128e+06
3.15794e+06 3.04975e+06
3.08293e+06 3.12599e+06
3.09708e+06 3.12224e+06
3.20244e+06 3.0436e+06
3.19312e+06 3.04637e+06
3.13489e+06 3.08274e+06
3.11284e+06 3.10733e+06
3.11488e+06 3.09389e+06
3.22042e+06 3.03726e+06
3.14964e+06 3.06126e+06
3.11284e+06 3.10733e+06
3.1531e+06 3.06071e+06
3.14723e+06 3.07382e+06
3.11671e+06 3.09007e+06
3.14723e+06 3.07382e+06
3.1381e+06 3.07875e+06
3.19312e+06 3.04637e+06
3.08761e+06 3.12371e+06
3.11671e+06 3.09007e+06
3.1381e+06 3.07875e+06
3.08293e+06 3.12599e+06
3.11671e+06 3.09007e+06
3.08761e+06 3.12371e+06
3.1531e+06 3.06071e+06
3.08761e+06 3.12371e+06
3.14723e+06 3.07382e+06
3.14723e+06 3.07382e+06
3.14723e+06 3.07382e+06
3.11671e+06 3.09007e+06
3.11671e+06 3.09007e+06
3.11284e+06 3.10733e+06
3.08293e+06 3.12599e+06
3.08293e+06 3.12599e+06
3.08293e+06 3.12599e+06
3.25423e+06 3.03892e+06
3.06471e+06 3.17733e+06
3.06471e+06 3.17733e+06
3.15053e+06 3.07232e+06
3.22273e+06 3.04129e+06
3.0704e+06 3.15755e+06
3.13021e+06 3.09318e+06
3.15953e+06 3.05183e+06
3.25423e+06 3.03892e+06
3.09539e+06 3.14738e+06
3.07163e+06 3.15313e+06
3.20313e+06 3.04978e+06
3.17297e+06 3.04988e+06
3.11306e+06 3.10972e+06
3.11144e+06 3.12835e+06
3.1399e+06 3.08977e+06
3.11845e+06 3.10132e+06
3.21172e+06 3.04617e+06
3.14283e+06 3.07951e+06
3.11845e+06 3.10132e+06
3.11306e+06 3.10972e+06
3.0993e+06 3.13173e+06
3.09572e+06 3.13974e+06
3.21172e+06 3.04617e+06
3.20313e+06 3.04978e+06
3.09572e+06 3.13974e+06
3.09539e+06 3.14738e+06
3.1408e+06 3.0824e+06
3.10394e+06 3.12899e+06
3.17297e+06 3.04988e+06
3.16459e+06 3.05031e+06
3.0993e+06 3.13173e+06
3.11144e+06 3.12835e+06
3.10459e+06 3.12894e+06
3.07163e+06 3.15313e+06
3.16459e+06 3.05031e+06
3.15953e+06 3.05183e+06
3.14283e+06 3.07951e+06
3.1408e+06 3.0824e+06
3.1408e+06 3.0824e+06
3.10459e+06 3.12894e+06
3.25423e+06 3.03892e+06
3.25423e+06 3.03892e+06
3.20313e+06 3.04978e+06
3.20313e+06 3.04978e+06
3.20313e+06 3.04978e+06
3.20313e+06 3.04978e+06
3.14283e+06 3.07951e+06
3.1408e+06 3.0824e+06
3.1408e+06 3.0824e+06
3.1408e+06 3.0824e+06
3.11144e+06 3.12835e+06
3.11144e+06 3.12835e+06
3.11144e+06 3.12835e+06
3.0993e+06 3.13173e+06
3.0993e+06 3.13173e+06
3.09539e+06 3.14738e+06
3.07163e+06 3.15313e+06
3.27909e+06 3.04262e+06
3.0686e+06 3.1836e+06
3.18256e+06 3.05136e+06
3.23238e+06 3.04358e+06
3.22171e+06 3.04793e+06
3.16424e+06 3.05344e+06
3.08049e+06 3.16034e+06
3.07711e+06 3.17814e+06
3.13274e+06 3.10136e+06
3.16068e+06 3.05966e+06
3.11915e+06 3.10966e+06
3.1513e+06 3.07543e+06
3.09634e+06 3.14469e+06
3.1462e+06 3.09633e+06
3.0958e+06 3.15811e+06
3.08702e+06 3.15975e+06
3.10553e+06 3.13252e+06
3.10197e+06 3.14242e+06
3.11915e+06 3.10966e+06
3.23238e+06 3.04358e+06
3.13352e+06 3.09822e+06
3.16054e+06 3.07087e+06
3.07711e+06 3.17814e+06
3.11764e+06 3.12069e+06
3.16054e+06 3.07087e+06
3.22171e+06 3.04793e+06
3.1486e+06 3.08026e+06
3.10737e+06 3.13055e+06
3.14756e+06 3.08832e+06
3.14756e+06 3.08832e+06
3.0958e+06 3.15811e+06
3.10197e+06 3.14242e+06
3.11764e+06 3.12069e+06
3.11528e+06 3.12472e+06
3.11467e+06 3.12594e+06
3.08049e+06 3.16034e+06
3.11467e+06 3.12594e+06
3.1486e+06 3.08026e+06
3.10737e+06 3.13055e+06
3.10553e+06 3.13252e+06
3.1462e+06 3.09633e+06
3.13324e+06 3.09907e+06
3.09634e+06 3.14469e+06
3.11528e+06 3.12472e+06
3.11467e+06 3.12594e+06
3.13324e+06 3.09907e+06
3.11764e+06 3.12069e+06
3.1486e+06 3.08026e+06
3.09634e+06 3.14469e+06
3.23238e+06 3.04358e+06
3.23238e+06 3.04358e+06
3.22171e+06 3.04793e+06
3.22171e+06 3.04793e+06
3.16054e+06 3.07087e+06
3.14756e+06 3.08832e+06
3.14756e+06 3.08832e+06
3.1462e+06 3.09633e+06
3.1462e+06 3.09633e+06
3.13324e+06 3.09907e+06
3.11764e+06 3.12069e+06
3.11764e+06 3.12069e+06
3.11764e+06 3.12069e+06
3.11764e+06 3.12069e+06
3.11764e+06 3.12069e+06
3.11467e+06 3.12594e+06
3.11467e+06 3.12594e+06
3.11467e+06 3.12594e+06
3.11467e+06 3.12594e+06
3.11467e+06 3.12594e+06
3.11467e+06 3.12594e+06
3.11467e+06 3.12594e+06
3.10553e+06 3.13252e+06
3.10553e+06 3.13252e+06
3.10197e+06 3.14242e+06
3.18278e+06 3.05202e+06
3.18278e+06 3.05202e+06
3.07835e+06 3.21996e+06
3.08764e+06 3.16517e+06
3.10345e+06 3.15783e+06
3.12132e+06 3.1181e+06
3.14758e+06 3.10039e+06
3.13186e+06 3.1111e+06
3.1573e+06 3.07585e+06
3.16737e+06 3.06199e+06
3.16182e+06 3.06748e+06
3.17735e+06 3.05655e+06
3.18143e+06 3.0557e+06
3.17735e+06 3.05655e+06
3.18278e+06 3.05202e+06
3.17735e+06 3.05655e+06
3.20918e+06 3.05493e+06
3.10576e+06 3.17976e+06
3.1607e+06 3.08685e+06
3.12034e+06 3.15958e+06
3.13545e+06 3.15059e+06
3.1487e+06 3.11383e+06
3.14348e+06 3.12426e+06
3.1915e+06 3.07787e+06
3.17698e+06 3.0829e+06
3.20615e+06 3.06815e+06
3.21521e+06 3.07378e+06
3.11277e+06 3.19331e+06
3.1609e+06 3.0876e+06
3.14621e+06 3.12765e+06
3.21484e+06 3.07584e+06
3.12593e+06 3.16447e+06
3.12174e+06 3.17113e+06
3.12422e+06 3.16991e+06
3.21803e+06 3.08715e+06
3.12107e+06 3.25665e+06
3.17075e+06 3.08903e+06
3.15218e+06 3.14724e+06
3.12549e+06 3.20422e+06
3.1701e+06 3.14709e+06
3.17043e+06 3.1113e+06
3.14394e+06 3.17868e+06
3.12873e+06 3.1959e+06
3.13444e+06 3.1845e+06
3.1391e+06 3.17892e+06
3.17331e+06 3.09129e+06
3.1354e+06 3.19985e+06
3.15279e+06 3.15169e+06
3.14114e+06 3.19846e+06
3.20383e+06 3.09587e+06
3.13944e+06 3.21052e+06
3.1739e+06 3.09765e+06
3.1572e+06 3.16109e+06
3.15444e+06 3.18471e+06
3.18989e+06 3.11345e+06
3.14371e+06 3.21754e+06
3.15926e+06 3.2156e+06
3.17471e+06 3.13264e+06
3.18772e+06 3.13145e+06
3.15943e+06 3.17743e+06
3.1745e+06 3.16729e+06
3.1704e+06 3.1726e+06
3.16465e+06 3.17538e+06
3.1919e+06 3.11568e+06
3.15466e+06 3.24282e+06
3.17935e+06 3.15483e+06
3.15979e+06 3.18052e+06
3.1736e+06 3.17348e+06
3.16936e+06 3.17864e+06
3.15959e+06 3.20421e+06
3.15795e+06 3.22378e+06
3.15547e+06 3.23827e+06
3.2002e+06 3.12278e+06
3.16024e+06 3.18687e+06
3.17906e+06 3.17774e+06
3.18899e+06 3.17325e+06
3.19282e+06 3.15108e+06
3.19833e+06 3.14044e+06
3.20313e+06 3.12557e+06
3.16072e+06 3.19981e+06
3.16377e+06 3.19757e+06
3.19466e+06 3.18651e+06
3.19878e+06 3.1412e+06
3.19486e+06 3.18036e+06
3.21564e+06 3.13105e+06
3.16455e+06 3.21538e+06
3.19521e+06 3.19268e+06
3.20977e+06 3.1575e+06
3.18384e+06 3.20624e+06
3.20122e+06 3.17338e+06
3.17483e+06 3.20819e+06
3.20299e+06 3.16187e+06
3.2468e+06 3.14824e+06
3.16834e+06 3.22363e+06
3.17931e+06 3.21226e+06
3.19627e+06 3.20437e+06
3.22453e+06 3.16222e+06
3.24026e+06 3.15557e+06
3.20577e+06 3.19061e+06
3.20655e+06 3.17026e+06
3.20505e+06 3.19637e+06
3.21065e+06 3.16608e+06
3.20765e+06 3.16757e+06
3.24588e+06 3.16663e+06
3.1698e+06 3.2277e+06
3.19892e+06 3.21064e+06
3.20736e+06 3.17969e+06
3.17985e+06 3.22006e+06
3.22158e+06 3.17818e+06
3.24119e+06 3.16835e+06
3.24658e+06 3.17036e+06
3.17765e+06 3.2426e+06
3.20055e+06 3.21491e+06
3.2085e+06 3.18841e+06
3.2294e+06 3.18639e+06
3.18212e+06 3.22223e+06
3.24866e+06 3.18469e+06
3.20919e+06 3.20528e+06
3.22805e+06 3.20082e+06
3.24849e+06 3.18609e+06
3.25603e+06 3.19279e+06
3.21017e+06 3.20947e+06
3.25354e+06 3.20295e+06
3.22569e+06 3.20557e+06
3.2302e+06 3.20581e+06
3.2227e+06 3.24266e+06
3.2391e+06 3.20618e+06
3.22391e+06 3.25822e+06
3.23136e+06 3.20882e+06
3.23635e+06 3.21092e+06
3.24419e+06 3.21855e+06
3.23945e+06 3.22943e+06
3.2556e+06 3.24096e+06
3.20879e+06 3.01004e+06
3.01398e+06 3.20142e+06
3.01398e+06 3.20142e+06
3.02514e+06 3.1155e+06
3.13663e+06 3.01821e+06
3.09529e+06 3.02461e+06
3.07602e+06 3.05015e+06
3.12108e+06 3.01851e+06
3.05027e+06 3.11102e+06
3.06734e+06 3.08096e+06
3.06064e+06 3.09981e+06
3.07428e+06 3.07374e+06
3.13663e+06 3.01821e+06
3.07428e+06 3.07374e+06
3.06734e+06 3.08096e+06
3.05925e+06 3.10681e+06
3.06064e+06 3.09981e+06
3.05403e+06 3.10711e+06
3.05403e+06 3.10711e+06
3.13663e+06 3.01821e+06
3.06064e+06 3.09981e+06
3.06064e+06 3.09981e+06
3.14642e+06 3.01825e+06
3.01451e+06 3.21938e+06
3.01451e+06 3.21938e+06
3.04046e+06 3.13082e+06
3.11193e+06 3.02853e+06
3.03676e+06 3.18765e+06
3.08208e+06 3.07739e+06
3.09123e+06 3.06113e+06
3.06316e+06 3.10607e+06
3.03044e+06 3.19974e+06
3.10241e+06 3.0421e+06
3.06959e+06 3.09032e+06
3.11007e+06 3.03223e+06
3.06959e+06 3.09032e+06
3.05062e+06 3.1233e+06
3.10228e+06 3.05826e+06
3.10228e+06 3.05826e+06
3.0575e+06 3.11678e+06
3.03044e+06 3.19974e+06
3.05398e+06 3.12067e+06
3.03459e+06 3.19146e+06
3.0575e+06 3.11678e+06
3.05062e+06 3.1233e+06
3.03676e+06 3.18765e+06
3.11193e+06 3.02853e+06
3.03459e+06 3.19146e+06
3.05458e+06 3.11717e+06
3.05435e+06 3.11723e+06
3.03459e+06 3.19146e+06
3.05435e+06 3.11723e+06
3.0575e+06 3.11678e+06
3.10228e+06 3.05826e+06
3.10228e+06 3.05826e+06
3.06959e+06 3.09032e+06
3.06959e+06 3.09032e+06
3.06959e+06 3.09032e+06
3.0575e+06 3.11678e+06
3.0575e+06 3.11678e+06
3.0575e+06 3.11678e+06
3.03459e+06 3.19146e+06
3.03459e+06 3.19146e+06
3.03459e+06 3.19146e+06
3.03459e+06 3.19146e+06
3.03044e+06 3.19974e+06
3.03044e+06 3.19974e+06
3.03044e+06 3.19974e+06
3.17006e+06 3.02008e+06
3.02313e+06 3.30104e+06
3.04867e+06 3.18684e+06
3.12181e+06 3.03372e+06
3.16498e+06 3.03147e+06
3.06202e+06 3.12742e+06
3.02583e+06 3.23855e+06
3.08779e+06 3.08488e+06
3.09879e+06 3.06524e+06
3.10572e+06 3.05053e+06
3.07288e+06 3.09108e+06
3.03326e+06 3.2233e+06
3.11128e+06 3.04484e+06
3.07288e+06 3.09108e+06
3.06915e+06 3.11438e+06
3.04014e+06 3.2149e+06
3.04014e+06 3.2149e+06
3.09777e+06 3.08159e+06
3.09777e+06 3.08159e+06
3.02978e+06 3.22839e+06
3.02583e+06 3.23855e+06
3.11128e+06 3.04484e+06
3.04014e+06 3.2149e+06
3.06915e+06 3.11438e+06
3.02978e+06 3.22839e+06
3.06399e+06 3.11759e+06
3.06399e+06 3.11759e+06
3.06355e+06 3.12437e+06
3.06355e+06 3.12437e+06
3.06399e+06 3.11759e+06
3.06915e+06 3.11438e+06
3.04014e+06 3.2149e+06
3.02978e+06 3.22839e+06
3.02978e+06 3.22839e+06
3.17803e+06 3.03031e+06
3.02987e+06 3.2403e+06
3.07243e+06 3.1186e+06
3.16234e+06 3.03619e+06
3.13664e+06 3.0366e+06
3.05156e+06 3.19942e+06
3.06595e+06 3.16805e+06
3.07152e+06 3.15823e+06
3.12396e+06 3.04296e+06
3.04945e+06 3.19974e+06
3.11202e+06 3.05097e+06
3.04628e+06 3.22349e+06
3.04628e+06 3.22349e+06
3.03351e+06 3.23276e+06
3.0738e+06 3.0955e+06
3.11955e+06 3.05001e+06
3.08877e+06 3.09431e+06
3.0738e+06 3.0955e+06
3.09854e+06 3.08281e+06
3.10326e+06 3.07176e+06
3.07152e+06 3.15823e+06
3.06595e+06 3.16805e+06
3.10831e+06 3.06335e+06
3.10468e+06 3.06978e+06
3.09854e+06 3.08704e+06
3.03351e+06 3.23276e+06
3.10831e+06 3.06335e+06
3.09215e+06 3.08849e+06
3.08877e+06 3.09431e+06
3.09215e+06 3.08849e+06
3.06595e+06 3.16805e+06
3.04628e+06 3.22349e+06
3.04628e+06 3.22349e+06
3.14477e+06 3.03804e+06
3.04044e+06 3.2465e+06
3.04044e+06 3.2465e+06
3.0739e+06 3.15302e+06
3.0795e+06 3.09914e+06
3.06673e+06 3.19345e+06
3.04096e+06 3.23728e+06
3.05131e+06 3.21522e+06
3.07542e+06 3.12936e+06
3.09487e+06 3.09338e+06
3.13282e+06 3.04594e+06
3.13282e+06 3.04594e+06
3.11977e+06 3.05002e+06
3.10509e+06 3.08621e+06
3.11016e+06 3.08344e+06
3.05813e+06 3.20472e+06
3.06438e+06 3.20034e+06
3.08848e+06 3.09913e+06
3.05236e+06 3.20971e+06
3.07412e+06 3.1372e+06
3.11792e+06 3.05678e+06
3.1143e+06 3.06988e+06
3.11097e+06 3.07227e+06
3.115e+06 3.05906e+06
3.06673e+06 3.19345e+06
3.07542e+06 3.12936e+06
3.07412e+06 3.1372e+06
3.09194e+06 3.09656e+06
3.08848e+06 3.09913e+06
3.09194e+06 3.09656e+06
3.115e+06 3.05906e+06
3.11413e+06 3.0706e+06
3.11097e+06 3.07227e+06
3.11945e+06 3.05204e+06
3.10723e+06 3.08531e+06
3.05131e+06 3.21522e+06
3.06079e+06 3.2006e+06
3.06079e+06 3.2006e+06
3.0593e+06 3.2032e+06
3.10723e+06 3.08531e+06
3.10509e+06 3.08621e+06
3.05236e+06 3.20971e+06
3.0593e+06 3.2032e+06
3.11977e+06 3.05002e+06
3.11945e+06 3.05204e+06
3.05236e+06 3.20971e+06
3.11413e+06 3.0706e+06
3.04044e+06 3.2465e+06
3.11945e+06 3.05204e+06
3.06079e+06 3.2006e+06
3.06079e+06 3.2006e+06
3.05131e+06 3.21522e+06
3.04044e+06 3.2465e+06
3.04044e+06 3.2465e+06
3.04044e+06 3.2465e+06
3.04044e+06 3.2465e+06
3.04044e+06 3.2465e+06
3.04044e+06 3.2465e+06
3.04044e+06 3.2465e+06
3.17234e+06 3.03808e+06
3.04389e+06 3.25183e+06
3.07665e+06 3.13481e+06
3.07181e+06 3.19899e+06
3.08037e+06 3.11089e+06
3.17234e+06 3.03808e+06
3.14618e+06 3.03857e+06
3.14508e+06 3.04232e+06
3.12586e+06 3.05204e+06
3.05708e+06 3.22485e+06
3.04593e+06 3.24291e+06
3.06194e+06 3.20224e+06
3.05708e+06 3.22485e+06
3.11139e+06 3.09226e+06
3.12488e+06 3.05764e+06
3.12184e+06 3.07276e+06
3.06194e+06 3.20224e+06
3.0868e+06 3.1028e+06
3.12184e+06 3.07276e+06
3.11363e+06 3.075e+06
3.09102e+06 3.10168e+06
3.10647e+06 3.0942e+06
3.09932e+06 3.09642e+06
3.09543e+06 3.10136e+06
3.11148e+06 3.07892e+06
3.04593e+06 3.24291e+06
3.09798e+06 3.09936e+06
3.10647e+06 3.0942e+06
3.0868e+06 3.1028e+06
3.11363e+06 3.075e+06
3.11148e+06 3.07892e+06
3.12488e+06 3.05764e+06
3.12586e+06 3.05204e+06
3.14618e+06 3.03857e+06
3.14508e+06 3.04232e+06
3.09932e+06 3.09642e+06
3.12586e+06 3.05204e+06
3.14618e+06 3.03857e+06
3.14618e+06 3.03857e+06
3.14618e+06 3.03857e+06
3.14618e+06 3.03857e+06
3.14618e+06 3.03857e+06
3.12586e+06 3.05204e+06
3.10647e+06 3.0942e+06
3.09932e+06 3.09642e+06
3.09932e+06 3.09642e+06
3.05708e+06 3.22485e+06
3.18444e+06 3.03981e+06
3.05261e+06 3.25244e+06
3.07795e+06 3.19795e+06
3.08062e+06 3.12364e+06
3.16481e+06 3.04851e+06
3.09381e+06 3.11088e+06
3.0646e+06 3.22441e+06
3.11207e+06 3.09577e+06
3.06349e+06 3.23087e+06
3.12921e+06 3.06956e+06
3.18444e+06 3.03981e+06
3.1452e+06 3.04888e+06
3.11811e+06 3.07618e+06
3.11361e+06 3.08686e+06
3.08408e+06 3.11838e+06
3.1452e+06 3.04888e+06
3.13355e+06 3.05289e+06
3.13198e+06 3.05727e+06
3.11712e+06 3.08053e+06
3.08408e+06 3.11838e+06
3.08062e+06 3.12364e+06
3.13355e+06 3.05289e+06
3.13198e+06 3.05727e+06
3.1175e+06 3.07733e+06
3.18444e+06 3.03981e+06
3.18444e+06 3.03981e+06
3.13355e+06 3.05289e+06
3.13198e+06 3.05727e+06
3.08062e+06 3.12364e+06
3.08062e+06 3.12364e+06
3.08062e+06 3.12364e+06
3.08062e+06 3.12364e+06
3.194e+06 3.04055e+06
3.06857e+06 3.2474e+06
3.08039e+06 3.21628e+06
3.08084e+06 3.14438e+06
3.11354e+06 3.11886e+06
3.17798e+06 3.04949e+06
3.08793e+06 3.12256e+06
3.13905e+06 3.05653e+06
3.11432e+06 3.09301e+06
3.13247e+06 3.06611e+06
3.15409e+06 3.05297e+06
3.12265e+06 3.07738e+06
3.0855e+06 3.1338e+06
3.1583e+06 3.04999e+06
3.11868e+06 3.07856e+06
3.1583e+06 3.04999e+06
3.1583e+06 3.04999e+06
3.19661e+06 3.0479e+06
3.08625e+06 3.2067e+06
3.08828e+06 3.14452e+06
3.11462e+06 3.11562e+06
3.16517e+06 3.0519e+06
3.08738e+06 3.19155e+06
3.11917e+06 3.08264e+06
3.15639e+06 3.05934e+06
3.13291e+06 3.08109e+06
3.15047e+06 3.06264e+06
3.13906e+06 3.0627e+06
3.13704e+06 3.06937e+06
3.13629e+06 3.07702e+06
3.1607e+06 3.05952e+06
3.08921e+06 3.23685e+06
3.0905e+06 3.16102e+06
3.11612e+06 3.11615e+06
3.13455e+06 3.08393e+06
3.11004e+06 3.15315e+06
3.10805e+06 3.15722e+06
3.14839e+06 3.06621e+06
3.14214e+06 3.06804e+06
3.12531e+06 3.1004e+06
3.12459e+06 3.10967e+06
3.16787e+06 3.05985e+06
3.09105e+06 3.22564e+06
3.11049e+06 3.16597e+06
3.09442e+06 3.19697e+06
3.15306e+06 3.07182e+06
3.11918e+06 3.12364e+06
3.13422e+06 3.10464e+06
3.14559e+06 3.09149e+06
3.12664e+06 3.10801e+06
3.15033e+06 3.08767e+06
3.12104e+06 3.11736e+06
3.11992e+06 3.12254e+06
3.17094e+06 3.06562e+06
3.09447e+06 3.23284e+06
3.1135e+06 3.22869e+06
3.11645e+06 3.17847e+06
3.14555e+06 3.11198e+06
3.15178e+06 3.09243e+06
3.11369e+06 3.19529e+06
3.12124e+06 3.14835e+06
3.13462e+06 3.11718e+06
3.16171e+06 3.08697e+06
3.12673e+06 3.12224e+06
3.16478e+06 3.07462e+06
3.12257e+06 3.13658e+06
3.19232e+06 3.07047e+06
3.10164e+06 3.24645e+06
3.12104e+06 3.20757e+06
3.16911e+06 3.0819e+06
3.1236e+06 3.14129e+06
3.15207e+06 3.09737e+06
3.13979e+06 3.1213e+06
3.15178e+06 3.11932e+06
3.12931e+06 3.12874e+06
3.1283e+06 3.13687e+06
3.17235e+06 3.0969e+06
3.10923e+06 3.25289e+06
3.12507e+06 3.25149e+06
3.15382e+06 3.09868e+06
3.13016e+06 3.21936e+06
3.13428e+06 3.17846e+06
3.13832e+06 3.14043e+06
3.15141e+06 3.12758e+06
3.13252e+06 3.19085e+06
3.14623e+06 3.13102e+06
3.13972e+06 3.13136e+06
3.16224e+06 3.09921e+06
3.12798e+06 3.25394e+06
3.15159e+06 3.14337e+06
3.1347e+06 3.1801e+06
3.13463e+06 3.24287e+06
3.15525e+06 3.10043e+06
3.14088e+06 3.15282e+06
3.14061e+06 3.15842e+06
3.15888e+06 3.09979e+06
3.18096e+06 3.10858e+06
3.13746e+06 3.23888e+06
3.14192e+06 3.1692e+06
3.16008e+06 3.11701e+06
3.15696e+06 3.14024e+06
3.14604e+06 3.15824e+06
3.20403e+06 3.12256e+06
3.14252e+06 3.21264e+06
3.16466e+06 3.12665e+06
3.18232e+06 3.12408e+06
3.15742e+06 3.15109e+06
3.14516e+06 3.18898e+06
3.14689e+06 3.17442e+06
3.14752e+06 3.1596e+06
3.15176e+06 3.15836e+06
3.20227e+06 3.12634e+06
3.14586e+06 3.23217e+06
3.17682e+06 3.1269e+06
3.14783e+06 3.18788e+06
3.15953e+06 3.18189e+06
3.16634e+06 3.14672e+06
3.16528e+06 3.15578e+06
3.15194e+06 3.18346e+06
3.18646e+06 3.14648e+06
3.14915e+06 3.25e+06
3.16796e+06 3.16461e+06
3.15906e+06 3.18516e+06
3.15306e+06 3.20699e+06
3.17838e+06 3.14856e+06
3.15104e+06 3.23245e+06
3.18308e+06 3.14697e+06
3.22589e+06 3.15876e+06
3.15395e+06 3.2104e+06
3.16344e+06 3.18523e+06
3.18285e+06 3.15943e+06
3.17415e+06 3.16876e+06
3.17636e+06 3.17278e+06
3.1576e+06 3.24635e+06
3.16901e+06 3.22136e+06
3.17195e+06 3.18681e+06
3.17113e+06 3.21011e+06
3.20876e+06 3.17465e+06
3.17354e+06 3.23293e+06
3.17394e+06 3.18996e+06
3.20758e+06 3.19229e+06
3.17567e+06 3.19746e+06
3.20544e+06 3.19975e+06
3.18242e+06 3.22007e+06
3.19631e+06 3.20967e+06
3.19841e+06 3.20744e+06
3.23358e+06 3.20878e+06
3.18267e+06 3.23145e+06
3.21008e+06 3.21426e+06
3.2107e+06 3.22841e+06
3.21553e+06 3.23268e+06
