7341 57.8519
233823 168606
239938 200765
239048 161626
245546 222228
271997 204231
245973 186723
247034 179823
244184 203727
244398 181647
256573 182255
236826 159309
257797 181843
219471 182470
242711 176710
241780 162275
239972 203505
259259 174246
240454 161600
238571 160770
245805 165883
233557 159027
247512 183662
272107 188832
244412 167465
225477 187385
237400 158390
233334 157656
249977 175231
243077 157216
270760 177744
249301 168636
227178 170986
236433 163871
238476 160016
198140 189710
306057 211161
216538 182584
247591 182686
247294 163540
229611 187904
250243 186867
242745 177245
247334 199014
238303 190986
255082 173919
258089 189338
308085 228415
259508 175465
237349 165564
249174 162328
259138 179242
228652 178571
261525 166324
242052 155432
254009 170358
250838 165020
241075 176398
255269 158899
237412 156053
236938 160713
237145 180309
236425 159726
239681 155844
231124 161566
253306 183819
255457 173602
251830 175227
244676 154748
237201 159107
265262 191510
256289 172880
245541 155526
240646 160164
244234 159405
237567 157862
243623 163818
260555 174890
233155 160190
243544 179516
239207 164334
239822 156188
242463 157268
238266 161331
242534 158440
234074 155882
238032 155526
232637 162422
260796 170599
238292 169221
237663 154153
250755 174885
252421 162439
239788 164119
244699 159060
267679 186273
208129 214273
241053 164337
240772 161831
262922 179611
229059 157969
241426 155780
238239 163657
238217 155621
258084 177393
239036 157400
234446 157697
306171 219577
238187 161506
250126 161305
283183 212965
238507 156716
237721 154368
264700 184862
248106 172251
238159 156559
239309 153911
263140 180647
254081 172642
267110 193207
256994 172386
236582 155738
239335 154631
247931 167684
244771 160293
245370 154089
244110 157603
244515 164509
252880 183696
265330 184036
251665 189165
236920 158212
212314 206272
257402 165723
243703 157430
241141 157649
241691 163606
249927 159032
240007 159065
242609 164816
253376 177887
238711 164464
282413 210436
265035 181970
247541 172328
247648 165093
215402 213749
242591 161771
262388 178295
197595 187738
235406 160682
240828 156311
237667 155658
243336 163273
236506 159171
282131 203855
237821 154571
241060 156443
245243 159258
258236 187311
239065 153951
241523 153758
262884 179057
257387 161507
236170 156363
247764 162369
226034 160114
242292 154439
244133 156216
237875 154530
250910 164576
231104 158357
239123 154166
257086 172674
250515 174372
238796 154317
246903 196773
251985 164441
240692 153769
250694 167517
237663 154153
231835 158122
245343 156381
245312 153874
237019 161294
248170 164582
243861 155853
235076 159337
264314 174748
239370 156762
236512 155583
246833 163169
230842 179831
245368 193358
236418 159824
259213 178895
235888 155818
245809 167072
239065 153951
251946 167145
247809 160660
239216 156049
281433 211088
231927 182040
239309 153911
238060 157569
238237 158053
245678 158129
244190 167260
234322 160479
239677 156585
250426 179142
239044 154371
265220 184847
214159 202496
240448 153809
236514 159037
234653 157961
239826 167775
237903 160369
237663 154153
272667 195287
270647 195019
257900 179635
294221 200975
234657 161303
238109 160374
248808 162597
251101 164743
246967 180122
213020 184229
238726 156170
197189 189292
251298 163603
249476 173494
249873 176944
234419 156273
249730 179809
243645 161001
234233 157664
236490 155056
227156 197921
193816 187104
202042 194586
237581 154571
205080 198124
238850 155351
254132 168746
240107 154489
