557 8.22989
95639 57806
75702 72693
76930 65444
76880 70696
91308 58171
95639 57806
91308 58171
89418 58675
89418 58675
76480 71460
86095 59837
82316 60620
87308 58934
86886 59652
84901 59863
75702 72693
79196 63058
78853 64017
80108 62587
79196 63058
76880 70696
76480 71460
78853 64017
78361 64683
83495 60526
82269 61321
81039 61346
77928 65068
77040 65299
80961 61828
80161 62055
82269 61321
87308 58934
75702 72693
87308 58934
80161 62055
80108 62587
81039 61346
80961 61828
83495 60526
84209 60519
84798 60256
78361 64683
78091 64906
95639 57806
86886 59652
78091 64906
77928 65068
84798 60256
84487 60272
84468 60292
77040 65299
76930 65444
84209 60519
84468 60292
84209 60519
86886 59652
82316 60620
84901 59863
84487 60272
84468 60292
84209 60519
95639 57806
95639 57806
95639 57806
95639 57806
95639 57806
95639 57806
95639 57806
91308 58171
87308 58934
87308 58934
87308 58934
87308 58934
87308 58934
87308 58934
86886 59652
86886 59652
86886 59652
86886 59652
86886 59652
86886 59652
86886 59652
84901 59863
84901 59863
84798 60256
84798 60256
84487 60272
84487 60272
84209 60519
84209 60519
84209 60519
84209 60519
84209 60519
84209 60519
84209 60519
84209 60519
84209 60519
84209 60519
84209 60519
84209 60519
84209 60519
84209 60519
84209 60519
84209 60519
84209 60519
84209 60519
84209 60519
84209 60519
84209 60519
84209 60519
84209 60519
84209 60519
84209 60519
84209 60519
84209 60519
84209 60519
84209 60519
84209 60519
84209 60519
84209 60519
84209 60519
84209 60519
84209 60519
84209 60519
84209 60519
84209 60519
84209 60519
84209 60519
84209 60519
84209 60519
84209 60519
84209 60519
84209 60519
84209 60519
84209 60519
84209 60519
84209 60519
84209 60519
84209 60519
84209 60519
84209 60519
84209 60519
84209 60519
84209 60519
84209 60519
84209 60519
84209 60519
84209 60519
84209 60519
84209 60519
84209 60519
84209 60519
84209 60519
84209 60519
84209 60519
84209 60519
84209 60519
84209 60519
84209 60519
84209 60519
84209 60519
84209 60519
84209 60519
84209 60519
84209 60519
84209 60519
84209 60519
84209 60519
84209 60519
84209 60519
84209 60519
84209 60519
84209 60519
84209 60519
84209 60519
84209 60519
84209 60519
84209 60519
84209 60519
84209 60519
84209 60519
84209 60519
84209 60519
84209 60519
84209 60519
84209 60519
84209 60519
84209 60519
84209 60519
84209 60519
84209 60519
84209 60519
84209 60519
84209 60519
84209 60519
84209 60519
84209 60519
84209 60519
84209 60519
84209 60519
84209 60519
84209 60519
84209 60519
84209 60519
84209 60519
84209 60519
84209 60519
84209 60519
84209 60519
84209 60519
84209 60519
84209 60519
84209 60519
84209 60519
84209 60519
84209 60519
84209 60519
84209 60519
84209 60519
84209 60519
84209 60519
84209 60519
84209 60519
84209 60519
84209 60519
84209 60519
84209 60519
84209 60519
84209 60519
84209 60519
84209 60519
84209 60519
84209 60519
84209 60519
84209 60519
84209 60519
84209 60519
84209 60519
84209 60519
84209 60519
84209 60519
84209 60519
84209 60519
84209 60519
84209 60519
84209 60519
84209 60519
84209 60519
84209 60519
84209 60519
84209 60519
84209 60519
84209 60519
84209 60519
84209 60519
84209 60519
84209 60519
84209 60519
84209 60519
84209 60519
84209 60519
84209 60519
84209 60519
84209 60519
84209 60519
84209 60519
84209 60519
84209 60519
84209 60519
84209 60519
84209 60519
84209 60519
84209 60519
84209 60519
84209 60519
84209 60519
84209 60519
84209 60519
84209 60519
84209 60519
84209 60519
84209 60519
84209 60519
84209 60519
84209 60519
84209 60519
84209 60519
83495 60526
80161 62055
87333 59712
79036 64646
81306 62901
82365 62137
83140 60833
86620 59883
85808 59985
84429 60605
84993 60338
83885 60704
85374 60247
83171 60711
84759 60728
80776 66407
82113 64907
82397 62607
84223 60860
82303 63137
84455 60840
87138 61206
81121 69867
82430 66009
86045 61855
84811 62755
84083 62777
83554 64567
83277 64854
88732 61722
81614 70063
83137 67975
84520 64122
86084 61980
84663 62812
82887 69710
88335 61841
94088 61933
82956 72659
83310 68363
92017 62127
89009 62358
84942 65671
86880 62440
85498 64144
85564 63157
86408 62658
85278 65598
85254 65614
94132 61989
83862 69366
83951 68490
85504 64657
92789 62193
87630 62585
86160 64199
86540 62745
87577 62614
92508 62601
84430 69643
84971 68996
85601 65685
88888 63036
91652 62826
85966 64692
87173 63400
87786 63182
85686 65519
84885 69639
91028 63038
84825 72647
85857 69134
89233 63286
86150 67727
86440 65054
87689 63890
87071 64920
87636 64862
93014 63954
86265 75016
88469 64190
86343 68819
86745 65436
86554 67338
88552 64356
86536 70529
87412 66634
88081 66101
87713 66296
91780 64356
86854 72146
88187 66547
87991 70614
89925 66024
88067 69135
90256 64963
91410 64382
92335 64600
88413 67340
90267 65205
89167 66561
88750 66885
88828 66820
96471 64634
88910 70045
89840 67150
89453 69537
91298 65754
93771 65115
94196 64720
91506 65538
94703 65994
89013 71114
90191 68003
93403 66717
92317 67650
92008 67928
93951 66022
92208 67923
95207 66077
89117 72020
90984 69184
94051 67166
95505 68398
91028 75016
92532 70239
92308 72458
95264 68964
99964 69623
92217 79362
95701 69940
92424 73917
92920 71023
94953 74475
97341 74780
96536 74969
93156 58288
75986 70067
76315 66355
86258 58632
78499 62988
90766 58580
79906 61996
77273 64052
77273 64052
92214 58328
82131 60796
83470 60103
81008 61640
76930 65444
85367 59285
91118 58474
84777 59932
84730 59940
76356 65456
83253 60655
83253 60655
93156 58288
81025 61349
85367 59285
81589 61082
76356 65456
85367 59285
76930 65444
81589 61082
90766 58580
81025 61349
81589 61082
76930 65444
83470 60103
83470 60103
84777 59932
84730 59940
76930 65444
93156 58288
93156 58288
93156 58288
93156 58288
93156 58288
90766 58580
84777 59932
84777 59932
84730 59940
83470 60103
83470 60103
83470 60103
83470 60103
83470 60103
83470 60103
83470 60103
81589 61082
81589 61082
81589 61082
81025 61349
77273 64052
76930 65444
76930 65444
76930 65444
76930 65444
76930 65444
76930 65444
76930 65444
76930 65444
76930 65444
76930 65444
76930 65444
76930 65444
76930 65444
76930 65444
76930 65444
76930 65444
76930 65444
76930 65444
76930 65444
76930 65444
76930 65444
76930 65444
76930 65444
76930 65444
76930 65444
76930 65444
76930 65444
76930 65444
76930 65444
76930 65444
76930 65444
76930 65444
76930 65444
76930 65444
76930 65444
76930 65444
76930 65444
76930 65444
76930 65444
76930 65444
76930 65444
76930 65444
76930 65444
76930 65444
76930 65444
76930 65444
76930 65444
76930 65444
76930 65444
76930 65444
76930 65444
76930 65444
76930 65444
76930 65444
76930 65444
76356 65456
76356 65456
76356 65456
92960 58386
76238 70717
76238 70717
76584 68126
77342 65096
89539 58681
78909 64281
84235 60191
86930 58840
86453 59801
79461 63566
79908 62536
88894 58822
85472 60012
82130 61237
82654 61230
79228 63872
81255 61489
85832 59965
83408 60963
80903 62127
80991 62026
83408 60963
83408 60963
88894 58822
80903 62127
79908 62536
81217 61685
86930 58840
81217 61685
79908 62536
83408 60963
88894 58822
80903 62127
80903 62127
81217 61685
86930 58840
88894 58822
88894 58822
88894 58822
88894 58822
88894 58822
88894 58822
88894 58822
88894 58822
88894 58822
86930 58840
86930 58840
86930 58840
86930 58840
86930 58840
83408 60963
83408 60963
83408 60963
83408 60963
83408 60963
83408 60963
83408 60963
83408 60963
83408 60963
83408 60963
83408 60963
83408 60963
83408 60963
83408 60963
83408 60963
83408 60963
83408 60963
83408 60963
83408 60963
83408 60963
83408 60963
83408 60963
83408 60963
83408 60963
80903 62127
80903 62127
80903 62127
80903 62127
80903 62127
80903 62127
80903 62127
80903 62127
80903 62127
80903 62127
80903 62127
80903 62127
80903 62127
80903 62127
80903 62127
80903 62127
80903 62127
80903 62127
80903 62127
80903 62127
80903 62127
80903 62127
80903 62127
80903 62127
80903 62127
80903 62127
80903 62127
80903 62127
80903 62127
80903 62127
80903 62127
80903 62127
80903 62127
80903 62127
80903 62127
80903 62127
80903 62127
80903 62127
80903 62127
80903 62127
79908 62536
79908 62536
79908 62536
79908 62536
87425 58853
77440 65549
86617 60587
81275 61524
87040 59109
80026 63010
79713 64006
83239 61413
84317 60766
78909 64963
78154 65542
79337 64641
81113 62559
83449 61096
81046 62755
84308 60830
87425 58853
87685 59214
77931 66774
80092 63297
84940 60907
86345 60816
79977 65245
83578 61290
83103 61848
78461 66036
81792 61988
87070 59980
81609 62354
81137 62956
79093 65978
87153 59829
80680 63022
79565 65721
79712 65527
87128 59941
89662 59301
77948 68615
80316 63546
78664 68090
82173 62087
84527 61415
81842 62745
88429 60759
79031 66309
88677 59745
86868 60911
80159 65214
85975 61244
80048 65702
79355 66158
84707 61361
78216 68536
81878 62168
91088 60379
78252 68877
80164 68549
80232 66199
86007 61428
80251 65325
88922 60649
87999 61051
85247 61898
80469 64114
81925 63570
80717 63891
82414 62591
84270 62216
82122 63193
83314 62568
83820 62346
88617 60882
88611 61027
83574 62505
89019 61219
78738 69153
80476 64282
80664 64248
82489 62862
83729 62776
86014 62274
85497 62623
87108 61550
87437 61548
82675 62856
85887 62549
92641 61322
80480 64605
83851 62956
87784 62113
83346 63644
90323 61554
83001 64505
89418 61828
81963 64522
81453 64595
93707 62464
80519 66645
89088 62554
80733 65594
82332 64574
83869 63065
87501 62998
85571 63017
80908 65039
83536 63693
89057 62900
83456 64327
83505 64013
80819 65209
92577 62556
80543 67032
84817 63190
91833 63183
83678 65318
81500 65475
82899 65322
92021 63187
81024 68650
82178 65889
84962 63950
86513 63367
85743 63890
86186 63639
89804 63535
81053 74744
86549 63889
81732 71907
81893 68935
85328 65135
82358 67134
83717 65934
85226 65842
83215 66159
82640 66526
82808 66295
89899 63547
82537 67389
85935 65499
87781 64018
83584 66273
87111 64733
84750 66059
87260 64383
84349 66216
88268 64170
82737 70847
84358 67105
85450 66365
86881 65587
87544 64680
84589 67044
92639 64906
83165 85456
84548 67582
90490 64937
89372 65586
86453 66739
87817 65896
87795 66138
86461 66548
90563 65524
86152 70444
86349 68883
87440 66553
89072 66127
88231 66524
88981 66496
91882 66263
87861 69386
88303 68146
89102 67334
90607 67221
91379 66598
89571 68124
88196 70208
89298 69293
88310 69758
93243 68236
89350 69341
89477 69849
89953 69911
89702 70329
94582 70052
89829 73149
90316 70662
92813 70590
91316 70595
