1082 41.656
674526 621269 606900 584342
667392 582508 633239 618487
635721 594733 691644 590183
633833 632725 580587 692669
622082 668728 557420 628611
621029 628722 645552 549943
612771 685264 648172 562037
569359 668747 638187 618483
630778 667882 570468 648048
610407 599257 678312 607470
640261 597530 690785 598562
621976 634255 587308 669608
622082 668728 557420 628611
617114 631981 585241 682810
639089 585880 621532 629863
669230 592512 618290 603283
633833 632725 580587 692669
642972 679289 578073 600363
614923 681553 597117 581456
595084 674770 653337 575776
626851 635631 579249 678257
660562 598328 655848 588391
641266 667180 607594 560560
632989 588656 638815 617100
608207 623972 675011 582637
607925 599921 672608 602313
652770 657516 582914 584196
627341 645188 575971 662963
620557 628091 591370 651976
613225 677270 598078 586771
600079 641239 602693 596178
657064 616334 585738 653607
658900 628257 630414 563596
585717 662326 658367 574054
653363 614520 586892 621039
668112 583723 639212 616201
583389 656159 626558 594943
637354 617686 616247 577456
616189 665017 664007 562088
602422 621893 612241 637845
638213 602305 629901 579008
633964 666062 573954 630460
648173 635143 593718 589967
580598 625568 662919 646356
625579 592504 668759 604197
571635 630479 620840 618917
597693 611178 617844 636117
632347 609842 610695 627115
656246 647763 594130 587640
590769 626739 665501 611110
650921 647276 596191 584518
629661 660690 601383 572269
623059 621094 646946 558115
575820 637925 618813 624088
601147 629606 636285 592468
587026 643688 660513 584693
628740 600859 667951 594127
619668 668201 652464 551694
623231 636901 641263 559305
617129 591430 642829 641309
626784 608412 627767 618372
611367 605980 620948 632422
638253 669714 583913 600047
625940 672817 579039 621552
589135 638677 640829 610258
594356 659474 612056 613910
609978 597149 632230 617412
618208 663427 586206 569265
592388 654413 639223 586090
633925 619724 576835 658600
622574 613315 604437 639423
603362 639475 654357 571269
581393 624730 644659 624334
646761 617209 655395 573122
599310 607319 659177 612628
627324 619666 624511 623257
634371 655408 574969 608337
663688 648311 596738 579576
578561 633938 637750 614826
598728 671430 611294 639015
631486 652321 598275 569342
628366 627776 588194 656414
584392 605681 636040 621059
663559 650783 595451 584802
612884 624878 589964 659802
574984 634061 619427 620747
616792 603434 656835 615376
632491 590344 605381 603616
643474 615574 588323 592212
665928 649919 582438 586889
621539 616497 589391 642243
613960 653259 587670 609158
604676 653932 614123 587471
617765 649003 631306 556453
612360 669014 662264 558761
636123 597769 666758 586820
649987 650156 595124 585867
572744 650015 631034 611735
615805 593716 622702 624923
619091 651096 580930 645541
629321 604312 627223 623071
592559 671844 599156 609382
656871 635216 634041 554953
644336 617436 651282 565867
645139 633670 605681 579822
666485 611968 611956 597322
634767 639416 623604 585223
620295 621580 650219 567390
639936 640085 605922 577120
646847 602825 614406 600828
596869 651235 635421 568473
620008 637499 635176 564994
630293 645818 613823 574800
634396 613111 599767 643512
603909 632223 594877 604903
616852 667862 651962 553844
578107 635157 644187 603706
609639 623796 606657 646797
596216 627489 630715 617854
621196 623400 608601 626670
620077 611726 611371 661199
625029 642193 582811 680621
627410 669564 643547 555893
614946 604080 642294 599240
583632 612782 614423 626031
600638 634845 615643 624762
611017 649807 617606 591846
625767 661685 609072 567180
606604 607858 626622 626588
611904 642415 600163 580359
617349 631503 641360 589027
615717 621648 607236 635192
614686 612231 665362 575118
615689 630672 603658 631958
602920 633093 609883 605951
593788 660011 616842 581783
607910 607306 624411 625086
586421 639848 635432 593468
587725 649839 609794 646043
618101 638543 591289 606925
589339 652244 613670 619427
606237 628720 606298 630384
593350 624084 631753 614395
615987 623986 673492 566064
616881 656814 581369 615164
598855 639911 613136 657097
629077 643323 574054 656894
625828 642486 579886 631749
622122 626473 617169 625193
574230 650626 616877 603463
589557 650590 610083 639289
625029 642193 582811 680621
627341 645188 575971 662963
626851 635631 579249 678257
630572 673821 579502 588702
630572 673821 579502 588702
633833 632725 580587 692669
625029 642193 582811 680621
663792 660997 625892 594691
641738 647213 588765 687157
639376 676980 616830 584030
634415 688869 617873 611905
614330 646856 668936 632282
584235 613976 621886 637811
652427 622599 626489 607045
615175 629083 620709 665507
615498 664594 603080 655751
594297 676506 636076 611578
662738 667591 645914 588560
623131 674545 658774 615828
600438 662561 644307 627508
616929 647580 595911 644387
631463 635062 605550 630455
608792 641640 651036 635767
623390 655730 663553 605083
613490 654174 633374 635487
607223 669377 630797 617758
619890 644451 595710 664885
630272 636578 640537 623323
643485 660139 632096 591444
628922 648645 614042 629488
628382 645896 597865 664744
624071 657861 623747 602130
626864 633476 649496 612234
626738 636833 649147 625457
619303 648980 633606 620725
641532 642749 644233 614305
650863 657562 597943 631966
646937 670663 618506 608905
625938 640993 644572 631862
646656 646887 637671 621809
607973 675026 629963 636902
626583 655101 626429 598933
663666 667424 618589 614655
647840 654251 623087 629376
626683 657050 614668 620016
616453 645106 630884 628681
617999 635059 618270 635967
623839 659783 622091 620327
672696 636135 668859 630727
672343 656464 597853 665912
668928 676613 649748 598738
655118 620120 661778 648138
635490 648748 684021 630114
626453 691394 632567 621758
620017 645488 646411 669030
608662 659620 666000 668732
652901 684202 630092 601048
644288 677856 679457 603756
629051 663875 674957 607126
614463 666183 666492 655253
664458 679896 625107 613245
640297 649632 618658 634560
612794 652804 650121 661477
642646 650300 611347 642705
637142 643677 606653 644727
624359 655843 599169 659206
642892 667371 670927 617681
659057 648367 630267 643801
666037 669050 615197 636850
626310 657693 640514 631778
648699 639683 633389 668124
628713 682081 632913 624515
656701 661929 646845 598940
663378 656002 651458 610020
629577 641096 665479 658821
635140 642967 632246 649964
652863 637748 634515 629855
618115 657204 614994 644885
621844 643022 650478 639373
654500 639255 631664 615646
664153 679782 644429 611088
615876 673167 653958 642232
636410 657299 617040 621705
645230 661787 650622 609456
626845 655558 637167 635667
632664 648721 659349 630163
630652 661409 615241 639518
637045 641665 656296 625929
644933 652920 661208 619448
617751 660600 662782 629344
647694 655939 634835 616114
616156 652383 641243 644183
664323 665166 637406 614392
628768 673880 640979 611863
633705 660388 633627 627797
637479 671188 634138 614321
634810 671419 635291 626802
623730 669868 660075 630393
635121 636466 648674 634344
629271 653381 636554 640221
617407 672730 649764 625352
615496 642054 648632 643806
618562 670396 636676 626022
616253 656049 637259 640919
635512 653149 644565 630335
626385 655596 636946 629633
684241 672059 663470 606677
662354 671006 607538 645508
654781 637705 653401 646428
641600 651641 638548 685386
640288 703490 632211 635434
631713 664777 681285 620093
618342 651115 663081 650342
645395 648169 612833 664542
644719 697394 620485 668647
628550 644638 671619 640043
633479 684897 666861 621807
656929 685127 637537 612093
655548 695681 622260 631408
630535 672824 638304 654310
624525 690187 660818 649126
679941 685074 659826 616587
669592 665052 618998 649439
666534 652471 640719 638263
622772 663680 630901 659417
642278 667373 677599 622518
674391 649444 640318 628181
682159 639353 652946 644655
649303 699736 620421 634515
642521 678522 629031 622990
655195 641857 664558 641140
621724 685900 638216 649607
665982 656858 632409 625361
662977 653941 646379 641516
677330 665499 648334 622340
660482 658914 623446 632083
642878 644686 656064 636595
653557 648597 657571 628285
658966 651319 627340 661265
646239 674905 650171 626978
627992 689354 669295 627455
670187 651583 661953 622941
626776 671160 644154 636637
636250 663891 667927 630689
652199 663022 630550 622451
647407 677531 640496 626898
644786 650347 634689 662888
654217 674335 624598 626157
636700 688559 638952 624171
643714 669632 660891 634054
648335 655152 638278 635047
642868 697623 635936 622444
641049 651528 668220 648159
638037 667974 671290 624685
638650 671326 639044 637395
654945 660360 626862 644648
654588 654479 650540 617375
631560 668535 634604 644820
644195 665513 640056 629085
626819 663350 654375 634064
660382 661849 651396 616727
643054 659608 653850 642881
654289 666789 665901 622434
634544 666905 630562 642471
641443 673682 632788 629320
650405 674819 650463 622589
643271 650515 628763 646173
637048 671778 646325 632451
642610 661899 633589 650330
655259 660438 644334 623440
657551 667647 620547 629296
637779 673883 648570 628229
642748 660536 651128 637201
658134 652050 653125 625686
637342 674715 637946 632852
647297 663722 650554 627494
657874 651584 651678 632754
636800 660124 662269 628274
634383 671225 653749 634461
680031 652203 641053 659048
664220 672685 625624 633001
657870 693688 641585 614413
651508 681701 631306 689110
643853 646182 681212 666055
623044 660475 664688 654404
630301 671727 652644 672851
640874 672760 643813 685885
634750 689600 677857 641532
655572 655925 671040 620546
658889 683508 635835 639243
666047 691687 664727 620349
673305 653678 632366 658994
670204 689650 637147 627323
632193 667600 653615 667222
653219 666832 680675 624314
647514 654342 659937 639523
654817 659506 677743 631229
635474 678885 647671 643216
658529 665516 629516 662030
651319 650794 664186 659638
643709 663702 649291 652529
664678 670857 627629 630830
655629 676334 635032 654071
648783 658927 651722 647910
676083 652107 668994 637245
636714 665349 668044 651638
656879 660278 658821 645120
667481 664022 637198 644488
652977 652827 663837 661131
642776 660134 669074 641975
646049 661757 656370 649524
638782 669983 654612 634796
661886 674266 631698 637863
633541 669188 654649 656246
652869 668919 656472 644000
659394 663840 644940 643886
654646 673357 639609 627775
648002 669957 642516 630612
662181 658456 653770 632300
660955 652808 667729 632698
650167 676557 641065 649987
644190 666927 665691 637326
651365 656089 635117 649276
644995 676928 643773 633044
675824 669073 636312 634255
630335 673426 651904 645915
634969 664526 655406 660126
666251 652354 656442 657618
663038 655570 647202 646007
657875 652814 647081 648026
661360 655142 655681 635553
661443 656063 638806 654256
653911 669362 664142 632243
643815 677357 653697 635414
645733 673340 642335 636475
645671 672728 644267 634138
662834 663988 647423 637473
653347 665385 642407 634359
685331 692974 636305 650797
671563 672874 632037 654390
664986 674533 675172 630611
659577 656748 635570 657188
650039 664235 677754 641791
646783 700044 663313 634534
646727 678832 646598 659678
637092 693631 657993 647136
664010 690018 666326 637181
642359 670629 660641 639097
674601 673080 644483 647411
648036 695748 648683 633090
655149 664524 672510 649781
662793 683276 655718 638424
669739 678257 638438 651738
667631 682095 654578 650894
651610 675919 671654 637536
656524 693459 642730 651126
653233 694053 647501 643573
649856 694856 645794 645246
664810 682751 637026 639336
700737 685157 683054 634367
677320 660819 636466 663007
673176 661789 656541 669297
666208 658473 672661 657714
660762 701138 654397 643333
647027 680881 648729 666836
683717 676489 679794 638928
657579 685620 662804 659421
654321 671523 671563 646660
680796 697423 647295 650221
677694 695801 645961 654655
682380 681199 671344 640939
668582 689061 638453 656081
661952 688740 644981 661018
668683 690878 647923 648142
659894 683107 652063 661185
669920 684199 649476 643015
663173 671748 656278 657570
661798 674502 656505 668520
677539 694127 658436 653200
673026 690283 648708 657356
670051 698850 662596 651267
