4005 33.2903
129994 52436
74067 88616
75691 82479
75191 87195
82431 70912
129994 52436
125658 52466
82540 68492
83723 67504
82540 68492
74610 88604
92296 59904
92139 61476
85127 66788
83723 67504
125658 52466
123303 52469
76064 80639
75964 82045
74638 87202
86243 64447
79979 74699
123303 52469
121398 52501
118790 52740
116885 52772
113547 53257
81687 71075
81501 72170
111724 53265
77814 77474
120437 52662
118790 52740
85595 65136
77314 78253
93562 58686
79225 75654
93362 59560
92296 59904
94704 57910
94113 58560
115481 53037
93362 59560
81501 72170
80848 72747
96881 56780
76576 80074
80048 73785
79407 74857
97795 55997
88611 63632
76635 79225
85386 65860
85215 66595
89031 63076
110730 53462
109581 53533
98724 55805
87203 64377
90665 62041
90175 62484
90100 62827
80734 72884
80570 73518
88552 63662
114508 53096
81687 71075
87884 63858
78835 76403
96169 56944
96169 56944
95638 57224
91476 61950
90665 62041
75751 82377
95638 57224
95132 57506
91737 61510
91476 61950
80570 73518
80048 73785
77147 78660
76949 78975
89635 62892
89031 63076
78538 76870
106290 54097
105452 54113
99951 55275
87884 63858
87384 64066
79407 74857
78347 77241
77894 77331
77207 78558
85501 65420
85386 65860
99673 55455
99038 55553
108276 53785
86243 64447
107595 53845
95132 57506
94859 57806
75964 82045
99038 55553
98724 55805
76378 80389
76064 80639
76378 80389
78582 76477
79208 75775
90175 62484
111074 53371
101637 54888
78865 76033
97780 56102
77314 78253
89635 62892
75191 87195
74638 87202
97646 56288
97412 56500
97115 56568
74067 88616
99903 55453
76576 80074
87368 64280
85595 65136
85501 65420
120748 52607
115891 52969
105212 54151
104802 54219
104147 54365
103179 54516
101326 54943
100916 55011
100361 55207
116131 52931
110730 53462
108587 53730
106841 54004
104491 54274
104458 54310
102458 54639
102114 54730
76889 79077
76695 79123
100916 55011
100672 55152
92139 61476
91737 61510
101704 54798
78521 77002
107355 53883
97646 56288
78979 75896
93878 58630
97412 56500
97115 56568
120988 52569
120437 52662
116475 52840
114098 53164
113629 53233
111314 53333
109171 53601
108850 53692
108276 53785
107308 53936
106587 54059
105042 54181
103967 54431
103009 54546
102688 54637
101326 54943
100672 55152
100361 55207
113858 53202
103737 54433
103419 54478
85215 66595
85127 66788
107044 53938
78582 76477
82431 70912
106290 54097
87384 64066
94113 58560
93878 58630
106601 54042
107595 53845
114508 53096
80848 72747
80734 72884
78979 75896
78865 76033
78461 77104
78407 77139
108620 53694
94859 57806
94704 57910
87285 64352
79979 74699
116235 52878
106945 53951
77834 77433
121398 52501
121158 52539
120847 52594
116885 52772
116645 52810
116334 52865
115891 52969
114268 53134
113957 53189
111724 53265
111484 53303
111173 53358
109581 53533
109341 53571
109030 53626
105452 54113
104901 54206
103419 54478
102868 54571
93562 58686
108931 53639
104048 54378
102769 54584
102114 54730
101934 54796
103737 54433
102458 54639
101934 54796
99673 55455
76635 79225
75691 82479
121158 52539
116645 52810
114268 53134
111484 53303
109341 53571
74610 88604
113839 53300
103322 60608
105821 56674
119009 53743
103453 64273
107315 61442
109482 57179
114689 54057
112785 57140
126640 56709
105338 65516
108286 62538
117327 56768
113750 57182
111398 59748
111555 59653
117722 56791
108951 69065
112858 61348
109522 63435
118440 58552
109161 73129
115179 61620
112268 64461
110798 67990
110611 71827
113633 62091
122249 59199
110195 75669
119714 60982
113952 62096
111249 69521
113559 64557
112907 69259
121422 59909
113771 62367
112084 69504
123450 59216
112013 72370
120709 61746
114700 62569
113253 69714
114516 64472
113193 72054
125082 60372
113436 71770
113468 69984
115099 64497
121313 61893
117065 62576
124131 60763
116005 63703
116793 63544
127871 61071
115390 65629
121905 62748
117279 62805
124590 61170
116366 64639
115970 65473
126551 61184
115533 74692
120075 62947
126023 62581
115838 68043
116114 66827
117556 63886
117361 64349
127884 61789
115561 76166
124752 64138
115845 68920
119687 64364
118141 64962
127105 63289
117114 66852
116115 67672
127879 62641
116216 66927
122066 64502
116316 72698
118200 65614
116661 71035
121901 65193
122629 64634
116600 75724
118663 72070
119017 68484
120672 67882
116909 72244
122237 66633
116638 73727
119949 67965
122259 66507
126800 64951
116634 83719
116887 74530
122780 68313
118310 72554
123998 65055
119438 68499
119047 69408
122861 65683
119341 68705
129591 65222
118074 75672
119798 68940
118333 73325
122228 68502
123314 66451
125973 65315
125919 66368
126098 67052
118443 77802
121228 70952
118769 73426
124329 67333
118619 74501
123728 68892
122743 69830
123112 69807
133988 67412
119048 75593
119560 73550
126927 67413
123982 69126
121272 71164
121739 71102
125889 68436
126645 68351
129454 67504
119772 74735
121756 71171
126346 70285
120752 74694
128054 68587
127982 70219
128992 68978
121186 75954
128177 70276
123066 71888
123528 71653
128211 69305
123337 71654
132108 69118
121227 77334
126847 71701
121693 76208
123071 72587
128470 69636
123740 72572
130100 69616
129557 69945
121756 76953
123591 73620
127558 71792
123083 76265
128624 70386
121969 76367
127890 72751
122290 81328
124271 75379
125255 74174
128132 73335
122698 83758
126670 78370
126787 76111
138106 73541
125204 85752
127822 83303
128350 73873
129238 73626
129035 74501
138070 75118
129500 80279
129687 76209
133257 84728
133952 85792
136492 92553
129994 52436
74067 88616
75691 82479
75191 87195
129994 52436
125658 52466
82540 68492
82431 70912
74610 88604
83723 67504
82540 68492
92296 59904
92139 61476
85127 66788
83723 67504
125658 52466
123303 52469
76064 80639
75964 82045
74638 87202
98724 55805
95638 57224
94704 57910
123303 52469
121398 52501
118790 52740
116885 52772
113547 53257
81687 71075
81501 72170
111724 53265
97795 55997
77814 77474
120404 52698
86243 64447
85595 65136
77314 78253
118790 52740
79225 75654
93362 59560
92296 59904
94704 57910
94113 58560
93562 58686
93362 59560
81501 72170
80848 72747
76576 80074
80048 73785
79979 74699
79407 74857
99590 55769
76635 79225
85501 65420
85386 65860
85215 66595
99689 55541
87203 64377
115481 53037
90100 62827
87384 64066
80734 72884
80570 73518
103179 54516
88552 63662
86243 64447
114508 53096
78582 76477
82431 70912
81687 71075
87884 63858
91476 61950
90665 62041
75751 82377
91737 61510
91476 61950
80570 73518
80048 73785
100833 55325
77147 78660
89635 62892
89031 63076
78538 76870
110320 53530
106191 54110
87884 63858
79979 74699
79407 74857
100168 55328
77207 78558
85386 65860
108033 53801
94113 58560
93562 58686
109581 53533
105452 54113
78407 77139
75964 82045
76949 78975
76635 79225
76378 80389
76064 80639
106945 53951
79034 76014
103737 54433
76949 78975
76378 80389
100168 55328
90665 62041
90545 62385
120644 52660
88898 63533
77894 77331
90175 62484
97646 56288
77314 78253
89635 62892
75191 87195
74638 87202
97646 56288
97412 56500
74067 88616
97412 56500
97134 56680
78521 77002
76576 80074
79094 75912
87368 64280
85595 65136
79208 75775
90545 62385
90175 62484
102949 54646
116235 52878
111484 53303
107185 53913
106290 54097
105212 54151
104147 54365
96579 56876
96169 56944
96048 57156
95638 57224
107595 53845
101071 55188
120978 52605
115924 52933
108931 53639
106634 54006
106601 54042
104458 54310
102279 54769
102036 54924
78949 76266
96881 56780
92139 61476
91737 61510
96579 56876
101040 55294
96169 56944
96048 57156
101673 55126
108276 53785
89017 63324
88855 63626
78131 77229
97134 56680
96881 56780
89031 63076
89017 63324
116475 52840
115721 52999
113629 53233
110970 53424
110560 53492
108827 53692
108417 53760
105042 54181
104698 54272
103967 54431
102812 54706
101587 55166
78131 77229
85215 66595
85127 66788
102506 54750
102036 54924
101710 54956
102605 54737
78835 76403
88611 63632
80848 72747
80734 72884
78949 76266
78835 76403
87285 64352
115891 52969
110730 53462
108587 53730
104802 54219
101362 55181
77834 77433
101710 54956
121398 52501
121158 52539
120437 52662
116885 52772
116645 52810
116334 52865
115580 53024
114508 53096
114268 53134
114098 53164
113858 53202
111724 53265
111314 53333
111074 53371
110763 53426
110419 53517
109581 53533
109341 53571
109171 53601
108620 53694
107595 53845
107355 53883
105452 54113
104901 54206
104491 54274
120988 52569
104048 54378
113858 53202
102279 54769
101362 55181
103737 54433
102916 54682
75691 82479
121158 52539
116645 52810
114268 53134
114098 53164
111314 53333
109341 53571
109171 53601
107355 53883
111074 53371
111314 53333
114841 53397
103340 75342
105483 70363
106895 65290
110640 54504
114042 53937
107491 61045
107519 57849
108675 55249
109719 55049
114174 54313
107972 65132
109213 63129
110683 57614
110912 54599
108266 64605
110693 54975
113978 54630
108218 67109
110769 56763
111026 55356
117528 54958
109737 67807
114227 55517
110973 61180
111842 60104
116803 55697
111055 73133
114276 58618
111190 64487
111956 60170
116509 56608
124127 55960
111216 71953
111932 69175
121953 56650
116445 58816
111958 61740
112043 60750
117794 57041
117553 58696
128284 58162
111700 72490
112420 61084
112323 71905
119764 58372
124175 58223
120653 58299
124196 58640
112725 68362
113008 62045
115320 61908
120057 60352
120157 59119
124548 59249
113138 70094
121409 60107
117079 62199
113368 66001
115832 62934
114273 64314
113953 65637
128593 60043
113849 70135
117151 62330
127986 60782
114514 66767
115028 64938
116474 63131
116173 64620
120668 62384
114061 79338
117528 66624
114152 73125
117829 63814
119681 63389
115247 67575
114611 71024
115196 68574
131160 62528
114790 78250
122145 62532
114891 71090
119532 63979
115474 67846
118029 66667
119143 66467
115333 69094
130843 62639
115087 78941
115211 74481
115474 69905
123856 63685
126608 63373
121659 64636
118314 68458
117799 69690
120376 64792
126341 63460
119555 66945
119781 66944
124464 63967
115802 73079
118496 68510
120961 66314
115937 71756
120847 67983
126177 64068
117360 82456
125706 66042
121477 67981
118100 74963
118409 72715
118934 69763
119893 69740
120581 69284
121140 69048
128429 64681
118408 75947
122420 68576
119008 72230
125597 68247
127876 65789
118958 73694
128086 65115
132835 66220
118983 75357
129836 66914
124577 68576
123452 71165
119966 72988
123665 69331
119945 73778
119051 74899
131579 68497
119161 83334
121828 74422
125452 70850
119649 79486
125844 69186
120505 75294
125704 69383
131403 70376
119718 82387
123456 74799
127080 71967
121596 76334
127835 71259
120625 78094
120278 80235
131245 70561
131734 71532
119985 85566
121270 80014
130161 73237
126011 76661
125042 77915
125138 77649
133517 73266
120358 88975
124321 81414
125375 78809
128587 77130
132139 74402
130477 75777
129232 76873
137618 75468
128745 82062
131082 76807
130052 78029
130502 77517
132579 78207
128762 82488
134647 79197
128844 84833
135704 84275
135342 84571
138266 84482
