42 301.144
3.14843e+06 2.92091e+06
2.97105e+06 3.12448e+06
2.97105e+06 3.12448e+06
3.13231e+06 2.94878e+06
3.0895e+06 2.9836e+06
2.99574e+06 3.05049e+06
3.02158e+06 3.01909e+06
3.07697e+06 2.99548e+06
2.99036e+06 3.10248e+06
3.14843e+06 2.92091e+06
3.04113e+06 3.01524e+06
2.97658e+06 3.11976e+06
3.04921e+06 3.00455e+06
2.9948e+06 3.07971e+06
2.99245e+06 3.08631e+06
3.04921e+06 3.00455e+06
2.9948e+06 3.07971e+06
3.04921e+06 3.00455e+06
3.18267e+06 2.92579e+06
2.9858e+06 3.13394e+06
3.15574e+06 2.92642e+06
3.13248e+06 2.97153e+06
3.09227e+06 3.00861e+06
3.02696e+06 3.02022e+06
2.99237e+06 3.10336e+06
3.1286e+06 2.98425e+06
3.01413e+06 3.06397e+06
3.09962e+06 2.98719e+06
3.09962e+06 2.98719e+06
3.09227e+06 3.00861e+06
3.02696e+06 3.02022e+06
3.02211e+06 3.04384e+06
3.01104e+06 3.0821e+06
3.02034e+06 3.05058e+06
2.99773e+06 3.08981e+06
3.01104e+06 3.0821e+06
3.0018e+06 3.08538e+06
3.02211e+06 3.04384e+06
3.02034e+06 3.05058e+06
2.99773e+06 3.08981e+06
3.00044e+06 3.08688e+06
3.0018e+06 3.08538e+06
3.00044e+06 3.08688e+06
3.00044e+06 3.08688e+06
3.09962e+06 2.98719e+06
3.02034e+06 3.05058e+06
3.01104e+06 3.0821e+06
3.00044e+06 3.08688e+06
3.00044e+06 3.08688e+06
3.00044e+06 3.08688e+06
2.99773e+06 3.08981e+06
2.99773e+06 3.08981e+06
3.18496e+06 2.93369e+06
2.99529e+06 3.11559e+06
3.09988e+06 2.99836e+06
3.1648e+06 2.94526e+06
3.06111e+06 3.02368e+06
3.13521e+06 2.97329e+06
3.01424e+06 3.07276e+06
3.02829e+06 3.04402e+06
3.00142e+06 3.08876e+06
3.05989e+06 3.03557e+06
3.06111e+06 3.02368e+06
3.15926e+06 2.96473e+06
3.15739e+06 2.97004e+06
3.04086e+06 3.03669e+06
3.04493e+06 3.03646e+06
3.01492e+06 3.06414e+06
3.13256e+06 2.98929e+06
3.00133e+06 3.09099e+06
3.00075e+06 3.10894e+06
3.02771e+06 3.05874e+06
3.11936e+06 2.98964e+06
3.11332e+06 2.99818e+06
3.11332e+06 2.99818e+06
3.09988e+06 2.99836e+06
3.13256e+06 2.98929e+06
3.11936e+06 2.98964e+06
3.00075e+06 3.10894e+06
3.02435e+06 3.06372e+06
3.02771e+06 3.05874e+06
3.02435e+06 3.06372e+06
3.15926e+06 2.96473e+06
3.15739e+06 2.97004e+06
3.04086e+06 3.03669e+06
3.00133e+06 3.09099e+06
3.15926e+06 2.96473e+06
3.15739e+06 2.97004e+06
3.11936e+06 2.98964e+06
3.11332e+06 2.99818e+06
3.00133e+06 3.09099e+06
3.00133e+06 3.09099e+06
3.00133e+06 3.09099e+06
3.19948e+06 2.9382e+06
2.99871e+06 3.1247e+06
3.01593e+06 3.07995e+06
3.04615e+06 3.04184e+06
3.00453e+06 3.10939e+06
3.0712e+06 3.03165e+06
3.13573e+06 2.97816e+06
3.12275e+06 2.9978e+06
3.03274e+06 3.05888e+06
3.10168e+06 3.0196e+06
3.075e+06 3.02484e+06
3.17901e+06 2.957e+06
3.13699e+06 2.97502e+06
3.16181e+06 2.96646e+06
3.17145e+06 2.95727e+06
3.19498e+06 2.95074e+06
3.01666e+06 3.06704e+06
3.15899e+06 2.97233e+06
3.10415e+06 3.00451e+06
3.10168e+06 3.0196e+06
3.00189e+06 3.11065e+06
3.04185e+06 3.04539e+06
3.01666e+06 3.06704e+06
3.11084e+06 2.99862e+06
3.10415e+06 3.00451e+06
3.11413e+06 2.99822e+06
3.19948e+06 2.9382e+06
3.19767e+06 2.94787e+06
3.03535e+06 3.05363e+06
3.03535e+06 3.05363e+06
3.075e+06 3.02484e+06
3.0712e+06 3.03165e+06
3.12275e+06 2.9978e+06
3.04185e+06 3.04539e+06
3.15899e+06 2.97233e+06
3.15899e+06 2.97233e+06
3.13573e+06 2.97816e+06
3.00189e+06 3.11065e+06
3.00453e+06 3.10939e+06
3.11084e+06 2.99862e+06
3.19752e+06 2.95019e+06
3.19767e+06 2.94787e+06
3.19752e+06 2.95019e+06
3.19752e+06 2.95019e+06
3.19752e+06 2.95019e+06
3.19752e+06 2.95019e+06
3.12275e+06 2.9978e+06
3.11084e+06 2.99862e+06
3.10415e+06 3.00451e+06
3.10415e+06 3.00451e+06
3.0712e+06 3.03165e+06
3.04185e+06 3.04539e+06
3.04185e+06 3.04539e+06
3.04185e+06 3.04539e+06
3.04185e+06 3.04539e+06
3.01666e+06 3.06704e+06
3.01666e+06 3.06704e+06
3.00453e+06 3.10939e+06
3.00453e+06 3.10939e+06
3.00453e+06 3.10939e+06
3.00453e+06 3.10939e+06
3.00189e+06 3.11065e+06
3.2071e+06 2.95243e+06
3.00203e+06 3.14467e+06
3.00203e+06 3.14467e+06
3.12025e+06 3.0019e+06
3.10705e+06 3.0258e+06
3.10076e+06 3.03395e+06
3.06385e+06 3.05195e+06
3.01713e+06 3.09424e+06
3.07384e+06 3.04002e+06
3.0131e+06 3.11045e+06
3.03694e+06 3.05408e+06
3.13262e+06 2.99904e+06
3.00299e+06 3.12286e+06
3.0289e+06 3.07446e+06
3.01857e+06 3.07679e+06
3.13852e+06 2.98799e+06
3.00708e+06 3.11984e+06
3.14629e+06 2.97561e+06
3.2071e+06 2.95243e+06
3.19174e+06 2.95942e+06
3.07139e+06 3.04247e+06
3.03466e+06 3.0593e+06
3.16595e+06 2.96906e+06
3.18309e+06 2.96849e+06
3.15913e+06 2.97554e+06
3.02181e+06 3.07515e+06
3.18453e+06 2.96713e+06
3.16312e+06 2.9727e+06
3.18973e+06 2.96311e+06
3.03466e+06 3.0593e+06
3.14039e+06 2.98316e+06
3.15913e+06 2.97554e+06
3.1914e+06 2.96286e+06
3.14122e+06 2.98056e+06
3.14122e+06 2.98056e+06
3.19174e+06 2.95942e+06
3.14122e+06 2.98056e+06
3.14039e+06 2.98316e+06
3.16371e+06 2.96991e+06
3.16595e+06 2.96906e+06
3.16371e+06 2.96991e+06
3.18309e+06 2.96849e+06
3.18973e+06 2.96311e+06
3.00203e+06 3.14467e+06
3.18309e+06 2.96849e+06
3.2071e+06 2.95243e+06
3.19174e+06 2.95942e+06
3.19174e+06 2.95942e+06
3.18973e+06 2.96311e+06
3.15913e+06 2.97554e+06
3.14122e+06 2.98056e+06
3.03466e+06 3.0593e+06
3.23812e+06 2.95938e+06
3.00517e+06 3.15518e+06
3.01912e+06 3.09547e+06
3.13279e+06 3.02378e+06
3.08366e+06 3.04106e+06
3.04261e+06 3.05538e+06
3.18647e+06 2.98208e+06
3.13383e+06 3.00262e+06
3.23812e+06 2.95938e+06
3.19773e+06 2.97051e+06
3.02113e+06 3.07748e+06
3.1412e+06 2.98412e+06
3.06826e+06 3.05363e+06
3.07286e+06 3.0534e+06
3.1412e+06 2.98412e+06
3.18664e+06 2.97483e+06
3.02052e+06 3.08165e+06
3.19773e+06 2.97051e+06
3.02113e+06 3.07748e+06
3.02052e+06 3.08165e+06
3.02113e+06 3.07748e+06
3.20147e+06 2.97406e+06
3.02405e+06 3.13634e+06
3.10507e+06 3.04577e+06
3.15946e+06 2.98665e+06
3.14174e+06 3.0309e+06
3.04758e+06 3.05693e+06
3.02409e+06 3.08827e+06
3.12397e+06 3.04245e+06
3.04316e+06 3.07211e+06
3.1429e+06 2.99334e+06
3.02992e+06 3.08756e+06
3.14342e+06 2.99184e+06
3.0472e+06 3.05756e+06
3.02409e+06 3.08827e+06
3.02409e+06 3.08827e+06
3.19482e+06 2.98775e+06
3.02544e+06 3.09662e+06
3.11443e+06 3.05237e+06
3.14906e+06 3.00438e+06
3.06437e+06 3.05694e+06
3.16718e+06 2.99485e+06
3.14283e+06 3.03824e+06
3.14759e+06 3.03274e+06
3.0546e+06 3.07616e+06
3.03633e+06 3.08779e+06
3.05794e+06 3.06627e+06
3.03118e+06 3.08957e+06
3.05608e+06 3.07054e+06
3.18462e+06 3.0034e+06
3.02685e+06 3.12802e+06
3.13765e+06 3.05528e+06
3.14638e+06 3.04171e+06
3.15921e+06 3.02421e+06
3.16495e+06 3.01287e+06
3.10387e+06 3.05726e+06
3.09215e+06 3.05982e+06
3.06581e+06 3.0645e+06
3.0491e+06 3.09021e+06
3.02857e+06 3.11141e+06
3.03328e+06 3.09378e+06
3.05907e+06 3.08101e+06
3.0302e+06 3.09984e+06
3.06498e+06 3.0748e+06
3.05992e+06 3.07576e+06
3.21792e+06 3.00748e+06
3.02712e+06 3.15451e+06
3.17025e+06 3.01438e+06
3.12764e+06 3.05776e+06
3.03461e+06 3.09881e+06
3.09292e+06 3.0617e+06
3.08217e+06 3.08481e+06
3.06206e+06 3.0939e+06
3.10069e+06 3.06146e+06
3.07659e+06 3.08553e+06
3.04558e+06 3.0949e+06
3.0405e+06 3.09751e+06
3.17805e+06 3.01545e+06
3.0378e+06 3.14291e+06
3.14043e+06 3.05854e+06
3.17194e+06 3.02569e+06
3.03781e+06 3.1002e+06
3.06011e+06 3.09494e+06
3.0864e+06 3.08808e+06
3.11558e+06 3.06238e+06
3.09976e+06 3.0685e+06
3.115e+06 3.06805e+06
3.09664e+06 3.07189e+06
3.09382e+06 3.0823e+06
3.09379e+06 3.08786e+06
3.19978e+06 3.01636e+06
3.03807e+06 3.12918e+06
3.17671e+06 3.03302e+06
3.1467e+06 3.05941e+06
3.03879e+06 3.1069e+06
3.08552e+06 3.09665e+06
3.09782e+06 3.08154e+06
3.18866e+06 3.02177e+06
3.064e+06 3.10204e+06
3.10562e+06 3.06903e+06
3.12841e+06 3.06626e+06
3.06831e+06 3.09758e+06
3.13102e+06 3.06357e+06
3.10162e+06 3.07207e+06
3.20545e+06 3.03751e+06
3.03894e+06 3.12871e+06
3.1785e+06 3.05577e+06
3.07468e+06 3.09877e+06
3.09932e+06 3.0816e+06
3.14721e+06 3.06749e+06
3.20368e+06 3.05259e+06
3.09211e+06 3.09731e+06
3.10727e+06 3.07129e+06
3.04549e+06 3.10952e+06
3.04183e+06 3.10964e+06
3.13324e+06 3.06987e+06
3.143e+06 3.06983e+06
3.20767e+06 3.05322e+06
3.04283e+06 3.13595e+06
3.04526e+06 3.11054e+06
3.1512e+06 3.06866e+06
3.18151e+06 3.05969e+06
3.13367e+06 3.07624e+06
3.11622e+06 3.08976e+06
3.06227e+06 3.10978e+06
3.08362e+06 3.10579e+06
3.18504e+06 3.05821e+06
3.098e+06 3.10517e+06
3.1128e+06 3.09796e+06
3.10752e+06 3.10265e+06
3.14592e+06 3.07056e+06
3.13425e+06 3.07297e+06
3.11414e+06 3.0911e+06
3.18597e+06 3.06338e+06
3.04373e+06 3.15107e+06
3.0585e+06 3.11298e+06
3.05098e+06 3.13409e+06
3.15515e+06 3.06889e+06
3.13717e+06 3.07716e+06
3.12832e+06 3.09222e+06
3.09335e+06 3.11093e+06
3.11088e+06 3.10535e+06
3.12275e+06 3.09823e+06
3.1155e+06 3.10046e+06
3.09808e+06 3.10774e+06
3.09729e+06 3.10966e+06
3.18763e+06 3.0659e+06
3.05636e+06 3.13446e+06
3.06512e+06 3.11884e+06
3.16367e+06 3.07122e+06
3.1346e+06 3.09704e+06
3.13836e+06 3.07859e+06
3.13901e+06 3.07724e+06
3.12595e+06 3.1017e+06
3.16983e+06 3.07033e+06
3.08805e+06 3.11463e+06
3.11429e+06 3.10827e+06
3.10233e+06 3.11326e+06
3.07425e+06 3.1152e+06
3.1094e+06 3.10952e+06
3.1306e+06 3.0975e+06
3.06838e+06 3.11632e+06
3.22595e+06 3.06645e+06
3.06374e+06 3.15193e+06
3.17061e+06 3.07073e+06
3.11641e+06 3.11577e+06
3.09025e+06 3.1229e+06
3.13359e+06 3.09826e+06
3.14619e+06 3.07875e+06
3.07435e+06 3.13507e+06
3.13004e+06 3.10399e+06
3.13903e+06 3.08137e+06
3.0831e+06 3.13502e+06
3.20641e+06 3.07121e+06
3.0644e+06 3.16565e+06
3.07652e+06 3.1425e+06
3.09631e+06 3.12616e+06
3.13678e+06 3.10562e+06
3.14047e+06 3.08317e+06
3.12867e+06 3.12331e+06
3.18528e+06 3.07302e+06
3.16934e+06 3.08139e+06
3.13078e+06 3.11286e+06
3.14721e+06 3.08311e+06
3.171e+06 3.07409e+06
3.13053e+06 3.12246e+06
3.18071e+06 3.07612e+06
3.07903e+06 3.14464e+06
3.14095e+06 3.08338e+06
3.13778e+06 3.10736e+06
3.13161e+06 3.12197e+06
3.10809e+06 3.13087e+06
3.17636e+06 3.0763e+06
3.10194e+06 3.14188e+06
3.1828e+06 3.07822e+06
3.08137e+06 3.16244e+06
3.13034e+06 3.13521e+06
3.13956e+06 3.11573e+06
3.10213e+06 3.14928e+06
3.1081e+06 3.14074e+06
3.14174e+06 3.09554e+06
3.14484e+06 3.08712e+06
3.17611e+06 3.08605e+06
3.15963e+06 3.08698e+06
3.1656e+06 3.08606e+06
3.21679e+06 3.08012e+06
3.0854e+06 3.18656e+06
3.13039e+06 3.13808e+06
3.10069e+06 3.17279e+06
3.1837e+06 3.0859e+06
3.11192e+06 3.15116e+06
3.14746e+06 3.09132e+06
3.18594e+06 3.08284e+06
3.10217e+06 3.15362e+06
3.14247e+06 3.12502e+06
3.14314e+06 3.09937e+06
3.13969e+06 3.12689e+06
3.14623e+06 3.09843e+06
3.1473e+06 3.09143e+06
3.21344e+06 3.0856e+06
3.10926e+06 3.15547e+06
3.14433e+06 3.10588e+06
3.13632e+06 3.13857e+06
3.11673e+06 3.15247e+06
3.18351e+06 3.0923e+06
3.13261e+06 3.14005e+06
3.21212e+06 3.09123e+06
3.1681e+06 3.09961e+06
3.14664e+06 3.10101e+06
3.17448e+06 3.09371e+06
3.2264e+06 3.08705e+06
3.11364e+06 3.16328e+06
3.18552e+06 3.09666e+06
3.14642e+06 3.1157e+06
3.13939e+06 3.14046e+06
3.1334e+06 3.14388e+06
3.11449e+06 3.15726e+06
3.16843e+06 3.10189e+06
3.17836e+06 3.0995e+06
3.15173e+06 3.10226e+06
3.14751e+06 3.10695e+06
3.14913e+06 3.10555e+06
3.20269e+06 3.09929e+06
3.12063e+06 3.15842e+06
3.14514e+06 3.14243e+06
3.14801e+06 3.1268e+06
3.13522e+06 3.15677e+06
3.15508e+06 3.10434e+06
3.15478e+06 3.11362e+06
3.18148e+06 3.10071e+06
3.18644e+06 3.0998e+06
3.18608e+06 3.10344e+06
3.12859e+06 3.17245e+06
3.14841e+06 3.12736e+06
3.14654e+06 3.15646e+06
3.13499e+06 3.16461e+06
3.15999e+06 3.11545e+06
3.16661e+06 3.11426e+06
3.17372e+06 3.11315e+06
3.17788e+06 3.112e+06
3.18472e+06 3.10999e+06
3.18386e+06 3.11185e+06
3.21637e+06 3.10583e+06
3.14964e+06 3.14868e+06
3.19096e+06 3.10676e+06
3.16039e+06 3.1189e+06
3.15639e+06 3.13565e+06
3.15044e+06 3.13569e+06
3.17633e+06 3.11876e+06
3.18024e+06 3.11293e+06
3.17815e+06 3.11296e+06
3.20259e+06 3.11713e+06
3.15357e+06 3.14244e+06
3.17988e+06 3.12329e+06
3.19337e+06 3.11865e+06
3.18312e+06 3.1211e+06
3.24319e+06 3.12942e+06
3.1609e+06 3.1498e+06
3.18689e+06 3.13094e+06
3.17758e+06 3.1459e+06
3.18843e+06 3.13518e+06
3.16244e+06 3.16329e+06
3.21756e+06 3.13545e+06
3.1981e+06 3.15427e+06
3.23706e+06 3.15891e+06
3.12278e+06 2.98703e+06
2.9713e+06 3.25265e+06
2.9713e+06 3.25265e+06
3.04126e+06 3.00862e+06
3.12278e+06 2.98703e+06
3.00763e+06 3.14125e+06
3.00391e+06 3.20758e+06
2.99892e+06 3.21456e+06
2.972e+06 3.23876e+06
3.03526e+06 3.05292e+06
3.0312e+06 3.1061e+06
3.03526e+06 3.05292e+06
3.01622e+06 3.12594e+06
3.0312e+06 3.1061e+06
3.01542e+06 3.12908e+06
2.9713e+06 3.25265e+06
3.0312e+06 3.1061e+06
3.19559e+06 2.98918e+06
2.98502e+06 3.24332e+06
2.98502e+06 3.24332e+06
3.03646e+06 3.05717e+06
3.04805e+06 3.01667e+06
3.19559e+06 2.98918e+06
3.13366e+06 2.99125e+06
3.02488e+06 3.13074e+06
3.03273e+06 3.12087e+06
3.00997e+06 3.21175e+06
3.02454e+06 3.18248e+06
3.10329e+06 3.00947e+06
3.07003e+06 3.01633e+06
3.02423e+06 3.20227e+06
3.00688e+06 3.23358e+06
3.13206e+06 3.00828e+06
3.10329e+06 3.00947e+06
3.07003e+06 3.01633e+06
3.00688e+06 3.23358e+06
3.02454e+06 3.18248e+06
3.03273e+06 3.12087e+06
3.13366e+06 2.99125e+06
3.13206e+06 3.00828e+06
3.03273e+06 3.12087e+06
3.03273e+06 3.12087e+06
3.02454e+06 3.18248e+06
3.02454e+06 3.18248e+06
3.02454e+06 3.18248e+06
3.00688e+06 3.23358e+06
3.22016e+06 2.99068e+06
2.98869e+06 3.2551e+06
2.98869e+06 3.2551e+06
3.16684e+06 2.99262e+06
3.01786e+06 3.21245e+06
3.22016e+06 2.99068e+06
3.02635e+06 3.15335e+06
3.0101e+06 3.23334e+06
3.05037e+06 3.0533e+06
3.10652e+06 3.02779e+06
3.06314e+06 3.02891e+06
3.11295e+06 3.01564e+06
3.04062e+06 3.0967e+06
3.05544e+06 3.03216e+06
3.03374e+06 3.12659e+06
3.03765e+06 3.1135e+06
3.02961e+06 3.14213e+06
3.04113e+06 3.07533e+06
2.99363e+06 3.2469e+06
3.13367e+06 3.0074e+06
3.01786e+06 3.21245e+06
3.1517e+06 2.99901e+06
3.04113e+06 3.07533e+06
3.02635e+06 3.15335e+06
3.10738e+06 3.02169e+06
3.13367e+06 3.0074e+06
3.14744e+06 3.00393e+06
2.99363e+06 3.2469e+06
3.06314e+06 3.02891e+06
3.15051e+06 3.00338e+06
3.10652e+06 3.02779e+06
3.14744e+06 3.00393e+06
3.14744e+06 3.00393e+06
3.22016e+06 2.99068e+06
3.22016e+06 2.99068e+06
3.14744e+06 3.00393e+06
3.14744e+06 3.00393e+06
3.14744e+06 3.00393e+06
3.13367e+06 3.0074e+06
3.10652e+06 3.02779e+06
3.04113e+06 3.07533e+06
3.02635e+06 3.15335e+06
3.01786e+06 3.21245e+06
3.01786e+06 3.21245e+06
2.99363e+06 3.2469e+06
2.99363e+06 3.2469e+06
2.99363e+06 3.2469e+06
3.23434e+06 2.99818e+06
3.00687e+06 3.25772e+06
3.1741e+06 3.00156e+06
3.23434e+06 2.99818e+06
3.0837e+06 3.03018e+06
3.14809e+06 3.0108e+06
3.02072e+06 3.22722e+06
3.05438e+06 3.0572e+06
3.04262e+06 3.11496e+06
3.04339e+06 3.08324e+06
3.03249e+06 3.15035e+06
3.03118e+06 3.18394e+06
3.11202e+06 3.02202e+06
3.1741e+06 3.00156e+06
3.04719e+06 3.08193e+06
3.00687e+06 3.25772e+06
3.02995e+06 3.2022e+06
3.05914e+06 3.05324e+06
3.03118e+06 3.18394e+06
3.12709e+06 3.01678e+06
3.11403e+06 3.02011e+06
3.14126e+06 3.01493e+06
3.12709e+06 3.01678e+06
3.0681e+06 3.03025e+06
3.03377e+06 3.13727e+06
3.00687e+06 3.25772e+06
3.02163e+06 3.22198e+06
3.02746e+06 3.20537e+06
3.02655e+06 3.21891e+06
3.03377e+06 3.13727e+06
3.03249e+06 3.15035e+06
3.04032e+06 3.12766e+06
3.14126e+06 3.01493e+06
3.06207e+06 3.04503e+06
3.04032e+06 3.12766e+06
3.11202e+06 3.02202e+06
3.06696e+06 3.03533e+06
3.02655e+06 3.21891e+06
3.04172e+06 3.12206e+06
3.06521e+06 3.04337e+06
3.04172e+06 3.12206e+06
3.0681e+06 3.03025e+06
3.06696e+06 3.03533e+06
3.02072e+06 3.22722e+06
3.02746e+06 3.20537e+06
3.04719e+06 3.08193e+06
3.06207e+06 3.04503e+06
3.02995e+06 3.2022e+06
3.11403e+06 3.02011e+06
3.06521e+06 3.04337e+06
3.06521e+06 3.04337e+06
3.04339e+06 3.08324e+06
3.23434e+06 2.99818e+06
3.23434e+06 2.99818e+06
3.23434e+06 2.99818e+06
3.23434e+06 2.99818e+06
3.11403e+06 3.02011e+06
3.0681e+06 3.03025e+06
3.04719e+06 3.08193e+06
3.04172e+06 3.12206e+06
3.04172e+06 3.12206e+06
3.04172e+06 3.12206e+06
3.04172e+06 3.12206e+06
3.03377e+06 3.13727e+06
3.03377e+06 3.13727e+06
3.02655e+06 3.21891e+06
3.02655e+06 3.21891e+06
3.02655e+06 3.21891e+06
3.02655e+06 3.21891e+06
3.02655e+06 3.21891e+06
3.00687e+06 3.25772e+06
3.00687e+06 3.25772e+06
3.00687e+06 3.25772e+06
3.21939e+06 3.00818e+06
3.01029e+06 3.26453e+06
3.01029e+06 3.26453e+06
3.03248e+06 3.21833e+06
3.03406e+06 3.14384e+06
3.12048e+06 3.02494e+06
3.1954e+06 3.01128e+06
3.04861e+06 3.08765e+06
3.07418e+06 3.03112e+06
3.04051e+06 3.13086e+06
3.16955e+06 3.01228e+06
3.12236e+06 3.02017e+06
3.06962e+06 3.03574e+06
3.02661e+06 3.2193e+06
3.15115e+06 3.01439e+06
3.02156e+06 3.24538e+06
3.21939e+06 3.00818e+06
3.02156e+06 3.24538e+06
3.05459e+06 3.08382e+06
3.05464e+06 3.06496e+06
3.04051e+06 3.13086e+06
3.03406e+06 3.14384e+06
3.15505e+06 3.014e+06
3.05464e+06 3.06496e+06
3.05464e+06 3.06496e+06
3.15115e+06 3.01439e+06
3.07418e+06 3.03112e+06
3.06962e+06 3.03574e+06
3.15505e+06 3.014e+06
3.05464e+06 3.06496e+06
3.05464e+06 3.06496e+06
3.05464e+06 3.06496e+06
3.03406e+06 3.14384e+06
3.19184e+06 3.01746e+06
3.02549e+06 3.2465e+06
3.08231e+06 3.03506e+06
3.03734e+06 3.14779e+06
3.12973e+06 3.02261e+06
3.03436e+06 3.19063e+06
3.05318e+06 3.10615e+06
3.14891e+06 3.02072e+06
3.03024e+06 3.2211e+06
3.18156e+06 3.02055e+06
3.07438e+06 3.06482e+06
3.0538e+06 3.09098e+06
3.05964e+06 3.07472e+06
3.06335e+06 3.06794e+06
3.06335e+06 3.06794e+06
3.05964e+06 3.07472e+06
3.06335e+06 3.06794e+06
3.06335e+06 3.06794e+06
3.06335e+06 3.06794e+06
3.05964e+06 3.07472e+06
3.15627e+06 3.02326e+06
3.03297e+06 3.23827e+06
3.096e+06 3.04732e+06
3.03869e+06 3.17831e+06
3.12337e+06 3.03702e+06
3.05587e+06 3.13322e+06
3.04414e+06 3.16799e+06
3.13036e+06 3.02765e+06
3.03409e+06 3.236e+06
3.09015e+06 3.06509e+06
3.06162e+06 3.1017e+06
3.0772e+06 3.07316e+06
3.05695e+06 3.11246e+06
3.06639e+06 3.08023e+06
3.06965e+06 3.07557e+06
3.17131e+06 3.0254e+06
3.03668e+06 3.28721e+06
3.10122e+06 3.04876e+06
3.04621e+06 3.23992e+06
3.13057e+06 3.03235e+06
3.05825e+06 3.15594e+06
3.13803e+06 3.02786e+06
3.05412e+06 3.19378e+06
3.05071e+06 3.21344e+06
3.05893e+06 3.11445e+06
3.09531e+06 3.06514e+06
3.08239e+06 3.09783e+06
3.07479e+06 3.10223e+06
3.09172e+06 3.09228e+06
3.09249e+06 3.07621e+06
3.06761e+06 3.1115e+06
3.06445e+06 3.11253e+06
3.15756e+06 3.02947e+06
3.05243e+06 3.21764e+06
3.13232e+06 3.0368e+06
3.08772e+06 3.10424e+06
3.05923e+06 3.20912e+06
3.06308e+06 3.14837e+06
3.0703e+06 3.11649e+06
3.11583e+06 3.0592e+06
3.09903e+06 3.07948e+06
3.06426e+06 3.13026e+06
3.1086e+06 3.06366e+06
3.10268e+06 3.0721e+06
3.05405e+06 3.21706e+06
3.06318e+06 3.14147e+06
3.11015e+06 3.05951e+06
3.09998e+06 3.07378e+06
3.17415e+06 3.0348e+06
3.05777e+06 3.22429e+06
3.06412e+06 3.15386e+06
3.11925e+06 3.06002e+06
3.13958e+06 3.03759e+06
3.13828e+06 3.03916e+06
3.07489e+06 3.13873e+06
3.10582e+06 3.07351e+06
3.06481e+06 3.14203e+06
3.09949e+06 3.10604e+06
3.07695e+06 3.12379e+06
3.09065e+06 3.11754e+06
3.08222e+06 3.12007e+06
3.0937e+06 3.10855e+06
3.09976e+06 3.08484e+06
3.1093e+06 3.06536e+06
3.0996e+06 3.08678e+06
3.11401e+06 3.06377e+06
3.22532e+06 3.03601e+06
3.06911e+06 3.20008e+06
3.18882e+06 3.03719e+06
3.07126e+06 3.15434e+06
3.06925e+06 3.1916e+06
3.16029e+06 3.04057e+06
3.10311e+06 3.08934e+06
3.12169e+06 3.06014e+06
3.09887e+06 3.11374e+06
3.14071e+06 3.05246e+06
3.09853e+06 3.12275e+06
3.0802e+06 3.12709e+06
3.15088e+06 3.04463e+06
3.07549e+06 3.13946e+06
3.11766e+06 3.0682e+06
3.11463e+06 3.07462e+06
3.14204e+06 3.04812e+06
3.11362e+06 3.08788e+06
3.11391e+06 3.08316e+06
3.07873e+06 3.13183e+06
3.07832e+06 3.13727e+06
3.14867e+06 3.05237e+06
3.0718e+06 3.16728e+06
3.10396e+06 3.09141e+06
3.11639e+06 3.08413e+06
3.07392e+06 3.15451e+06
3.12299e+06 3.06829e+06
3.09408e+06 3.1301e+06
3.13154e+06 3.06285e+06
3.14188e+06 3.05798e+06
3.08232e+06 3.13891e+06
3.10163e+06 3.1195e+06
3.08251e+06 3.13242e+06
3.10154e+06 3.12186e+06
3.16688e+06 3.05756e+06
3.07208e+06 3.25993e+06
3.07359e+06 3.20261e+06
3.14339e+06 3.06431e+06
3.07403e+06 3.17003e+06
3.10618e+06 3.09329e+06
3.08322e+06 3.14421e+06
3.0927e+06 3.14155e+06
3.12204e+06 3.09012e+06
3.10335e+06 3.12488e+06
3.1317e+06 3.06745e+06
3.10085e+06 3.1304e+06
3.12447e+06 3.08437e+06
3.12831e+06 3.07024e+06
3.10265e+06 3.12808e+06
3.17374e+06 3.05942e+06
3.07452e+06 3.23542e+06
3.07632e+06 3.17442e+06
3.15512e+06 3.07406e+06
3.10328e+06 3.13054e+06
3.13797e+06 3.08173e+06
3.12493e+06 3.09716e+06
3.17219e+06 3.06984e+06
3.10745e+06 3.10331e+06
3.09672e+06 3.14413e+06
3.13743e+06 3.09706e+06
3.11085e+06 3.09949e+06
3.0827e+06 3.17017e+06
3.08524e+06 3.15731e+06
3.08804e+06 3.14618e+06
3.08685e+06 3.15382e+06
3.08803e+06 3.14663e+06
3.18796e+06 3.06584e+06
3.07658e+06 3.19266e+06
3.17419e+06 3.07515e+06
3.11614e+06 3.10413e+06
3.15757e+06 3.08229e+06
3.11103e+06 3.12894e+06
3.08836e+06 3.17614e+06
3.09019e+06 3.15496e+06
3.14718e+06 3.09534e+06
3.13164e+06 3.09972e+06
3.08283e+06 3.17777e+06
3.15006e+06 3.09329e+06
3.13003e+06 3.101e+06
3.07978e+06 3.19129e+06
3.10297e+06 3.14982e+06
3.10564e+06 3.13827e+06
3.09542e+06 3.15301e+06
3.10793e+06 3.13725e+06
3.10081e+06 3.15127e+06
3.1614e+06 3.08882e+06
3.07787e+06 3.26864e+06
3.13376e+06 3.1039e+06
3.15793e+06 3.0963e+06
3.08376e+06 3.18262e+06
3.08106e+06 3.24267e+06
3.08165e+06 3.2088e+06
3.09211e+06 3.15775e+06
3.11636e+06 3.11639e+06
3.12172e+06 3.10557e+06
3.11449e+06 3.14105e+06
3.10031e+06 3.1558e+06
3.1064e+06 3.1475e+06
3.10655e+06 3.14296e+06
3.16222e+06 3.09255e+06
3.085e+06 3.2217e+06
3.15096e+06 3.1048e+06
3.09564e+06 3.15932e+06
3.12945e+06 3.10618e+06
3.10774e+06 3.14469e+06
3.09118e+06 3.18431e+06
3.08822e+06 3.20583e+06
3.12185e+06 3.125e+06
3.12308e+06 3.11134e+06
3.11641e+06 3.13315e+06
3.0901e+06 3.19331e+06
3.11628e+06 3.14379e+06
3.13525e+06 3.1129e+06
3.08594e+06 3.28849e+06
3.08863e+06 3.22929e+06
3.09394e+06 3.1975e+06
3.10483e+06 3.15934e+06
3.09572e+06 3.17395e+06
3.12343e+06 3.13222e+06
3.12808e+06 3.1185e+06
3.11699e+06 3.14878e+06
3.11087e+06 3.15096e+06
3.11368e+06 3.15054e+06
3.11249e+06 3.15082e+06
3.14393e+06 3.11426e+06
3.09391e+06 3.24829e+06
3.10504e+06 3.16239e+06
3.0978e+06 3.19181e+06
3.09455e+06 3.20383e+06
3.11585e+06 3.15344e+06
3.14136e+06 3.11873e+06
3.1299e+06 3.12869e+06
3.1237e+06 3.14998e+06
3.12435e+06 3.13507e+06
3.12878e+06 3.1306e+06
3.17705e+06 3.11507e+06
3.09795e+06 3.24122e+06
3.10856e+06 3.17462e+06
3.12091e+06 3.15512e+06
3.15524e+06 3.1218e+06
3.09829e+06 3.20647e+06
3.14344e+06 3.132e+06
3.10395e+06 3.1947e+06
3.14162e+06 3.13765e+06
3.12721e+06 3.13862e+06
3.12619e+06 3.13974e+06
3.16805e+06 3.1217e+06
3.16993e+06 3.12086e+06
3.10098e+06 3.19604e+06
3.09865e+06 3.20116e+06
3.1806e+06 3.12035e+06
3.10306e+06 3.21066e+06
3.16266e+06 3.12234e+06
3.13183e+06 3.14122e+06
3.11193e+06 3.18609e+06
3.10544e+06 3.19971e+06
3.13161e+06 3.15882e+06
3.12384e+06 3.17043e+06
3.11997e+06 3.1759e+06
3.11532e+06 3.17993e+06
3.12712e+06 3.16361e+06
3.10452e+06 3.20208e+06
3.11398e+06 3.1844e+06
3.12744e+06 3.16012e+06
3.17525e+06 3.13817e+06
3.10418e+06 3.2517e+06
3.14303e+06 3.14337e+06
3.13288e+06 3.14476e+06
3.10446e+06 3.23872e+06
3.11106e+06 3.20362e+06
3.1267e+06 3.17688e+06
3.1215e+06 3.18267e+06
3.11546e+06 3.18986e+06
3.11348e+06 3.19485e+06
3.17993e+06 3.14011e+06
3.113e+06 3.23505e+06
3.13637e+06 3.14936e+06
3.13193e+06 3.17851e+06
3.11407e+06 3.20158e+06
3.11335e+06 3.22293e+06
3.12422e+06 3.19705e+06
3.12843e+06 3.1879e+06
3.14264e+06 3.15133e+06
3.11712e+06 3.20298e+06
3.1328e+06 3.19597e+06
3.1378e+06 3.16562e+06
3.13846e+06 3.15357e+06
3.14032e+06 3.15309e+06
3.18736e+06 3.15233e+06
3.12132e+06 3.23145e+06
3.13153e+06 3.20648e+06
3.14238e+06 3.16784e+06
3.16652e+06 3.1566e+06
3.15639e+06 3.15761e+06
3.18031e+06 3.16228e+06
3.1333e+06 3.22236e+06
3.14349e+06 3.17457e+06
3.14279e+06 3.20549e+06
3.16128e+06 3.16814e+06
3.21862e+06 3.16665e+06
3.1447e+06 3.18505e+06
3.17162e+06 3.17513e+06
3.14843e+06 3.18679e+06
3.15786e+06 3.18707e+06
3.14896e+06 3.19218e+06
3.15876e+06 3.19081e+06
3.14944e+06 3.20158e+06
3.09601e+06 2.86838e+06
3.09601e+06 2.86838e+06
2.91984e+06 2.94375e+06
2.98763e+06 2.93112e+06
2.99066e+06 2.91445e+06
2.99286e+06 2.89741e+06
3.04993e+06 2.87892e+06
3.0325e+06 2.89371e+06
3.06205e+06 2.87786e+06
3.08439e+06 2.87598e+06
3.08498e+06 2.87252e+06
3.016e+06 2.89552e+06
3.0325e+06 2.89371e+06
3.016e+06 2.89552e+06
3.09184e+06 2.88565e+06
2.92993e+06 3.02753e+06
2.92993e+06 3.02753e+06
2.93178e+06 2.95145e+06
2.97063e+06 2.94871e+06
3.05477e+06 2.88588e+06
3.04503e+06 2.89669e+06
3.09184e+06 2.88565e+06
3.01751e+06 2.90348e+06
2.9928e+06 2.93759e+06
3.01067e+06 2.93045e+06
3.0125e+06 2.91297e+06
2.98702e+06 2.94653e+06
2.98702e+06 2.94653e+06
3.01751e+06 2.90348e+06
3.0125e+06 2.91297e+06
3.00083e+06 2.93652e+06
3.00767e+06 2.93122e+06
3.00093e+06 2.93323e+06
3.01067e+06 2.93045e+06
3.10938e+06 2.88866e+06
2.9337e+06 2.99786e+06
2.9337e+06 2.99786e+06
2.93761e+06 2.96625e+06
2.94585e+06 2.95255e+06
3.01261e+06 2.91728e+06
3.06695e+06 2.89209e+06
2.93652e+06 2.98836e+06
3.05019e+06 2.9001e+06
3.02318e+06 2.90972e+06
3.04249e+06 2.90812e+06
3.00504e+06 2.93325e+06
2.97654e+06 2.94978e+06
2.9933e+06 2.94968e+06
3.09186e+06 2.89196e+06
3.00168e+06 2.93606e+06
3.09186e+06 2.89196e+06
3.00011e+06 2.94533e+06
2.97654e+06 2.94978e+06
2.99972e+06 2.94609e+06
2.9337e+06 2.99786e+06
3.09186e+06 2.89196e+06
3.09642e+06 2.89438e+06
2.93865e+06 3.00906e+06
2.93865e+06 3.00906e+06
2.9422e+06 2.97814e+06
3.00042e+06 2.94642e+06
2.96633e+06 2.95786e+06
2.9425e+06 2.97124e+06
3.08332e+06 2.89836e+06
3.04488e+06 2.91171e+06
3.06032e+06 2.90161e+06
2.98119e+06 2.95374e+06
3.06032e+06 2.90161e+06
3.03047e+06 2.91656e+06
3.01271e+06 2.92822e+06
3.04015e+06 2.91249e+06
3.00797e+06 2.93798e+06
2.98119e+06 2.95374e+06
2.96633e+06 2.95786e+06
3.08939e+06 2.89665e+06
3.00911e+06 2.93762e+06
3.01382e+06 2.92197e+06
3.02035e+06 2.91758e+06
3.01598e+06 2.91766e+06
2.9425e+06 2.97124e+06
2.9425e+06 2.97124e+06
3.09325e+06 2.89697e+06
2.94046e+06 3.03317e+06
2.94046e+06 3.03317e+06
2.94425e+06 3.0035e+06
3.06709e+06 2.90993e+06
3.04161e+06 2.91409e+06
3.07544e+06 2.90265e+06
2.96936e+06 2.95838e+06
2.95526e+06 2.97149e+06
2.98961e+06 2.95632e+06
2.94466e+06 2.97826e+06
3.02002e+06 2.92242e+06
3.08866e+06 2.89933e+06
2.96636e+06 2.97119e+06
2.94466e+06 2.97826e+06
2.96676e+06 2.9644e+06
3.03411e+06 2.92019e+06
3.01706e+06 2.93294e+06
3.01362e+06 2.93802e+06
2.99631e+06 2.95609e+06
3.00752e+06 2.94694e+06
3.00008e+06 2.95391e+06
3.01889e+06 2.92847e+06
3.01219e+06 2.93932e+06
3.04068e+06 2.91879e+06
3.00154e+06 2.94781e+06
3.03779e+06 2.91911e+06
3.00418e+06 2.94744e+06
3.01756e+06 2.92919e+06
2.99963e+06 2.95515e+06
3.03411e+06 2.92019e+06
3.00941e+06 2.94274e+06
3.00941e+06 2.94274e+06
3.00154e+06 2.94781e+06
3.00941e+06 2.94274e+06
3.11095e+06 2.89847e+06
2.94346e+06 3.04508e+06
2.94346e+06 3.04508e+06
2.94499e+06 2.98803e+06
3.09379e+06 2.90048e+06
3.04187e+06 2.91592e+06
3.06018e+06 2.91464e+06
2.95506e+06 2.97836e+06
2.95942e+06 2.97627e+06
3.03697e+06 2.92563e+06
3.08088e+06 2.9113e+06
3.01826e+06 2.93014e+06
2.96755e+06 2.96603e+06
3.01094e+06 2.94503e+06
2.9941e+06 2.95774e+06
3.06802e+06 2.91357e+06
2.98182e+06 2.96336e+06
3.01512e+06 2.9393e+06
2.96755e+06 2.96603e+06
3.00427e+06 2.95344e+06
3.0043e+06 2.95222e+06
3.0382e+06 2.92471e+06
2.983e+06 2.96225e+06
3.01801e+06 2.932e+06
2.9937e+06 2.96081e+06
3.01266e+06 2.94275e+06
3.07647e+06 2.91284e+06
2.9937e+06 2.96081e+06
3.08088e+06 2.9113e+06
3.07767e+06 2.91133e+06
3.07767e+06 2.91133e+06
3.07647e+06 2.91284e+06
3.01826e+06 2.93014e+06
2.98218e+06 2.96333e+06
2.98218e+06 2.96333e+06
2.98218e+06 2.96333e+06
2.9937e+06 2.96081e+06
3.09482e+06 2.90403e+06
2.9459e+06 3.03913e+06
2.9459e+06 3.03913e+06
2.95929e+06 2.98751e+06
2.95325e+06 3.01103e+06
3.06096e+06 2.91562e+06
2.95325e+06 3.01103e+06
2.94977e+06 3.03225e+06
3.07587e+06 2.91494e+06
3.02147e+06 2.93569e+06
3.04828e+06 2.9276e+06
3.00815e+06 2.95243e+06
3.04032e+06 2.93053e+06
3.01614e+06 2.94456e+06
2.97157e+06 2.98207e+06
2.95929e+06 2.98751e+06
3.03355e+06 2.93148e+06
2.98775e+06 2.96906e+06
3.02373e+06 2.93206e+06
3.05162e+06 2.92e+06
2.98009e+06 2.97831e+06
2.98165e+06 2.97276e+06
3.01301e+06 2.94467e+06
2.97157e+06 2.98207e+06
3.09084e+06 2.91132e+06
3.04922e+06 2.92006e+06
2.94977e+06 3.03225e+06
2.99917e+06 2.96554e+06
3.00252e+06 2.96422e+06
3.08201e+06 2.91148e+06
2.99307e+06 2.96704e+06
3.09084e+06 2.91132e+06
3.08201e+06 2.91148e+06
2.99371e+06 2.96621e+06
2.98095e+06 2.97578e+06
3.00699e+06 2.95735e+06
3.00496e+06 2.95888e+06
3.0033e+06 2.95963e+06
2.9459e+06 3.03913e+06
3.00699e+06 2.95735e+06
3.01301e+06 2.94467e+06
3.0033e+06 2.95963e+06
3.09084e+06 2.91132e+06
3.08201e+06 2.91148e+06
2.94977e+06 3.03225e+06
2.94977e+06 3.03225e+06
3.13507e+06 2.91016e+06
2.9558e+06 3.02132e+06
2.9558e+06 3.02132e+06
3.10138e+06 2.91418e+06
2.95682e+06 3.01505e+06
3.06482e+06 2.91569e+06
2.96067e+06 2.9893e+06
3.03979e+06 2.93301e+06
3.05043e+06 2.92619e+06
2.98442e+06 2.97631e+06
3.05886e+06 2.9208e+06
3.02423e+06 2.93937e+06
2.97279e+06 2.98796e+06
3.02779e+06 2.93304e+06
3.00865e+06 2.9585e+06
2.98157e+06 2.98349e+06
2.96202e+06 2.9881e+06
3.00425e+06 2.96301e+06
2.99819e+06 2.96799e+06
3.01935e+06 2.94507e+06
3.02635e+06 2.93564e+06
2.99588e+06 2.97129e+06
2.9934e+06 2.97346e+06
3.01286e+06 2.95397e+06
3.01591e+06 2.94902e+06
3.01446e+06 2.94904e+06
3.01935e+06 2.94507e+06
3.01286e+06 2.95397e+06
3.05653e+06 2.92528e+06
2.98084e+06 2.98384e+06
2.9754e+06 2.98533e+06
2.99819e+06 2.96799e+06
3.05653e+06 2.92528e+06
2.9754e+06 2.98533e+06
2.9934e+06 2.97346e+06
3.00706e+06 2.96109e+06
3.00425e+06 2.96301e+06
3.00706e+06 2.96109e+06
2.96067e+06 2.9893e+06
3.01286e+06 2.95397e+06
3.07154e+06 2.91601e+06
2.95923e+06 3.02115e+06
2.96599e+06 2.99235e+06
2.96209e+06 3.01581e+06
2.98105e+06 2.99208e+06
3.05407e+06 2.93286e+06
3.02991e+06 2.93324e+06
2.98486e+06 2.98196e+06
3.02207e+06 2.95135e+06
3.02431e+06 2.9402e+06
3.01421e+06 2.96296e+06
2.99376e+06 2.97617e+06
3.06166e+06 2.92426e+06
2.9863e+06 2.97775e+06
3.07109e+06 2.92311e+06
2.99989e+06 2.974e+06
3.01827e+06 2.95291e+06
3.00601e+06 2.96453e+06
3.00053e+06 2.96871e+06
3.00503e+06 2.96471e+06
3.05751e+06 2.9274e+06
3.05407e+06 2.93286e+06
3.01481e+06 2.95584e+06
3.07131e+06 2.92078e+06
3.02991e+06 2.93324e+06
3.02701e+06 2.93768e+06
3.05843e+06 2.92543e+06
3.01481e+06 2.95584e+06
3.00036e+06 2.97059e+06
3.02701e+06 2.93768e+06
3.05751e+06 2.9274e+06
3.09617e+06 2.91744e+06
2.96239e+06 3.05086e+06
2.96649e+06 3.01419e+06
3.06625e+06 2.93005e+06
2.97729e+06 2.99454e+06
3.05625e+06 2.93321e+06
3.03983e+06 2.93343e+06
2.97167e+06 3.01038e+06
2.98577e+06 2.9925e+06
3.01592e+06 2.96108e+06
3.07657e+06 2.92141e+06
3.00338e+06 2.97133e+06
3.02522e+06 2.95327e+06
3.08686e+06 2.91954e+06
3.00701e+06 2.96624e+06
2.9928e+06 2.97927e+06
3.01916e+06 2.9556e+06
2.98835e+06 2.98091e+06
3.02727e+06 2.94231e+06
3.03089e+06 2.9362e+06
3.03089e+06 2.9362e+06
3.02727e+06 2.94231e+06
2.9699e+06 3.01408e+06
3.00527e+06 2.97004e+06
3.07874e+06 2.92008e+06
2.9928e+06 2.97927e+06
2.98835e+06 2.98091e+06
3.07874e+06 2.92008e+06
3.08048e+06 2.9204e+06
2.96687e+06 3.02261e+06
2.97966e+06 3.00195e+06
3.05012e+06 2.93506e+06
3.02815e+06 2.94414e+06
2.98962e+06 2.98966e+06
3.0712e+06 2.93175e+06
3.02634e+06 2.9594e+06
3.03435e+06 2.93841e+06
3.00711e+06 2.96746e+06
3.07711e+06 2.92182e+06
3.0712e+06 2.93175e+06
3.02218e+06 2.96031e+06
3.04017e+06 2.93551e+06
3.005e+06 2.97697e+06
3.01708e+06 2.96695e+06
3.0053e+06 2.97328e+06
2.99947e+06 2.9798e+06
2.99296e+06 2.98299e+06
2.98983e+06 2.98503e+06
3.01706e+06 2.96717e+06
2.99678e+06 2.98046e+06
3.03882e+06 2.93701e+06
3.02585e+06 2.96027e+06
3.08048e+06 2.9204e+06
3.07711e+06 2.92182e+06
3.10937e+06 2.92184e+06
2.97604e+06 3.02356e+06
3.08121e+06 2.92787e+06
3.05866e+06 2.93568e+06
3.08735e+06 2.92434e+06
2.9846e+06 3.01368e+06
2.99527e+06 2.98503e+06
2.98524e+06 3.00826e+06
3.01373e+06 2.9693e+06
3.02397e+06 2.96129e+06
2.9903e+06 2.99864e+06
3.00402e+06 2.98131e+06
3.02855e+06 2.9509e+06
3.05047e+06 2.9424e+06
3.02694e+06 2.96064e+06
3.03125e+06 2.94655e+06
3.05422e+06 2.93924e+06
2.99257e+06 2.99449e+06
3.04078e+06 2.94403e+06
3.0079e+06 2.97604e+06
3.03789e+06 2.94479e+06
3.01024e+06 2.96973e+06
3.00941e+06 2.97529e+06
2.99229e+06 2.99496e+06
3.11451e+06 2.92532e+06
2.98599e+06 3.03036e+06
3.09387e+06 2.92699e+06
3.06105e+06 2.93582e+06
2.98828e+06 3.01244e+06
2.99105e+06 2.99884e+06
3.01978e+06 2.9717e+06
2.99657e+06 2.98732e+06
3.03138e+06 2.94999e+06
3.04708e+06 2.94507e+06
3.02883e+06 2.95975e+06
3.00883e+06 2.98629e+06
3.05476e+06 2.94145e+06
3.01336e+06 2.97625e+06
3.03094e+06 2.9581e+06
3.05141e+06 2.94311e+06
3.01002e+06 2.98107e+06
3.01006e+06 2.97775e+06
3.10416e+06 2.93085e+06
2.99172e+06 3.02834e+06
3.0293e+06 2.96226e+06
3.07739e+06 2.93696e+06
3.0476e+06 2.94601e+06
2.99546e+06 3.00127e+06
3.00222e+06 2.99541e+06
3.0096e+06 2.98673e+06
3.06421e+06 2.94016e+06
3.01433e+06 2.98035e+06
3.05481e+06 2.94156e+06
3.02219e+06 2.9734e+06
3.02168e+06 2.97358e+06
3.07327e+06 2.94223e+06
2.99683e+06 3.0139e+06
3.02204e+06 2.97478e+06
3.03126e+06 2.96388e+06
3.0027e+06 2.99776e+06
3.01976e+06 2.98265e+06
3.0587e+06 2.94308e+06
3.03812e+06 2.9636e+06
3.01123e+06 2.98724e+06
3.00982e+06 2.9902e+06
3.00385e+06 2.99704e+06
3.04874e+06 2.95767e+06
3.048e+06 2.96258e+06
3.04973e+06 2.95024e+06
3.05499e+06 2.94761e+06
3.0487e+06 2.96151e+06
3.05197e+06 2.94921e+06
3.05374e+06 2.94853e+06
3.06847e+06 2.94585e+06
3.00032e+06 3.03011e+06
3.05029e+06 2.95075e+06
3.03298e+06 2.96502e+06
3.00379e+06 2.99852e+06
3.00269e+06 3.0172e+06
3.01275e+06 2.99021e+06
3.0165e+06 2.9879e+06
3.02859e+06 2.97744e+06
3.02211e+06 2.97868e+06
3.00358e+06 3.00761e+06
3.02522e+06 2.97783e+06
3.07514e+06 2.9463e+06
3.0026e+06 3.05227e+06
3.00812e+06 3.00431e+06
3.05389e+06 2.95318e+06
3.07067e+06 2.94658e+06
3.04804e+06 2.9653e+06
3.03726e+06 2.96591e+06
3.01734e+06 2.99188e+06
3.03145e+06 2.98155e+06
3.02215e+06 2.98903e+06
3.034e+06 2.97856e+06
3.01827e+06 2.98918e+06
3.07893e+06 2.95016e+06
3.00728e+06 3.06007e+06
3.03943e+06 2.97022e+06
3.0086e+06 3.01052e+06
3.05809e+06 2.95678e+06
3.02737e+06 2.99252e+06
3.07129e+06 2.95107e+06
3.02157e+06 3.00938e+06
3.06197e+06 2.95381e+06
3.02329e+06 2.99736e+06
3.02196e+06 3.0048e+06
3.02554e+06 2.99433e+06
3.08261e+06 2.9502e+06
3.01235e+06 3.02018e+06
3.0234e+06 3.01759e+06
3.02786e+06 2.9926e+06
3.04626e+06 2.9709e+06
3.05998e+06 2.9585e+06
3.04224e+06 2.97755e+06
3.06697e+06 2.95492e+06
3.04161e+06 2.99072e+06
3.0404e+06 2.99202e+06
3.07598e+06 2.95276e+06
3.0776e+06 2.9513e+06
3.08433e+06 2.95322e+06
3.02874e+06 2.99657e+06
3.04709e+06 2.98861e+06
3.03035e+06 2.99574e+06
3.04825e+06 2.97506e+06
3.06942e+06 2.95762e+06
3.05515e+06 2.97343e+06
3.0666e+06 2.97013e+06
3.06722e+06 2.96486e+06
3.06743e+06 2.95936e+06
3.08973e+06 2.956e+06
3.03154e+06 3.02803e+06
3.05058e+06 2.98825e+06
3.07821e+06 2.96541e+06
3.03432e+06 2.99901e+06
3.06718e+06 2.97908e+06
3.03252e+06 3.00089e+06
3.06939e+06 2.97739e+06
3.10797e+06 2.96413e+06
3.03322e+06 3.01752e+06
3.07933e+06 2.98333e+06
3.09712e+06 2.96545e+06
3.05593e+06 2.98863e+06
3.0375e+06 3.00663e+06
3.05429e+06 2.99121e+06
3.04258e+06 3.0004e+06
3.04127e+06 3.00143e+06
3.04133e+06 3.00049e+06
3.14705e+06 2.96746e+06
3.03489e+06 3.02697e+06
3.09048e+06 2.98491e+06
3.0596e+06 2.99338e+06
3.04079e+06 3.00793e+06
3.08645e+06 2.99176e+06
3.0453e+06 3.00498e+06
3.06705e+06 2.99502e+06
3.04264e+06 3.03038e+06
3.06336e+06 3.00349e+06
3.05275e+06 3.00573e+06
3.0494e+06 3.01365e+06
3.04762e+06 3.02527e+06
3.05864e+06 3.00864e+06
3.04615e+06 3.03313e+06
3.0691e+06 3.01665e+06
3.09491e+06 3.01792e+06
3.10626e+06 3.02096e+06
3.10559e+06 3.0659e+06
