467 86.8119
2.47076e+06 2.36757e+06
2.35836e+06 2.42422e+06
2.35836e+06 2.42422e+06
2.39228e+06 2.41215e+06
2.44993e+06 2.36789e+06
2.43722e+06 2.37877e+06
2.43043e+06 2.38527e+06
2.35836e+06 2.42422e+06
2.41878e+06 2.40105e+06
2.41252e+06 2.4051e+06
2.40589e+06 2.40755e+06
2.39228e+06 2.41215e+06
2.47076e+06 2.36757e+06
2.43045e+06 2.38418e+06
2.41878e+06 2.40105e+06
2.41878e+06 2.40105e+06
2.40589e+06 2.40755e+06
2.43043e+06 2.38527e+06
2.41878e+06 2.40105e+06
2.41878e+06 2.40105e+06
2.41878e+06 2.40105e+06
2.41878e+06 2.40105e+06
2.41878e+06 2.40105e+06
2.41878e+06 2.40105e+06
2.41878e+06 2.40105e+06
2.41878e+06 2.40105e+06
2.41878e+06 2.40105e+06
2.39228e+06 2.41215e+06
2.39228e+06 2.41215e+06
2.39228e+06 2.41215e+06
2.35836e+06 2.42422e+06
2.35836e+06 2.42422e+06
2.4893e+06 2.37185e+06
2.36219e+06 2.48014e+06
2.36888e+06 2.45344e+06
2.46262e+06 2.37468e+06
2.41524e+06 2.41183e+06
2.43988e+06 2.38737e+06
2.41675e+06 2.4063e+06
2.4893e+06 2.37185e+06
2.46262e+06 2.37468e+06
2.3798e+06 2.43164e+06
2.36668e+06 2.46365e+06
2.43376e+06 2.40138e+06
2.43988e+06 2.38737e+06
2.39554e+06 2.43076e+06
2.3798e+06 2.43164e+06
2.40005e+06 2.42236e+06
2.36668e+06 2.46365e+06
2.43712e+06 2.39634e+06
2.40005e+06 2.42236e+06
2.3798e+06 2.43164e+06
2.43494e+06 2.39757e+06
2.40005e+06 2.42236e+06
2.39803e+06 2.42774e+06
2.39803e+06 2.42774e+06
2.39554e+06 2.43076e+06
2.43376e+06 2.40138e+06
2.43712e+06 2.39634e+06
2.4893e+06 2.37185e+06
2.4893e+06 2.37185e+06
2.46262e+06 2.37468e+06
2.46262e+06 2.37468e+06
2.46262e+06 2.37468e+06
2.43712e+06 2.39634e+06
2.40005e+06 2.42236e+06
2.39803e+06 2.42774e+06
2.39803e+06 2.42774e+06
2.39803e+06 2.42774e+06
2.39554e+06 2.43076e+06
2.39554e+06 2.43076e+06
2.3798e+06 2.43164e+06
2.3798e+06 2.43164e+06
2.36668e+06 2.46365e+06
2.36668e+06 2.46365e+06
2.36668e+06 2.46365e+06
2.51256e+06 2.37193e+06
2.37246e+06 2.46964e+06
2.37246e+06 2.46964e+06
2.38178e+06 2.44304e+06
2.51256e+06 2.37193e+06
2.4652e+06 2.3806e+06
2.48409e+06 2.37962e+06
2.37883e+06 2.46146e+06
2.39211e+06 2.44019e+06
2.4652e+06 2.3806e+06
2.44532e+06 2.38871e+06
2.48409e+06 2.37962e+06
2.42779e+06 2.40908e+06
2.3981e+06 2.43388e+06
2.41298e+06 2.42342e+06
2.40389e+06 2.42648e+06
2.44312e+06 2.39128e+06
2.37883e+06 2.46146e+06
2.44532e+06 2.38871e+06
2.41696e+06 2.42131e+06
2.48409e+06 2.37962e+06
2.41961e+06 2.40917e+06
2.41838e+06 2.41591e+06
2.43769e+06 2.40244e+06
2.39463e+06 2.43486e+06
2.43936e+06 2.40108e+06
2.40323e+06 2.43076e+06
2.41838e+06 2.41591e+06
2.43568e+06 2.40833e+06
2.41961e+06 2.40917e+06
2.40323e+06 2.43076e+06
2.43615e+06 2.40598e+06
2.37883e+06 2.46146e+06
2.37246e+06 2.46964e+06
2.4415e+06 2.3945e+06
2.40389e+06 2.42648e+06
2.43972e+06 2.39708e+06
2.4415e+06 2.3945e+06
2.43972e+06 2.39708e+06
2.39463e+06 2.43486e+06
2.43615e+06 2.40598e+06
2.43568e+06 2.40833e+06
2.44532e+06 2.38871e+06
2.41298e+06 2.42342e+06
2.4166e+06 2.42237e+06
2.41491e+06 2.42289e+06
2.44532e+06 2.38871e+06
2.41491e+06 2.42289e+06
2.4166e+06 2.42237e+06
2.41491e+06 2.42289e+06
2.40389e+06 2.42648e+06
2.51256e+06 2.37193e+06
2.51256e+06 2.37193e+06
2.48409e+06 2.37962e+06
2.48409e+06 2.37962e+06
2.48409e+06 2.37962e+06
2.48409e+06 2.37962e+06
2.48409e+06 2.37962e+06
2.48409e+06 2.37962e+06
2.4652e+06 2.3806e+06
2.4652e+06 2.3806e+06
2.44532e+06 2.38871e+06
2.44532e+06 2.38871e+06
2.44532e+06 2.38871e+06
2.44532e+06 2.38871e+06
2.44532e+06 2.38871e+06
2.4415e+06 2.3945e+06
2.4415e+06 2.3945e+06
2.4415e+06 2.3945e+06
2.4415e+06 2.3945e+06
2.4415e+06 2.3945e+06
2.43615e+06 2.40598e+06
2.43615e+06 2.40598e+06
2.43568e+06 2.40833e+06
2.43568e+06 2.40833e+06
2.43568e+06 2.40833e+06
2.43568e+06 2.40833e+06
2.41961e+06 2.40917e+06
2.41838e+06 2.41591e+06
2.41838e+06 2.41591e+06
2.41838e+06 2.41591e+06
2.41838e+06 2.41591e+06
2.41491e+06 2.42289e+06
2.41491e+06 2.42289e+06
2.41491e+06 2.42289e+06
2.41298e+06 2.42342e+06
2.41298e+06 2.42342e+06
2.41298e+06 2.42342e+06
2.40389e+06 2.42648e+06
2.40389e+06 2.42648e+06
2.40389e+06 2.42648e+06
2.39463e+06 2.43486e+06
2.37883e+06 2.46146e+06
2.37246e+06 2.46964e+06
2.37246e+06 2.46964e+06
2.37246e+06 2.46964e+06
2.37246e+06 2.46964e+06
2.37246e+06 2.46964e+06
2.50946e+06 2.37996e+06
2.37487e+06 2.49117e+06
2.37487e+06 2.49117e+06
2.38461e+06 2.44743e+06
2.50946e+06 2.37996e+06
2.47386e+06 2.38107e+06
2.40018e+06 2.44105e+06
2.41052e+06 2.4283e+06
2.44108e+06 2.39834e+06
2.40658e+06 2.43936e+06
2.41863e+06 2.4209e+06
2.42432e+06 2.4171e+06
2.43869e+06 2.41145e+06
2.42455e+06 2.41172e+06
2.41052e+06 2.4283e+06
2.46872e+06 2.38353e+06
2.45278e+06 2.39016e+06
2.45533e+06 2.38879e+06
2.44001e+06 2.40674e+06
2.41863e+06 2.4209e+06
2.37487e+06 2.49117e+06
2.40658e+06 2.43936e+06
2.40018e+06 2.44105e+06
2.44453e+06 2.39473e+06
2.44774e+06 2.39231e+06
2.46255e+06 2.38873e+06
2.43869e+06 2.41145e+06
2.44001e+06 2.40674e+06
2.42455e+06 2.41172e+06
2.46255e+06 2.38873e+06
2.46255e+06 2.38873e+06
2.44774e+06 2.39231e+06
2.44453e+06 2.39473e+06
2.46872e+06 2.38353e+06
2.4714e+06 2.38139e+06
2.47386e+06 2.38107e+06
2.4714e+06 2.38139e+06
2.4714e+06 2.38139e+06
2.47386e+06 2.38107e+06
2.47386e+06 2.38107e+06
2.4714e+06 2.38139e+06
2.4714e+06 2.38139e+06
2.46872e+06 2.38353e+06
2.46255e+06 2.38873e+06
2.46255e+06 2.38873e+06
2.46255e+06 2.38873e+06
2.46255e+06 2.38873e+06
2.44774e+06 2.39231e+06
2.44453e+06 2.39473e+06
2.44453e+06 2.39473e+06
2.43869e+06 2.41145e+06
2.43869e+06 2.41145e+06
2.43869e+06 2.41145e+06
2.43869e+06 2.41145e+06
2.43869e+06 2.41145e+06
2.43869e+06 2.41145e+06
2.43869e+06 2.41145e+06
2.43869e+06 2.41145e+06
2.43869e+06 2.41145e+06
2.42455e+06 2.41172e+06
2.42455e+06 2.41172e+06
2.41863e+06 2.4209e+06
2.41863e+06 2.4209e+06
2.41863e+06 2.4209e+06
2.41052e+06 2.4283e+06
2.37487e+06 2.49117e+06
2.51097e+06 2.38235e+06
2.37717e+06 2.49973e+06
2.37717e+06 2.49973e+06
2.38696e+06 2.48187e+06
2.41092e+06 2.42956e+06
2.38746e+06 2.45604e+06
2.4044e+06 2.44693e+06
2.47003e+06 2.38878e+06
2.40128e+06 2.44917e+06
2.48858e+06 2.3866e+06
2.44563e+06 2.39754e+06
2.49895e+06 2.38334e+06
2.42366e+06 2.42247e+06
2.43862e+06 2.41296e+06
2.45648e+06 2.39278e+06
2.46219e+06 2.39173e+06
2.39003e+06 2.45323e+06
2.41943e+06 2.426e+06
2.51097e+06 2.38235e+06
2.42619e+06 2.41457e+06
2.44126e+06 2.40382e+06
2.42619e+06 2.41457e+06
2.46938e+06 2.38989e+06
2.44101e+06 2.4076e+06
2.37717e+06 2.49973e+06
2.43969e+06 2.41164e+06
2.42024e+06 2.42596e+06
2.44349e+06 2.39941e+06
2.49292e+06 2.38408e+06
2.48858e+06 2.3866e+06
2.45648e+06 2.39278e+06
2.49292e+06 2.38408e+06
2.39003e+06 2.45323e+06
2.4044e+06 2.44693e+06
2.44349e+06 2.39941e+06
2.42619e+06 2.41457e+06
2.42024e+06 2.42596e+06
2.42619e+06 2.41457e+06
2.42619e+06 2.41457e+06
2.42619e+06 2.41457e+06
2.42619e+06 2.41457e+06
2.42619e+06 2.41457e+06
2.42619e+06 2.41457e+06
2.39003e+06 2.45323e+06
2.49427e+06 2.39254e+06
2.39174e+06 2.48444e+06
2.39174e+06 2.48444e+06
2.46196e+06 2.39466e+06
2.45188e+06 2.39907e+06
2.404e+06 2.45531e+06
2.41504e+06 2.44556e+06
2.41537e+06 2.42979e+06
2.42987e+06 2.42299e+06
2.42017e+06 2.42822e+06
2.4146e+06 2.45277e+06
2.44162e+06 2.40613e+06
2.39676e+06 2.46393e+06
2.43892e+06 2.41324e+06
2.43862e+06 2.41601e+06
2.39379e+06 2.4714e+06
2.392e+06 2.48125e+06
2.39676e+06 2.46393e+06
2.39379e+06 2.4714e+06
2.44162e+06 2.40613e+06
2.43015e+06 2.41688e+06
2.43015e+06 2.41688e+06
2.392e+06 2.48125e+06
2.39174e+06 2.48444e+06
2.39676e+06 2.46393e+06
2.39379e+06 2.4714e+06
2.55292e+06 2.39796e+06
2.40335e+06 2.50616e+06
2.41071e+06 2.48077e+06
2.42102e+06 2.43306e+06
2.48643e+06 2.39805e+06
2.45272e+06 2.39983e+06
2.44838e+06 2.4126e+06
2.47777e+06 2.39872e+06
2.43154e+06 2.43128e+06
2.4402e+06 2.42147e+06
2.44128e+06 2.42022e+06
2.50863e+06 2.40252e+06
2.4224e+06 2.43692e+06
2.45466e+06 2.41809e+06
2.47809e+06 2.40436e+06
2.43528e+06 2.43238e+06
2.44882e+06 2.42372e+06
2.44322e+06 2.43211e+06
2.44365e+06 2.42484e+06
2.45675e+06 2.4089e+06
2.47178e+06 2.40641e+06
2.45734e+06 2.4086e+06
2.47578e+06 2.40576e+06
2.49077e+06 2.40664e+06
2.42477e+06 2.44387e+06
2.45897e+06 2.41072e+06
2.44477e+06 2.42531e+06
2.45509e+06 2.42258e+06
2.4865e+06 2.40949e+06
2.43533e+06 2.43625e+06
2.4257e+06 2.44068e+06
2.43419e+06 2.43751e+06
2.5262e+06 2.4103e+06
2.42768e+06 2.47826e+06
2.47428e+06 2.41351e+06
2.51593e+06 2.41132e+06
2.42902e+06 2.45197e+06
2.44697e+06 2.42828e+06
2.46009e+06 2.41719e+06
2.43114e+06 2.4423e+06
2.46304e+06 2.41655e+06
2.4385e+06 2.44156e+06
2.44606e+06 2.43631e+06
2.43931e+06 2.43657e+06
2.44439e+06 2.43634e+06
2.47771e+06 2.41398e+06
2.42799e+06 2.47826e+06
2.4325e+06 2.46873e+06
2.4703e+06 2.41865e+06
2.46161e+06 2.4221e+06
2.44205e+06 2.43889e+06
2.4362e+06 2.44827e+06
2.43525e+06 2.45635e+06
2.4473e+06 2.43575e+06
2.45179e+06 2.43468e+06
2.45706e+06 2.42926e+06
2.47721e+06 2.41409e+06
2.45622e+06 2.43132e+06
2.4566e+06 2.43016e+06
2.50169e+06 2.41398e+06
2.42902e+06 2.47909e+06
2.43822e+06 2.45429e+06
2.44464e+06 2.43936e+06
2.43541e+06 2.46789e+06
2.49066e+06 2.41866e+06
2.48244e+06 2.4203e+06
2.46221e+06 2.43571e+06
2.44883e+06 2.43651e+06
2.47343e+06 2.42507e+06
2.46362e+06 2.42892e+06
2.43648e+06 2.46047e+06
2.47017e+06 2.42616e+06
2.49623e+06 2.42065e+06
2.43033e+06 2.4852e+06
2.43874e+06 2.46421e+06
2.44354e+06 2.46344e+06
2.44492e+06 2.44597e+06
2.46925e+06 2.43088e+06
2.47935e+06 2.42538e+06
2.45928e+06 2.43702e+06
2.44624e+06 2.44202e+06
2.48593e+06 2.42221e+06
2.45461e+06 2.43822e+06
2.47501e+06 2.42898e+06
2.49314e+06 2.42178e+06
2.47321e+06 2.4303e+06
2.4577e+06 2.43751e+06
2.49555e+06 2.42101e+06
2.45804e+06 2.43731e+06
2.49139e+06 2.4231e+06
2.43823e+06 2.48918e+06
2.43912e+06 2.4717e+06
2.44614e+06 2.45146e+06
2.48727e+06 2.42485e+06
2.4758e+06 2.43198e+06
2.46639e+06 2.43763e+06
2.47514e+06 2.4345e+06
2.44831e+06 2.44514e+06
2.45619e+06 2.44235e+06
2.45943e+06 2.4381e+06
2.44715e+06 2.44793e+06
2.45679e+06 2.43867e+06
2.45674e+06 2.44082e+06
2.51704e+06 2.42621e+06
2.44071e+06 2.47319e+06
2.44645e+06 2.46405e+06
2.45124e+06 2.44678e+06
2.49696e+06 2.42716e+06
2.48448e+06 2.43251e+06
2.48409e+06 2.43516e+06
2.47449e+06 2.43974e+06
2.44104e+06 2.47216e+06
2.46119e+06 2.44492e+06
2.46891e+06 2.44097e+06
2.46178e+06 2.44313e+06
2.47018e+06 2.43986e+06
2.46141e+06 2.4444e+06
2.52069e+06 2.42654e+06
2.44403e+06 2.5024e+06
2.50072e+06 2.43054e+06
2.44713e+06 2.46888e+06
2.48865e+06 2.44058e+06
2.46153e+06 2.44536e+06
2.447e+06 2.48714e+06
2.47544e+06 2.44364e+06
2.45192e+06 2.45769e+06
2.44442e+06 2.489e+06
2.481e+06 2.44259e+06
2.45382e+06 2.45427e+06
2.45607e+06 2.44897e+06
2.45585e+06 2.44938e+06
2.53376e+06 2.42811e+06
2.45122e+06 2.47276e+06
2.5039e+06 2.43582e+06
2.52518e+06 2.43e+06
2.50387e+06 2.44284e+06
2.45505e+06 2.46564e+06
2.48203e+06 2.44574e+06
2.4579e+06 2.45871e+06
2.46357e+06 2.45789e+06
2.46687e+06 2.45269e+06
2.47915e+06 2.44677e+06
2.47033e+06 2.44918e+06
2.47028e+06 2.45073e+06
2.50872e+06 2.44439e+06
2.45521e+06 2.47193e+06
2.49278e+06 2.44581e+06
2.48383e+06 2.44851e+06
2.45794e+06 2.46318e+06
2.47066e+06 2.45847e+06
2.47167e+06 2.45102e+06
2.47163e+06 2.45146e+06
2.46276e+06 2.45899e+06
2.45939e+06 2.46051e+06
2.50118e+06 2.44802e+06
2.4559e+06 2.49061e+06
2.4869e+06 2.44912e+06
2.46734e+06 2.46705e+06
2.47433e+06 2.4589e+06
2.4572e+06 2.47435e+06
2.4577e+06 2.47392e+06
2.47112e+06 2.45995e+06
2.50617e+06 2.45017e+06
2.45786e+06 2.50979e+06
2.45912e+06 2.47785e+06
2.47225e+06 2.46955e+06
2.49446e+06 2.45829e+06
2.46339e+06 2.47677e+06
2.50519e+06 2.45805e+06
2.4788e+06 2.45965e+06
2.47762e+06 2.45975e+06
2.50235e+06 2.46001e+06
2.46023e+06 2.4834e+06
2.47582e+06 2.4764e+06
2.47957e+06 2.4613e+06
2.49799e+06 2.46013e+06
2.47967e+06 2.46149e+06
2.46593e+06 2.49474e+06
2.49166e+06 2.46377e+06
2.4676e+06 2.49487e+06
2.4799e+06 2.49348e+06
2.48386e+06 2.48128e+06
2.49125e+06 2.47775e+06
2.5336e+06 2.4684e+06
2.52382e+06 2.48951e+06
2.52781e+06 2.48295e+06
