83 0.0511675
149502 164149 171701
157138 187367 155694
165974 150763 185759
184165 139930 168488
171190 178577 146301
168097 148656 180975
184165 139930 168488
154979 159369 177673
157138 187367 155694
157138 187367 155694
176286 165474 148411
159090 172820 158337
158806 182979 165771
181060 153145 161636
160199 168665 160796
149502 164149 171701
165677 164142 164002
171530 158028 155609
157138 187367 155694
159630 157998 171762
149502 164149 171701
179898 154838 151493
165974 150763 185759
160199 168665 160796
164131 150769 167339
179898 154838 151493
166009 159869 161828
158806 182979 165771
168097 148656 180975
170645 162150 153898
170645 162150 153898
149502 164149 171701
167877 154128 161863
164131 150769 167339
156224 174874 166092
167600 178333 150203
159090 172820 158337
159630 157998 171762
170277 149043 177140
176286 165474 148411
156830 167235 166524
166009 159869 161828
157138 187367 155694
176286 165474 148411
170645 162150 153898
179898 154838 151493
156490 173417 165867
165677 164142 164002
167600 178333 150203
159823 163177 164878
156830 167235 166524
167600 178333 150203
181060 153145 161636
181060 153145 161636
179898 154838 151493
184165 139930 168488
164131 150769 167339
149502 164149 171701
176286 165474 148411
167877 154128 161863
156490 173417 165867
158806 182979 165771
167600 178333 150203
181060 153145 161636
165974 150763 185759
159630 157998 171762
154979 159369 177673
159090 172820 158337
179898 154838 151493
160199 168665 160796
170645 162150 153898
184165 139930 168488
171190 178577 146301
171190 178577 146301
184165 139930 168488
149502 164149 171701
158806 182979 165771
159090 172820 158337
167600 178333 150203
154979 159369 177673
149502 164149 171701
156490 173417 165867
159630 157998 171762
181060 153145 161636
164131 150769 167339
149502 164149 171701
165974 150763 185759
158806 182979 165771
149502 164149 171701
167877 154128 161863
159630 157998 171762
179898 154838 151493
167600 178333 150203
170277 149043 177140
159090 172820 158337
157138 187367 155694
168097 148656 180975
156830 167235 166524
184165 139930 168488
184165 139930 168488
176286 165474 148411
167877 154128 161863
149502 164149 171701
179898 154838 151493
165974 150763 185759
159090 172820 158337
170645 162150 153898
159090 172820 158337
168097 148656 180975
149502 164149 171701
179898 154838 151493
165974 150763 185759
165974 150763 185759
165974 150763 185759
164131 150769 167339
160199 168665 160796
159630 157998 171762
149502 164149 171701
167877 154128 161863
156490 173417 165867
179898 154838 151493
159630 157998 171762
181060 153145 161636
149502 164149 171701
158806 182979 165771
165974 150763 185759
157138 187367 155694
154979 159369 177673
181060 153145 161636
159630 157998 171762
159090 172820 158337
160199 168665 160796
154979 159369 177673
167600 178333 150203
171190 178577 146301
159823 163177 164878
159630 157998 171762
176286 165474 148411
149502 164149 171701
171530 158028 155609
165974 150763 185759
179898 154838 151493
165677 164142 164002
159090 172820 158337
149502 164149 171701
159090 172820 158337
179898 154838 151493
156830 167235 166524
167877 154128 161863
176286 165474 148411
167600 178333 150203
176286 165474 148411
