591 12.0327
491660 451803
463074 521876
463968 503204
463074 521876
491660 451803
485266 454024
464201 497558
465432 483371
476434 459999
466457 474599
481194 456900
472193 462586
468827 467505
471426 465968
485016 455872
466060 481127
477449 459534
479999 459358
464201 497558
463968 503204
468685 471137
481194 456900
468685 471137
468685 471137
466457 474599
472193 462586
479999 459358
465432 483371
472193 462586
479999 459358
485266 454024
463074 521876
476434 459999
477167 459724
465910 481814
472193 462586
471426 465968
465910 481814
485016 455872
485016 455872
465432 483371
471426 465968
468827 467505
465432 483371
466060 481127
466457 474599
477167 459724
477449 459534
485266 454024
468827 467505
468685 471137
477449 459534
491660 451803
491660 451803
485266 454024
485266 454024
485266 454024
485266 454024
485266 454024
485266 454024
485266 454024
485266 454024
481194 456900
481194 456900
479999 459358
479999 459358
479999 459358
479999 459358
477449 459534
477449 459534
477449 459534
477449 459534
477449 459534
477449 459534
477449 459534
477449 459534
477449 459534
477167 459724
476434 459999
476434 459999
472193 462586
472193 462586
472193 462586
472193 462586
472193 462586
472193 462586
471426 465968
471426 465968
471426 465968
471426 465968
471426 465968
468827 467505
468827 467505
468827 467505
468685 471137
468685 471137
468685 471137
468685 471137
468685 471137
468685 471137
468685 471137
468685 471137
468685 471137
468685 471137
468685 471137
468685 471137
468685 471137
468685 471137
468685 471137
468685 471137
466457 474599
466457 474599
466457 474599
466457 474599
466457 474599
466457 474599
466457 474599
466457 474599
466457 474599
466457 474599
466457 474599
466457 474599
466457 474599
466457 474599
466457 474599
466457 474599
466060 481127
466060 481127
466060 481127
465910 481814
465432 483371
465432 483371
465432 483371
465432 483371
465432 483371
465432 483371
465432 483371
465432 483371
465432 483371
465432 483371
465432 483371
465432 483371
465432 483371
465432 483371
465432 483371
465432 483371
465432 483371
465432 483371
465432 483371
465432 483371
465432 483371
465432 483371
465432 483371
465432 483371
465432 483371
465432 483371
465432 483371
465432 483371
464201 497558
491339 455192
467723 486176
477667 462363
476758 471232
471843 471507
469729 479230
471466 479144
498635 460493
468215 499120
471932 480239
494252 462537
484326 463659
478020 472451
474733 473914
474067 477838
480370 466012
479852 467801
488283 464443
471628 503498
473066 480372
480854 467265
478589 472829
474774 476639
487805 466404
498542 466017
475199 487981
488360 466066
482176 468391
475464 480623
478034 477534
475438 484278
478601 475440
480914 473363
481646 470664
480915 471935
498894 467727
475767 489456
494622 468007
481666 476713
488892 468362
479994 479606
478281 482718
485918 471233
477713 487421
477751 486040
482568 474259
478684 480490
484613 473322
487128 469420
483244 473431
488153 469331
491938 469222
477944 488997
478460 483935
487421 471236
482567 478194
487077 471772
483915 473632
483751 473812
479229 480891
480683 480815
481925 479749
481777 480560
495268 469637
478081 490652
480324 482353
478782 487442
489898 472099
493809 471577
487314 473152
482691 479989
483345 478675
483875 474299
484134 473908
495478 469902
478534 507123
488726 473458
480922 482643
478666 492150
484002 478109
479808 491879
486084 474601
484813 474725
505468 470014
479083 497210
496243 470275
481587 491740
481726 483464
492150 473655
484010 479533
490887 475202
486232 478427
487264 475377
487417 475250
485813 478831
508512 470402
480212 501286
482742 484817
494438 473951
499664 470584
489387 475612
499083 471625
484451 480342
487295 475740
486589 478667
486427 479187
484977 480324
499230 474886
481007 502147
482750 496090
492134 476697
484972 480744
483252 489545
494559 475727
488563 478746
483916 485576
498030 475261
487238 478959
483667 486954
500516 475843
482926 498521
495362 476284
490172 478759
492499 477015
483855 494158
484803 488100
486647 480870
488156 480602
485477 484737
483403 496258
485453 485983
485375 487727
483769 495226
501417 476033
484836 496465
485765 486170
493513 479078
486711 481498
491571 481061
488404 481303
493232 479296
512869 476959
486168 489497
486927 482255
486619 488968
501637 478234
510922 477417
493324 480961
499248 480784
488361 481726
500410 479844
499435 480994
486992 486707
493492 481498
486995 485233
490607 481838
488689 483241
489279 482641
488915 483182
501097 481437
487073 486038
493702 484111
489906 485806
494166 481883
498649 481731
504178 482229
487209 492743
491773 486653
494923 483711
491302 489693
489854 492073
498848 482512
497824 482722
503212 482234
498033 482752
487265 494150
494474 487007
492168 491420
495661 484012
490523 492081
487381 493463
499015 482822
488380 498047
492870 492625
495960 485152
494487 489894
495560 489158
497634 484059
518935 483001
488661 499192
497864 484076
493754 493253
496203 485196
493283 496868
491847 498957
500928 485231
489643 503167
493491 497946
489862 499194
493911 493777
496367 492379
499409 488486
497915 490153
500813 485480
496529 491113
499301 489753
510250 485262
490696 510617
492443 500383
494647 496024
505824 485344
502725 487731
496316 494203
503705 486083
497627 493351
499554 492637
499593 490321
500914 489229
500757 489492
511916 485374
493252 511370
503739 486573
498304 493449
493791 506470
493919 502396
496124 498864
497057 495571
494698 499799
497648 493474
495324 499355
497183 495131
511896 487545
495656 507580
497745 495091
503783 491985
508310 487601
505684 490340
496928 500902
496567 502305
515067 489117
498217 497628
506841 490700
504369 492275
500614 495949
498470 497186
510806 492124
500021 508317
508235 492317
502905 496174
501165 499238
501994 497911
514519 492523
500837 516912
503716 496353
502288 500322
503526 497460
528391 498609
505724 500896
511305 499236
507288 499512
526285 500942
505911 501456
515508 504581
506164 507386
514560 505085
506735 507133
518469 504794
509619 507428
521820 505997
512503 515874
518986 508855
520258 508268
524128 512893
