6387 36.2251
292131 136019
125451 273358
269127 139052
282026 138639
173937 196171
250813 142533
135800 243656
175833 192979
150527 214440
166470 206443
248224 144072
168088 205057
169755 201898
137981 238744
258110 142342
144454 222231
231623 150374
235739 149755
134782 247076
125871 271602
215605 161375
136472 239599
170930 198833
228892 151225
183548 184816
141699 229359
154808 211803
264191 141608
162044 207717
128503 255028
258795 141894
194969 179499
191534 181568
128021 258343
210587 162783
265489 141452
196771 177483
127518 259783
268518 139720
239327 149016
283325 138043
139036 234474
222679 157184
209493 163818
193393 180406
177926 190920
126189 267122
242786 147182
287165 137341
288384 136166
140763 232158
199105 173588
202165 171553
219968 159489
129672 250559
159699 208920
208685 166662
203206 168748
217501 159553
224311 154310
169887 199292
130958 250492
228045 153867
132062 248503
205048 167597
149141 214870
147873 217732
198890 175685
247217 146977
242786 147182
146036 219733
139036 234474
247217 146977
238959 149343
143618 227266
202165 171553
222679 157184
127272 263142
154808 211803
156917 209991
198610 177061
178837 189558
227394 154004
147873 217732
146036 219733
187365 184504
191024 184021
187365 184504
144107 225260
216954 161292
156917 209991
128803 253193
179380 187587
181732 186277
292131 136019
208751 166306
181732 186277
191024 184021
126518 264527
126189 267122
