1901 125.904
170999 197964 188148 221443
188531 222660 183992 168096
201406 191443 181072 180461
203461 198989 211143 161942
217944 168446 208529 190749
218825 177859 182373 178350
214521 200003 154855 215160
184663 191143 212619 169879
242839 197640 180822 161598
187830 178491 169598 222063
185490 193669 169398 211167
188985 207081 180975 180258
222135 180261 197830 170013
197289 214112 172396 168226
228832 193060 184215 165794
206924 176703 182697 194913
204747 180024 207237 167404
176842 206356 213245 177792
226398 195380 167006 181503
171219 216452 183841 176957
239510 180637 168263 180034
184163 225419 171860 182375
220061 200251 170373 169594
189747 181398 224824 172700
206466 205712 168364 181664
202770 170196 181610 202506
185169 178873 199739 195902
239473 181436 183784 167990
206889 224328 159819 187379
205205 208052 182872 167549
187265 190059 180697 194582
215355 223597 186336 157753
215555 179154 169078 217624
200619 177503 192882 179352
207851 192450 167922 197266
185546 206704 170944 195487
187497 202953 196156 166060
187872 180321 184337 211799
243210 194900 167185 172369
245177 199784 159977 183987
185025 181535 212876 183443
183879 189246 192667 175652
209459 192574 198373 167714
227414 175369 173784 193511
180244 189641 188032 202327
212986 220165 185284 157757
201665 169414 184663 206075
219816 184650 206612 163641
204437 182334 168080 201736
217837 197713 174243 170151
228494 179744 171739 189633
192265 203365 171402 200202
195369 211600 181221 179859
201369 190097 197464 172266
177272 218798 183017 176428
239427 183095 180019 170707
209735 165360 209722 199474
192822 190321 213527 164263
201607 179249 191683 187252
205426 171455 199646 199706
196345 187804 168369 221592
247174 177905 178547 184536
194189 181169 186414 199626
217657 195816 171543 180449
175087 195522 189363 209729
179153 215334 198669 178614
209046 194305 157449 220541
194683 178301 206557 180879
199412 181345 209230 169217
188857 214997 176591 174828
243017 191233 162105 191683
219606 203792 178885 168522
207003 201628 172500 190587
202248 216213 161917 184117
205814 213090 172783 170979
193820 181931 219670 173044
228795 185196 185007 174924
185119 186968 199624 184881
239605 189910 174451 173437
191521 224047 174748 175307
196912 190089 186029 177225
189424 182210 185733 198001
186022 202795 174727 207552
214191 188047 187152 172646
201098 213418 172839 178632
199630 205306 214643 159331
204955 190541 165465 209588
235562 181401 180930 172445
198285 183242 173869 201150
188762 193935 178320 201913
233674 188590 178791 180056
194146 188638 175096 202388
185033 211014 179269 193811
205638 177780 184739 194422
189411 182794 177205 208681
201873 176253 207202 175751
183181 220672 177624 177636
212763 176146 198883 178903
196157 215284 185666 166594
173493 213479 188141 179856
197289 214112 172396 168226
190287 194698 189096 168586
213634 208806 173207 170697
175462 190970 187347 215003
181995 201134 207201 178603
222941 200221 183304 164880
241476 184758 168513 178575
190611 178633 217893 173053
187965 177667 171760 215939
181654 190730 212611 176160
216262 196076 166734 198326
190119 179134 205330 179070
213090 204342 186353 164260
191458 196129 178828 182815
202603 220480 163020 184012
195380 207823 172518 184095
220780 188876 202458 169839
193796 177143 189340 194517
200450 217622 179320 162926
229319 192002 161256 190052
237480 190587 172640 175050
206689 184650 188316 182199
215488 183607 175662 188029
202287 174985 181313 206811
230701 182787 187014 170730
202210 198190 218309 161650
197394 184160 210132 169938
198645 179750 180352 207697
182021 189361 178976 210970
230789 178878 186849 171396
218061 192676 197475 170113
195300 201578 176701 185902
192022 179646 217737 173382
236463 194719 161791 189188
203461 198989 211143 161942
187897 206434 172511 195339
216057 221045 167886 174907
197110 181587 186862 184677
194251 188466 183513 187005
177483 193566 198637 213722
209927 204245 162593 190299
198735 182597 181327 192721
182876 180960 167823 222850
206320 197960 176457 186009
206889 224328 159819 187379
191291 228789 169630 187638
196625 170533 184320 199823
206989 190516 165746 209470
194760 189735 170505 193493
195347 176982 194101 189077
195612 214762 181092 168666
233960 181999 181341 178325
195061 182940 171713 210179
225854 208210 174642 168230
168891 215992 189608 179984
195010 211405 186833 168860
194982 212769 207265 163962
238445 187330 174028 174485
219634 181064 170284 199709
188747 179603 196815 174215
245628 177022 176225 188024
194929 187626 193650 179707
183781 183848 211784 171120
200735 216669 193621 158552
217367 180255 197665 174049
216591 199034 184329 172094
199048 222037 166512 180681
211469 218099 171219 175009
208748 186218 203775 164223
229035 182865 175425 187881
204124 178928 182356 197861
196271 205170 183934 173954
170810 217069 184853 176250
182539 192690 178967 205906
210735 222689 162443 182857
202302 174216 194740 182501
196797 200099 167787 207375
176702 202260 180571 210585
246682 185617 178458 175856
197862 168798 191101 206034
218967 190312 182610 173933
243100 177653 178726 180781
194901 175380 208890 187605
188963 205259 172054 188547
205338 194234 176629 182699
208957 197942 159413 201854
229881 183731 182757 177822
192929 192843 191286 180319
197496 217637 185598 161890
205376 188815 175226 198836
205271 211678 165440 185678
191004 179825 173204 214137
206010 173946 209710 175615
189747 181398 224824 172700
195521 215415 187961 168819
183986 214561 186117 174621
192832 204778 204774 164270
199050 175434 172621 207373
223612 187409 165339 183894
195495 179849 185376 203121
239617 188164 173425 170610
186171 183725 186121 187636
222352 182160 187988 169813
193040 189928 206170 168668
213717 206678 169141 170074
195995 225338 171857 183148
221386 181454 178838 182728
175794 220474 185626 175042
177839 207731 186375 186240
186923 188778 175316 203616
215985 207376 162435 192358
175606 196562 192996 208854
234342 198751 173481 168518
220056 205715 170370 172058
189953 219328 184410 174014
205977 192698 188467 172335
202211 202178 176314 174165
202991 183880 195538 174562
204186 194648 173112 190654
205814 213090 172783 170979
179028 203821 183647 200703
209915 180243 168501 204308
228701 179381 192544 174885
232259 184152 173524 183315
205339 180357 203375 171375
209880 190333 163823 210693
190381 177770 168864 218970
196324 216530 200897 165623
238626 182070 179051 173982
192863 185953 203206 171279
194145 205970 170834 188186
213091 212761 180163 158483
194099 166470 193987 206703
210938 180889 181923 195038
182539 191964 198941 174450
220515 175927 177528 197393
237048 178985 175229 183050
219500 192528 183414 166784
205326 233529 164451 183513
190708 178372 196725 174267
201001 187769 178710 188618
184682 180762 185299 217344
189300 183882 192462 185864
187063 202990 173346 188866
177785 227362 180215 187445
204136 175691 191723 179161
181934 196276 193134 179749
189416 193157 179750 189818
194349 180749 185598 202817
207570 214211 183165 161839
209023 179804 198256 170008
189134 178238 217242 175397
202871 187877 176405 196624
203932 170858 178983 202548
230370 188352 160284 199763
197340 218451 162816 188735
190171 214925 194897 168728
203935 189497 164227 212231
215166 195573 170609 184025
183924 178933 173317 219390
201796 194657 190930 170747
202224 182918 171447 200304
201973 216913 184993 160872
204496 217269 168925 181693
214609 181842 197820 172316
185999 191676 175785 203124
185333 198766 204334 170260
181930 223874 175289 181850
183487 218206 191233 171799
251213 182718 168180 186532
200590 183064 176147 198356
232855 196867 181475 170308
229738 177299 179351 186287
189479 201303 185615 181506
203174 215780 172241 175067
193449 174325 191332 202840
193991 198099 187734 179214
177574 188604 179116 205436
241340 179725 188147 169475
215400 202354 172098 170312
188418 220397 178567 172444
204670 186716 191080 173952
191163 187816 175571 205576
179897 198175 177013 197323
232624 184194 171324 191728
196870 185814 172566 209799
216223 222245 164507 174592
183663 198909 191396 173544
179225 227146 176592 182788
187467 195464 190489 186480
197334 209997 180701 170069
186755 184356 208900 182429
201215 169549 187816 212222
208733 216033 160278 183749
195923 176966 193903 176707
200152 217892 168865 182171
184668 181413 171194 213260
173075 215155 188104 185402
170999 197964 188148 221443
244636 180313 172604 185536
201880 195127 174393 187157
209154 183280 184446 187673
185263 207370 175743 182514
218256 196991 178946 172556
186670 200607 211181 168777
197094 218258 191446 158687
227489 177795 186870 181551
192867 200815 173301 194932
222180 207064 175822 167100
221913 184005 194495 171715
230296 190302 176128 180775
248191 184394 179519 172474
189695 180658 173802 210105
198380 173827 192414 194231
204870 186602 182943 188520
195381 183964 209567 173465
201881 208679 161938 215240
184955 214762 173036 176362
186109 191623 175945 206453
186511 182618 203289 184300
238630 181210 173449 185798
169026 222332 185345 190725
193466 175640 189188 197012
243105 184929 179255 169937
186801 218296 172635 191651
198284 175258 182696 207290
211533 221773 171206 175195
196353 195347 188763 180106
213091 212761 180163 158483
206191 190380 164001 216061
213925 204832 181700 168689
206097 201225 191584 168526
197591 176554 173657 220448
216041 196502 166334 197674
210602 211752 170881 176483
193988 207170 190081 168324
196219 214715 183079 169006
181758 191402 211198 175252
222367 195598 182482 170683
222392 180297 195939 175427
212117 173507 188073 195005
230375 191066 176057 181193
203801 185707 171373 205799
209050 181429 195695 172994
221086 188006 180669 180811
180918 199357 185667 187745
219156 205581 170573 174352
202174 172117 179088 211906
237135 176397 177494 192772
203682 185855 204589 169704
178865 188700 179031 203581
189272 204206 181323 188243
206548 225047 165261 183292
181445 190990 199532 193370
185145 218255 172767 191661
229971 182476 181884 179871
176197 215592 190932 172823
214552 224390 166760 178265
182918 200832 208275 167281
221201 183120 173651 198706
172063 220716 193598 175944
208934 199376 172648 183560
192266 178632 172795 215074
232342 185588 184046 169473
196020 190176 186376 184814
202593 176335 208078 169361
191439 181228 189050 201981
185252 204885 177792 182764
197133 181961 184818 190813
181055 177148 206764 188255
201864 173691 205685 180066
192740 194827 175699 203359
187730 188147 186776 182811
176131 197744 185907 206993
205904 179233 176391 204083
212512 213134 184210 166099
220321 189768 173453 192334
205727 194188 160297 203242
190362 180369 192391 201421
217669 198464 169124 186889
201665 169414 184663 206075
220784 214424 166926 175446
183545 219728 180440 168999
242570 186767 171476 177738
