3 0.35709
1.54135e+06 1.5632e+06 1.61496e+06 1.62965e+06
1.62699e+06 1.49965e+06 1.66294e+06 1.64492e+06
1.62673e+06 1.60759e+06 1.53238e+06 1.58253e+06
1.57309e+06 1.57661e+06 1.59835e+06 1.53384e+06
1.59502e+06 1.53135e+06 1.58219e+06 1.55074e+06
1.59325e+06 1.53118e+06 1.57475e+06 1.54914e+06
1.56426e+06 1.56516e+06 1.59086e+06 1.53521e+06
1.54938e+06 1.58003e+06 1.55599e+06 1.55861e+06
1.59737e+06 1.53837e+06 1.57948e+06 1.55526e+06
1.59488e+06 1.5322e+06 1.58238e+06 1.54913e+06
1.55874e+06 1.55892e+06 1.59345e+06 1.53841e+06
1.55243e+06 1.53817e+06 1.58685e+06 1.56795e+06
1.55871e+06 1.56102e+06 1.59308e+06 1.53172e+06
1.54823e+06 1.53725e+06 1.60454e+06 1.56515e+06
1.55029e+06 1.53638e+06 1.58689e+06 1.5714e+06
1.63849e+06 1.60823e+06 1.52933e+06 1.58947e+06
1.5951e+06 1.53189e+06 1.58109e+06 1.54637e+06
1.55904e+06 1.60061e+06 1.54489e+06 1.57195e+06
1.59092e+06 1.53441e+06 1.58342e+06 1.55071e+06
1.54989e+06 1.5422e+06 1.60337e+06 1.56457e+06
1.56999e+06 1.58914e+06 1.54444e+06 1.57168e+06
1.59366e+06 1.53222e+06 1.58066e+06 1.54959e+06
1.55998e+06 1.56004e+06 1.58569e+06 1.52752e+06
1.54135e+06 1.5632e+06 1.61496e+06 1.62965e+06
1.58534e+06 1.56448e+06 1.53952e+06 1.58694e+06
1.58906e+06 1.54582e+06 1.59246e+06 1.5433e+06
1.58534e+06 1.56448e+06 1.53952e+06 1.58694e+06
1.67796e+06 1.52002e+06 1.55721e+06 1.62101e+06
1.56522e+06 1.56454e+06 1.58412e+06 1.52918e+06
1.54678e+06 1.55828e+06 1.5934e+06 1.55225e+06
1.5564e+06 1.55633e+06 1.59394e+06 1.5333e+06
1.54993e+06 1.58106e+06 1.55793e+06 1.55772e+06
1.5995e+06 1.524e+06 1.58677e+06 1.55549e+06
1.56036e+06 1.56887e+06 1.60021e+06 1.52107e+06
1.5509e+06 1.53823e+06 1.58583e+06 1.56652e+06
1.63292e+06 1.48472e+06 1.64811e+06 1.63726e+06
1.57139e+06 1.56234e+06 1.58533e+06 1.53062e+06
1.55998e+06 1.56004e+06 1.58569e+06 1.52752e+06
1.54823e+06 1.53725e+06 1.60454e+06 1.56515e+06
1.62612e+06 1.49261e+06 1.6463e+06 1.65755e+06
1.55953e+06 1.56765e+06 1.5879e+06 1.53498e+06
1.55158e+06 1.54015e+06 1.58797e+06 1.5646e+06
1.55998e+06 1.56004e+06 1.58569e+06 1.52752e+06
1.54406e+06 1.55652e+06 1.59711e+06 1.55324e+06
1.62884e+06 1.49092e+06 1.64494e+06 1.65446e+06
1.5701e+06 1.5776e+06 1.55698e+06 1.56024e+06
1.5623e+06 1.56476e+06 1.59146e+06 1.53933e+06
1.55259e+06 1.57553e+06 1.56015e+06 1.56743e+06
1.56999e+06 1.58914e+06 1.54444e+06 1.57168e+06
1.54938e+06 1.58003e+06 1.55599e+06 1.55861e+06
1.673e+06 1.52238e+06 1.55761e+06 1.62341e+06
1.58018e+06 1.59165e+06 1.54712e+06 1.55743e+06
1.5564e+06 1.55633e+06 1.59394e+06 1.5333e+06
1.55904e+06 1.60061e+06 1.54489e+06 1.57195e+06
1.59488e+06 1.5322e+06 1.58238e+06 1.54913e+06
1.67259e+06 1.52062e+06 1.55848e+06 1.62178e+06
1.5705e+06 1.5892e+06 1.55028e+06 1.55494e+06
1.56036e+06 1.56887e+06 1.60021e+06 1.52107e+06
1.56063e+06 1.56191e+06 1.58639e+06 1.53292e+06
1.55251e+06 1.57032e+06 1.59942e+06 1.5501e+06
1.55883e+06 1.55994e+06 1.59572e+06 1.5352e+06
1.54504e+06 1.54069e+06 1.58902e+06 1.56403e+06
1.54938e+06 1.58003e+06 1.55599e+06 1.55861e+06
1.67147e+06 1.5167e+06 1.56171e+06 1.62337e+06
1.67796e+06 1.52002e+06 1.55721e+06 1.62101e+06
1.59502e+06 1.53135e+06 1.58219e+06 1.55074e+06
1.56426e+06 1.56516e+06 1.59086e+06 1.53521e+06
1.55258e+06 1.57032e+06 1.5538e+06 1.56613e+06
1.55243e+06 1.53817e+06 1.58685e+06 1.56795e+06
1.55568e+06 1.53649e+06 1.58475e+06 1.57253e+06
1.55956e+06 1.56794e+06 1.58952e+06 1.53476e+06
1.55243e+06 1.53817e+06 1.58685e+06 1.56795e+06
1.57416e+06 1.57135e+06 1.55538e+06 1.56809e+06
1.54938e+06 1.58003e+06 1.55599e+06 1.55861e+06
1.55626e+06 1.53635e+06 1.59144e+06 1.57586e+06
1.63849e+06 1.60823e+06 1.52933e+06 1.58947e+06
1.5705e+06 1.5892e+06 1.55028e+06 1.55494e+06
1.55258e+06 1.57032e+06 1.5538e+06 1.56613e+06
1.56522e+06 1.56454e+06 1.58412e+06 1.52918e+06
1.54648e+06 1.54582e+06 1.6051e+06 1.57257e+06
1.62673e+06 1.60759e+06 1.53238e+06 1.58253e+06
1.58701e+06 1.54408e+06 1.58822e+06 1.54108e+06
1.56355e+06 1.56037e+06 1.5843e+06 1.53902e+06
1.54678e+06 1.55828e+06 1.5934e+06 1.55225e+06
1.62673e+06 1.60759e+06 1.53238e+06 1.58253e+06
1.59366e+06 1.53222e+06 1.58066e+06 1.54959e+06
1.55334e+06 1.57096e+06 1.55453e+06 1.56786e+06
1.54993e+06 1.58106e+06 1.55793e+06 1.55772e+06
1.59325e+06 1.53118e+06 1.57475e+06 1.54914e+06
1.55248e+06 1.54236e+06 1.60897e+06 1.57081e+06
1.57139e+06 1.56234e+06 1.58533e+06 1.53062e+06
1.54938e+06 1.58003e+06 1.55599e+06 1.55861e+06
1.54444e+06 1.54144e+06 1.5917e+06 1.56233e+06
1.55121e+06 1.53947e+06 1.60511e+06 1.5597e+06
1.55904e+06 1.60061e+06 1.54489e+06 1.57195e+06
1.62662e+06 1.49125e+06 1.6461e+06 1.655e+06
1.55871e+06 1.56102e+06 1.59308e+06 1.53172e+06
1.56063e+06 1.56191e+06 1.58639e+06 1.53292e+06
1.55568e+06 1.53649e+06 1.58475e+06 1.57253e+06
1.63292e+06 1.48472e+06 1.64811e+06 1.63726e+06
1.55871e+06 1.56102e+06 1.59308e+06 1.53172e+06
1.5509e+06 1.53823e+06 1.58583e+06 1.56652e+06
1.55874e+06 1.55892e+06 1.59345e+06 1.53841e+06
1.55334e+06 1.57096e+06 1.55453e+06 1.56786e+06
1.63145e+06 1.49267e+06 1.6536e+06 1.65184e+06
1.5951e+06 1.53189e+06 1.58109e+06 1.54637e+06
1.55998e+06 1.56004e+06 1.58569e+06 1.52752e+06
1.54989e+06 1.5422e+06 1.60337e+06 1.56457e+06
1.59633e+06 1.53839e+06 1.58165e+06 1.54322e+06
1.55102e+06 1.53789e+06 1.59299e+06 1.56464e+06
1.5995e+06 1.524e+06 1.58677e+06 1.55549e+06
1.58534e+06 1.56448e+06 1.53952e+06 1.58694e+06
1.58897e+06 1.53939e+06 1.58829e+06 1.54994e+06
1.54648e+06 1.54582e+06 1.6051e+06 1.57257e+06
1.56518e+06 1.58835e+06 1.55014e+06 1.56924e+06
1.59488e+06 1.5322e+06 1.58238e+06 1.54913e+06
1.56978e+06 1.56586e+06 1.55039e+06 1.59727e+06
1.59444e+06 1.53191e+06 1.58375e+06 1.5512e+06
1.55334e+06 1.57096e+06 1.55453e+06 1.56786e+06
1.54648e+06 1.54582e+06 1.6051e+06 1.57257e+06
1.57139e+06 1.56234e+06 1.58533e+06 1.53062e+06
1.56063e+06 1.56191e+06 1.58639e+06 1.53292e+06
1.54993e+06 1.58106e+06 1.55793e+06 1.55772e+06
1.55243e+06 1.53817e+06 1.58685e+06 1.56795e+06
1.55368e+06 1.53993e+06 1.58845e+06 1.56976e+06
1.63292e+06 1.48472e+06 1.64811e+06 1.63726e+06
1.55871e+06 1.56102e+06 1.59308e+06 1.53172e+06
1.56518e+06 1.58835e+06 1.55014e+06 1.56924e+06
1.59184e+06 1.53689e+06 1.58377e+06 1.55911e+06
1.55141e+06 1.53924e+06 1.58802e+06 1.56244e+06
1.5951e+06 1.53189e+06 1.58109e+06 1.54637e+06
1.55243e+06 1.53817e+06 1.58685e+06 1.56795e+06
1.55888e+06 1.55905e+06 1.5934e+06 1.53775e+06
1.5537e+06 1.56795e+06 1.60074e+06 1.5474e+06
1.54908e+06 1.54159e+06 1.58266e+06 1.59564e+06
1.63029e+06 1.61076e+06 1.53007e+06 1.59302e+06
1.59614e+06 1.53796e+06 1.58402e+06 1.54022e+06
1.56063e+06 1.56191e+06 1.58639e+06 1.53292e+06
1.56271e+06 1.56371e+06 1.57825e+06 1.5437e+06
1.5495e+06 1.54288e+06 1.60417e+06 1.56538e+06
1.58534e+06 1.56448e+06 1.53952e+06 1.58694e+06
1.55928e+06 1.56799e+06 1.55506e+06 1.57032e+06
1.56063e+06 1.56191e+06 1.58639e+06 1.53292e+06
1.54678e+06 1.55828e+06 1.5934e+06 1.55225e+06
1.63986e+06 1.60998e+06 1.5284e+06 1.59899e+06
1.56036e+06 1.56887e+06 1.60021e+06 1.52107e+06
1.55928e+06 1.56799e+06 1.55506e+06 1.57032e+06
1.5509e+06 1.53823e+06 1.58583e+06 1.56652e+06
1.59502e+06 1.53135e+06 1.58219e+06 1.55074e+06
1.54695e+06 1.5537e+06 1.59946e+06 1.54975e+06
1.59614e+06 1.53796e+06 1.58402e+06 1.54022e+06
1.55368e+06 1.53993e+06 1.58845e+06 1.56976e+06
1.56978e+06 1.56586e+06 1.55039e+06 1.59727e+06
1.57478e+06 1.53964e+06 1.5958e+06 1.55257e+06
1.55334e+06 1.57096e+06 1.55453e+06 1.56786e+06
1.62612e+06 1.49261e+06 1.6463e+06 1.65755e+06
1.56426e+06 1.56516e+06 1.59086e+06 1.53521e+06
1.56063e+06 1.56191e+06 1.58639e+06 1.53292e+06
1.54993e+06 1.58106e+06 1.55793e+06 1.55772e+06
1.54985e+06 1.54329e+06 1.60099e+06 1.56689e+06
1.5701e+06 1.5776e+06 1.55698e+06 1.56024e+06
1.57208e+06 1.56858e+06 1.55042e+06 1.59757e+06
1.59614e+06 1.53796e+06 1.58402e+06 1.54022e+06
1.54989e+06 1.5422e+06 1.60337e+06 1.56457e+06
1.56045e+06 1.53722e+06 1.58394e+06 1.57413e+06
1.57356e+06 1.57322e+06 1.55413e+06 1.56625e+06
1.56355e+06 1.56037e+06 1.5843e+06 1.53902e+06
1.5495e+06 1.54288e+06 1.60417e+06 1.56538e+06
1.5701e+06 1.5776e+06 1.55698e+06 1.56024e+06
1.55334e+06 1.57096e+06 1.55453e+06 1.56786e+06
1.58534e+06 1.56448e+06 1.53952e+06 1.58694e+06
1.59502e+06 1.53135e+06 1.58219e+06 1.55074e+06
1.56036e+06 1.56887e+06 1.60021e+06 1.52107e+06
1.54678e+06 1.55828e+06 1.5934e+06 1.55225e+06
1.58534e+06 1.56448e+06 1.53952e+06 1.58694e+06
1.67796e+06 1.52002e+06 1.55721e+06 1.62101e+06
1.58534e+06 1.56448e+06 1.53952e+06 1.58694e+06
1.56522e+06 1.56454e+06 1.58412e+06 1.52918e+06
1.54823e+06 1.53725e+06 1.60454e+06 1.56515e+06
1.5443e+06 1.57306e+06 1.58581e+06 1.63631e+06
1.57309e+06 1.57661e+06 1.59835e+06 1.53384e+06
1.55998e+06 1.56004e+06 1.58569e+06 1.52752e+06
1.55334e+06 1.57096e+06 1.55453e+06 1.56786e+06
1.55568e+06 1.53649e+06 1.58475e+06 1.57253e+06
1.59092e+06 1.53441e+06 1.58342e+06 1.55071e+06
1.59488e+06 1.5322e+06 1.58238e+06 1.54913e+06
1.56358e+06 1.55826e+06 1.58507e+06 1.53597e+06
1.55258e+06 1.57032e+06 1.5538e+06 1.56613e+06
1.55568e+06 1.53649e+06 1.58475e+06 1.57253e+06
1.62884e+06 1.49092e+06 1.64494e+06 1.65446e+06
1.55883e+06 1.55994e+06 1.59572e+06 1.5352e+06
1.55141e+06 1.53924e+06 1.58802e+06 1.56244e+06
1.55871e+06 1.56102e+06 1.59308e+06 1.53172e+06
1.55258e+06 1.57032e+06 1.5538e+06 1.56613e+06
1.55029e+06 1.53638e+06 1.58689e+06 1.5714e+06
1.56518e+06 1.58835e+06 1.55014e+06 1.56924e+06
1.55888e+06 1.55905e+06 1.5934e+06 1.53775e+06
1.55334e+06 1.57096e+06 1.55453e+06 1.56786e+06
1.59502e+06 1.53135e+06 1.58219e+06 1.55074e+06
1.5495e+06 1.54288e+06 1.60417e+06 1.56538e+06
1.62673e+06 1.60759e+06 1.53238e+06 1.58253e+06
1.5705e+06 1.5892e+06 1.55028e+06 1.55494e+06
1.56358e+06 1.55826e+06 1.58507e+06 1.53597e+06
1.54648e+06 1.54582e+06 1.6051e+06 1.57257e+06
1.5705e+06 1.5892e+06 1.55028e+06 1.55494e+06
1.58906e+06 1.54582e+06 1.59246e+06 1.5433e+06
1.56978e+06 1.56586e+06 1.55039e+06 1.59727e+06
1.67796e+06 1.52002e+06 1.55721e+06 1.62101e+06
1.5951e+06 1.53189e+06 1.58109e+06 1.54637e+06
1.54695e+06 1.5537e+06 1.59946e+06 1.54975e+06
1.56419e+06 1.5649e+06 1.59213e+06 1.53548e+06
1.54938e+06 1.58003e+06 1.55599e+06 1.55861e+06
1.55568e+06 1.53649e+06 1.58475e+06 1.57253e+06
1.55409e+06 1.54009e+06 1.60786e+06 1.56981e+06
1.55258e+06 1.57032e+06 1.5538e+06 1.56613e+06
1.62393e+06 1.49256e+06 1.64661e+06 1.65735e+06
1.56419e+06 1.5649e+06 1.59213e+06 1.53548e+06
1.5564e+06 1.55633e+06 1.59394e+06 1.5333e+06
1.54989e+06 1.5422e+06 1.60337e+06 1.56457e+06
1.62662e+06 1.49125e+06 1.6461e+06 1.655e+06
1.55953e+06 1.56765e+06 1.5879e+06 1.53498e+06
1.54989e+06 1.5422e+06 1.60337e+06 1.56457e+06
1.55914e+06 1.57168e+06 1.5922e+06 1.53389e+06
1.54695e+06 1.5537e+06 1.59946e+06 1.54975e+06
1.62941e+06 1.49616e+06 1.64944e+06 1.66236e+06
1.55871e+06 1.56108e+06 1.59098e+06 1.5348e+06
1.56358e+06 1.55826e+06 1.58507e+06 1.53597e+06
1.55029e+06 1.53638e+06 1.58689e+06 1.5714e+06
1.56999e+06 1.58914e+06 1.54444e+06 1.57168e+06
1.54406e+06 1.55652e+06 1.59711e+06 1.55324e+06
1.59488e+06 1.5322e+06 1.58238e+06 1.54913e+06
1.56518e+06 1.58835e+06 1.55014e+06 1.56924e+06
1.59366e+06 1.53222e+06 1.58066e+06 1.54959e+06
1.55904e+06 1.60061e+06 1.54489e+06 1.57195e+06
1.56978e+06 1.56586e+06 1.55039e+06 1.59727e+06
1.59325e+06 1.53118e+06 1.57475e+06 1.54914e+06
1.56518e+06 1.58835e+06 1.55014e+06 1.56924e+06
1.54444e+06 1.54144e+06 1.5917e+06 1.56233e+06
1.56063e+06 1.56191e+06 1.58639e+06 1.53292e+06
1.54135e+06 1.5632e+06 1.61496e+06 1.62965e+06
1.57139e+06 1.56234e+06 1.58533e+06 1.53062e+06
1.54444e+06 1.54144e+06 1.5917e+06 1.56233e+06
1.57142e+06 1.56842e+06 1.55623e+06 1.59315e+06
1.63145e+06 1.49267e+06 1.6536e+06 1.65184e+06
1.56978e+06 1.56586e+06 1.55039e+06 1.59727e+06
1.57478e+06 1.53964e+06 1.5958e+06 1.55257e+06
1.59614e+06 1.53796e+06 1.58402e+06 1.54022e+06
1.55334e+06 1.57096e+06 1.55453e+06 1.56786e+06
1.63145e+06 1.49267e+06 1.6536e+06 1.65184e+06
1.59325e+06 1.53118e+06 1.57475e+06 1.54914e+06
1.58897e+06 1.53939e+06 1.58829e+06 1.54994e+06
1.62662e+06 1.49125e+06 1.6461e+06 1.655e+06
1.55871e+06 1.56102e+06 1.59308e+06 1.53172e+06
1.54504e+06 1.54069e+06 1.58902e+06 1.56403e+06
1.54406e+06 1.55652e+06 1.59711e+06 1.55324e+06
1.63849e+06 1.60823e+06 1.52933e+06 1.58947e+06
1.59614e+06 1.53796e+06 1.58402e+06 1.54022e+06
1.55334e+06 1.57096e+06 1.55453e+06 1.56786e+06
1.5705e+06 1.5892e+06 1.55028e+06 1.55494e+06
1.55258e+06 1.57032e+06 1.5538e+06 1.56613e+06
1.63029e+06 1.61076e+06 1.53007e+06 1.59302e+06
1.5951e+06 1.53189e+06 1.58109e+06 1.54637e+06
1.56358e+06 1.55826e+06 1.58507e+06 1.53597e+06
1.54695e+06 1.5537e+06 1.59946e+06 1.54975e+06
1.62673e+06 1.60759e+06 1.53238e+06 1.58253e+06
1.59633e+06 1.53839e+06 1.58165e+06 1.54322e+06
1.56518e+06 1.58835e+06 1.55014e+06 1.56924e+06
1.55141e+06 1.53924e+06 1.58802e+06 1.56244e+06
1.5509e+06 1.53823e+06 1.58583e+06 1.56652e+06
1.54648e+06 1.54582e+06 1.6051e+06 1.57257e+06
1.59325e+06 1.53118e+06 1.57475e+06 1.54914e+06
1.56518e+06 1.58835e+06 1.55014e+06 1.56924e+06
1.58906e+06 1.54582e+06 1.59246e+06 1.5433e+06
1.59488e+06 1.5322e+06 1.58238e+06 1.54913e+06
1.56978e+06 1.56586e+06 1.55039e+06 1.59727e+06
1.63145e+06 1.49267e+06 1.6536e+06 1.65184e+06
1.5623e+06 1.56476e+06 1.59146e+06 1.53933e+06
1.56522e+06 1.56454e+06 1.58412e+06 1.52918e+06
1.54938e+06 1.58003e+06 1.55599e+06 1.55861e+06
1.62393e+06 1.49256e+06 1.64661e+06 1.65735e+06
1.57139e+06 1.56234e+06 1.58533e+06 1.53062e+06
1.54444e+06 1.54144e+06 1.5917e+06 1.56233e+06
1.55953e+06 1.56765e+06 1.5879e+06 1.53498e+06
1.55043e+06 1.57344e+06 1.5842e+06 1.53626e+06
1.62456e+06 1.49432e+06 1.64909e+06 1.65467e+06
1.59633e+06 1.53839e+06 1.58165e+06 1.54322e+06
1.55998e+06 1.56004e+06 1.58569e+06 1.52752e+06
1.5495e+06 1.54288e+06 1.60417e+06 1.56538e+06
1.5705e+06 1.5892e+06 1.55028e+06 1.55494e+06
1.54993e+06 1.58106e+06 1.55793e+06 1.55772e+06
1.56999e+06 1.58914e+06 1.54444e+06 1.57168e+06
1.55788e+06 1.57831e+06 1.5551e+06 1.56528e+06
1.57478e+06 1.53964e+06 1.5958e+06 1.55257e+06
1.54406e+06 1.55652e+06 1.59711e+06 1.55324e+06
1.55928e+06 1.56799e+06 1.55506e+06 1.57032e+06
1.55568e+06 1.53649e+06 1.58475e+06 1.57253e+06
1.673e+06 1.52238e+06 1.55761e+06 1.62341e+06
1.57478e+06 1.53964e+06 1.5958e+06 1.55257e+06
1.55334e+06 1.57096e+06 1.55453e+06 1.56786e+06
1.54695e+06 1.5537e+06 1.59946e+06 1.54975e+06
1.59614e+06 1.53796e+06 1.58402e+06 1.54022e+06
1.54504e+06 1.54069e+06 1.58902e+06 1.56403e+06
1.55904e+06 1.60061e+06 1.54489e+06 1.57195e+06
1.55568e+06 1.53649e+06 1.58475e+06 1.57253e+06
1.59488e+06 1.5322e+06 1.58238e+06 1.54913e+06
1.67147e+06 1.5167e+06 1.56171e+06 1.62337e+06
1.55883e+06 1.55994e+06 1.59572e+06 1.5352e+06
1.54938e+06 1.58003e+06 1.55599e+06 1.55861e+06
1.55243e+06 1.53817e+06 1.58685e+06 1.56795e+06
1.5509e+06 1.53823e+06 1.58583e+06 1.56652e+06
1.59614e+06 1.53796e+06 1.58402e+06 1.54022e+06
1.55029e+06 1.53638e+06 1.58689e+06 1.5714e+06
1.55883e+06 1.55994e+06 1.59572e+06 1.5352e+06
1.54406e+06 1.55652e+06 1.59711e+06 1.55324e+06
1.55243e+06 1.53817e+06 1.58685e+06 1.56795e+06
1.58534e+06 1.56448e+06 1.53952e+06 1.58694e+06
1.55874e+06 1.55892e+06 1.59345e+06 1.53841e+06
1.54823e+06 1.53725e+06 1.60454e+06 1.56515e+06
1.55039e+06 1.54251e+06 1.58628e+06 1.56274e+06
1.54648e+06 1.54582e+06 1.6051e+06 1.57257e+06
1.58534e+06 1.56448e+06 1.53952e+06 1.58694e+06
1.56522e+06 1.56454e+06 1.58412e+06 1.52918e+06
1.54444e+06 1.54144e+06 1.5917e+06 1.56233e+06
1.5443e+06 1.57306e+06 1.58581e+06 1.63631e+06
1.63849e+06 1.60823e+06 1.52933e+06 1.58947e+06
1.5951e+06 1.53189e+06 1.58109e+06 1.54637e+06
1.5564e+06 1.55633e+06 1.59394e+06 1.5333e+06
1.58522e+06 1.56348e+06 1.55043e+06 1.59789e+06
1.5564e+06 1.55633e+06 1.59394e+06 1.5333e+06
1.5495e+06 1.54288e+06 1.60417e+06 1.56538e+06
1.55871e+06 1.56102e+06 1.59308e+06 1.53172e+06
1.5509e+06 1.53823e+06 1.58583e+06 1.56652e+06
1.56978e+06 1.56586e+06 1.55039e+06 1.59727e+06
1.58252e+06 1.54082e+06 1.60386e+06 1.55317e+06
1.54938e+06 1.58003e+06 1.55599e+06 1.55861e+06
1.63292e+06 1.48472e+06 1.64811e+06 1.63726e+06
1.56426e+06 1.56516e+06 1.59086e+06 1.53521e+06
1.55251e+06 1.57032e+06 1.59942e+06 1.5501e+06
1.55029e+06 1.53638e+06 1.58689e+06 1.5714e+06
1.55421e+06 1.54138e+06 1.58407e+06 1.58329e+06
1.5701e+06 1.5776e+06 1.55698e+06 1.56024e+06
1.55626e+06 1.53635e+06 1.59144e+06 1.57586e+06
1.55871e+06 1.56102e+06 1.59308e+06 1.53172e+06
1.55102e+06 1.53789e+06 1.59299e+06 1.56464e+06
1.63292e+06 1.48472e+06 1.64811e+06 1.63726e+06
1.55928e+06 1.56799e+06 1.55506e+06 1.57032e+06
1.56522e+06 1.56454e+06 1.58412e+06 1.52918e+06
1.54823e+06 1.53725e+06 1.60454e+06 1.56515e+06
1.55788e+06 1.57831e+06 1.5551e+06 1.56528e+06
1.5443e+06 1.57306e+06 1.58581e+06 1.63631e+06
1.67796e+06 1.52002e+06 1.55721e+06 1.62101e+06
1.62673e+06 1.60759e+06 1.53238e+06 1.58253e+06
1.59633e+06 1.53839e+06 1.58165e+06 1.54322e+06
1.55791e+06 1.57107e+06 1.59317e+06 1.53181e+06
1.58534e+06 1.56448e+06 1.53952e+06 1.58694e+06
1.5995e+06 1.524e+06 1.58677e+06 1.55549e+06
1.56999e+06 1.58914e+06 1.54444e+06 1.57168e+06
1.54444e+06 1.54144e+06 1.5917e+06 1.56233e+06
1.56063e+06 1.56191e+06 1.58639e+06 1.53292e+06
1.54135e+06 1.5632e+06 1.61496e+06 1.62965e+06
1.57139e+06 1.56234e+06 1.58533e+06 1.53062e+06
1.56355e+06 1.56037e+06 1.5843e+06 1.53902e+06
1.54444e+06 1.54144e+06 1.5917e+06 1.56233e+06
1.55121e+06 1.53947e+06 1.60511e+06 1.5597e+06
1.55368e+06 1.53993e+06 1.58845e+06 1.56976e+06
1.55243e+06 1.53817e+06 1.58685e+06 1.56795e+06
1.5623e+06 1.56476e+06 1.59146e+06 1.53933e+06
1.55904e+06 1.60061e+06 1.54489e+06 1.57195e+06
1.62884e+06 1.49092e+06 1.64494e+06 1.65446e+06
1.67147e+06 1.5167e+06 1.56171e+06 1.62337e+06
1.55883e+06 1.55994e+06 1.59572e+06 1.5352e+06
1.54823e+06 1.53725e+06 1.60454e+06 1.56515e+06
1.55953e+06 1.56765e+06 1.5879e+06 1.53498e+06
1.56063e+06 1.56191e+06 1.58639e+06 1.53292e+06
1.5495e+06 1.54288e+06 1.60417e+06 1.56538e+06
1.58534e+06 1.56448e+06 1.53952e+06 1.58694e+06
1.57356e+06 1.57322e+06 1.55413e+06 1.56625e+06
1.54938e+06 1.58003e+06 1.55599e+06 1.55861e+06
1.59366e+06 1.53222e+06 1.58066e+06 1.54959e+06
1.54989e+06 1.5422e+06 1.60337e+06 1.56457e+06
1.5701e+06 1.5776e+06 1.55698e+06 1.56024e+06
1.5705e+06 1.5892e+06 1.55028e+06 1.55494e+06
1.5564e+06 1.55633e+06 1.59394e+06 1.5333e+06
1.5443e+06 1.57306e+06 1.58581e+06 1.63631e+06
1.58534e+06 1.56448e+06 1.53952e+06 1.58694e+06
1.58454e+06 1.53549e+06 1.58688e+06 1.5509e+06
1.56518e+06 1.58835e+06 1.55014e+06 1.56924e+06
1.59366e+06 1.53222e+06 1.58066e+06 1.54959e+06
1.59502e+06 1.53135e+06 1.58219e+06 1.55074e+06
1.54406e+06 1.55652e+06 1.59711e+06 1.55324e+06
1.55888e+06 1.55905e+06 1.5934e+06 1.53775e+06
1.54938e+06 1.58003e+06 1.55599e+06 1.55861e+06
1.59325e+06 1.53118e+06 1.57475e+06 1.54914e+06
1.54504e+06 1.54069e+06 1.58902e+06 1.56403e+06
1.55626e+06 1.53635e+06 1.59144e+06 1.57586e+06
1.63292e+06 1.48472e+06 1.64811e+06 1.63726e+06
1.57139e+06 1.56234e+06 1.58533e+06 1.53062e+06
1.56063e+06 1.56191e+06 1.58639e+06 1.53292e+06
1.54823e+06 1.53725e+06 1.60454e+06 1.56515e+06
1.62884e+06 1.49092e+06 1.64494e+06 1.65446e+06
1.56967e+06 1.57303e+06 1.55405e+06 1.56938e+06
1.55141e+06 1.53924e+06 1.58802e+06 1.56244e+06
1.56355e+06 1.56037e+06 1.5843e+06 1.53902e+06
1.54406e+06 1.55652e+06 1.59711e+06 1.55324e+06
1.62393e+06 1.49256e+06 1.64661e+06 1.65735e+06
1.57518e+06 1.57253e+06 1.55482e+06 1.56874e+06
1.56426e+06 1.56516e+06 1.59086e+06 1.53521e+06
1.55838e+06 1.54129e+06 1.58975e+06 1.57232e+06
1.5701e+06 1.5776e+06 1.55698e+06 1.56024e+06
1.55334e+06 1.57096e+06 1.55453e+06 1.56786e+06
1.59502e+06 1.53135e+06 1.58219e+06 1.55074e+06
1.56999e+06 1.58914e+06 1.54444e+06 1.57168e+06
1.55985e+06 1.56772e+06 1.59105e+06 1.53529e+06
1.54678e+06 1.55828e+06 1.5934e+06 1.55225e+06
1.67796e+06 1.52002e+06 1.55721e+06 1.62101e+06
1.58534e+06 1.56448e+06 1.53952e+06 1.58694e+06
1.59366e+06 1.53222e+06 1.58066e+06 1.54959e+06
1.55914e+06 1.57168e+06 1.5922e+06 1.53389e+06
1.54504e+06 1.54069e+06 1.58902e+06 1.56403e+06
1.54135e+06 1.5632e+06 1.61496e+06 1.62965e+06
1.55985e+06 1.56772e+06 1.59105e+06 1.53529e+06
1.56063e+06 1.56191e+06 1.58639e+06 1.53292e+06
1.54938e+06 1.58003e+06 1.55599e+06 1.55861e+06
1.62393e+06 1.49256e+06 1.64661e+06 1.65735e+06
1.67796e+06 1.52002e+06 1.55721e+06 1.62101e+06
1.59184e+06 1.53689e+06 1.58377e+06 1.55911e+06
1.56426e+06 1.56516e+06 1.59086e+06 1.53521e+06
1.54938e+06 1.58003e+06 1.55599e+06 1.55861e+06
1.55029e+06 1.53638e+06 1.58689e+06 1.5714e+06
1.55029e+06 1.53638e+06 1.58689e+06 1.5714e+06
1.58454e+06 1.53549e+06 1.58688e+06 1.5509e+06
1.62393e+06 1.49256e+06 1.64661e+06 1.65735e+06
1.55871e+06 1.56108e+06 1.59098e+06 1.5348e+06
1.55998e+06 1.56004e+06 1.58569e+06 1.52752e+06
1.54504e+06 1.54069e+06 1.58902e+06 1.56403e+06
1.62673e+06 1.60759e+06 1.53238e+06 1.58253e+06
1.56358e+06 1.55826e+06 1.58507e+06 1.53597e+06
1.55258e+06 1.57032e+06 1.5538e+06 1.56613e+06
1.56522e+06 1.56454e+06 1.58412e+06 1.52918e+06
1.5495e+06 1.54288e+06 1.60417e+06 1.56538e+06
1.63849e+06 1.60823e+06 1.52933e+06 1.58947e+06
1.5995e+06 1.524e+06 1.58677e+06 1.55549e+06
1.55791e+06 1.57107e+06 1.59317e+06 1.53181e+06
1.54678e+06 1.55828e+06 1.5934e+06 1.55225e+06
1.63029e+06 1.61076e+06 1.53007e+06 1.59302e+06
1.5509e+06 1.53823e+06 1.58583e+06 1.56652e+06
1.54938e+06 1.58003e+06 1.55599e+06 1.55861e+06
1.57142e+06 1.56842e+06 1.55623e+06 1.59315e+06
