105 5.96745
134240 103357
133352 165777
133352 165777
134240 103357
133352 165777
133352 165777
134240 103357
134240 103357
134240 103357
133352 165777
133352 165777
133352 165777
133352 165777
133352 165777
133352 165777
133352 165777
133352 165777
133352 165777
148795 103412
134731 168322
134731 168322
147100 145799
148795 103412
136242 158857
140911 151499
136242 158857
144801 147955
141540 149322
147100 145799
144801 147955
148795 103412
140911 151499
134731 168322
141540 149322
140911 151499
141540 149322
140911 151499
144801 147955
141540 149322
148795 103412
148795 103412
148795 103412
148795 103412
148795 103412
148795 103412
148795 103412
148795 103412
148795 103412
148795 103412
148795 103412
148795 103412
148795 103412
148795 103412
148795 103412
148795 103412
148795 103412
148795 103412
147100 145799
147100 145799
147100 145799
144801 147955
144801 147955
144801 147955
144801 147955
141540 149322
141540 149322
141540 149322
141540 149322
141540 149322
141540 149322
141540 149322
141540 149322
141540 149322
141540 149322
141540 149322
141540 149322
141540 149322
141540 149322
141540 149322
141540 149322
141540 149322
141540 149322
141540 149322
141540 149322
141540 149322
141540 149322
141540 149322
141540 149322
141540 149322
141540 149322
141540 149322
141540 149322
141540 149322
141540 149322
141540 149322
141540 149322
141540 149322
141540 149322
141540 149322
141540 149322
141540 149322
141540 149322
141540 149322
141540 149322
140911 151499
140911 151499
140911 151499
140911 151499
140911 151499
140911 151499
140911 151499
140911 151499
140911 151499
140911 151499
140911 151499
140911 151499
140911 151499
140911 151499
140911 151499
140911 151499
140911 151499
140911 151499
140911 151499
140911 151499
140911 151499
140911 151499
140911 151499
140911 151499
140911 151499
140911 151499
158248 118516
136119 184000
136119 184000
153045 143831
158248 118516
147295 147613
137420 162238
141879 153111
138485 159540
141879 153111
149407 147264
149407 147264
136119 184000
137859 161446
137859 161446
137420 162238
158248 118516
141879 153111
137859 161446
137420 162238
137420 162238
137420 162238
170472 139527
140332 160031
140332 160031
161472 148337
147934 150037
154044 149924
147934 150037
140332 160031
140332 160031
140332 160031
172130 146355
143755 163354
151010 157267
163248 148996
157301 153437
170619 148461
154131 157209
158188 150101
157555 151115
161217 151094
144463 164934
151440 158697
157571 158000
158841 156646
159710 153392
160866 153058
163142 151779
145780 168333
153527 160597
147752 166488
160540 156794
155791 158769
164094 151812
147282 175772
161321 157690
159972 159297
151146 166845
148852 172520
149326 169530
155560 161251
153870 164560
155075 163902
155544 161753
177324 152762
153021 174557
167868 153935
175152 153029
156736 162211
153241 168735
160007 159782
154233 166639
165260 154545
158756 161844
164473 156262
162461 157794
162943 157758
154115 167122
170048 154428
153902 169368
160685 161311
156078 167366
167160 155265
166544 157536
156972 163664
157610 162711
161672 160094
164606 159121
154184 167459
164467 159541
154121 169278
172543 154527
154595 167668
157806 163256
167538 156257
166566 158414
165312 159523
163190 160771
160943 162566
162216 162062
185044 154561
154964 182202
156528 174571
157718 172567
158324 164569
177025 154651
167603 156284
172611 155624
163320 161218
166885 159097
161222 163000
165911 160973
160769 164296
175325 154692
173661 155438
187045 154616
156604 188973
181653 155500
156852 176763
172771 155834
158464 166047
158099 174411
166322 161549
171045 157525
161841 163037
167724 158202
167333 161006
160663 165084
157482 175308
159326 165102
161821 164014
167659 159076
177041 156117
157142 179756
169011 158473
158474 173744
158977 166178
167677 162715
157698 178164
163081 163091
159644 165116
167878 161021
168157 159150
161913 164437
162379 164296
162940 163102
162111 164394
180531 156297
157787 178655
159532 166885
158484 178435
173211 158594
164410 164743
160052 165496
166425 163376
168294 160338
165583 163473
170764 158672
169970 158687
169431 159974
169178 160326
180946 158765
158584 183201
159136 180960
172223 158939
160902 167955
159676 172826
164080 165572
159775 171347
169386 160642
168141 163403
166429 164974
168060 163416
164782 165382
171417 159761
170701 159824
169637 160298
166393 165051
159690 172139
178216 159808
158833 191490
175701 160142
160458 178299
169654 160566
161301 169069
160305 182948
162606 168812
169435 162901
166764 165949
164705 167362
168721 165416
160334 181693
165164 167312
167891 165727
178268 160200
161126 183538
165175 168194
171518 161481
175863 160948
161762 169325
161538 179190
161713 173197
161563 175479
169802 163234
167438 166245
169511 164625
169047 165853
167814 165957
192536 161133
161822 180461
179705 161145
161957 178574
162234 169686
165346 169070
161998 173107
177717 161725
172397 162132
167942 167399
170032 163420
169518 165534
162057 172971
168029 166243
171929 162935
176202 162505
162538 178217
162965 171645
167307 169702
173133 162576
163587 169779
169273 167110
170925 164172
170066 166183
170557 164854
174779 162701
163408 174380
167446 170084
164234 170943
169283 168523
171727 164950
173432 162972
170925 167624
163654 172892
171104 166053
185615 162746
163964 173291
175243 162778
165199 171012
169624 168663
171856 165467
174989 163566
171661 166844
164254 171770
171049 168029
170986 168447
187061 163169
165630 176257
176011 163256
165636 173978
172935 165523
172128 170125
172537 167304
170918 170870
166877 171059
166464 171875
172729 166091
177330 164305
166348 182445
168068 171755
173564 169109
166692 173583
166622 181012
176268 164867
175300 167114
174998 167378
173591 168738
178194 165657
166411 187620
167123 173687
170773 171810
175211 167999
173944 170710
177542 167776
169815 173234
174182 169937
170424 172749
181389 166346
167211 178575
167730 173690
178336 168630
175271 171508
174891 172365
171097 172956
176692 169429
171226 172460
177488 169249
180171 168648
168164 175761
171264 173027
168552 175521
173017 172834
177503 172177
177531 171333
178365 168801
179076 168653
184483 168981
168286 179317
173252 172857
172143 174665
178378 171349
178431 169806
168655 176365
168490 178342
182367 169957
168590 187280
180436 170562
169405 182612
173921 173035
170566 177421
172234 174666
170702 177151
173581 174268
182807 172703
171361 184394
171625 177231
172388 174918
176824 174525
181201 172975
177232 173112
187660 173048
172091 178539
172477 175353
186401 173442
178251 173473
176924 174832
177520 173663
174579 175326
176669 175203
189684 173368
173769 183268
180088 174369
174053 175564
174455 175380
182512 174622
174626 185254
176886 176387
175096 180343
175982 177020
184375 176163
175950 183826
180319 177590
177000 181594
183029 176842
184561 177730
171353 132337
135395 163703
135395 163703
145993 143687
145314 153403
171353 132337
162152 134608
137400 160823
162152 134608
156408 140879
156408 140879
150519 142691
162152 134608
156408 140879
139671 156161
144373 155759
139671 156161
150227 143548
145993 143687
137400 160823
135395 163703
145314 153403
144373 155759
171353 132337
162152 134608
139671 156161
137400 160823
156408 140879
150519 142691
135395 163703
150519 142691
150227 143548
145314 153403
144373 155759
145993 143687
145314 153403
144373 155759
139671 156161
150227 143548
150519 142691
145993 143687
171353 132337
171353 132337
171353 132337
171353 132337
171353 132337
171353 132337
171353 132337
171353 132337
171353 132337
171353 132337
171353 132337
171353 132337
171353 132337
171353 132337
171353 132337
171353 132337
171353 132337
171353 132337
171353 132337
171353 132337
171353 132337
162152 134608
162152 134608
162152 134608
162152 134608
162152 134608
162152 134608
162152 134608
162152 134608
162152 134608
162152 134608
162152 134608
162152 134608
162152 134608
156408 140879
156408 140879
156408 140879
156408 140879
156408 140879
156408 140879
156408 140879
156408 140879
156408 140879
156408 140879
156408 140879
156408 140879
156408 140879
156408 140879
156408 140879
156408 140879
156408 140879
156408 140879
150519 142691
150519 142691
150519 142691
150519 142691
150519 142691
150519 142691
150519 142691
150519 142691
150519 142691
150519 142691
150519 142691
150519 142691
150519 142691
150519 142691
150519 142691
150519 142691
150519 142691
150519 142691
150519 142691
150519 142691
150519 142691
150519 142691
150519 142691
150519 142691
150227 143548
150227 143548
150227 143548
145993 143687
145993 143687
145993 143687
145993 143687
145993 143687
145993 143687
145993 143687
145993 143687
145993 143687
145993 143687
145993 143687
145993 143687
145993 143687
145993 143687
145993 143687
145993 143687
145993 143687
145993 143687
145993 143687
145993 143687
145314 153403
145314 153403
145314 153403
145314 153403
145314 153403
145314 153403
145314 153403
145314 153403
145314 153403
145314 153403
145314 153403
145314 153403
145314 153403
145314 153403
145314 153403
145314 153403
145314 153403
145314 153403
145314 153403
145314 153403
145314 153403
145314 153403
145314 153403
145314 153403
145314 153403
145314 153403
145314 153403
145314 153403
145314 153403
144373 155759
144373 155759
144373 155759
144373 155759
144373 155759
144373 155759
144373 155759
144373 155759
144373 155759
144373 155759
144373 155759
144373 155759
144373 155759
144373 155759
144373 155759
144373 155759
144373 155759
144373 155759
144373 155759
144373 155759
144373 155759
144373 155759
144373 155759
144373 155759
144373 155759
144373 155759
144373 155759
144373 155759
144373 155759
144373 155759
139671 156161
139671 156161
139671 156161
139671 156161
139671 156161
139671 156161
139671 156161
139671 156161
139671 156161
139671 156161
139671 156161
139671 156161
139671 156161
139671 156161
139671 156161
139671 156161
139671 156161
139671 156161
139671 156161
139671 156161
139671 156161
139671 156161
139671 156161
139671 156161
139671 156161
139671 156161
139671 156161
139671 156161
139671 156161
139671 156161
139671 156161
139671 156161
139671 156161
139671 156161
139671 156161
139671 156161
139671 156161
137400 160823
135395 163703
135395 163703
135395 163703
135395 163703
135395 163703
135395 163703
135395 163703
135395 163703
135395 163703
135395 163703
135395 163703
135395 163703
135395 163703
135395 163703
135395 163703
135395 163703
135395 163703
135395 163703
135395 163703
135395 163703
135395 163703
135395 163703
135395 163703
135395 163703
135395 163703
135395 163703
135395 163703
135395 163703
135395 163703
135395 163703
135395 163703
135395 163703
135395 163703
135395 163703
135395 163703
135395 163703
135395 163703
135395 163703
135395 163703
135395 163703
135395 163703
135395 163703
135395 163703
135395 163703
170535 135501
170535 135501
138353 162966
138353 162966
160042 141815
155873 147622
141591 160191
154191 158012
151722 159112
151965 158133
170535 135501
174843 144426
151728 160711
161916 150609
158490 155121
155435 160490
161111 153700
161177 151049
176711 149925
151735 170161
170275 152802
163513 153326
173618 151932
157850 162857
158805 157909
152394 165053
153713 165009
161981 156158
158408 160819
162137 154692
170522 153408
151758 173049
164579 155729
153497 167871
159676 160236
151818 171936
162815 159892
163837 157631
158630 162917
154292 166865
158492 164976
156374 166211
157428 165959
176504 154599
153087 176136
164689 155870
172888 155483
153615 170815
161238 165601
161742 160259
155908 168472
158979 166530
161672 160882
157810 168409
170840 155965
156199 177801
157551 171976
167030 158163
170107 157401
164997 161437
162778 163141
165019 159052
158441 168820
161475 165650
157937 171056
161312 167154
162446 164154
159740 167529
159018 167703
171807 156220
157811 173802
165039 159261
160842 168366
163603 163874
171223 157653
158273 172747
176021 157188
157949 176790
159694 174176
161944 170196
174957 158299
169556 159729
166642 161178
163702 168607
165338 163866
163784 164612
169290 160570
165000 164480
164575 164514
176714 157296
158576 180133
172106 160516
163008 170678
160510 177911
163937 167478
161984 171956
168951 162064
167758 165995
161284 175153
171160 161260
168777 164221
165568 166048
161142 176463
164928 166226
186264 158247
161580 178582
180104 158576
175445 161004
161696 177280
164713 168258
163035 172548
162480 172678
168397 165998
169881 163945
172586 161918
171924 163884
174404 161318
165460 167959
166601 167024
167260 166858
177833 161682
161943 178335
165041 173971
169499 166848
162589 175399
165776 168410
174109 163877
165989 168402
170536 164803
175120 161931
170416 165283
177786 161780
174950 163114
181060 161994
162805 177143
166384 172930
166936 168605
171094 165131
175935 163154
170669 167362
177266 162431
181185 163174
163241 177265
173694 165307
166578 175066
171311 168722
168291 169214
166940 172033
171696 166041
171581 167245
168274 170611
167049 171280
168069 171177
177768 165873
164469 186971
166154 178952
169779 170134
165301 182623
167725 175360
172159 166980
167924 171364
174148 166115
174039 166655
181937 166851
166594 182766
169936 173607
172651 167714
179260 166919
171026 171463
177186 167893
170073 176936
172628 173633
173245 168209
171333 174436
173571 168108
177796 167938
170752 179407
173456 173390
174409 171593
175485 168903
175710 168833
184337 169527
172191 180763
173575 174760
181350 169531
176900 170134
174936 173232
176754 171412
175993 173012
189365 170135
172274 187837
174707 182299
175192 173813
179542 170996
178872 172001
179154 172857
176309 176678
177220 175520
187265 175242
176881 181974
186128 176256
180734 178925
178379 178952
