228 13.486
2.83454e+06 2.9373e+06
2.78909e+06 3.00857e+06
2.82806e+06 2.94138e+06
2.85924e+06 2.912e+06
2.76729e+06 3.04599e+06
2.81747e+06 2.96068e+06
2.82291e+06 2.94636e+06
2.84206e+06 2.92381e+06
2.85428e+06 2.91484e+06
2.75228e+06 3.08576e+06
2.84604e+06 2.92161e+06
2.82588e+06 2.94262e+06
2.78581e+06 3.01399e+06
2.76958e+06 3.03484e+06
2.91768e+06 2.85673e+06
2.77269e+06 3.03438e+06
2.91148e+06 2.87259e+06
2.95079e+06 2.84232e+06
2.80172e+06 2.97374e+06
2.85168e+06 2.91904e+06
2.78979e+06 2.99711e+06
2.91662e+06 2.85883e+06
2.75196e+06 3.0875e+06
2.85603e+06 2.91292e+06
2.85129e+06 2.92019e+06
2.91502e+06 2.85985e+06
2.99508e+06 2.8266e+06
2.81876e+06 2.95041e+06
2.84296e+06 2.92366e+06
3.05428e+06 2.79586e+06
2.76834e+06 3.04104e+06
2.84945e+06 2.9209e+06
2.81326e+06 2.96668e+06
2.78682e+06 3.01248e+06
2.99561e+06 2.82427e+06
3.001e+06 2.82057e+06
3.04071e+06 2.80303e+06
2.76628e+06 3.0513e+06
3.02541e+06 2.80609e+06
2.93478e+06 2.85373e+06
3.00694e+06 2.81259e+06
2.92563e+06 2.85468e+06
2.79286e+06 2.99405e+06
2.79497e+06 2.97689e+06
2.90181e+06 2.87869e+06
2.82819e+06 2.93776e+06
2.89025e+06 2.88756e+06
2.94558e+06 2.84537e+06
2.88226e+06 2.89248e+06
2.87042e+06 2.89944e+06
3.05336e+06 2.7972e+06
2.81668e+06 2.96078e+06
2.93065e+06 2.85444e+06
2.99302e+06 2.82983e+06
2.91024e+06 2.8737e+06
2.89088e+06 2.88247e+06
2.90142e+06 2.88208e+06
2.83532e+06 2.92554e+06
2.7442e+06 3.09918e+06
3.02094e+06 2.81069e+06
2.81405e+06 2.96394e+06
2.7798e+06 3.01827e+06
2.94702e+06 2.844e+06
3.05581e+06 2.78804e+06
2.7586e+06 3.06876e+06
2.85372e+06 2.9149e+06
3.05946e+06 2.78285e+06
2.95337e+06 2.83422e+06
3.07155e+06 2.78221e+06
2.76024e+06 3.06792e+06
2.86024e+06 2.90885e+06
3.048e+06 2.80131e+06
3.00608e+06 2.81706e+06
2.92538e+06 2.85471e+06
2.74722e+06 3.09424e+06
2.91174e+06 2.86477e+06
2.77785e+06 3.0215e+06
2.86476e+06 2.90005e+06
2.76531e+06 3.05781e+06
2.75286e+06 3.07946e+06
2.80561e+06 2.9677e+06
3.05583e+06 2.7877e+06
2.7771e+06 3.02811e+06
2.74473e+06 3.1129e+06
3.07158e+06 2.78284e+06
2.79028e+06 3.00581e+06
2.92169e+06 2.85787e+06
2.99463e+06 2.83678e+06
2.84722e+06 2.92717e+06
2.82959e+06 2.94251e+06
3.06238e+06 2.81239e+06
2.95592e+06 2.8465e+06
2.80129e+06 2.97843e+06
2.8985e+06 2.89144e+06
2.95942e+06 2.84228e+06
2.88507e+06 2.90522e+06
2.76869e+06 3.04704e+06
2.82675e+06 2.96729e+06
2.91274e+06 2.88428e+06
2.74761e+06 3.097e+06
