195 0.421158
156998 92706
101888 139731
110535 124319
118451 117725
118030 122935
115080 124094
124666 107622
139606 96628
106380 129521
143660 96348
131100 103306
151191 93188
155236 92950
129007 104372
136864 97362
128093 107382
116149 123633
135681 99852
104917 132814
104907 135759
104900 135840
104880 138764
108505 128952
134979 100388
134022 101748
104045 139530
119302 113720
105854 131182
108577 127411
138675 96851
136864 97362
119220 115621
118502 115851
118451 117725
128093 107382
128561 105896
109601 125372
123250 108219
121683 109668
123219 109181
144928 96131
156998 92706
155236 92950
146730 94986
145057 95287
117758 123287
109127 126293
102288 139704
134022 101748
133118 102620
105854 131182
108505 128952
109063 127332
132832 102941
135681 99852
104456 139420
121028 111994
121655 111064
121655 111064
121683 109668
120310 112224
119570 112995
150852 93350
148062 94769
146730 94986
109543 126050
144028 96194
105163 132215
105163 132215
149868 94283
149062 94740
134979 100388
128968 105131
128561 105896
104880 138764
138675 96851
131792 103043
123219 109181
123250 108219
145057 95287
119570 112995
150798 94224
149062 94740
148062 94769
131792 103043
149868 94283
150798 94224
119220 115621
121028 111994
118502 115851
120310 112224
104917 132814
128968 105131
109601 125372
119302 113720
117758 123287
118030 122935
133118 102620
143660 96348
151191 93188
