467 3.00667
339297 320862 327263 210738
300125 274408 376784 277428
297139 397208 287108 269510
402538 291016 288603 272505
343016 209273 327730 329851
344639 351552 202995 291188
275100 284728 285944 375204
220296 336803 320876 307320
261206 316762 313908 298174
338049 323975 322777 221189
399280 292796 292977 271726
337374 314599 332319 230845
308892 282084 352728 288315
334214 218871 326721 334594
388045 290418 293915 277157
343565 348676 218919 289625
303050 267066 323644 323232
304495 359875 267667 286375
333731 242250 316782 328845
322049 298305 333574 250481
297869 367177 282379 279129
342870 253843 305581 309364
278715 285748 291224 362758
269911 275053 292281 367081
245015 339004 312386 305326
232649 344999 320236 301602
385793 303479 297236 263046
302528 277029 361285 285777
345649 350011 209813 288592
299662 387697 288586 276328
297437 383949 293074 274723
351362 336094 240376 288797
347139 332050 230802 298134
350757 333005 238205 290321
304846 278236 370389 282012
324351 325000 329507 236816
328698 238909 323403 326840
285628 293920 275249 354266
272407 313368 308797 292428
347974 261149 308091 301669
322741 299909 334268 246170
337896 327171 329544 218146
296464 302740 342934 312973
377245 311230 296159 265237
319083 300338 310107 239598
381074 303618 299941 268492
344454 338489 226331 299694
301182 393898 286529 270691
318807 308122 309244 257585
374911 306248 301905 269424
370398 301531 303377 275593
344183 351330 221963 287168
344813 331193 234550 300714
227765 340802 320898 300867
286970 283233 278525 346612
250081 317218 319810 303528
357391 296539 320653 289355
329490 225522 324317 319062
240555 342821 319103 302794
368015 305997 297591 269832
308009 350867 256057 303343
300005 287921 347852 295624
223222 337115 319215 307653
356491 357410 208798 283232
289106 300943 302613 341403
343058 351790 204186 291207
312169 357310 243726 303627
301994 375017 282989 278231
306949 278753 366546 281045
301994 375017 282989 278231
307099 278331 354620 281957
339038 322411 324276 214132
283375 288632 271082 357367
333450 234704 321821 327132
318892 300996 311549 243232
317488 354079 251112 305971
335383 328083 326866 215181
296141 301486 341867 314997
303952 265852 322571 325149
274348 273759 294158 366677
346265 329289 241708 290397
283375 288632 271082 357367
282805 283783 279081 348478
364719 291500 300710 296874
332906 225856 323724 316485
336839 314205 331063 233990
285628 293920 275249 354266
331380 287474 313135 336394
317114 265933 322371 338418
355296 357889 208967 283088
325642 299422 331808 245990
298995 396176 286606 267079
297407 384200 298676 272611
256024 319479 318078 301464
346975 257722 304617 302339
303557 293858 294491 343032
341042 247302 328669 310692
314522 349004 262828 300310
362197 290551 299918 298602
298009 286125 360536 298150
