806 18.8196
144543 152695
171196 130795
143156 156289
165045 130946
159594 134614
143156 156289
142832 157288
148924 143163
165045 130946
142391 158031
169818 130856
160619 133636
145301 148862
141143 163697
161601 132207
163739 131668
156049 136133
146742 145941
153733 138032
150885 140438
144281 152747
158440 134944
143008 156975
144650 152512
160490 133879
146331 146868
149819 142218
159920 134177
151505 139782
143629 154687
142106 160024
152053 138297
143599 155676
150174 141152
144663 151771
156653 135544
149677 142919
160039 134104
143266 156057
157419 135534
144852 150712
143966 153160
143605 155632
143642 154051
148004 144714
142340 159803
146150 148095
148847 143531
161481 133511
152053 138297
163325 131992
154029 137344
154791 136413
159716 134700
142873 157296
149460 143273
165203 131396
167064 131144
165227 131332
142739 158658
142787 158603
142460 158684
170854 130859
145848 149092
145599 150025
141961 163880
141241 166563
141273 163986
141241 166563
163181 132447
162007 133246
162558 132710
164860 131906
156345 136329
147075 146674
147792 146079
147312 146401
151264 141058
151466 140732
158994 135007
143123 157062
143123 157062
160971 134052
161469 134034
160681 134063
146883 147401
146659 147427
146965 147011
149961 142416
149942 142501
151690 140440
142115 161580
142191 160696
142191 160696
150782 141430
150467 141632
150287 142282
156664 136289
156664 136289
160642 134632
143413 156185
157982 135959
157446 136213
158625 135646
145245 151442
145300 151271
145067 152539
144890 152668
144312 153944
144491 153332
143854 154080
143849 155393
143837 155474
143760 156115
148059 145796
148121 145036
148775 144917
142346 160474
146248 148365
146450 148149
146450 148149
148874 144720
149259 143594
161676 133988
152943 139138
152943 139138
153851 138783
153515 138819
152415 139175
163589 132338
163788 132327
164609 131996
164380 132106
164609 131996
164609 131996
154665 137594
154114 138633
154331 138204
155192 137149
155509 136782
155465 137136
159797 134811
160111 134755
160111 134755
142887 158004
142970 157699
149492 143496
149897 143397
167223 131267
165272 131343
142506 158814
142506 158814
146110 149162
146031 150304
145751 150826
145710 151020
145673 151112
141295 166060
141326 164067
163375 132601
163367 132664
162541 133289
162439 133578
162149 133738
162802 132933
156455 136629
147990 146181
147990 146181
147748 146447
147723 146485
151472 141024
159256 135572
159459 135127
159456 135153
159564 135016
143157 157609
160761 134594
161016 134548
161416 134531
161599 134181
146794 147834
147480 147498
147427 147519
149963 142868
149963 142868
150069 142686
149963 142868
149963 142868
151794 140448
142235 163432
151450 141518
150763 141771
150530 141872
150523 142346
157226 136333
156772 136432
143571 156861
143741 156443
143627 156689
158099 135969
158010 136158
157713 136235
159107 135915
145295 151980
145418 151604
145040 153072
145182 152751
144448 154052
144551 153998
144772 153480
143995 154340
143944 155334
148313 145770
148361 145337
148562 145152
148361 145337
148544 145159
142392 162295
146299 148692
146626 148648
146690 148550
148979 144949
148947 145083
149349 143858
149381 143706
149381 143706
161973 134042
153638 139050
153584 139108
153818 138885
153758 138993
153758 138993
152799 139798
153026 139387
153100 139181
152545 140193
153079 139234
163682 132477
164587 132233
155089 137602
155059 137903
154899 138050
154886 138153
154318 138794
154574 138578
155871 136865
160113 134908
143066 158722
149527 143532
173103 131273
166573 131603
165327 131971
168613 131365
169881 131361
168204 131458
167784 131601
168387 131406
167887 131497
168613 131365
168301 131425
142679 160400
142902 158890
142939 158866
142622 161975
142699 159967
146146 149715
145967 151147
145901 151182
141431 164073
162720 133644
162720 133644
162295 133763
162644 133748
163383 133325
163143 133636
156486 136765
156684 136745
148117 146388
147830 146677
151664 141038
151489 141194
159544 135609
160038 135039
159577 135494
159911 135233
143253 157624
143234 157957
160982 134624
161823 134511
161971 134429
161823 134511
146830 148484
147400 147971
147416 147884
146951 148043
147610 147591
147725 147554
150147 142752
150147 142752
150003 142886
149988 142987
149979 142989
151842 140933
152342 140462
151876 140748
151166 141809
150608 142053
150532 142311
150942 141873
157453 136632
157412 136741
143623 156937
143576 157213
143790 156793
158125 136022
158099 136221
157925 136334
157721 136390
159185 135983
159185 135983
145330 152351
145321 152574
145666 151831
145485 152275
145455 152318
145597 152131
145156 153288
145238 152996
144685 154311
144671 154329
144963 154043
144979 153668
144880 154112
144068 154562
144188 154545
144068 154562
144068 154562
144068 154562
143989 156076
148341 145901
148325 146078
148464 145898
148501 145850
148650 145269
148566 145469
148753 145216
142470 163410
142593 163298
146528 148727
146528 148727
146496 149630
149310 144965
149201 145097
149003 145190
149360 143907
162213 134230
154014 138992
153912 139108
152828 139868
152747 140372
152574 140443
153079 139267
164008 132606
164749 132474
164651 132583
155471 137657
155121 137675
154994 138193
154373 138863
154773 138624
154583 138704
154583 138704
156113 136993
150738 142255
154644 139409
155104 138243
150477 142901
154153 139872
151913 140896
148559 145956
154865 139172
150552 142416
154849 139221
147925 146745
