321 95.0428
1.96982e+06 2.88631e+06 2.92266e+06
2.91913e+06 2.01863e+06 2.94365e+06
2.80307e+06 2.95524e+06 2.05372e+06
2.91785e+06 2.01961e+06 2.93255e+06
2.78931e+06 2.95286e+06 2.055e+06
1.97879e+06 2.89579e+06 2.8765e+06
2.75848e+06 2.95674e+06 2.05941e+06
1.97946e+06 2.86245e+06 2.91134e+06
2.91528e+06 2.01886e+06 2.93489e+06
2.91392e+06 2.01927e+06 2.93349e+06
2.75874e+06 2.95737e+06 2.05938e+06
1.97879e+06 2.89579e+06 2.8765e+06
2.77785e+06 2.96584e+06 2.0552e+06
1.98204e+06 2.88217e+06 2.87731e+06
1.97949e+06 2.8664e+06 2.90692e+06
2.71597e+06 2.0734e+06 2.92479e+06
2.92221e+06 2.01922e+06 2.93908e+06
1.97946e+06 2.86245e+06 2.91134e+06
2.80251e+06 2.95121e+06 2.05409e+06
1.97949e+06 2.8664e+06 2.90692e+06
2.71446e+06 2.07365e+06 2.91467e+06
2.72796e+06 2.09164e+06 2.88204e+06
2.75673e+06 2.96215e+06 2.06117e+06
1.96927e+06 2.88487e+06 2.92136e+06
2.75932e+06 2.953e+06 2.05784e+06
1.97879e+06 2.89579e+06 2.8765e+06
2.71416e+06 2.07259e+06 2.92342e+06
2.9149e+06 2.01959e+06 2.93423e+06
2.75874e+06 2.95737e+06 2.05938e+06
1.97879e+06 2.89579e+06 2.8765e+06
2.75537e+06 2.95988e+06 2.05915e+06
2.71416e+06 2.07259e+06 2.92342e+06
2.91528e+06 2.01886e+06 2.93489e+06
2.75865e+06 2.95663e+06 2.05981e+06
2.75333e+06 2.95835e+06 2.06126e+06
1.96927e+06 2.88487e+06 2.92136e+06
2.78161e+06 2.96074e+06 2.05313e+06
1.98188e+06 2.88043e+06 2.87735e+06
1.98188e+06 2.88043e+06 2.87735e+06
2.9149e+06 2.01959e+06 2.93423e+06
2.94455e+06 2.84949e+06 2.11532e+06
1.97946e+06 2.86245e+06 2.91134e+06
2.75848e+06 2.95674e+06 2.05941e+06
1.97989e+06 2.8643e+06 2.90562e+06
2.7179e+06 2.0733e+06 2.92481e+06
2.9149e+06 2.01959e+06 2.93423e+06
2.75764e+06 2.96215e+06 2.05971e+06
1.96944e+06 2.88379e+06 2.93157e+06
2.78161e+06 2.96074e+06 2.05313e+06
1.97879e+06 2.89579e+06 2.8765e+06
2.71416e+06 2.07259e+06 2.92342e+06
2.71315e+06 2.07374e+06 2.92143e+06
2.72796e+06 2.09164e+06 2.88204e+06
1.9796e+06 2.8615e+06 2.9131e+06
2.94455e+06 2.84949e+06 2.11532e+06
2.71416e+06 2.07259e+06 2.92342e+06
2.91785e+06 2.01961e+06 2.93255e+06
2.72796e+06 2.09164e+06 2.88204e+06
2.75865e+06 2.95663e+06 2.05981e+06
1.96927e+06 2.88487e+06 2.92136e+06
2.75848e+06 2.95674e+06 2.05941e+06
1.97879e+06 2.89579e+06 2.8765e+06
1.97946e+06 2.86245e+06 2.91134e+06
2.91913e+06 2.01863e+06 2.94365e+06
2.94455e+06 2.84949e+06 2.11532e+06
1.98231e+06 2.88167e+06 2.87718e+06
2.75932e+06 2.953e+06 2.05784e+06
1.98231e+06 2.88167e+06 2.87718e+06
2.91306e+06 2.01872e+06 2.94481e+06
2.72461e+06 2.09618e+06 2.87859e+06
1.98188e+06 2.88043e+06 2.87735e+06
1.96927e+06 2.88487e+06 2.92136e+06
2.78161e+06 2.96074e+06 2.05313e+06
2.75697e+06 2.96071e+06 2.06268e+06
2.71446e+06 2.07365e+06 2.91467e+06
2.71528e+06 2.07189e+06 2.92474e+06
2.75942e+06 2.95783e+06 2.0631e+06
1.97178e+06 2.87936e+06 2.91723e+06
2.75865e+06 2.95663e+06 2.05981e+06
1.97946e+06 2.86245e+06 2.91134e+06
2.91913e+06 2.01863e+06 2.94365e+06
2.92119e+06 2.01892e+06 2.93999e+06
2.75874e+06 2.95737e+06 2.05938e+06
1.97763e+06 2.89684e+06 2.87402e+06
2.77764e+06 2.96317e+06 2.05376e+06
1.98204e+06 2.88217e+06 2.87731e+06
1.97949e+06 2.8664e+06 2.90692e+06
2.71528e+06 2.07189e+06 2.92474e+06
2.72796e+06 2.09164e+06 2.88204e+06
1.97946e+06 2.86245e+06 2.91134e+06
2.79913e+06 2.95542e+06 2.05512e+06
2.71416e+06 2.07259e+06 2.92342e+06
2.71446e+06 2.07365e+06 2.91467e+06
2.71543e+06 2.07337e+06 2.92118e+06
2.75697e+06 2.96071e+06 2.06268e+06
1.9684e+06 2.88211e+06 2.93034e+06
2.80251e+06 2.95121e+06 2.05409e+06
1.97879e+06 2.89579e+06 2.8765e+06
2.71416e+06 2.07259e+06 2.92342e+06
2.91666e+06 2.0205e+06 2.93473e+06
2.75957e+06 2.95717e+06 2.05923e+06
1.97763e+06 2.89684e+06 2.87402e+06
2.75848e+06 2.95674e+06 2.05941e+06
1.97946e+06 2.86245e+06 2.91134e+06
2.9149e+06 2.01959e+06 2.93423e+06
2.75333e+06 2.95835e+06 2.06126e+06
2.75798e+06 2.959e+06 2.06242e+06
1.96944e+06 2.88379e+06 2.93157e+06
2.80251e+06 2.95121e+06 2.05409e+06
2.72381e+06 2.09134e+06 2.87983e+06
1.98208e+06 2.88057e+06 2.87485e+06
2.91862e+06 2.01792e+06 2.94348e+06
2.94455e+06 2.84949e+06 2.11532e+06
1.98208e+06 2.88057e+06 2.87485e+06
2.75932e+06 2.953e+06 2.05784e+06
1.98208e+06 2.88057e+06 2.87485e+06
2.9149e+06 2.01959e+06 2.93423e+06
2.91785e+06 2.01961e+06 2.93255e+06
2.75764e+06 2.96215e+06 2.05971e+06
1.97178e+06 2.87936e+06 2.91723e+06
2.78161e+06 2.96074e+06 2.05313e+06
1.98078e+06 2.88405e+06 2.87736e+06
2.71416e+06 2.07259e+06 2.92342e+06
2.71416e+06 2.07259e+06 2.92342e+06
2.72607e+06 2.09227e+06 2.88224e+06
1.96944e+06 2.88379e+06 2.93157e+06
2.78992e+06 2.95253e+06 2.05741e+06
2.71339e+06 2.07336e+06 2.92496e+06
2.91528e+06 2.01886e+06 2.93489e+06
2.75957e+06 2.95717e+06 2.05923e+06
2.75948e+06 2.95602e+06 2.0619e+06
1.96927e+06 2.88487e+06 2.92136e+06
2.75865e+06 2.95699e+06 2.05801e+06
1.97866e+06 2.89943e+06 2.87655e+06
2.7139e+06 2.07399e+06 2.92333e+06
2.91862e+06 2.01792e+06 2.94348e+06
2.78931e+06 2.95286e+06 2.055e+06
1.97879e+06 2.89579e+06 2.8765e+06
2.75865e+06 2.95699e+06 2.05801e+06
1.97983e+06 2.86406e+06 2.90692e+06
2.71543e+06 2.07337e+06 2.92118e+06
2.72082e+06 2.09241e+06 2.88641e+06
1.98204e+06 2.88217e+06 2.87731e+06
1.96927e+06 2.88487e+06 2.92136e+06
2.80213e+06 2.95587e+06 2.0544e+06
2.75673e+06 2.96215e+06 2.06117e+06
2.71315e+06 2.07374e+06 2.92143e+06
2.71528e+06 2.07189e+06 2.92474e+06
2.78931e+06 2.95286e+06 2.055e+06
1.97178e+06 2.87936e+06 2.91723e+06
2.75874e+06 2.95737e+06 2.05938e+06
1.97946e+06 2.86245e+06 2.91134e+06
2.91862e+06 2.01792e+06 2.94348e+06
2.72796e+06 2.09164e+06 2.88204e+06
2.75874e+06 2.95737e+06 2.05938e+06
1.97642e+06 2.89494e+06 2.87362e+06
2.75865e+06 2.95663e+06 2.05981e+06
1.98078e+06 2.88405e+06 2.87736e+06
1.9796e+06 2.8615e+06 2.9131e+06
2.71416e+06 2.07259e+06 2.92342e+06
2.917e+06 2.02195e+06 2.93418e+06
1.98011e+06 2.86418e+06 2.911e+06
2.80251e+06 2.95121e+06 2.05409e+06
2.71416e+06 2.07259e+06 2.92342e+06
2.71446e+06 2.07365e+06 2.91467e+06
2.72796e+06 2.09164e+06 2.88204e+06
2.75764e+06 2.96215e+06 2.05971e+06
1.96927e+06 2.88487e+06 2.92136e+06
2.80251e+06 2.95121e+06 2.05409e+06
1.97879e+06 2.89579e+06 2.8765e+06
2.71416e+06 2.07259e+06 2.92342e+06
2.91785e+06 2.01961e+06 2.93255e+06
2.75537e+06 2.95988e+06 2.05915e+06
1.97866e+06 2.89943e+06 2.87655e+06
2.75957e+06 2.95717e+06 2.05923e+06
2.71416e+06 2.07259e+06 2.92342e+06
2.91528e+06 2.01886e+06 2.93489e+06
2.75798e+06 2.959e+06 2.06242e+06
2.75948e+06 2.95602e+06 2.0619e+06
1.9684e+06 2.88211e+06 2.93034e+06
2.80251e+06 2.95121e+06 2.05409e+06
1.98188e+06 2.88043e+06 2.87735e+06
1.98188e+06 2.88043e+06 2.87735e+06
2.91306e+06 2.01872e+06 2.94481e+06
2.78963e+06 2.95376e+06 2.0569e+06
1.97989e+06 2.8643e+06 2.90562e+06
2.75848e+06 2.95674e+06 2.05941e+06
1.97989e+06 2.8643e+06 2.90562e+06
2.71597e+06 2.0734e+06 2.92479e+06
2.91528e+06 2.01886e+06 2.93489e+06
2.75865e+06 2.95663e+06 2.05981e+06
1.96944e+06 2.88379e+06 2.93157e+06
2.80388e+06 2.95744e+06 2.05373e+06
2.75673e+06 2.96215e+06 2.06117e+06
2.71416e+06 2.07259e+06 2.92342e+06
2.71315e+06 2.07374e+06 2.92143e+06
2.72796e+06 2.09164e+06 2.88204e+06
1.97946e+06 2.86245e+06 2.91134e+06
2.80251e+06 2.95121e+06 2.05409e+06
2.71416e+06 2.07259e+06 2.92342e+06
2.91816e+06 2.01964e+06 2.93738e+06
2.72796e+06 2.09164e+06 2.88204e+06
2.75333e+06 2.95835e+06 2.06126e+06
1.96927e+06 2.88487e+06 2.92136e+06
2.75865e+06 2.95699e+06 2.05801e+06
1.97879e+06 2.89579e+06 2.8765e+06
2.71339e+06 2.07336e+06 2.92496e+06
2.91862e+06 2.01792e+06 2.94348e+06
2.78886e+06 2.95266e+06 2.05624e+06
1.98204e+06 2.88217e+06 2.87731e+06
2.75932e+06 2.953e+06 2.05784e+06
1.98231e+06 2.88167e+06 2.87718e+06
2.91306e+06 2.01872e+06 2.94481e+06
2.72381e+06 2.09134e+06 2.87983e+06
1.98188e+06 2.88043e+06 2.87735e+06
1.96927e+06 2.88487e+06 2.92136e+06
2.80307e+06 2.95524e+06 2.05372e+06
2.75798e+06 2.959e+06 2.06242e+06
2.72381e+06 2.09134e+06 2.87983e+06
2.91306e+06 2.01872e+06 2.94481e+06
2.75537e+06 2.95988e+06 2.05915e+06
1.97642e+06 2.89494e+06 2.87362e+06
2.75333e+06 2.95835e+06 2.06126e+06
1.97946e+06 2.86245e+06 2.91134e+06
2.91865e+06 2.01871e+06 2.94194e+06
2.94455e+06 2.84949e+06 2.11532e+06
2.75848e+06 2.95674e+06 2.05941e+06
1.97763e+06 2.89684e+06 2.87402e+06
2.77764e+06 2.96317e+06 2.05376e+06
1.98078e+06 2.88405e+06 2.87736e+06
2.71416e+06 2.07259e+06 2.92342e+06
2.71339e+06 2.07336e+06 2.92496e+06
2.91785e+06 2.01961e+06 2.93255e+06
1.97946e+06 2.86245e+06 2.91134e+06
2.80251e+06 2.95121e+06 2.05409e+06
1.97946e+06 2.86245e+06 2.91134e+06
2.71315e+06 2.07374e+06 2.92143e+06
2.72381e+06 2.09134e+06 2.87983e+06
1.97879e+06 2.89579e+06 2.8765e+06
1.96927e+06 2.88487e+06 2.92136e+06
2.80251e+06 2.95121e+06 2.05409e+06
1.97879e+06 2.89579e+06 2.8765e+06
2.71339e+06 2.07336e+06 2.92496e+06
2.9149e+06 2.01959e+06 2.93423e+06
2.75865e+06 2.95699e+06 2.05801e+06
1.97866e+06 2.89943e+06 2.87655e+06
2.78931e+06 2.95286e+06 2.055e+06
2.71416e+06 2.07259e+06 2.92342e+06
2.91528e+06 2.01886e+06 2.93489e+06
2.72639e+06 2.09273e+06 2.88182e+06
2.75948e+06 2.95602e+06 2.0619e+06
1.96982e+06 2.88631e+06 2.92266e+06
2.80251e+06 2.95121e+06 2.05409e+06
2.71416e+06 2.07259e+06 2.92342e+06
1.98208e+06 2.88057e+06 2.87485e+06
2.91862e+06 2.01792e+06 2.94348e+06
2.94455e+06 2.84949e+06 2.11532e+06
1.97989e+06 2.8643e+06 2.90562e+06
2.75848e+06 2.95674e+06 2.05941e+06
1.98204e+06 2.88217e+06 2.87731e+06
2.91392e+06 2.01927e+06 2.93349e+06
2.92221e+06 2.01922e+06 2.93908e+06
2.75764e+06 2.96215e+06 2.05971e+06
1.97038e+06 2.88453e+06 2.91918e+06
2.77764e+06 2.96317e+06 2.05376e+06
1.97879e+06 2.89579e+06 2.8765e+06
2.71416e+06 2.07259e+06 2.92342e+06
2.71416e+06 2.07259e+06 2.92342e+06
2.72607e+06 2.09227e+06 2.88224e+06
1.96944e+06 2.88379e+06 2.93157e+06
2.94455e+06 2.84949e+06 2.11532e+06
2.71339e+06 2.07336e+06 2.92496e+06
2.91392e+06 2.01927e+06 2.93349e+06
2.78992e+06 2.95253e+06 2.05741e+06
2.75865e+06 2.95663e+06 2.05981e+06
1.97763e+06 2.89684e+06 2.87402e+06
2.78161e+06 2.96074e+06 2.05313e+06
1.97879e+06 2.89579e+06 2.8765e+06
2.71416e+06 2.07259e+06 2.92342e+06
2.9149e+06 2.01959e+06 2.93423e+06
2.75957e+06 2.95717e+06 2.05923e+06
1.97909e+06 2.89512e+06 2.87609e+06
2.75932e+06 2.953e+06 2.05784e+06
1.9796e+06 2.8615e+06 2.9131e+06
2.71528e+06 2.07189e+06 2.92474e+06
2.71446e+06 2.07365e+06 2.91467e+06
1.97879e+06 2.89579e+06 2.8765e+06
1.96927e+06 2.88487e+06 2.92136e+06
2.80307e+06 2.95524e+06 2.05372e+06
2.75673e+06 2.96215e+06 2.06117e+06
2.71315e+06 2.07374e+06 2.92143e+06
2.71528e+06 2.07189e+06 2.92474e+06
2.78963e+06 2.95376e+06 2.0569e+06
1.97989e+06 2.8643e+06 2.90562e+06
2.75874e+06 2.95737e+06 2.05938e+06
1.97946e+06 2.86245e+06 2.91134e+06
2.91862e+06 2.01792e+06 2.94348e+06
2.91392e+06 2.01927e+06 2.93349e+06
2.75764e+06 2.96215e+06 2.05971e+06
1.96927e+06 2.88487e+06 2.92136e+06
2.77785e+06 2.96584e+06 2.0552e+06
1.98231e+06 2.88167e+06 2.87718e+06
1.97949e+06 2.8664e+06 2.90692e+06
2.71597e+06 2.0734e+06 2.92479e+06
2.91785e+06 2.01961e+06 2.93255e+06
1.97946e+06 2.86245e+06 2.91134e+06
2.80251e+06 2.95121e+06 2.05409e+06
2.71416e+06 2.07259e+06 2.92342e+06
2.71446e+06 2.07365e+06 2.91467e+06
2.72796e+06 2.09164e+06 2.88204e+06
2.75673e+06 2.96215e+06 2.06117e+06
1.9684e+06 2.88211e+06 2.93034e+06
2.75848e+06 2.95674e+06 2.05941e+06
1.97879e+06 2.89579e+06 2.8765e+06
2.71339e+06 2.07336e+06 2.92496e+06
2.91528e+06 2.01886e+06 2.93489e+06
2.75957e+06 2.95717e+06 2.05923e+06
1.97879e+06 2.89579e+06 2.8765e+06
2.75865e+06 2.95663e+06 2.05981e+06
1.97946e+06 2.86245e+06 2.91134e+06
2.91528e+06 2.01886e+06 2.93489e+06
2.75333e+06 2.95835e+06 2.06126e+06
2.72461e+06 2.09618e+06 2.87859e+06
1.96944e+06 2.88379e+06 2.93157e+06
2.80251e+06 2.95121e+06 2.05409e+06
2.75798e+06 2.959e+06 2.06242e+06
1.98204e+06 2.88217e+06 2.87731e+06
2.91528e+06 2.01886e+06 2.93489e+06
2.78931e+06 2.95286e+06 2.055e+06
1.98204e+06 2.88217e+06 2.87731e+06
2.75865e+06 2.95699e+06 2.05801e+06
1.97989e+06 2.8643e+06 2.90562e+06
2.71528e+06 2.07189e+06 2.92474e+06
2.91816e+06 2.01964e+06 2.93738e+06
2.75673e+06 2.96215e+06 2.06117e+06
1.96944e+06 2.88379e+06 2.93157e+06
2.80251e+06 2.95121e+06 2.05409e+06
1.97879e+06 2.89579e+06 2.8765e+06
2.71528e+06 2.07189e+06 2.92474e+06
2.71315e+06 2.07374e+06 2.92143e+06
2.72796e+06 2.09164e+06 2.88204e+06
1.97946e+06 2.86245e+06 2.91134e+06
2.78931e+06 2.95286e+06 2.055e+06
2.71416e+06 2.07259e+06 2.92342e+06
2.91816e+06 2.01964e+06 2.93738e+06
2.72607e+06 2.09227e+06 2.88224e+06
2.75865e+06 2.95663e+06 2.05981e+06
1.97642e+06 2.89494e+06 2.87362e+06
2.75932e+06 2.953e+06 2.05784e+06
1.97763e+06 2.89684e+06 2.87402e+06
2.71416e+06 2.07259e+06 2.92342e+06
2.91913e+06 2.01863e+06 2.94365e+06
2.80251e+06 2.95121e+06 2.05409e+06
1.98208e+06 2.88057e+06 2.87485e+06
2.75848e+06 2.95674e+06 2.05941e+06
1.98231e+06 2.88167e+06 2.87718e+06
2.91392e+06 2.01927e+06 2.93349e+06
2.72461e+06 2.09618e+06 2.87859e+06
2.75798e+06 2.959e+06 2.06242e+06
1.96927e+06 2.88487e+06 2.92136e+06
2.78161e+06 2.96074e+06 2.05313e+06
2.75798e+06 2.959e+06 2.06242e+06
2.72082e+06 2.09241e+06 2.88641e+06
2.71528e+06 2.07189e+06 2.92474e+06
2.75537e+06 2.95988e+06 2.05915e+06
1.97642e+06 2.89494e+06 2.87362e+06
2.75865e+06 2.95663e+06 2.05981e+06
1.97946e+06 2.86245e+06 2.91134e+06
2.91528e+06 2.01886e+06 2.93489e+06
2.72796e+06 2.09164e+06 2.88204e+06
2.75865e+06 2.95663e+06 2.05981e+06
1.97763e+06 2.89684e+06 2.87402e+06
2.77764e+06 2.96317e+06 2.05376e+06
1.98078e+06 2.88405e+06 2.87736e+06
2.71416e+06 2.07259e+06 2.92342e+06
2.71416e+06 2.07259e+06 2.92342e+06
2.72796e+06 2.09164e+06 2.88204e+06
1.97946e+06 2.86245e+06 2.91134e+06
2.81263e+06 2.94885e+06 2.05784e+06
2.71416e+06 2.07259e+06 2.92342e+06
2.72381e+06 2.09134e+06 2.87983e+06
2.91392e+06 2.01927e+06 2.93349e+06
2.75673e+06 2.96215e+06 2.06117e+06
1.96944e+06 2.88379e+06 2.93157e+06
2.80388e+06 2.95744e+06 2.05373e+06
1.97879e+06 2.89579e+06 2.8765e+06
2.71528e+06 2.07189e+06 2.92474e+06
2.91392e+06 2.01927e+06 2.93349e+06
2.75848e+06 2.95674e+06 2.05941e+06
1.97763e+06 2.89684e+06 2.87402e+06
2.75537e+06 2.95988e+06 2.05915e+06
1.97983e+06 2.86406e+06 2.90692e+06
2.91528e+06 2.01886e+06 2.93489e+06
2.75333e+06 2.95835e+06 2.06126e+06
2.75798e+06 2.959e+06 2.06242e+06
1.9684e+06 2.88211e+06 2.93034e+06
2.75865e+06 2.95699e+06 2.05801e+06
1.98078e+06 2.88405e+06 2.87736e+06
1.98204e+06 2.88217e+06 2.87731e+06
2.71528e+06 2.07189e+06 2.92474e+06
2.92119e+06 2.01892e+06 2.93999e+06
1.97946e+06 2.86245e+06 2.91134e+06
2.75874e+06 2.95737e+06 2.05938e+06
1.97642e+06 2.89494e+06 2.87362e+06
2.91862e+06 2.01792e+06 2.94348e+06
2.9149e+06 2.01959e+06 2.93423e+06
2.75874e+06 2.95737e+06 2.05938e+06
1.97038e+06 2.88453e+06 2.91918e+06
2.78161e+06 2.96074e+06 2.05313e+06
1.98078e+06 2.88405e+06 2.87736e+06
2.71416e+06 2.07259e+06 2.92342e+06
2.71407e+06 2.07352e+06 2.9224e+06
2.75798e+06 2.959e+06 2.06242e+06
1.9684e+06 2.88211e+06 2.93034e+06
2.94455e+06 2.84949e+06 2.11532e+06
2.7139e+06 2.07399e+06 2.92333e+06
2.91666e+06 2.0205e+06 2.93473e+06
2.75942e+06 2.95783e+06 2.0631e+06
2.75865e+06 2.95663e+06 2.05981e+06
1.97642e+06 2.89494e+06 2.87362e+06
2.75932e+06 2.953e+06 2.05784e+06
1.97879e+06 2.89579e+06 2.8765e+06
2.71416e+06 2.07259e+06 2.92342e+06
2.91865e+06 2.01871e+06 2.94194e+06
2.78992e+06 2.95253e+06 2.05741e+06
1.98208e+06 2.88057e+06 2.87485e+06
2.75848e+06 2.95674e+06 2.05941e+06
1.97989e+06 2.8643e+06 2.90562e+06
2.71339e+06 2.07336e+06 2.92496e+06
2.71446e+06 2.07365e+06 2.91467e+06
1.98078e+06 2.88405e+06 2.87736e+06
1.9684e+06 2.88211e+06 2.93034e+06
2.80307e+06 2.95524e+06 2.05372e+06
2.75948e+06 2.95602e+06 2.0619e+06
2.72381e+06 2.09134e+06 2.87983e+06
2.91528e+06 2.01886e+06 2.93489e+06
2.75865e+06 2.95663e+06 2.05981e+06
1.97879e+06 2.89579e+06 2.8765e+06
2.75957e+06 2.95717e+06 2.05923e+06
1.9796e+06 2.8615e+06 2.9131e+06
2.91785e+06 2.01961e+06 2.93255e+06
2.92221e+06 2.01922e+06 2.93908e+06
2.75865e+06 2.95663e+06 2.05981e+06
1.96927e+06 2.88487e+06 2.92136e+06
2.75848e+06 2.95674e+06 2.05941e+06
1.98208e+06 2.88057e+06 2.87485e+06
1.97946e+06 2.86245e+06 2.91134e+06
2.71694e+06 2.07216e+06 2.92246e+06
