2271 50.1993
142187 90026 110605 86921
130935 77629 138354 103395
128503 102449 106110 81559
126694 80304 114686 125269
123793 85250 141891 93299
117210 97457 89893 107001
116183 121975 104497 86083
94397 101185 119307 102171
116699 84002 101419 120132
111749 82983 116530 117032
136897 90694 139370 86136
113941 118444 104158 91276
127768 78701 126255 96809
105575 100980 129806 90504
116183 121975 104497 86083
126902 82053 134223 96636
140300 87827 101810 89109
138574 90551 102300 90082
100021 91748 137448 108573
96060 96054 135939 109007
133912 79816 120871 105020
97590 93487 130650 104069
130529 78076 117319 115799
108752 104124 92990 112767
123495 79345 123193 113636
95851 99968 118547 101664
98845 92214 125604 111734
128331 106324 107970 84123
123402 77770 120195 114111
98120 92343 123847 115222
135452 101988 101378 87130
119513 80978 121835 109106
116666 93542 133636 88746
113277 100202 91694 110471
122923 107555 109416 84438
136296 87342 103564 91846
104103 108823 101037 101099
104647 111095 93567 107275
126594 80204 131879 99022
129638 78674 118968 112403
110131 117739 100346 91770
113248 102079 92169 112004
131684 85653 123435 93064
120286 94238 91234 103758
109073 116912 99723 94078
124468 107642 113237 82242
109430 115792 109926 89118
110363 113720 97142 95837
103537 114774 114386 98059
112650 95748 93714 114761
104202 107756 95026 106046
110781 110579 96508 96367
142187 90026 110605 86921
134125 88769 109614 90789
131438 77866 125124 102456
132835 93588 105569 85310
109087 112941 107678 95042
121578 88890 98415 110024
118564 82850 111505 93563
127904 81672 112196 108019
125068 91269 97483 106558
101169 100802 124562 96669
96367 99883 117686 104643
103395 86036 124770 107777
114977 110271 98796 92324
126212 86421 100109 99768
98964 104790 123946 97469
124288 111864 112860 82734
133151 78082 131464 97925
124061 97032 108307 83039
102874 105824 98646 104815
122242 84151 111042 98154
94397 101185 119307 102171
115031 81327 113779 106168
111271 105067 111699 85530
132312 83450 101743 95883
107662 80476 122189 103917
133154 98505 95937 89344
130320 90993 105051 89865
108191 106691 115114 93629
105354 84448 114138 104449
108350 94518 105424 100525
111962 92883 103667 97559
99780 102717 107652 102775
98820 96543 112140 105950
101772 101648 112387 101492
114929 87648 108756 94515
112843 101201 95687 97222
96699 107235 103592 104620
111094 84666 113023 112391
104991 104490 102895 99093
106227 108677 114886 92834
100487 103093 101306 99475
117782 99450 104938 94667
107235 108366 111230 92397
111387 96934 122770 90819
111650 114881 97092 91969
118227 103992 105558 88602
107909 94943 99297 104235
106368 112298 102613 97149
109734 89876 106121 99342
117210 97457 89893 107001
105839 98034 101583 108883
124837 98364 104354 86455
103288 95363 110181 103691
110742 101945 94390 99369
129671 95640 102194 93909
107004 101546 94065 102841
112250 94990 98249 105387
108556 105574 103054 96058
119235 91262 103426 95586
120809 91021 107401 92056
120046 98982 100260 88019
113726 108283 110691 86652
115217 98891 109771 88093
110192 89259 109828 98105
115557 103737 98066 94536
101793 97159 106554 103008
107518 97606 98792 109457
123108 93890 105648 89402
108114 98256 103198 100082
125785 90013 101068 94096
104675 87598 106849 105828
102505 101012 112765 101812
113557 91097 115712 95467
110960 112411 108225 90796
119870 99414 102820 87592
115613 100193 107156 89616
113505 111558 109898 91438
115858 102781 107118 92050
108153 89951 109166 98860
113286 83527 110139 103518
107446 111498 107847 98969
112273 101038 101005 95742
118459 95995 114855 91186
120624 94810 104705 90746
120273 88239 104127 93821
109453 98687 99730 98221
116762 88118 106530 99785
104743 91671 106560 104717
106702 97084 115630 99784
102184 94079 103075 103949
109151 97739 109823 96821
110089 105378 112450 96742
112038 103008 97975 97432
106496 105340 101284 99978
105758 95277 102865 106908
118009 97046 103377 94214
113740 100513 96878 101878
121658 90449 100037 94466
111193 98848 97844 100993
115059 107709 110801 90933
113609 94613 97840 94734
111855 92555 110066 93916
120760 101048 97281 98587
119656 103374 97252 90264
113282 103394 98832 94127
107031 95046 104304 99821
105773 101320 101829 105959
121658 90449 100037 94466
111473 100829 107448 95697
111657 87671 108396 100995
120630 100412 104713 87535
109708 107221 102714 92926
117073 103348 103530 93879
108388 93938 101152 109818
126400 98097 96799 98398
109362 96298 106751 97808
109362 96298 106751 97808
110583 103272 97442 99658
123088 99183 97702 93345
126400 98097 96799 98398
116507 94091 99520 97858
116754 88345 106052 94025
116754 88345 106052 94025
123088 99183 97702 93345
116507 94091 99520 97858
111843 100574 106078 93565
109708 107221 102714 92926
108388 93938 101152 109818
110583 103272 97442 99658
113557 91097 115712 95467
120630 100412 104713 87535
109734 89876 106121 99342
134461 93722 105728 94307
119897 87462 116554 104980
119224 104660 97383 107701
119097 99361 120948 90534
113625 90732 109921 109590
111277 114686 108891 95538
110918 96427 122671 102614
107445 101954 108675 102851
122029 111252 105254 92611
126829 98648 103444 96643
115080 107454 114657 95260
120232 98017 117684 95234
118045 101952 112725 91192
117157 89681 113444 98714
121254 99094 109195 93060
126544 97667 98569 97817
111523 97125 101146 106485
123965 102945 102698 94106
123035 92148 106780 103186
114606 97622 99011 98740
124602 102334 106020 97019
109768 105976 103861 103239
110724 97705 115039 98986
113249 100017 101669 100004
111206 105521 102367 101227
120786 94207 111546 98344
120856 93863 103426 101667
117032 91472 121757 96910
116905 92854 106343 104296
111639 101459 105688 99484
112768 92775 114454 95285
109344 91051 121077 105312
108826 104249 101360 106054
118043 103096 111619 92326
111038 102913 103945 106987
117750 95196 104293 100198
113644 95520 113469 101596
114166 90591 107634 105989
107848 96082 110620 103784
116210 93537 109750 99608
113956 95612 101967 106544
115916 97566 112368 96617
119042 99298 111883 95448
111488 104617 109915 96178
117669 91893 110333 103404
115808 102321 111410 96390
109420 99077 107566 101629
120263 102427 110768 95316
115271 103937 101626 94197
108382 103498 102543 105377
123519 102864 105412 97263
113615 98047 111053 103067
112267 103130 107923 99179
112387 103498 101581 106382
112186 99269 109555 100394
116689 96706 110439 97820
119142 96480 106347 97810
111678 98239 104412 100854
122007 103108 105056 96423
126742 99699 108206 94147
111731 98363 109975 100291
117469 97984 101647 97339
110145 98574 105204 103190
113927 103085 110496 97852
108368 98461 104882 103650
108378 99380 104679 100738
114364 93342 109437 103152
114288 96191 105617 98526
113936 99876 108438 96910
123534 93368 111776 100086
108090 99239 106032 103140
112499 97909 107747 103753
114261 103493 104729 98758
114162 93841 105363 99049
129117 100958 113061 97241
124928 100778 122467 90986
123618 90353 117064 102218
122486 116326 108540 97754
117921 104190 99305 98997
114384 99454 107972 114528
109694 101307 107256 102013
112770 109814 112651 98393
123897 103840 109308 94560
116458 114530 108649 98084
124770 92755 108237 109841
114421 94817 120584 114140
111285 103646 104921 107769
112224 107084 110053 99242
121864 92415 119660 105366
120959 95451 119060 100188
128041 98104 101538 99698
111265 106508 120859 101432
126772 90737 110644 106952
109793 100821 106041 109582
119695 100221 116413 96501
118677 100333 103297 97760
118132 94119 111133 104304
120520 92959 113567 100396
119349 92025 116960 106308
125566 94473 114544 96661
117755 102984 111794 97934
117363 104665 104402 99206
113786 105323 106469 103109
112556 104900 102562 107335
129023 99853 100274 105078
110464 100942 115973 102288
123030 95191 110350 100875
114122 97047 115318 106283
115785 103216 111829 99119
115341 98331 100987 102721
120518 97710 100828 103819
126282 99911 115739 96553
114739 96905 106245 101249
113370 97386 114936 99426
125764 98441 106424 99221
115042 104228 101335 100089
116983 94755 110900 101710
116710 101262 100193 103021
118088 97938 109331 98669
122750 94949 108766 102967
113638 103724 106893 99730
116474 106639 114952 97458
123692 95345 120558 99411
114303 100858 107635 103657
119389 95720 108668 104644
120113 92930 110733 103675
126743 95781 108116 102207
112498 97049 114744 107357
115747 96384 110091 99156
114362 96277 112858 100112
137952 94550 116924 104755
131323 92774 121849 106579
125675 107901 107331 98015
125344 94032 123093 100593
119331 104729 103665 102081
117744 110453 105670 100196
116708 99216 106531 114370
110232 106309 117910 102788
112916 106478 105317 109973
113679 101330 108018 113980
119037 96237 113683 109581
121107 93506 120799 104503
116332 97439 119492 107401
111343 107992 112876 102508
124592 102948 106773 98265
114961 100939 116439 104764
112794 103980 107206 108358
129972 95368 117265 100811
127776 97137 107576 103778
122165 104869 110395 101378
115909 100493 108892 106307
118540 106093 104226 105795
117906 98385 106660 109333
128359 98112 109558 100847
115952 107786 112559 99796
119213 94951 112069 104010
112599 105895 108063 105828
119052 98283 117731 99582
115177 105368 107141 101131
110644 106451 110071 107305
118996 99520 105371 106441
123070 99147 109768 104862
124958 93122 113334 105975
118454 97176 109062 105132
112607 102131 109678 102369
115917 100805 111304 102506
116525 97129 113409 100890
117209 99243 105875 102750
123342 101195 109167 101193
123974 98277 106134 104522
121484 104954 106295 100036
124847 101791 109875 99648
117766 97366 111692 99784
121579 107853 109720 98099
133156 95370 116990 110759
124696 113660 113411 98171
121978 108628 104816 104932
116571 104967 121044 100902
116483 115106 116137 102575
112756 102364 114560 117510
126950 99877 110317 109358
121733 105725 106761 113784
122714 110888 112017 99826
115113 105077 109880 106646
118006 103317 118950 104326
116714 106960 111514 106324
115067 104218 111943 104875
120409 97756 113036 103773
116001 103475 120261 103944
125475 97743 110585 109382
117047 108808 114674 100170
116798 103417 113709 115257
116894 110597 107896 103225
118973 101863 108685 109881
124109 97568 115284 99861
124017 105880 106541 101660
119624 103118 111984 105722
120383 100630 114379 102460
119408 101239 112495 101933
115730 106735 107030 110477
123937 101712 113978 100745
116876 101357 115811 109878
120385 99912 107760 102757
115658 105737 115153 102808
118830 104578 107007 103589
120128 100925 113497 104182
117808 103390 112045 104135
123954 106586 112612 100012
118944 102510 113671 100713
118482 101773 114518 101055
118366 105961 106699 103649
118374 102501 113801 103795
137100 107180 107656 113691
126541 97859 124380 103323
126424 108681 106540 106874
124058 113662 114148 101042
123494 115754 118673 103134
115768 111060 110100 107970
127262 104803 112277 110178
134833 101954 112945 107665
120914 98303 120718 109556
120334 101893 116705 111074
116825 109491 122152 104091
136513 101608 124017 103593
119409 103441 117227 113607
119520 111404 112997 105024
117290 108029 113245 106146
117927 105444 110840 108350
120975 105060 107861 103566
118418 102934 117613 103846
117752 104701 118072 106942
120629 106179 117061 108214
131947 105076 124408 106789
129082 103739 122119 107853
121794 108427 108955 104658
121187 108826 122299 109354
129428 107042 110617 105956
121724 106013 115572 106037
132656 106656 118269 116006
125858 109798 123429 115740
125105 113760 115759 104891
124674 113893 112464 113743
122672 110435 115782 115973
126510 107204 119735 114582
124012 111924 118412 109852
123592 113705 113684 106518
125524 110739 116062 107066
136896 111260 116503 120723
