17 3.05782
3.11137e+06 3.18602e+06
3.2158e+06 3.09271e+06
3.15573e+06 3.16006e+06
3.16149e+06 3.1597e+06
3.17397e+06 3.10261e+06
3.11718e+06 3.16947e+06
3.10357e+06 3.25612e+06
3.14475e+06 3.16232e+06
3.18493e+06 3.13007e+06
3.21276e+06 3.12201e+06
3.17478e+06 3.1513e+06
3.17568e+06 3.1461e+06
3.11909e+06 3.21206e+06
3.13998e+06 3.18179e+06
3.1195e+06 3.18653e+06
3.10385e+06 3.30964e+06
3.15414e+06 3.16256e+06
3.16402e+06 3.1625e+06
3.1471e+06 3.17849e+06
3.1475e+06 3.17098e+06
3.19837e+06 3.13532e+06
3.20298e+06 3.13348e+06
3.23838e+06 3.12581e+06
3.26471e+06 3.1232e+06
3.21876e+06 3.12592e+06
3.21363e+06 3.12915e+06
3.25848e+06 3.12409e+06
3.18695e+06 3.14952e+06
3.18729e+06 3.14735e+06
3.18126e+06 3.15412e+06
3.17904e+06 3.1618e+06
3.14141e+06 3.18418e+06
3.12564e+06 3.19792e+06
3.12118e+06 3.21107e+06
3.13114e+06 3.19701e+06
3.13193e+06 3.18987e+06
3.11954e+06 3.28604e+06
3.11964e+06 3.25708e+06
3.16675e+06 3.16766e+06
3.17132e+06 3.16325e+06
3.15096e+06 3.17756e+06
3.14933e+06 3.17934e+06
3.15578e+06 3.17361e+06
3.20746e+06 3.14363e+06
3.23167e+06 3.1287e+06
3.23848e+06 3.12843e+06
3.22641e+06 3.14022e+06
3.22804e+06 3.13258e+06
3.21752e+06 3.14227e+06
3.18985e+06 3.15182e+06
3.18297e+06 3.15866e+06
3.18171e+06 3.16166e+06
3.14322e+06 3.18742e+06
3.12931e+06 3.20623e+06
3.12373e+06 3.21132e+06
3.13862e+06 3.19034e+06
3.13236e+06 3.19994e+06
3.11994e+06 3.25939e+06
3.17559e+06 3.16416e+06
3.15025e+06 3.18265e+06
3.15507e+06 3.18148e+06
3.1567e+06 3.18102e+06
3.17083e+06 3.17753e+06
3.17383e+06 3.17442e+06
3.20957e+06 3.14965e+06
3.21186e+06 3.14437e+06
3.21121e+06 3.14466e+06
3.23751e+06 3.13003e+06
3.23887e+06 3.1292e+06
3.23504e+06 3.13795e+06
3.21902e+06 3.14244e+06
3.19231e+06 3.15246e+06
3.19244e+06 3.15196e+06
3.19001e+06 3.15332e+06
3.18321e+06 3.16015e+06
3.12709e+06 3.22727e+06
3.14233e+06 3.19284e+06
3.14893e+06 3.19225e+06
3.13785e+06 3.20272e+06
3.13371e+06 3.20925e+06
3.13594e+06 3.20312e+06
3.12228e+06 3.26214e+06
3.17645e+06 3.17117e+06
3.18094e+06 3.16574e+06
3.15091e+06 3.1868e+06
3.15808e+06 3.18206e+06
3.17365e+06 3.17794e+06
3.17609e+06 3.17688e+06
3.21359e+06 3.14696e+06
3.21458e+06 3.14621e+06
3.25214e+06 3.13119e+06
3.2517e+06 3.13783e+06
3.24284e+06 3.14037e+06
3.23362e+06 3.14284e+06
3.22591e+06 3.14331e+06
3.22291e+06 3.14519e+06
3.2404e+06 3.14284e+06
3.2081e+06 3.15295e+06
3.19421e+06 3.15476e+06
3.1888e+06 3.16238e+06
3.19146e+06 3.1605e+06
3.1279e+06 3.25722e+06
3.13118e+06 3.2418e+06
3.12792e+06 3.25479e+06
3.14236e+06 3.19387e+06
3.13472e+06 3.22304e+06
3.13898e+06 3.20313e+06
3.123e+06 3.28275e+06
3.17871e+06 3.17467e+06
3.1826e+06 3.1726e+06
3.18604e+06 3.17191e+06
3.15142e+06 3.19322e+06
3.15504e+06 3.188e+06
3.15369e+06 3.19295e+06
3.16682e+06 3.18243e+06
3.17645e+06 3.17767e+06
3.21485e+06 3.1467e+06
3.26967e+06 3.13926e+06
3.25277e+06 3.14213e+06
3.22356e+06 3.14591e+06
3.21131e+06 3.15396e+06
3.19492e+06 3.15708e+06
3.18884e+06 3.16443e+06
3.19036e+06 3.16284e+06
3.19168e+06 3.16166e+06
3.19343e+06 3.16106e+06
3.13228e+06 3.24273e+06
3.12935e+06 3.27476e+06
3.13117e+06 3.2627e+06
3.14473e+06 3.19774e+06
3.14451e+06 3.20304e+06
3.14749e+06 3.19607e+06
3.13612e+06 3.23698e+06
3.13769e+06 3.22397e+06
3.13939e+06 3.2221e+06
3.13962e+06 3.21017e+06
3.1417e+06 3.20315e+06
3.18542e+06 3.17295e+06
3.18445e+06 3.17539e+06
3.18279e+06 3.17699e+06
3.15264e+06 3.19507e+06
3.15541e+06 3.1883e+06
3.17032e+06 3.18388e+06
3.16798e+06 3.18401e+06
3.17856e+06 3.18231e+06
3.18155e+06 3.18119e+06
3.17756e+06 3.18319e+06
3.22181e+06 3.14964e+06
3.22166e+06 3.15066e+06
3.21748e+06 3.15207e+06
3.31436e+06 3.14058e+06
3.27571e+06 3.14089e+06
3.25863e+06 3.14547e+06
3.22913e+06 3.14647e+06
3.22902e+06 3.14663e+06
3.21269e+06 3.15396e+06
3.20542e+06 3.15818e+06
3.20291e+06 3.15941e+06
3.21008e+06 3.15802e+06
3.19704e+06 3.16084e+06
3.18956e+06 3.16953e+06
3.19512e+06 3.16114e+06
3.13389e+06 3.24544e+06
3.13039e+06 3.28983e+06
3.14816e+06 3.20243e+06
3.13904e+06 3.23672e+06
3.14326e+06 3.21192e+06
3.14806e+06 3.20385e+06
3.14595e+06 3.20515e+06
3.18888e+06 3.17487e+06
3.1831e+06 3.18092e+06
3.18609e+06 3.17996e+06
3.163e+06 3.19279e+06
3.16386e+06 3.18957e+06
3.15887e+06 3.19292e+06
3.15555e+06 3.19837e+06
3.15622e+06 3.19681e+06
3.16958e+06 3.18512e+06
3.17083e+06 3.18416e+06
3.1687e+06 3.18558e+06
3.18008e+06 3.18345e+06
3.24379e+06 3.14779e+06
3.2344e+06 3.15152e+06
3.23963e+06 3.15082e+06
3.2318e+06 3.15195e+06
3.28531e+06 3.14748e+06
3.21444e+06 3.15484e+06
3.21332e+06 3.15737e+06
3.21405e+06 3.15694e+06
3.21499e+06 3.15475e+06
3.20768e+06 3.15874e+06
3.21134e+06 3.15854e+06
3.20647e+06 3.16101e+06
3.18971e+06 3.17422e+06
3.20136e+06 3.16287e+06
3.19641e+06 3.16616e+06
3.19606e+06 3.16909e+06
3.13628e+06 3.25985e+06
3.13564e+06 3.28049e+06
3.15381e+06 3.20251e+06
3.13922e+06 3.24456e+06
3.14417e+06 3.21393e+06
3.14389e+06 3.24326e+06
3.14397e+06 3.24148e+06
3.15213e+06 3.20514e+06
3.15096e+06 3.20964e+06
3.18967e+06 3.17932e+06
3.18478e+06 3.18122e+06
3.18351e+06 3.18335e+06
3.16463e+06 3.18974e+06
3.16455e+06 3.19473e+06
3.1559e+06 3.19843e+06
3.1612e+06 3.1969e+06
3.17077e+06 3.18628e+06
3.17156e+06 3.18596e+06
3.18037e+06 3.18585e+06
3.25023e+06 3.1502e+06
3.2683e+06 3.14788e+06
3.2322e+06 3.15355e+06
3.247e+06 3.15246e+06
3.23621e+06 3.15274e+06
3.22066e+06 3.15695e+06
3.2268e+06 3.1552e+06
3.21588e+06 3.16088e+06
3.21537e+06 3.16226e+06
3.20761e+06 3.16281e+06
3.19443e+06 3.17484e+06
3.19242e+06 3.17518e+06
3.19053e+06 3.17836e+06
3.20138e+06 3.16312e+06
3.19942e+06 3.16817e+06
3.19655e+06 3.16914e+06
3.13665e+06 3.31516e+06
3.14179e+06 3.24657e+06
3.14147e+06 3.26721e+06
3.1456e+06 3.23077e+06
3.14436e+06 3.23367e+06
3.14659e+06 3.21599e+06
3.15415e+06 3.21042e+06
3.18733e+06 3.18244e+06
3.16696e+06 3.19012e+06
3.16682e+06 3.19298e+06
3.15745e+06 3.20048e+06
3.16244e+06 3.19899e+06
3.16493e+06 3.19845e+06
3.17105e+06 3.18884e+06
3.17288e+06 3.18734e+06
3.17653e+06 3.18724e+06
3.17688e+06 3.18613e+06
3.26668e+06 3.15055e+06
3.2695e+06 3.1497e+06
3.2369e+06 3.15302e+06
3.25667e+06 3.15297e+06
3.22446e+06 3.16071e+06
3.22572e+06 3.16026e+06
3.22229e+06 3.16082e+06
3.22626e+06 3.15777e+06
3.22001e+06 3.16131e+06
3.21868e+06 3.16155e+06
3.19594e+06 3.17653e+06
3.19139e+06 3.18099e+06
3.19256e+06 3.18e+06
3.20501e+06 3.16384e+06
3.20875e+06 3.16374e+06
3.21735e+06 3.16321e+06
3.20463e+06 3.16391e+06
3.19707e+06 3.17632e+06
3.20132e+06 3.1711e+06
3.20052e+06 3.17233e+06
3.13781e+06 3.31732e+06
3.14223e+06 3.24888e+06
3.14289e+06 3.24802e+06
3.14452e+06 3.23752e+06
3.1463e+06 3.23684e+06
3.14959e+06 3.21954e+06
3.14795e+06 3.21995e+06
3.15154e+06 3.21805e+06
3.15116e+06 3.21863e+06
3.1493e+06 3.2197e+06
3.1563e+06 3.21349e+06
3.18876e+06 3.18301e+06
3.17044e+06 3.19081e+06
3.16751e+06 3.19194e+06
3.1575e+06 3.2038e+06
3.16569e+06 3.19935e+06
3.17493e+06 3.19059e+06
3.17808e+06 3.18712e+06
3.17756e+06 3.18995e+06
3.1868e+06 3.1866e+06
3.18523e+06 3.18704e+06
3.30318e+06 3.15028e+06
3.28932e+06 3.15148e+06
3.23692e+06 3.15521e+06
3.25321e+06 3.15444e+06
3.25859e+06 3.15342e+06
3.26513e+06 3.1531e+06
3.22816e+06 3.16033e+06
3.21959e+06 3.16194e+06
3.22528e+06 3.1617e+06
3.1965e+06 3.17916e+06
3.1944e+06 3.18059e+06
3.19258e+06 3.18212e+06
3.21494e+06 3.16379e+06
3.21837e+06 3.16326e+06
3.20808e+06 3.16977e+06
3.20764e+06 3.17023e+06
3.20862e+06 3.16607e+06
3.19734e+06 3.17741e+06
3.20235e+06 3.17353e+06
3.14307e+06 3.29373e+06
3.1444e+06 3.2934e+06
3.14513e+06 3.23784e+06
3.15056e+06 3.23591e+06
3.1509e+06 3.22344e+06
3.15127e+06 3.22118e+06
3.15554e+06 3.22009e+06
3.15664e+06 3.21539e+06
3.15635e+06 3.21993e+06
3.15732e+06 3.2135e+06
3.19106e+06 3.18366e+06
3.19197e+06 3.18305e+06
3.16968e+06 3.19661e+06
3.17056e+06 3.19424e+06
3.17348e+06 3.19359e+06
3.1583e+06 3.20865e+06
3.16166e+06 3.20747e+06
3.16145e+06 3.20827e+06
3.16249e+06 3.20634e+06
3.16759e+06 3.20256e+06
3.16744e+06 3.20283e+06
3.17709e+06 3.19305e+06
3.18266e+06 3.18822e+06
3.18788e+06 3.18739e+06
3.19088e+06 3.18732e+06
3.23831e+06 3.15951e+06
3.25727e+06 3.1552e+06
3.25488e+06 3.1589e+06
3.26579e+06 3.15376e+06
3.23466e+06 3.16061e+06
3.22155e+06 3.1627e+06
3.23427e+06 3.1623e+06
3.19466e+06 3.18141e+06
3.21591e+06 3.16574e+06
3.212e+06 3.16695e+06
3.20864e+06 3.17086e+06
3.20935e+06 3.16734e+06
3.19813e+06 3.17944e+06
3.19939e+06 3.17845e+06
3.20376e+06 3.1748e+06
3.14441e+06 3.29423e+06
3.15034e+06 3.23829e+06
3.14573e+06 3.24834e+06
3.15254e+06 3.22144e+06
3.15136e+06 3.23787e+06
3.19346e+06 3.18365e+06
3.17226e+06 3.20177e+06
3.17338e+06 3.19644e+06
3.1736e+06 3.19387e+06
3.1738e+06 3.19368e+06
3.15968e+06 3.21546e+06
3.16212e+06 3.20797e+06
3.16158e+06 3.21011e+06
3.16607e+06 3.20733e+06
3.16792e+06 3.20454e+06
3.18102e+06 3.19338e+06
3.18423e+06 3.19239e+06
3.18882e+06 3.18787e+06
3.14709e+06 3.26082e+06
3.14771e+06 3.25534e+06
3.14856e+06 3.25026e+06
3.14602e+06 3.26345e+06
3.16094e+06 3.21627e+06
3.16046e+06 3.21784e+06
3.16294e+06 3.21214e+06
3.15285e+06 3.22323e+06
3.16336e+06 3.20885e+06
3.16269e+06 3.21248e+06
3.15329e+06 3.22186e+06
3.15109e+06 3.24005e+06
3.16259e+06 3.21383e+06
3.1757e+06 3.19391e+06
3.17372e+06 3.19424e+06
3.18906e+06 3.19288e+06
3.18927e+06 3.19052e+06
