1 0.0871445
1.64617e+06 1.5774e+06
1.66043e+06 1.65653e+06
1.63682e+06 1.62074e+06
1.61362e+06 1.61443e+06
1.61885e+06 1.61657e+06
1.67832e+06 1.64212e+06
1.63663e+06 1.59202e+06
1.58012e+06 1.60302e+06
1.63662e+06 1.60709e+06
1.61975e+06 1.59884e+06
1.60904e+06 1.53767e+06
1.59864e+06 1.63757e+06
1.61646e+06 1.6181e+06
1.68223e+06 1.57813e+06
1.61193e+06 1.60974e+06
1.62894e+06 1.62662e+06
1.62237e+06 1.61553e+06
1.65334e+06 1.57715e+06
1.66057e+06 1.58645e+06
1.63576e+06 1.64719e+06
1.61681e+06 1.57724e+06
1.63196e+06 1.5538e+06
1.59608e+06 1.61167e+06
1.58883e+06 1.59856e+06
1.64029e+06 1.6331e+06
1.58498e+06 1.51859e+06
1.58695e+06 1.56804e+06
1.62475e+06 1.57529e+06
1.57321e+06 1.61861e+06
1.63578e+06 1.63775e+06
1.64589e+06 1.59748e+06
1.59015e+06 1.58989e+06
1.64515e+06 1.60989e+06
1.57867e+06 1.60357e+06
1.60786e+06 1.60494e+06
1.64661e+06 1.59545e+06
1.63858e+06 1.6176e+06
1.60606e+06 1.61088e+06
1.63049e+06 1.60394e+06
1.67556e+06 1.55971e+06
1.6558e+06 1.60306e+06
1.60754e+06 1.59347e+06
1.5899e+06 1.57616e+06
1.64658e+06 1.59065e+06
1.63051e+06 1.61707e+06
1.64684e+06 1.61336e+06
1.61471e+06 1.62871e+06
1.60219e+06 1.57605e+06
1.62785e+06 1.58228e+06
1.62294e+06 1.59329e+06
1.60883e+06 1.61189e+06
1.62983e+06 1.60672e+06
1.64094e+06 1.58162e+06
1.62492e+06 1.62531e+06
1.61775e+06 1.66584e+06
1.62767e+06 1.62383e+06
1.63272e+06 1.63993e+06
1.64107e+06 1.57802e+06
1.60901e+06 1.58282e+06
1.64104e+06 1.56947e+06
1.6185e+06 1.60046e+06
1.618e+06 1.60636e+06
1.62962e+06 1.58064e+06
1.60534e+06 1.60749e+06
1.62126e+06 1.57472e+06
1.61059e+06 1.57019e+06
1.59607e+06 1.62845e+06
1.6641e+06 1.60644e+06
1.60346e+06 1.59941e+06
1.61281e+06 1.61629e+06
1.62144e+06 1.55628e+06
1.68671e+06 1.60597e+06
1.62473e+06 1.58738e+06
1.63963e+06 1.61688e+06
1.65946e+06 1.58919e+06
1.63165e+06 1.63038e+06
1.66713e+06 1.59739e+06
1.64004e+06 1.58801e+06
1.58691e+06 1.58482e+06
1.61658e+06 1.55553e+06
1.61764e+06 1.60305e+06
1.68286e+06 1.58435e+06
1.64322e+06 1.59806e+06
1.6822e+06 1.61692e+06
1.61711e+06 1.57503e+06
1.64354e+06 1.55891e+06
1.61975e+06 1.64028e+06
1.66711e+06 1.6107e+06
1.60816e+06 1.60268e+06
1.61564e+06 1.60795e+06
1.59676e+06 1.59031e+06
1.6317e+06 1.58288e+06
1.66525e+06 1.62035e+06
1.61588e+06 1.60554e+06
1.6313e+06 1.63036e+06
1.63125e+06 1.61663e+06
1.63088e+06 1.6269e+06
1.60374e+06 1.61874e+06
1.67411e+06 1.56178e+06
1.62325e+06 1.60287e+06
1.62326e+06 1.54888e+06
1.61741e+06 1.60416e+06
1.67652e+06 1.61561e+06
1.66156e+06 1.5749e+06
1.6027e+06 1.61231e+06
1.65392e+06 1.59999e+06
1.63685e+06 1.57823e+06
1.63399e+06 1.58813e+06
1.63966e+06 1.62168e+06
1.6248e+06 1.6334e+06
1.59228e+06 1.60649e+06
1.64048e+06 1.57216e+06
1.62282e+06 1.5952e+06
1.62147e+06 1.61729e+06
1.63966e+06 1.63727e+06
1.62022e+06 1.58134e+06
1.65666e+06 1.60171e+06
1.62963e+06 1.60626e+06
1.64022e+06 1.59886e+06
1.62753e+06 1.59381e+06
1.61094e+06 1.59872e+06
1.62998e+06 1.60175e+06
1.60767e+06 1.58941e+06
1.62443e+06 1.61773e+06
1.64025e+06 1.57608e+06
1.63516e+06 1.62745e+06
1.68408e+06 1.57487e+06
1.64906e+06 1.57124e+06
1.60056e+06 1.59787e+06
1.64734e+06 1.60532e+06
1.64396e+06 1.59604e+06
1.61476e+06 1.60866e+06
1.63382e+06 1.60954e+06
1.64028e+06 1.58118e+06
1.59261e+06 1.59802e+06
1.65723e+06 1.59396e+06
1.63242e+06 1.61403e+06
1.60663e+06 1.60594e+06
1.64561e+06 1.60884e+06
1.66635e+06 1.64445e+06
1.64024e+06 1.63546e+06
1.61527e+06 1.60622e+06
1.62085e+06 1.57367e+06
1.61439e+06 1.57515e+06
1.66831e+06 1.57489e+06
1.64801e+06 1.60498e+06
1.64768e+06 1.55344e+06
1.5955e+06 1.62972e+06
1.62691e+06 1.61314e+06
1.61337e+06 1.6131e+06
1.6248e+06 1.57926e+06
1.62057e+06 1.57783e+06
1.63825e+06 1.62059e+06
1.6164e+06 1.60097e+06
1.64428e+06 1.5998e+06
1.65816e+06 1.57965e+06
1.57584e+06 1.58463e+06
1.60398e+06 1.59388e+06
1.642e+06 1.5874e+06
1.66927e+06 1.57721e+06
1.60255e+06 1.61908e+06
1.60809e+06 1.57768e+06
1.63294e+06 1.61164e+06
1.62491e+06 1.56866e+06
1.56661e+06 1.62185e+06
1.61746e+06 1.58787e+06
1.6041e+06 1.5869e+06
1.64967e+06 1.59271e+06
1.625e+06 1.5965e+06
1.60593e+06 1.61887e+06
1.61762e+06 1.58711e+06
1.64414e+06 1.61795e+06
1.62826e+06 1.56957e+06
1.60148e+06 1.56689e+06
1.61227e+06 1.57596e+06
1.61748e+06 1.62975e+06
1.65364e+06 1.59073e+06
1.60578e+06 1.59937e+06
1.61361e+06 1.57304e+06
1.62614e+06 1.63088e+06
1.62858e+06 1.58873e+06
1.65703e+06 1.62847e+06
1.61326e+06 1.54702e+06
1.66602e+06 1.5931e+06
1.61722e+06 1.61805e+06
1.65008e+06 1.58927e+06
1.63045e+06 1.58746e+06
1.6034e+06 1.60347e+06
1.65036e+06 1.57588e+06
1.60922e+06 1.58969e+06
1.61782e+06 1.54222e+06
1.66055e+06 1.5812e+06
1.64934e+06 1.6006e+06
1.60158e+06 1.5953e+06
1.63391e+06 1.59599e+06
1.64497e+06 1.59375e+06
1.60939e+06 1.62856e+06
1.67006e+06 1.58805e+06
1.66031e+06 1.6293e+06
1.6222e+06 1.59435e+06
1.65713e+06 1.63377e+06
1.63811e+06 1.61007e+06
1.68379e+06 1.59316e+06
1.64656e+06 1.60239e+06
1.63523e+06 1.61897e+06
1.64014e+06 1.6114e+06
1.67329e+06 1.61037e+06
1.62597e+06 1.58649e+06
1.60216e+06 1.60285e+06
1.64064e+06 1.56753e+06
1.63536e+06 1.63031e+06
1.67989e+06 1.65694e+06
1.61749e+06 1.66137e+06
1.61761e+06 1.59803e+06
1.63192e+06 1.6045e+06
1.62891e+06 1.61142e+06
1.59173e+06 1.60291e+06
1.59567e+06 1.60842e+06
1.60304e+06 1.59697e+06
1.6381e+06 1.57717e+06
1.65634e+06 1.60843e+06
1.64842e+06 1.57739e+06
1.64945e+06 1.60124e+06
1.58254e+06 1.61477e+06
1.6086e+06 1.56754e+06
1.67282e+06 1.63871e+06
1.5923e+06 1.61487e+06
1.60408e+06 1.65299e+06
1.58663e+06 1.6e+06
1.65519e+06 1.54894e+06
1.6536e+06 1.58586e+06
1.63925e+06 1.59787e+06
1.62996e+06 1.62585e+06
1.65468e+06 1.60169e+06
1.63994e+06 1.61587e+06
1.64862e+06 1.59615e+06
1.60916e+06 1.59876e+06
1.63614e+06 1.63216e+06
1.6583e+06 1.59831e+06
1.63728e+06 1.61288e+06
1.62664e+06 1.59799e+06
1.62656e+06 1.60437e+06
1.63146e+06 1.64821e+06
1.61185e+06 1.54132e+06
1.60855e+06 1.60551e+06
1.6131e+06 1.61914e+06
1.64082e+06 1.57394e+06
1.6039e+06 1.61137e+06
