2 0.755069
800655 758417
766222 786442
800493 781875
785573 785562
795539 782668
843567 764972
770327 843641
771461 801753
803560 765747
778776 795925
793359 795043
802322 773542
798414 782756
796481 787754
808985 770112
776887 822889
782839 798676
797158 790019
802994 784662
804436 772519
782839 798676
802197 789893
807604 771919
782839 798676
808766 772063
779952 853884
783382 818079
787929 799600
797178 797893
784696 801654
805447 781884
784364 816209
807426 776985
802884 790147
797729 791701
800489 791450
802709 790532
800489 791450
835288 773881
786614 808416
805037 790161
807623 778861
797974 799423
806519 786745
819895 778085
792813 800546
788030 807364
825006 774342
823802 777722
795631 800316
830835 775428
787131 818603
815441 779275
794045 801559
829910 776616
790725 812145
798362 799856
810458 782678
803521 799604
790725 812145
809731 790698
806329 790846
805928 794528
812422 780657
805647 796555
809669 790739
805647 796555
830835 775428
811353 781489
811353 781489
830835 775428
811353 781489
805647 796555
790725 812145
834960 775713
789681 821271
791137 818865
796742 803028
826466 781618
811644 784069
801881 801228
815613 783500
831217 779298
807808 793630
806617 795001
797728 801901
834753 776451
813948 783925
807808 793630
806617 795001
834828 775962
834828 775962
834828 775962
806617 795001
836027 778328
792849 822964
827056 784066
799665 802436
807396 800400
815111 784558
797349 810744
823240 784392
794054 819329
813600 789199
808600 796683
798610 806393
813406 793171
811921 794816
792926 819419
798162 808141
798133 809386
811992 794367
794054 819329
794054 819329
837847 781183
794140 825855
816494 786354
834329 785363
798092 812712
813778 793627
804708 803573
808662 797703
798799 806646
812494 797046
801567 806207
803258 804346
809585 797219
804038 804136
809581 797448
861857 781973
797790 826860
798801 813525
818377 786960
842130 782417
835850 786445
799411 806926
811699 797243
837352 786177
817109 793263
809653 802464
817862 788402
842130 782417
804841 804885
804501 804968
814161 794893
810299 800746
815688 794848
810299 800746
842130 782417
850707 785724
798867 830242
847253 786860
799709 813667
830238 787176
800521 807562
817933 789116
817755 795373
805851 805610
824069 788884
799709 813667
810149 804937
814510 797077
813747 798796
816595 795666
806728 805290
850707 785724
812804 800751
810606 802447
826131 788293
810606 802447
812804 800751
830238 787176
827286 787230
825455 788691
827286 787230
850707 785724
827286 787230
812804 800751
810606 802447
799709 813667
829350 787559
799204 839125
799204 839125
800618 812120
820789 792077
810187 805718
804425 808744
812078 802774
814585 798344
818659 794681
817071 797620
811836 805366
802546 810039
804017 809558
815220 798197
818393 796610
802838 809997
818393 796610
815220 798197
818393 796610
840867 787561
800629 822832
816704 802351
805237 809290
811248 807965
801029 812606
812487 803332
822337 793445
818942 794988
833831 787570
801029 812606
827550 793070
831329 789940
829108 792387
833266 789396
818942 794988
818942 794988
801029 812606
840810 787939
801354 843762
803076 812827
819257 798598
830606 793410
833669 791445
822341 794343
837829 788173
807274 812246
809483 809545
822283 796455
813918 803706
813918 803706
812941 808489
812203 808900
813918 803706
812941 808489
812941 808489
840816 788224
803285 819781
817147 804224
820910 798681
832533 793979
836522 793413
824085 794626
838843 788836
804931 815220
814873 807439
811700 810709
823182 796840
809932 811726
814427 809028
807901 814192
823365 795753
809315 812909
806968 814934
809315 812909
814427 809028
807293 814499
807293 814499
806968 814934
814427 809028
809315 812909
807293 814499
843438 788545
803527 824956
819929 807667
805741 816441
821917 799290
826424 794685
836030 794202
839652 790930
812175 814248
838475 793705
816221 808414
823499 797248
803714 820219
824942 796294
803714 820219
814973 809345
814732 811152
813405 811589
813275 813601
812175 814248
813309 813140
813309 813140
813309 813140
812175 814248
841626 793082
803622 840757
828188 794738
803672 825190
838778 794601
824813 798203
807980 822958
810397 817364
813037 816567
817558 811183
807183 824290
814839 813446
820189 809729
824377 802259
815079 811511
823805 803584
823586 806487
820841 807910
811164 817355
821998 807458
822195 806757
822195 806757
844080 793516
804263 834416
804263 834416
808269 826301
813222 818048
823882 806485
828319 797112
816569 813747
838191 795433
825034 801192
810796 821671
842834 794323
825495 798916
833132 796702
821085 810366
818087 811707
810956 820369
835378 795905
822002 808260
804263 834416
817956 813562
834425 796662
821164 808442
821164 808442
821164 808442
845815 794805
808234 841388
838655 797026
829646 797958
814356 819038
811857 825650
808709 830840
825171 801685
824660 807385
826566 799434
810042 828963
816976 815475
818896 812989
821845 810759
820992 811907
817212 813930
823892 810115
823892 810115
818315 813447
821235 811459
816976 815475
816976 815475
850724 795358
808291 843934
810153 829996
808511 843533
843454 798422
822197 811348
833798 799150
816332 824399
817573 816121
825271 805059
831957 799595
826738 801509
815100 826638
812106 829347
846324 798153
849641 797264
819861 815704
825527 802667
820354 814067
850724 795358
820354 814067
820354 814067
862482 795359
810221 830341
845238 798727
853425 797011
816504 826786
828790 801666
859407 795579
825773 811234
835825 799798
826206 806123
834486 801001
817695 821136
817589 825276
817722 818913
822285 812746
820188 816452
827699 805110
821533 816436
822736 811440
835825 799798
826885 805212
821533 816436
875094 796703
811070 842040
848447 800176
814241 830932
818102 820582
831865 803246
827075 807418
838478 800441
826462 811704
811205 835552
811205 835552
836546 801196
822607 816123
823806 813734
820793 819422
824192 812471
821372 818162
837088 800666
821372 818162
811205 835552
852094 801718
813661 840812
832694 805147
816662 833640
818244 821167
847108 801896
822731 819701
840180 803201
814826 839588
840304 801999
816201 833669
827673 812083
829145 808028
825114 816882
818439 820998
829031 809022
825857 816206
827068 814639
826588 814676
827068 814639
827068 814639
853994 802169
814182 841195
818243 839798
819408 822452
834176 806937
843884 806206
818439 828718
825346 818966
847186 802614
828556 812644
831823 808092
831503 812306
827588 817360
844515 803966
819314 828640
826449 818040
819314 828640
819314 828640
866192 806102
815569 853761
819069 848890
843902 806381
820843 825099
834266 807222
830025 812653
823891 823605
829575 816508
832925 810173
828622 819978
826215 821087
833746 808171
826846 820643
834266 807222
826846 820643
858025 806713
822378 850250
831476 812783
826981 826832
830600 818919
831254 815524
830600 818919
830711 817625
831948 820142
836109 822022
833181 756895
760663 804779
812646 764627
784828 778151
803170 774305
828213 764528
776673 795905
778380 789652
833181 756895
797102 776849
797102 776849
777663 791677
776673 795905
778380 789652
777663 791677
833181 756895
777663 791677
838335 762704
773532 822571
773532 822571
782126 813234
788190 780410
783170 795279
826526 765715
782822 797796
801012 778933
817184 767422
792269 779714
809118 775875
813773 771090
805289 776195
773532 822571
834398 765460
814340 769016
838335 762704
834398 765460
783170 795279
782822 797796
783170 795279
865901 764509
777361 835602
827701 770517
865901 764509
792525 781325
790067 793666
780863 823676
815693 772664
808478 780226
780151 832242
785290 799663
783940 802979
782660 814807
782660 814807
813992 777224
813992 777224
783940 802979
810513 779943
810513 779943
810513 779943
865901 764509
813992 777224
827849 771681
783013 845762
783013 845762
784156 808389
819979 778256
813560 781702
792566 785528
801656 781948
799108 783409
827009 773754
792152 794493
789521 802593
791091 798577
814182 779183
785399 804120
785399 804120
784156 808389
800967 782377
814182 779183
827849 771681
827009 773754
783013 845762
827849 771681
827009 773754
814182 779183
785399 804120
837411 773253
785109 813520
792876 802500
818995 779576
788150 805474
796815 792998
808878 785313
829729 776217
815296 779759
797885 786735
832309 773300
787912 812531
810740 783385
797885 786735
796815 792998
829729 776217
837411 773253
787912 812531
810496 783944
810740 783385
810496 783944
837411 773253
829729 776217
796815 792998
852170 775886
785977 824976
785977 824976
831515 776870
788915 821408
796862 797698
789118 808613
818985 780133
792921 805861
806826 787166
798379 793461
800445 787519
816719 782940
815547 783222
799661 787750
798548 791732
818985 780133
811137 784033
792921 805861
791532 808241
811137 784033
809534 786250
809534 786250
791532 808241
798548 791732
799661 787750
818985 780133
799661 787750
832849 776909
786910 835231
790097 808964
799371 792789
793237 807594
806487 787627
814516 785337
800784 789105
828851 781602
821580 782680
825876 782093
817867 784581
815783 784959
833317 777327
790606 820433
790606 820433
801210 797373
833317 777327
825128 782930
819573 787586
791595 810978
803286 789846
810666 788355
801331 790468
810666 788355
801140 805137
824446 785480
798373 807922
793969 808503
821043 786312
801140 805137
799698 807069
825128 782930
793969 808503
792083 809702
820966 786505
799698 807069
798373 807922
792083 809702
821043 786312
821043 786312
833317 777327
825128 782930
810666 788355
801140 805137
799698 807069
793969 808503
792083 809702
836146 778560
791143 837862
791676 814781
834708 784408
821738 786540
811064 788731
796208 809449
804541 791900
801509 798171
809150 789942
826462 784963
798553 808890
792003 814545
801812 792193
801246 803347
826462 784963
821738 786540
801246 803347
811064 788731
796930 809026
796930 809026
792003 814545
821738 786540
811064 788731
801246 803347
792003 814545
843031 778627
791715 817820
791715 817820
812844 788950
802632 795480
824296 787008
802316 805025
836261 779970
797864 810869
801901 808225
830989 785121
810175 794158
795987 814579
806721 794823
795987 814579
835993 784871
811106 791495
841997 779801
835993 784871
828978 786555
824296 787008
811597 790250
799845 810316
802316 805025
791715 817820
828978 786555
803889 794936
799845 810316
803889 794936
842034 779015
842034 779015
841997 779801
836261 779970
842034 779015
841997 779801
836261 779970
828978 786555
824296 787008
803889 794936
839706 781401
792594 827572
824375 788559
813439 789596
836945 785678
803258 806091
796860 815674
793637 820298
803738 800600
839706 781401
828231 787103
810918 794241
803692 803588
808510 796062
833236 786668
795708 819304
804330 796483
801436 810529
813299 790214
811814 793007
798172 812810
799983 811661
835230 786369
795708 819304
793637 820298
806935 796088
804330 796483
799216 811813
801436 810529
825381 787924
834573 786580
811814 793007
826940 787161
798172 812810
825381 787924
806935 796088
826940 787161
801436 810529
833236 786668
813439 789596
813299 790214
826940 787161
839706 781401
833236 786668
813299 790214
806935 796088
804330 796483
793637 820298
860136 781741
795153 851397
795153 851397
795643 827350
840644 783497
816329 789755
827544 788416
839878 783858
831915 787770
798714 813699
797666 820965
803373 807064
804641 801570
813356 791868
796378 824620
802301 811354
800086 812866
827544 788416
831915 787770
814244 789970
797298 821928
812459 795703
806304 799465
812459 795703
809550 796938
804570 805460
795643 827350
806666 799360
804570 805460
809254 799322
809550 796938
802301 811354
816329 789755
809254 799322
798714 813699
797666 820965
840644 783497
839878 783858
809254 799322
840644 783497
831915 787770
816329 789755
802301 811354
843266 783715
796699 830986
796699 830986
828207 789251
843213 784928
799235 815366
803408 811677
804149 808826
797666 822569
812635 796198
797666 822569
817056 790856
821869 789862
808969 801232
806327 804994
819995 790174
810030 797623
813613 792201
813613 792201
809571 798378
807229 802461
821472 789900
807229 802461
806539 803864
806539 803864
806327 804994
821869 789862
806327 804994
838046 789860
801148 844732
828157 791025
802810 830453
818364 791553
803926 819077
807232 803350
804920 810510
804279 818444
809927 800722
804920 810510
807232 803350
818364 791553
815112 792615
814758 793503
813497 798802
811689 800554
813611 798007
814646 796803
811689 800554
814646 796803
815112 792615
813497 798802
815112 792615
814646 796803
807232 803350
830220 791328
804864 820816
807709 810097
812439 801071
821198 793349
815070 795786
824844 791855
809433 805279
814926 799277
808574 805448
823579 793308
815070 795786
831800 791460
806306 824727
816850 796209
822618 794525
808270 818559
811286 807047
809417 813741
815079 801592
827035 794306
810446 808563
829840 793074
815275 801015
832766 793536
806990 829864
827099 797945
809535 818040
808830 824426
821042 798192
811806 808716
816127 802184
820271 802136
814585 807698
807738 829840
811032 812196
815884 805269
820349 798821
811074 812188
850379 794151
807611 839905
809602 821028
834823 795380
814717 815257
817206 804523
821109 798411
828923 798040
844602 795820
809885 828112
815533 816329
830017 798713
819311 809075
822964 798960
836997 796599
816450 815518
821025 804583
839684 796516
821252 802463
824494 799558
816336 817828
822604 809445
817033 815685
824285 801163
837097 800598
818443 821013
822588 816231
825720 801998
826134 801117
862168 800850
823141 821356
840012 801582
827824 813938
830138 803650
828931 807943
843025 802204
824958 827347
829869 808424
839251 804019
829685 820424
827887 821372
838703 812344
831285 832603
832772 819873
847906 825397
832296 836734
852042 833777
838381 837140
