123 5.68152
1.68813e+06 1.4952e+06 1.6313e+06 1.64969e+06
1.61014e+06 1.63018e+06 1.51467e+06 1.62307e+06
1.59981e+06 1.61702e+06 1.63404e+06 1.51424e+06
1.57691e+06 1.57661e+06 1.52461e+06 1.66963e+06
1.57309e+06 1.64179e+06 1.54088e+06 1.61957e+06
1.53857e+06 1.53525e+06 1.67569e+06 1.62631e+06
1.51379e+06 1.584e+06 1.65349e+06 1.65397e+06
1.68813e+06 1.4952e+06 1.6313e+06 1.64969e+06
1.65531e+06 1.5535e+06 1.58295e+06 1.53208e+06
1.53857e+06 1.53525e+06 1.67569e+06 1.62631e+06
1.5476e+06 1.58823e+06 1.65578e+06 1.5815e+06
1.65531e+06 1.5535e+06 1.58295e+06 1.53208e+06
1.61339e+06 1.6191e+06 1.60663e+06 1.51586e+06
1.5281e+06 1.61323e+06 1.64546e+06 1.59936e+06
1.58666e+06 1.50307e+06 1.61752e+06 1.63108e+06
1.57309e+06 1.64179e+06 1.54088e+06 1.61957e+06
1.60528e+06 1.6323e+06 1.56103e+06 1.55268e+06
1.61375e+06 1.59413e+06 1.5845e+06 1.5262e+06
1.59749e+06 1.54606e+06 1.5526e+06 1.64297e+06
1.51964e+06 1.62166e+06 1.57783e+06 1.61754e+06
1.60783e+06 1.62461e+06 1.51881e+06 1.5978e+06
1.6455e+06 1.57549e+06 1.5382e+06 1.5785e+06
1.5619e+06 1.58519e+06 1.54857e+06 1.63729e+06
1.58676e+06 1.54312e+06 1.53259e+06 1.65872e+06
1.58774e+06 1.52032e+06 1.61871e+06 1.58751e+06
1.53245e+06 1.60127e+06 1.55926e+06 1.66297e+06
1.61836e+06 1.51545e+06 1.62353e+06 1.57234e+06
1.51964e+06 1.62166e+06 1.57783e+06 1.61754e+06
1.62213e+06 1.57437e+06 1.52476e+06 1.62259e+06
1.5767e+06 1.59154e+06 1.59995e+06 1.54003e+06
1.6025e+06 1.59672e+06 1.53331e+06 1.61419e+06
1.58624e+06 1.50607e+06 1.62052e+06 1.61956e+06
1.51379e+06 1.584e+06 1.65349e+06 1.65397e+06
1.58541e+06 1.61615e+06 1.53596e+06 1.62605e+06
1.58188e+06 1.53348e+06 1.65014e+06 1.55977e+06
1.54175e+06 1.54665e+06 1.59374e+06 1.60859e+06
1.61375e+06 1.59413e+06 1.5845e+06 1.5262e+06
1.58669e+06 1.60416e+06 1.55929e+06 1.56801e+06
1.55448e+06 1.54285e+06 1.59992e+06 1.60193e+06
1.60783e+06 1.62461e+06 1.51881e+06 1.5978e+06
1.59566e+06 1.57777e+06 1.6322e+06 1.54428e+06
1.63595e+06 1.61019e+06 1.54357e+06 1.5666e+06
1.58222e+06 1.511e+06 1.58155e+06 1.60275e+06
1.5281e+06 1.61323e+06 1.64546e+06 1.59936e+06
1.59062e+06 1.5481e+06 1.64139e+06 1.55586e+06
1.57667e+06 1.56678e+06 1.58056e+06 1.56737e+06
1.61014e+06 1.63018e+06 1.51467e+06 1.62307e+06
1.57047e+06 1.58333e+06 1.54141e+06 1.64642e+06
1.63305e+06 1.56934e+06 1.5393e+06 1.57442e+06
1.57908e+06 1.50366e+06 1.58238e+06 1.64809e+06
1.61034e+06 1.57267e+06 1.52817e+06 1.5881e+06
1.63621e+06 1.5432e+06 1.54495e+06 1.59069e+06
1.62947e+06 1.55732e+06 1.54953e+06 1.59234e+06
1.60623e+06 1.54949e+06 1.58774e+06 1.57075e+06
1.57313e+06 1.56148e+06 1.55083e+06 1.62077e+06
1.64281e+06 1.61678e+06 1.55446e+06 1.55252e+06
1.59866e+06 1.54053e+06 1.62845e+06 1.55834e+06
1.56873e+06 1.53108e+06 1.57269e+06 1.6264e+06
1.63109e+06 1.5438e+06 1.5487e+06 1.55706e+06
1.59369e+06 1.51527e+06 1.61422e+06 1.59294e+06
1.5767e+06 1.59154e+06 1.59995e+06 1.54003e+06
1.55602e+06 1.59383e+06 1.53752e+06 1.66444e+06
1.54501e+06 1.59132e+06 1.61622e+06 1.58317e+06
1.56708e+06 1.59485e+06 1.61274e+06 1.56127e+06
1.5627e+06 1.55927e+06 1.63709e+06 1.5784e+06
1.57735e+06 1.57603e+06 1.55367e+06 1.59986e+06
1.61339e+06 1.6191e+06 1.60663e+06 1.51586e+06
1.60896e+06 1.52761e+06 1.58319e+06 1.58974e+06
1.53771e+06 1.57514e+06 1.62598e+06 1.6062e+06
1.5596e+06 1.6172e+06 1.55507e+06 1.65837e+06
1.63445e+06 1.56446e+06 1.54393e+06 1.57101e+06
1.57602e+06 1.59878e+06 1.62089e+06 1.54656e+06
1.61034e+06 1.57267e+06 1.52817e+06 1.5881e+06
1.55033e+06 1.57345e+06 1.55807e+06 1.61055e+06
1.53245e+06 1.60127e+06 1.55926e+06 1.66297e+06
1.5886e+06 1.58294e+06 1.53607e+06 1.62837e+06
1.55897e+06 1.52105e+06 1.57446e+06 1.61368e+06
1.59866e+06 1.54053e+06 1.62845e+06 1.55834e+06
1.57696e+06 1.59159e+06 1.59727e+06 1.56351e+06
1.58132e+06 1.61275e+06 1.59227e+06 1.5625e+06
1.59918e+06 1.5731e+06 1.53765e+06 1.63072e+06
1.59748e+06 1.5299e+06 1.56521e+06 1.594e+06
1.54583e+06 1.62755e+06 1.55192e+06 1.63366e+06
1.5805e+06 1.58851e+06 1.61295e+06 1.55176e+06
1.61609e+06 1.52523e+06 1.56648e+06 1.6241e+06
1.54138e+06 1.5718e+06 1.62412e+06 1.61201e+06
1.5664e+06 1.53743e+06 1.63172e+06 1.57749e+06
1.58369e+06 1.6178e+06 1.58589e+06 1.55535e+06
1.54734e+06 1.5781e+06 1.591e+06 1.61306e+06
1.60873e+06 1.54224e+06 1.56276e+06 1.65004e+06
1.57697e+06 1.54759e+06 1.54742e+06 1.6029e+06
1.62449e+06 1.55912e+06 1.60325e+06 1.54505e+06
1.60057e+06 1.54217e+06 1.62258e+06 1.55635e+06
1.58014e+06 1.51234e+06 1.6227e+06 1.60333e+06
1.54583e+06 1.62755e+06 1.55192e+06 1.63366e+06
1.62716e+06 1.51466e+06 1.58986e+06 1.56954e+06
1.57591e+06 1.54608e+06 1.55204e+06 1.61553e+06
1.59846e+06 1.5815e+06 1.57351e+06 1.55453e+06
1.56128e+06 1.5615e+06 1.65448e+06 1.58263e+06
1.63564e+06 1.52353e+06 1.56954e+06 1.63521e+06
1.53562e+06 1.59649e+06 1.58795e+06 1.63087e+06
1.5878e+06 1.55648e+06 1.55287e+06 1.57392e+06
1.58667e+06 1.57933e+06 1.54352e+06 1.60378e+06
1.54856e+06 1.56405e+06 1.57687e+06 1.59092e+06
1.55349e+06 1.53762e+06 1.64215e+06 1.64668e+06
1.56206e+06 1.58774e+06 1.5447e+06 1.63455e+06
1.5996e+06 1.50486e+06 1.60081e+06 1.58612e+06
1.56811e+06 1.53243e+06 1.60823e+06 1.59087e+06
1.59275e+06 1.59239e+06 1.53913e+06 1.57001e+06
1.53673e+06 1.55519e+06 1.58382e+06 1.65655e+06
1.60429e+06 1.57543e+06 1.60584e+06 1.54791e+06
1.56031e+06 1.56373e+06 1.56399e+06 1.59607e+06
1.54103e+06 1.59835e+06 1.5573e+06 1.57611e+06
1.59684e+06 1.55221e+06 1.5943e+06 1.54848e+06
1.58188e+06 1.53348e+06 1.65014e+06 1.55977e+06
1.57673e+06 1.58125e+06 1.53642e+06 1.63541e+06
1.56544e+06 1.53437e+06 1.63442e+06 1.61085e+06
1.6341e+06 1.53623e+06 1.56105e+06 1.61899e+06
1.61502e+06 1.54613e+06 1.54209e+06 1.62305e+06
1.54643e+06 1.57023e+06 1.60478e+06 1.59526e+06
1.5298e+06 1.57556e+06 1.62569e+06 1.60378e+06
1.54978e+06 1.54377e+06 1.58421e+06 1.65601e+06
1.55246e+06 1.55179e+06 1.58506e+06 1.63116e+06
1.64149e+06 1.55206e+06 1.56831e+06 1.55004e+06
1.57597e+06 1.5208e+06 1.63539e+06 1.62019e+06
1.61686e+06 1.56557e+06 1.55068e+06 1.56265e+06
1.60516e+06 1.53142e+06 1.5652e+06 1.6562e+06
1.57458e+06 1.57686e+06 1.58085e+06 1.56485e+06
1.56311e+06 1.55395e+06 1.61641e+06 1.58354e+06
1.58466e+06 1.53952e+06 1.65225e+06 1.54878e+06
1.53748e+06 1.59437e+06 1.5794e+06 1.59586e+06
1.61176e+06 1.55483e+06 1.55967e+06 1.5761e+06
1.60554e+06 1.55415e+06 1.55787e+06 1.59221e+06
1.55876e+06 1.56323e+06 1.62008e+06 1.58342e+06
1.57918e+06 1.54256e+06 1.59031e+06 1.56589e+06
1.61984e+06 1.60261e+06 1.56229e+06 1.55691e+06
1.62178e+06 1.62341e+06 1.57541e+06 1.54651e+06
1.60528e+06 1.6323e+06 1.56103e+06 1.55268e+06
1.55307e+06 1.5441e+06 1.62457e+06 1.62014e+06
1.53497e+06 1.59654e+06 1.58356e+06 1.66701e+06
1.55765e+06 1.59056e+06 1.55673e+06 1.62362e+06
1.55602e+06 1.59383e+06 1.53752e+06 1.66444e+06
1.5691e+06 1.5229e+06 1.6023e+06 1.59524e+06
1.58466e+06 1.53952e+06 1.65225e+06 1.54878e+06
1.61292e+06 1.55769e+06 1.56233e+06 1.5481e+06
1.56833e+06 1.52932e+06 1.61119e+06 1.61255e+06
1.53968e+06 1.58318e+06 1.64457e+06 1.59088e+06
1.5502e+06 1.55752e+06 1.58134e+06 1.63228e+06
1.58823e+06 1.53795e+06 1.59228e+06 1.58582e+06
1.57788e+06 1.59053e+06 1.54801e+06 1.59096e+06
1.62346e+06 1.56263e+06 1.55966e+06 1.56901e+06
1.60308e+06 1.53402e+06 1.60164e+06 1.55194e+06
1.63806e+06 1.539e+06 1.56836e+06 1.57887e+06
1.6033e+06 1.54563e+06 1.54917e+06 1.65149e+06
1.55176e+06 1.55258e+06 1.57762e+06 1.6259e+06
1.57003e+06 1.55665e+06 1.62097e+06 1.55045e+06
1.61984e+06 1.60261e+06 1.56229e+06 1.55691e+06
1.59373e+06 1.54556e+06 1.56871e+06 1.57248e+06
1.53476e+06 1.59832e+06 1.58151e+06 1.65783e+06
1.60341e+06 1.52718e+06 1.60446e+06 1.56225e+06
1.57857e+06 1.5975e+06 1.58595e+06 1.56433e+06
1.58952e+06 1.53655e+06 1.62097e+06 1.58294e+06
1.57796e+06 1.54336e+06 1.56839e+06 1.62811e+06
1.58433e+06 1.58024e+06 1.60445e+06 1.55416e+06
1.58277e+06 1.59788e+06 1.53986e+06 1.58243e+06
1.64205e+06 1.53863e+06 1.53598e+06 1.59854e+06
1.54945e+06 1.55143e+06 1.65393e+06 1.60626e+06
1.57227e+06 1.55028e+06 1.61548e+06 1.58604e+06
1.61232e+06 1.55059e+06 1.58452e+06 1.56324e+06
1.5917e+06 1.5775e+06 1.60671e+06 1.554e+06
1.53497e+06 1.59654e+06 1.58356e+06 1.66701e+06
1.5966e+06 1.58456e+06 1.57061e+06 1.56779e+06
1.5789e+06 1.58723e+06 1.56752e+06 1.56425e+06
1.57418e+06 1.59786e+06 1.61222e+06 1.55599e+06
1.59682e+06 1.5389e+06 1.56423e+06 1.63319e+06
1.61096e+06 1.54324e+06 1.54997e+06 1.5927e+06
1.6408e+06 1.54197e+06 1.59692e+06 1.56638e+06
1.56631e+06 1.54543e+06 1.63226e+06 1.5617e+06
1.55119e+06 1.61092e+06 1.59114e+06 1.5654e+06
1.56168e+06 1.58702e+06 1.54174e+06 1.64926e+06
1.56419e+06 1.55408e+06 1.62126e+06 1.54802e+06
1.57838e+06 1.54513e+06 1.61263e+06 1.58144e+06
1.6455e+06 1.57549e+06 1.5382e+06 1.5785e+06
1.58575e+06 1.55367e+06 1.62381e+06 1.55355e+06
1.62548e+06 1.55552e+06 1.56378e+06 1.57415e+06
1.57691e+06 1.57661e+06 1.52461e+06 1.66963e+06
1.61609e+06 1.52523e+06 1.56648e+06 1.6241e+06
1.56442e+06 1.57111e+06 1.55422e+06 1.6257e+06
1.57183e+06 1.57365e+06 1.60832e+06 1.56184e+06
1.59743e+06 1.52989e+06 1.5691e+06 1.58037e+06
1.5627e+06 1.55927e+06 1.63709e+06 1.5784e+06
1.60002e+06 1.50554e+06 1.58923e+06 1.59083e+06
1.57193e+06 1.5474e+06 1.60284e+06 1.58875e+06
1.58293e+06 1.56245e+06 1.57825e+06 1.55667e+06
1.55119e+06 1.61092e+06 1.59114e+06 1.5654e+06
1.62716e+06 1.51466e+06 1.58986e+06 1.56954e+06
1.56452e+06 1.55965e+06 1.56662e+06 1.61698e+06
1.5476e+06 1.58823e+06 1.65578e+06 1.5815e+06
1.58422e+06 1.59004e+06 1.56954e+06 1.55579e+06
1.62178e+06 1.62341e+06 1.57541e+06 1.54651e+06
1.63305e+06 1.56934e+06 1.5393e+06 1.57442e+06
1.56603e+06 1.56256e+06 1.57372e+06 1.6068e+06
1.55765e+06 1.59056e+06 1.55673e+06 1.62362e+06
1.59245e+06 1.54139e+06 1.57211e+06 1.65182e+06
1.54961e+06 1.58588e+06 1.60706e+06 1.58507e+06
1.61461e+06 1.5413e+06 1.56381e+06 1.61405e+06
1.55029e+06 1.58686e+06 1.57474e+06 1.58762e+06
1.56833e+06 1.52932e+06 1.61119e+06 1.61255e+06
1.57097e+06 1.55198e+06 1.59377e+06 1.5891e+06
1.56473e+06 1.56386e+06 1.60344e+06 1.58198e+06
1.60678e+06 1.50336e+06 1.6158e+06 1.58627e+06
1.53341e+06 1.59276e+06 1.60987e+06 1.56779e+06
1.5648e+06 1.56502e+06 1.58947e+06 1.58014e+06
1.6175e+06 1.57453e+06 1.59691e+06 1.54589e+06
1.58892e+06 1.55185e+06 1.57036e+06 1.60226e+06
1.60425e+06 1.56352e+06 1.53709e+06 1.58281e+06
1.57842e+06 1.55022e+06 1.59304e+06 1.5829e+06
1.58446e+06 1.5605e+06 1.5756e+06 1.60248e+06
1.53341e+06 1.59276e+06 1.60987e+06 1.56779e+06
1.57614e+06 1.57031e+06 1.60238e+06 1.56443e+06
1.58151e+06 1.56258e+06 1.56638e+06 1.58949e+06
1.5947e+06 1.53388e+06 1.60911e+06 1.5797e+06
1.53401e+06 1.59836e+06 1.5786e+06 1.6074e+06
1.60777e+06 1.55475e+06 1.57543e+06 1.56498e+06
1.59981e+06 1.61702e+06 1.63404e+06 1.51424e+06
1.59062e+06 1.5481e+06 1.64139e+06 1.55586e+06
1.59968e+06 1.52339e+06 1.60228e+06 1.57929e+06
1.5652e+06 1.54647e+06 1.62483e+06 1.59976e+06
1.59997e+06 1.5758e+06 1.57104e+06 1.5621e+06
1.53744e+06 1.55393e+06 1.58381e+06 1.61683e+06
1.56671e+06 1.55106e+06 1.5961e+06 1.58441e+06
1.60645e+06 1.54678e+06 1.56106e+06 1.59951e+06
1.56529e+06 1.5208e+06 1.60317e+06 1.61827e+06
1.58014e+06 1.51234e+06 1.6227e+06 1.60333e+06
1.53968e+06 1.58318e+06 1.64457e+06 1.59088e+06
1.54629e+06 1.58081e+06 1.61303e+06 1.58652e+06
1.58202e+06 1.56596e+06 1.56712e+06 1.58502e+06
1.5922e+06 1.56276e+06 1.5693e+06 1.56915e+06
1.56672e+06 1.53452e+06 1.58838e+06 1.60542e+06
1.56671e+06 1.55106e+06 1.5961e+06 1.58441e+06
1.56672e+06 1.53452e+06 1.58838e+06 1.60542e+06
1.63806e+06 1.539e+06 1.56836e+06 1.57887e+06
1.59245e+06 1.54139e+06 1.57211e+06 1.65182e+06
1.62548e+06 1.55552e+06 1.56378e+06 1.57415e+06
1.56756e+06 1.56366e+06 1.58315e+06 1.60574e+06
1.63595e+06 1.61019e+06 1.54357e+06 1.5666e+06
1.59553e+06 1.56256e+06 1.61257e+06 1.54489e+06
1.54531e+06 1.58392e+06 1.57083e+06 1.62836e+06
1.56967e+06 1.58298e+06 1.55248e+06 1.56964e+06
1.55349e+06 1.53762e+06 1.64215e+06 1.64668e+06
1.55433e+06 1.56597e+06 1.56175e+06 1.56836e+06
1.5947e+06 1.53388e+06 1.60911e+06 1.5797e+06
1.5649e+06 1.59782e+06 1.61916e+06 1.55704e+06
1.53401e+06 1.59836e+06 1.5786e+06 1.6074e+06
1.55207e+06 1.59764e+06 1.60687e+06 1.57036e+06
1.53711e+06 1.58694e+06 1.57835e+06 1.5988e+06
1.58669e+06 1.60416e+06 1.55929e+06 1.56801e+06
1.5298e+06 1.57556e+06 1.62569e+06 1.60378e+06
1.55433e+06 1.56597e+06 1.56175e+06 1.56836e+06
1.54629e+06 1.58081e+06 1.61303e+06 1.58652e+06
1.6408e+06 1.54197e+06 1.59692e+06 1.56638e+06
1.6175e+06 1.57453e+06 1.59691e+06 1.54589e+06
1.58222e+06 1.511e+06 1.58155e+06 1.60275e+06
1.60674e+06 1.57031e+06 1.56e+06 1.55706e+06
1.58446e+06 1.5605e+06 1.5756e+06 1.60248e+06
1.58378e+06 1.55914e+06 1.60624e+06 1.55476e+06
1.54961e+06 1.58588e+06 1.60706e+06 1.58507e+06
1.56442e+06 1.57111e+06 1.55422e+06 1.6257e+06
1.61836e+06 1.51545e+06 1.62353e+06 1.57234e+06
1.58676e+06 1.54312e+06 1.53259e+06 1.65872e+06
1.5691e+06 1.5229e+06 1.6023e+06 1.59524e+06
1.58422e+06 1.59004e+06 1.56954e+06 1.55579e+06
1.58667e+06 1.57933e+06 1.54352e+06 1.60378e+06
1.58378e+06 1.55914e+06 1.60624e+06 1.55476e+06
1.60341e+06 1.52718e+06 1.60446e+06 1.56225e+06
1.56671e+06 1.55106e+06 1.5961e+06 1.58441e+06
1.62716e+06 1.51466e+06 1.58986e+06 1.56954e+06
1.51964e+06 1.62166e+06 1.57783e+06 1.61754e+06
1.63305e+06 1.56934e+06 1.5393e+06 1.57442e+06
1.59245e+06 1.54139e+06 1.57211e+06 1.65182e+06
1.60341e+06 1.52718e+06 1.60446e+06 1.56225e+06
1.59866e+06 1.54053e+06 1.62845e+06 1.55834e+06
1.58667e+06 1.57933e+06 1.54352e+06 1.60378e+06
1.54629e+06 1.58081e+06 1.61303e+06 1.58652e+06
1.64131e+06 1.52899e+06 1.64038e+06 1.6138e+06
1.63675e+06 1.61668e+06 1.6172e+06 1.55687e+06
1.63469e+06 1.61545e+06 1.53683e+06 1.6178e+06
1.63233e+06 1.60827e+06 1.54876e+06 1.6847e+06
1.5808e+06 1.58658e+06 1.65131e+06 1.57949e+06
1.57752e+06 1.62323e+06 1.63276e+06 1.57859e+06
1.53787e+06 1.62087e+06 1.59367e+06 1.61981e+06
1.59107e+06 1.57697e+06 1.56079e+06 1.66229e+06
1.55972e+06 1.61382e+06 1.57469e+06 1.60913e+06
1.54379e+06 1.58298e+06 1.64485e+06 1.63272e+06
1.54675e+06 1.59001e+06 1.58853e+06 1.60633e+06
1.58598e+06 1.56373e+06 1.56512e+06 1.65821e+06
1.63726e+06 1.57353e+06 1.5579e+06 1.62713e+06
1.57315e+06 1.60972e+06 1.6036e+06 1.60081e+06
1.59172e+06 1.55065e+06 1.5791e+06 1.64255e+06
1.6307e+06 1.54029e+06 1.62393e+06 1.63813e+06
1.60678e+06 1.59405e+06 1.60569e+06 1.57637e+06
1.59388e+06 1.61694e+06 1.54536e+06 1.58095e+06
1.62721e+06 1.54741e+06 1.63e+06 1.58407e+06
1.61002e+06 1.57059e+06 1.59794e+06 1.61714e+06
1.56689e+06 1.60019e+06 1.62426e+06 1.60522e+06
1.62319e+06 1.55704e+06 1.57098e+06 1.59003e+06
1.6407e+06 1.57428e+06 1.59246e+06 1.56998e+06
1.62112e+06 1.55294e+06 1.56668e+06 1.61315e+06
1.60086e+06 1.6036e+06 1.58042e+06 1.59443e+06
1.62739e+06 1.54035e+06 1.62245e+06 1.63712e+06
1.60582e+06 1.61586e+06 1.58248e+06 1.56525e+06
1.57887e+06 1.54592e+06 1.61021e+06 1.62117e+06
1.58958e+06 1.57827e+06 1.58494e+06 1.59822e+06
1.61802e+06 1.57825e+06 1.60208e+06 1.56088e+06
1.59498e+06 1.54371e+06 1.61942e+06 1.60797e+06
1.63999e+06 1.55776e+06 1.63537e+06 1.57868e+06
1.59012e+06 1.57231e+06 1.6506e+06 1.5951e+06
1.56144e+06 1.54964e+06 1.57986e+06 1.62307e+06
1.5803e+06 1.60268e+06 1.61384e+06 1.59328e+06
1.59702e+06 1.58273e+06 1.57088e+06 1.60698e+06
1.5904e+06 1.59928e+06 1.60262e+06 1.58294e+06
1.60531e+06 1.55611e+06 1.60309e+06 1.60868e+06
1.59154e+06 1.56594e+06 1.62441e+06 1.5934e+06
1.58891e+06 1.58572e+06 1.61693e+06 1.59419e+06
1.58241e+06 1.5595e+06 1.56693e+06 1.62014e+06
1.61593e+06 1.54469e+06 1.63399e+06 1.59824e+06
1.58555e+06 1.58394e+06 1.56122e+06 1.59664e+06
1.565e+06 1.5656e+06 1.57746e+06 1.64067e+06
1.58086e+06 1.58868e+06 1.6065e+06 1.585e+06
1.63543e+06 1.60265e+06 1.6009e+06 1.55946e+06
1.59078e+06 1.56061e+06 1.57742e+06 1.61922e+06
1.56432e+06 1.58342e+06 1.58887e+06 1.61052e+06
1.5907e+06 1.56882e+06 1.59883e+06 1.61139e+06
1.58542e+06 1.54408e+06 1.59847e+06 1.6591e+06
1.59991e+06 1.56432e+06 1.60484e+06 1.5776e+06
1.61419e+06 1.58621e+06 1.60318e+06 1.5805e+06
1.56226e+06 1.57021e+06 1.62251e+06 1.60723e+06
1.61492e+06 1.55706e+06 1.56799e+06 1.58006e+06
1.57951e+06 1.61693e+06 1.59978e+06 1.58677e+06
1.57954e+06 1.58827e+06 1.5922e+06 1.60804e+06
1.57672e+06 1.57706e+06 1.56688e+06 1.60853e+06
1.59718e+06 1.54994e+06 1.60623e+06 1.60914e+06
1.64031e+06 1.56439e+06 1.60566e+06 1.55804e+06
1.66589e+06 1.58263e+06 1.60957e+06 1.57688e+06
1.61926e+06 1.59883e+06 1.61489e+06 1.57142e+06
1.6056e+06 1.54404e+06 1.62157e+06 1.62462e+06
1.59806e+06 1.62079e+06 1.5589e+06 1.63164e+06
1.58261e+06 1.57621e+06 1.58852e+06 1.67164e+06
1.58221e+06 1.58764e+06 1.64685e+06 1.63088e+06
1.57375e+06 1.6238e+06 1.57577e+06 1.65045e+06
1.55732e+06 1.59257e+06 1.59786e+06 1.61803e+06
1.63241e+06 1.57161e+06 1.57305e+06 1.5929e+06
1.59691e+06 1.57134e+06 1.6326e+06 1.6208e+06
1.58439e+06 1.60885e+06 1.64544e+06 1.59644e+06
1.58837e+06 1.58523e+06 1.56778e+06 1.6457e+06
1.61323e+06 1.5502e+06 1.58061e+06 1.6242e+06
1.59597e+06 1.55506e+06 1.58644e+06 1.63221e+06
1.59354e+06 1.57677e+06 1.58202e+06 1.66421e+06
1.59072e+06 1.61384e+06 1.59356e+06 1.61292e+06
1.62134e+06 1.58816e+06 1.56554e+06 1.64136e+06
1.58317e+06 1.5764e+06 1.58494e+06 1.65935e+06
1.56842e+06 1.60538e+06 1.61138e+06 1.60737e+06
1.61529e+06 1.57562e+06 1.59958e+06 1.60514e+06
1.62828e+06 1.56389e+06 1.61704e+06 1.59676e+06
1.59687e+06 1.60823e+06 1.61269e+06 1.58488e+06
1.57999e+06 1.55607e+06 1.59065e+06 1.63092e+06
1.61711e+06 1.59092e+06 1.6078e+06 1.57822e+06
1.56044e+06 1.59388e+06 1.59473e+06 1.62228e+06
1.5856e+06 1.59199e+06 1.59771e+06 1.59967e+06
1.62101e+06 1.56514e+06 1.58287e+06 1.58946e+06
1.56904e+06 1.59732e+06 1.61896e+06 1.61273e+06
1.60266e+06 1.58867e+06 1.56341e+06 1.60772e+06
1.58497e+06 1.60101e+06 1.59204e+06 1.61791e+06
1.62159e+06 1.58846e+06 1.57206e+06 1.63131e+06
1.60158e+06 1.56021e+06 1.62641e+06 1.6085e+06
1.59863e+06 1.56067e+06 1.6243e+06 1.62813e+06
1.59116e+06 1.60439e+06 1.6157e+06 1.59184e+06
1.60018e+06 1.56802e+06 1.62014e+06 1.59158e+06
1.60911e+06 1.58123e+06 1.58925e+06 1.61168e+06
1.58375e+06 1.58008e+06 1.60367e+06 1.62717e+06
1.58238e+06 1.59434e+06 1.60075e+06 1.61552e+06
1.61312e+06 1.56371e+06 1.57471e+06 1.62494e+06
1.6069e+06 1.57922e+06 1.59417e+06 1.62201e+06
1.59713e+06 1.5602e+06 1.6068e+06 1.63088e+06
1.59959e+06 1.56234e+06 1.60889e+06 1.61072e+06
1.62065e+06 1.56868e+06 1.59916e+06 1.62283e+06
1.59841e+06 1.58105e+06 1.60075e+06 1.60907e+06
1.58755e+06 1.58772e+06 1.60747e+06 1.62679e+06
1.59727e+06 1.58818e+06 1.61322e+06 1.60807e+06
1.59793e+06 1.60873e+06 1.589e+06 1.62776e+06
1.65747e+06 1.58195e+06 1.59513e+06 1.63362e+06
1.64974e+06 1.60624e+06 1.62429e+06 1.57542e+06
1.6352e+06 1.64773e+06 1.60032e+06 1.59722e+06
1.62509e+06 1.54545e+06 1.65048e+06 1.65774e+06
1.61864e+06 1.60288e+06 1.65831e+06 1.58139e+06
1.61696e+06 1.59947e+06 1.57068e+06 1.65684e+06
1.59384e+06 1.6204e+06 1.59508e+06 1.6583e+06
1.56657e+06 1.63855e+06 1.59485e+06 1.65693e+06
1.62392e+06 1.59272e+06 1.63344e+06 1.58344e+06
1.64512e+06 1.55328e+06 1.62979e+06 1.6385e+06
1.57652e+06 1.59312e+06 1.61494e+06 1.62164e+06
1.60599e+06 1.62262e+06 1.60035e+06 1.60469e+06
1.58308e+06 1.58357e+06 1.62659e+06 1.64138e+06
1.58216e+06 1.58822e+06 1.60454e+06 1.64735e+06
1.63022e+06 1.57918e+06 1.60131e+06 1.59219e+06
1.6147e+06 1.56021e+06 1.59206e+06 1.65246e+06
1.61282e+06 1.57693e+06 1.62115e+06 1.60928e+06
1.63892e+06 1.59571e+06 1.57669e+06 1.62699e+06
1.6219e+06 1.61249e+06 1.58231e+06 1.62194e+06
1.62588e+06 1.56554e+06 1.60644e+06 1.6146e+06
1.60141e+06 1.58071e+06 1.589e+06 1.65253e+06
1.62124e+06 1.60305e+06 1.57664e+06 1.63326e+06
1.57572e+06 1.60488e+06 1.60215e+06 1.63092e+06
1.57002e+06 1.62257e+06 1.60526e+06 1.63552e+06
1.61656e+06 1.61407e+06 1.58542e+06 1.6276e+06
1.63717e+06 1.60212e+06 1.60961e+06 1.57923e+06
1.61228e+06 1.57334e+06 1.62457e+06 1.61116e+06
1.60492e+06 1.59895e+06 1.60545e+06 1.60713e+06
1.63599e+06 1.56944e+06 1.60725e+06 1.59226e+06
1.5808e+06 1.60056e+06 1.60994e+06 1.62729e+06
1.64717e+06 1.57051e+06 1.60019e+06 1.64354e+06
1.62678e+06 1.57927e+06 1.59842e+06 1.65047e+06
1.64856e+06 1.56478e+06 1.5796e+06 1.6402e+06
1.60277e+06 1.59424e+06 1.58593e+06 1.62501e+06
1.5873e+06 1.56706e+06 1.60526e+06 1.63698e+06
1.63249e+06 1.57065e+06 1.5978e+06 1.61324e+06
1.62751e+06 1.61086e+06 1.5894e+06 1.60408e+06
1.62375e+06 1.59053e+06 1.62186e+06 1.6004e+06
1.60778e+06 1.59037e+06 1.59796e+06 1.62691e+06
1.61473e+06 1.58242e+06 1.61366e+06 1.62479e+06
1.63153e+06 1.57706e+06 1.58476e+06 1.6432e+06
1.59579e+06 1.59429e+06 1.60319e+06 1.63368e+06
1.63627e+06 1.62134e+06 1.57943e+06 1.60033e+06
1.60531e+06 1.60999e+06 1.59134e+06 1.60895e+06
1.59172e+06 1.60468e+06 1.60185e+06 1.63138e+06
1.58778e+06 1.59476e+06 1.6119e+06 1.61336e+06
1.59464e+06 1.57228e+06 1.60785e+06 1.6342e+06
1.6163e+06 1.6076e+06 1.5924e+06 1.6105e+06
1.60769e+06 1.60841e+06 1.60842e+06 1.60284e+06
1.60613e+06 1.59235e+06 1.60453e+06 1.63145e+06
1.60001e+06 1.59283e+06 1.60489e+06 1.61112e+06
1.58856e+06 1.59567e+06 1.60109e+06 1.63728e+06
1.61607e+06 1.62153e+06 1.5799e+06 1.61108e+06
1.63104e+06 1.5654e+06 1.60101e+06 1.61156e+06
1.62416e+06 1.59051e+06 1.60601e+06 1.60262e+06
1.64859e+06 1.56933e+06 1.59435e+06 1.65088e+06
1.64443e+06 1.56567e+06 1.60714e+06 1.63992e+06
1.6375e+06 1.60417e+06 1.61234e+06 1.5817e+06
1.62732e+06 1.65388e+06 1.61981e+06 1.60902e+06
1.6032e+06 1.62562e+06 1.58987e+06 1.65744e+06
1.59339e+06 1.60729e+06 1.64489e+06 1.63783e+06
1.58099e+06 1.6331e+06 1.62656e+06 1.65894e+06
1.6288e+06 1.61832e+06 1.64324e+06 1.59373e+06
1.61393e+06 1.63365e+06 1.60915e+06 1.61343e+06
1.60601e+06 1.61021e+06 1.6371e+06 1.61241e+06
1.63152e+06 1.59652e+06 1.62746e+06 1.6008e+06
1.58588e+06 1.60942e+06 1.60332e+06 1.65503e+06
1.61942e+06 1.58416e+06 1.63556e+06 1.62969e+06
1.59598e+06 1.57367e+06 1.62274e+06 1.64964e+06
1.62858e+06 1.57782e+06 1.61212e+06 1.61475e+06
1.6159e+06 1.60911e+06 1.59682e+06 1.64484e+06
1.64246e+06 1.60235e+06 1.59443e+06 1.63807e+06
1.59998e+06 1.61692e+06 1.6085e+06 1.63552e+06
1.63047e+06 1.56672e+06 1.62309e+06 1.62129e+06
1.59471e+06 1.58734e+06 1.63072e+06 1.64769e+06
1.62193e+06 1.59108e+06 1.63386e+06 1.62287e+06
1.62527e+06 1.5697e+06 1.61853e+06 1.65632e+06
1.6237e+06 1.62001e+06 1.59069e+06 1.62376e+06
1.64593e+06 1.61361e+06 1.60515e+06 1.6213e+06
1.60401e+06 1.59288e+06 1.61421e+06 1.62478e+06
1.60167e+06 1.5958e+06 1.62988e+06 1.6405e+06
1.62006e+06 1.60764e+06 1.60094e+06 1.65514e+06
1.61805e+06 1.5926e+06 1.61009e+06 1.63224e+06
1.59393e+06 1.59674e+06 1.6149e+06 1.63281e+06
1.62398e+06 1.60528e+06 1.6049e+06 1.64565e+06
1.60166e+06 1.59686e+06 1.61463e+06 1.61378e+06
1.62831e+06 1.60807e+06 1.60226e+06 1.64554e+06
1.61817e+06 1.60981e+06 1.60714e+06 1.62326e+06
1.67534e+06 1.58679e+06 1.63198e+06 1.61888e+06
1.66421e+06 1.57547e+06 1.59991e+06 1.65456e+06
1.63362e+06 1.57505e+06 1.62649e+06 1.63718e+06
1.63073e+06 1.63609e+06 1.60038e+06 1.62653e+06
1.62837e+06 1.62249e+06 1.62895e+06 1.61412e+06
1.6102e+06 1.59358e+06 1.61542e+06 1.66534e+06
1.60268e+06 1.61836e+06 1.65592e+06 1.61761e+06
1.63265e+06 1.57647e+06 1.64917e+06 1.64469e+06
1.6069e+06 1.62575e+06 1.60598e+06 1.65675e+06
1.61127e+06 1.60322e+06 1.62168e+06 1.62805e+06
1.61088e+06 1.62547e+06 1.63541e+06 1.6496e+06
1.61802e+06 1.63283e+06 1.60013e+06 1.64849e+06
1.62875e+06 1.61131e+06 1.62169e+06 1.62295e+06
1.62618e+06 1.59756e+06 1.63368e+06 1.62391e+06
1.61385e+06 1.59841e+06 1.62836e+06 1.64931e+06
1.63257e+06 1.59451e+06 1.62813e+06 1.6228e+06
1.64485e+06 1.6103e+06 1.63643e+06 1.64937e+06
1.63325e+06 1.64263e+06 1.61172e+06 1.64203e+06
