26 2.95132
1.37628e+06 1.54066e+06 1.52664e+06 1.48854e+06
1.56676e+06 1.34511e+06 1.5418e+06 1.57227e+06
1.58026e+06 1.54204e+06 1.33704e+06 1.59905e+06
1.42172e+06 1.56686e+06 1.57034e+06 1.43181e+06
1.41819e+06 1.41036e+06 1.51222e+06 1.5303e+06
1.56441e+06 1.34745e+06 1.55249e+06 1.50556e+06
1.41012e+06 1.55111e+06 1.55232e+06 1.43623e+06
1.36704e+06 1.55596e+06 1.51905e+06 1.47433e+06
1.55752e+06 1.34761e+06 1.55706e+06 1.50565e+06
1.55752e+06 1.34761e+06 1.55706e+06 1.50565e+06
1.40993e+06 1.54949e+06 1.55377e+06 1.43901e+06
1.41312e+06 1.39284e+06 1.52836e+06 1.54163e+06
1.41305e+06 1.54663e+06 1.54497e+06 1.43829e+06
1.37966e+06 1.54301e+06 1.5257e+06 1.4695e+06
1.41312e+06 1.39284e+06 1.52836e+06 1.54163e+06
1.58026e+06 1.54204e+06 1.33704e+06 1.59905e+06
1.56441e+06 1.34745e+06 1.55249e+06 1.50556e+06
1.36704e+06 1.55596e+06 1.51905e+06 1.47433e+06
1.60494e+06 1.5339e+06 1.33305e+06 1.58241e+06
1.41312e+06 1.39284e+06 1.52836e+06 1.54163e+06
1.59751e+06 1.5249e+06 1.33566e+06 1.57728e+06
1.45218e+06 1.44403e+06 1.52272e+06 1.48286e+06
1.37713e+06 1.54456e+06 1.5247e+06 1.47077e+06
1.37364e+06 1.5373e+06 1.52914e+06 1.48253e+06
1.60665e+06 1.52341e+06 1.33868e+06 1.58599e+06
1.56441e+06 1.34745e+06 1.55249e+06 1.50556e+06
1.58026e+06 1.54204e+06 1.33704e+06 1.59905e+06
1.60312e+06 1.52036e+06 1.34263e+06 1.58158e+06
1.37966e+06 1.54301e+06 1.5257e+06 1.4695e+06
1.37527e+06 1.54903e+06 1.52012e+06 1.47481e+06
1.59663e+06 1.53908e+06 1.47779e+06 1.43083e+06
1.58026e+06 1.54204e+06 1.33704e+06 1.59905e+06
1.56126e+06 1.3489e+06 1.55672e+06 1.5039e+06
1.43682e+06 1.44697e+06 1.52531e+06 1.48749e+06
1.4201e+06 1.40487e+06 1.51246e+06 1.53709e+06
1.55752e+06 1.34761e+06 1.55706e+06 1.50565e+06
1.59948e+06 1.54458e+06 1.48299e+06 1.43e+06
1.36688e+06 1.54049e+06 1.52318e+06 1.47228e+06
1.41229e+06 1.39823e+06 1.54721e+06 1.5371e+06
1.56297e+06 1.34687e+06 1.55639e+06 1.50837e+06
1.59663e+06 1.53908e+06 1.47779e+06 1.43083e+06
1.41643e+06 1.40978e+06 1.51168e+06 1.52572e+06
1.40921e+06 1.54933e+06 1.54512e+06 1.43932e+06
1.36778e+06 1.54721e+06 1.5184e+06 1.47711e+06
1.56297e+06 1.34687e+06 1.55639e+06 1.50837e+06
1.60509e+06 1.5336e+06 1.33195e+06 1.58369e+06
1.41012e+06 1.55111e+06 1.55232e+06 1.43623e+06
1.41058e+06 1.40079e+06 1.52638e+06 1.55432e+06
1.59751e+06 1.5249e+06 1.33566e+06 1.57728e+06
1.37833e+06 1.54815e+06 1.50949e+06 1.47831e+06
1.60665e+06 1.52341e+06 1.33868e+06 1.58599e+06
1.60319e+06 1.52607e+06 1.3357e+06 1.58116e+06
1.46249e+06 1.44327e+06 1.51747e+06 1.4812e+06
1.3676e+06 1.55458e+06 1.51893e+06 1.47648e+06
1.60459e+06 1.51712e+06 1.35182e+06 1.57191e+06
1.60382e+06 1.52132e+06 1.33804e+06 1.58553e+06
1.60509e+06 1.5336e+06 1.33195e+06 1.58369e+06
1.55965e+06 1.35025e+06 1.55775e+06 1.50468e+06
1.36688e+06 1.54049e+06 1.52318e+06 1.47228e+06
1.37628e+06 1.54066e+06 1.52664e+06 1.48854e+06
1.4199e+06 1.56393e+06 1.57025e+06 1.43224e+06
1.41677e+06 1.40935e+06 1.51023e+06 1.52622e+06
1.36704e+06 1.55596e+06 1.51905e+06 1.47433e+06
1.56252e+06 1.34484e+06 1.5383e+06 1.5691e+06
1.60382e+06 1.52132e+06 1.33804e+06 1.58553e+06
1.56116e+06 1.34603e+06 1.55639e+06 1.5025e+06
1.41012e+06 1.55111e+06 1.55232e+06 1.43623e+06
1.37571e+06 1.54109e+06 1.52312e+06 1.47759e+06
1.55752e+06 1.34761e+06 1.55706e+06 1.50565e+06
1.4153e+06 1.39517e+06 1.52491e+06 1.54898e+06
1.46249e+06 1.44327e+06 1.51747e+06 1.4812e+06
1.4125e+06 1.39102e+06 1.53404e+06 1.54262e+06
1.5999e+06 1.53119e+06 1.33268e+06 1.58838e+06
1.36778e+06 1.54721e+06 1.5184e+06 1.47711e+06
1.4125e+06 1.39102e+06 1.53404e+06 1.54262e+06
1.60665e+06 1.52341e+06 1.33868e+06 1.58599e+06
1.40921e+06 1.54933e+06 1.54512e+06 1.43932e+06
1.41643e+06 1.40978e+06 1.51168e+06 1.52572e+06
1.37713e+06 1.54456e+06 1.5247e+06 1.47077e+06
1.37733e+06 1.53584e+06 1.51596e+06 1.495e+06
1.58026e+06 1.54204e+06 1.33704e+06 1.59905e+06
1.59904e+06 1.5466e+06 1.48656e+06 1.42721e+06
1.41012e+06 1.55111e+06 1.55232e+06 1.43623e+06
1.37724e+06 1.54474e+06 1.52167e+06 1.46635e+06
1.59751e+06 1.5249e+06 1.33566e+06 1.57728e+06
1.56118e+06 1.34649e+06 1.55548e+06 1.50092e+06
1.38214e+06 1.544e+06 1.51451e+06 1.47638e+06
1.42532e+06 1.41254e+06 1.50465e+06 1.5322e+06
1.56224e+06 1.34593e+06 1.55466e+06 1.49958e+06
1.41229e+06 1.39823e+06 1.54721e+06 1.5371e+06
1.59948e+06 1.54458e+06 1.48299e+06 1.43e+06
1.38573e+06 1.54901e+06 1.50891e+06 1.48268e+06
1.41819e+06 1.41036e+06 1.51222e+06 1.5303e+06
1.56089e+06 1.34604e+06 1.55694e+06 1.50401e+06
1.38218e+06 1.55095e+06 1.51299e+06 1.48131e+06
1.56252e+06 1.34484e+06 1.5383e+06 1.5691e+06
1.59904e+06 1.5466e+06 1.48656e+06 1.42721e+06
1.37703e+06 1.5473e+06 1.52949e+06 1.47002e+06
1.41672e+06 1.39415e+06 1.53095e+06 1.54659e+06
1.56252e+06 1.34484e+06 1.5383e+06 1.5691e+06
1.59886e+06 1.54604e+06 1.48315e+06 1.42798e+06
1.41494e+06 1.39517e+06 1.54214e+06 1.53831e+06
1.41012e+06 1.55111e+06 1.55232e+06 1.43623e+06
1.36778e+06 1.54721e+06 1.5184e+06 1.47711e+06
1.56297e+06 1.34687e+06 1.55639e+06 1.50837e+06
1.59663e+06 1.53908e+06 1.47779e+06 1.43083e+06
1.37713e+06 1.54456e+06 1.5247e+06 1.47077e+06
1.41416e+06 1.39561e+06 1.52422e+06 1.55548e+06
1.59751e+06 1.5249e+06 1.33566e+06 1.57728e+06
1.40829e+06 1.40015e+06 1.52674e+06 1.55195e+06
1.56116e+06 1.34603e+06 1.55639e+06 1.5025e+06
1.59751e+06 1.5249e+06 1.33566e+06 1.57728e+06
1.56118e+06 1.34649e+06 1.55548e+06 1.50092e+06
1.36778e+06 1.54721e+06 1.5184e+06 1.47711e+06
1.58026e+06 1.54204e+06 1.33704e+06 1.59905e+06
1.56134e+06 1.34771e+06 1.55354e+06 1.50627e+06
1.60198e+06 1.52565e+06 1.3364e+06 1.58486e+06
1.56441e+06 1.34745e+06 1.55249e+06 1.50556e+06
1.38214e+06 1.544e+06 1.51451e+06 1.47638e+06
1.38723e+06 1.47446e+06 1.59151e+06 1.54406e+06
1.4199e+06 1.56393e+06 1.57025e+06 1.43224e+06
1.37713e+06 1.54456e+06 1.5247e+06 1.47077e+06
1.41643e+06 1.40978e+06 1.51168e+06 1.52572e+06
1.41672e+06 1.39415e+06 1.53095e+06 1.54659e+06
1.40829e+06 1.40015e+06 1.52674e+06 1.55195e+06
1.56867e+06 1.34393e+06 1.54218e+06 1.57059e+06
1.59663e+06 1.53908e+06 1.47779e+06 1.43083e+06
1.58455e+06 1.54487e+06 1.33775e+06 1.6054e+06
1.56089e+06 1.34604e+06 1.55694e+06 1.50401e+06
1.41819e+06 1.41036e+06 1.51222e+06 1.5303e+06
1.59886e+06 1.54604e+06 1.48315e+06 1.42798e+06
1.41629e+06 1.3961e+06 1.53564e+06 1.54585e+06
1.41389e+06 1.5505e+06 1.551e+06 1.43766e+06
1.37724e+06 1.54474e+06 1.52167e+06 1.46635e+06
1.4125e+06 1.39102e+06 1.53404e+06 1.54262e+06
1.59751e+06 1.5249e+06 1.33566e+06 1.57728e+06
1.59904e+06 1.5466e+06 1.48656e+06 1.42721e+06
1.36688e+06 1.54049e+06 1.52318e+06 1.47228e+06
1.46472e+06 1.44227e+06 1.51809e+06 1.48228e+06
1.41362e+06 1.39626e+06 1.54318e+06 1.537e+06
1.5999e+06 1.53119e+06 1.33268e+06 1.58838e+06
1.38925e+06 1.53283e+06 1.51187e+06 1.47823e+06
1.37724e+06 1.54474e+06 1.52167e+06 1.46635e+06
1.37621e+06 1.53758e+06 1.51661e+06 1.49255e+06
1.59751e+06 1.5249e+06 1.33566e+06 1.57728e+06
1.46249e+06 1.44327e+06 1.51747e+06 1.4812e+06
1.38214e+06 1.544e+06 1.51451e+06 1.47638e+06
1.42383e+06 1.40653e+06 1.51316e+06 1.53498e+06
1.42532e+06 1.41254e+06 1.50465e+06 1.5322e+06
1.3676e+06 1.55458e+06 1.51893e+06 1.47648e+06
1.55744e+06 1.34737e+06 1.55553e+06 1.50205e+06
1.4153e+06 1.39517e+06 1.52491e+06 1.54898e+06
1.60382e+06 1.52132e+06 1.33804e+06 1.58553e+06
1.56089e+06 1.34604e+06 1.55694e+06 1.50401e+06
1.37833e+06 1.54815e+06 1.50949e+06 1.47831e+06
1.55752e+06 1.34761e+06 1.55706e+06 1.50565e+06
1.4199e+06 1.56393e+06 1.57025e+06 1.43224e+06
1.36492e+06 1.54186e+06 1.52835e+06 1.47958e+06
1.36781e+06 1.54631e+06 1.51836e+06 1.47737e+06
1.41353e+06 1.39631e+06 1.52909e+06 1.55227e+06
1.60264e+06 1.52725e+06 1.3379e+06 1.58165e+06
1.57926e+06 1.54143e+06 1.33474e+06 1.59857e+06
1.59904e+06 1.5466e+06 1.48656e+06 1.42721e+06
1.41362e+06 1.39626e+06 1.54318e+06 1.537e+06
1.55752e+06 1.34761e+06 1.55706e+06 1.50565e+06
1.60494e+06 1.5339e+06 1.33305e+06 1.58241e+06
1.41012e+06 1.55111e+06 1.55232e+06 1.43623e+06
1.41013e+06 1.39998e+06 1.525e+06 1.5575e+06
1.60319e+06 1.52607e+06 1.3357e+06 1.58116e+06
1.36704e+06 1.55596e+06 1.51905e+06 1.47433e+06
1.60118e+06 1.52498e+06 1.33556e+06 1.57739e+06
1.60312e+06 1.52036e+06 1.34263e+06 1.58158e+06
1.41305e+06 1.54663e+06 1.54497e+06 1.43829e+06
1.37722e+06 1.54505e+06 1.52885e+06 1.47344e+06
1.60665e+06 1.52341e+06 1.33868e+06 1.58599e+06
1.60312e+06 1.52036e+06 1.34263e+06 1.58158e+06
1.59751e+06 1.5249e+06 1.33566e+06 1.57728e+06
1.37724e+06 1.54474e+06 1.52167e+06 1.46635e+06
1.41229e+06 1.39823e+06 1.54721e+06 1.5371e+06
1.37724e+06 1.54474e+06 1.52167e+06 1.46635e+06
1.42172e+06 1.56686e+06 1.57034e+06 1.43181e+06
1.38058e+06 1.53967e+06 1.524e+06 1.47035e+06
1.36688e+06 1.54049e+06 1.52318e+06 1.47228e+06
1.41672e+06 1.39415e+06 1.53095e+06 1.54659e+06
1.4153e+06 1.39517e+06 1.52491e+06 1.54898e+06
1.55752e+06 1.34761e+06 1.55706e+06 1.50565e+06
1.41012e+06 1.55111e+06 1.55232e+06 1.43623e+06
1.36815e+06 1.55137e+06 1.52028e+06 1.47498e+06
1.4153e+06 1.39517e+06 1.52491e+06 1.54898e+06
1.56297e+06 1.34687e+06 1.55639e+06 1.50837e+06
1.41012e+06 1.55111e+06 1.55232e+06 1.43623e+06
1.41124e+06 1.39949e+06 1.52216e+06 1.55549e+06
1.59663e+06 1.53908e+06 1.47779e+06 1.43083e+06
1.3823e+06 1.53769e+06 1.526e+06 1.46362e+06
1.4125e+06 1.39102e+06 1.53404e+06 1.54262e+06
1.60264e+06 1.52725e+06 1.3379e+06 1.58165e+06
1.46249e+06 1.44327e+06 1.51747e+06 1.4812e+06
1.36704e+06 1.55596e+06 1.51905e+06 1.47433e+06
1.60264e+06 1.52725e+06 1.3379e+06 1.58165e+06
1.41353e+06 1.39631e+06 1.52909e+06 1.55227e+06
1.59751e+06 1.5249e+06 1.33566e+06 1.57728e+06
1.40921e+06 1.54933e+06 1.54512e+06 1.43932e+06
1.41012e+06 1.55111e+06 1.55232e+06 1.43623e+06
1.37703e+06 1.5473e+06 1.52949e+06 1.47002e+06
1.59751e+06 1.5249e+06 1.33566e+06 1.57728e+06
1.56089e+06 1.34604e+06 1.55694e+06 1.50401e+06
1.58026e+06 1.54204e+06 1.33704e+06 1.59905e+06
1.60665e+06 1.52341e+06 1.33868e+06 1.58599e+06
1.56118e+06 1.34649e+06 1.55548e+06 1.50092e+06
1.41124e+06 1.39949e+06 1.52216e+06 1.55549e+06
1.4199e+06 1.56393e+06 1.57025e+06 1.43224e+06
1.42383e+06 1.40653e+06 1.51316e+06 1.53498e+06
1.42532e+06 1.41254e+06 1.50465e+06 1.5322e+06
1.41494e+06 1.39517e+06 1.54214e+06 1.53831e+06
1.41124e+06 1.39949e+06 1.52216e+06 1.55549e+06
1.56234e+06 1.34602e+06 1.53763e+06 1.5673e+06
1.59886e+06 1.54604e+06 1.48315e+06 1.42798e+06
1.3823e+06 1.53769e+06 1.526e+06 1.46362e+06
1.41494e+06 1.39517e+06 1.54214e+06 1.53831e+06
1.56297e+06 1.34687e+06 1.55639e+06 1.50837e+06
1.40921e+06 1.54933e+06 1.54512e+06 1.43932e+06
1.41677e+06 1.40935e+06 1.51023e+06 1.52622e+06
1.41012e+06 1.55111e+06 1.55232e+06 1.43623e+06
1.41124e+06 1.39949e+06 1.52216e+06 1.55549e+06
1.5724e+06 1.34487e+06 1.54118e+06 1.56524e+06
1.59663e+06 1.53908e+06 1.47779e+06 1.43083e+06
1.41012e+06 1.55111e+06 1.55232e+06 1.43623e+06
1.41229e+06 1.39823e+06 1.54721e+06 1.5371e+06
1.60494e+06 1.5339e+06 1.33305e+06 1.58241e+06
1.36778e+06 1.54721e+06 1.5184e+06 1.47711e+06
1.60302e+06 1.52686e+06 1.33806e+06 1.58177e+06
1.58001e+06 1.54735e+06 1.33676e+06 1.59998e+06
1.56224e+06 1.34593e+06 1.55466e+06 1.49958e+06
1.3676e+06 1.55458e+06 1.51893e+06 1.47648e+06
1.60264e+06 1.52725e+06 1.3379e+06 1.58165e+06
1.60198e+06 1.52565e+06 1.3364e+06 1.58486e+06
1.60494e+06 1.5339e+06 1.33305e+06 1.58241e+06
1.41819e+06 1.41036e+06 1.51222e+06 1.5303e+06
1.36492e+06 1.54186e+06 1.52835e+06 1.47958e+06
1.37527e+06 1.54903e+06 1.52012e+06 1.47481e+06
1.60632e+06 1.54346e+06 1.49046e+06 1.42996e+06
1.3823e+06 1.53769e+06 1.526e+06 1.46362e+06
1.42642e+06 1.41716e+06 1.50541e+06 1.5345e+06
1.56297e+06 1.34687e+06 1.55639e+06 1.50837e+06
1.57926e+06 1.54143e+06 1.33474e+06 1.59857e+06
1.56089e+06 1.34604e+06 1.55694e+06 1.50401e+06
1.46249e+06 1.44327e+06 1.51747e+06 1.4812e+06
1.3716e+06 1.54414e+06 1.51568e+06 1.48051e+06
1.55752e+06 1.34761e+06 1.55706e+06 1.50565e+06
1.40829e+06 1.40015e+06 1.52674e+06 1.55195e+06
1.56224e+06 1.34593e+06 1.55466e+06 1.49958e+06
1.55752e+06 1.34761e+06 1.55706e+06 1.50565e+06
1.59904e+06 1.5466e+06 1.48656e+06 1.42721e+06
1.41643e+06 1.40978e+06 1.51168e+06 1.52572e+06
1.36688e+06 1.54049e+06 1.52318e+06 1.47228e+06
1.58026e+06 1.54204e+06 1.33704e+06 1.59905e+06
1.59663e+06 1.53908e+06 1.47779e+06 1.43083e+06
1.36781e+06 1.54631e+06 1.51836e+06 1.47737e+06
1.38573e+06 1.54901e+06 1.50891e+06 1.48268e+06
1.37527e+06 1.54903e+06 1.52012e+06 1.47481e+06
1.59751e+06 1.5249e+06 1.33566e+06 1.57728e+06
1.46472e+06 1.44227e+06 1.51809e+06 1.48228e+06
1.41069e+06 1.55203e+06 1.55325e+06 1.43628e+06
1.37527e+06 1.54903e+06 1.52012e+06 1.47481e+06
1.59751e+06 1.5249e+06 1.33566e+06 1.57728e+06
1.55744e+06 1.34737e+06 1.55553e+06 1.50205e+06
1.58001e+06 1.54735e+06 1.33676e+06 1.59998e+06
1.42532e+06 1.41254e+06 1.50465e+06 1.5322e+06
1.55752e+06 1.34761e+06 1.55706e+06 1.50565e+06
1.41058e+06 1.40079e+06 1.52638e+06 1.55432e+06
1.60632e+06 1.54346e+06 1.49046e+06 1.42996e+06
1.57936e+06 1.5462e+06 1.33781e+06 1.59693e+06
1.56224e+06 1.34593e+06 1.55466e+06 1.49958e+06
1.56441e+06 1.34745e+06 1.55249e+06 1.50556e+06
1.58264e+06 1.53992e+06 1.33855e+06 1.60064e+06
1.55752e+06 1.34761e+06 1.55706e+06 1.50565e+06
1.4199e+06 1.56393e+06 1.57025e+06 1.43224e+06
1.36492e+06 1.54186e+06 1.52835e+06 1.47958e+06
1.41058e+06 1.40074e+06 1.52522e+06 1.55006e+06
1.56297e+06 1.34687e+06 1.55639e+06 1.50837e+06
1.59663e+06 1.53908e+06 1.47779e+06 1.43083e+06
1.41677e+06 1.40935e+06 1.51023e+06 1.52622e+06
1.41012e+06 1.55111e+06 1.55232e+06 1.43623e+06
1.36688e+06 1.54049e+06 1.52318e+06 1.47228e+06
1.55752e+06 1.34761e+06 1.55706e+06 1.50565e+06
1.60494e+06 1.5339e+06 1.33305e+06 1.58241e+06
1.37869e+06 1.5357e+06 1.5216e+06 1.47284e+06
1.41353e+06 1.39631e+06 1.52909e+06 1.55227e+06
1.60319e+06 1.52607e+06 1.3357e+06 1.58116e+06
1.36781e+06 1.54631e+06 1.51836e+06 1.47737e+06
1.5999e+06 1.53119e+06 1.33268e+06 1.58838e+06
1.60264e+06 1.52725e+06 1.3379e+06 1.58165e+06
1.55744e+06 1.34737e+06 1.55553e+06 1.50205e+06
1.3676e+06 1.55458e+06 1.51893e+06 1.47648e+06
1.57926e+06 1.54143e+06 1.33474e+06 1.59857e+06
1.4153e+06 1.39517e+06 1.52491e+06 1.54898e+06
1.60382e+06 1.52132e+06 1.33804e+06 1.58553e+06
1.56089e+06 1.34604e+06 1.55694e+06 1.50401e+06
1.38214e+06 1.544e+06 1.51451e+06 1.47638e+06
1.37733e+06 1.53584e+06 1.51596e+06 1.495e+06
1.59948e+06 1.54458e+06 1.48299e+06 1.43e+06
1.42383e+06 1.40653e+06 1.51316e+06 1.53498e+06
1.36704e+06 1.55596e+06 1.51905e+06 1.47433e+06
1.41058e+06 1.40079e+06 1.52638e+06 1.55432e+06
1.56441e+06 1.34745e+06 1.55249e+06 1.50556e+06
1.56867e+06 1.34393e+06 1.54218e+06 1.57059e+06
1.4199e+06 1.56393e+06 1.57025e+06 1.43224e+06
1.3716e+06 1.54414e+06 1.51568e+06 1.48051e+06
1.55752e+06 1.34761e+06 1.55706e+06 1.50565e+06
1.4153e+06 1.39517e+06 1.52491e+06 1.54898e+06
1.55744e+06 1.34737e+06 1.55553e+06 1.50205e+06
1.41013e+06 1.39998e+06 1.525e+06 1.5575e+06
1.40921e+06 1.54933e+06 1.54512e+06 1.43932e+06
1.37527e+06 1.54903e+06 1.52012e+06 1.47481e+06
1.4125e+06 1.39102e+06 1.53404e+06 1.54262e+06
1.59751e+06 1.5249e+06 1.33566e+06 1.57728e+06
1.41012e+06 1.55111e+06 1.55232e+06 1.43623e+06
1.37364e+06 1.5373e+06 1.52914e+06 1.48253e+06
1.4201e+06 1.40487e+06 1.51246e+06 1.53709e+06
1.4125e+06 1.39102e+06 1.53404e+06 1.54262e+06
1.60382e+06 1.52132e+06 1.33804e+06 1.58553e+06
1.41012e+06 1.55111e+06 1.55232e+06 1.43623e+06
1.41643e+06 1.40978e+06 1.51168e+06 1.52572e+06
1.37621e+06 1.53758e+06 1.51661e+06 1.49255e+06
1.60092e+06 1.53897e+06 1.3367e+06 1.58268e+06
1.561e+06 1.34768e+06 1.55248e+06 1.50404e+06
1.38925e+06 1.53283e+06 1.51187e+06 1.47823e+06
1.60198e+06 1.52565e+06 1.3364e+06 1.58486e+06
1.56224e+06 1.34593e+06 1.55466e+06 1.49958e+06
1.37703e+06 1.5473e+06 1.52949e+06 1.47002e+06
1.59948e+06 1.54458e+06 1.48299e+06 1.43e+06
1.41677e+06 1.40935e+06 1.51023e+06 1.52622e+06
1.60198e+06 1.52565e+06 1.3364e+06 1.58486e+06
1.55752e+06 1.34761e+06 1.55706e+06 1.50565e+06
1.36781e+06 1.54631e+06 1.51836e+06 1.47737e+06
1.56252e+06 1.34484e+06 1.5383e+06 1.5691e+06
1.59948e+06 1.54458e+06 1.48299e+06 1.43e+06
1.37703e+06 1.5473e+06 1.52949e+06 1.47002e+06
1.41362e+06 1.39626e+06 1.54318e+06 1.537e+06
1.41629e+06 1.3961e+06 1.53564e+06 1.54585e+06
1.59663e+06 1.53908e+06 1.47779e+06 1.43083e+06
1.41416e+06 1.39561e+06 1.52422e+06 1.55548e+06
1.55744e+06 1.34737e+06 1.55553e+06 1.50205e+06
1.41013e+06 1.39998e+06 1.525e+06 1.5575e+06
1.56252e+06 1.34484e+06 1.5383e+06 1.5691e+06
1.41379e+06 1.56842e+06 1.52613e+06 1.45132e+06
1.41069e+06 1.55203e+06 1.55325e+06 1.43628e+06
1.41229e+06 1.39823e+06 1.54721e+06 1.5371e+06
1.5999e+06 1.53119e+06 1.33268e+06 1.58838e+06
1.3676e+06 1.55458e+06 1.51893e+06 1.47648e+06
1.60665e+06 1.52341e+06 1.33868e+06 1.58599e+06
1.60438e+06 1.52418e+06 1.33908e+06 1.58746e+06
1.56099e+06 1.34864e+06 1.55652e+06 1.50667e+06
1.37713e+06 1.54456e+06 1.5247e+06 1.47077e+06
1.60509e+06 1.5336e+06 1.33195e+06 1.58369e+06
1.56441e+06 1.34745e+06 1.55249e+06 1.50556e+06
1.5999e+06 1.53119e+06 1.33268e+06 1.58838e+06
1.43682e+06 1.44697e+06 1.52531e+06 1.48749e+06
1.36492e+06 1.54186e+06 1.52835e+06 1.47958e+06
1.37628e+06 1.54066e+06 1.52664e+06 1.48854e+06
1.42172e+06 1.56686e+06 1.57034e+06 1.43181e+06
1.37713e+06 1.54456e+06 1.5247e+06 1.47077e+06
1.36492e+06 1.54186e+06 1.52835e+06 1.47958e+06
1.55752e+06 1.34761e+06 1.55706e+06 1.50565e+06
1.42383e+06 1.40653e+06 1.51316e+06 1.53498e+06
1.55752e+06 1.34761e+06 1.55706e+06 1.50565e+06
1.41012e+06 1.55111e+06 1.55232e+06 1.43623e+06
1.38227e+06 1.54567e+06 1.51303e+06 1.47975e+06
1.56252e+06 1.34484e+06 1.5383e+06 1.5691e+06
1.56867e+06 1.34393e+06 1.54218e+06 1.57059e+06
1.41012e+06 1.55111e+06 1.55232e+06 1.43623e+06
1.41362e+06 1.39626e+06 1.54318e+06 1.537e+06
1.41379e+06 1.56842e+06 1.52613e+06 1.45132e+06
1.37724e+06 1.54474e+06 1.52167e+06 1.46635e+06
1.4125e+06 1.39102e+06 1.53404e+06 1.54262e+06
1.60665e+06 1.52341e+06 1.33868e+06 1.58599e+06
1.60494e+06 1.5339e+06 1.33305e+06 1.58241e+06
1.41124e+06 1.39949e+06 1.52216e+06 1.55549e+06
1.56224e+06 1.34593e+06 1.55466e+06 1.49958e+06
1.41312e+06 1.39284e+06 1.52836e+06 1.54163e+06
1.60509e+06 1.5336e+06 1.33195e+06 1.58369e+06
1.60509e+06 1.5336e+06 1.33195e+06 1.58369e+06
1.41012e+06 1.55111e+06 1.55232e+06 1.43623e+06
1.37733e+06 1.53584e+06 1.51596e+06 1.495e+06
1.59751e+06 1.5249e+06 1.33566e+06 1.57728e+06
1.56118e+06 1.34649e+06 1.55548e+06 1.50092e+06
1.58001e+06 1.54735e+06 1.33676e+06 1.59998e+06
1.56224e+06 1.34593e+06 1.55466e+06 1.49958e+06
1.4201e+06 1.40487e+06 1.51246e+06 1.53709e+06
1.36778e+06 1.54721e+06 1.5184e+06 1.47711e+06
1.41012e+06 1.55111e+06 1.55232e+06 1.43623e+06
1.41819e+06 1.41036e+06 1.51222e+06 1.5303e+06
1.55752e+06 1.34761e+06 1.55706e+06 1.50565e+06
1.41643e+06 1.40978e+06 1.51168e+06 1.52572e+06
1.41124e+06 1.39949e+06 1.52216e+06 1.55549e+06
1.56234e+06 1.34602e+06 1.53763e+06 1.5673e+06
1.41012e+06 1.55111e+06 1.55232e+06 1.43623e+06
1.36492e+06 1.54186e+06 1.52835e+06 1.47958e+06
1.41229e+06 1.39823e+06 1.54721e+06 1.5371e+06
1.56297e+06 1.34687e+06 1.55639e+06 1.50837e+06
1.60572e+06 1.54013e+06 1.33654e+06 1.58389e+06
1.42383e+06 1.40653e+06 1.51316e+06 1.53498e+06
1.41012e+06 1.55111e+06 1.55232e+06 1.43623e+06
1.37722e+06 1.54505e+06 1.52885e+06 1.47344e+06
1.56252e+06 1.34484e+06 1.5383e+06 1.5691e+06
1.60509e+06 1.5336e+06 1.33195e+06 1.58369e+06
1.41012e+06 1.55111e+06 1.55232e+06 1.43623e+06
1.41124e+06 1.39949e+06 1.52216e+06 1.55549e+06
1.60494e+06 1.5339e+06 1.33305e+06 1.58241e+06
1.37571e+06 1.54109e+06 1.52312e+06 1.47759e+06
1.60198e+06 1.52565e+06 1.3364e+06 1.58486e+06
1.57926e+06 1.54143e+06 1.33474e+06 1.59857e+06
1.43682e+06 1.44697e+06 1.52531e+06 1.48749e+06
1.3676e+06 1.55458e+06 1.51893e+06 1.47648e+06
1.60382e+06 1.52132e+06 1.33804e+06 1.58553e+06
1.60118e+06 1.52498e+06 1.33556e+06 1.57739e+06
1.60459e+06 1.51712e+06 1.35182e+06 1.57191e+06
1.56089e+06 1.34604e+06 1.55694e+06 1.50401e+06
1.42532e+06 1.41254e+06 1.50465e+06 1.5322e+06
1.37621e+06 1.53758e+06 1.51661e+06 1.49255e+06
1.41012e+06 1.55111e+06 1.55232e+06 1.43623e+06
1.37869e+06 1.5357e+06 1.5216e+06 1.47284e+06
1.41124e+06 1.39949e+06 1.52216e+06 1.55549e+06
1.55752e+06 1.34761e+06 1.55706e+06 1.50565e+06
1.60382e+06 1.52132e+06 1.33804e+06 1.58553e+06
1.56089e+06 1.34604e+06 1.55694e+06 1.50401e+06
1.41012e+06 1.55111e+06 1.55232e+06 1.43623e+06
1.36704e+06 1.55596e+06 1.51905e+06 1.47433e+06
1.40829e+06 1.40015e+06 1.52674e+06 1.55195e+06
1.41494e+06 1.39517e+06 1.54214e+06 1.53831e+06
1.55744e+06 1.34737e+06 1.55553e+06 1.50205e+06
1.41629e+06 1.3961e+06 1.53564e+06 1.54585e+06
1.59663e+06 1.53908e+06 1.47779e+06 1.43083e+06
1.36688e+06 1.54049e+06 1.52318e+06 1.47228e+06
1.41643e+06 1.40978e+06 1.51168e+06 1.52572e+06
1.60509e+06 1.5336e+06 1.33195e+06 1.58369e+06
1.41305e+06 1.54663e+06 1.54497e+06 1.43829e+06
1.37571e+06 1.54109e+06 1.52312e+06 1.47759e+06
1.37724e+06 1.54474e+06 1.52167e+06 1.46635e+06
1.41229e+06 1.39823e+06 1.54721e+06 1.5371e+06
1.60118e+06 1.52498e+06 1.33556e+06 1.57739e+06
1.56116e+06 1.34603e+06 1.55639e+06 1.5025e+06
1.37713e+06 1.54456e+06 1.5247e+06 1.47077e+06
1.37364e+06 1.5373e+06 1.52914e+06 1.48253e+06
1.57926e+06 1.54143e+06 1.33474e+06 1.59857e+06
1.42383e+06 1.40653e+06 1.51316e+06 1.53498e+06
1.3716e+06 1.54414e+06 1.51568e+06 1.48051e+06
1.41058e+06 1.40079e+06 1.52638e+06 1.55432e+06
