31 1.63127
1.56336e+06 1.55295e+06 1.57615e+06 1.613e+06
1.58792e+06 1.54698e+06 1.58876e+06 1.58914e+06
1.57395e+06 1.58519e+06 1.61982e+06 1.55318e+06
1.62277e+06 1.57185e+06 1.53558e+06 1.62464e+06
1.62428e+06 1.50433e+06 1.58831e+06 1.65789e+06
1.52725e+06 1.60998e+06 1.60424e+06 1.64339e+06
1.60737e+06 1.62218e+06 1.60368e+06 1.60052e+06
1.61903e+06 1.61251e+06 1.61539e+06 1.64946e+06
1.59811e+06 1.62288e+06 1.60992e+06 1.64474e+06
1.60926e+06 1.64462e+06 1.63509e+06 1.62727e+06
1.62296e+06 1.59045e+06 1.62576e+06 1.64458e+06
1.65994e+06 1.56373e+06 1.65967e+06 1.65437e+06
1.63594e+06 1.6223e+06 1.62949e+06 1.61419e+06
1.59261e+06 1.61005e+06 1.60696e+06 1.62698e+06
1.58519e+06 1.59498e+06 1.6306e+06 1.64095e+06
1.61592e+06 1.5799e+06 1.6358e+06 1.61695e+06
1.65229e+06 1.57513e+06 1.62004e+06 1.632e+06
1.64341e+06 1.57024e+06 1.64052e+06 1.59664e+06
1.62646e+06 1.57418e+06 1.66768e+06 1.64404e+06
1.62156e+06 1.61194e+06 1.63848e+06 1.6718e+06
1.61983e+06 1.63448e+06 1.61766e+06 1.57896e+06
1.6326e+06 1.62655e+06 1.64186e+06 1.64958e+06
1.64499e+06 1.59132e+06 1.61985e+06 1.59142e+06
1.5973e+06 1.59284e+06 1.64799e+06 1.58333e+06
1.62296e+06 1.59576e+06 1.63364e+06 1.59917e+06
1.62104e+06 1.61392e+06 1.63866e+06 1.58667e+06
1.63622e+06 1.56304e+06 1.57305e+06 1.62351e+06
1.61834e+06 1.61814e+06 1.62484e+06 1.62649e+06
1.63847e+06 1.54535e+06 1.58652e+06 1.65372e+06
1.60284e+06 1.58091e+06 1.63761e+06 1.63252e+06
1.63942e+06 1.59345e+06 1.62889e+06 1.65159e+06
1.62414e+06 1.60114e+06 1.61845e+06 1.62631e+06
1.64649e+06 1.61469e+06 1.63486e+06 1.63696e+06
1.62461e+06 1.60782e+06 1.59311e+06 1.61528e+06
1.6065e+06 1.57357e+06 1.60905e+06 1.60863e+06
1.65444e+06 1.59031e+06 1.5767e+06 1.63369e+06
1.62812e+06 1.61046e+06 1.56778e+06 1.60408e+06
1.61266e+06 1.5948e+06 1.62401e+06 1.616e+06
1.57847e+06 1.63438e+06 1.59675e+06 1.65175e+06
1.61809e+06 1.60206e+06 1.62659e+06 1.61586e+06
1.6185e+06 1.59232e+06 1.59645e+06 1.63606e+06
1.61349e+06 1.5648e+06 1.63716e+06 1.61575e+06
1.63329e+06 1.61482e+06 1.64075e+06 1.6518e+06
1.61996e+06 1.64074e+06 1.63874e+06 1.60536e+06
1.60068e+06 1.56268e+06 1.56787e+06 1.65184e+06
1.64557e+06 1.60441e+06 1.63644e+06 1.64242e+06
1.65573e+06 1.61422e+06 1.62277e+06 1.66955e+06
1.59414e+06 1.57973e+06 1.62826e+06 1.62492e+06
1.6478e+06 1.59811e+06 1.59129e+06 1.62549e+06
1.63356e+06 1.59813e+06 1.58943e+06 1.63894e+06
1.59652e+06 1.60023e+06 1.61726e+06 1.60342e+06
1.61133e+06 1.61225e+06 1.65486e+06 1.64808e+06
1.66588e+06 1.62935e+06 1.65921e+06 1.65857e+06
1.64313e+06 1.59252e+06 1.64416e+06 1.64631e+06
1.64907e+06 1.59172e+06 1.62142e+06 1.64034e+06
1.62925e+06 1.57835e+06 1.62484e+06 1.61888e+06
1.61594e+06 1.56363e+06 1.62102e+06 1.63194e+06
1.61086e+06 1.57264e+06 1.62997e+06 1.60995e+06
1.64057e+06 1.58766e+06 1.61395e+06 1.6373e+06
1.64976e+06 1.55932e+06 1.62768e+06 1.63661e+06
1.60695e+06 1.64735e+06 1.6376e+06 1.66146e+06
1.616e+06 1.61726e+06 1.69402e+06 1.61194e+06
1.62728e+06 1.57126e+06 1.6174e+06 1.63017e+06
1.60836e+06 1.60917e+06 1.62988e+06 1.63807e+06
1.63817e+06 1.59202e+06 1.60552e+06 1.61019e+06
1.6186e+06 1.61273e+06 1.6446e+06 1.63492e+06
1.62038e+06 1.58934e+06 1.63047e+06 1.65253e+06
1.63131e+06 1.6021e+06 1.64672e+06 1.61181e+06
1.66804e+06 1.60628e+06 1.63622e+06 1.58928e+06
1.62422e+06 1.58886e+06 1.64303e+06 1.62947e+06
1.60417e+06 1.6197e+06 1.60064e+06 1.61901e+06
1.59283e+06 1.61163e+06 1.59876e+06 1.62103e+06
1.61461e+06 1.57397e+06 1.62478e+06 1.58559e+06
1.67822e+06 1.60602e+06 1.64374e+06 1.64868e+06
1.61973e+06 1.6214e+06 1.68162e+06 1.64245e+06
1.66288e+06 1.61866e+06 1.58906e+06 1.5972e+06
1.60696e+06 1.55195e+06 1.59227e+06 1.57754e+06
1.64345e+06 1.60976e+06 1.64196e+06 1.64559e+06
1.63867e+06 1.59338e+06 1.58501e+06 1.6542e+06
1.59899e+06 1.58815e+06 1.61e+06 1.62687e+06
1.56851e+06 1.62903e+06 1.57416e+06 1.60833e+06
1.62605e+06 1.58327e+06 1.64172e+06 1.66194e+06
1.61157e+06 1.58172e+06 1.5808e+06 1.63502e+06
1.64637e+06 1.58242e+06 1.59131e+06 1.6105e+06
1.66699e+06 1.61601e+06 1.63778e+06 1.58843e+06
1.61252e+06 1.59299e+06 1.63836e+06 1.66677e+06
1.6342e+06 1.60843e+06 1.59387e+06 1.63904e+06
1.68068e+06 1.61177e+06 1.63504e+06 1.6274e+06
1.61821e+06 1.66181e+06 1.64431e+06 1.65449e+06
1.58991e+06 1.61512e+06 1.59366e+06 1.63445e+06
1.62556e+06 1.59434e+06 1.64276e+06 1.61129e+06
1.64401e+06 1.60188e+06 1.62288e+06 1.5937e+06
1.62986e+06 1.62061e+06 1.64229e+06 1.59141e+06
1.63394e+06 1.61941e+06 1.60816e+06 1.62372e+06
1.61123e+06 1.55909e+06 1.64452e+06 1.60255e+06
1.63925e+06 1.585e+06 1.61539e+06 1.62204e+06
1.63019e+06 1.60705e+06 1.62566e+06 1.62076e+06
1.65866e+06 1.57221e+06 1.62558e+06 1.62876e+06
1.63111e+06 1.60374e+06 1.62998e+06 1.64731e+06
1.61996e+06 1.5886e+06 1.64635e+06 1.65793e+06
1.64225e+06 1.575e+06 1.64286e+06 1.65114e+06
1.63797e+06 1.61814e+06 1.6262e+06 1.63034e+06
1.63192e+06 1.60501e+06 1.61098e+06 1.60809e+06
1.63342e+06 1.59141e+06 1.59766e+06 1.63475e+06
1.61847e+06 1.59194e+06 1.63976e+06 1.6558e+06
1.663e+06 1.56308e+06 1.61145e+06 1.63632e+06
1.64929e+06 1.6293e+06 1.63417e+06 1.60222e+06
1.61024e+06 1.59721e+06 1.61219e+06 1.6519e+06
1.63151e+06 1.63276e+06 1.59749e+06 1.63591e+06
1.63088e+06 1.57957e+06 1.6156e+06 1.62263e+06
1.63193e+06 1.58846e+06 1.63212e+06 1.63325e+06
1.67674e+06 1.60912e+06 1.64852e+06 1.60464e+06
1.65216e+06 1.60266e+06 1.63929e+06 1.6478e+06
1.60057e+06 1.63236e+06 1.64092e+06 1.68679e+06
1.64287e+06 1.58785e+06 1.58824e+06 1.63195e+06
1.65359e+06 1.63552e+06 1.61234e+06 1.62477e+06
1.6244e+06 1.60956e+06 1.6284e+06 1.60148e+06
1.6438e+06 1.57336e+06 1.56799e+06 1.58314e+06
1.60046e+06 1.62519e+06 1.59908e+06 1.61388e+06
1.62856e+06 1.59799e+06 1.62664e+06 1.62773e+06
1.65428e+06 1.6049e+06 1.62012e+06 1.60686e+06
1.62993e+06 1.5913e+06 1.64586e+06 1.6093e+06
1.59418e+06 1.61912e+06 1.61732e+06 1.58452e+06
1.62148e+06 1.65014e+06 1.62007e+06 1.649e+06
1.6065e+06 1.63815e+06 1.65997e+06 1.60966e+06
1.66974e+06 1.57831e+06 1.62569e+06 1.62729e+06
1.63643e+06 1.6318e+06 1.6312e+06 1.66368e+06
1.6438e+06 1.60587e+06 1.61747e+06 1.61023e+06
1.63351e+06 1.57749e+06 1.65523e+06 1.60794e+06
1.65633e+06 1.56582e+06 1.64349e+06 1.61892e+06
1.63938e+06 1.5651e+06 1.58374e+06 1.64756e+06
1.65605e+06 1.62153e+06 1.58882e+06 1.63228e+06
1.6255e+06 1.58315e+06 1.62261e+06 1.64377e+06
1.61346e+06 1.61438e+06 1.63125e+06 1.62428e+06
1.60205e+06 1.61708e+06 1.61794e+06 1.65188e+06
1.6407e+06 1.57856e+06 1.6194e+06 1.63477e+06
1.65526e+06 1.57982e+06 1.62036e+06 1.60324e+06
1.62851e+06 1.64625e+06 1.59075e+06 1.62299e+06
1.64807e+06 1.62287e+06 1.66404e+06 1.65501e+06
1.60708e+06 1.57749e+06 1.64499e+06 1.62483e+06
1.60256e+06 1.5885e+06 1.60352e+06 1.66025e+06
1.61108e+06 1.60315e+06 1.6356e+06 1.60748e+06
1.65016e+06 1.57203e+06 1.63059e+06 1.64353e+06
1.63706e+06 1.54152e+06 1.64158e+06 1.59299e+06
1.57447e+06 1.60459e+06 1.63613e+06 1.6264e+06
1.60461e+06 1.57503e+06 1.62675e+06 1.6274e+06
1.62146e+06 1.59147e+06 1.64076e+06 1.62625e+06
1.6655e+06 1.65283e+06 1.60353e+06 1.67697e+06
1.66231e+06 1.62351e+06 1.63902e+06 1.64029e+06
1.59794e+06 1.62384e+06 1.64754e+06 1.60723e+06
1.67548e+06 1.58281e+06 1.64908e+06 1.65255e+06
1.6103e+06 1.58412e+06 1.59675e+06 1.61905e+06
1.66762e+06 1.6145e+06 1.63279e+06 1.5977e+06
1.63456e+06 1.60704e+06 1.63316e+06 1.59708e+06
1.63581e+06 1.64888e+06 1.61803e+06 1.65144e+06
1.66039e+06 1.60197e+06 1.61714e+06 1.54586e+06
1.66054e+06 1.59498e+06 1.6174e+06 1.64723e+06
1.62783e+06 1.58806e+06 1.60947e+06 1.60618e+06
1.63534e+06 1.59962e+06 1.59883e+06 1.65102e+06
1.63343e+06 1.61668e+06 1.61609e+06 1.63867e+06
1.61464e+06 1.57754e+06 1.65985e+06 1.63517e+06
1.62238e+06 1.58793e+06 1.65276e+06 1.62153e+06
1.59165e+06 1.52841e+06 1.64504e+06 1.62642e+06
1.6532e+06 1.60325e+06 1.57677e+06 1.62966e+06
1.68856e+06 1.62033e+06 1.64164e+06 1.60576e+06
1.65572e+06 1.60783e+06 1.57967e+06 1.61959e+06
1.67356e+06 1.62178e+06 1.62358e+06 1.60697e+06
1.62677e+06 1.59381e+06 1.63272e+06 1.63289e+06
1.62955e+06 1.62675e+06 1.68908e+06 1.59995e+06
1.65074e+06 1.56517e+06 1.57426e+06 1.61336e+06
1.63849e+06 1.64058e+06 1.63365e+06 1.621e+06
1.59917e+06 1.60114e+06 1.63393e+06 1.61163e+06
1.61578e+06 1.60547e+06 1.62237e+06 1.6174e+06
1.59327e+06 1.59235e+06 1.62238e+06 1.60925e+06
1.63512e+06 1.57921e+06 1.61317e+06 1.54249e+06
1.64611e+06 1.63504e+06 1.61973e+06 1.63719e+06
