33 0.29122
317051 268198
260417 316941
304414 275704
283146 295314
266879 308504
293631 283952
293045 293698
277467 299566
273940 307091
289482 294092
277467 299566
300015 278576
294551 281807
273940 307091
266879 308504
300015 278576
294551 281807
293045 293698
300015 278576
300015 278576
294551 281807
273940 307091
266879 308504
326618 277375
266817 335683
266817 335683
267863 326044
269287 314837
316141 280683
301048 282348
274397 309750
287806 295471
283321 297775
297671 286040
278401 302881
294243 293261
295167 286570
319216 278518
278401 302881
275946 308177
301048 282348
283923 295802
294901 292723
319216 278518
316141 280683
275946 308177
294901 292723
266817 335683
294901 292723
278401 302881
275946 308177
275946 308177
321208 280406
272772 315607
272772 315607
283652 299337
298880 287018
281966 305910
314064 283236
295835 287624
286533 297027
305888 285395
294664 295882
295026 293373
275253 310646
307059 284875
286308 298775
317323 283133
279697 306962
276624 308283
276624 308283
275253 310646
317842 281230
295014 294035
317842 281230
294664 295882
279864 305984
307059 284875
279864 305984
279697 306962
317323 283133
317842 281230
317842 281230
317842 281230
317323 283133
307059 284875
294664 295882
294664 295882
294664 295882
314807 283764
273268 340803
273268 340803
274128 318512
306439 286763
314526 284786
295377 296854
277080 314291
274128 318512
301852 288056
301995 287978
285674 299748
280904 310826
291359 297500
297849 290571
284905 303732
282089 305939
291359 297500
288847 299530
277881 311867
282089 305939
281488 310274
296959 291160
295526 293958
288847 299530
297849 290571
277881 311867
277080 314291
295526 293958
285597 301650
284905 303732
285597 301650
296959 291160
314526 284786
281488 310274
301852 288056
314526 284786
314526 284786
285597 301650
281488 310274
281488 310274
281488 310274
277080 314291
277080 314291
318932 285053
275391 320075
275391 320075
281726 315938
282887 307454
315710 286034
307434 287775
289023 299728
286036 301953
301048 294027
293543 298905
284176 306449
279030 317583
305248 291187
295564 296193
306939 288688
295660 294038
295248 298881
304930 292476
279921 316486
287154 301864
315710 286034
275391 320075
284176 306449
303290 293490
303290 293490
295660 294038
282887 307454
279030 317583
307434 287775
287154 301864
315710 286034
315710 286034
307434 287775
307434 287775
295660 294038
295660 294038
295660 294038
295660 294038
295660 294038
295660 294038
287154 301864
287154 301864
287154 301864
282887 307454
282887 307454
282887 307454
341833 287007
279133 318104
315153 287842
341833 287007
282611 316766
307655 293581
308550 287952
283263 307795
289887 300490
295855 296464
296259 296175
300377 294288
300377 294288
287575 302673
286947 304715
285346 307517
280220 317536
289315 302211
286947 304715
285346 307517
283263 307795
289315 302211
289315 302211
341833 287007
289315 302211
286947 304715
286947 304715
286947 304715
286947 304715
286947 304715
314984 288439
282732 337253
283359 309106
300285 297403
296111 298480
306615 294835
304308 295322
309132 289238
287907 306889
290906 303017
284687 308572
292497 300902
314984 288439
310444 288573
289395 306209
292072 300997
289395 306209
310444 288573
292072 300997
312836 288799
283508 320053
304631 295400
283973 311813
302359 298070
286389 308842
291562 303776
297551 298922
291065 306878
288683 307718
294172 302869
296713 299131
295237 301262
295237 301262
295237 301262
324916 290230
283827 321547
313066 290508
304723 298628
286447 310700
288808 310360
284964 316782
291596 305744
291853 305560
299121 299679
284832 317878
295694 302567
298681 299868
295694 302567
314415 292052
285011 323655
307385 298879
301716 300851
293805 307616
290308 319769
291033 312482
292345 312363
298772 303443
296492 304747
286608 321271
288894 320512
286017 323299
297531 304038
322218 296277
287100 323627
310583 299077
291138 316596
297435 304747
303165 303876
292372 312797
293871 307698
293849 309447
307481 300118
304432 301653
291287 314989
306634 301469
339950 296942
287291 338193
311325 301375
287640 325030
292039 317285
294573 313174
295532 308026
303461 306914
305237 302472
304749 302898
294336 315510
297451 307164
293913 316564
299872 307069
299185 307130
305141 302877
328879 301669
288354 332969
311477 301852
296500 308270
295760 319796
289394 327902
306569 302817
293980 325115
302526 307217
304960 306955
295113 322379
332458 301940
290912 334912
318549 302677
294226 328110
295417 323335
297873 310176
307113 302953
303696 307716
296599 315633
296864 315391
306698 307084
306872 304207
309914 303415
296746 324401
298069 320812
299337 312445
306789 308459
307937 305145
304867 309080
303474 310445
301495 310710
300246 311989
309027 304171
324233 303596
298414 321168
309168 304702
321375 304489
307981 309577
299897 314726
304058 310497
301516 312471
300946 313712
311125 304831
299069 327001
309354 310095
300749 317209
304323 310670
302577 313866
299709 325365
299522 325737
299204 326841
331693 305075
300407 325935
318064 305369
301116 319757
313488 310843
314397 306093
307489 311312
305054 313244
302719 315722
302623 317084
319934 308013
301755 321782
311554 311783
318243 309769
305171 317928
305921 315490
303130 321056
307571 314122
309739 313087
318597 308215
308609 313300
302883 321363
316593 311809
302240 328470
311725 312265
302302 325209
303858 321548
307012 319229
308487 315125
305313 320183
307947 315155
314033 312544
303013 330454
308529 317218
305789 322893
303220 326486
305733 325354
312569 314600
310300 316955
310879 315420
313607 312856
310457 315610
315287 312966
304390 335990
306674 327669
309077 317492
312919 315379
314500 313050
318314 314740
309558 334913
314802 316320
309677 324569
311016 317531
310052 321877
310329 317773
323741 315400
311621 320329
319494 318746
312348 318844
329502 317843
312790 322698
317694 321233
320362 319622
324687 318048
330413 318285
314423 326975
320201 321234
317897 321781
331707 319954
320689 322732
328309 321353
340996 320764
323242 336898
326346 323524
326128 330722
348917 322714
326428 328487
326523 325309
327467 325839
