219 2.51376
176976 143429 137087
170174 151870 127805
151279 118566 165819
144994 148343 172487
138940 176320 153254
131642 168533 156700
158795 132845 163823
151279 118566 165819
170174 151870 127805
138940 176320 153254
136413 152319 168420
165099 163511 133466
140721 167269 151817
146933 145025 159408
142407 155347 160691
144994 148343 172487
173690 135471 152238
172634 133745 152932
148262 138994 165494
144497 162628 154565
162879 136409 149385
150448 164296 137857
153805 142350 161362
168275 137652 139371
157320 161243 135706
176976 143429 137087
136413 152319 168420
155679 141306 153912
150714 152512 146908
133459 158203 158087
139730 153418 164538
146689 147138 148940
156707 143417 144143
145482 152323 167592
154200 143028 156430
165099 163511 133466
131642 168533 156700
144634 160499 156873
148593 159722 141326
153811 156527 140174
157970 137134 149522
155330 142449 150120
165419 150465 139452
142111 156132 162635
161881 134520 156811
141584 163256 150967
166721 154030 138663
165037 144143 142767
151504 143809 155666
155727 139661 154052
164255 135959 145614
160807 155795 137180
161441 142667 143258
146564 153414 148509
133459 158203 158087
153013 144881 142141
161749 152958 141081
165748 142595 141455
158370 158840 135850
155942 139250 155787
167803 149488 139335
151078 151635 146356
160376 157641 138311
146206 151079 163734
145439 161875 150550
159704 157875 136947
168216 157011 136453
158316 135485 158455
153013 144881 142141
149398 153411 144731
144533 162437 158029
167807 154202 136565
167178 152212 139013
171477 135872 152564
141809 155348 162984
164255 135959 145614
149398 153411 144731
171477 135872 152564
145981 151538 164191
145193 153614 155198
150448 164296 137857
159267 153629 139159
146416 157635 151371
158795 132845 163823
146376 147546 162864
145767 158383 143001
173690 135471 152238
146407 148757 155539
157320 161243 135706
149398 153411 144731
186849 140495 163359
167598 136734 180860
164230 155529 143061
162366 170532 144933
152526 161154 166841
176679 137193 166942
171153 145965 159449
159307 170362 150988
159822 162515 150860
169894 152177 145149
157278 160629 157060
166104 147192 159510
160219 148782 148722
157558 155545 155663
157435 156752 157341
169112 148686 147257
183883 149378 148191
174927 163506 143762
165466 157445 171662
159758 166167 167063
157626 160715 167409
162981 160346 157571
159836 163260 152759
180318 152191 147253
179003 150027 162171
158823 157596 170960
170962 152365 163343
169028 155582 148266
183375 150667 159886
168128 153457 158061
166067 161534 148828
173452 152239 159751
167248 161062 144113
166597 157463 166225
161209 161386 158010
182949 152211 167833
179956 157737 148389
159994 164474 154534
159656 159325 173358
158451 162122 170142
175842 155758 152060
163816 161288 165464
167542 160806 160915
178162 154448 158970
171981 153734 168097
160357 158838 172435
172169 161451 150191
170518 158309 162406
169277 157295 172740
171123 154541 161807
178754 157319 151715
170896 158652 150225
179299 158101 159868
173697 159090 150939
172875 154191 173906
160876 169599 155053
168268 163016 167690
163148 164585 157367
166259 167924 156329
171308 156703 168407
171360 161140 160383
178439 158352 153481
180982 161990 151877
173819 160547 161038
165409 165275 174600
160879 176493 155932
161823 175895 169348
174649 163297 159707
168890 171658 155803
162744 170695 162704
171370 161600 165115
164662 174259 160229
173474 167367 158147
171044 164940 160302
167079 167688 158347
167193 166169 160426
166278 166858 158467
163462 167104 160672
166921 174619 158337
178752 161854 161595
169515 167738 161057
164066 170514 169178
172773 166506 163626
165084 170236 166054
185495 162483 162839
175434 168117 164519
170836 171614 162437
172328 169129 163552
180967 171891 170776
172543 174217 167832
180289 165231 139548
167785 167706 139374
165238 174222 140521
163982 129181 172136
160174 133560 178609
134151 161700 162493
138668 161169 174285
165447 141517 157031
176876 151871 141318
169341 132700 145757
143636 142784 144456
159806 146422 144114
165238 174222 140521
141532 151580 163491
150002 139404 171260
180289 165231 139548
169341 132700 145757
175018 129742 169595
160174 133560 178609
143636 142784 144456
156197 139928 157197
152647 140850 171149
159029 136264 173816
136164 167453 162232
162291 134981 166915
159806 146422 144114
168668 139291 161173
141532 151580 163491
155848 139537 167858
159196 137025 164831
134151 161700 162493
175018 129742 169595
138668 161169 174285
136164 167453 162232
162521 138233 164027
156197 139928 157197
150002 139404 171260
163982 129181 172136
152647 140850 171149
158516 139310 169756
155848 139537 167858
176876 151871 141318
167227 134566 163668
175637 130747 167249
158516 139310 169756
167227 134566 163668
162291 134981 166915
162521 138233 164027
175637 130747 167249
168668 139291 161173
159196 137025 164831
169341 132700 145757
168257 136908 162445
175637 130747 167249
168668 139291 161173
152647 140850 171149
165447 141517 157031
169341 132700 145757
168668 139291 161173
175637 130747 167249
168257 136908 162445
165447 141517 157031
175637 130747 167249
175637 130747 167249
175637 130747 167249
175637 130747 167249
175637 130747 167249
175637 130747 167249
175637 130747 167249
175637 130747 167249
175637 130747 167249
175637 130747 167249
175637 130747 167249
169341 132700 145757
169341 132700 145757
169341 132700 145757
169341 132700 145757
169341 132700 145757
169341 132700 145757
169341 132700 145757
169341 132700 145757
169341 132700 145757
169341 132700 145757
169341 132700 145757
169341 132700 145757
168668 139291 161173
168668 139291 161173
168668 139291 161173
168257 136908 162445
152647 140850 171149
191040 145531 165207
170274 154857 157197
163676 142238 166416
158255 168981 178228
156269 161450 185755
171573 147102 161994
162532 155522 177510
158296 149030 179210
158498 162560 158391
159555 155965 159124
163299 158337 158976
185668 148177 173270
170782 156785 158397
170780 146815 176194
170564 182248 159214
161862 152129 181554
159062 160671 179542
168861 167873 160331
177788 154462 162703
183004 150112 166741
166741 158392 170218
178423 151229 162342
164144 162947 172560
160887 159441 173398
170311 163938 159578
169422 149912 180077
169753 156916 167903
161593 158841 175453
161557 163456 160546
169948 153613 167853
164649 149945 172598
186761 148237 173869
173186 160967 160589
171539 154219 183944
162962 174725 164068
161270 171116 174719
180888 153289 167415
170454 159648 172343
178327 150040 174535
182407 156394 165947
174950 154272 180773
168071 165294 161001
163134 167829 177218
166153 164618 175814
172941 157921 163453
165484 158103 179639
166251 168536 174927
167681 166653 164315
171274 154736 179190
173524 154747 176601
167662 156418 174040
173871 159217 160923
186107 151886 187956
173238 170813 161059
165488 177109 165038
163422 170360 178176
181894 156669 171704
167816 165729 175992
172442 157165 187226
173580 158266 164578
179416 160767 164047
179872 160996 163274
172806 171949 162276
170620 169942 167736
173126 167546 170433
168901 171364 170624
170688 169240 164208
179697 170246 163618
177027 158853 164741
176179 160337 164707
176099 182809 169365
174669 158315 174559
167285 177733 195642
168728 168384 178096
171223 173681 174508
167877 168391 189944
173729 158534 171808
174720 176788 170286
184280 170468 171955
179181 159262 174873
174736 161120 179603
171412 183882 177244
170185 177764 178296
174008 164238 173229
174657 163714 174694
181870 159935 176190
178194 172860 174517
176520 164762 180944
175991 165922 180630
178876 181348 174943
167444 133390 132337
164564 129674 170121
163406 173733 139248
150406 140523 185677
137940 158909 174250
163406 173733 139248
151374 166355 140491
167444 133390 132337
160622 142193 157982
140250 155075 169569
167172 144946 143504
138650 165130 166665
143536 154126 165752
162658 140056 159947
150406 140523 185677
144960 148828 173067
158817 149216 145219
146047 147485 178129
150379 143739 181296
143389 155422 160734
152640 141484 172614
165006 151013 143173
162812 139097 157884
163015 164768 140529
141974 155477 164975
158262 137068 160173
146518 162120 152888
164564 129674 170121
151218 136584 176484
157744 131491 165798
141974 155477 164975
150379 143739 181296
147645 147477 155940
148956 160130 148738
154851 152547 150751
160838 143226 157242
155664 154804 147026
140211 155970 157634
150344 145441 163357
157026 150204 145728
149385 156530 155378
147219 165378 152261
137940 158909 174250
150500 158085 154038
155888 153041 149521
139271 159401 154227
157744 131491 165798
152670 137014 163076
161746 163392 142585
147263 149426 162799
148270 163446 152693
145389 148320 163534
151506 157779 147690
151027 144392 166369
153822 147086 160075
156017 159289 144683
148939 147236 177553
161092 151540 142939
155782 140449 161794
161746 163392 142585
156467 148579 148665
151506 157779 147690
154315 135274 172954
150814 150669 154277
148949 162468 152028
155381 150377 150551
149385 156530 155378
158450 143252 151268
149233 146725 171138
154383 159534 142607
149233 146725 171138
155756 134454 176858
161105 150413 144965
153882 143304 150806
156403 150614 148911
163074 146102 150001
146518 162120 152888
146047 147485 178129
157026 150204 145728
145389 148320 163534
165006 151013 143173
155756 134454 176858
151374 166355 140491
148270 163446 152693
163074 146102 150001
152640 141484 172614
154315 135274 172954
151218 136584 176484
164564 129674 170121
176078 151358 153598
169379 147100 174650
162256 183626 156103
154369 157797 176980
148889 166859 165896
149358 170471 160909
160672 153923 157460
155395 162167 164227
156630 151241 165976
169653 147878 165193
156631 151309 160076
183485 147284 186212
181735 162534 156321
150745 171780 166155
175491 161763 157785
170585 151597 163352
158825 162815 179259
157530 166032 169528
163088 155013 168563
180124 157861 159343
163007 166988 159131
166805 157400 166381
159566 154005 171041
168979 157896 159341
158448 165139 174358
159801 164469 163394
162156 152111 169400
166838 163221 166067
159386 163149 174066
175111 154620 164227
174110 151784 164282
165304 152904 182643
165249 173134 159254
164824 179983 161199
158349 168744 176165
160306 158079 175124
167521 160014 169341
162164 174954 168588
164461 168501 162458
168864 157422 179422
169994 162201 165492
170206 168819 159691
173018 161930 168397
166080 171845 159539
173091 156327 166814
189179 158356 164289
177059 152030 167337
174447 172028 161792
167359 184078 167160
165912 158132 179469
159508 169097 177239
181631 161844 165059
173282 159983 169413
169228 175601 163844
174504 156174 166229
169108 166309 171599
170748 162831 175063
162632 171615 176050
168478 167106 171269
160586 162147 178125
171224 168846 165842
165274 175539 175634
170534 163494 175413
164574 158224 176333
169483 162347 176309
179537 154934 170099
178930 154208 173123
178518 179616 163360
165409 161526 181192
162775 171999 177207
175174 157092 166337
171730 162572 177519
168690 164683 176557
173364 176356 165560
174586 157614 176511
173550 169364 172047
169338 170736 172214
164664 176464 176983
173967 163732 170581
183017 172350 168657
178534 159471 177974
175320 181080 167147
166182 164832 183806
179377 163081 169636
177276 170566 178894
183600 164014 175667
177389 182021 173703
168091 174774 184317
183299 180795 176831
183435 168036 182797
175594 185729 184718
166005 137216 124257
159600 129792 155698
153226 167313 129433
145336 142488 166476
135324 161380 157839
144401 143407 161078
158918 133751 153643
141135 149347 157522
160289 140096 140308
149025 142621 164193
157285 137486 143652
163409 146379 134043
158848 150716 133548
166005 137216 124257
143246 159739 146766
149050 163898 136624
151359 145390 134652
149208 136369 164076
149754 166690 130318
146750 143741 150852
137139 158633 149902
140877 156694 148929
153433 153845 134104
165976 155539 131589
152969 132361 154789
152824 136192 152895
145336 142488 166476
153383 144179 142829
135324 161380 157839
158848 150716 133548
159590 132365 145227
146513 147994 156304
138976 159522 147486
137839 161958 147859
155663 143168 140758
138976 159522 147486
163409 146379 134043
146365 149851 138918
152824 136192 152895
159600 129792 155698
149050 163898 136624
146365 149851 138918
151298 138127 155627
137139 158633 149902
154992 139614 147933
151298 138127 155627
156038 136792 148058
164776 141943 139860
153433 153845 134104
140877 156694 148929
165976 155539 131589
153039 141785 146507
146513 147994 156304
156034 163389 130249
143265 155556 152089
149850 143390 143279
151359 145390 134652
137839 161958 147859
146750 143741 150852
160289 140096 140308
153226 167313 129433
154541 137554 148445
153865 141885 146166
159590 132365 145227
155663 143168 140758
143347 157975 139241
149754 166690 130318
154541 137554 148445
164776 141943 139860
156034 163389 130249
153865 141885 146166
143265 155556 152089
152969 132361 154789
154992 139614 147933
165121 142580 139239
143937 157747 143090
143937 157747 143090
143937 157747 143090
143347 157975 139241
165055 144096 133858
156038 136792 148058
149850 143390 143279
153383 144179 142829
153039 141785 146507
143246 159739 146766
165121 142580 139239
165055 144096 133858
149850 143390 143279
165121 142580 139239
165121 142580 139239
156034 163389 130249
178681 147027 148174
176527 141812 163096
173739 150237 138245
146337 173099 149626
151763 162732 153987
162235 164197 143174
151968 152188 155352
168538 142927 160002
155261 158252 146790
165237 149861 144285
158443 149065 160015
160867 154595 147736
151837 168390 152068
172077 147116 149082
162492 150778 146291
160536 170436 146555
155198 149396 151765
168484 148779 149468
177263 164114 142504
174658 149662 162578
156795 166474 169022
149289 183404 161088
154416 174718 156589
159094 157699 154093
170710 173734 144241
163467 168097 151299
165506 157606 147532
163755 153472 149341
171760 156559 146344
164621 149812 159554
171793 151787 151118
157371 151126 156415
176088 150419 150068
171365 151478 151551
179098 150661 166334
172567 176572 146307
157551 170395 159248
164042 154026 162927
165838 163048 150433
159344 160023 154140
170808 159550 148411
176032 159634 147401
158169 156994 157063
167115 154353 152168
164217 158560 150483
171684 157522 152030
174118 156971 152101
173587 154057 154643
166595 154370 154583
186143 164203 149307
171470 170613 149395
164289 154438 168443
160207 159118 163934
176937 159221 152931
163564 157446 159964
160610 164992 155949
163443 161414 156942
160687 162883 161620
173031 162584 150765
169110 160795 152629
167739 162507 154308
176125 162522 150169
167612 158987 155438
166770 163611 152736
160680 160737 163138
180318 161774 153214
174636 166877 151184
172627 157905 163920
163628 174800 156769
160859 165250 162071
163718 171492 160191
168855 162859 155447
178477 164172 153129
166938 161737 162720
166407 163776 159538
164507 165556 160694
173421 165062 154385
180102 165141 154449
175628 181164 154458
174032 162619 169493
162630 169374 167941
167567 177901 158211
173043 162683 163322
170552 168032 156295
179998 164069 158188
179347 170079 159069
174049 172188 158336
172765 173450 165789
172101 172396 168742
