16 0.137247
190239 145101 160239 153778
177378 177566 145319 171187
172161 186564 153685 155666
171682 161405 172267 137833
164071 141761 180492 167931
162321 168427 193611 147190
153150 155869 176944 176909
138930 168182 158439 165315
170009 168707 183613 144199
180458 146941 153090 159440
162321 168427 193611 147190
146710 174870 174828 159747
138930 168182 158439 165315
179748 185583 147252 156346
165791 169383 150837 160412
165817 180026 146271 168216
157513 168775 183490 138028
187248 154642 157278 153967
179317 181622 152957 151789
168570 157272 157756 144560
158686 160576 160611 172938
190239 145101 160239 153778
147673 158822 180518 158379
158298 169024 154530 141315
151120 176207 157197 161460
177359 154893 171584 142990
152738 170849 169121 152980
160730 161665 155463 163268
151742 172088 157164 154044
171524 166479 170909 142814
169681 150145 163353 155023
154938 179207 167506 153980
153508 165613 172040 166567
173081 156039 147855 173774
163713 156506 156137 149891
174756 154660 165418 150826
153760 174332 149693 157481
156582 166925 154997 165619
155124 170818 166232 148841
175853 148329 162224 162340
157097 165390 166276 164078
153910 157873 166660 162579
157651 142726 169060 157598
173686 148460 155415 161758
158819 162077 177868 155202
163395 151590 178630 156401
150923 168433 178959 159160
160010 161981 153664 174482
187248 154642 157278 153967
172692 147347 172940 153836
146710 174870 174828 159747
163210 164310 167117 152312
154724 165931 174077 152296
173298 159666 154869 147861
167382 163891 152780 159259
166290 166443 145562 164453
176206 144402 159277 159236
166815 167799 154327 148949
172255 172573 149197 158795
177801 154337 160286 157084
147730 159693 177279 168131
164071 141761 180492 167931
161905 153501 156773 165313
164756 163830 167181 149240
157661 161294 170222 155967
156951 162772 178938 151648
174756 154660 165418 150826
148766 167846 166997 161952
164441 168154 146769 172974
167279 153843 148718 162087
158298 169024 154530 141315
158072 163197 160491 164961
169044 151346 169902 147358
170850 156621 169818 147315
173993 154148 158984 157317
179317 181622 152957 151789
169681 150145 163353 155023
167976 155944 162963 152263
176596 153855 146053 157209
160010 161981 153664 174482
147673 158822 180518 158379
162518 161405 170146 149358
151462 168096 162177 159349
172161 186564 153685 155666
158185 150646 166748 168051
156069 163086 169378 148549
151138 174333 172708 160196
161848 162025 157894 159254
169010 147167 168681 160063
156069 163086 169378 148549
172255 172573 149197 158795
169027 143691 162864 165488
160153 162335 159234 159774
161905 153501 156773 165313
160050 157048 178583 156763
169027 143691 162864 165488
148766 167846 166997 161952
169010 147167 168681 160063
190239 145101 160239 153778
150923 168433 178959 159160
154281 156903 172098 157340
157513 168775 183490 138028
154281 156903 172098 157340
160050 157048 178583 156763
160153 162335 159234 159774
172161 186564 153685 155666
151462 168096 162177 159349
160010 161981 153664 174482
185753 167157 166375 147478
183840 146081 164532 164436
169656 180618 177419 141450
164494 163207 159837 173376
163200 163075 180266 164917
161622 181095 164919 163123
158229 175858 149997 165865
155758 178364 168637 168695
177034 151424 172360 154892
179904 148139 161735 160487
180451 168240 160670 153701
172396 165952 163849 150260
161144 170241 167323 172565
158770 173430 168263 156960
174162 160400 154414 168468
174405 154388 168977 159859
170864 155742 165779 157162
174468 176383 157423 155324
169166 163379 157719 158328
167055 174832 162975 155307
162401 165142 171737 167152
184228 165791 155247 166346
169997 158400 166391 170133
183840 146081 164532 164436
167159 177907 150390 163597
164255 158403 164722 158972
170761 165949 153434 166831
167629 163205 164109 171343
168063 165047 152030 170354
164321 167359 165367 155822
168063 165047 152030 170354
188157 172226 159109 172890
183850 157426 170402 164001
170623 167429 166168 157813
169512 161510 182465 162087
168891 177670 155253 181058
168563 182234 155159 170366
167136 187600 174384 160309
163904 174767 171431 160437
166622 172636 169527 173584
178544 172374 162905 161338
164021 173729 181357 166035
169223 181872 166776 167679
172901 170616 159487 173284
170614 175859 176983 160087
174409 163657 166509 159183
176327 165754 171317 158851
168111 175060 169326 172148
177668 168175 165599 166667
168763 172159 172323 163663
177349 173521 162220 169839
165519 166489 175229 163784
170724 166582 161886 173411
170019 167272 165485 173365
191394 171347 160591 173338
181492 164446 167612 169971
175172 176475 174646 159026
172519 169207 166008 176024
169750 174918 177012 174758
167578 179874 171917 170679
172230 174033 175724 169598
175147 165623 169836 162516
184076 165470 168106 162110
175719 167683 172462 161211
170710 170335 173378 171101
172690 167829 168654 160032
167683 177426 173441 162328
175351 174929 186001 162212
174537 168456 182642 165935
173887 169087 168848 164419
173151 173853 178168 177041
180936 173255 170416 165581
184137 165226 146961 153609
173198 153348 151798 181894
172115 140784 163444 164500
171446 162980 178026 138649
165371 168600 144511 150687
157348 160167 184431 154442
156260 178364 158240 152120
146035 176616 181294 167023
159049 163406 175239 145076
155464 165195 171317 146129
146652 165383 158661 141347
172271 145716 174814 150958
178090 162682 146931 167797
148843 162008 179366 163654
149889 163156 161166 168886
150983 170654 154679 162856
160486 147838 161544 162097
165500 168085 168343 140507
171366 160715 152604 175968
173198 153348 151798 181894
156334 173958 157666 152700
180930 155645 154739 156536
173217 167125 150345 172022
181502 155688 166444 149897
167339 151137 156823 174062
175430 160946 177162 140685
154524 159737 181973 159058
177122 158580 156269 154444
162177 154984 159640 165378
154578 157813 159517 154861
161533 152642 161776 158374
163552 160176 158075 157012
163419 152287 153362 162165
154400 172633 164189 141058
167339 151137 156823 174062
168322 141741 165893 172835
174142 143639 167887 154123
156101 146645 162893 154649
169688 162014 151155 155645
152393 163985 154723 161872
165371 168600 144511 150687
155230 166296 154375 159853
183158 159304 157122 148396
150137 163507 164933 160872
161884 161909 152151 147296
158448 143913 169859 166775
168322 141741 165893 172835
158448 143913 169859 166775
171446 162980 178026 138649
173913 155845 150193 161309
165248 176149 149768 163473
183158 159304 157122 148396
160849 177212 150208 167108
154400 172633 164189 141058
170869 168237 148442 163535
165248 176149 149768 163473
157354 152520 162749 151142
152507 161800 154242 165286
173066 162706 150883 160337
184137 165226 146961 153609
167405 155415 153064 172749
175497 177901 145525 150031
157928 163524 152468 152624
175497 177901 145525 150031
170933 153950 159636 155472
157348 160167 184431 154442
174142 143639 167887 154123
176455 166550 148745 162814
171366 160715 152604 175968
176455 166550 148745 162814
146035 176616 181294 167023
173637 162983 150135 172481
169458 154488 159594 161917
156266 161622 156961 161133
152507 161800 154242 165286
169458 154488 159594 161917
158448 143913 169859 166775
170869 168237 148442 163535
157348 160167 184431 154442
171446 162980 178026 138649
187980 165032 148461 173237
187980 165032 148461 173237
164915 153382 169298 160772
159871 182518 161779 142530
159871 182518 161779 142530
155412 167019 179822 151265
147132 166255 176456 172225
184145 163962 158077 165411
171205 182514 153134 170897
149961 171852 177140 150923
174592 158296 161492 168123
175363 174177 157575 156600
172408 156009 167309 152055
173455 175460 155402 162048
173509 165778 171942 150233
168152 170932 154679 166283
159873 179886 163786 149889
178744 160191 164319 161739
159768 169379 169083 147983
161068 177845 163000 161441
176470 170004 155965 157396
152818 165846 160419 169897
155412 167019 179822 151265
172000 154398 166729 160339
160258 164432 167867 153817
167928 161283 157101 167744
178438 168167 158889 160810
164092 167629 169886 143571
166876 168840 169696 147004
152018 175755 165931 150079
158347 153600 171116 152532
167193 171636 165472 154372
160937 178978 161665 145677
169651 170499 165226 146080
164322 162522 166437 161251
158504 159588 163015 161822
167569 169669 160698 159072
151602 168466 163580 158642
163046 178888 159997 146460
171678 161538 164811 161164
175545 160565 164673 154072
148151 169633 164543 157458
158347 153600 171116 152532
167123 178197 165122 156800
163046 178888 159997 146460
151100 165987 166960 153853
154033 165503 163447 160476
164092 167629 169886 143571
154033 165503 163447 160476
148151 169633 164543 157458
159871 182518 161779 142530
182771 159588 171064 155336
180346 186541 158534 178615
165968 175593 177786 146219
163873 156056 174625 164429
162779 162230 172848 178838
150477 172638 178855 166930
157673 169245 165699 178036
178510 156635 168706 171312
162861 178553 167968 162014
178758 169024 175935 149513
151254 168055 169108 155964
177088 161708 164051 167803
170942 172751 161775 159922
171526 168191 171231 153077
173777 163731 170128 170908
174304 171355 165277 159267
166517 175186 167326 156619
162940 165445 163400 165578
160217 169163 166027 165280
179534 175403 161100 165880
174587 164199 169426 161430
167826 164847 178380 154755
165789 162211 174605 162412
158709 169218 164413 163252
167550 163122 167603 171074
166870 164916 178377 161567
167764 165134 167905 165962
180842 171056 169109 156706
175429 167678 163912 165773
170355 161798 180270 176862
167718 176790 179358 149165
160156 183596 167922 174316
157945 180506 170953 168287
166846 165742 176011 169208
178701 161888 174486 172783
179455 174067 166398 164187
162809 171132 167755 171424
171374 168120 172488 166909
172891 176572 171501 163076
167523 170450 177468 165810
172356 174115 163966 172370
164125 175348 167621 167177
169364 170261 171005 163708
168291 175009 169027 166819
174527 176221 166971 167029
172974 175275 167337 163415
169083 176157 185434 168496
167733 176537 168722 172573
179925 177541 176931 179289
185528 150018 153543 170599
171145 171335 141059 152530
167104 145238 165679 164705
165322 189583 158309 147418
162897 166417 171351 140558
162355 152910 174022 174746
160064 148943 187003 161364
137499 168354 166015 173492
147170 175962 170628 162637
137499 168354 166015 173492
151570 166339 179696 156739
178543 166213 168980 144942
180158 174012 149712 143490
162248 149062 186094 162435
173728 159467 159837 146932
150612 162975 175685 169462
148233 183095 178016 157222
170181 163174 141822 165552
154502 168224 161220 168046
183698 170989 162655 142785
165625 156234 178265 153457
157950 170020 163373 149921
163703 147135 177753 163040
155739 186229 152195 158298
166393 176193 158396 150696
179423 169161 155219 146372
166426 153538 166906 152030
165354 151687 149767 161720
159097 150085 174416 157111
171677 157418 149055 170446
153140 162119 157456 171718
160660 178618 153065 148669
149064 167107 165763 161030
171493 164922 174283 141705
151501 172382 154841 151049
185528 150018 153543 170599
155739 186229 152195 158298
165322 189583 158309 147418
159767 158691 167818 154342
164425 161511 153647 166213
172168 157686 151197 159733
158752 154596 164949 169458
156570 167532 156974 155402
178807 163975 144902 156847
162664 156691 169745 142605
154323 165988 164647 152989
164600 161343 150427 156526
168651 146352 163227 164153
169732 157041 154535 157891
167305 159035 148014 158826
168737 154920 159159 152895
160300 158284 156339 171362
156441 165150 146692 158042
164099 172284 168341 146647
168223 146822 159717 165921
150905 168664 155528 165313
183698 170989 162655 142785
163731 148287 157512 160122
157026 160879 172282 145682
172571 156487 154628 147433
160464 166944 163875 152168
161469 157006 163072 162681
151486 182286 165774 154442
165969 154220 160705 148933
162580 155276 161668 163304
168668 174186 147885 157192
154820 164168 164648 150466
164183 159556 166323 148954
155297 167989 160047 158096
170312 176000 146379 164819
162897 166417 171351 140558
162248 149062 186094 162435
148516 165084 170759 159179
158052 159170 161744 159008
157188 181362 152025 155921
157188 181362 152025 155921
171434 175293 152185 148202
157026 160879 172282 145682
171145 171335 141059 152530
159785 163875 153786 164876
163102 179883 160815 148037
163102 179883 160815 148037
157335 162539 155499 156622
163207 158326 158281 166033
156757 158078 165127 172853
170734 152134 166783 147133
160660 178618 153065 148669
178807 163975 144902 156847
156757 158078 165127 172853
152901 159881 164704 148240
167104 145238 165679 164705
152901 159881 164704 148240
155762 157816 165628 154618
159824 160612 157419 163617
163731 148287 157512 160122
159824 160612 157419 163617
170734 152134 166783 147133
155762 157816 165628 154618
137499 168354 166015 173492
167104 145238 165679 164705
160660 178618 153065 148669
178807 163975 144902 156847
162248 149062 186094 162435
189158 167292 161435 157034
177784 171895 150241 164379
175316 176711 183016 151586
173498 153185 163903 179098
164038 177434 177682 147331
163286 163721 172178 180206
152749 183731 174708 158709
161350 177441 170335 170203
172688 153343 179587 170834
167120 155815 153263 163136
182222 153930 172543 163698
169815 158714 175955 156188
155855 165674 179366 161931
172828 183571 162743 158542
181449 161075 163681 156443
165477 175154 161452 161294
161436 167875 164602 154011
174680 176896 157457 160689
173109 171595 170037 153097
165980 156494 158197 167281
161359 166135 160951 164435
170794 159050 174540 158276
154795 167136 170989 157064
177719 154311 169512 154365
167106 154651 165119 160068
177392 154556 166764 157961
163333 162348 164898 167001
164821 161973 158380 162658
164903 161640 167061 162079
170443 156333 158049 161898
170563 162254 158165 159202
182456 172516 174157 157895
176790 164176 154260 165525
176608 158274 176315 162781
169350 166876 178267 181750
169290 163862 187005 171959
168205 178178 167448 156056
164732 173224 167685 155951
159582 174558 173568 161496
171645 168332 181826 158744
179655 162467 161116 168089
171282 165874 156018 176651
170618 177051 166956 174886
174897 159020 161571 163233
165508 163926 179213 169783
171464 166340 165386 159427
169576 171432 173247 164557
166803 171663 172350 163025
173338 162231 169679 170934
173757 161134 172999 161541
174644 161435 170406 167277
173110 164321 174555 162772
173747 164743 155118 164436
169277 172302 173461 160429
171406 172490 170742 161167
185570 172246 179014 160896
183479 164588 169231 172099
174349 170601 157825 165781
171287 175910 184781 156862
170879 193661 167886 164282
166414 174852 174629 160734
172392 179485 167819 157019
174829 166062 172761 168001
177473 164612 166830 165730
171768 169355 170305 170798
173381 175706 165477 161709
170755 172887 176054 167045
174046 165529 176076 162788
173179 174043 175701 163406
195318 177471 166178 184098
183189 182473 159511 166583
179215 166694 172864 168525
168954 181783 179376 167103
175096 179564 177866 176843
173218 179972 168957 172023
181635 179498 165344 166961
181271 169220 173963 178907
180615 162943 142655 164217
180615 162943 142655 164217
164634 160471 187551 135848
163057 141802 164354 164927
161746 157504 143424 182644
160278 175790 181247 127320
155636 183039 151927 173711
135845 166904 178184 163908
135845 166904 178184 163908
156433 168763 178282 132717
144886 171294 172729 159632
168854 149097 147533 148995
170611 147828 169306 143086
166292 176293 146968 150479
161746 157504 143424 182644
169789 153075 174965 144992
152483 145025 158682 152891
154577 165491 156584 158087
164634 160471 187551 135848
170137 158829 183319 130062
147329 170892 175237 158731
147056 168184 162654 170404
144886 171294 172729 159632
173260 161430 161542 148010
154414 146675 153545 160983
164026 155946 151129 150393
176874 173022 164320 145247
165323 157537 174135 137574
153345 156618 164860 141422
149444 163574 162867 166391
150742 153510 162977 172118
149721 155336 160598 157019
171107 161698 159918 146581
148363 173124 165233 165838
163764 159976 162284 152122
170137 158829 183319 130062
160123 164890 148951 147947
167013 158821 167796 137920
149004 157953 168247 148607
178719 157655 162888 148734
177189 162189 158737 145923
158063 163401 164443 151066
160667 158998 153533 156532
160590 163938 155023 154351
157705 146680 145043 157119
157705 146680 145043 157119
150742 153510 162977 172118
150318 167119 152409 164514
163057 141802 164354 164927
162729 167072 152446 145469
160123 164890 148951 147947
159340 172094 161129 152299
170669 144137 165443 152769
170669 144137 165443 152769
147056 168184 162654 170404
160590 163938 155023 154351
165841 148595 166659 150771
159340 172094 161129 152299
173171 146620 167047 152747
153345 156618 164860 141422
173171 146620 167047 152747
167777 156412 166960 148123
153170 175996 160860 152763
171107 161698 159918 146581
165841 148595 166659 150771
160667 158998 153533 156532
148363 173124 165233 165838
166292 176293 146968 150479
167013 158821 167796 137920
167777 156412 166960 148123
160590 163938 155023 154351
177189 162189 158737 145923
161746 157504 143424 182644
147329 170892 175237 158731
173171 146620 167047 152747
163057 141802 164354 164927
147329 170892 175237 158731
167013 158821 167796 137920
176874 173022 164320 145247
177189 162189 158737 145923
135845 166904 178184 163908
187603 162673 156543 149410
179006 150903 152826 154221
171318 167996 164863 148683
155755 169121 173212 175509
155681 154789 179403 155613
155122 186027 175682 154326
153026 155948 173287 156192
158181 178189 163627 156081
183334 151462 172237 150350
161736 174673 162427 157491
166052 160920 156946 171284
178061 158904 159864 153003
182691 157808 161743 154021
163624 155573 174870 164400
168894 165141 166050 160757
165808 159903 168891 155747
172527 153923 167194 150010
167894 171859 157871 159957
159778 161753 170262 163969
161711 152613 159511 166051
169702 157061 160655 164527
157699 155727 170344 169410
173367 165308 162785 153617
174438 153304 172455 159721
154569 172848 160060 163604
170174 156716 171058 156750
171766 169332 153198 163604
157165 163256 158206 166327
166486 161048 177443 154996
159253 170255 162565 156519
187603 162673 156543 149410
172113 163109 153760 155161
166615 160935 178235 155059
173964 163098 153689 169614
157165 163256 158206 166327
187603 162673 156543 149410
155859 165287 157524 161217
171518 158633 159078 155269
175536 159705 159285 149316
175536 159705 159285 149316
173804 156229 172517 149295
187603 162673 156543 149410
155859 165287 157524 161217
155859 165287 157524 161217
173804 156229 172517 149295
173804 156229 172517 149295
175536 159705 159285 149316
193517 154818 168338 173376
173743 167849 158336 173326
173072 155392 177570 150365
171930 154103 168648 169790
171355 167573 177622 157023
166078 161336 173694 177553
159259 184626 159445 170281
158650 168175 169620 162561
183073 159840 170564 159813
159673 164493 166554 166977
170841 181153 171189 161358
170933 165150 173541 162915
171587 155878 171274 173954
173997 160652 162889 171330
171531 164227 163161 156757
173791 171695 166646 153598
165030 166774 176139 159515
173326 175358 158682 168768
168074 157487 176699 160806
160832 169301 159876 162683
165710 157956 175003 158234
175208 164587 159933 155577
180212 159868 167050 151603
177356 167072 159106 158767
173089 176902 163043 160374
180226 168449 167033 154755
176226 176686 170913 150838
174965 160044 166985 157144
187503 158727 175738 163676
185692 160499 174579 156052
173821 156223 172027 176612
172056 183492 166415 165022
171409 165953 171629 176935
169834 158964 180963 160208
169408 178456 160603 168214
159400 179537 174877 165968
164791 168455 174863 170155
168137 172183 163583 171565
178906 161757 174543 161131
181742 174070 163797 164279
171614 176418 178134 158683
171600 171018 172555 159769
178292 175713 166044 160738
175548 173611 169139 157711
175056 172929 176150 157042
172366 174444 168185 168180
176205 174487 166121 168381
170122 172022 168546 165032
182056 174305 165615 167766
181528 166482 184264 170758
170560 168813 181227 168223
188438 175431 168912 172439
