0 0.110772
800655 758417
766222 786442
800493 781875
785573 785562
795539 782668
843567 764972
770327 843641
771461 801753
803560 765747
778776 795925
793359 795043
802322 773542
798414 782756
796481 787754
808985 770112
776887 822889
797158 790019
787929 799600
784696 801654
802994 784662
804436 772519
783382 818079
784364 816209
802197 789893
807604 771919
808766 772063
779952 853884
786614 808416
792813 800546
805447 781884
788030 807364
797729 791701
807426 776985
802884 790147
802709 790532
795631 800316
797178 797893
835288 773881
787131 818603
794045 801559
797974 799423
807623 778861
805037 790161
819895 778085
825006 774342
806519 786745
823802 777722
834960 775713
789681 821271
791137 818865
796742 803028
829910 776616
815441 779275
803521 799604
810458 782678
805928 794528
809731 790698
812422 780657
798362 799856
806329 790846
834753 776451
797728 801901
809669 790739
836027 778328
792849 822964
808600 796683
826466 781618
811644 784069
792926 819419
797349 810744
815613 783500
831217 779298
807396 800400
801881 801228
799665 802436
798610 806393
798162 808141
813948 783925
837847 781183
794140 825855
798092 812712
827056 784066
815111 784558
823240 784392
804708 803573
808662 797703
813600 789199
798799 806646
801567 806207
813406 793171
811921 794816
809585 797219
803258 804346
811992 794367
804038 804136
809581 797448
861857 781973
797790 826860
837352 786177
816494 786354
798801 813525
813778 793627
799411 806926
809653 802464
811699 797243
804841 804885
804501 804968
812494 797046
835850 786445
798867 830242
800521 807562
818377 786960
812078 802774
813747 798796
805851 805610
817109 793263
810149 804937
817862 788402
814161 794893
806728 805290
815688 794848
847253 786860
800618 812120
829350 787559
817933 789116
814510 797077
812487 803332
810187 805718
817755 795373
804425 808744
824069 788884
811836 805366
816595 795666
802546 810039
826131 788293
804017 809558
825455 788691
802838 809997
840867 787561
800629 822832
811248 807965
803076 812827
820789 792077
814585 798344
831329 789940
805237 809290
818659 794681
833831 787570
817071 797620
833266 789396
840810 787939
801354 843762
803285 819781
833669 791445
816704 802351
819257 798598
837829 788173
804931 815220
814873 807439
807274 812246
822337 793445
827550 793070
809483 809545
829108 792387
812203 808900
822283 796455
840816 788224
803527 824956
830606 793410
805741 816441
838843 788836
820910 798681
822341 794343
817147 804224
809932 811726
811700 810709
816221 808414
814973 809345
843438 788545
803622 840757
819929 807667
803672 825190
832533 793979
821917 799290
839652 790930
824085 794626
814732 811152
836522 793413
807980 822958
810397 817364
807183 824290
813037 816567
813275 813601
823182 796840
813405 811589
811164 817355
823365 795753
841626 793082
808234 841388
808269 826301
836030 794202
826424 794685
823499 797248
821998 807458
813222 818048
810796 821671
814839 813446
838475 793705
817558 811183
820189 809729
810956 820369
824942 796294
815079 811511
820841 807910
844080 793516
808291 843934
828188 794738
838778 794601
814356 819038
808709 830840
811857 825650
808511 843533
825495 798916
816569 813747
810042 828963
821085 810366
842834 794323
818087 811707
822002 808260
823586 806487
823805 803584
825034 801192
817956 813562
824377 802259
845815 794805
810153 829996
816332 824399
817212 813930
835378 795905
823882 806485
825171 801685
828319 797112
815100 826638
812106 829347
826566 799434
821845 810759
833132 796702
818896 812989
820992 811907
834425 796662
821235 811459
862482 795359
810221 830341
816504 826786
838655 797026
853425 797011
817573 816121
829646 797958
822197 811348
824660 807385
819861 815704
859407 795579
826738 801509
825271 805059
825527 802667
875094 796703
811070 842040
849641 797264
814241 830932
813661 840812
817589 825276
843454 798422
820188 816452
833798 799150
828790 801666
825773 811234
822285 812746
826206 806123
817695 821136
817722 818913
831957 799595
846324 798153
827699 805110
822736 811440
826885 805212
845238 798727
814182 841195
818102 820582
831865 803246
827075 807418
816662 833640
838478 800441
820793 819422
814826 839588
822607 816123
834486 801001
826462 811704
816201 833669
837088 800666
823806 813734
824192 812471
848447 800176
815569 853761
818243 839798
836546 801196
818244 821167
832694 805147
822731 819701
829145 808028
828556 812644
818439 820998
825114 816882
826588 814676
829031 809022
825857 816206
852094 801718
818439 828718
834176 806937
840180 803201
823891 823605
847108 801896
820843 825099
825346 818966
831823 808092
840304 801999
829575 816508
831503 812306
830025 812653
827588 817360
826449 818040
853994 802169
818503 859639
819069 848890
826215 821087
843884 806206
821119 838272
821981 830393
834033 808098
847186 802614
828622 819978
821538 832407
844515 803966
830711 817625
832925 810173
831476 812783
831254 815524
833746 808171
866192 806102
823575 832941
843902 806381
826261 822230
837201 811941
832744 818187
833059 812319
830064 820692
846447 810074
826619 841490
834806 812990
828958 822365
826804 833529
827253 828428
828252 823194
847521 811897
827142 840702
838404 813974
829513 824765
836330 818775
833347 822754
832357 824160
829616 824267
856870 813367
829865 825223
836428 819354
833824 824862
846760 814072
838508 816585
844285 816538
848884 814794
830033 828392
839141 817579
836675 819551
832848 825376
832248 827012
844761 818169
830074 842687
837109 823652
840336 819123
834011 826964
830163 834320
832481 828380
830898 831253
830362 832668
851302 819972
832815 829498
842213 820251
840342 824809
834600 827513
839673 826395
849274 821138
836454 846265
845303 821311
840992 824939
838468 835121
836840 837518
839785 827976
840328 827822
848603 822310
836946 841016
840499 831166
846350 827437
841696 830539
846363 824626
858668 824873
840328 847885
842835 838385
850564 828403
850780 827127
860190 827057
843674 851328
855171 831960
843877 839433
865504 829059
853417 841118
855065 844053
838335 762704
760663 804779
812646 764627
776673 795905
792566 785528
803170 774305
778380 789652
797102 776849
834398 765460
777361 835602
782822 797796
782660 814807
797885 786735
817184 767422
809118 775875
826526 765715
801656 781948
808478 780226
832309 773300
782839 798676
798379 793461
819979 778256
827009 773754
799661 787750
810496 783944
810513 779943
806487 787627
814182 779183
798548 791732
809534 786250
830835 775428
783940 802979
792876 802500
800489 791450
818995 779576
809150 789942
829729 776217
810740 783385
811353 781489
801331 790468
834828 775962
784156 808389
785399 804120
801210 797373
828851 781602
811064 788731
811137 784033
807808 793630
821580 782680
816719 782940
805647 796555
806617 795001
842130 782417
785977 824976
787912 812531
835993 784871
788150 805474
815783 784959
802316 805025
806666 799360
803692 803588
809550 796938
814516 785337
811814 793007
813439 789596
810918 794241
839878 783858
813299 790214
840644 783497
826462 784963
789118 808613
792921 805861
804570 805460
812459 795703
821738 786540
813356 791868
811689 800554
818364 791553
807229 802461
791532 808241
821472 789900
809927 800722
806539 803864
819995 790174
830989 785121
790606 820433
807232 803350
790725 812145
813613 792201
824296 787008
799698 807069
793969 808503
810299 800746
821670 791928
821869 789862
813611 798007
798373 807922
813497 798802
850707 785724
792003 814545
826940 787161
824844 791855
810175 806643
804149 808826
796208 809449
816073 793507
812804 800751
814885 796951
825381 787924
810481 802354
796930 809026
815390 795105
811931 802216
815070 795786
830238 787176
794054 819329
808567 809323
799845 810316
795987 814579
810446 808563
826159 793839
797864 810869
820048 794292
827286 787230
810606 802447
815834 795976
795708 819304
815220 798197
814611 801190
818942 794988
826714 791346
813088 802406
826541 791476
811108 802443
831915 787770
795153 851397
795643 827350
821135 795661
804920 810510
797666 820965
827382 790759
810519 809666
799216 811813
798172 812810
827544 788416
815079 801592
816836 796051
811414 804461
816034 796739
813918 803706
812312 804111
844750 788779
796699 830986
797666 822569
811516 804599
827641 794924
818393 796610
833111 788964
798714 813699
811032 812196
816489 799255
807670 812360
829704 791138
801029 812606
832805 790394
817057 798394
799494 812890
837430 789506
799077 820222
821328 796781
809315 812909
816831 803218
799709 813667
827987 795303
830220 791328
812011 807207
834770 791223
799423 818676
812902 806000
812586 806764
831800 791460
799204 839125
825027 799260
800425 820179
817554 803330
812941 808489
809417 813741
806220 813765
829181 796553
815685 806871
828899 797435
803721 815761
802241 817438
817128 805092
800901 819599
802865 816134
845453 793214
799801 848933
829260 798042
801941 830969
817630 803363
838191 795433
802026 821695
838403 794231
816126 807752
812175 814248
807293 814499
814427 809028
803714 820219
805290 816561
814252 812406
806968 814934
813309 813140
803827 817827
804040 816849
850529 795326
804263 834416
839684 796516
804864 820816
817881 804136
829365 800610
824684 803644
834866 798741
811437 815313
807516 816226
815131 809086
814698 811026
805541 820360
850724 795358
805032 825709
808807 817266
816026 811238
805125 821628
842879 798157
829690 803260
825247 805042
835825 799798
817986 808887
840867 799046
820899 807674
833413 800931
830419 801127
823558 806183
822195 806757
839192 800316
806444 825871
828792 806795
834550 801416
808599 822205
819391 810163
813666 817490
823960 808289
811368 819143
816125 813033
821164 808442
816932 812993
813290 818545
843127 800499
807611 839905
808779 833005
809483 824157
816976 815475
819443 810286
823402 808624
829834 807911
837020 802688
812260 819501
813734 818276
840945 802332
834872 806402
833132 807866
834266 807222
854079 801283
810563 846520
838881 804100
810862 824545
826635 808633
834374 807902
814451 821009
834973 807205
823892 810115
820706 810848
812430 823928
817493 820202
818125 818740
820354 814067
818271 815664
819525 814934
856751 801433
811205 835552
841002 806399
815263 822831
812329 829984
821458 812731
813093 825441
835376 808837
819054 818377
819121 817904
825008 810820
831903 808890
827854 810300
828956 808986
842205 806460
811697 852727
813062 839923
840097 809054
830537 809235
829279 811794
822054 813917
816597 823708
819708 820083
813323 831962
814578 826382
813894 828593
821372 818162
821533 816436
858025 806713
814597 848648
844178 807582
814878 827710
833666 809929
827068 814639
823998 817488
821037 821617
820136 824674
817300 827286
821812 819575
818191 825064
832092 813016
832695 810831
830153 813238
828857 814424
823439 818353
851464 808925
815256 828215
827314 815278
822185 820976
834237 809940
817299 827740
834001 810850
825019 819003
855147 809093
817892 848069
842785 810326
817925 834190
823099 822751
830600 818919
834206 813003
819314 828640
835799 811427
826702 820209
818091 829282
827176 819679
856982 811979
818849 832637
840688 812505
826253 822831
819777 828967
831948 820142
834313 814542
826846 820643
835884 812755
819597 830759
846247 812780
819063 834639
835917 817456
841400 814621
826119 830039
821579 833518
826981 826832
831873 820697
827555 822248
845083 812827
830188 821338
828578 822178
864156 813886
822378 850250
824613 839304
851870 814664
841899 814737
828751 834242
830926 824260
835409 820727
828969 828949
829189 827458
839974 818767
839433 820141
839606 819001
844924 815471
822408 853659
836109 822022
831304 824852
829090 836865
825161 848388
828978 842288
826213 845828
863472 816496
831773 825484
855360 817874
846001 819677
838366 822477
843941 822073
868623 819043
833330 833905
834797 826387
864079 821723
843813 825110
844413 823154
851442 822085
855302 821951
866865 822541
834277 843479
835180 826785
856919 823715
835923 828133
865540 828300
839370 828890
849404 829851
842887 836678
858589 830160
847951 837674
850645 842822
848043 852600
849297 850036
