851 105.388
3.24048e+06 3.22225e+06 3.2149e+06
3.24731e+06 3.29657e+06 3.25811e+06
3.33888e+06 3.20536e+06 3.29099e+06
3.27918e+06 3.18467e+06 3.22631e+06
3.18281e+06 3.23293e+06 3.24815e+06
3.19615e+06 3.26106e+06 3.24892e+06
3.20702e+06 3.21217e+06 3.30421e+06
3.32442e+06 3.24371e+06 3.25274e+06
3.22585e+06 3.3146e+06 3.21586e+06
3.25903e+06 3.23095e+06 3.22822e+06
3.26098e+06 3.27518e+06 3.21031e+06
3.27448e+06 3.26509e+06 3.20852e+06
3.21814e+06 3.23294e+06 3.20219e+06
3.26072e+06 3.18827e+06 3.17154e+06
3.30454e+06 3.25224e+06 3.26172e+06
3.23856e+06 3.26243e+06 3.30829e+06
3.28834e+06 3.2134e+06 3.20765e+06
3.30366e+06 3.27338e+06 3.20263e+06
3.25898e+06 3.27014e+06 3.2356e+06
3.21493e+06 3.2418e+06 3.26164e+06
3.28748e+06 3.24236e+06 3.19179e+06
3.22437e+06 3.27699e+06 3.24258e+06
3.20973e+06 3.21758e+06 3.22936e+06
3.21654e+06 3.26517e+06 3.25182e+06
3.20345e+06 3.24736e+06 3.2086e+06
3.23683e+06 3.22061e+06 3.17239e+06
3.21406e+06 3.24784e+06 3.26063e+06
3.22526e+06 3.20767e+06 3.22448e+06
3.2514e+06 3.23133e+06 3.22295e+06
3.25674e+06 3.20819e+06 3.24162e+06
3.26034e+06 3.25813e+06 3.33757e+06
3.27177e+06 3.26496e+06 3.17836e+06
3.19969e+06 3.24811e+06 3.1974e+06
3.23682e+06 3.2334e+06 3.22078e+06
3.22592e+06 3.21773e+06 3.19105e+06
3.24369e+06 3.27224e+06 3.16045e+06
3.24763e+06 3.25868e+06 3.2075e+06
3.23256e+06 3.27062e+06 3.19761e+06
3.26511e+06 3.29172e+06 3.1896e+06
3.24462e+06 3.25602e+06 3.25926e+06
3.24299e+06 3.16622e+06 3.21217e+06
3.26914e+06 3.27443e+06 3.2252e+06
3.23031e+06 3.18131e+06 3.21165e+06
3.27641e+06 3.17778e+06 3.22462e+06
3.23267e+06 3.23868e+06 3.23973e+06
3.18375e+06 3.17356e+06 3.2596e+06
3.24456e+06 3.23486e+06 3.21078e+06
3.19302e+06 3.20508e+06 3.24758e+06
3.23583e+06 3.23501e+06 3.30921e+06
3.27154e+06 3.23934e+06 3.228e+06
3.27596e+06 3.25512e+06 3.2209e+06
3.22028e+06 3.23667e+06 3.25725e+06
3.29754e+06 3.17672e+06 3.25921e+06
3.20471e+06 3.25725e+06 3.24411e+06
3.26154e+06 3.26351e+06 3.19787e+06
3.2716e+06 3.23706e+06 3.26313e+06
3.2777e+06 3.18654e+06 3.23914e+06
3.24922e+06 3.20858e+06 3.19614e+06
3.2413e+06 3.13365e+06 3.16624e+06
3.26197e+06 3.26727e+06 3.21481e+06
3.25041e+06 3.25717e+06 3.21891e+06
3.29503e+06 3.257e+06 3.19388e+06
3.24375e+06 3.17386e+06 3.19509e+06
3.26372e+06 3.23397e+06 3.20196e+06
3.24342e+06 3.19288e+06 3.20259e+06
3.2493e+06 3.21218e+06 3.24684e+06
3.20982e+06 3.22079e+06 3.23481e+06
3.26682e+06 3.323e+06 3.25562e+06
3.25488e+06 3.24633e+06 3.28294e+06
3.22215e+06 3.21895e+06 3.2506e+06
3.25966e+06 3.23966e+06 3.23645e+06
3.26761e+06 3.19332e+06 3.2047e+06
3.22821e+06 3.169e+06 3.26862e+06
3.24433e+06 3.24947e+06 3.21738e+06
3.30385e+06 3.26034e+06 3.25215e+06
3.19323e+06 3.21797e+06 3.20675e+06
3.20481e+06 3.227e+06 3.20709e+06
3.20046e+06 3.29221e+06 3.2197e+06
3.23318e+06 3.25832e+06 3.2218e+06
3.20072e+06 3.25928e+06 3.17814e+06
3.24377e+06 3.22582e+06 3.19843e+06
3.30993e+06 3.2175e+06 3.2373e+06
3.19471e+06 3.23811e+06 3.23037e+06
3.257e+06 3.28396e+06 3.28948e+06
3.22048e+06 3.30063e+06 3.17769e+06
3.30771e+06 3.262e+06 3.24593e+06
3.22164e+06 3.2689e+06 3.26246e+06
3.23102e+06 3.27106e+06 3.20461e+06
3.25995e+06 3.16792e+06 3.27559e+06
3.18842e+06 3.22174e+06 3.33088e+06
3.19992e+06 3.22068e+06 3.16505e+06
3.28995e+06 3.25544e+06 3.25785e+06
3.245e+06 3.2638e+06 3.23762e+06
3.21876e+06 3.24303e+06 3.20268e+06
3.26522e+06 3.22808e+06 3.28327e+06
3.26504e+06 3.18232e+06 3.24486e+06
3.24908e+06 3.28153e+06 3.21859e+06
3.31819e+06 3.238e+06 3.29486e+06
3.215e+06 3.26483e+06 3.26382e+06
3.29213e+06 3.24474e+06 3.23574e+06
3.29114e+06 3.20025e+06 3.17334e+06
3.28194e+06 3.22152e+06 3.24578e+06
3.25325e+06 3.19924e+06 3.1958e+06
3.25639e+06 3.24319e+06 3.24012e+06
3.23258e+06 3.23842e+06 3.20568e+06
3.20081e+06 3.19804e+06 3.17898e+06
3.2128e+06 3.20614e+06 3.26907e+06
3.24755e+06 3.20728e+06 3.24148e+06
3.28722e+06 3.27817e+06 3.19851e+06
3.28747e+06 3.17102e+06 3.21764e+06
3.18442e+06 3.24256e+06 3.198e+06
3.20928e+06 3.21107e+06 3.24384e+06
3.26454e+06 3.27602e+06 3.23358e+06
3.20283e+06 3.25663e+06 3.23581e+06
3.25078e+06 3.24105e+06 3.28155e+06
3.18061e+06 3.23165e+06 3.17107e+06
3.22912e+06 3.20209e+06 3.20369e+06
3.27727e+06 3.19584e+06 3.27175e+06
3.22311e+06 3.22266e+06 3.24488e+06
3.23884e+06 3.28789e+06 3.24301e+06
3.22615e+06 3.23173e+06 3.18287e+06
3.25508e+06 3.22431e+06 3.27966e+06
3.30632e+06 3.16292e+06 3.32192e+06
3.18123e+06 3.28636e+06 3.23899e+06
3.26311e+06 3.15294e+06 3.25735e+06
3.20349e+06 3.2424e+06 3.27995e+06
3.27938e+06 3.26682e+06 3.25599e+06
3.27719e+06 3.27824e+06 3.15903e+06
3.21969e+06 3.2351e+06 3.27672e+06
3.25251e+06 3.28923e+06 3.24731e+06
3.24777e+06 3.20279e+06 3.27904e+06
3.13391e+06 3.25154e+06 3.30724e+06
3.24848e+06 3.25596e+06 3.20342e+06
3.22149e+06 3.24369e+06 3.29788e+06
3.2895e+06 3.22944e+06 3.23999e+06
3.22292e+06 3.23704e+06 3.28506e+06
3.26582e+06 3.27732e+06 3.26769e+06
3.1623e+06 3.23908e+06 3.289e+06
3.25478e+06 3.28843e+06 3.21164e+06
3.18474e+06 3.23557e+06 3.2198e+06
3.15749e+06 3.29485e+06 3.23615e+06
3.25078e+06 3.22518e+06 3.12322e+06
3.21301e+06 3.23152e+06 3.271e+06
3.28694e+06 3.19752e+06 3.29026e+06
3.23634e+06 3.25085e+06 3.24238e+06
3.23055e+06 3.24452e+06 3.15318e+06
3.25618e+06 3.22615e+06 3.24305e+06
3.2504e+06 3.21672e+06 3.24583e+06
3.26908e+06 3.22137e+06 3.22994e+06
3.22138e+06 3.26761e+06 3.22128e+06
3.25609e+06 3.24782e+06 3.24426e+06
3.23926e+06 3.26033e+06 3.15621e+06
3.18584e+06 3.2334e+06 3.20076e+06
3.28434e+06 3.13434e+06 3.20413e+06
3.26196e+06 3.22843e+06 3.25785e+06
3.22322e+06 3.24115e+06 3.22589e+06
3.27424e+06 3.19674e+06 3.17691e+06
3.2495e+06 3.30178e+06 3.17494e+06
3.26814e+06 3.20255e+06 3.21155e+06
3.2209e+06 3.23932e+06 3.26892e+06
3.20687e+06 3.18649e+06 3.20838e+06
3.19808e+06 3.22204e+06 3.25158e+06
3.2578e+06 3.23968e+06 3.2452e+06
3.18872e+06 3.27445e+06 3.22005e+06
3.22407e+06 3.21003e+06 3.23477e+06
3.24699e+06 3.20039e+06 3.24587e+06
3.1992e+06 3.2435e+06 3.17447e+06
3.20317e+06 3.25107e+06 3.23106e+06
3.23435e+06 3.18223e+06 3.24764e+06
3.23068e+06 3.24799e+06 3.20988e+06
3.17869e+06 3.23198e+06 3.25331e+06
3.19602e+06 3.21705e+06 3.25084e+06
3.19997e+06 3.21617e+06 3.18372e+06
3.25359e+06 3.25209e+06 3.23742e+06
3.20577e+06 3.23257e+06 3.30185e+06
3.22964e+06 3.25668e+06 3.28964e+06
3.23397e+06 3.20627e+06 3.24298e+06
3.27922e+06 3.235e+06 3.2384e+06
3.22713e+06 3.25928e+06 3.31e+06
3.24988e+06 3.24651e+06 3.19913e+06
3.2285e+06 3.25542e+06 3.23819e+06
3.2651e+06 3.26896e+06 3.2174e+06
3.1432e+06 3.2559e+06 3.20749e+06
3.22333e+06 3.23047e+06 3.18968e+06
3.26817e+06 3.22052e+06 3.22122e+06
3.23204e+06 3.24458e+06 3.1963e+06
3.27139e+06 3.16499e+06 3.21438e+06
3.24614e+06 3.28489e+06 3.27796e+06
3.25261e+06 3.23503e+06 3.2461e+06
3.20666e+06 3.27141e+06 3.21982e+06
3.19253e+06 3.1999e+06 3.26313e+06
3.22364e+06 3.2599e+06 3.24766e+06
3.30922e+06 3.2077e+06 3.22657e+06
3.28902e+06 3.28526e+06 3.31561e+06
3.20255e+06 3.22203e+06 3.21322e+06
3.21541e+06 3.18543e+06 3.21937e+06
3.22704e+06 3.2163e+06 3.24342e+06
3.31764e+06 3.26947e+06 3.24706e+06
3.24898e+06 3.25218e+06 3.2377e+06
3.16938e+06 3.18249e+06 3.2803e+06
3.29896e+06 3.21683e+06 3.24746e+06
3.30631e+06 3.22609e+06 3.25486e+06
3.23843e+06 3.25353e+06 3.21652e+06
3.23435e+06 3.21598e+06 3.25514e+06
3.26054e+06 3.22823e+06 3.19901e+06
3.23086e+06 3.25168e+06 3.24867e+06
3.34356e+06 3.24442e+06 3.21713e+06
3.23018e+06 3.24579e+06 3.30365e+06
3.24536e+06 3.21867e+06 3.21743e+06
3.24522e+06 3.2444e+06 3.24798e+06
3.2025e+06 3.17657e+06 3.17959e+06
3.23367e+06 3.23809e+06 3.24833e+06
3.24994e+06 3.24274e+06 3.2773e+06
3.22425e+06 3.24535e+06 3.19493e+06
3.21575e+06 3.21388e+06 3.32065e+06
3.19687e+06 3.23526e+06 3.20406e+06
3.28974e+06 3.24906e+06 3.24712e+06
3.20007e+06 3.27812e+06 3.2078e+06
3.25632e+06 3.22075e+06 3.28943e+06
3.26719e+06 3.22076e+06 3.25643e+06
3.21798e+06 3.24036e+06 3.24962e+06
3.2845e+06 3.27039e+06 3.20134e+06
3.23321e+06 3.29203e+06 3.20009e+06
3.20447e+06 3.2555e+06 3.1858e+06
3.21983e+06 3.27059e+06 3.19254e+06
3.25501e+06 3.22659e+06 3.32909e+06
3.214e+06 3.27573e+06 3.26159e+06
3.16246e+06 3.27495e+06 3.21229e+06
3.20419e+06 3.21019e+06 3.23524e+06
3.23649e+06 3.18539e+06 3.2504e+06
3.21329e+06 3.22643e+06 3.26026e+06
3.20554e+06 3.21133e+06 3.18958e+06
3.25594e+06 3.23889e+06 3.22476e+06
3.28353e+06 3.23971e+06 3.25373e+06
3.17246e+06 3.18642e+06 3.23753e+06
3.25499e+06 3.22602e+06 3.24459e+06
3.24082e+06 3.26316e+06 3.24517e+06
3.28495e+06 3.2835e+06 3.2632e+06
3.26305e+06 3.18564e+06 3.19116e+06
3.23362e+06 3.24786e+06 3.23008e+06
3.2661e+06 3.25713e+06 3.18003e+06
3.28252e+06 3.23094e+06 3.2798e+06
3.22442e+06 3.28911e+06 3.2256e+06
3.30861e+06 3.22988e+06 3.2412e+06
3.24372e+06 3.2109e+06 3.24635e+06
3.2687e+06 3.23562e+06 3.29246e+06
3.21157e+06 3.20691e+06 3.22667e+06
3.24835e+06 3.26825e+06 3.22344e+06
