4161 249.076
506614 482188
506614 482188
506614 482188
506614 482188
506614 482188
506614 482188
506614 482188
506614 482188
506614 482188
506614 482188
506614 482188
506614 482188
506614 482188
506614 482188
506614 482188
506614 482188
506614 482188
506614 482188
506614 482188
506614 482188
506614 482188
506614 482188
506614 482188
506614 482188
506614 482188
506614 482188
506614 482188
506614 482188
506614 482188
506614 482188
506614 482188
506614 482188
506614 482188
506614 482188
506614 482188
506614 482188
506614 482188
506614 482188
506614 482188
506614 482188
506614 482188
506614 482188
506614 482188
506614 482188
506614 482188
506614 482188
506614 482188
506614 482188
506614 482188
506614 482188
506614 482188
506614 482188
506614 482188
506614 482188
506614 482188
506614 482188
506614 482188
506614 482188
506614 482188
506614 482188
506614 482188
506614 482188
506614 482188
506614 482188
506614 482188
506614 482188
506614 482188
506614 482188
506614 482188
506614 482188
506614 482188
506614 482188
506614 482188
506614 482188
506614 482188
506614 482188
506614 482188
506614 482188
506614 482188
506614 482188
506614 482188
506614 482188
506614 482188
506614 482188
506614 482188
506614 482188
506614 482188
506614 482188
506614 482188
506614 482188
506614 482188
506614 482188
506614 482188
506614 482188
506614 482188
506614 482188
506614 482188
506614 482188
506614 482188
506614 482188
506645 483671
506645 483671
506645 483671
506645 483671
506645 483671
506645 483671
506645 483671
506645 483671
506645 483671
506645 483671
506645 483671
506645 483671
506645 483671
506645 483671
506645 483671
506645 483671
506645 483671
506645 483671
506645 483671
506645 483671
506645 483671
506645 483671
506645 483671
506645 483671
506645 483671
506645 483671
506645 483671
506645 483671
506645 483671
506645 483671
506645 483671
506645 483671
506645 483671
506645 483671
506645 483671
506645 483671
506645 483671
506645 483671
506645 483671
506645 483671
506645 483671
506645 483671
506645 483671
506645 483671
506645 483671
506645 483671
506645 483671
506645 483671
506645 483671
506645 483671
506645 483671
506645 483671
506645 483671
506645 483671
506645 483671
506645 483671
506645 483671
506645 483671
506645 483671
506645 483671
506645 483671
506645 483671
506645 483671
506645 483671
506645 483671
506645 483671
506645 483671
506645 483671
506645 483671
506645 483671
506645 483671
506645 483671
506645 483671
506645 483671
506645 483671
506645 483671
506645 483671
506645 483671
506645 483671
506645 483671
506645 483671
506645 483671
506645 483671
506645 483671
506645 483671
506645 483671
506645 483671
506645 483671
506645 483671
506645 483671
506645 483671
506645 483671
506645 483671
506645 483671
506645 483671
506645 483671
506645 483671
506645 483671
506645 483671
506645 483671
506645 483671
506645 483671
506645 483671
506645 483671
506645 483671
506645 483671
506645 483671
506645 483671
506645 483671
506645 483671
506645 483671
506645 483671
506645 483671
506645 483671
506645 483671
506645 483671
506645 483671
506645 483671
506645 483671
506645 483671
506645 483671
506645 483671
506645 483671
506645 483671
506645 483671
506645 483671
506645 483671
506645 483671
506645 483671
506645 483671
506645 483671
506645 483671
506645 483671
506645 483671
506645 483671
506645 483671
506645 483671
506645 483671
506645 483671
506645 483671
506645 483671
506645 483671
506645 483671
506645 483671
506645 483671
506645 483671
506645 483671
506645 483671
506645 483671
506645 483671
506645 483671
506645 483671
506645 483671
506645 483671
506645 483671
506645 483671
506645 483671
506645 483671
506645 483671
506645 483671
506645 483671
506645 483671
506645 483671
506645 483671
506645 483671
506645 483671
506645 483671
506645 483671
506645 483671
506645 483671
506645 483671
506645 483671
506645 483671
506645 483671
506645 483671
506645 483671
506645 483671
506645 483671
506645 483671
506645 483671
506645 483671
506645 483671
506645 483671
506645 483671
506645 483671
506645 483671
506645 483671
506645 483671
506645 483671
506645 483671
506645 483671
506645 483671
506645 483671
506645 483671
506645 483671
506645 483671
506645 483671
506645 483671
506645 483671
506645 483671
506645 483671
506645 483671
506645 483671
506645 483671
506645 483671
506645 483671
506645 483671
506645 483671
506645 483671
506645 483671
506645 483671
506645 483671
506645 483671
506645 483671
506645 483671
506645 483671
506645 483671
506645 483671
506645 483671
506645 483671
506645 483671
506645 483671
506645 483671
506645 483671
506645 483671
506645 483671
506645 483671
506645 483671
506645 483671
506645 483671
506645 483671
506645 483671
506645 483671
506645 483671
506645 483671
506645 483671
506645 483671
506645 483671
506645 483671
506645 483671
506645 483671
506645 483671
506645 483671
514419 489093
514419 489093
513876 492959
513876 492959
514403 491096
514027 491827
514419 489093
514341 491317
514157 491337
513876 492959
514157 491337
514059 491501
514341 491317
514059 491501
514027 491827
514403 491096
514419 489093
514419 489093
514419 489093
514419 489093
514419 489093
514419 489093
514419 489093
514419 489093
514419 489093
514419 489093
514419 489093
514419 489093
514419 489093
514419 489093
514419 489093
514419 489093
514419 489093
514419 489093
514419 489093
514419 489093
514419 489093
514419 489093
514419 489093
514419 489093
514419 489093
514419 489093
514419 489093
514419 489093
514419 489093
514419 489093
514419 489093
514419 489093
514419 489093
514419 489093
514419 489093
514419 489093
514419 489093
514419 489093
514419 489093
514419 489093
514419 489093
514419 489093
514419 489093
514419 489093
514419 489093
514419 489093
514419 489093
514419 489093
514419 489093
514419 489093
514419 489093
514419 489093
514419 489093
514419 489093
514419 489093
514419 489093
514419 489093
514419 489093
514419 489093
514419 489093
514419 489093
514419 489093
514419 489093
514419 489093
514419 489093
514419 489093
514419 489093
514419 489093
514419 489093
514419 489093
514419 489093
514419 489093
514419 489093
514419 489093
514419 489093
514419 489093
514419 489093
514419 489093
514419 489093
514419 489093
514419 489093
514419 489093
514419 489093
514419 489093
514419 489093
514419 489093
514419 489093
514419 489093
514419 489093
514419 489093
514419 489093
795381 735681
749164 786658
770024 775714
785652 769818
789875 741724
798003 762831
763156 790868
771238 783197
788952 772856
790250 765109
791092 772228
765444 821170
778212 811092
788736 786515
789525 775707
789986 774071
803221 774995
790727 793850
803142 786265
791317 788595
819259 784501
792119 808003
799929 794575
805127 791981
812599 786259
811642 791016
831587 786221
802863 802518
811843 794714
813505 788334
820051 786790
852555 806656
824254 807769
827968 825403
514403 491096
514403 491096
513876 492959
513876 492959
514027 491827
514157 491337
514341 491317
513876 492959
514157 491337
514341 491317
514027 491827
514059 491501
514059 491501
514403 491096
514403 491096
514059 491501
514059 491501
514341 491317
514403 491096
514403 491096
514403 491096
514403 491096
514403 491096
514403 491096
514403 491096
514403 491096
514403 491096
514403 491096
514403 491096
514403 491096
514403 491096
514403 491096
514403 491096
514403 491096
514403 491096
514403 491096
514403 491096
514403 491096
514403 491096
514403 491096
514403 491096
514403 491096
514403 491096
514403 491096
514403 491096
514403 491096
514403 491096
514403 491096
514403 491096
514403 491096
514403 491096
514403 491096
514403 491096
514403 491096
514403 491096
514403 491096
514403 491096
514403 491096
514403 491096
514403 491096
514403 491096
514403 491096
514403 491096
514403 491096
514403 491096
514403 491096
514403 491096
514403 491096
514403 491096
514403 491096
514403 491096
514403 491096
514403 491096
514403 491096
514403 491096
514403 491096
514403 491096
514403 491096
514403 491096
514403 491096
514403 491096
514403 491096
514403 491096
514403 491096
514403 491096
514403 491096
514403 491096
514403 491096
514403 491096
514403 491096
514403 491096
514403 491096
514403 491096
514403 491096
514403 491096
514403 491096
514403 491096
514403 491096
514403 491096
514403 491096
514403 491096
514403 491096
514403 491096
514403 491096
514403 491096
514403 491096
514403 491096
514403 491096
514403 491096
514403 491096
514403 491096
514403 491096
514403 491096
514403 491096
514403 491096
514403 491096
514403 491096
514403 491096
514403 491096
514403 491096
514403 491096
514403 491096
514403 491096
514403 491096
514403 491096
514403 491096
514403 491096
514403 491096
514403 491096
514403 491096
514403 491096
514403 491096
514403 491096
514403 491096
514403 491096
514403 491096
514403 491096
514403 491096
514403 491096
514403 491096
514403 491096
514403 491096
514403 491096
514403 491096
514403 491096
514403 491096
514403 491096
514403 491096
514403 491096
514403 491096
514403 491096
514403 491096
514403 491096
514403 491096
514403 491096
514403 491096
514403 491096
514403 491096
514403 491096
514403 491096
514403 491096
514403 491096
514403 491096
514403 491096
514403 491096
514403 491096
514403 491096
514403 491096
514403 491096
514403 491096
514403 491096
514403 491096
514403 491096
514403 491096
514403 491096
514403 491096
514403 491096
514403 491096
514403 491096
514403 491096
514403 491096
514403 491096
514403 491096
514403 491096
514403 491096
514403 491096
514403 491096
514403 491096
514403 491096
514403 491096
514403 491096
514403 491096
514403 491096
514403 491096
514403 491096
514403 491096
514403 491096
514403 491096
514403 491096
514403 491096
514403 491096
514403 491096
514403 491096
514403 491096
514403 491096
514403 491096
514403 491096
514403 491096
514403 491096
514403 491096
514403 491096
514403 491096
514403 491096
514403 491096
514403 491096
514403 491096
514403 491096
514403 491096
514403 491096
514403 491096
514403 491096
514403 491096
514403 491096
514403 491096
514403 491096
514403 491096
514403 491096
514403 491096
514403 491096
514403 491096
514403 491096
514403 491096
514403 491096
514403 491096
514403 491096
514403 491096
514403 491096
514403 491096
514403 491096
514403 491096
514403 491096
514403 491096
514403 491096
514403 491096
514403 491096
514403 491096
514403 491096
514403 491096
514403 491096
514403 491096
514403 491096
514403 491096
514403 491096
514403 491096
514403 491096
514403 491096
514403 491096
514403 491096
514403 491096
514403 491096
514403 491096
514403 491096
514403 491096
514403 491096
514403 491096
514403 491096
514403 491096
514403 491096
514403 491096
514403 491096
514403 491096
514403 491096
514403 491096
514403 491096
514403 491096
514403 491096
514403 491096
514403 491096
514403 491096
514403 491096
514403 491096
514403 491096
514403 491096
514403 491096
514403 491096
514403 491096
514403 491096
514403 491096
514403 491096
514403 491096
514403 491096
514403 491096
514403 491096
514403 491096
514403 491096
514403 491096
514403 491096
514403 491096
514403 491096
514403 491096
514403 491096
514403 491096
514403 491096
514403 491096
514403 491096
514403 491096
514403 491096
514403 491096
514403 491096
514403 491096
514403 491096
514403 491096
514403 491096
514403 491096
514403 491096
514403 491096
514403 491096
514403 491096
514403 491096
514403 491096
514403 491096
514059 491501
514059 491501
514059 491501
514059 491501
514059 491501
514059 491501
514059 491501
514059 491501
514059 491501
514059 491501
514059 491501
514059 491501
514059 491501
514059 491501
514059 491501
514059 491501
514059 491501
514059 491501
514059 491501
514059 491501
514059 491501
514059 491501
514059 491501
514059 491501
514059 491501
514059 491501
514059 491501
514059 491501
514059 491501
514059 491501
514059 491501
514059 491501
514059 491501
514059 491501
514059 491501
514059 491501
514059 491501
514059 491501
514059 491501
514059 491501
514059 491501
514059 491501
514059 491501
514059 491501
514059 491501
514059 491501
514059 491501
514059 491501
514059 491501
514059 491501
514059 491501
514059 491501
514059 491501
514059 491501
514059 491501
514059 491501
514059 491501
514059 491501
514059 491501
514059 491501
514059 491501
514059 491501
514059 491501
514059 491501
514059 491501
514059 491501
514059 491501
514059 491501
514059 491501
514059 491501
514059 491501
514059 491501
514059 491501
514059 491501
514059 491501
514059 491501
514059 491501
514059 491501
514059 491501
514059 491501
514059 491501
514059 491501
514059 491501
514059 491501
514059 491501
514059 491501
514059 491501
514059 491501
514059 491501
514059 491501
514059 491501
514059 491501
514059 491501
514059 491501
514059 491501
514059 491501
514059 491501
514059 491501
514059 491501
514059 491501
514059 491501
514059 491501
514059 491501
514059 491501
514059 491501
514059 491501
514059 491501
514059 491501
514059 491501
514059 491501
514059 491501
514059 491501
514059 491501
514059 491501
514059 491501
514059 491501
514059 491501
514059 491501
514059 491501
514059 491501
514059 491501
514059 491501
514059 491501
514059 491501
514059 491501
514059 491501
514059 491501
514059 491501
514059 491501
747856 736500
776460 750360
764449 804553
766408 758419
778582 751840
768860 817603
772438 762339
780700 757520
773932 809836
779064 782234
780131 780987
799236 760598
780979 786489
783310 764754
783199 780750
788004 765379
781404 788036
839064 766919
783905 789610
789589 771124
802956 772636
788202 826120
791409 787619
800152 783717
788224 809711
806864 775257
794617 811601
803633 782456
804061 778178
816237 785444
810794 795663
816445 797196
822179 811965
828263 812952
