696 204.949
3.01885e+06 2.93917e+06 3.04313e+06 3.11806e+06
3.10509e+06 2.9329e+06 2.9672e+06 2.97526e+06
3.11305e+06 2.92073e+06 3.11759e+06 2.98844e+06
2.96178e+06 3.10958e+06 3.00708e+06 2.94098e+06
3.15702e+06 3.00446e+06 2.92124e+06 3.04555e+06
3.03294e+06 3.1252e+06 3.02694e+06 2.8762e+06
3.16185e+06 2.98526e+06 2.9646e+06 2.96695e+06
3.04746e+06 3.05888e+06 2.96555e+06 3.04107e+06
2.9845e+06 2.99784e+06 3.02791e+06 3.11487e+06
2.9996e+06 3.05123e+06 2.98281e+06 3.15156e+06
3.08916e+06 2.86338e+06 3.12194e+06 3.03083e+06
3.04402e+06 2.95203e+06 3.20043e+06 3.01885e+06
3.0364e+06 2.99733e+06 2.94298e+06 3.11009e+06
2.9719e+06 3.03796e+06 3.02299e+06 3.02507e+06
3.0682e+06 3.04664e+06 2.95544e+06 2.95125e+06
3.04636e+06 3.09142e+06 2.92149e+06 3.01809e+06
3.03792e+06 3.04612e+06 3.02098e+06 2.94833e+06
3.10234e+06 2.91721e+06 3.03887e+06 3.05969e+06
3.10123e+06 2.99571e+06 3.04401e+06 2.93199e+06
3.03896e+06 3.01527e+06 3.09465e+06 2.9423e+06
3.03957e+06 2.99037e+06 3.01743e+06 3.02364e+06
2.98956e+06 3.04306e+06 3.10603e+06 2.97762e+06
2.99976e+06 2.98896e+06 3.10857e+06 2.92348e+06
3.19282e+06 2.93376e+06 3.04206e+06 2.95586e+06
2.9916e+06 3.116e+06 2.96009e+06 3.08405e+06
3.03515e+06 3.09e+06 2.96102e+06 2.92057e+06
3.1385e+06 2.87416e+06 3.08768e+06 3.01681e+06
3.05734e+06 2.91516e+06 3.11172e+06 3.07171e+06
3.09799e+06 2.9975e+06 2.96087e+06 3.03349e+06
2.96922e+06 2.98552e+06 3.09661e+06 3.06268e+06
2.9284e+06 3.10551e+06 3.03433e+06 3.01737e+06
3.1695e+06 2.94688e+06 2.97092e+06 2.97409e+06
2.9714e+06 3.11978e+06 2.95043e+06 2.91488e+06
2.95681e+06 3.10076e+06 2.99899e+06 3.05838e+06
2.99078e+06 3.0642e+06 2.98602e+06 3.11519e+06
3.09958e+06 2.94224e+06 2.97697e+06 2.99019e+06
3.02394e+06 2.95405e+06 2.99767e+06 3.09664e+06
3.09421e+06 3.02358e+06 2.91832e+06 3.01523e+06
2.95581e+06 3.16182e+06 3.06501e+06 2.89911e+06
2.988e+06 3.04368e+06 3.03793e+06 3.00763e+06
3.08484e+06 2.88222e+06 3.12762e+06 3.04466e+06
2.9944e+06 2.98984e+06 3.0389e+06 3.10898e+06
3.06217e+06 3.05304e+06 2.9713e+06 2.96019e+06
3.11264e+06 2.94334e+06 3.03156e+06 2.94276e+06
3.11951e+06 2.90346e+06 3.11383e+06 3.02686e+06
3.01021e+06 3.0986e+06 2.97545e+06 2.97056e+06
3.06064e+06 2.9531e+06 3.14879e+06 2.99683e+06
3.0563e+06 2.94695e+06 3.00814e+06 3.09253e+06
3.1221e+06 2.86362e+06 3.09705e+06 3.03411e+06
3.04344e+06 3.05611e+06 2.96614e+06 3.02193e+06
2.98273e+06 2.99641e+06 3.0375e+06 3.0629e+06
2.99756e+06 3.07296e+06 3.0566e+06 2.90975e+06
3.09806e+06 2.87684e+06 3.14556e+06 3.02639e+06
3.02342e+06 3.05341e+06 3.05966e+06 2.87833e+06
3.04744e+06 2.97061e+06 3.1452e+06 3.01628e+06
3.08393e+06 3.10822e+06 2.92484e+06 3.00684e+06
3.00674e+06 2.9794e+06 2.99936e+06 3.06662e+06
3.07877e+06 3.03787e+06 2.93097e+06 3.15475e+06
3.15174e+06 3.03069e+06 2.97694e+06 2.95061e+06
3.1406e+06 3.01033e+06 2.90508e+06 3.0068e+06
2.94828e+06 3.11313e+06 2.99706e+06 3.05046e+06
3.12943e+06 2.96884e+06 3.05795e+06 2.93778e+06
3.05435e+06 3.16802e+06 3.1161e+06 2.86104e+06
2.93935e+06 3.18989e+06 3.01198e+06 2.98711e+06
2.96353e+06 3.10549e+06 2.98647e+06 3.00739e+06
3.14293e+06 3.06511e+06 2.89565e+06 3.03322e+06
3.13501e+06 2.98476e+06 2.96498e+06 2.9679e+06
2.99461e+06 2.97453e+06 3.02676e+06 3.08465e+06
3.11565e+06 2.91201e+06 3.0399e+06 3.06428e+06
2.98157e+06 3.14932e+06 2.96052e+06 2.89385e+06
3.02019e+06 3.02158e+06 3.00165e+06 3.04224e+06
3.00443e+06 3.03633e+06 2.96699e+06 3.1675e+06
3.04524e+06 2.96699e+06 3.15843e+06 2.9859e+06
3.03462e+06 3.04909e+06 2.92442e+06 3.10698e+06
2.96933e+06 3.10368e+06 3.0029e+06 2.98886e+06
3.07314e+06 3.02835e+06 3.00685e+06 2.96736e+06
2.97035e+06 3.0506e+06 3.04389e+06 2.92781e+06
3.12362e+06 2.88688e+06 3.09595e+06 3.02874e+06
3.09146e+06 3.00198e+06 2.95792e+06 3.0326e+06
3.04486e+06 2.9955e+06 2.94129e+06 3.11826e+06
3.0496e+06 2.91126e+06 3.05751e+06 3.11183e+06
3.04342e+06 3.07161e+06 2.91998e+06 3.04951e+06
3.06356e+06 2.92686e+06 3.14601e+06 3.02542e+06
3.10337e+06 2.94017e+06 2.96661e+06 2.98374e+06
2.96656e+06 3.02598e+06 3.03923e+06 2.97887e+06
3.02805e+06 3.01907e+06 3.02263e+06 2.95814e+06
3.09449e+06 3.00573e+06 2.96341e+06 2.973e+06
3.05268e+06 3.079e+06 2.96325e+06 2.91278e+06
3.16911e+06 2.93979e+06 3.02236e+06 2.95502e+06
3.06535e+06 2.9632e+06 3.11137e+06 2.99197e+06
2.95714e+06 3.10273e+06 3.00633e+06 3.03125e+06
3.00536e+06 3.09042e+06 2.99415e+06 2.8807e+06
3.00628e+06 2.96924e+06 3.07852e+06 3.0305e+06
2.97885e+06 3.0704e+06 2.99683e+06 3.07053e+06
2.92768e+06 3.13718e+06 3.04852e+06 3.00116e+06
2.98688e+06 3.07619e+06 3.03353e+06 2.97365e+06
3.07863e+06 2.96478e+06 2.97555e+06 3.04081e+06
3.15222e+06 2.97845e+06 3.07407e+06 2.93694e+06
2.99949e+06 3.14232e+06 2.97511e+06 2.89121e+06
2.99811e+06 3.07316e+06 2.97514e+06 3.00714e+06
3.11627e+06 2.95204e+06 2.99596e+06 2.94678e+06
2.99526e+06 3.07001e+06 2.97773e+06 3.13205e+06
2.98669e+06 2.98545e+06 3.09199e+06 3.0254e+06
3.07162e+06 2.91364e+06 3.05364e+06 3.12868e+06
3.10265e+06 3.06059e+06 2.91434e+06 2.95543e+06
3.00516e+06 3.10596e+06 2.92462e+06 3.09643e+06
3.03801e+06 3.11818e+06 2.95094e+06 3.0387e+06
3.13557e+06 2.99709e+06 2.99221e+06 2.93397e+06
3.01824e+06 2.9835e+06 2.95167e+06 3.05131e+06
3.01686e+06 3.00818e+06 3.0658e+06 2.95251e+06
3.00775e+06 3.10597e+06 2.96402e+06 2.94053e+06
3.09806e+06 2.97717e+06 3.14668e+06 2.9356e+06
2.98846e+06 3.06236e+06 3.0461e+06 2.91627e+06
3.05526e+06 2.91663e+06 3.14234e+06 3.05985e+06
3.01469e+06 3.06302e+06 3.01131e+06 3.00129e+06
3.15136e+06 3.05254e+06 2.90292e+06 2.96955e+06
3.11945e+06 2.92045e+06 3.03457e+06 3.07075e+06
3.15857e+06 3.16892e+06 3.08964e+06 2.82778e+06
2.97987e+06 2.98448e+06 3.04332e+06 3.08269e+06
3.07317e+06 2.95356e+06 3.15876e+06 2.9371e+06
3.01327e+06 3.00673e+06 3.00747e+06 3.03032e+06
2.97481e+06 3.10055e+06 2.99654e+06 2.997e+06
3.17899e+06 3.1611e+06 3.10634e+06 2.81887e+06
3.17181e+06 3.14929e+06 3.11375e+06 2.83906e+06
3.16475e+06 2.99505e+06 3.00049e+06 2.92903e+06
3.01285e+06 3.02143e+06 2.9783e+06 3.16122e+06
3.04354e+06 3.01405e+06 3.00801e+06 3.02949e+06
3.08846e+06 3.01356e+06 3.11066e+06 2.92069e+06
3.03486e+06 2.95145e+06 3.14473e+06 3.02511e+06
2.98248e+06 3.1091e+06 2.96466e+06 2.94457e+06
3.06151e+06 3.05314e+06 2.96973e+06 2.96845e+06
3.10636e+06 3.01673e+06 3.00786e+06 2.92842e+06
3.11343e+06 3.03032e+06 2.907e+06 3.02562e+06
2.93001e+06 3.10838e+06 3.0173e+06 2.9965e+06
3.00396e+06 3.09567e+06 2.93537e+06 3.06914e+06
2.98206e+06 2.95524e+06 3.10155e+06 3.04966e+06
3.09211e+06 2.96493e+06 3.16282e+06 2.91693e+06
3.0947e+06 2.96645e+06 2.96685e+06 3.0864e+06
3.04538e+06 2.92929e+06 3.03051e+06 3.04618e+06
3.17152e+06 2.93265e+06 3.02103e+06 2.95673e+06
2.96885e+06 3.07646e+06 3.03727e+06 3.03148e+06
3.05577e+06 3.12731e+06 2.98938e+06 2.88845e+06
2.99135e+06 3.04678e+06 3.03768e+06 2.95506e+06
3.0319e+06 3.03979e+06 2.98562e+06 3.00393e+06
3.05004e+06 3.09482e+06 3.01985e+06 2.87664e+06
3.0755e+06 3.0034e+06 3.02022e+06 2.94598e+06
3.13229e+06 3.01962e+06 2.89742e+06 3.0001e+06
3.0079e+06 3.06331e+06 3.01381e+06 2.96243e+06
3.0248e+06 3.00644e+06 2.96598e+06 3.04899e+06
3.09744e+06 2.92727e+06 3.07898e+06 3.03612e+06
3.13425e+06 2.99257e+06 2.95525e+06 2.95923e+06
3.00135e+06 3.12662e+06 2.92186e+06 2.94974e+06
3.00591e+06 3.09927e+06 2.96075e+06 3.06701e+06
3.04352e+06 3.08516e+06 2.96794e+06 2.90646e+06
3.15563e+06 2.96295e+06 3.08686e+06 2.93221e+06
3.0453e+06 2.96247e+06 3.09641e+06 3.0354e+06
3.08684e+06 3.00091e+06 2.96936e+06 3.04803e+06
3.04175e+06 2.99347e+06 2.98325e+06 3.04479e+06
2.99451e+06 2.98084e+06 3.06748e+06 3.02649e+06
3.16468e+06 2.94995e+06 3.03017e+06 2.95278e+06
3.08995e+06 3.02681e+06 3.11921e+06 2.89937e+06
2.9973e+06 3.01761e+06 3.03873e+06 2.98199e+06
3.08233e+06 3.01114e+06 2.98888e+06 2.96844e+06
3.0175e+06 2.98457e+06 2.9526e+06 3.05926e+06
2.94664e+06 3.10024e+06 3.01512e+06 2.91508e+06
3.00726e+06 3.03406e+06 3.06163e+06 2.93763e+06
3.08181e+06 3.03917e+06 3.08178e+06 2.89874e+06
3.07215e+06 3.05561e+06 2.97142e+06 2.95072e+06
3.0458e+06 3.18793e+06 3.11901e+06 2.86979e+06
3.13921e+06 3.01791e+06 2.98108e+06 2.93305e+06
2.99004e+06 3.07487e+06 2.98327e+06 2.90565e+06
2.93589e+06 3.05868e+06 3.06064e+06 2.97311e+06
2.9823e+06 2.95018e+06 3.10363e+06 3.05609e+06
3.04788e+06 3.07219e+06 2.9429e+06 2.91898e+06
3.05919e+06 3.05498e+06 2.93968e+06 3.00415e+06
3.1004e+06 2.93206e+06 3.12452e+06 2.98584e+06
3.07805e+06 3.0075e+06 2.98553e+06 3.02818e+06
3.14947e+06 2.96239e+06 3.05139e+06 2.93859e+06
3.09516e+06 3.00469e+06 2.9112e+06 2.97467e+06
2.95193e+06 3.10376e+06 2.98436e+06 3.04758e+06
3.1439e+06 3.13498e+06 3.09369e+06 2.87188e+06
3.07595e+06 2.99432e+06 3.06261e+06 2.93674e+06
2.97852e+06 3.03338e+06 3.00147e+06 3.10285e+06
3.07056e+06 2.95663e+06 3.03969e+06 3.03576e+06
3.04358e+06 3.01676e+06 3.00438e+06 2.99785e+06
2.97427e+06 3.11947e+06 2.97261e+06 2.95057e+06
3.08146e+06 2.88691e+06 3.10432e+06 3.09344e+06
3.15796e+06 3.00074e+06 2.93186e+06 2.98835e+06
3.11602e+06 2.88492e+06 3.08017e+06 3.09628e+06
2.9785e+06 2.96512e+06 3.10684e+06 3.05971e+06
3.13838e+06 2.93106e+06 2.98562e+06 2.97164e+06
3.07682e+06 3.03573e+06 2.98793e+06 2.98216e+06
3.13562e+06 2.97159e+06 2.94073e+06 3.03838e+06
2.96591e+06 3.13978e+06 2.98097e+06 2.93957e+06
3.01574e+06 3.0447e+06 2.98898e+06 3.02254e+06
3.01237e+06 3.0019e+06 2.99703e+06 3.08686e+06
2.95865e+06 3.10937e+06 2.99145e+06 2.99968e+06
3.02834e+06 3.0672e+06 3.02723e+06 2.92284e+06
3.10147e+06 2.89275e+06 3.11602e+06 3.03609e+06
2.99308e+06 3.11554e+06 3.01514e+06 2.88952e+06
3.00726e+06 3.04414e+06 3.12001e+06 2.92039e+06
3.04316e+06 3.07105e+06 2.93693e+06 2.92003e+06
3.0012e+06 3.02356e+06 3.00414e+06 3.02573e+06
3.0717e+06 2.99649e+06 2.98842e+06 2.99824e+06
3.11261e+06 3.02224e+06 3.00734e+06 2.94871e+06
3.03079e+06 2.92152e+06 3.03132e+06 3.03954e+06
3.01915e+06 2.9775e+06 3.06317e+06 2.98764e+06
3.0939e+06 3.14368e+06 3.07999e+06 2.8594e+06
3.16213e+06 2.94492e+06 3.02083e+06 2.96038e+06
3.06505e+06 2.91291e+06 3.12984e+06 3.04319e+06
2.99627e+06 3.03529e+06 3.06978e+06 2.94729e+06
2.99755e+06 3.07676e+06 2.97955e+06 2.94037e+06
3.12341e+06 2.90296e+06 3.11067e+06 3.02806e+06
3.10859e+06 2.9858e+06 2.95698e+06 2.99111e+06
3.0817e+06 3.05967e+06 3.02348e+06 2.89945e+06
2.94629e+06 3.05518e+06 3.1088e+06 3.05317e+06
3.00351e+06 3.10694e+06 2.99384e+06 2.88433e+06
2.98849e+06 3.14443e+06 2.95588e+06 2.90088e+06
3.14777e+06 2.99823e+06 2.95382e+06 2.98036e+06
3.03844e+06 3.07815e+06 2.95786e+06 3.02036e+06
3.05784e+06 2.956e+06 3.12559e+06 2.9851e+06
3.02137e+06 3.11482e+06 2.9504e+06 3.05905e+06
2.95991e+06 3.00365e+06 3.04103e+06 3.00012e+06
3.0831e+06 3.15142e+06 3.08376e+06 2.84508e+06
3.12738e+06 3.03071e+06 2.90282e+06 2.99613e+06
3.11539e+06 2.88196e+06 3.089e+06 3.10514e+06
3.07052e+06 2.97288e+06 3.06384e+06 3.01022e+06
3.07917e+06 2.99822e+06 3.04712e+06 2.9331e+06
3.12821e+06 3.03452e+06 2.92378e+06 2.96529e+06
3.06911e+06 3.0311e+06 2.99864e+06 2.98703e+06
3.01993e+06 3.10202e+06 2.98241e+06 2.90877e+06
2.9717e+06 3.04735e+06 3.01692e+06 2.98594e+06
3.13988e+06 2.94163e+06 3.05286e+06 2.96945e+06
3.10348e+06 2.90245e+06 3.12148e+06 3.01654e+06
3.05058e+06 3.02173e+06 2.97241e+06 3.04085e+06
3.13062e+06 2.90479e+06 3.08225e+06 3.03202e+06
3.10118e+06 2.99344e+06 2.959e+06 3.02656e+06
3.01021e+06 3.17754e+06 2.9497e+06 2.92355e+06
2.99204e+06 2.98246e+06 3.08076e+06 3.04767e+06
2.94201e+06 3.0939e+06 3.01159e+06 2.92654e+06
3.08939e+06 2.97767e+06 3.0472e+06 2.95029e+06
3.00513e+06 3.07882e+06 2.96581e+06 2.99348e+06
3.13849e+06 3.16132e+06 3.08906e+06 2.83926e+06
3.10299e+06 3.00619e+06 2.90379e+06 3.06432e+06
3.04922e+06 2.94156e+06 3.09208e+06 3.03642e+06
3.04994e+06 2.98052e+06 3.05056e+06 2.97764e+06
3.00963e+06 2.96821e+06 3.03215e+06 3.07288e+06
3.00402e+06 3.07285e+06 3.02955e+06 2.96283e+06
3.14097e+06 2.99598e+06 2.95277e+06 2.99524e+06
3.09225e+06 2.9983e+06 3.00627e+06 2.99537e+06
3.09706e+06 2.92061e+06 3.09269e+06 3.01567e+06
3.00471e+06 3.0476e+06 2.98369e+06 3.08059e+06
3.06526e+06 2.91118e+06 3.13011e+06 3.06684e+06
3.04111e+06 3.01134e+06 3.02719e+06 2.94176e+06
3.03839e+06 3.02558e+06 3.02218e+06 3.00672e+06
3.11799e+06 2.9001e+06 3.07477e+06 3.04048e+06
3.00815e+06 2.98726e+06 3.0732e+06 2.95652e+06
2.95352e+06 3.0844e+06 3.04163e+06 2.94025e+06
2.97964e+06 2.96235e+06 3.11378e+06 3.04109e+06
3.18272e+06 2.9284e+06 3.03092e+06 2.95663e+06
2.99653e+06 3.06483e+06 2.97591e+06 3.06019e+06
3.07026e+06 2.99911e+06 2.97318e+06 3.03973e+06
3.01689e+06 3.09662e+06 2.97815e+06 2.93339e+06
3.12044e+06 3.01987e+06 2.98315e+06 2.96666e+06
3.18018e+06 3.15876e+06 3.097e+06 2.82109e+06
2.99162e+06 3.02955e+06 3.03772e+06 3.01539e+06
2.99149e+06 3.13086e+06 2.97692e+06 2.89303e+06
3.14829e+06 3.01454e+06 2.98601e+06 2.93445e+06
2.9975e+06 2.95978e+06 3.07121e+06 3.08248e+06
3.12202e+06 2.96506e+06 2.94131e+06 3.03369e+06
3.00646e+06 2.95179e+06 3.08619e+06 3.04527e+06
3.16654e+06 2.96646e+06 3.05054e+06 2.94008e+06
2.94178e+06 3.11979e+06 3.01197e+06 2.91028e+06
3.1382e+06 2.95474e+06 2.99207e+06 2.96917e+06
3.12014e+06 2.89282e+06 3.09426e+06 3.08147e+06
3.0284e+06 3.07072e+06 2.97404e+06 2.98873e+06
3.03391e+06 3.00687e+06 2.99879e+06 3.04507e+06
3.08252e+06 3.01757e+06 3.14131e+06 2.89697e+06
2.99029e+06 3.07922e+06 2.97983e+06 3.08567e+06
2.9969e+06 3.06113e+06 3.01442e+06 3.01419e+06
3.09735e+06 2.95494e+06 3.06559e+06 2.99436e+06
3.10942e+06 2.9683e+06 3.07324e+06 2.95822e+06
2.9789e+06 3.10498e+06 2.97681e+06 2.93023e+06
3.02821e+06 3.07208e+06 3.00658e+06 2.99344e+06
3.04211e+06 3.07008e+06 2.95183e+06 2.96145e+06
3.06155e+06 3.0331e+06 2.99129e+06 2.95259e+06
3.1261e+06 2.99913e+06 2.98098e+06 2.9561e+06
3.08282e+06 2.95039e+06 2.98768e+06 3.08855e+06
3.0373e+06 3.09637e+06 2.98462e+06 2.90284e+06
3.06962e+06 2.99425e+06 3.0197e+06 2.98916e+06
3.03212e+06 3.03345e+06 2.93924e+06 3.04865e+06
3.04998e+06 3.04689e+06 3.03448e+06 2.92588e+06
2.98905e+06 3.0418e+06 2.99319e+06 3.03118e+06
2.97152e+06 3.09869e+06 2.97895e+06 3.01311e+06
3.02726e+06 2.96262e+06 3.014e+06 3.06035e+06
3.1244e+06 2.89901e+06 3.07164e+06 3.11536e+06
3.09223e+06 2.90569e+06 3.10132e+06 2.9981e+06
3.04795e+06 2.97343e+06 3.16147e+06 2.98582e+06
3.08626e+06 2.91132e+06 3.11062e+06 3.06855e+06
3.08772e+06 3.05762e+06 2.94113e+06 2.9153e+06
2.93615e+06 3.10628e+06 3.01824e+06 2.91502e+06
3.00548e+06 2.97879e+06 3.06215e+06 3.03677e+06
3.08913e+06 2.97105e+06 3.01283e+06 2.9509e+06
3.11255e+06 2.85814e+06 3.10753e+06 3.04334e+06
3.00715e+06 3.0941e+06 2.95231e+06 3.08443e+06
3.0709e+06 2.91791e+06 3.10036e+06 3.08473e+06
3.07095e+06 2.99252e+06 2.9864e+06 3.00451e+06
3.02016e+06 2.9795e+06 3.12212e+06 2.97406e+06
3.03899e+06 3.07119e+06 3.00826e+06 2.97727e+06
3.08988e+06 3.0072e+06 2.98074e+06 2.96854e+06
3.05159e+06 3.04132e+06 2.96611e+06 3.01672e+06
3.16566e+06 2.98536e+06 2.95295e+06 3.00903e+06
2.99703e+06 3.03693e+06 3.03398e+06 3.01021e+06
3.10763e+06 2.88833e+06 3.09862e+06 3.08979e+06
2.94507e+06 3.08702e+06 3.04575e+06 2.93576e+06
2.99406e+06 2.998e+06 3.0411e+06 3.05319e+06
3.02194e+06 3.06928e+06 3.03404e+06 2.92315e+06
3.12749e+06 3.02444e+06 3.06934e+06 2.90776e+06
3.00319e+06 3.07172e+06 2.97257e+06 3.06274e+06
3.07615e+06 2.95638e+06 2.98308e+06 3.0761e+06
3.08726e+06 3.03182e+06 2.9862e+06 2.96535e+06
2.9636e+06 3.1046e+06 3.00426e+06 2.9962e+06
3.08342e+06 2.90469e+06 3.0973e+06 3.08198e+06
3.06994e+06 3.03935e+06 3.10036e+06 2.92912e+06
3.05511e+06 2.93195e+06 3.04035e+06 3.01182e+06
3.00019e+06 3.0246e+06 3.02721e+06 2.99887e+06
2.95158e+06 3.11767e+06 2.99331e+06 3.03742e+06
3.00426e+06 2.98881e+06 3.01822e+06 3.09916e+06
2.95806e+06 3.15705e+06 2.99718e+06 3.01062e+06
3.12122e+06 3.03895e+06 2.92416e+06 2.97006e+06
2.97853e+06 3.09682e+06 2.99007e+06 2.92294e+06
3.01935e+06 2.96755e+06 3.13301e+06 3.0405e+06
3.01557e+06 3.05904e+06 2.97916e+06 3.06612e+06
3.06582e+06 2.9663e+06 3.09389e+06 3.00458e+06
3.09001e+06 2.94783e+06 2.97647e+06 3.05014e+06
2.98582e+06 3.05818e+06 2.99138e+06 3.09731e+06
3.11908e+06 2.91405e+06 3.03912e+06 3.06175e+06
3.01549e+06 3.01011e+06 3e+06 3.04819e+06
3.09392e+06 2.96904e+06 2.98906e+06 2.9625e+06
3.01538e+06 3.03761e+06 3.02348e+06 2.9557e+06
3.00257e+06 2.9875e+06 3.09739e+06 2.94502e+06
3.09095e+06 3.03606e+06 2.97144e+06 2.99884e+06
3.06945e+06 2.93819e+06 3.02168e+06 3.04075e+06
2.99017e+06 3.0719e+06 3.04182e+06 2.97798e+06
3.03092e+06 2.95817e+06 3.03108e+06 3.0771e+06
3.06734e+06 2.90651e+06 3.10369e+06 3.08836e+06
3.00002e+06 3.05593e+06 2.98876e+06 3.07342e+06
3.01948e+06 3.03621e+06 3.04469e+06 2.97019e+06
3.10714e+06 2.99691e+06 2.9504e+06 3.03006e+06
3.10482e+06 3.00365e+06 2.98842e+06 2.97627e+06
3.05062e+06 3.06244e+06 2.95782e+06 2.99611e+06
2.9897e+06 3.10089e+06 2.97134e+06 3.02795e+06
3.0389e+06 3.03335e+06 2.96674e+06 3.02339e+06
3.07488e+06 2.90811e+06 3.09553e+06 3.07578e+06
3.06002e+06 3.00333e+06 2.98959e+06 3.03113e+06
2.98242e+06 3.0667e+06 2.99972e+06 3.06414e+06
2.99584e+06 3.11428e+06 2.95413e+06 3.08949e+06
2.97945e+06 3.0665e+06 3.04261e+06 2.96825e+06
3.07552e+06 2.96366e+06 3.06062e+06 3.00538e+06
3.03051e+06 2.97101e+06 3.06553e+06 3.0086e+06
3.0379e+06 3.0139e+06 3.08829e+06 2.9447e+06
3.12731e+06 2.89076e+06 3.09333e+06 3.08747e+06
2.96746e+06 3.1001e+06 2.99582e+06 3.03326e+06
2.96523e+06 3.07593e+06 3.03297e+06 3.1533e+06
3.01424e+06 3.05648e+06 2.99406e+06 3.01592e+06
3.0808e+06 2.93259e+06 3.01403e+06 3.11941e+06
3.07105e+06 2.92937e+06 3.15061e+06 3.01309e+06
3.02436e+06 2.97513e+06 3.08219e+06 3.01194e+06
2.94148e+06 3.10015e+06 3.0308e+06 2.91582e+06
3.07158e+06 2.95136e+06 2.98566e+06 3.07149e+06
3.02671e+06 2.98474e+06 3.02896e+06 2.98112e+06
2.99308e+06 3.03985e+06 3.00756e+06 3.01439e+06
3.10416e+06 2.98218e+06 2.95714e+06 3.01165e+06
3.06133e+06 3.04601e+06 2.95622e+06 3.03771e+06
2.95337e+06 3.11594e+06 2.98099e+06 3.03206e+06
3.10616e+06 2.92776e+06 3.01438e+06 3.05634e+06
3.03262e+06 2.96257e+06 3.14815e+06 3.02872e+06
3.01617e+06 2.95794e+06 3.06051e+06 3.08457e+06
2.94607e+06 3.09098e+06 3.03835e+06 2.97324e+06
3.09438e+06 2.98234e+06 2.97136e+06 3.00338e+06
2.97296e+06 3.10101e+06 3.04636e+06 2.91048e+06
3.07395e+06 2.90471e+06 3.11274e+06 3.09395e+06
3.08501e+06 2.9029e+06 3.04986e+06 3.06876e+06
2.98124e+06 3.03454e+06 3.02239e+06 3.01316e+06
