544 14.0237
183310 172138 205622
191410 181351 164851
216636 152070 186313
192686 168808 173350
212504 148679 198841
178829 189170 197053
202707 174987 163390
198611 157286 181654
185960 178495 173575
187089 164579 181807
183863 180186 176230
183863 180186 176230
203725 155885 184276
182901 180666 179414
195159 177214 164196
199030 156779 201566
203634 175249 163013
197857 182334 162386
190769 161180 184374
199347 154434 188814
190318 169542 174789
196954 158636 181249
189884 176248 167313
202183 163837 168296
182902 181767 178019
189361 166920 177202
194893 157432 190408
207294 171032 161753
210508 155584 177725
194963 157301 190264
178946 194733 193798
216504 156945 176617
195072 175366 164855
179664 175989 180677
192861 161517 183227
191172 164724 180452
199204 158651 177409
197857 182334 162386
199341 157680 179351
218417 167510 165816
187196 178928 172502
186185 172020 173762
186342 171666 178025
185048 172723 181764
189025 178399 166834
192215 182692 164800
204023 154407 184686
210110 169719 163864
184352 171613 192087
193369 159176 193331
189078 182406 166628
188804 177804 169805
192511 184073 162658
204087 157318 171479
216174 148153 198522
185515 172445 179676
203957 167473 167107
195478 161086 182495
183604 171875 197839
209736 156197 176678
188936 161156 193036
197361 182233 162546
191251 162416 174256
194673 182916 164580
191201 167975 173527
198048 164204 167218
207286 175126 163064
182895 185590 167979
197072 156624 207678
202734 155694 184579
193032 164980 168804
179664 175989 180677
202824 170340 163094
200660 167977 166071
194663 161288 182554
205165 162624 168291
201186 155632 184871
184291 169546 194436
203623 156256 180367
209524 156701 178642
183666 176465 178399
183935 174959 179336
202605 162571 168648
189732 162100 187406
183936 170882 197531
196384 159820 177734
195627 163389 170835
190432 165851 181536
188582 178477 172610
190953 171473 164894
183629 170915 198388
189169 175935 167552
192048 169620 172396
191827 160238 183658
188425 179695 167029
189623 164313 183763
184049 177986 176330
200788 175768 162867
202374 154487 186090
188120 166083 178923
188308 172844 173223
179642 175955 198007
200866 157160 186354
196980 161580 173555
197413 162634 169481
211210 149491 186753
194274 181981 164830
191891 183325 163923
187031 166134 189428
189667 166825 176666
206945 150698 195229
185265 162355 191966
201825 161780 173374
189496 160219 195694
183681 182822 175103
188626 168141 174869
206143 153269 180064
198616 170844 167143
202941 160582 173158
185483 179945 172055
190636 171440 168418
185309 174610 173917
182345 182548 175890
178317 182891 197083
187643 178754 171654
199945 153370 205318
186890 184075 163027
184095 177492 176824
186700 161194 208036
188929 163897 191147
182388 181889 180251
210337 178075 161521
184315 179261 173233
185695 172010 178398
192536 159421 194888
199104 153611 190279
190644 166742 178820
182511 174126 182099
188399 164523 187949
199697 160700 174325
181755 172498 183498
198896 173501 163904
197340 169391 167317
203751 156099 181443
179378 184515 174916
204398 153442 200667
195269 158054 185199
188602 176716 171286
189770 177104 164951
185844 165109 189955
202734 155694 184579
179173 179265 186505
184506 166335 183550
198230 157435 185041
185188 182589 167224
203580 157748 178270
205776 150895 187572
191648 161316 205868
193529 160564 217534
186577 166162 203798
210164 150826 207571
179564 179385 202395
187253 166024 207249
187293 173759 182335
189013 170103 178002
182015 174829 199237
209972 168413 166670
188123 169340 179275
179574 179880 194617
199426 161433 178642
215932 173210 164444
194687 171481 168657
193519 161710 195315
210606 164837 168659
192106 164800 182856
197694 160158 184673
180574 176483 195384
216601 151064 196980
184187 176669 185002
188595 172294 178805
197061 160547 184160
179575 179569 188524
222128 149371 212101
193651 159685 195308
185296 172703 186740
189471 164551 188401
208760 163338 169596
198892 169059 169594
187340 173405 181508
195608 160483 189322
200244 160273 180056
187294 169726 183825
195229 162107 182886
194160 161058 194020
193881 168061 175424
193248 161206 201338
179244 194385 198727
184302 174862 188513
209123 152806 189848
184899 175507 187092
181494 176947 181654
200997 159235 181112
194788 171172 170094
186932 167370 184955
187703 173027 179105
195888 159302 189784
196211 160615 188963
187908 162490 193774
215302 155164 181394
218854 149841 193828
193548 168207 176015
216655 149918 194331
185820 172050 182879
196737 160170 186116
197037 158787 194356
196515 162463 179447
191688 163245 192691
181370 185323 184187
206044 159019 174470
190128 164957 183687
196087 160802 187017
193132 168374 176189
208193 163549 170833
198903 160810 183910
217475 151081 191061
192748 161977 194115
195877 158054 207804
190921 165220 182570
210595 155015 185059
191839 172885 173678
182213 175874 186757
179446 186032 175667
182155 173273 192779
184641 170352 189840
193627 161170 197793
190213 166655 179320
199767 160651 180765
195413 166695 172113
216655 149918 194331
201253 167394 168729
192751 162256 187779
199800 157356 193293
190604 174415 173630
185149 174753 187953
211252 160760 171614
194929 183291 164866
194006 166842 176064
190299 178823 170954
188558 167275 185547
191624 163778 183668
200752 164630 173827
185419 167378 189050
180816 177310 188820
190982 164356 190384
200448 155889 203381
211918 151355 189097
207365 155589 180714
195068 161091 184197
182395 172539 196157
189538 179076 173840
189105 181527 169869
210350 155067 184666
199637 165808 172282
188060 165551 190437
185469 168735 185494
195571 166576 173560
211337 154123 185837
188216 168688 183965
195970 159030 192397
183894 173651 192240
191111 180764 169486
185535 173764 182402
196088 161869 182707
193821 170224 172291
189893 187059 165661
211870 153927 187642
205919 152794 199207
197392 158707 204070
191719 165267 182152
201253 167394 168729
206526 160088 174284
184911 166692 189887
188562 165321 186719
207140 154141 185962
182741 175737 188476
195877 158054 207804
187461 174259 174084
220906 151131 190616
212887 155473 182175
196633 166914 169989
192606 165429 181377
194870 186731 164278
203202 160991 177777
196176 164670 172734
208410 151189 195369
188976 167561 180703
185697 184410 167932
189416 168412 174905
216873 149591 195763
206526 160088 174284
203137 166321 167814
195284 160662 188572
192715 162474 177214
198999 158154 190032
205895 159927 176109
196915 166595 170252
191211 180522 168992
198579 161840 174920
189218 183274 167145
184540 186541 173603
205419 174993 164020
186317 168560 184708
216642 152622 188315
190879 175240 172119
202279 179378 163803
192751 162256 187779
209036 159746 173968
197656 158316 185700
198387 166528 172554
193303 168916 173081
187205 181105 174348
188805 167474 184212
189946 182173 167210
210554 162581 172022
191708 166070 179372
203930 169518 166767
198915 175265 164422
186745 181822 175414
192825 173437 168547
204067 154164 193821
191285 184632 164582
192881 170796 173811
206223 153920 194211
185933 174636 176087
196773 175656 167018
201253 167394 168729
205515 156665 180813
192178 178630 168129
190125 181289 168393
191639 166418 178962
196300 169840 171177
205410 166215 170690
187197 184851 166328
203913 156400 181248
209253 157706 176085
193679 178498 164922
188079 181169 171877
205584 176293 163211
193272 163831 176079
197646 177457 165925
202881 161572 177524
203097 157236 185711
187209 182277 172671
206498 158325 178445
191432 173489 169663
189540 180707 170042
205039 158852 176267
195596 164483 174923
196975 175269 166393
198212 161793 175023
184981 185990 173079
208025 152641 192144
203097 157236 185711
197410 169485 167967
203127 163281 172118
191273 175456 169176
186251 183669 171379
191458 166872 177021
204843 160724 175127
203752 163096 173316
200126 155983 190304
193039 167233 176733
193517 182012 166164
203524 172685 164842
183794 183597 175677
209036 159746 173968
203985 155554 186773
185130 181090 176120
203651 160525 178210
190070 179213 172359
192881 180099 167991
183030 184442 177224
201243 157074 187078
185432 176352 177164
