4217 40.1093
165419 105613 100966
165419 105613 100966
147389 126543 106404
146876 94958 134494
132651 99055 145607
123900 106982 126409
132651 99055 145607
160303 100383 114393
128556 102412 136385
157414 124642 103574
137635 110224 112140
126311 112713 124919
128506 107416 115257
125268 117350 114764
143846 120497 108126
131103 99335 130537
155294 95313 126377
127244 114855 121794
142258 120537 106938
135679 99108 120687
130715 101265 127042
157414 124642 103574
154120 96217 118389
151977 111478 105492
136088 97127 124202
139699 98515 122891
125200 123187 124082
125268 117350 114764
141029 97922 117504
124127 104708 132370
133630 110247 110928
131103 99335 130537
151977 111478 105492
125200 123187 124082
147389 126543 106404
154120 96217 118389
130795 100742 115453
157927 95249 122796
143928 104159 109184
150465 111046 105757
149888 101478 113155
142104 113497 110666
129623 101027 133568
128556 102412 136385
148095 103714 111408
149700 97156 114425
149816 102257 107415
150424 106712 106066
143481 113356 109946
128855 102902 132067
147039 100583 113240
127244 114855 121794
141029 97922 117504
137528 97529 123942
132605 101181 115404
142836 95444 121073
129623 101027 133568
142105 113986 109984
148095 103714 111408
145266 105199 106638
146728 101362 114552
137528 97529 123942
127546 103218 132153
153245 105003 106909
128855 102902 132067
146876 94958 134494
153245 105003 106909
142836 95444 121073
145782 102292 111795
140549 113436 110834
139699 98515 122891
145266 105199 106638
126490 104819 122706
143362 102363 115031
144078 110942 108155
144078 110942 108155
123900 106982 126409
133630 110247 110928
127546 103218 132153
126490 104819 122706
144078 110942 108155
145782 102292 111795
140136 104002 112164
135679 99108 120687
142105 113986 109984
140136 104002 112164
130715 101265 127042
157927 95249 122796
150424 106712 106066
140136 104002 112164
165419 105613 100966
145266 105199 106638
130715 101265 127042
130715 101265 127042
161909 104780 118661
149740 112496 110127
148651 100799 129737
144011 102500 134316
137637 128196 133442
141301 122000 118342
155437 104793 111762
145609 114654 124714
161347 103486 119753
144059 106161 126272
153856 105865 110943
143485 109719 125156
148242 111129 124273
142762 103708 128023
147150 112445 121944
147156 113068 120783
154500 101879 129247
168165 123255 110977
157439 105131 117727
149706 109124 129818
147889 115995 126235
155026 113161 122105
150462 119882 113580
155384 111195 118970
154421 114969 117476
155717 120407 111393
156285 109138 125832
151751 115262 115177
151791 112643 125945
156082 109860 113974
162655 108478 121947
159156 107890 124877
158805 110360 115276
150675 130371 124989
150130 110195 130365
150851 126656 120656
155540 122511 117949
152812 113157 127012
154985 119640 122636
160952 110164 123821
155665 122418 115702
150449 117464 128559
151471 112386 130028
156902 110983 122963
155981 115919 122701
152298 116243 123176
156815 112599 128115
165191 123158 121106
161327 108141 125054
156055 124055 123411
150892 116765 133388
160201 109908 126369
156642 114537 130529
151981 119783 129235
162822 113516 123188
152589 118209 125682
163856 110257 123366
154300 116289 131429
151881 120734 131540
159836 115862 129303
159920 113275 125361
158653 123577 125145
159223 113352 132491
166193 121294 123341
163010 110319 138210
152631 125230 127103
151712 118192 137251
158042 118338 132358
160394 111580 127086
160433 110807 129168
166169 123198 124069
155517 118562 125755
155046 120999 127037
164138 111216 126037
174295 112575 126667
169095 127591 124549
162608 111515 132824
154706 120627 137770
164862 123250 127328
163768 117887 132807
155238 124344 134466
159804 126162 131416
164580 119941 130914
158079 118719 133106
155596 127004 127054
160535 133156 138884
164285 102982 100145
154197 113673 92355
148732 93498 124572
142895 134604 108618
126568 106045 142316
119376 122568 132695
164285 102982 100145
139470 124422 110598
143965 133470 109727
157197 96555 111426
144670 101529 100405
154197 113673 92355
149030 100454 115274
138362 99920 136822
121849 112106 126769
143382 98922 136118
133911 104387 122414
147314 99275 127986
135771 102438 127883
148732 93498 124572
132063 120544 119128
129180 117844 122346
127519 116355 123167
157197 96555 111426
121849 112106 126769
119376 122568 132695
137567 112151 114327
128688 109799 134143
136076 103635 120019
133775 107551 130164
132911 108688 131797
133287 110957 128725
139470 124422 110598
140732 113204 112150
126771 121631 124678
133782 111816 125102
132063 120544 119128
131859 114633 123953
126848 118800 123470
142671 103088 124478
140044 108204 112944
143687 97220 128707
131321 116045 121279
131484 111309 130617
126848 118800 123470
140732 113204 112150
132152 115638 112460
136137 103303 123171
131956 109711 133160
143965 133470 109727
131321 116045 121279
140044 108204 112944
130479 111178 133891
138298 108754 114965
138298 108754 114965
133849 100278 128450
137567 112151 114327
140339 114311 110013
130479 111178 133891
131588 109950 133317
143687 97220 128707
144670 101529 100405
140280 99449 133245
129483 103069 134043
140339 114311 110013
131588 109950 133317
132427 110965 130180
132152 115638 112460
133775 107551 130164
131997 111028 130600
142671 103088 124478
144670 101529 100405
136137 103303 123171
129483 103069 134043
132427 110965 130180
144670 101529 100405
132427 110965 130180
144670 101529 100405
144670 101529 100405
144670 101529 100405
144670 101529 100405
144670 101529 100405
144670 101529 100405
144670 101529 100405
144670 101529 100405
144670 101529 100405
144670 101529 100405
144670 101529 100405
132427 110965 130180
171060 115235 114210
162564 122640 112302
161856 112556 120488
143147 112800 134508
138956 119212 130933
148202 119800 116324
154323 115934 120498
143872 118905 119250
151051 115626 126763
159268 113097 125182
156468 114580 124087
144998 114889 130804
148833 115749 123087
173377 118646 119465
166649 136282 116376
159339 146078 123139
151214 115228 141747
145385 119131 141264
163751 124880 118212
158540 116287 127160
148863 120381 134177
145385 122584 132136
153683 117769 123144
148006 123208 124544
151690 117322 134099
151513 121775 124168
170214 126215 119063
157853 137571 123374
152167 119438 144392
151494 120921 146895
146262 130395 135487
149547 130592 126694
158644 121613 137828
166587 129897 121221
147769 124576 132997
153593 124050 124278
167613 127031 123529
147121 129867 134631
152963 126940 124685
166706 121308 124489
175220 128825 125149
172612 123596 132624
168900 123668 143769
156162 140535 126534
149391 130246 134983
155510 137571 128993
149737 130584 133786
153341 126314 141245
161983 125724 127712
165789 125805 127418
156981 124265 137966
153407 129907 138014
155617 128342 137399
156287 138948 125819
156654 126922 125354
172855 125464 140157
161180 127905 125785
161105 128080 144842
151958 142080 137107
159188 135832 132202
163524 127257 139926
153908 132316 134041
161014 130436 126749
156550 132169 137931
158321 129881 143441
160516 128172 135861
159260 134400 126200
163494 127554 143034
167202 128157 131168
161739 135108 128978
154887 133454 145346
153561 153980 138369
153525 151707 143356
156973 135597 134861
160653 128593 136266
165233 133055 129448
165309 129019 130142
160800 128494 139682
154245 133911 139518
172541 128322 134098
164741 146295 130772
160365 135364 144012
166844 135324 135812
162331 137694 135645
168879 144900 133109
171090 132583 131366
170532 134211 132621
180192 148238 135461
174105 135026 139901
168844 149136 132304
167631 135538 142118
164285 102982 100145
154197 113673 92355
148732 93498 124572
136577 100441 142721
130520 148662 119913
121070 103176 123811
148232 96645 129386
130028 125136 120088
121070 103176 123811
146875 100343 135505
141649 101776 140179
134782 139142 108613
146848 95712 136172
151136 125525 98250
154197 113673 92355
132990 144397 110267
132990 144397 110267
134034 112910 120544
150493 122336 102299
148089 104073 113444
134029 122554 123313
150358 128674 99907
144215 111503 112267
140873 116011 110882
139446 131472 110439
134698 133768 117698
160798 107345 110872
142226 120494 105430
152371 117785 106027
160798 107345 110872
163623 103905 107712
138492 134354 109998
148732 93498 124572
146336 129340 101897
149441 126638 104779
157197 96555 111426
158303 111346 108898
161489 112191 105941
132780 131180 120066
150629 124152 102040
152013 108586 109207
140074 126938 102176
140032 135919 107458
135231 122791 119453
147541 136994 100397
157197 96555 111426
154916 112104 109050
147541 136994 100397
152588 114717 107324
136725 129599 110699
142378 112115 108864
135749 120139 115755
153080 107963 112339
146674 118479 106819
158303 111346 108898
145635 119143 106845
147035 100354 118811
154044 114004 107395
145002 120014 107287
145948 109705 114961
151136 125525 98250
141668 108043 116179
131888 113256 123408
137503 110058 112492
135680 102646 116728
140874 109844 114839
137503 110058 112492
149883 103619 114364
149234 134094 100163
151376 113247 108668
139757 126277 110645
138492 134354 109998
154916 112104 109050
135526 125229 119261
134698 133768 117698
131888 113256 123408
161489 112191 105941
144800 120385 105989
163623 103905 107712
137199 125934 113091
137199 125934 113091
149883 103619 114364
150163 119030 105990
164285 102982 100145
149441 126638 104779
147909 109158 110212
135680 102646 116728
147909 109158 110212
169597 117450 117939
161455 137147 112615
161254 106934 129393
143229 132457 126231
152260 118561 115214
149822 108130 120976
145496 122930 126869
145602 122473 125752
147098 110860 128625
156834 117353 118517
145697 114750 127808
149633 116426 118739
170348 121986 119126
163093 110371 141033
162404 126127 116017
157195 156501 123417
145726 121147 132679
145868 140682 128051
160367 131992 122033
161331 116140 125625
155361 128720 124185
149672 120235 127851
151350 125815 126207
155054 121432 126451
158200 123046 122172
157699 113008 130009
151016 119906 129872
160392 122322 116645
162660 112175 128822
173308 144250 118764
160117 115481 133098
150945 149561 133099
150397 129485 135068
163158 124066 120944
159174 141421 126558
168624 118101 129468
166125 122123 128376
160558 137872 126620
152254 123183 132982
154882 124410 131171
155403 123270 127442
160390 121641 129777
154581 126202 127468
161279 139498 126618
154759 126843 126798
185186 120112 134912
164197 129907 121447
159228 143377 130352
153968 128990 142188
153028 132727 139890
170448 128135 130635
163133 140248 127173
159836 138301 128299
161789 130611 137688
155293 132990 133722
155016 136198 132716
163749 129417 123832
169237 122558 131537
162849 124142 135867
168114 129768 122204
165090 123272 132199
162549 130001 136028
173785 124860 139802
165513 131648 125190
162190 143881 137014
155607 137287 148614
154758 137511 143542
157682 139727 141506
167907 131149 129840
166764 129409 134660
163894 133922 127694
162892 131422 136382
169145 132209 128569
167089 129666 141976
166726 136508 127074
164093 135570 149913
161378 150234 145782
164593 137723 133961
163582 144185 145972
166886 133553 138057
163922 145883 128720
163904 137176 144561
169643 132345 129667
167136 147430 141261
166507 150440 139782
167966 140683 132484
171487 149428 130680
171269 135450 140317
168012 141352 133886
170641 138448 137289
171759 135637 141266
172018 146297 150011
157197 96555 111426
154197 113673 92355
148732 93498 124572
137177 143874 107690
122488 124370 152507
122193 139650 127984
154197 113673 92355
143642 124324 102041
138616 132502 112056
141347 100813 111395
138370 134681 107064
149385 101824 98874
123448 120597 146406
146502 127413 97482
127402 113817 140614
157197 96555 111426
146502 127413 97482
146161 118986 108481
131738 139268 112949
132964 138363 119199
137177 143874 107690
132837 103357 134181
148897 117022 103190
126545 111689 151020
148190 121557 103970
133944 106571 131211
123448 120597 146406
136531 98547 125270
139620 107068 125128
127635 114103 129163
123917 120289 135189
148732 93498 124572
143141 125280 106919
138637 125932 105530
129771 106483 133185
134524 111281 121484
137754 112845 116506
128333 108040 135191
132479 119688 122320
128876 105698 140400
135356 122068 112637
133584 102309 140242
139412 114292 109788
141958 98205 136623
135957 106451 127516
138731 110377 121351
147201 118187 107441
147172 122629 108345
136328 113784 116115
147547 122211 106055
129672 113548 133441
146972 115333 109328
132933 109196 123347
149385 101824 98874
125528 120015 136666
131036 112306 126208
128998 125020 120481
128393 106066 135855
139129 111407 119414
125989 119662 139585
131036 112306 126208
149385 101824 98874
126545 111689 151020
141958 98205 136623
132964 138363 119199
122488 124370 152507
122534 122312 124767
133860 101482 138197
128347 119406 126415
133860 101482 138197
137754 112845 116506
139540 109705 112889
126305 119608 139704
127403 115190 136987
128705 114214 123391
125528 120015 136666
127403 115190 136987
128998 125020 120481
146972 115333 109328
136328 113784 116115
128705 114214 123391
122534 122312 124767
149385 101824 98874
149385 101824 98874
149385 101824 98874
149385 101824 98874
146972 115333 109328
146972 115333 109328
155761 108390 135137
155481 114606 111288
150558 127173 126344
138734 125241 126624
138863 121396 128396
151961 122388 119935
152544 121401 126247
170013 124666 117415
155611 118295 121907
143765 134121 144032
142893 135021 132090
150312 124975 135983
154648 122522 125998
145989 127622 130381
149039 132189 128205
145825 130641 131837
154987 122958 120893
163344 130673 121379
156235 119176 134487
155624 122585 143413
143005 142183 132137
146016 133301 137186
153714 132375 139873
158981 126534 123316
154617 141939 131725
159256 121247 122440
156832 125437 129552
156386 130819 128383
154602 128745 133069
155810 119755 134698
155171 125692 138830
155976 131993 131279
164969 122117 126206
159598 139852 125303
158035 120354 146016
149561 146666 135928
146711 135556 148616
154708 141938 136582
157079 131265 142196
162806 122242 130971
159531 125158 130792
156922 133708 131991
158698 145776 128978
157774 132023 134663
164034 121684 127639
159157 134858 130119
177628 125038 131815
166008 122856 141194
165157 144592 126516
158045 135068 146665
157080 148893 132303
159791 128224 133374
157730 143145 146500
177202 134649 127303
161921 128146 136478
173161 125945 133325
164893 125941 138221
158032 138331 136974
169111 126717 129094
167052 126852 137592
169223 126776 128591
165820 135836 127924
179571 138008 128677
173883 145912 127344
172191 127527 137024
158252 151143 142727
161259 143518 138406
170140 141428 129689
161528 129867 142035
171208 133870 134103
171746 133768 130468
166393 136953 135212
163575 132110 135889
162301 131759 137261
161550 136941 135564
163052 137409 134384
172468 132828 144842
171538 145648 136153
163593 142767 146023
161700 159044 145945
165689 134626 142734
166473 148817 140600
168533 140577 138657
169122 137443 136891
166581 138207 140862
178161 144274 136919
173572 137599 144282
165201 157241 146117
173279 138434 137138
167008 138093 145720
169070 148398 150384
166380 160332 152414
