68 4.63364
309401 284143 257765
309401 284143 257765
299196 340325 298522
294956 331544 327599
294956 331544 327599
304074 329684 290610
299051 323118 325019
294956 331544 327599
306002 310322 315289
309401 284143 257765
308493 296706 317152
304074 329684 290610
302658 299651 320609
301909 332971 307285
305828 323343 296126
300289 329852 317379
309166 316239 310047
302187 339533 300064
307834 322824 299020
306002 310322 315289
299385 320027 323490
309166 316239 310047
305828 323343 296126
303938 303521 319390
299385 320027 323490
301909 332971 307285
308633 321591 306077
308493 296706 317152
303719 332091 314681
300289 329852 317379
302187 339533 300064
305828 323343 296126
303719 332091 314681
303938 303521 319390
309166 316239 310047
302187 339533 300064
302658 299651 320609
307834 322824 299020
302658 299651 320609
308633 321591 306077
294956 331544 327599
308633 321591 306077
307834 322824 299020
302658 299651 320609
294956 331544 327599
303938 303521 319390
308493 296706 317152
299196 340325 298522
301909 332971 307285
303938 303521 319390
308633 321591 306077
301909 332971 307285
301909 332971 307285
303938 303521 319390
303719 332091 314681
305828 323343 296126
308493 296706 317152
304074 329684 290610
303938 303521 319390
307834 322824 299020
299196 340325 298522
307834 322824 299020
300289 329852 317379
309166 316239 310047
308633 321591 306077
308633 321591 306077
308633 321591 306077
308633 321591 306077
308633 321591 306077
308633 321591 306077
308633 321591 306077
308633 321591 306077
308633 321591 306077
308633 321591 306077
308493 296706 317152
308493 296706 317152
308493 296706 317152
308493 296706 317152
307834 322824 299020
307834 322824 299020
307834 322824 299020
306002 310322 315289
306002 310322 315289
305828 323343 296126
305828 323343 296126
305828 323343 296126
305828 323343 296126
305828 323343 296126
305828 323343 296126
305828 323343 296126
305828 323343 296126
305828 323343 296126
305828 323343 296126
305828 323343 296126
304074 329684 290610
303938 303521 319390
303938 303521 319390
303938 303521 319390
303938 303521 319390
303938 303521 319390
303719 332091 314681
303719 332091 314681
303719 332091 314681
303719 332091 314681
303719 332091 314681
303719 332091 314681
302658 299651 320609
302187 339533 300064
302187 339533 300064
302187 339533 300064
301909 332971 307285
301909 332971 307285
301909 332971 307285
301909 332971 307285
301909 332971 307285
301909 332971 307285
300289 329852 317379
300289 329852 317379
300289 329852 317379
300289 329852 317379
299385 320027 323490
299385 320027 323490
299385 320027 323490
299385 320027 323490
299385 320027 323490
299196 340325 298522
299196 340325 298522
299196 340325 298522
299196 340325 298522
299196 340325 298522
294956 331544 327599
294956 331544 327599
294956 331544 327599
294956 331544 327599
294956 331544 327599
294956 331544 327599
294956 331544 327599
294956 331544 327599
294956 331544 327599
294956 331544 327599
294956 331544 327599
294956 331544 327599
294956 331544 327599
294956 331544 327599
294956 331544 327599
294956 331544 327599
294956 331544 327599
294956 331544 327599
294956 331544 327599
317407 288539 278422
317407 288539 278422
313519 346738 289129
306453 321248 320103
304451 330872 318904
305300 338645 304889
311339 306455 289979
313519 346738 289129
307674 329888 312447
309812 312723 308535
305300 338645 304889
317407 288539 278422
313364 302360 308843
317407 288539 278422
313364 302360 308843
307319 330503 311386
309995 322451 306540
307674 329888 312447
311339 306455 289979
306453 321248 320103
310615 317261 308334
311339 306455 289979
309995 322451 306540
304451 330872 318904
309812 312723 308535
310615 317261 308334
310615 317261 308334
313364 302360 308843
311339 306455 289979
313364 302360 308843
317407 288539 278422
317407 288539 278422
317407 288539 278422
317407 288539 278422
317407 288539 278422
317407 288539 278422
317407 288539 278422
317407 288539 278422
317407 288539 278422
317407 288539 278422
317407 288539 278422
317407 288539 278422
317407 288539 278422
317407 288539 278422
317407 288539 278422
313519 346738 289129
313519 346738 289129
313519 346738 289129
313519 346738 289129
313364 302360 308843
313364 302360 308843
313364 302360 308843
313364 302360 308843
313364 302360 308843
313364 302360 308843
313364 302360 308843
313364 302360 308843
313364 302360 308843
313364 302360 308843
313364 302360 308843
313364 302360 308843
313364 302360 308843
313364 302360 308843
313364 302360 308843
313364 302360 308843
313364 302360 308843
313364 302360 308843
313364 302360 308843
313364 302360 308843
313364 302360 308843
313364 302360 308843
313364 302360 308843
313364 302360 308843
313364 302360 308843
313364 302360 308843
313364 302360 308843
311339 306455 289979
311339 306455 289979
311339 306455 289979
310615 317261 308334
309812 312723 308535
309812 312723 308535
309812 312723 308535
306453 321248 320103
305300 338645 304889
352043 298860 318432
323503 342977 289339
316633 309791 334404
316600 350847 297748
309201 336376 331689
332431 302360 323166
345937 332312 292229
325960 334827 296372
340828 303642 316679
319375 315604 300124
313749 322329 319012
318065 326160 307336
320363 315483 320957
313305 328339 328395
350096 334220 290159
317716 340059 304570
317826 328153 314834
317309 347809 304652
323036 304513 297425
341783 327276 297050
315688 335975 306348
313360 326866 327947
367865 314343 303684
353977 337218 292141
329716 304833 308739
324721 317185 333496
316429 343845 318247
364295 323673 297664
345338 325931 299743
353642 335895 294219
338878 335168 296894
322746 319354 328646
321139 322069 329396
323020 331267 323981
324745 316076 300451
321058 341772 309023
323540 323454 312175
322835 334262 322467
318888 332104 323752
340493 326418 300273
324450 328129 311309
323915 335312 305337
323322 343121 302536
321990 334770 309823
356114 306918 330781
348684 343654 296996
324906 357590 302449
323601 337782 338276
344487 357503 299636
351807 315391 309553
336399 318910 304443
343504 307445 324799
328005 328690 305616
333899 316797 317251
324835 322944 329102
332709 315711 334795
346095 313086 312676
324991 336000 322816
330555 334881 301803
325813 327741 310119
332154 319394 306448
324561 339291 310595
334903 333120 304886
335353 311976 314788
336211 308325 314119
324199 343642 316560
324081 334999 324899
325093 321464 312877
353635 311455 320836
352010 316984 341815
351480 343074 302786
337587 352133 304382
325174 334419 320811
353154 314470 331972
335910 319801 322237
343337 317669 317534
335363 340431 306226
329612 336069 310834
331710 328876 307645
326769 341909 312865
350259 321422 305393
346764 317134 320690
325812 324345 315975
347412 336025 304232
341628 320337 308836
329084 349657 307050
340076 320437 315857
330321 330074 314259
332679 343899 305595
326253 347270 314384
329812 323653 318839
328352 345009 307604
328687 332493 314514
332307 322336 308502
352442 320579 306140
330149 333282 307541
328435 340595 315905
366007 323313 318778
355649 317523 333199
351600 330590 305991
329127 355060 307670
325921 348537 340305
343427 320239 323252
331849 324736 326400
332334 322704 320036
330927 326750 332505
336317 341797 308533
325997 337692 336740
345407 343521 308358
341595 347680 306308
349064 338135 308109
326192 328376 317042
330440 336532 316765
334726 331494 313072
348092 324054 312476
339528 327974 308933
344627 325116 314391
329083 343180 313730
334993 326766 310913
331494 334209 313061
341115 323995 318693
339622 325479 310207
330534 334849 309949
342378 337956 308634
373169 324681 317101
354510 343113 306977
350394 321139 337409
332346 355219 311979
330748 328748 341477
328226 336508 321875
363020 335309 307575
351008 322933 324983
331124 327428 336022
351985 348225 308770
346590 326170 315517
358503 323200 324381
334666 339885 313429
342447 327660 317375
333312 340623 312277
341186 332336 310047
328357 334073 324137
339629 345083 309639
337762 330557 313810
337502 347074 310840
351864 324018 319167
336556 327357 323718
332513 345764 321553
338823 328309 314907
350542 331759 311203
339269 323315 322213
337130 325046 320658
336873 327050 319328
337099 330133 316090
337065 336011 316125
334072 328477 320760
358459 334571 310586
344614 324009 323364
339427 324189 334121
331011 354113 325882
328559 335656 326310
356202 331020 314482
341550 342325 312167
334830 350604 325805
335326 346048 318421
338144 328887 324479
344613 344268 311301
338531 338128 319119
348647 325349 323089
345555 336089 312612
338557 335265 318065
353993 326717 319776
339483 349723 311279
356332 336704 312169
338187 333765 319931
351974 343237 311091
349531 330984 320466
334842 329532 321506
350354 334876 313460
351352 330535 319546
340806 326472 322919
352912 329527 318626
335007 350118 313704
338435 326606 322791
360867 334522 315503
353627 348038 312292
343591 326609 324391
329794 359327 338729
343937 349008 315291
340942 329053 333782
331959 336774 327190
343258 327978 330875
357239 339516 313751
348216 347687 317869
336317 331942 326813
351245 333369 321792
354510 331458 320276
357129 341086 318378
349643 343637 312354
339411 344732 321114
336793 342369 325009
337174 346766 319640
338549 334178 323335
340135 335896 318440
338697 334639 322638
336502 346225 319648
349072 334310 320307
339844 342655 322488
340121 331909 321979
372366 339070 316022
350075 362785 315160
344064 326699 348468
334494 340055 342941
352946 350672 316048
338253 342756 327841
362022 339173 317545
361155 329032 325713
337674 339524 340177
349778 337232 321912
340578 333053 333392
343306 331278 335016
338789 337291 331226
346026 329998 324655
340655 338132 320139
351189 332338 324211
345195 329385 334860
341845 338018 322802
342174 337787 325455
365491 331173 327838
365314 345381 317916
355633 330428 338196
343012 348821 320585
339921 343753 338757
358246 338631 324633
349183 334472 330060
344225 335544 333644
352010 347292 320407
341981 340870 325558
351462 336937 327769
342320 346308 321697
346700 339617 320920
344896 332908 338369
341406 339131 326676
351541 339500 330767
349780 337437 340906
348278 343959 324378
346224 346781 329050
347622 340544 325673
351999 347100 324617
355359 347893 336240
353380 352309 325653
359687 313266 285800
345028 325761 276296
337664 293660 312433
302452 351985 295815
299059 336015 344206
293618 343558 299505
302452 351985 295815
359687 313266 285800
347407 306174 287192
310839 301659 321929
303025 315962 335646
300786 328734 306462
299059 336015 344206
299059 336015 344206
318244 294612 300298
329375 326099 284164
313830 322777 293592
299927 327823 331445
304415 309498 303777
299059 336015 344206
322960 320794 285293
317732 341196 284381
306219 303650 323706
319427 317766 285910
345028 325761 276296
298449 342994 320204
299927 327823 331445
337664 293660 312433
300786 328734 306462
338116 323219 281534
301062 322983 326036
315184 305079 311646
310113 323485 291546
293618 343558 299505
303025 315962 335646
310839 301659 321929
315184 305079 311646
307439 341490 287270
306219 303650 323706
322960 320794 285293
347407 306174 287192
345028 325761 276296
302385 321986 303104
347407 306174 287192
293618 343558 299505
302389 321202 317983
300670 327278 314407
345028 325761 276296
341559 309662 295465
300670 327278 314407
319427 317766 285910
301604 324582 305573
301604 324582 305573
332326 310692 287479
329375 326099 284164
329375 326099 284164
359687 313266 285800
332326 310692 287479
334852 313434 285496
332326 310692 287479
318244 294612 300298
340290 309880 287735
319208 314649 290473
304415 309498 303777
338116 323219 281534
334852 313434 285496
319208 314649 290473
301062 322983 326036
317406 319242 294046
317406 319242 294046
340290 309880 287735
338116 323219 281534
302389 321202 317983
298449 342994 320204
314652 305104 295560
322960 320794 285293
303090 310183 295567
298449 342994 320204
298449 342994 320204
317406 319242 294046
303025 315962 335646
340290 309880 287735
293618 343558 299505
341559 309662 295465
317406 319242 294046
334852 313434 285496
319208 314649 290473
300670 327278 314407
341559 309662 295465
347407 306174 287192
310113 323485 291546
307439 341490 287270
319208 314649 290473
310113 323485 291546
299115 328690 322814
318244 294612 300298
302389 321202 317983
302385 321986 303104
322960 320794 285293
317732 341196 284381
299115 328690 322814
299115 328690 322814
310839 301659 321929
299115 328690 322814
317732 341196 284381
317406 294282 312291
302385 321986 303104
318244 294612 300298
338116 323219 281534
310113 323485 291546
302385 321986 303104
317406 294282 312291
298449 342994 320204
303090 310183 295567
332326 310692 287479
314652 305104 295560
315184 305079 311646
301604 324582 305573
301062 322983 326036
318244 294612 300298
302389 321202 317983
334852 313434 285496
318244 294612 300298
317406 294282 312291
340290 309880 287735
307439 341490 287270
317732 341196 284381
317406 294282 312291
334852 313434 285496
341559 309662 295465
301062 322983 326036
301062 322983 326036
340290 309880 287735
341559 309662 295465
301062 322983 326036
319208 314649 290473
329375 326099 284164
317732 341196 284381
332326 310692 287479
307439 341490 287270
359687 313266 285800
337664 293660 312433
359687 313266 285800
319427 317766 285910
307439 341490 287270
303090 310183 295567
302389 321202 317983
299115 328690 322814
299059 336015 344206
303090 310183 295567
302389 321202 317983
359687 313266 285800
359687 313266 285800
359687 313266 285800
359687 313266 285800
359687 313266 285800
359687 313266 285800
359687 313266 285800
359687 313266 285800
359687 313266 285800
359687 313266 285800
359687 313266 285800
359687 313266 285800
359687 313266 285800
359687 313266 285800
359687 313266 285800
359687 313266 285800
359687 313266 285800
359687 313266 285800
359687 313266 285800
359687 313266 285800
359687 313266 285800
359687 313266 285800
359687 313266 285800
359687 313266 285800
359687 313266 285800
359687 313266 285800
347407 306174 287192
347407 306174 287192
347407 306174 287192
347407 306174 287192
347407 306174 287192
347407 306174 287192
345028 325761 276296
345028 325761 276296
345028 325761 276296
345028 325761 276296
345028 325761 276296
345028 325761 276296
345028 325761 276296
345028 325761 276296
345028 325761 276296
341559 309662 295465
341559 309662 295465
341559 309662 295465
341559 309662 295465
341559 309662 295465
341559 309662 295465
341559 309662 295465
341559 309662 295465
341559 309662 295465
341559 309662 295465
341559 309662 295465
341559 309662 295465
341559 309662 295465
341559 309662 295465
341559 309662 295465
341559 309662 295465
340290 309880 287735
338116 323219 281534
338116 323219 281534
338116 323219 281534
338116 323219 281534
338116 323219 281534
338116 323219 281534
337664 293660 312433
337664 293660 312433
337664 293660 312433
337664 293660 312433
337664 293660 312433
337664 293660 312433
334852 313434 285496
334852 313434 285496
334852 313434 285496
334852 313434 285496
334852 313434 285496
334852 313434 285496
334852 313434 285496
334852 313434 285496
334852 313434 285496
334852 313434 285496
334852 313434 285496
332326 310692 287479
332326 310692 287479
332326 310692 287479
332326 310692 287479
332326 310692 287479
332326 310692 287479
332326 310692 287479
332326 310692 287479
332326 310692 287479
332326 310692 287479
332326 310692 287479
332326 310692 287479
332326 310692 287479
332326 310692 287479
332326 310692 287479
332326 310692 287479
332326 310692 287479
332326 310692 287479
332326 310692 287479
332326 310692 287479
332326 310692 287479
332326 310692 287479
332326 310692 287479
332326 310692 287479
332326 310692 287479
332326 310692 287479
332326 310692 287479
332326 310692 287479
329375 326099 284164
329375 326099 284164
329375 326099 284164
329375 326099 284164
329375 326099 284164
329375 326099 284164
329375 326099 284164
329375 326099 284164
329375 326099 284164
322960 320794 285293
322960 320794 285293
322960 320794 285293
322960 320794 285293
322960 320794 285293
322960 320794 285293
322960 320794 285293
322960 320794 285293
322960 320794 285293
322960 320794 285293
322960 320794 285293
322960 320794 285293
322960 320794 285293
322960 320794 285293
322960 320794 285293
322960 320794 285293
322960 320794 285293
322960 320794 285293
319427 317766 285910
319208 314649 290473
319208 314649 290473
319208 314649 290473
319208 314649 290473
319208 314649 290473
318244 294612 300298
318244 294612 300298
318244 294612 300298
318244 294612 300298
318244 294612 300298
318244 294612 300298
318244 294612 300298
318244 294612 300298
318244 294612 300298
318244 294612 300298
318244 294612 300298
318244 294612 300298
318244 294612 300298
317732 341196 284381
317732 341196 284381
317732 341196 284381
317732 341196 284381
317732 341196 284381
317732 341196 284381
317732 341196 284381
317732 341196 284381
317732 341196 284381
317732 341196 284381
317732 341196 284381
317732 341196 284381
317732 341196 284381
317732 341196 284381
317732 341196 284381
317406 319242 294046
317406 319242 294046
317406 319242 294046
317406 319242 294046
317406 319242 294046
317406 319242 294046
317406 294282 312291
317406 294282 312291
317406 294282 312291
317406 294282 312291
317406 294282 312291
317406 294282 312291
317406 294282 312291
315184 305079 311646
315184 305079 311646
315184 305079 311646
315184 305079 311646
315184 305079 311646
315184 305079 311646
315184 305079 311646
315184 305079 311646
315184 305079 311646
315184 305079 311646
315184 305079 311646
315184 305079 311646
315184 305079 311646
310839 301659 321929
310839 301659 321929
310839 301659 321929
310839 301659 321929
310839 301659 321929
310839 301659 321929
310113 323485 291546
310113 323485 291546
307439 341490 287270
307439 341490 287270
307439 341490 287270
307439 341490 287270
307439 341490 287270
307439 341490 287270
307439 341490 287270
307439 341490 287270
307439 341490 287270
307439 341490 287270
303090 310183 295567
303090 310183 295567
303090 310183 295567
303090 310183 295567
303090 310183 295567
303090 310183 295567
303025 315962 335646
303025 315962 335646
303025 315962 335646
303025 315962 335646
303025 315962 335646
302452 351985 295815
302452 351985 295815
302452 351985 295815
302452 351985 295815
302452 351985 295815
302452 351985 295815
302452 351985 295815
302452 351985 295815
302452 351985 295815
302452 351985 295815
302389 321202 317983
302389 321202 317983
302389 321202 317983
302389 321202 317983
302389 321202 317983
302389 321202 317983
302389 321202 317983
302389 321202 317983
302389 321202 317983
302389 321202 317983
302389 321202 317983
301604 324582 305573
301604 324582 305573
301604 324582 305573
301604 324582 305573
301604 324582 305573
301062 322983 326036
301062 322983 326036
301062 322983 326036
301062 322983 326036
301062 322983 326036
301062 322983 326036
301062 322983 326036
301062 322983 326036
301062 322983 326036
301062 322983 326036
301062 322983 326036
301062 322983 326036
301062 322983 326036
301062 322983 326036
301062 322983 326036
301062 322983 326036
301062 322983 326036
300670 327278 314407
300670 327278 314407
300670 327278 314407
299115 328690 322814
299115 328690 322814
299115 328690 322814
299059 336015 344206
299059 336015 344206
299059 336015 344206
299059 336015 344206
299059 336015 344206
299059 336015 344206
299059 336015 344206
299059 336015 344206
299059 336015 344206
299059 336015 344206
299059 336015 344206
299059 336015 344206
299059 336015 344206
299059 336015 344206
298449 342994 320204
298449 342994 320204
298449 342994 320204
298449 342994 320204
298449 342994 320204
293618 343558 299505
293618 343558 299505
293618 343558 299505
293618 343558 299505
293618 343558 299505
293618 343558 299505
293618 343558 299505
293618 343558 299505
293618 343558 299505
293618 343558 299505
293618 343558 299505
293618 343558 299505
342679 316787 318621
335226 345844 300485
332352 321550 320704
327279 328808 315393
329599 338515 302599
337436 325303 304740
339323 320165 313632
329237 326538 309699
356390 322924 315015
336035 334829 311256
335618 362710 311589
331030 330226 328099
328320 338691 325993
339545 325605 322220
348316 323460 318646
352657 326960 312566
337703 330853 318229
331323 328330 325244
331927 335056 311901
355174 324823 324189
339703 339339 312507
332597 330910 331793
335868 331973 327734
343539 331391 325770
362160 343180 316965
346581 333877 328015
341032 352682 330893
342679 347162 326777
