9007 168.373
671941 709535
713471 652308
695304 646681
688328 696944
706263 641920
638916 678002
681932 642172
776955 725578
669526 675360
648846 675477
685543 693501
689827 710232
690331 663659
697443 671726
700609 647310
647804 669806
689541 672135
680655 718286
709885 650958
677873 689702
738960 687973
721777 668412
753947 709953
651234 690355
688763 691612
638524 672158
693697 651202
686721 648606
669299 689592
727214 643867
691208 629254
711959 680332
693580 658454
690634 607872
700106 627079
666563 664747
718831 661971
702535 675694
694061 658229
672404 668913
696736 663808
653417 679425
728971 653222
708208 664289
707629 678555
735730 679282
697938 667188
726920 682212
694126 674433
671744 681604
710631 686998
655940 671060
723188 675978
687038 611274
711238 691202
705298 671382
713300 643538
731631 649796
657840 653693
691054 639328
719160 666054
698246 682897
737389 689333
704867 639225
710575 671547
707632 662092
694640 682310
663565 663921
717800 646902
709275 725229
651502 677636
671095 653466
688017 682890
668583 675715
711318 671863
705119 673334
712509 660666
698242 632817
621030 682101
635218 668260
663637 645411
670648 682693
707453 650842
695535 673274
662115 681046
711396 694666
645881 678659
670516 693820
700327 640509
681178 667527
707486 663494
714124 675321
630059 659809
637034 704454
720525 656920
702436 671036
664439 683754
690930 676391
727255 676109
736253 663177
683789 728603
647810 663970
689924 673454
708340 617032
697725 671061
629124 681345
638452 658193
669589 660577
715976 667973
706018 642529
713960 611152
671475 689332
704359 639768
685247 681317
717552 672448
706752 685162
691084 675218
696356 664823
686565 676082
669884 694540
712228 647126
699478 668033
696261 670397
698285 661526
694803 615574
672765 687440
689533 666116
716976 699616
690226 625586
689317 644416
699537 672598
695134 669722
633663 664789
695119 733968
740174 705619
686513 673745
700162 603474
722579 635980
732377 653569
700357 641581
676689 654996
695624 671723
712067 622334
689434 707109
714318 602781
690759 644213
674082 650309
715383 705036
701498 667807
689602 673243
709041 599946
687753 668978
669730 658911
660318 662619
685217 665917
712328 654583
735278 753244
683262 680151
716131 646566
670701 701048
677901 670850
703461 657480
664868 674660
637927 677028
711762 629478
702530 680599
626764 664957
655003 682919
685027 661303
690374 655175
709102 680078
731664 663170
660915 669708
687231 666525
639383 680343
729496 690864
707823 703474
690883 674894
737797 701009
629491 669084
707830 611122
677033 685433
706647 677359
716231 676811
678171 690203
697461 666086
684928 719271
659742 665052
721976 685763
707484 625080
679765 656553
710655 669062
711292 666335
664787 713808
710187 647114
728777 683420
725677 711706
685768 713571
696376 621728
697222 607849
701000 670250
636600 682843
734465 699251
668139 703772
663993 700323
722488 711977
704164 672244
703599 619689
712968 646544
704347 645225
651023 662168
708567 666886
721545 687725
622957 664843
701949 634154
703967 654258
683400 682579
712542 672290
721948 693398
688128 659042
691453 671294
688130 670435
690361 699928
696799 698353
650052 665891
701250 672128
727810 639553
699092 658198
663255 694896
640893 682175
692824 724063
696543 693707
676839 720217
708319 667558
676043 672974
725734 656526
676433 665774
670158 713655
723839 694466
643191 670175
717164 633526
676004 647112
709919 669636
659113 673058
681105 687144
671839 668181
724166 667798
671159 627711
