42412 300.001
141692 86830 122584
136415 83046 123243
132211 116061 94737
125547 155787 157998
123906 152173 167289
134097 115067 99900
132922 88223 123425
136815 114454 98627
123906 152173 167289
141692 86830 122584
136815 114454 98627
141692 86830 122584
130824 124201 138902
129655 127622 150393
130041 144368 126081
129655 127622 150393
125547 155787 157998
126134 139132 145976
128619 133598 128177
128619 133598 128177
128375 144282 133520
126134 139132 145976
127188 143909 140528
130824 124201 138902
126925 153225 143833
134284 114752 98026
135909 114720 97449
132922 88223 123425
127188 143909 140528
128375 144282 133520
132211 116061 94737
126925 153225 143833
132942 115473 95832
132211 116061 94737
136415 83046 123243
130041 144368 126081
135909 114720 97449
136415 83046 123243
132942 115473 95832
134284 114752 98026
141692 86830 122584
134097 115067 99900
136815 114454 98627
136657 115082 97231
136440 115464 96307
136657 115082 97231
136440 115464 96307
134097 115067 99900
141692 86830 122584
136415 83046 123243
136815 114454 98627
136657 115082 97231
136815 114454 98627
136440 115464 96307
136657 115082 97231
136440 115464 96307
136657 115082 97231
136415 83046 123243
136440 115464 96307
136415 83046 123243
136657 115082 97231
136440 115464 96307
141692 86830 122584
141692 86830 122584
141692 86830 122584
141692 86830 122584
141692 86830 122584
141692 86830 122584
141692 86830 122584
141692 86830 122584
141692 86830 122584
141692 86830 122584
141692 86830 122584
141692 86830 122584
141692 86830 122584
141692 86830 122584
141692 86830 122584
141692 86830 122584
141692 86830 122584
141692 86830 122584
141692 86830 122584
141692 86830 122584
141692 86830 122584
141692 86830 122584
141692 86830 122584
141692 86830 122584
141692 86830 122584
141692 86830 122584
141692 86830 122584
141692 86830 122584
141692 86830 122584
141692 86830 122584
141692 86830 122584
141692 86830 122584
141692 86830 122584
141692 86830 122584
141692 86830 122584
141692 86830 122584
141692 86830 122584
136815 114454 98627
136815 114454 98627
136815 114454 98627
136815 114454 98627
136815 114454 98627
136815 114454 98627
136815 114454 98627
136815 114454 98627
136815 114454 98627
136815 114454 98627
136815 114454 98627
136815 114454 98627
136815 114454 98627
136815 114454 98627
136815 114454 98627
136815 114454 98627
136815 114454 98627
136815 114454 98627
136815 114454 98627
136815 114454 98627
136815 114454 98627
136815 114454 98627
136815 114454 98627
136815 114454 98627
136815 114454 98627
136815 114454 98627
136815 114454 98627
136815 114454 98627
136657 115082 97231
136657 115082 97231
136657 115082 97231
136657 115082 97231
136657 115082 97231
136657 115082 97231
136657 115082 97231
136657 115082 97231
136657 115082 97231
136657 115082 97231
136657 115082 97231
136657 115082 97231
136657 115082 97231
136657 115082 97231
136657 115082 97231
136657 115082 97231
136657 115082 97231
136657 115082 97231
136657 115082 97231
136657 115082 97231
136657 115082 97231
136657 115082 97231
136657 115082 97231
136657 115082 97231
136657 115082 97231
136657 115082 97231
136657 115082 97231
136657 115082 97231
136657 115082 97231
136657 115082 97231
136657 115082 97231
136440 115464 96307
136440 115464 96307
136440 115464 96307
136440 115464 96307
136440 115464 96307
136440 115464 96307
136440 115464 96307
136440 115464 96307
136440 115464 96307
136440 115464 96307
136440 115464 96307
136440 115464 96307
136440 115464 96307
136440 115464 96307
136440 115464 96307
136440 115464 96307
136440 115464 96307
136440 115464 96307
136440 115464 96307
136440 115464 96307
136440 115464 96307
136440 115464 96307
136440 115464 96307
136415 83046 123243
136415 83046 123243
136415 83046 123243
136415 83046 123243
136415 83046 123243
136415 83046 123243
136415 83046 123243
136415 83046 123243
136415 83046 123243
136415 83046 123243
136415 83046 123243
136415 83046 123243
136415 83046 123243
136415 83046 123243
136415 83046 123243
136415 83046 123243
136415 83046 123243
136415 83046 123243
136415 83046 123243
136415 83046 123243
136415 83046 123243
136415 83046 123243
136415 83046 123243
136415 83046 123243
136415 83046 123243
136415 83046 123243
136415 83046 123243
136415 83046 123243
136415 83046 123243
136415 83046 123243
136415 83046 123243
136415 83046 123243
136415 83046 123243
136415 83046 123243
136415 83046 123243
136415 83046 123243
136415 83046 123243
136415 83046 123243
136415 83046 123243
136415 83046 123243
136415 83046 123243
136415 83046 123243
136415 83046 123243
136415 83046 123243
136415 83046 123243
136415 83046 123243
136415 83046 123243
136415 83046 123243
136415 83046 123243
136415 83046 123243
136415 83046 123243
136415 83046 123243
136415 83046 123243
136415 83046 123243
136415 83046 123243
136415 83046 123243
136415 83046 123243
136415 83046 123243
136415 83046 123243
136415 83046 123243
136415 83046 123243
136415 83046 123243
136415 83046 123243
136415 83046 123243
136415 83046 123243
136415 83046 123243
136415 83046 123243
136415 83046 123243
136415 83046 123243
136415 83046 123243
136415 83046 123243
136415 83046 123243
136415 83046 123243
136415 83046 123243
136415 83046 123243
136415 83046 123243
136415 83046 123243
136415 83046 123243
136415 83046 123243
136415 83046 123243
136415 83046 123243
136415 83046 123243
136415 83046 123243
136415 83046 123243
136415 83046 123243
136415 83046 123243
136415 83046 123243
136415 83046 123243
136415 83046 123243
136415 83046 123243
136415 83046 123243
136415 83046 123243
136415 83046 123243
136415 83046 123243
136415 83046 123243
136415 83046 123243
136415 83046 123243
136415 83046 123243
136415 83046 123243
136415 83046 123243
136415 83046 123243
136415 83046 123243
136415 83046 123243
136415 83046 123243
136415 83046 123243
136415 83046 123243
136415 83046 123243
136415 83046 123243
136415 83046 123243
136415 83046 123243
136415 83046 123243
136415 83046 123243
136415 83046 123243
136415 83046 123243
136415 83046 123243
136415 83046 123243
136415 83046 123243
136415 83046 123243
136415 83046 123243
136415 83046 123243
136415 83046 123243
136415 83046 123243
136415 83046 123243
136415 83046 123243
136415 83046 123243
136415 83046 123243
136415 83046 123243
136415 83046 123243
136415 83046 123243
136415 83046 123243
136415 83046 123243
136415 83046 123243
136415 83046 123243
136415 83046 123243
136415 83046 123243
136415 83046 123243
136415 83046 123243
136415 83046 123243
136415 83046 123243
136415 83046 123243
136415 83046 123243
136415 83046 123243
136415 83046 123243
136415 83046 123243
136415 83046 123243
136415 83046 123243
136415 83046 123243
136415 83046 123243
136415 83046 123243
136415 83046 123243
136415 83046 123243
136415 83046 123243
136415 83046 123243
136415 83046 123243
136415 83046 123243
136415 83046 123243
136415 83046 123243
136415 83046 123243
136415 83046 123243
136415 83046 123243
136415 83046 123243
136415 83046 123243
136415 83046 123243
136415 83046 123243
136415 83046 123243
136415 83046 123243
136415 83046 123243
136415 83046 123243
136415 83046 123243
136415 83046 123243
136415 83046 123243
136415 83046 123243
136415 83046 123243
136415 83046 123243
136415 83046 123243
136415 83046 123243
136415 83046 123243
136415 83046 123243
136415 83046 123243
136415 83046 123243
136415 83046 123243
136415 83046 123243
136415 83046 123243
136415 83046 123243
136415 83046 123243
136415 83046 123243
136415 83046 123243
136415 83046 123243
136415 83046 123243
136415 83046 123243
136415 83046 123243
136415 83046 123243
136415 83046 123243
136415 83046 123243
136415 83046 123243
136415 83046 123243
136415 83046 123243
136415 83046 123243
136415 83046 123243
136415 83046 123243
136415 83046 123243
136415 83046 123243
136415 83046 123243
136415 83046 123243
136415 83046 123243
136415 83046 123243
136415 83046 123243
136415 83046 123243
136415 83046 123243
136415 83046 123243
136415 83046 123243
136415 83046 123243
136415 83046 123243
136415 83046 123243
136415 83046 123243
136415 83046 123243
136415 83046 123243
136415 83046 123243
136415 83046 123243
136415 83046 123243
136415 83046 123243
136415 83046 123243
136415 83046 123243
136415 83046 123243
136415 83046 123243
136415 83046 123243
136415 83046 123243
136415 83046 123243
136415 83046 123243
136415 83046 123243
136415 83046 123243
136415 83046 123243
136415 83046 123243
136415 83046 123243
136415 83046 123243
136415 83046 123243
136415 83046 123243
136415 83046 123243
136415 83046 123243
136415 83046 123243
136415 83046 123243
136415 83046 123243
136415 83046 123243
136415 83046 123243
136415 83046 123243
136415 83046 123243
136415 83046 123243
136415 83046 123243
136415 83046 123243
136415 83046 123243
136415 83046 123243
136415 83046 123243
136415 83046 123243
136415 83046 123243
136415 83046 123243
136415 83046 123243
136415 83046 123243
136415 83046 123243
136415 83046 123243
136415 83046 123243
136415 83046 123243
136415 83046 123243
136415 83046 123243
136415 83046 123243
136415 83046 123243
136415 83046 123243
136415 83046 123243
136415 83046 123243
136415 83046 123243
174123 149894 150175
168398 144435 152119
155820 153313 169769
150028 160134 160400
162810 144844 169591
159457 151382 157999
161783 158229 151931
156810 151597 154237
165536 152221 151858
181735 148487 169469
167693 151608 171073
162451 165778 154784
160158 175558 160780
170368 153344 160100
160536 157618 155717
160698 154160 164801
183054 151756 172557
167553 167002 157181
165709 159452 177683
164325 160571 158000
173786 157764 157212
168111 154286 169982
170194 158300 166316
164656 159571 162183
167789 152218 174721
167230 158706 158130
172909 170502 157893
168156 160484 176917
166304 162268 162686
168677 160594 162647
178303 178301 160716
177835 165822 168504
172180 166206 173248
174275 168188 178709
141692 86830 122584
136415 83046 123243
132211 116061 94737
125547 155787 157998
123906 152173 167289
132922 88223 123425
134097 115067 99900
136815 114454 98627
123906 152173 167289
141692 86830 122584
141692 86830 122584
136815 114454 98627
130824 124201 138902
129655 127622 150393
130041 144368 126081
129655 127622 150393
125547 155787 157998
126134 139132 145976
128619 133598 128177
128619 133598 128177
128375 144282 133520
126134 139132 145976
127188 143909 140528
130824 124201 138902
126925 153225 143833
134284 114752 98026
135909 114720 97449
127188 143909 140528
128375 144282 133520
126925 153225 143833
132942 115473 95832
132211 116061 94737
132922 88223 123425
136415 83046 123243
130041 144368 126081
135909 114720 97449
136415 83046 123243
134097 115067 99900
132942 115473 95832
141692 86830 122584
136815 114454 98627
136657 115082 97231
136440 115464 96307
136657 115082 97231
136440 115464 96307
134284 114752 98026
141692 86830 122584
136415 83046 123243
136815 114454 98627
136657 115082 97231
136815 114454 98627
134284 114752 98026
136440 115464 96307
136657 115082 97231
136440 115464 96307
136815 114454 98627
136657 115082 97231
136415 83046 123243
136440 115464 96307
136415 83046 123243
136657 115082 97231
136440 115464 96307
141692 86830 122584
141692 86830 122584
141692 86830 122584
141692 86830 122584
141692 86830 122584
141692 86830 122584
141692 86830 122584
141692 86830 122584
141692 86830 122584
141692 86830 122584
141692 86830 122584
141692 86830 122584
141692 86830 122584
141692 86830 122584
141692 86830 122584
141692 86830 122584
141692 86830 122584
141692 86830 122584
141692 86830 122584
141692 86830 122584
141692 86830 122584
141692 86830 122584
141692 86830 122584
141692 86830 122584
141692 86830 122584
141692 86830 122584
141692 86830 122584
141692 86830 122584
141692 86830 122584
141692 86830 122584
141692 86830 122584
141692 86830 122584
141692 86830 122584
141692 86830 122584
136815 114454 98627
136815 114454 98627
136815 114454 98627
136815 114454 98627
136815 114454 98627
136815 114454 98627
136815 114454 98627
136815 114454 98627
136815 114454 98627
136815 114454 98627
136815 114454 98627
136815 114454 98627
136815 114454 98627
136815 114454 98627
136815 114454 98627
136815 114454 98627
136815 114454 98627
136815 114454 98627
136815 114454 98627
136815 114454 98627
136815 114454 98627
136815 114454 98627
136815 114454 98627
136815 114454 98627
136815 114454 98627
136815 114454 98627
136815 114454 98627
136815 114454 98627
136815 114454 98627
136815 114454 98627
136657 115082 97231
136657 115082 97231
136657 115082 97231
136657 115082 97231
136657 115082 97231
136657 115082 97231
136657 115082 97231
136657 115082 97231
136657 115082 97231
136657 115082 97231
136657 115082 97231
136657 115082 97231
136657 115082 97231
136657 115082 97231
136657 115082 97231
136657 115082 97231
136657 115082 97231
136657 115082 97231
136657 115082 97231
136657 115082 97231
136657 115082 97231
136657 115082 97231
136657 115082 97231
136657 115082 97231
136657 115082 97231
136657 115082 97231
136657 115082 97231
136657 115082 97231
136657 115082 97231
136440 115464 96307
136440 115464 96307
136440 115464 96307
136440 115464 96307
136440 115464 96307
136440 115464 96307
136440 115464 96307
136440 115464 96307
136440 115464 96307
136440 115464 96307
136440 115464 96307
136440 115464 96307
136440 115464 96307
136440 115464 96307
136440 115464 96307
136440 115464 96307
136440 115464 96307
136440 115464 96307
136440 115464 96307
136440 115464 96307
136440 115464 96307
136415 83046 123243
136415 83046 123243
136415 83046 123243
136415 83046 123243
136415 83046 123243
136415 83046 123243
136415 83046 123243
136415 83046 123243
136415 83046 123243
136415 83046 123243
136415 83046 123243
136415 83046 123243
136415 83046 123243
136415 83046 123243
136415 83046 123243
136415 83046 123243
136415 83046 123243
136415 83046 123243
136415 83046 123243
136415 83046 123243
136415 83046 123243
136415 83046 123243
136415 83046 123243
136415 83046 123243
136415 83046 123243
136415 83046 123243
136415 83046 123243
136415 83046 123243
136415 83046 123243
136415 83046 123243
136415 83046 123243
136415 83046 123243
136415 83046 123243
136415 83046 123243
136415 83046 123243
136415 83046 123243
136415 83046 123243
136415 83046 123243
136415 83046 123243
136415 83046 123243
136415 83046 123243
136415 83046 123243
136415 83046 123243
136415 83046 123243
136415 83046 123243
136415 83046 123243
136415 83046 123243
136415 83046 123243
136415 83046 123243
136415 83046 123243
136415 83046 123243
136415 83046 123243
136415 83046 123243
136415 83046 123243
136415 83046 123243
136415 83046 123243
136415 83046 123243
136415 83046 123243
136415 83046 123243
136415 83046 123243
136415 83046 123243
136415 83046 123243
136415 83046 123243
136415 83046 123243
136415 83046 123243
136415 83046 123243
136415 83046 123243
136415 83046 123243
136415 83046 123243
136415 83046 123243
136415 83046 123243
136415 83046 123243
136415 83046 123243
136415 83046 123243
136415 83046 123243
136415 83046 123243
136415 83046 123243
136415 83046 123243
136415 83046 123243
136415 83046 123243
136415 83046 123243
136415 83046 123243
136415 83046 123243
136415 83046 123243
136415 83046 123243
136415 83046 123243
136415 83046 123243
136415 83046 123243
136415 83046 123243
136415 83046 123243
136415 83046 123243
136415 83046 123243
136415 83046 123243
136415 83046 123243
136415 83046 123243
136415 83046 123243
136415 83046 123243
136415 83046 123243
136415 83046 123243
136415 83046 123243
136415 83046 123243
136415 83046 123243
136415 83046 123243
136415 83046 123243
136415 83046 123243
136415 83046 123243
136415 83046 123243
136415 83046 123243
136415 83046 123243
136415 83046 123243
136415 83046 123243
136415 83046 123243
136415 83046 123243
136415 83046 123243
136415 83046 123243
136415 83046 123243
136415 83046 123243
136415 83046 123243
136415 83046 123243
136415 83046 123243
136415 83046 123243
136415 83046 123243
136415 83046 123243
136415 83046 123243
136415 83046 123243
136415 83046 123243
136415 83046 123243
136415 83046 123243
136415 83046 123243
136415 83046 123243
136415 83046 123243
136415 83046 123243
136415 83046 123243
136415 83046 123243
136415 83046 123243
136415 83046 123243
136415 83046 123243
136415 83046 123243
136415 83046 123243
136415 83046 123243
136415 83046 123243
136415 83046 123243
136415 83046 123243
136415 83046 123243
136415 83046 123243
136415 83046 123243
136415 83046 123243
136415 83046 123243
136415 83046 123243
136415 83046 123243
136415 83046 123243
136415 83046 123243
136415 83046 123243
136415 83046 123243
136415 83046 123243
136415 83046 123243
136415 83046 123243
136415 83046 123243
136415 83046 123243
136415 83046 123243
136415 83046 123243
136415 83046 123243
136415 83046 123243
136415 83046 123243
136415 83046 123243
136415 83046 123243
136415 83046 123243
136415 83046 123243
136415 83046 123243
136415 83046 123243
136415 83046 123243
136415 83046 123243
136415 83046 123243
136415 83046 123243
136415 83046 123243
136415 83046 123243
136415 83046 123243
136415 83046 123243
136415 83046 123243
136415 83046 123243
136415 83046 123243
136415 83046 123243
136415 83046 123243
136415 83046 123243
136415 83046 123243
136415 83046 123243
136415 83046 123243
136415 83046 123243
136415 83046 123243
136415 83046 123243
136415 83046 123243
136415 83046 123243
136415 83046 123243
136415 83046 123243
136415 83046 123243
136415 83046 123243
136415 83046 123243
136415 83046 123243
136415 83046 123243
136415 83046 123243
136415 83046 123243
136415 83046 123243
136415 83046 123243
136415 83046 123243
136415 83046 123243
136415 83046 123243
136415 83046 123243
136415 83046 123243
136415 83046 123243
136415 83046 123243
136415 83046 123243
136415 83046 123243
136415 83046 123243
136415 83046 123243
136415 83046 123243
136415 83046 123243
136415 83046 123243
136415 83046 123243
136415 83046 123243
136415 83046 123243
136415 83046 123243
136415 83046 123243
136415 83046 123243
136415 83046 123243
136415 83046 123243
136415 83046 123243
136415 83046 123243
136415 83046 123243
136415 83046 123243
136415 83046 123243
136415 83046 123243
136415 83046 123243
136415 83046 123243
136415 83046 123243
136415 83046 123243
136415 83046 123243
136415 83046 123243
136415 83046 123243
136415 83046 123243
136415 83046 123243
136415 83046 123243
136415 83046 123243
136415 83046 123243
136415 83046 123243
136415 83046 123243
136415 83046 123243
136415 83046 123243
136415 83046 123243
136415 83046 123243
136415 83046 123243
136415 83046 123243
136415 83046 123243
136415 83046 123243
136415 83046 123243
136415 83046 123243
136415 83046 123243
136415 83046 123243
136415 83046 123243
136415 83046 123243
136415 83046 123243
136415 83046 123243
136415 83046 123243
136415 83046 123243
136415 83046 123243
136415 83046 123243
136415 83046 123243
136415 83046 123243
136415 83046 123243
136415 83046 123243
136415 83046 123243
136415 83046 123243
136415 83046 123243
136415 83046 123243
136415 83046 123243
136415 83046 123243
136415 83046 123243
136415 83046 123243
136415 83046 123243
136415 83046 123243
136415 83046 123243
179753 159217 151541
162804 142773 168480
155803 166236 179523
153627 162358 183221
163992 143413 157916
162609 156275 173205
156581 163210 164307
159019 161767 154509
156178 160532 172848
181532 148970 158733
177570 148446 170693
166286 158963 185659
165331 167214 182649
179014 154864 168827
169389 158083 159717
168096 163561 161764
167077 148572 173771
166356 162059 169743
168386 158323 169319
174121 160093 168562
171195 166172 162342
168209 171656 169065
169765 163514 166517
171918 161438 163513
169917 164662 164123
169043 165739 168401
172310 168148 163968
177222 169639 175097
