8135 300.002
150537 208592 164437
188054 160000 156191
162799 191290 151311
181381 162470 158908
167759 160313 175690
162874 156875 198376
178266 213319 139312
222402 164328 141430
199646 146889 185277
170823 162463 168001
163883 165944 186831
193538 155334 158311
167882 175476 156798
195833 162451 151302
172204 179917 150346
171179 155256 180512
161597 180737 161762
181475 154625 167504
169793 168869 159265
209164 155950 151471
184437 172042 150667
216029 147170 162697
149427 186742 188958
218319 196146 137265
162016 172595 170996
175809 146712 210969
153159 165978 207748
179647 146607 207004
183519 167642 151087
197187 149897 173559
186888 164477 154974
202543 152700 165906
169970 188799 150378
153781 194496 168515
217263 165490 143752
194039 166402 153672
153449 185940 178293
183512 157584 163928
169895 155652 202207
208014 151374 158503
168983 169062 158908
156496 185044 171151
179853 160368 162065
171865 174321 157713
181795 207783 141826
216533 156630 150185
176183 154522 176502
156018 176632 184369
173838 183142 150266
204090 195255 138525
174151 161209 165870
168095 163324 173778
160002 169395 184530
153073 171771 204427
150270 184704 186189
188766 151903 171249
180384 147837 193680
153093 198659 166760
178482 178235 151950
201858 156473 156060
185179 159243 162417
223106 170404 140385
184752 173197 147531
176844 155472 174352
160676 174293 179392
201924 164744 149327
172763 204877 144853
170722 172280 158435
167686 155674 195743
159542 168548 191558
158698 186544 161519
176814 158840 174234
195828 196110 138201
153159 165978 207748
167354 176900 155734
215169 149418 161094
194652 149960 171767
170165 159205 172815
190187 160557 155827
205400 149198 166267
171517 198874 146480
169851 156471 183404
197225 154401 162990
163015 178818 166791
191555 149145 178353
180429 154673 173817
216882 149145 161481
153672 170215 200691
170722 172280 158435
159447 168581 196262
153738 178503 184523
172054 175790 155705
159217 171746 182049
176457 177928 152434
215411 164338 146080
167751 158588 179859
178266 213319 139312
172057 150533 200243
160377 187140 157111
209802 177841 142337
153208 208240 156050
181017 162725 157699
199679 157061 154548
188419 181117 147020
160122 162230 198106
211690 174132 142334
196594 158841 154354
170212 159693 170724
184361 151391 173377
168761 163100 170976
154760 179956 178521
219708 163564 143931
154616 167974 198957
171899 178585 151326
213633 154771 156764
192022 167739 149727
204066 152209 160845
155494 192683 160129
166606 178558 155688
187570 158627 160202
172182 150379 192813
173194 191923 144879
166197 189257 152020
155615 171218 194502
182464 150154 177617
159365 178042 172224
165711 175033 165041
172302 172098 156518
181551 171300 152904
166837 164113 177670
210217 150494 162271
175649 153290 189382
160794 161161 196688
180278 163923 159132
210048 201445 137791
191650 151277 174069
222521 155300 151531
167117 171800 159365
162099 159256 204014
154868 167355 200622
191335 157523 159667
184908 197384 141122
175699 158745 175458
164342 162981 185407
173103 149947 199918
208640 149009 166007
174196 159273 171189
167162 162781 178821
151882 207652 158528
151919 195540 175255
186283 162396 155257
221828 163062 142511
205651 182651 142367
183532 174909 147150
181916 191375 147658
180625 161764 160350
189979 149819 175998
151457 191138 177269
201341 170636 147685
157975 180410 177463
165987 182825 153760
166420 175058 157652
173016 174091 153904
176971 155860 167920
166837 186675 151515
159760 169760 182461
175352 147408 205397
154708 167766 200567
175698 153197 182456
204637 156927 152561
201542 156976 157968
170137 159821 178455
172730 164373 164861
215169 149418 161094
224626 166569 140509
155858 178338 187255
152105 208317 158507
180040 167216 153692
207009 163405 146928
170343 187205 149411
188769 150048 181134
155288 189519 169061
162874 156875 198376
173980 211664 144221
162329 177441 170320
188334 158428 160272
216065 196047 137323
184775 160080 160824
173077 167020 158110
155845 164236 200314
174372 169336 154308
176410 146485 209405
222071 160271 146908
150137 179547 192022
206029 169768 145179
149849 201110 175606
165779 161196 181208
177089 155849 171728
211053 151068 161044
187564 163528 154723
162369 167805 184762
217071 165934 142981
173161 158043 179391
177514 181747 148842
184264 159259 161319
178971 194538 143090
166283 176460 162994
172601 159574 168369
197909 152488 169865
182202 175859 150556
163650 178820 164777
164262 156037 198583
168733 194400 148450
196545 184758 140259
186368 150422 177499
164308 169684 168558
164580 156403 197360
197653 147172 175721
160853 175691 173921
175254 205879 144464
172962 164303 165105
158854 170712 191065
178145 178641 148093
167571 181030 154959
179349 155787 171486
156745 163772 199005
216828 148608 161601
219323 166337 142642
152625 195520 175136
213442 151605 157213
152837 181599 186307
180766 146616 201030
212792 196580 138157
168215 169552 160966
183477 161624 157611
169836 190457 151183
195408 159611 155707
196577 153162 166976
175613 153463 184871
209939 165180 145129
152355 199216 169572
168065 160134 179320
180600 176593 151541
204340 159730 153146
174414 162505 162261
156291 201139 159221
172302 172098 156518
189449 158448 158586
169845 178163 153253
167878 160275 174537
210186 147524 166541
168012 180264 154418
169198 212041 143640
198569 152186 169138
196761 147581 178885
182211 152902 180325
167739 153720 205853
200414 169692 148018
205514 175158 143411
178948 148187 193959
153712 181223 181168
159100 190860 156406
217525 163909 143060
159052 175348 175351
177746 154415 176153
153821 165886 203847
165299 167402 177348
151854 196243 173996
168920 162918 173339
180040 167216 153692
165543 169718 166731
169870 166597 159566
183340 147405 192940
150422 171854 206159
164353 155852 199378
187257 159806 161042
156730 198632 159163
166883 159213 180301
202233 150392 167221
175137 147267 206833
197160 148618 175912
172244 186162 148627
193685 151718 170993
157170 170932 194286
200172 166184 148130
205768 155706 155447
207074 148064 166436
164161 183638 160017
166499 174984 161416
176303 198911 144437
204803 179370 143870
153289 196368 166943
155858 178338 187255
168729 164263 169278
200208 181378 146447
221824 164172 142023
180328 161092 161243
178135 148670 194207
208398 156130 152683
190971 158225 157676
196778 162177 152120
174738 160422 167122
185723 164609 155499
196090 148265 189228
154348 202087 162208
163123 187048 158849
182242 154274 170513
166699 158265 188010
158219 182174 174558
178971 194538 143090
165486 184078 153191
171113 167093 157743
155023 175757 190533
177630 171411 152091
215558 149950 160225
165758 164487 174298
215413 165787 143847
159899 163136 192473
191942 153457 163268
180890 150111 186263
175929 173871 153871
172397 173475 155181
190247 193752 139952
155825 164991 199254
158305 171301 187857
221824 164172 142023
166907 165295 168049
162372 183735 160281
174980 166630 159447
196306 202220 137796
186329 149241 181449
197308 172445 147524
174503 149843 195848
166273 177215 160581
181282 153593 177211
184020 160077 161943
152577 185239 184825
166952 152964 207032
158602 173026 184305
208640 149009 166007
154416 202043 162491
153894 168234 199646
176950 206255 143152
188220 158378 160876
165151 190372 155842
204281 156423 157271
206828 150365 165913
168760 182264 153583
166958 160695 179714
169118 158295 185557
211145 167547 144086
166291 163924 178591
171323 150636 193832
191330 166717 150760
171031 202317 145030
154587 165871 203560
153801 185758 173888
155278 206782 159076
191622 148964 181922
161485 180351 170610
161938 201264 153065
205514 175158 143411
164606 155754 199049
162749 183876 159318
167122 169689 164655
164448 162787 188370
213261 150125 158116
215742 168934 140723
189112 155642 161113
165821 180808 157859
176501 151558 182978
166934 166455 166787
181475 154625 167504
224901 159605 146473
191162 170579 149064
188823 161040 155288
177251 162768 161233
174090 157341 176626
188334 158428 160272
165332 204290 151021
166968 155715 198038
176353 210130 141836
217525 163909 143060
216464 160092 149745
