101 1.4931
826459 803694 672754 812778
803444 800303 767190 684413
779262 877939 757129 768902
763454 764142 786331 906224
812626 694040 810349 802780
771662 765092 890677 775810
691733 788503 809604 857632
885963 748983 765044 767032
766184 762085 752217 872681
848175 819023 736470 758952
814343 766780 699237 816456
748937 827715 781603 772270
774693 795682 785102 722693
774465 764224 743636 884667
703900 789263 816983 843152
802335 836385 757454 738016
710728 769239 806659 860367
769200 770928 881629 767712
775708 798246 779503 712393
798277 848517 757405 747747
810511 695112 812487 799779
821429 731808 715616 806398
841810 813342 726664 780479
844138 811583 732980 759610
802639 700214 817583 802091
785685 764540 855149 762779
811749 736192 707660 802885
835852 805922 730823 791787
759029 776765 871080 766448
851812 810383 736729 760916
741893 860298 742178 790594
754491 768853 781709 892816
856442 758194 760011 771199
880118 745493 772543 760294
801351 839000 751244 746058
789040 869058 746942 754336
804227 796045 763542 694230
757257 768246 779178 897727
779220 774653 847563 733901
807873 791262 684180 820445
753186 856461 744882 810349
825762 768585 689730 825351
744591 817961 787535 792782
795187 842608 766882 753130
760670 862962 740796 796557
723899 779832 796033 829342
787736 734186 834288 776965
712837 783509 799067 831166
836816 808036 723669 782943
830143 712381 819224 790265
760730 775884 864735 763801
810840 730049 719548 803603
763544 769322 889098 771371
828396 792829 680676 812451
794908 704077 797302 809353
781488 794073 776718 729987
803474 720771 825493 767795
758384 771648 776304 888455
780114 774581 840718 732626
839338 713975 811416 778860
797133 840696 762922 751358
756779 779765 868895 757789
790986 722299 827510 775714
865166 753087 743864 790754
832938 709812 816996 782430
832053 706855 820378 787208
743742 858066 745824 787792
698645 784907 805775 853496
786650 783552 775259 698109
726532 761831 793178 851084
703629 789880 809576 839798
792178 724895 823334 786062
808984 735360 712410 802296
781818 763671 853640 763397
808374 738600 702577 799214
734555 767894 800923 837264
806156 795454 689038 823169
873979 741447 755616 771293
862018 761102 745087 790515
826302 799475 674350 806873
797998 716229 809650 781984
829096 774140 688074 826672
778167 873646 760344 764694
790091 726028 823220 785040
759658 852881 755065 803627
747611 832227 783280 773964
771491 791652 787276 710657
767173 770978 883490 770420
759994 764762 788875 902752
737562 778441 796838 834537
768085 774833 769112 864438
788411 731278 829779 783640
718457 778191 804663 833475
777300 803058 780328 707120
695786 778528 798785 858684
869395 753536 745581 771015
731469 767965 796601 847071
701309 788699 802274 856065
840146 802474 721305 784687
794740 801485 772472 686936
