12 0.186548
787006 765402
799906 765205
793635 765353
744495 768647
806362 747883
794266 766437
810015 844267
809920 807702
858449 792344
814386 777753
808812 811549
836623 787854
837627 830065
824389 808247
831230 817118
810579 810629
851807 786635
795339 801979
800621 825628
802300 820078
843992 790684
841891 789511
844249 817790
814817 795611
822773 799410
813882 828850
805886 810506
825908 786919
809412 814931
835634 800971
816685 797285
785490 815607
833247 791689
839701 833425
852059 812863
803168 790877
773891 764225
813408 799378
832994 824308
828425 823038
789199 805825
837193 804773
842287 774596
825281 792010
814212 828243
845928 791310
818221 814870
808180 795956
810969 787967
829108 778837
799976 779295
816785 800613
809727 798382
816654 791685
799465 814301
863477 788539
800293 788206
799349 797206
826556 828299
846606 811375
823445 791000
820837 847413
818678 789245
804450 792268
818276 794565
829698 825989
816389 806162
800060 792540
820004 796414
822297 813530
827907 811693
811806 779739
804376 788050
829887 823496
817619 787784
809093 773321
814724 829904
813383 815532
819489 785181
838630 786721
805575 788729
828669 803697
823395 820324
838820 804554
812426 796417
817661 790140
819245 806539
849392 840867
829014 815942
810229 801664
806317 792921
820842 791359
811944 813595
795969 793056
813803 806005
803574 825247
850472 799237
800843 806677
820010 827203
816763 774113
846325 793709
814257 823040
817774 791911
795053 814429
802611 758598
824237 811460
804591 818240
833375 817371
805720 798623
829101 802784
790988 832384
796692 817831
806570 774526
804254 799820
820190 823700
830237 811193
834778 821700
813960 807013
817333 789909
808267 812479
794538 798332
840433 829207
806051 816731
786955 781093
805142 802514
801662 810569
842483 800064
824988 813916
838249 793670
813367 813595
821741 793357
832771 763212
793971 814635
775790 804023
796720 764295
809749 797393
828470 802892
837355 832426
823448 800519
798403 794717
822924 789469
812985 810896
818093 806590
796323 820903
823272 791838
801384 809638
824845 791042
813486 807264
864121 795054
784266 803323
818624 795480
806753 825014
823307 792476
838340 813178
795066 776276
823857 787591
802743 823575
808787 792987
817420 818117
816454 803447
823568 784282
833174 815531
767741 799395
822835 791006
794721 779716
844924 836949
814490 808573
807789 802130
834530 779732
849408 806636
822842 836751
815148 818607
828429 796763
804195 801182
843067 838365
804361 822857
