475 33.9832
744692 732756 657159 663166
751601 706811 644610 665337
754516 670161 762583 649681
687105 659957 715392 698087
761710 659636 651410 688198
699131 696828 713028 672232
718195 656031 630425 751827
747790 698130 662357 662006
718330 695800 675534 662485
697181 678846 672463 764521
699971 734177 661100 689020
703788 719013 648084 760636
736892 626573 701582 748101
737523 673894 649263 697091
697534 718069 648685 742757
718021 681126 663334 693925
733806 691733 636220 745736
712665 720728 650018 696999
747223 703650 620690 677095
735720 706505 637647 699457
701450 724182 675214 680974
788646 641756 705764 671608
707262 692978 647486 724594
671746 714261 683961 736560
777389 697852 635270 708865
725728 743125 665014 673683
695026 686073 676538 704537
747324 688197 716982 651673
716278 739268 668861 671719
713411 723807 654684 692807
739088 659324 646574 730982
736988 685246 727059 640246
734634 642173 702177 711315
752922 671934 637780 706109
706829 722426 705395 645545
701858 714731 655983 698538
707006 663021 668734 727982
677057 683356 667290 714283
740273 664548 642804 728159
670844 713167 686846 739006
693562 725716 651096 708529
728314 645619 666036 742434
786191 676693 644216 685725
666663 712524 725475 732911
714798 678121 649099 712074
765290 661116 684335 676065
694185 712381 663306 703229
722251 676682 660494 706592
739524 665737 686811 680020
719945 669657 647085 729329
725882 691669 640053 712486
715469 721082 647403 706405
726056 654667 673024 687670
674066 707789 723034 730480
691938 665520 701879 731983
697496 709026 653838 751552
762161 715259 689239 637040
755806 683316 639164 697154
730497 715614 731459 635855
747456 691417 644113 703985
745271 661749 718143 652219
699319 675120 671860 726921
726652 693241 664713 685344
746629 701668 627805 675497
683986 684316 710836 691313
693475 655519 719172 723365
700418 665192 689004 722969
710101 742842 646258 727532
765474 659423 660727 701809
748365 669608 736034 652177
730437 691976 656256 678512
723616 682497 680790 685077
726302 652953 652527 714813
717688 654068 707947 716603
740609 700019 640705 705585
709081 658585 686777 731743
693053 702879 740758 644372
668602 708771 727197 730116
753609 679013 739627 650762
721633 676556 661318 699569
714326 687074 638910 734679
717860 685176 683567 682628
762853 644843 672510 696477
702751 722262 649249 704312
694372 709472 661394 713998
742022 642640 682080 707534
674854 712850 685516 711749
666182 713723 734133 727697
704416 700567 651100 726087
713928 717024 651277 696845
737196 686102 656487 689240
717551 662097 655070 710585
733560 697020 668848 660950
749316 707246 729709 631564
723248 622500 733226 737612
691967 680559 705596 683838
700387 697932 661350 719004
735596 717231 689188 640703
705534 671061 652225 739764
707123 722113 651541 706106
674415 708274 718160 731126
727309 680257 668269 695398
708281 689882 686620 683387
737525 676519 723046 656131
688606 659846 688463 772261
707875 656570 700676 763989
748114 631724 734374 729081
748354 645753 662484 732240
703523 691205 720131 655612
726284 708282 666330 667936
673101 695786 725940 720674
743731 709867 660698 666544
714096 674672 661250 725839
690971 697899 707150 673135
704897 711538 674090 682921
701262 706277 650903 707938
717960 639676 709724 706569
741986 678739 723251 653328
749284 645876 662708 705158
717476 714170 644264 699374
762051 652790 710629 659246
701167 661993 672209 730016
696369 662159 695783 734852
733724 674032 735380 651706
725980 687577 726621 647454
750567 647024 663273 702970
728209 708556 687998 660787
723491 687699 660828 695666
748514 716428 672028 659549
670094 691494 724707 725145
716580 652832 694911 746082
703137 685670 660712 730348
705525 718078 650227 733797
705199 690650 678017 679276
692331 677528 701211 716888
747733 644948 722808 660491
733516 714987 669109 662739
697386 743970 697130 647758
719667 646538 663864 717016
740780 639138 695627 705439
758166 667226 651389 682954
705142 686104 653626 755050
699502 687939 657506 733628
767892 717022 697606 631071
718041 681247 732366 654614
743875 631799 711638 733393
725734 691712 732823 625026
749276 688220 678068 652822
731054 690184 646869 697882
708522 697626 662847 695611
683599 677565 698902 738278
712700 693274 646213 712499
690305 675539 669125 769116
711263 700296 706411 656668
715308 653652 657539 726327
757992 729729 681233 644886
733454 652546 670776 704815
738603 637877 688780 716950
719531 702658 640126 690470
743462 656537 709090 666512
691787 711282 676190 690520
730286 696214 724336 637431
679121 678091 684965 770951
699688 670553 671784 761378
720992 692814 760699 617495
734258 645188 681493 694604
692241 674497 693859 724753
710623 701760 684154 671780
689289 713605 680114 659107
766813 678294 673130 681498
728058 647911 649243 712464
710424 692489 670743 693178
691873 704444 666333 734576
698872 704171 677230 679715
741873 701142 731350 627300
743038 681809 719264 651684
754103 708741 663155 651390
755155 688794 643066 700194
705077 717305 655575 695049
714230 708458 737031 635114
737026 638768 675848 744526
691203 677123 674370 754206
756191 659728 655260 696262
698982 675405 674523 727695
735598 680877 665364 694204
675139 721097 689612 654907
743614 679141 733050 643414
760404 701399 673935 647302
722021 653726 708221 695899
756748 701989 704532 638152
699696 686897 663475 705051
745108 650426 733097 655144
722121 653272 725059 698410
762345 679586 645580 688440
758838 647956 706057 668553
712154 661031 678137 700308
750004 674145 666181 683716
676420 688491 672864 743915
698872 704171 677230 679715
741552 681008 644885 679294
705404 656994 707530 737668
735428 656741 668415 699192
700913 674138 669311 724729
716778 643897 668937 718973
735851 687482 719003 647422
715692 706670 705262 637376
733023 683341 686325 681249
761705 663615 672213 682184
676416 707802 684047 728815
726359 692443 663974 693455
742499 702593 643960 682939
747544 661699 661806 692995
752742 633375 694657 734589
696079 659544 678682 751835
739668 681589 733674 654194
700593 658277 691058 657869
743729 637133 719697 689800
749889 683381 719026 639444
701047 678544 667394 720068
700425 648048 705206 763498
726073 671882 662595 709766
727821 652546 686810 712483
754281 678766 649703 691031
764862 710906 691685 642751
744067 659773 689410 671549
701142 693687 752829 654139
722616 700756 638056 683936
739349 694880 657899 675886
736999 674903 663183 695434
699471 669183 678940 747110
701126 656972 714645 729400
712566 660381 677498 732273
738697 638639 730774 678125
675887 715885 684001 653618
735161 698273 690851 652474
708302 678081 688410 710283
723963 695556 750797 631026
731215 664611 644956 704922
764967 644658 711829 679466
700400 703844 693153 669728
752161 652891 684399 693426
726781 674279 671163 698443
698885 664985 673511 750020
786890 658350 689997 670418
752088 650941 711101 664093
752378 732106 670882 654252
675883 699690 696898 719930
724224 690340 735403 649121
702808 681441 661925 710550
718382 695504 645106 697462
719953 663955 674664 705079
734020 645872 691606 699138
749669 714246 658705 658512
729264 702769 648514 672457
760051 663000 701443 655044
725511 653183 667943 704494
700571 671532 691075 721770
720921 656646 726763 668326
707349 707775 688504 675096
719698 635974 707157 713041
738307 728111 671939 653465
706505 703986 668072 685681
692401 668571 696151 752686
693605 710824 690155 681433
725545 652146 716205 689058
675628 704207 716177 733697
744334 645676 679322 702010
753015 657786 666137 697323
705567 683671 658100 695829
726826 699778 709860 652191
709041 652504 747920 726903
723285 658132 664342 711251
718111 646233 700971 713675
765098 693852 723860 628215
763957 651201 672083 700492
687350 698541 670919 696103
681625 697340 706458 702198
694077 671418 710713 731755
760881 674902 686011 673712
712325 665881 688854 694696
734538 668399 659331 703471
774474 690948 727838 636686
734202 685801 662797 687917
737365 637302 682505 760342
759884 647916 722479 686124
723844 682488 710001 655496
708557 654092 691182 723132
728521 701055 652816 675851
740957 675633 669515 693849
751368 669848 675653 685214
686281 711945 680158 650878
721564 711688 691087 641360
692132 655764 709719 736962
714408 649608 697351 738430
755406 718908 685335 641008
737170 684255 664513 691537
700273 674857 711953 703069
738361 649809 679486 701828
697215 662787 693400 709290
738975 651005 700156 679759
717884 712150 705256 641607
699902 702035 656361 701847
765100 710180 689380 640236
726404 645945 687212 694605
764255 645603 715946 679906
697475 706556 677290 678531
760524 687669 687469 653299
684409 709130 665748 701708
713024 658269 668755 707441
760020 635028 692906 743376
713827 733665 716110 633183
744426 689368 697505 657139
707771 709908 672752 661073
709746 662300 679308 714403
762980 659950 678476 677139
707081 686438 722152 655744
717072 677623 669086 704440
707450 674969 690385 692543
691704 673655 702176 728652
708690 678352 651740 699106
743638 644078 687974 693851
752970 702567 659512 665356
721124 655321 685567 683454
699421 697248 731490 660308
716223 672439 667405 712237
707400 685988 673367 693251
742837 689657 666161 677962
691187 675389 715435 685432
757679 697400 717884 644695
729901 695897 663722 691151
729780 710896 716418 637248
710570 651920 714778 700355
709120 640443 725508 753199
753770 680899 657214 658983
696248 700121 732645 670218
679800 679153 680947 719231
745739 728421 686181 645000
761063 680710 682862 675607
715806 670943 667769 707221
710518 652488 734237 724172
714678 699490 653532 674694
766145 694067 690388 650879
700841 659044 679760 716220
718982 683398 668597 666395
705884 680288 671709 700535
734534 692850 675230 663634
700213 664756 712407 704999
775339 658718 668982 690068
700049 702858 655637 699041
720987 704758 699690 644945
763376 631854 679030 694708
708009 657330 680786 737436
723710 714080 755418 634515
684718 676512 708380 749030
718299 704039 711504 653751
713207 713454 671570 660417
705506 707301 726592 653571
707647 642329 707523 734039
753569 710130 693874 631215
691358 678758 714115 738002
753730 718516 687481 637188
768168 687708 714279 647442
702957 656993 692050 746658
697135 669476 702265 705186
771197 683797 700494 651972
665271 723275 722842 771831
740775 675440 699019 656645
699830 688851 676181 684989
755691 656416 706593 678994
706365 650801 720065 739298
721368 711634 699230 641321
735670 683226 684839 684389
688882 671383 691526 744384
697294 683313 680691 723264
768185 694946 725011 627312
729545 723320 690186 647853
698480 680512 674062 686728
723783 725641 688269 645672
718401 691530 681155 678947
741905 650796 712845 685411
763257 688083 708975 652063
762217 700984 700124 644840
744170 668437 702103 652292
752088 650941 711101 664093
