32 1.73586
1.64527e+06 1.4872e+06 1.63455e+06
1.64527e+06 1.4872e+06 1.63455e+06
1.64053e+06 1.56598e+06 1.52173e+06
1.56959e+06 1.61083e+06 1.54088e+06
1.52628e+06 1.53944e+06 1.59797e+06
1.53846e+06 1.57762e+06 1.58741e+06
1.60178e+06 1.5038e+06 1.54927e+06
1.61893e+06 1.52069e+06 1.53694e+06
1.5786e+06 1.58045e+06 1.52465e+06
1.60178e+06 1.5038e+06 1.54927e+06
1.52791e+06 1.5952e+06 1.58221e+06
1.64053e+06 1.56598e+06 1.52173e+06
1.61416e+06 1.52957e+06 1.54124e+06
1.52791e+06 1.5952e+06 1.58221e+06
1.64527e+06 1.4872e+06 1.63455e+06
1.62531e+06 1.52197e+06 1.53227e+06
1.56959e+06 1.61083e+06 1.54088e+06
1.55245e+06 1.54518e+06 1.55843e+06
1.55732e+06 1.49961e+06 1.58566e+06
1.59076e+06 1.55514e+06 1.52398e+06
1.59672e+06 1.53425e+06 1.57035e+06
1.56959e+06 1.61083e+06 1.54088e+06
1.55732e+06 1.49961e+06 1.58566e+06
1.54859e+06 1.56339e+06 1.58254e+06
1.57687e+06 1.59057e+06 1.54135e+06
1.62531e+06 1.52197e+06 1.53227e+06
1.62318e+06 1.52874e+06 1.52435e+06
1.61893e+06 1.52069e+06 1.53694e+06
1.59537e+06 1.54362e+06 1.56298e+06
1.55541e+06 1.50137e+06 1.59388e+06
1.58452e+06 1.54197e+06 1.5782e+06
1.55245e+06 1.54518e+06 1.55843e+06
1.57687e+06 1.59057e+06 1.54135e+06
1.59672e+06 1.53425e+06 1.57035e+06
1.55541e+06 1.50137e+06 1.59388e+06
1.57952e+06 1.55059e+06 1.53218e+06
1.542e+06 1.56368e+06 1.54362e+06
1.59815e+06 1.53949e+06 1.54497e+06
1.54859e+06 1.56339e+06 1.58254e+06
1.59408e+06 1.53573e+06 1.58264e+06
1.5898e+06 1.54174e+06 1.5837e+06
1.58644e+06 1.54694e+06 1.54137e+06
1.58802e+06 1.54194e+06 1.57868e+06
1.61416e+06 1.52957e+06 1.54124e+06
1.59537e+06 1.54362e+06 1.56298e+06
1.52628e+06 1.53944e+06 1.59797e+06
1.57952e+06 1.55059e+06 1.53218e+06
1.58186e+06 1.53993e+06 1.58403e+06
1.59076e+06 1.55514e+06 1.52398e+06
1.58493e+06 1.5392e+06 1.58396e+06
1.59408e+06 1.53573e+06 1.58264e+06
1.55732e+06 1.49961e+06 1.58566e+06
1.57952e+06 1.55059e+06 1.53218e+06
1.59815e+06 1.53949e+06 1.54497e+06
1.59537e+06 1.54362e+06 1.56298e+06
1.54123e+06 1.57919e+06 1.58693e+06
1.58452e+06 1.54197e+06 1.5782e+06
1.542e+06 1.56368e+06 1.54362e+06
1.58186e+06 1.53993e+06 1.58403e+06
1.57952e+06 1.55059e+06 1.53218e+06
1.542e+06 1.56368e+06 1.54362e+06
1.62531e+06 1.52197e+06 1.53227e+06
1.62318e+06 1.52874e+06 1.52435e+06
1.58802e+06 1.54194e+06 1.57868e+06
1.58493e+06 1.5392e+06 1.58396e+06
1.57687e+06 1.59057e+06 1.54135e+06
1.58186e+06 1.53993e+06 1.58403e+06
1.54123e+06 1.57919e+06 1.58693e+06
1.58644e+06 1.54694e+06 1.54137e+06
1.52628e+06 1.53944e+06 1.59797e+06
1.58644e+06 1.54694e+06 1.54137e+06
1.58644e+06 1.54694e+06 1.54137e+06
1.54123e+06 1.57919e+06 1.58693e+06
1.59672e+06 1.53425e+06 1.57035e+06
1.59672e+06 1.53425e+06 1.57035e+06
1.55732e+06 1.49961e+06 1.58566e+06
1.54123e+06 1.57919e+06 1.58693e+06
1.62318e+06 1.52874e+06 1.52435e+06
1.59076e+06 1.55514e+06 1.52398e+06
1.54123e+06 1.57919e+06 1.58693e+06
1.58452e+06 1.54197e+06 1.5782e+06
1.58186e+06 1.53993e+06 1.58403e+06
1.59076e+06 1.55514e+06 1.52398e+06
1.54859e+06 1.56339e+06 1.58254e+06
1.542e+06 1.56368e+06 1.54362e+06
1.64527e+06 1.4872e+06 1.63455e+06
1.64527e+06 1.4872e+06 1.63455e+06
1.64527e+06 1.4872e+06 1.63455e+06
1.64527e+06 1.4872e+06 1.63455e+06
1.64053e+06 1.56598e+06 1.52173e+06
1.64053e+06 1.56598e+06 1.52173e+06
1.62318e+06 1.52874e+06 1.52435e+06
1.62318e+06 1.52874e+06 1.52435e+06
1.62318e+06 1.52874e+06 1.52435e+06
1.62318e+06 1.52874e+06 1.52435e+06
1.62318e+06 1.52874e+06 1.52435e+06
1.62318e+06 1.52874e+06 1.52435e+06
1.62318e+06 1.52874e+06 1.52435e+06
1.61893e+06 1.52069e+06 1.53694e+06
1.61893e+06 1.52069e+06 1.53694e+06
1.61893e+06 1.52069e+06 1.53694e+06
1.61893e+06 1.52069e+06 1.53694e+06
1.61416e+06 1.52957e+06 1.54124e+06
1.59815e+06 1.53949e+06 1.54497e+06
1.59815e+06 1.53949e+06 1.54497e+06
1.59815e+06 1.53949e+06 1.54497e+06
1.59815e+06 1.53949e+06 1.54497e+06
1.59672e+06 1.53425e+06 1.57035e+06
1.59672e+06 1.53425e+06 1.57035e+06
1.59672e+06 1.53425e+06 1.57035e+06
1.59537e+06 1.54362e+06 1.56298e+06
1.59537e+06 1.54362e+06 1.56298e+06
1.59537e+06 1.54362e+06 1.56298e+06
1.59408e+06 1.53573e+06 1.58264e+06
1.59076e+06 1.55514e+06 1.52398e+06
1.59076e+06 1.55514e+06 1.52398e+06
1.59076e+06 1.55514e+06 1.52398e+06
1.58493e+06 1.5392e+06 1.58396e+06
1.58493e+06 1.5392e+06 1.58396e+06
1.58493e+06 1.5392e+06 1.58396e+06
1.58493e+06 1.5392e+06 1.58396e+06
1.58493e+06 1.5392e+06 1.58396e+06
1.58493e+06 1.5392e+06 1.58396e+06
1.58493e+06 1.5392e+06 1.58396e+06
1.58493e+06 1.5392e+06 1.58396e+06
1.58452e+06 1.54197e+06 1.5782e+06
1.58186e+06 1.53993e+06 1.58403e+06
1.58186e+06 1.53993e+06 1.58403e+06
1.57952e+06 1.55059e+06 1.53218e+06
1.57687e+06 1.59057e+06 1.54135e+06
1.56959e+06 1.61083e+06 1.54088e+06
1.55732e+06 1.49961e+06 1.58566e+06
1.55732e+06 1.49961e+06 1.58566e+06
1.55732e+06 1.49961e+06 1.58566e+06
1.55541e+06 1.50137e+06 1.59388e+06
1.55245e+06 1.54518e+06 1.55843e+06
1.55245e+06 1.54518e+06 1.55843e+06
1.55245e+06 1.54518e+06 1.55843e+06
1.55245e+06 1.54518e+06 1.55843e+06
1.55245e+06 1.54518e+06 1.55843e+06
1.55245e+06 1.54518e+06 1.55843e+06
1.54859e+06 1.56339e+06 1.58254e+06
1.54859e+06 1.56339e+06 1.58254e+06
1.54123e+06 1.57919e+06 1.58693e+06
1.54123e+06 1.57919e+06 1.58693e+06
1.54123e+06 1.57919e+06 1.58693e+06
1.54123e+06 1.57919e+06 1.58693e+06
1.54123e+06 1.57919e+06 1.58693e+06
1.54123e+06 1.57919e+06 1.58693e+06
1.54123e+06 1.57919e+06 1.58693e+06
1.54123e+06 1.57919e+06 1.58693e+06
1.54123e+06 1.57919e+06 1.58693e+06
1.65591e+06 1.54138e+06 1.5412e+06
1.61397e+06 1.50129e+06 1.59083e+06
1.60243e+06 1.58748e+06 1.53055e+06
1.58159e+06 1.51215e+06 1.66202e+06
1.57996e+06 1.6231e+06 1.53548e+06
1.53389e+06 1.59004e+06 1.63647e+06
1.54548e+06 1.56741e+06 1.63654e+06
1.65458e+06 1.50638e+06 1.55601e+06
1.56019e+06 1.52954e+06 1.61214e+06
1.63486e+06 1.51105e+06 1.57947e+06
1.58159e+06 1.51215e+06 1.66202e+06
1.54243e+06 1.60537e+06 1.59246e+06
1.56834e+06 1.57495e+06 1.571e+06
1.57457e+06 1.56899e+06 1.60333e+06
1.58352e+06 1.51567e+06 1.62044e+06
1.5738e+06 1.52817e+06 1.62469e+06
1.61058e+06 1.53476e+06 1.56122e+06
1.62762e+06 1.55192e+06 1.54389e+06
1.60124e+06 1.54751e+06 1.56695e+06
1.56462e+06 1.58237e+06 1.58636e+06
1.5372e+06 1.615e+06 1.58846e+06
1.59638e+06 1.52523e+06 1.5954e+06
1.5901e+06 1.56069e+06 1.56331e+06
1.53556e+06 1.57094e+06 1.61345e+06
1.6287e+06 1.53215e+06 1.54614e+06
1.62189e+06 1.55034e+06 1.56039e+06
1.59307e+06 1.61193e+06 1.54493e+06
1.60376e+06 1.56229e+06 1.55818e+06
1.56629e+06 1.58119e+06 1.58918e+06
1.63232e+06 1.52309e+06 1.54983e+06
1.63232e+06 1.52309e+06 1.54983e+06
1.58449e+06 1.56516e+06 1.59171e+06
1.65591e+06 1.54138e+06 1.5412e+06
1.62303e+06 1.58648e+06 1.53358e+06
1.63486e+06 1.51105e+06 1.57947e+06
1.593e+06 1.60756e+06 1.55714e+06
1.58885e+06 1.56086e+06 1.59501e+06
1.59225e+06 1.54402e+06 1.58924e+06
1.57146e+06 1.58673e+06 1.55888e+06
1.59609e+06 1.5677e+06 1.54896e+06
1.62305e+06 1.51186e+06 1.58766e+06
1.58295e+06 1.56348e+06 1.59305e+06
1.59183e+06 1.55026e+06 1.58842e+06
1.6671e+06 1.52227e+06 1.61818e+06
1.6236e+06 1.51205e+06 1.6304e+06
1.59868e+06 1.59239e+06 1.55056e+06
1.57492e+06 1.60585e+06 1.56966e+06
1.56629e+06 1.53032e+06 1.65872e+06
1.55237e+06 1.58662e+06 1.62195e+06
1.56963e+06 1.54844e+06 1.65147e+06
1.65104e+06 1.53874e+06 1.61619e+06
1.6471e+06 1.53113e+06 1.62442e+06
1.61033e+06 1.55846e+06 1.58553e+06
1.63119e+06 1.54348e+06 1.5798e+06
1.60282e+06 1.56582e+06 1.5712e+06
1.56784e+06 1.59981e+06 1.59585e+06
1.62613e+06 1.54038e+06 1.58341e+06
1.62074e+06 1.56956e+06 1.55911e+06
1.61296e+06 1.57758e+06 1.5549e+06
1.63923e+06 1.54615e+06 1.5797e+06
1.61933e+06 1.55323e+06 1.56255e+06
1.5753e+06 1.57838e+06 1.61158e+06
1.59552e+06 1.56916e+06 1.60155e+06
1.59123e+06 1.60147e+06 1.5782e+06
1.59206e+06 1.58808e+06 1.57432e+06
1.58023e+06 1.55669e+06 1.62002e+06
1.6161e+06 1.54704e+06 1.6028e+06
1.5744e+06 1.56604e+06 1.62374e+06
1.59435e+06 1.5725e+06 1.61411e+06
1.58408e+06 1.57884e+06 1.60549e+06
1.64079e+06 1.54233e+06 1.57058e+06
1.58708e+06 1.54167e+06 1.62669e+06
1.5942e+06 1.58454e+06 1.57196e+06
1.5976e+06 1.59393e+06 1.56652e+06
1.5806e+06 1.59494e+06 1.60542e+06
1.59376e+06 1.58024e+06 1.58563e+06
1.58443e+06 1.58134e+06 1.5899e+06
1.58857e+06 1.57852e+06 1.5892e+06
1.58151e+06 1.59009e+06 1.59356e+06
1.59674e+06 1.55079e+06 1.5944e+06
1.56657e+06 1.57485e+06 1.61928e+06
1.59184e+06 1.60094e+06 1.56393e+06
1.60154e+06 1.5758e+06 1.59234e+06
1.59625e+06 1.5442e+06 1.61238e+06
1.59049e+06 1.57604e+06 1.60488e+06
1.58518e+06 1.57846e+06 1.59158e+06
1.59588e+06 1.55472e+06 1.60429e+06
1.61159e+06 1.55029e+06 1.5709e+06
1.592e+06 1.55509e+06 1.62557e+06
1.61105e+06 1.59003e+06 1.57079e+06
1.59761e+06 1.57543e+06 1.59293e+06
1.60271e+06 1.54359e+06 1.61218e+06
1.66663e+06 1.59067e+06 1.56774e+06
1.64011e+06 1.60212e+06 1.56324e+06
1.62805e+06 1.54069e+06 1.59386e+06
1.59576e+06 1.54306e+06 1.68123e+06
1.59236e+06 1.61602e+06 1.57156e+06
1.55903e+06 1.60572e+06 1.64876e+06
1.59456e+06 1.56009e+06 1.63307e+06
1.65108e+06 1.55177e+06 1.58244e+06
1.57774e+06 1.57944e+06 1.65521e+06
1.57478e+06 1.59894e+06 1.62911e+06
1.58243e+06 1.57929e+06 1.64836e+06
1.63572e+06 1.54316e+06 1.58954e+06
1.56914e+06 1.60186e+06 1.5995e+06
1.62069e+06 1.54775e+06 1.61276e+06
1.61519e+06 1.56525e+06 1.58036e+06
1.57966e+06 1.58372e+06 1.62018e+06
1.62928e+06 1.55615e+06 1.57307e+06
1.60809e+06 1.57568e+06 1.58735e+06
1.58422e+06 1.59413e+06 1.61636e+06
1.60435e+06 1.57596e+06 1.60513e+06
1.58793e+06 1.59535e+06 1.59018e+06
1.59438e+06 1.58851e+06 1.57734e+06
1.57792e+06 1.60026e+06 1.62329e+06
1.5894e+06 1.59129e+06 1.6002e+06
1.59229e+06 1.58177e+06 1.6112e+06
1.57842e+06 1.60237e+06 1.59679e+06
1.57818e+06 1.55057e+06 1.65513e+06
1.62388e+06 1.56776e+06 1.57805e+06
1.60162e+06 1.57949e+06 1.59892e+06
1.6226e+06 1.56868e+06 1.57996e+06
1.6271e+06 1.57118e+06 1.56857e+06
1.61858e+06 1.55585e+06 1.58378e+06
1.60756e+06 1.57153e+06 1.58992e+06
1.62601e+06 1.55336e+06 1.57753e+06
1.60612e+06 1.58278e+06 1.57411e+06
1.59425e+06 1.58093e+06 1.5921e+06
1.60278e+06 1.55524e+06 1.61785e+06
1.61655e+06 1.55077e+06 1.60318e+06
1.61123e+06 1.5517e+06 1.61688e+06
1.61213e+06 1.55086e+06 1.61729e+06
1.60327e+06 1.58002e+06 1.5829e+06
1.60621e+06 1.55601e+06 1.6044e+06
1.67732e+06 1.56204e+06 1.57653e+06
1.63764e+06 1.57891e+06 1.57259e+06
1.63573e+06 1.54373e+06 1.61231e+06
1.61298e+06 1.6379e+06 1.57879e+06
1.58656e+06 1.5817e+06 1.64944e+06
1.56994e+06 1.60572e+06 1.62991e+06
1.57028e+06 1.62254e+06 1.6291e+06
1.65096e+06 1.56268e+06 1.58108e+06
1.57034e+06 1.60884e+06 1.60936e+06
1.59592e+06 1.59505e+06 1.60214e+06
1.58076e+06 1.59273e+06 1.6215e+06
1.60245e+06 1.58312e+06 1.59642e+06
1.60872e+06 1.5648e+06 1.60539e+06
1.61132e+06 1.5598e+06 1.61948e+06
1.63075e+06 1.59034e+06 1.58019e+06
1.59954e+06 1.59111e+06 1.5932e+06
1.62583e+06 1.60318e+06 1.57546e+06
1.64502e+06 1.56588e+06 1.58571e+06
1.61266e+06 1.55418e+06 1.62582e+06
1.63499e+06 1.54959e+06 1.61398e+06
1.62751e+06 1.57415e+06 1.58796e+06
1.59466e+06 1.60779e+06 1.61459e+06
1.65001e+06 1.57408e+06 1.57479e+06
1.64574e+06 1.56367e+06 1.58484e+06
1.63086e+06 1.56986e+06 1.58622e+06
1.60642e+06 1.58236e+06 1.58921e+06
1.59145e+06 1.60867e+06 1.60987e+06
1.6175e+06 1.55676e+06 1.62439e+06
1.6167e+06 1.5706e+06 1.59465e+06
1.62144e+06 1.55715e+06 1.61361e+06
1.61618e+06 1.58068e+06 1.58514e+06
1.61051e+06 1.60394e+06 1.58844e+06
1.60644e+06 1.56571e+06 1.61191e+06
1.62475e+06 1.55625e+06 1.614e+06
1.63446e+06 1.55634e+06 1.59352e+06
1.59353e+06 1.58209e+06 1.62542e+06
1.61151e+06 1.59384e+06 1.58084e+06
1.621e+06 1.55655e+06 1.62543e+06
1.62499e+06 1.55691e+06 1.59633e+06
1.68489e+06 1.57446e+06 1.5773e+06
1.6558e+06 1.5439e+06 1.61702e+06
1.6111e+06 1.5668e+06 1.66612e+06
1.60446e+06 1.62331e+06 1.61373e+06
1.58262e+06 1.61764e+06 1.63045e+06
1.59961e+06 1.5974e+06 1.65292e+06
1.5911e+06 1.60454e+06 1.64184e+06
1.59279e+06 1.61531e+06 1.62519e+06
1.65111e+06 1.54904e+06 1.61459e+06
1.62029e+06 1.60455e+06 1.58204e+06
1.64879e+06 1.56258e+06 1.59504e+06
1.63102e+06 1.59726e+06 1.58395e+06
1.63441e+06 1.55609e+06 1.62775e+06
1.61401e+06 1.56564e+06 1.60765e+06
1.63826e+06 1.61893e+06 1.57763e+06
1.61777e+06 1.57744e+06 1.60179e+06
1.61876e+06 1.55997e+06 1.64897e+06
1.62214e+06 1.55968e+06 1.61431e+06
1.60232e+06 1.59394e+06 1.63655e+06
1.60745e+06 1.56734e+06 1.6357e+06
1.60298e+06 1.59251e+06 1.62453e+06
1.60544e+06 1.58453e+06 1.62747e+06
1.6154e+06 1.58729e+06 1.59801e+06
1.60807e+06 1.58583e+06 1.60231e+06
1.63367e+06 1.57508e+06 1.59092e+06
1.641e+06 1.58485e+06 1.57739e+06
1.60732e+06 1.5754e+06 1.61732e+06
1.6196e+06 1.56422e+06 1.63184e+06
1.60703e+06 1.5905e+06 1.59944e+06
1.60688e+06 1.59713e+06 1.59143e+06
1.66697e+06 1.55675e+06 1.61539e+06
1.65137e+06 1.54924e+06 1.61672e+06
1.64345e+06 1.58893e+06 1.58128e+06
1.60043e+06 1.63648e+06 1.63322e+06
1.59777e+06 1.60484e+06 1.68556e+06
1.64774e+06 1.55749e+06 1.67468e+06
1.65484e+06 1.57125e+06 1.60321e+06
1.61247e+06 1.6121e+06 1.59461e+06
1.62374e+06 1.56226e+06 1.62342e+06
1.60951e+06 1.59908e+06 1.61006e+06
1.62743e+06 1.60576e+06 1.58802e+06
1.61416e+06 1.58954e+06 1.61194e+06
1.63411e+06 1.58102e+06 1.61428e+06
1.63791e+06 1.58144e+06 1.61131e+06
1.64232e+06 1.57781e+06 1.59618e+06
1.60863e+06 1.5764e+06 1.62874e+06
1.60783e+06 1.60509e+06 1.61847e+06
1.62372e+06 1.60792e+06 1.59426e+06
1.62598e+06 1.60992e+06 1.5823e+06
1.61899e+06 1.57143e+06 1.61704e+06
1.61988e+06 1.60314e+06 1.59578e+06
1.60822e+06 1.604e+06 1.61057e+06
1.67338e+06 1.59679e+06 1.58542e+06
1.65062e+06 1.60065e+06 1.58493e+06
1.64115e+06 1.56505e+06 1.63777e+06
1.62654e+06 1.63101e+06 1.61488e+06
1.60935e+06 1.60974e+06 1.63443e+06
1.65935e+06 1.59158e+06 1.58758e+06
1.64961e+06 1.60443e+06 1.59875e+06
1.63677e+06 1.61739e+06 1.60163e+06
1.65203e+06 1.5824e+06 1.60948e+06
1.61147e+06 1.62505e+06 1.6221e+06
1.62752e+06 1.61029e+06 1.60848e+06
1.63312e+06 1.57287e+06 1.61901e+06
1.62029e+06 1.61445e+06 1.62792e+06
1.62081e+06 1.57852e+06 1.61843e+06
1.60986e+06 1.58884e+06 1.63274e+06
1.60999e+06 1.62377e+06 1.62594e+06
1.63801e+06 1.56946e+06 1.62344e+06
1.63831e+06 1.60271e+06 1.6119e+06
1.63411e+06 1.59766e+06 1.61781e+06
1.6096e+06 1.61514e+06 1.62961e+06
1.66537e+06 1.59197e+06 1.59503e+06
1.65116e+06 1.57008e+06 1.64306e+06
1.61972e+06 1.6027e+06 1.64896e+06
1.60995e+06 1.63697e+06 1.64807e+06
1.63645e+06 1.62098e+06 1.61038e+06
1.6341e+06 1.57768e+06 1.62773e+06
1.65977e+06 1.60442e+06 1.60052e+06
1.63984e+06 1.6184e+06 1.61638e+06
1.62377e+06 1.58605e+06 1.625e+06
1.62127e+06 1.60874e+06 1.61998e+06
1.6486e+06 1.5802e+06 1.62745e+06
1.65676e+06 1.57512e+06 1.62671e+06
1.63957e+06 1.59085e+06 1.62043e+06
1.6833e+06 1.60706e+06 1.60878e+06
1.64989e+06 1.5795e+06 1.63749e+06
1.64037e+06 1.62907e+06 1.61339e+06
1.62726e+06 1.6028e+06 1.6497e+06
1.62408e+06 1.61914e+06 1.62572e+06
1.66469e+06 1.57989e+06 1.63361e+06
1.64577e+06 1.61388e+06 1.62103e+06
1.62731e+06 1.59135e+06 1.64493e+06
1.63583e+06 1.58824e+06 1.62882e+06
1.6292e+06 1.60865e+06 1.64178e+06
1.65771e+06 1.58886e+06 1.6255e+06
1.6471e+06 1.58701e+06 1.64326e+06
1.62919e+06 1.6145e+06 1.62472e+06
1.65879e+06 1.62358e+06 1.62604e+06
1.65524e+06 1.62712e+06 1.6222e+06
1.65504e+06 1.58079e+06 1.663e+06
1.63087e+06 1.60135e+06 1.6694e+06
1.63942e+06 1.60369e+06 1.63994e+06
1.64693e+06 1.61459e+06 1.63854e+06
1.65739e+06 1.62686e+06 1.62514e+06
1.65751e+06 1.6256e+06 1.64751e+06
1.64808e+06 1.60909e+06 1.68084e+06
