1 1.35989
363003 298780
303558 335979
327533 299675
304361 306853
304361 306853
336111 300014
307163 323587
310544 313281
328758 302082
314849 310273
324068 308632
319494 309330
324068 308632
346866 302085
346866 302085
307668 342140
307668 342140
319096 311179
311886 321236
332556 302347
309745 337988
311886 321236
330498 308752
331716 308103
309745 337988
330498 308752
331255 308316
331255 308316
348760 303328
310510 339372
310510 339372
334617 304228
348760 303328
319855 316613
312017 326899
327113 313923
332615 307696
319572 320935
313559 325014
317058 322142
331330 310103
331068 312060
330322 313060
317058 322142
312556 325570
312017 326899
330322 313060
343804 304251
312608 327732
312608 327732
328114 316368
331836 310230
317163 323551
323989 319070
337982 304643
335339 309224
319515 322199
338071 304572
343804 304251
314136 325777
322177 321962
335339 309224
331836 310230
313474 327185
326804 317061
325088 317135
322177 321962
314136 325777
325088 317135
337982 304643
356319 304541
312736 328193
347032 305012
344342 307799
317072 327681
332995 314562
339619 308777
326552 320193
329422 316841
322438 325675
323325 322987
333541 312077
335484 309567
327048 318495
323325 322987
323093 325458
334757 310749
327789 318231
333793 311094
335472 309684
327789 318231
323093 325458
358937 304541
312886 333093
312886 333093
349659 307258
358916 305728
330081 317099
320261 327739
345449 309280
340475 310746
318657 331091
317802 331607
313414 332437
327144 321276
328375 320396
323707 323247
333652 315585
325628 323103
334750 313461
323402 326066
323402 326066
337199 311054
335943 313172
346984 307977
337248 310772
346984 307977
333652 315585
328375 320396
335943 313172
337199 311054
355897 310692
313441 335662
313441 335662
341546 311325
330301 317909
323781 329033
319006 332683
323744 331171
314743 332842
327793 322347
323938 324030
326527 323680
334185 316333
338990 313574
338163 314101
335367 314559
334185 316333
335367 314559
327793 322347
323938 324030
338990 313574
350782 311404
313734 336441
313734 336441
324039 327022
322604 333667
321670 334582
343750 311736
330399 321041
339040 314688
350782 311404
326555 323956
334962 317460
342127 312927
329557 323174
332193 318560
335801 315408
325104 324583
330017 322473
343109 312011
333765 317942
337433 315028
332801 318018
325104 324583
342127 312927
322604 333667
321670 334582
336925 315147
332193 318560
351523 313159
313914 358477
314813 343694
320780 340559
344453 314000
351523 313159
339292 315059
343951 314135
324542 331703
315693 340995
321078 337219
335869 315501
328058 323988
333223 323356
330676 323948
334854 318064
315693 340995
324868 328393
334433 321122
331998 323725
323916 334518
334452 318112
326035 326625
334433 321122
337447 315112
323660 335384
326782 324829
337432 315480
322363 336530
326203 325486
325244 327709
322903 335950
326381 324920
322903 335950
322363 336530
323916 334518
325244 327709
324868 328393
326782 324829
352552 313610
317877 343366
327277 326008
350834 314061
325842 331897
345278 315282
319656 341851
322816 336916
321767 340360
335050 321861
325671 333779
323600 336694
334988 323685
336352 317745
333074 324596
329174 325074
339318 317181
342675 316470
321254 340513
325842 331897
339024 317263
335215 319025
342989 315804
329174 325074
333074 324596
345278 315282
325671 333779
352552 313610
335797 318749
342675 316470
342988 315924
323600 336694
335797 318749
335215 319025
339318 317181
351306 314588
318396 344028
323330 338322
344457 316258
325988 333198
334112 324852
321572 342212
348013 315817
338487 317844
335353 320551
337835 319301
331798 325381
327316 328855
326496 332536
330099 325752
327558 328567
351258 315260
328462 326292
320735 343245
335865 319992
338487 317844
328462 326292
320735 343245
326496 332536
351258 315260
335490 320047
327316 328855
335865 319992
335490 320047
359072 315073
320270 346132
320270 346132
349492 316545
344823 316586
335850 323759
323495 338680
321608 343131
331829 325465
326539 335363
336894 321222
339938 317963
327190 334186
328670 326971
328079 330947
320860 343842
325775 338586
349492 316545
338639 317966
327518 331271
338388 320273
338388 320273
325775 338586
330926 326441
329437 326536
331283 326105
329437 326536
328670 326971
339938 317963
328079 330947
327518 331271
331283 326105
367821 315270
320303 346690
346569 316644
367821 315270
337843 322571
338862 318218
333134 326364
321520 344751
338862 318218
324305 343523
329959 329979
325247 340421
331820 327965
327745 331840
327112 335667
336788 324780
327745 331840
330010 328618
326958 338481
327112 335667
326958 338481
336788 324780
324796 341431
324389 341775
324389 341775
377943 315340
321184 347877
377943 315340
347317 317504
338513 323263
329075 332577
325287 341144
335087 327629
327302 337564
328030 336514
343491 318314
324110 345397
339299 322082
331933 328104
331610 330917
339522 318541
347317 317504
331847 330471
325208 343616
339522 318541
325114 344728
334676 328039
325208 343616
335087 327629
334676 328039
348905 317594
322453 348695
327851 340468
343965 319055
329794 333159
340873 323730
341528 319597
332245 332373
335061 328101
348856 319016
338923 325993
333551 329918
328544 336997
339152 325767
334760 328685
328005 338631
328134 337496
327851 340468
341892 320267
328925 338976
335246 328255
334889 330871
332613 334755
335246 328255
329713 337118
331652 335277
347146 321991
329249 343360
331727 335890
336446 330605
341930 328239
329517 340644
338714 329275
344126 325189
345849 324192
346914 323009
344816 324351
348359 324191
330531 345254
344385 327898
331287 342441
333626 336579
335970 336372
341544 329982
336992 333644
337916 332161
339048 331510
340955 331451
341264 330768
353807 324837
331050 346383
342594 330361
333868 341089
332456 344946
338608 333852
337235 339434
338528 334301
350235 326515
345919 329763
349255 328455
336869 340473
346879 329466
349261 326848
357024 325556
333578 346123
350509 328600
344331 331566
338324 339607
342752 332216
338797 334380
352699 327865
335554 344944
355881 326859
338642 335292
336936 341625
336358 342450
356204 330985
334567 355062
337171 348823
349763 332186
338581 341126
336766 354494
347246 332368
344105 335476
344569 333453
338940 337967
340368 335488
339653 335711
338925 340682
350127 332500
337914 349684
339513 338474
338503 349432
339935 336577
345466 333827
343673 336376
344876 335983
345433 333842
351034 333214
338458 352061
340638 342006
347315 334454
338528 351410
344307 336958
340882 337207
361164 333475
340885 340293
351916 334029
347634 336870
341675 337542
345247 337107
355476 337179
341181 357699
345575 337872
341941 341420
342505 338562
342467 340865
351449 337927
342111 343902
343046 340941
356144 339434
342384 344106
348836 340956
348762 343890
357387 340949
342655 350909
346136 345027
349610 342023
351607 341158
344175 348963
343244 349258
351872 341482
344114 350301
346587 347310
352805 341697
344774 362328
354907 358696
350342 295817
299310 350810
299310 350810
302384 323491
305565 304271
312023 303546
335839 299531
325224 302535
347541 296518
331870 301350
347541 296518
328945 301892
328945 301892
340501 301353
304148 333851
309850 313075
335307 302776
327356 303521
317121 312085
325111 307113
320893 310313
309850 313075
352622 302777
306165 348418
311901 313260
336599 303392
348288 302850
329460 304707
317409 312678
329259 307266
327080 311195
322516 311546
320079 312232
320079 312232
322516 311546
327080 311195
348055 303926
312154 342509
314154 325783
337234 304648
316174 313819
323144 312324
329481 307532
314100 333214
314100 333214
317733 312815
327502 312016
334078 306853
329115 311552
334806 306281
316174 313819
329115 311552
359944 304904
313837 356290
343182 305130
359944 304904
331304 307767
316751 322039
314926 327320
314778 339541
337838 306572
319462 314770
314778 339541
314690 350813
318667 315623
326908 313135
326908 313135
340248 305527
314926 327320
314690 350813
353007 305854
315207 333721
315207 333721
341707 306313
333060 308411
329009 315523
331767 311993
320478 319141
315857 328493
315939 327708
326039 318395
318110 322580
317274 323118
325314 318963
317274 323118
317803 322758
348966 306510
348966 306510
316455 357561
316473 337249
333089 311367
341747 308389
329669 317700
318017 327074
342599 307062
316561 335135
326507 319729
319261 322945
320517 320547
323865 319943
333089 311367
350408 306760
317277 351914
317456 345651
318082 332813
338192 311816
319658 328665
321131 323948
343843 308203
330401 319783
344218 307373
333859 315499
326571 320474
336924 313615
323964 321712
323413 322317
329205 320064
335586 314835
334375 314859
343843 308203
357106 306978
319326 336709
338282 311895
345054 309085
327430 320801
350552 307267
321733 329140
323973 322715
333866 320403
337844 314770
346105 307661
322530 326170
320645 333607
357106 306978
322862 324284
320397 333645
334172 316675
334148 319231
336165 316494
335842 316555
349735 308754
319376 341249
339659 312125
346768 310850
328495 321028
321961 338829
334198 319709
323680 331657
322324 333274
338257 316142
323788 325458
336187 317120
327096 323356
335745 319123
326359 324213
325132 324503
324355 324610
353461 310564
319588 356194
342683 312183
322694 335365
320412 343525
340015 313855
337892 318778
320510 343371
323944 331005
335972 319698
324923 325510
333384 322802
329246 324934
324471 327521
332460 324276
330054 324606
333230 323889
356611 310924
322953 337548
324874 329495
350395 314054
323506 336858
340402 316232
330822 325035
338180 319620
336188 322418
342651 315203
325803 325945
346137 315089
348747 314451
336836 320092
325713 326641
333633 323959
332645 324399
333236 323961
360696 312556
323041 339847
324967 335336
351530 314592
324999 329881
343207 315972
359229 313976
341362 319992
347209 315326
328713 326228
326665 327307
332654 324881
336781 323846
333429 324219
338907 320290
337193 322361
337798 321221
338311 320513
337347 322015
360527 315140
324033 351452
343787 316054
325011 347297
325201 331917
339592 320922
338511 324069
332682 325142
327155 327859
330574 326733
325386 331781
351689 316071
325521 336353
327219 329325
340257 321525
330981 327355
333508 325200
326620 334712
339082 325102
345869 316456
345105 316667
339732 324178
343989 320750
345004 320531
333144 327191
326259 335142
326140 336174
344613 320553
366870 316498
325763 358643
325904 338578
346532 316615
342305 322005
326888 335075
339567 325107
346443 317051
328341 330618
335861 325204
331091 329257
333556 327053
334962 326056
329714 329622
333735 326993
328876 330486
330920 329429
353717 318599
325974 359361
326797 344776
337186 326359
341161 325359
344869 322133
349764 318829
348040 321053
327894 336557
335092 328742
327226 341290
332222 329663
327467 339776
335398 328169
328510 332471
330533 332093
328499 334182
342822 323125
349049 320125
342596 323653
330951 331049
332196 330465
351143 319054
326315 360002
328763 338604
328356 358974
328875 332783
341438 325773
350364 320710
345776 322356
345319 324007
332344 330012
335350 329629
339371 326696
337002 328559
337592 327517
332739 329710
367927 319088
327915 367247
329135 349233
351079 321369
358085 319323
329361 340686
342080 325916
356726 321130
346482 323203
330517 338686
345881 324885
332957 330420
339420 327079
334648 329832
337505 329548
331692 333400
330843 334192
338187 327783
357918 319804
330974 334058
361603 320565
329582 347483
329776 344810
331404 335242
354881 324258
358721 321154
349364 324286
346277 325090
333053 334544
333762 331059
343252 327591
345158 326951
339560 327762
337729 330394
338858 328368
335892 330913
336729 330786
362334 320894
329752 352698
360400 322409
351106 324440
347569 326668
333804 339638
329784 348865
341126 328258
333883 334564
351062 325079
338929 329201
332525 343034
331481 345597
330682 346237
335740 332017
344384 328123
338238 331051
332554 341112
334552 334418
336201 331213
344343 328229
367090 321695
332647 348449
360688 323873
337339 332935
353552 324842
333646 342566
335198 336955
333531 347561
352352 326941
334330 339320
339893 330719
348381 326972
347577 327863
342113 329818
344899 328817
344024 329087
334507 337987
339946 329912
360521 325476
332806 359062
334164 353406
334973 339326
345575 329411
356243 326888
350796 328839
341110 329948
336288 337530
351443 327195
338005 333249
339915 331774
338879 333156
335098 338510
370287 325581
335040 345810
357860 327063
347644 329709
357787 328832
336349 337680
338513 333862
340939 331949
336047 340817
335091 343828
344131 330132
335950 342305
341581 330603
342049 330401
357887 330042
336770 338030
349054 330366
338693 334348
341873 333319
346254 331192
343929 332867
340565 334216
344210 331895
344760 331255
344720 331817
339406 334337
359597 331151
337412 348743
356133 331556
337759 342709
347482 331676
346281 332747
340911 334240
338392 340036
339138 337790
339869 335708
340565 334672
353792 331781
337767 345713
341551 334486
352738 333946
338430 342140
340030 336891
358672 332706
337965 347097
342787 334511
340935 338630
339188 345323
342006 336640
338504 345980
365810 332978
340243 345506
358862 333853
342791 343843
353831 334571
343031 340772
348471 334931
347359 336620
344597 338127
344156 339755
347445 336059
352115 334771
342362 344874
344532 338199
341106 345132
343918 340737
352541 334692
355177 334608
340419 350805
350646 339123
352738 335437
343336 342681
345332 339347
342552 346180
340466 346491
344909 340350
341463 346340
344997 340069
340648 346347
361017 335564
341661 356229
343337 347336
345793 340212
353009 338212
355655 336833
344689 343769
344795 342908
354360 337333
357061 337869
343533 352691
345721 343525
354598 341014
359072 338090
346383 354322
357496 340261
350165 343538
349293 345020
347898 351170
347392 352180
359936 338442
350049 356551
352123 344877
350284 347722
350762 346006
367351 342558
356662 350686
362454 346211
377402 343094
361500 359790
343756 295137
293801 316511
293801 316511
314936 308676
306913 315497
325805 303580
339754 301108
321794 306681
331832 301126
306913 315497
334868 301122
334868 301122
367342 301835
303951 327357
303951 327357
310020 321187
340750 302197
318242 313464
336452 303699
329436 305974
323934 310099
322618 312917
328212 308203
328212 308203
319512 313327
378417 302164
304891 329603
356249 302484
329757 309533
378417 302164
345370 306861
322905 317705
324942 314280
324942 314280
314784 326631
313255 327350
321721 320914
345370 306861
338195 307276
307052 327407
335072 308559
315196 323929
321721 320914
319103 322768
317874 322991
307052 327407
315196 323929
338195 307276
336046 307844
336046 307844
335072 308559
319103 322768
341758 307573
305162 336326
310048 328116
317385 324070
310048 328116
336203 309015
329675 315445
322912 319391
322674 321406
317385 324070
331475 312046
329945 312167
325180 316410
325180 316410
341758 307573
338053 308098
338053 308098
322674 321406
331475 312046
341869 308654
310231 352229
311569 330590
318613 325958
324464 322376
330241 318073
319403 324531
341869 308654
336825 309537
325640 318979
335229 312106
330581 312277
330581 312277
326712 318772
336825 309537
335229 312106
326712 318772
318692 324737
318692 324737
330241 318073
343405 309145
310351 354073
314237 340808
333217 312418
314488 331115
339587 309669
325829 321599
317278 331009
318652 327479
332524 317233
327213 318789
320350 326317
323353 325933
332524 317233
339587 309669
324543 325052
327213 318789
324543 325052
363812 309307
315538 336699
315538 336699
333416 313629
345368 311243
325838 326170
315988 332175
333164 318765
363812 309307
353368 309706
319079 329946
353368 309706
329157 319495
340589 312074
315731 335818
326307 322276
326307 322276
320630 327305
340589 312074
319235 327767
330738 318911
320630 327305
351603 312384
315558 336855
342152 313815
334464 315964
351603 312384
331314 319269
337974 314097
326462 325674
322378 327669
319302 332999
316672 335892
322378 327669
320886 331226
331286 320371
329278 323258
320886 331226
319302 332999
327039 323327
326462 325674
335771 314355
335771 314355
316672 335892
329278 323258
327039 323327
331286 320371
355498 312543
316433 340673
341558 314146
353243 312570
328712 323596
331656 319865
334951 317275
328358 326270
323340 327982
336831 314460
323340 327982
322491 332174
335801 314834
322491 332174
322388 336238
317372 337342
333642 319597
321025 336969
317372 337342
328358 326270
322388 336238
321025 336969
355498 312543
353243 312570
333252 319701
333252 319701
348718 314504
316822 357443
316822 357443
319849 340034
338487 314541
317835 349863
320626 337581
329829 325423
325382 328560
317835 349863
335683 318986
330734 324689
322751 334401
331795 320331
337389 316063
323913 328916
323693 331012
334494 320028
331795 320331
338487 314541
337389 316063
323582 332696
322751 334401
334494 320028
325382 328560
329829 325423
323582 332696
346291 314749
319114 350853
319114 350853
338290 316286
321305 338660
320439 343754
326596 329093
330607 325970
334867 320847
326579 329379
323701 332789
323620 334994
336912 319970
333229 323971
320439 343754
330959 325670
333777 323098
337716 317960
337910 317352
323701 332789
323620 334994
333777 323098
337716 317960
330959 325670
330607 325970
326579 329379
370113 315584
320843 344405
320843 344405
321897 339200
352019 316231
335663 321025
324389 333334
352019 316231
339779 316329
330838 327067
327745 330432
338227 317469
327745 330432
324389 333334
333806 326432
334906 323663
334087 325052
330838 327067
339547 316603
338227 317469
334906 323663
334290 324282
334290 324282
339779 316329
352496 316462
322990 355302
322990 355302
323271 344801
345077 316526
324414 334579
352496 316462
323038 353451
341525 316592
324936 333689
328428 331271
335910 324489
336512 321769
339845 318476
331909 328300
332674 327293
330508 330838
328428 331271
334368 325422
333554 327188
331540 329148
334368 325422
337941 321283
339467 319040
338601 320030
338601 320030
337941 321283
323038 353451
330950 329885
330508 330838
330950 329885
333554 327188
339467 319040
344606 316601
324492 336405
324492 336405
329158 331665
336782 322227
327993 333900
332136 329003
336241 326695
343165 318657
325521 334015
340875 320597
338235 321852
335517 328230
332300 328567
342021 320547
342814 319359
335517 328230
336241 326695
324727 334634
338235 321852
324727 334634
340875 320597
332300 328567
332136 329003
342908 318904
342908 318904
350968 317049
325703 334327
325703 334327
328229 333993
331260 332733
336622 328460
346373 318431
340527 322058
338220 324217
332799 330755
337719 326132
332460 332166
348910 317321
338645 322721
344738 319775
337719 326132
336190 329260
345619 318793
343074 320758
343498 320727
338269 323093
350953 317313
334632 330435
341123 320959
335249 329741
341123 320959
348910 317321
344751 319203
334811 329842
334632 330435
344751 319203
334811 329842
343498 320727
350968 317049
351528 318125
326126 335922
335125 331804
329538 334343
340469 323930
338381 327952
335479 330080
344244 320823
328420 335086
350534 318915
346377 319184
345055 320209
342724 322627
342724 322627
339432 324560
335479 330080
346377 319184
338578 326376
338381 327952
350534 318915
338698 325271
338600 325342
338578 326376
354873 318249
354873 318249
326769 340236
337440 333232
350669 318977
342002 324650
338827 326300
344874 321099
331769 335556
336112 333487
346055 320210
328191 338364
339792 324857
330832 337894
331539 337404
338827 326300
357494 318795
326793 349311
330248 338809
337036 335842
348239 323157
339839 325642
341691 325110
332085 335891
354224 319035
352521 320208
352521 320208
372933 320318
329492 350942
355802 321426
330415 340174
348702 324042
342314 325543
338929 336215
353628 322767
339870 331414
340895 326890
339952 330407
336653 338499
337438 337779
333466 339822
332570 340139
333227 339917
351970 325102
329610 351368
344077 326168
334828 340221
340087 336533
331286 340555
330666 348198
341364 328035
340808 333025
346497 327329
331999 345044
341620 328279
340758 336969
336608 343249
340089 338606
335189 343398
340124 337943
359776 327635
332605 356876
334582 345289
350331 328325
341668 329415
340107 339141
332785 356829
341357 336982
355826 328961
335097 351287
341933 329785
339226 346934
347343 329646
355133 329244
339124 350520
335963 350910
348024 329741
336490 354948
339502 347297
342305 343943
343286 338105
344364 331315
346621 330227
345236 331786
340644 349599
344172 340021
344576 337510
345071 332090
346301 332078
341770 357688
344395 345442
345764 333906
353797 332475
344475 349367
345947 339009
346668 332902
351516 332725
353969 333312
348075 351389
349699 338197
350264 333371
358305 334185
350888 345111
354063 336179
352827 339833
353243 338871
360473 334661
356776 343775
358889 340545
360324 337700
362783 335429
357431 346472
360426 344660
365575 337438
364405 356267
374732 340948
366263 341321
