3265 35.4895
695024 671755
693379 675010
707463 665293
698077 669476
707463 665293
693379 675010
700192 670322
699412 670842
698152 670415
701794 668115
698666 669455
699489 670186
695960 672308
695024 671755
695614 672069
698666 669455
699601 671938
703290 669859
699602 670008
695960 672308
695960 672308
698666 669455
698665 671385
699679 669352
698665 671385
699774 669771
696361 671526
695024 671755
695960 672308
699657 668987
696627 671966
695614 672069
697823 674424
698666 669455
699011 671624
703691 669077
699067 668673
698666 669455
699601 671938
699256 669769
703243 669638
701717 668771
699678 671282
698666 669455
698742 670729
695101 671099
703131 667886
695425 670973
703635 672028
696037 671652
695960 672308
698665 671385
696550 672622
700192 670322
699679 669352
696951 671840
698666 669455
695024 671755
700002 671156
695024 671755
699657 668987
696015 671287
701717 668771
695691 671413
698666 669455
696361 671526
699088 670968
703243 669638
702653 669324
695614 672069
701717 668771
702708 668303
695960 672308
695024 671755
699011 671624
700003 669226
699011 671624
699256 669769
702653 669324
698075 671071
695024 671755
700192 670322
696550 672622
699678 671282
700192 670322
700003 669226
703243 669638
698666 669455
699011 671624
700269 669666
699011 671624
702118 667989
698666 669455
702653 669324
698743 668799
695691 671413
695691 671413
699088 670968
698075 671071
695960 672308
696438 670870
699657 668987
702055 672438
701717 668771
699067 668673
695024 671755
695425 670973
695024 671755
695502 670317
700080 668570
701717 668771
700080 668570
695425 670973
702785 667647
695960 672308
702118 667989
699602 670008
696550 672622
698666 669455
702730 668668
695425 670973
699602 670008
698152 670415
699088 670968
702653 669324
695960 672308
700584 672712
699256 669769
696550 672622
703635 672028
695024 671755
695960 672308
698743 668799
698666 669455
696037 671652
696438 670870
698666 669455
695614 672069
696550 672622
700364 670085
695385 672614
698075 671071
700192 670322
695960 672308
695691 671413
698075 671071
699011 671624
702307 669085
699088 670968
698075 671071
699963 670867
695024 671755
698152 670415
704226 670412
695024 671755
699088 670968
696037 671652
695425 670973
699601 671938
699601 671938
696951 671840
696951 671840
698586 670994
699648 672159
699601 671938
699256 669769
698075 671071
698666 669455
698666 669455
699011 671624
696550 672622
696627 671966
698743 668799
701174 673026
701794 668115
695960 672308
