25 1.18298
1.64876e+06 1.59393e+06 1.60746e+06 1.63706e+06
1.61195e+06 1.62356e+06 1.63286e+06 1.6411e+06
1.64265e+06 1.5841e+06 1.6309e+06 1.6546e+06
1.60232e+06 1.627e+06 1.63104e+06 1.62166e+06
1.66107e+06 1.57879e+06 1.58487e+06 1.61142e+06
1.6368e+06 1.58107e+06 1.63429e+06 1.64795e+06
1.6066e+06 1.62418e+06 1.58941e+06 1.59374e+06
1.62892e+06 1.61881e+06 1.63385e+06 1.62092e+06
1.63745e+06 1.58333e+06 1.61206e+06 1.63851e+06
1.66634e+06 1.59143e+06 1.63813e+06 1.61527e+06
1.64079e+06 1.6031e+06 1.62502e+06 1.6412e+06
1.62781e+06 1.60368e+06 1.64156e+06 1.64837e+06
1.59892e+06 1.64004e+06 1.63441e+06 1.64778e+06
1.67758e+06 1.6092e+06 1.62194e+06 1.67285e+06
1.60928e+06 1.61282e+06 1.62596e+06 1.619e+06
1.61529e+06 1.60198e+06 1.61128e+06 1.61252e+06
1.62936e+06 1.63362e+06 1.59976e+06 1.6478e+06
1.64877e+06 1.6269e+06 1.6427e+06 1.61887e+06
1.63191e+06 1.58712e+06 1.6547e+06 1.62193e+06
1.64129e+06 1.59122e+06 1.62902e+06 1.60782e+06
1.6645e+06 1.66344e+06 1.65036e+06 1.67007e+06
1.64303e+06 1.59591e+06 1.61351e+06 1.59332e+06
1.59731e+06 1.63278e+06 1.5656e+06 1.65961e+06
1.62131e+06 1.59266e+06 1.61077e+06 1.66565e+06
1.588e+06 1.56258e+06 1.6157e+06 1.6242e+06
1.66021e+06 1.59325e+06 1.655e+06 1.60069e+06
1.60321e+06 1.58736e+06 1.614e+06 1.64983e+06
1.64461e+06 1.59659e+06 1.60108e+06 1.65561e+06
1.62079e+06 1.59405e+06 1.62424e+06 1.63699e+06
1.62962e+06 1.5938e+06 1.62666e+06 1.58588e+06
1.65968e+06 1.59768e+06 1.67266e+06 1.66036e+06
1.63291e+06 1.60404e+06 1.62994e+06 1.61725e+06
1.57501e+06 1.58771e+06 1.64537e+06 1.63205e+06
1.63618e+06 1.6231e+06 1.59351e+06 1.61033e+06
1.62888e+06 1.59489e+06 1.6012e+06 1.66512e+06
1.61757e+06 1.59466e+06 1.6065e+06 1.64761e+06
1.65799e+06 1.56886e+06 1.62812e+06 1.62868e+06
1.6276e+06 1.5857e+06 1.68031e+06 1.61395e+06
1.66422e+06 1.60326e+06 1.63565e+06 1.65871e+06
1.59424e+06 1.59983e+06 1.62503e+06 1.64651e+06
1.59173e+06 1.55925e+06 1.60463e+06 1.63521e+06
1.60998e+06 1.55934e+06 1.62818e+06 1.6278e+06
1.63226e+06 1.63498e+06 1.61711e+06 1.65533e+06
1.62955e+06 1.6321e+06 1.6398e+06 1.61758e+06
1.60089e+06 1.58816e+06 1.60352e+06 1.61047e+06
1.62883e+06 1.61518e+06 1.62281e+06 1.63109e+06
1.58795e+06 1.61244e+06 1.61799e+06 1.63499e+06
1.64621e+06 1.60237e+06 1.6187e+06 1.61709e+06
1.64406e+06 1.61022e+06 1.66849e+06 1.6536e+06
1.64222e+06 1.56167e+06 1.64004e+06 1.60524e+06
1.66452e+06 1.59087e+06 1.6338e+06 1.62494e+06
1.65439e+06 1.6336e+06 1.63326e+06 1.62332e+06
1.63252e+06 1.59887e+06 1.60069e+06 1.65914e+06
1.63176e+06 1.56206e+06 1.63957e+06 1.64015e+06
1.60522e+06 1.56416e+06 1.64886e+06 1.67818e+06
1.62033e+06 1.6351e+06 1.5953e+06 1.624e+06
1.6076e+06 1.60213e+06 1.64645e+06 1.67185e+06
1.61463e+06 1.61134e+06 1.60843e+06 1.58368e+06
1.61321e+06 1.61259e+06 1.59772e+06 1.60412e+06
1.62532e+06 1.5934e+06 1.61354e+06 1.65354e+06
1.67274e+06 1.55628e+06 1.63941e+06 1.63742e+06
1.61417e+06 1.6212e+06 1.58893e+06 1.57635e+06
1.62533e+06 1.59246e+06 1.58779e+06 1.61357e+06
1.62812e+06 1.62253e+06 1.61408e+06 1.6008e+06
1.63999e+06 1.60245e+06 1.62536e+06 1.62985e+06
1.6323e+06 1.57572e+06 1.59608e+06 1.65425e+06
1.64724e+06 1.58632e+06 1.63877e+06 1.62506e+06
1.58883e+06 1.57987e+06 1.60661e+06 1.64388e+06
1.65965e+06 1.58984e+06 1.60315e+06 1.65784e+06
1.59909e+06 1.58651e+06 1.66281e+06 1.67133e+06
1.6293e+06 1.58806e+06 1.63329e+06 1.65995e+06
1.61179e+06 1.61499e+06 1.61752e+06 1.64045e+06
1.66973e+06 1.59614e+06 1.64516e+06 1.62631e+06
1.66391e+06 1.59955e+06 1.62498e+06 1.63259e+06
1.63154e+06 1.57911e+06 1.64797e+06 1.63989e+06
1.66137e+06 1.60667e+06 1.63458e+06 1.62086e+06
1.61667e+06 1.60718e+06 1.63617e+06 1.6234e+06
1.69073e+06 1.61238e+06 1.60792e+06 1.67641e+06
1.61735e+06 1.57934e+06 1.59456e+06 1.64684e+06
1.62154e+06 1.60526e+06 1.59557e+06 1.62834e+06
1.62332e+06 1.61394e+06 1.64669e+06 1.62394e+06
1.56269e+06 1.60285e+06 1.63774e+06 1.61128e+06
1.6498e+06 1.57449e+06 1.65508e+06 1.59532e+06
1.61755e+06 1.61594e+06 1.63398e+06 1.61758e+06
1.63069e+06 1.56578e+06 1.628e+06 1.61969e+06
1.64611e+06 1.61664e+06 1.60203e+06 1.6393e+06
1.58134e+06 1.59428e+06 1.56926e+06 1.67368e+06
1.57253e+06 1.61479e+06 1.68687e+06 1.63148e+06
1.68981e+06 1.56889e+06 1.62669e+06 1.60602e+06
1.61996e+06 1.58831e+06 1.61648e+06 1.62892e+06
1.62772e+06 1.58748e+06 1.66327e+06 1.63039e+06
1.63287e+06 1.62771e+06 1.64955e+06 1.62698e+06
1.6064e+06 1.62978e+06 1.65072e+06 1.62882e+06
1.65826e+06 1.5755e+06 1.63439e+06 1.61623e+06
1.63741e+06 1.58149e+06 1.63234e+06 1.59114e+06
1.62881e+06 1.60607e+06 1.65506e+06 1.61729e+06
1.62098e+06 1.64493e+06 1.6005e+06 1.62399e+06
1.65608e+06 1.59925e+06 1.64412e+06 1.6277e+06
1.64488e+06 1.55475e+06 1.62065e+06 1.6183e+06
1.62637e+06 1.59355e+06 1.62085e+06 1.60405e+06
1.63833e+06 1.59661e+06 1.6527e+06 1.66922e+06
1.63149e+06 1.6013e+06 1.60866e+06 1.59883e+06
1.61575e+06 1.58673e+06 1.60867e+06 1.6711e+06
1.62735e+06 1.58711e+06 1.6184e+06 1.66825e+06
1.62513e+06 1.55516e+06 1.64655e+06 1.66801e+06
1.63978e+06 1.54433e+06 1.597e+06 1.63352e+06
1.66027e+06 1.59835e+06 1.60433e+06 1.66363e+06
1.59656e+06 1.60001e+06 1.59676e+06 1.64966e+06
1.61991e+06 1.61618e+06 1.66803e+06 1.66228e+06
1.66188e+06 1.56271e+06 1.62677e+06 1.61859e+06
1.62324e+06 1.59186e+06 1.64631e+06 1.64631e+06
1.60471e+06 1.59528e+06 1.60752e+06 1.64116e+06
1.61668e+06 1.58773e+06 1.6375e+06 1.65122e+06
1.63405e+06 1.61528e+06 1.62958e+06 1.64179e+06
1.60438e+06 1.6069e+06 1.62267e+06 1.64219e+06
1.65092e+06 1.60191e+06 1.61615e+06 1.61997e+06
1.639e+06 1.59909e+06 1.59083e+06 1.67377e+06
1.5856e+06 1.56979e+06 1.59956e+06 1.60106e+06
1.63574e+06 1.59156e+06 1.61372e+06 1.6025e+06
1.64526e+06 1.59749e+06 1.59466e+06 1.63387e+06
1.61721e+06 1.5765e+06 1.62473e+06 1.60962e+06
1.55597e+06 1.59299e+06 1.63034e+06 1.62548e+06
1.61032e+06 1.57914e+06 1.62568e+06 1.59244e+06
1.68457e+06 1.57732e+06 1.61624e+06 1.64094e+06
1.60697e+06 1.64138e+06 1.59584e+06 1.60551e+06
1.60974e+06 1.59318e+06 1.66722e+06 1.61549e+06
1.55993e+06 1.59023e+06 1.59108e+06 1.65683e+06
1.60339e+06 1.62173e+06 1.63555e+06 1.63276e+06
1.6183e+06 1.5994e+06 1.55733e+06 1.6702e+06
1.62284e+06 1.60903e+06 1.60675e+06 1.64739e+06
1.68024e+06 1.6351e+06 1.64403e+06 1.63734e+06
1.62028e+06 1.63095e+06 1.6795e+06 1.63687e+06
1.64166e+06 1.54993e+06 1.63479e+06 1.66359e+06
1.62187e+06 1.64054e+06 1.57632e+06 1.62285e+06
1.64721e+06 1.62535e+06 1.62468e+06 1.66306e+06
1.61552e+06 1.63064e+06 1.61025e+06 1.65826e+06
1.63243e+06 1.57448e+06 1.58827e+06 1.62588e+06
1.59952e+06 1.62595e+06 1.62404e+06 1.62804e+06
1.69015e+06 1.55719e+06 1.60811e+06 1.64211e+06
1.6325e+06 1.62094e+06 1.63364e+06 1.64745e+06
1.62794e+06 1.59998e+06 1.66909e+06 1.64169e+06
1.65525e+06 1.6059e+06 1.66765e+06 1.65207e+06
1.66104e+06 1.59942e+06 1.62884e+06 1.64902e+06
1.63417e+06 1.57349e+06 1.59998e+06 1.64691e+06
1.61602e+06 1.61286e+06 1.56609e+06 1.66151e+06
1.70885e+06 1.58831e+06 1.62727e+06 1.67092e+06
1.66621e+06 1.56906e+06 1.66078e+06 1.6188e+06
1.66444e+06 1.60352e+06 1.64327e+06 1.6195e+06
1.66258e+06 1.58778e+06 1.65189e+06 1.6283e+06
1.63852e+06 1.64745e+06 1.64068e+06 1.64447e+06
1.59931e+06 1.55357e+06 1.61212e+06 1.61582e+06
1.66089e+06 1.58493e+06 1.60871e+06 1.69417e+06
1.64276e+06 1.58596e+06 1.63252e+06 1.62109e+06
1.62848e+06 1.54719e+06 1.62631e+06 1.58744e+06
1.63922e+06 1.62383e+06 1.59648e+06 1.58869e+06
1.64231e+06 1.61159e+06 1.60252e+06 1.6519e+06
1.61871e+06 1.57672e+06 1.66146e+06 1.62798e+06
1.591e+06 1.60534e+06 1.6362e+06 1.59442e+06
1.62206e+06 1.60096e+06 1.60608e+06 1.64332e+06
1.64772e+06 1.59476e+06 1.61409e+06 1.64348e+06
1.58813e+06 1.60505e+06 1.57287e+06 1.62115e+06
1.6245e+06 1.57246e+06 1.59932e+06 1.63057e+06
1.62594e+06 1.59308e+06 1.61658e+06 1.65747e+06
1.60171e+06 1.65818e+06 1.60649e+06 1.63336e+06
1.61071e+06 1.57734e+06 1.64136e+06 1.62921e+06
1.63575e+06 1.61312e+06 1.60837e+06 1.65008e+06
1.62741e+06 1.5698e+06 1.61045e+06 1.65473e+06
1.63866e+06 1.5978e+06 1.62924e+06 1.64063e+06
1.65191e+06 1.5897e+06 1.59919e+06 1.62485e+06
1.59664e+06 1.56005e+06 1.67077e+06 1.604e+06
1.65391e+06 1.56356e+06 1.64481e+06 1.61052e+06
1.60464e+06 1.61923e+06 1.63222e+06 1.61289e+06
1.63542e+06 1.57887e+06 1.59877e+06 1.59679e+06
1.63058e+06 1.6337e+06 1.63059e+06 1.64934e+06
1.6523e+06 1.59304e+06 1.61794e+06 1.62461e+06
1.60327e+06 1.6328e+06 1.61685e+06 1.65702e+06
1.5858e+06 1.55903e+06 1.66021e+06 1.62504e+06
1.6164e+06 1.60816e+06 1.61701e+06 1.592e+06
1.64823e+06 1.59996e+06 1.66038e+06 1.59639e+06
1.60376e+06 1.58605e+06 1.64229e+06 1.62037e+06
1.62924e+06 1.63143e+06 1.60179e+06 1.62507e+06
1.60598e+06 1.63222e+06 1.62246e+06 1.62763e+06
1.61234e+06 1.59746e+06 1.62865e+06 1.60198e+06
1.64575e+06 1.57241e+06 1.63574e+06 1.6475e+06
1.64589e+06 1.56731e+06 1.62381e+06 1.6004e+06
1.62013e+06 1.62131e+06 1.6273e+06 1.61602e+06
1.63132e+06 1.60015e+06 1.59327e+06 1.61693e+06
1.6514e+06 1.63624e+06 1.6522e+06 1.64548e+06
1.61796e+06 1.57538e+06 1.57478e+06 1.65564e+06
1.59722e+06 1.55508e+06 1.55559e+06 1.66215e+06
1.65251e+06 1.6094e+06 1.64069e+06 1.60291e+06
1.63661e+06 1.6025e+06 1.65934e+06 1.62452e+06
1.62496e+06 1.59157e+06 1.6469e+06 1.61349e+06
1.58329e+06 1.59106e+06 1.62054e+06 1.62228e+06
1.61216e+06 1.63337e+06 1.60895e+06 1.62347e+06
1.66181e+06 1.61636e+06 1.58219e+06 1.59371e+06
1.63726e+06 1.60194e+06 1.62189e+06 1.65297e+06
1.61233e+06 1.60605e+06 1.64097e+06 1.64841e+06
1.62511e+06 1.56471e+06 1.63289e+06 1.62249e+06
1.6395e+06 1.59662e+06 1.5966e+06 1.63203e+06
1.62362e+06 1.63771e+06 1.59531e+06 1.62988e+06
1.60523e+06 1.61454e+06 1.62911e+06 1.63436e+06
1.61011e+06 1.60509e+06 1.60856e+06 1.66082e+06
1.64122e+06 1.58612e+06 1.59429e+06 1.63141e+06
1.67459e+06 1.61338e+06 1.59066e+06 1.6601e+06
1.65666e+06 1.6205e+06 1.58556e+06 1.61961e+06
1.66801e+06 1.57219e+06 1.6092e+06 1.60855e+06
1.61002e+06 1.59984e+06 1.62917e+06 1.68133e+06
1.61944e+06 1.62788e+06 1.5952e+06 1.61731e+06
1.61823e+06 1.62186e+06 1.6209e+06 1.58881e+06
1.6171e+06 1.61245e+06 1.59351e+06 1.60119e+06
1.61672e+06 1.58977e+06 1.63172e+06 1.63274e+06
1.63663e+06 1.60673e+06 1.59602e+06 1.62113e+06
1.60794e+06 1.62002e+06 1.59839e+06 1.62876e+06
1.6143e+06 1.60685e+06 1.6229e+06 1.62599e+06
1.65435e+06 1.6339e+06 1.62414e+06 1.64304e+06
1.57975e+06 1.59687e+06 1.62071e+06 1.62453e+06
1.62024e+06 1.59082e+06 1.63827e+06 1.62095e+06
1.61026e+06 1.58978e+06 1.60083e+06 1.61813e+06
1.61616e+06 1.62158e+06 1.60649e+06 1.5833e+06
1.62442e+06 1.59597e+06 1.68713e+06 1.6041e+06
1.62668e+06 1.61218e+06 1.62997e+06 1.64415e+06
1.58803e+06 1.63272e+06 1.60401e+06 1.65438e+06
1.61086e+06 1.61352e+06 1.59992e+06 1.62701e+06
1.64576e+06 1.5924e+06 1.60249e+06 1.62418e+06
1.63896e+06 1.64842e+06 1.61248e+06 1.64917e+06
1.63014e+06 1.60332e+06 1.61292e+06 1.64698e+06
1.64151e+06 1.59035e+06 1.64345e+06 1.64026e+06
1.65035e+06 1.589e+06 1.63737e+06 1.64079e+06
1.61554e+06 1.58949e+06 1.64076e+06 1.63098e+06
1.65746e+06 1.59885e+06 1.6006e+06 1.66206e+06
1.65782e+06 1.6039e+06 1.58228e+06 1.58819e+06
1.65465e+06 1.57735e+06 1.62954e+06 1.66055e+06
1.61345e+06 1.5745e+06 1.64057e+06 1.61121e+06
1.67773e+06 1.59461e+06 1.64566e+06 1.67317e+06
1.68388e+06 1.63175e+06 1.60399e+06 1.65056e+06
1.62039e+06 1.62704e+06 1.62729e+06 1.66995e+06
1.65111e+06 1.59149e+06 1.59501e+06 1.62292e+06
1.58233e+06 1.58759e+06 1.61907e+06 1.63409e+06
1.61609e+06 1.57967e+06 1.63998e+06 1.63452e+06
1.62005e+06 1.57834e+06 1.61302e+06 1.63928e+06
1.6296e+06 1.5863e+06 1.62316e+06 1.6524e+06
1.64999e+06 1.58814e+06 1.64204e+06 1.66728e+06
1.64899e+06 1.58011e+06 1.63147e+06 1.60389e+06
1.64259e+06 1.60666e+06 1.61528e+06 1.59458e+06
1.63747e+06 1.61716e+06 1.61744e+06 1.62529e+06
1.65214e+06 1.59991e+06 1.63423e+06 1.67506e+06
1.63034e+06 1.57944e+06 1.61477e+06 1.65947e+06
