5 0.198046
189782 146777 164756 164842
179241 146587 162559 166167
165338 180799 160285 148820
162612 174361 141384 156948
161888 153668 163942 131360
157381 165101 157545 175283
153550 155475 186605 172039
142410 156471 177286 161622
157317 172756 176734 141242
182329 171592 143653 151803
146617 176589 180544 142773
187640 148295 162531 161863
153484 177018 152566 163418
170632 150146 185269 162058
179542 151203 170388 145470
171013 148550 167768 153081
154533 155104 179190 155527
176564 165402 157853 144899
152613 160606 174907 152881
160991 166697 162966 142772
167016 169873 145336 149800
148509 180589 171379 156095
145032 171919 177529 156343
146119 161562 157584 170254
166072 163122 148629 151723
178625 152274 162400 157772
174246 151745 164162 157226
159910 176697 151592 155773
156393 157910 172187 157996
161673 158410 161805 173374
157913 163733 161335 151257
172846 154999 151258 160002
167736 164540 147770 160801
181172 154096 160390 158490
163776 167830 160815 152073
181894 153318 163069 156682
154844 155695 175885 164341
176789 149054 147356 167071
164584 167405 155556 151802
151646 163892 159958 167693
150225 160336 166361 166596
189643 161111 147490 166000
172498 155376 163538 159636
165795 170002 162358 144240
161108 156896 153812 174195
171496 156544 156468 168136
163713 169713 148570 168787
152807 160140 164136 160497
162381 148652 159990 164911
172999 147347 172060 171397
148644 171223 171049 149727
166069 162978 154553 158515
154092 169410 157807 161576
155994 167714 159137 166927
146871 171775 162825 163348
156753 154991 170266 156824
169401 150549 178072 161702
148552 175468 169495 157678
148509 180589 171379 156095
176789 149054 147356 167071
148644 171223 171049 149727
173249 156828 158947 155993
171980 157314 153635 167871
150673 163067 169847 151794
148552 175468 169495 157678
167409 162685 160461 145186
172999 147347 172060 171397
169948 160960 158353 151142
167505 148387 161756 162763
154321 175897 161673 150530
153642 157980 162580 143784
157447 159197 155146 152766
150225 160336 166361 166596
168336 154090 162317 160253
152636 161812 161989 168872
169141 156647 154792 156345
169581 150598 162241 161999
172370 150070 164454 161460
173994 153568 165523 158055
170465 162690 154072 151771
167400 156610 156731 160460
169425 154011 159250 163578
164170 155710 159444 165983
148623 164088 162657 152660
173994 153568 165523 158055
157447 159197 155146 152766
164170 155710 159444 165983
171980 157314 153635 167871
161741 171772 161153 152310
152636 161812 161989 168872
153588 167645 175965 151211
165784 157912 161270 149977
172370 150070 164454 161460
154321 175897 161673 150530
153936 176701 159284 155711
165338 180799 160285 148820
189782 146777 164756 164842
163036 158023 154870 156338
169948 160960 158353 151142
161223 156182 177855 149275
156893 151329 161914 164653
163036 158023 154870 156338
156893 151329 161914 164653
161223 156182 177855 149275
161223 156182 177855 149275
154092 169410 157807 161576
176789 149054 147356 167071
161223 156182 177855 149275
146871 171775 162825 163348
176789 149054 147356 167071
176789 149054 147356 167071
176789 149054 147356 167071
161223 156182 177855 149275
161223 156182 177855 149275
194715 169619 148955 160659
184026 171009 181575 138071
178478 176815 147282 159052
166934 185048 158965 152844
166448 148936 166888 168897
151288 169466 196873 159302
147390 168702 171565 180207
149520 172557 187871 158104
190089 154806 174574 160315
151288 169466 196873 159302
181978 154655 177344 143524
170563 159168 157740 177422
164530 173682 152128 173500
154022 162166 184604 161830
177070 163253 166370 139021
173965 182684 163968 147620
180080 150592 168396 160504
158287 153132 179583 167410
159827 152441 164539 166511
149029 178535 168670 159817
186252 166160 157930 149699
175577 171777 164511 144468
178893 178186 148625 151172
160544 159932 156176 163528
170129 180603 162763 149961
168832 181799 149199 162170
183477 165157 158385 152865
158292 175639 167893 149868
185691 154124 176146 154199
171800 164806 150211 157930
170126 177428 153390 162707
166361 157382 166050 152419
162662 172129 167353 148377
177356 168245 158239 153051
170844 156942 173323 150464
174755 160772 152556 171383
150426 164101 177978 166269
167341 166567 152305 165537
152438 170549 161838 170020
172467 153923 174796 158527
173865 156545 165071 156526
171988 163123 154234 172107
152844 166520 170875 162521
177775 153771 178538 153460
181795 169427 163088 146075
164237 169381 170170 146068
156064 164450 165041 157480
166997 157944 161578 168656
161954 160374 159916 153790
156003 163202 165337 164507
153723 169007 177955 152136
169793 169881 152616 164181
165275 170860 164325 147238
161271 161236 157247 160896
180050 155647 152657 163099
167112 149654 168406 167989
175336 153637 166496 161634
154079 163895 172716 154538
163954 181244 167000 146994
151911 168497 169365 168679
179410 155331 162447 169230
164596 181487 166123 149692
159513 160505 159626 160923
168520 149393 167165 166886
156229 159685 163961 164497
173977 168825 160506 151906
167445 153820 175224 155166
151431 174162 170314 160848
164714 158251 169607 158327
158864 171299 159130 157911
172017 154134 171988 165047
176426 159612 152513 173029
171632 156952 167560 159152
157572 156292 183103 165919
148748 172298 165194 170210
154474 159743 168479 146280
170971 155443 170579 154000
172078 176706 154948 156146
163322 159154 160164 159922
159016 155424 175874 165078
148748 172298 165194 170210
157572 156292 183103 165919
158461 158657 182780 153323
157222 173052 161620 169394
161380 158612 181290 156108
163458 154730 181589 162960
178987 163164 154700 156183
157768 163303 162622 151661
157222 173052 161620 169394
169447 148967 182175 165774
167579 163528 155177 159103
158666 159115 175977 171787
163885 158776 167189 154945
169447 148967 182175 165774
176426 159612 152513 173029
158776 173797 156040 155827
170789 166565 166677 148337
154191 169436 170011 147240
158776 173797 156040 155827
175522 163555 166297 151610
154474 159743 168479 146280
186252 166160 157930 149699
177490 155601 167117 154786
151431 174162 170314 160848
161271 161236 157247 160896
168007 149471 162878 169640
159361 158557 171870 156507
170686 158605 155135 167714
166448 148936 166888 168897
174196 163493 168290 149726
168007 149471 162878 169640
175496 155049 158674 171629
170207 154650 174578 164501
164541 155122 164473 172409
164541 155122 164473 172409
161382 158741 168465 158257
174196 163493 168290 149726
161380 158612 181290 156108
175496 155049 158674 171629
159361 158557 171870 156507
172078 176706 154948 156146
170207 154650 174578 164501
161382 158741 168465 158257
159361 158557 171870 156507
188742 169591 180258 145784
175471 169809 152313 162092
170789 152280 176379 180717
167000 187796 158193 162991
161291 152936 166397 185988
153307 183614 198937 162683
164688 173753 192780 146134
185497 166954 155236 183349
186963 178681 156168 159032
182573 157521 182739 158249
162620 157983 187282 167473
185842 154411 169819 170768
171409 160368 158101 175081
159693 184909 165995 152778
173525 167611 164123 154986
164349 176830 165146 153924
154156 174546 178756 174824
156846 161756 185934 152468
171663 170568 153100 167252
177672 157554 172745 165243
178701 170453 168083 147284
168953 175362 154792 169955
154926 169462 174367 155928
159977 181108 157550 163954
181504 161468 161661 168284
156958 169682 167792 171578
184188 160568 160202 162340
160242 168647 172009 151784
167581 171252 164922 149010
174489 156903 178545 164285
168333 158290 167980 160598
165909 156675 168217 170112
158579 168903 182573 150380
175887 158048 170964 163259
165176 173341 159699 171376
157320 181096 168222 158832
164985 160939 162482 155948
181516 171613 159139 161297
159936 164081 176040 153728
166157 168907 160932 167597
187248 163403 169537 150735
170749 158208 169947 166248
159000 166028 163610 158276
161853 165673 168369 159831
169757 174262 159629 166020
158215 164391 172319 153884
154584 165376 176730 152957
169488 171952 152543 169409
163466 162871 163779 167948
163576 160350 163191 168654
163867 160198 169932 147797
154623 159788 168673 158641
157310 170326 169612 155746
169218 167432 169019 152251
169900 169394 158269 162648
162299 162983 162328 161760
169380 152848 171085 168370
162196 164590 168254 164059
154494 174608 168847 158441
163082 156948 166096 175048
188435 163708 169393 148158
171046 163524 158391 163080
162319 163318 178719 148429
156846 161756 185934 152468
163391 161061 164051 161298
158662 167519 168129 165076
169488 171952 152543 169409
188435 163708 169393 148158
154584 165376 176730 152957
161794 163510 166148 168458
154623 159788 168673 158641
195633 166215 158871 168709
180777 172055 157848 171839
178313 191680 159979 169012
177546 153668 181947 171969
172684 161566 168082 183584
165537 160343 182914 175566
164052 162383 172939 148521
155789 176093 175635 164397
186193 161604 178764 152274
162239 181372 173176 154326
173552 157216 179521 169603
180943 162230 167110 179194
180954 159754 168799 171606
158156 174847 178839 172598
170423 163188 171533 151582
167718 174390 160386 175292
179187 176551 161302 167476
173617 188034 161193 163979
161380 167333 177280 154670
163710 164220 172540 177546
176063 160237 178155 158043
164724 184455 168296 157261
159128 168325 164669 159594
168316 169205 163934 167126
167020 159378 176263 176519
161788 171623 175024 151835
178238 164966 165352 165832
174511 161073 169167 170136
167687 162480 167806 161495
172742 165536 163428 169778
170908 175896 161380 163280
173498 172355 168432 152929
174372 189572 168287 152844
169767 163454 171023 155829
168061 163951 166565 160853
166044 171549 170005 159176
166261 162051 176974 164931
177693 172004 164251 163151
172138 164776 170407 155854
171028 182781 161266 167079
166307 164498 165855 157027
175255 163579 169873 160165
178692 158437 170126 169801
164907 167263 170977 163742
171356 176176 169756 152742
158918 163966 173126 167483
171152 183273 164122 158939
173640 175129 163762 157189
178571 165797 170092 156516
164754 172137 164662 177091
166845 160323 169958 158800
187142 164585 173567 149905
182834 160342 175145 164779
177812 171700 165296 179544
177149 178542 161612 168871
171018 172130 183081 149484
167086 185733 166412 160373
164939 166401 187608 155907
159870 176615 172047 170963
162204 167439 183363 166769
170663 183880 162554 176087
167509 179687 179915 159254
174814 174841 163097 175727
178217 161180 181690 166793
179894 167330 174409 152415
168875 170534 177921 154900
171611 178891 180080 150047
164188 173827 175214 173517
173179 160411 174448 176999
165359 169282 176371 169280
180725 164347 168193 169250
166047 171753 168943 173541
162665 178456 166264 162332
173966 163728 173225 153281
177058 166868 167240 163726
175273 177818 172218 154071
166093 165203 182805 169323
175989 175248 171263 155427
160060 177685 170831 160954
169393 164621 167351 158371
174270 164538 168232 165696
170331 162781 170196 162062
166656 171012 169838 165130
173286 163734 179008 155950
163346 177246 171567 160691
168246 172882 173366 156122
167292 171414 165351 161410
172030 161512 171699 164903
170835 163092 175708 160023
169758 170803 175287 156821
168256 161762 170311 161839
166951 165640 171399 164302
168037 175117 182048 159962
165146 170942 183008 157582
175808 172029 171648 156579
165453 165522 175116 160714
169075 165549 170368 159961
175150 163837 171085 160790
167150 177609 167011 165101
186320 162079 178986 169406
186091 172838 191326 157401
183936 174210 174050 154520
175440 185258 166156 161465
172583 169721 168168 176151
170036 175451 165579 168290
165857 172069 179102 161103
168619 162999 174076 173050
170928 173594 181511 160151
170193 180901 175001 163950
168476 166607 174620 164345
173693 165574 189091 159290
180916 164188 185344 165963
181326 175507 186508 154616
184936 178411 169373 159058
177110 176227 175961 155015
169895 178510 177068 159299
185102 162711 175561 169492
174775 164830 167434 165085
178094 173820 166975 163372
182889 166438 171129 163880
180516 164022 170916 167024
173334 173864 175440 156500
185306 177938 172903 159169
179650 174421 170984 160790
171788 166217 178015 160790
169944 163486 172313 166311
176410 164471 173784 159673
172985 176721 173374 160797
169060 172178 167803 166937
171495 172753 174958 161989
177853 175779 168314 159749
180634 174500 167214 161843
173651 172985 174721 160998
193518 175249 178137 164221
187430 164066 172625 175853
176967 176594 169218 180245
176294 181428 166752 169444
175219 172679 183203 163583
173763 188054 182622 156523
168701 177934 179898 170114
169359 171182 180190 173678
174448 183200 182715 158610
179875 183836 168707 167979
170436 171840 175599 176429
178289 166522 174531 178152
190665 165345 171565 166115
190951 169209 168401 166820
181473 175589 173536 161554
184820 172357 171138 166354
177240 174022 169637 167742
177778 166044 179708 164416
172688 175830 177184 162763
182618 179340 171925 164002
187966 169803 169499 170793
184438 179846 169044 163645
173783 164155 176608 169725
171656 169820 173502 166666
175641 168754 173641 169876
179358 167239 173050 169888
169349 176258 169602 171778
178427 183423 172192 162052
178684 176791 169302 171357
179022 178368 169303 167920
169046 172663 179922 166433
187155 191411 184255 158644
182880 166007 177378 173541
180723 193538 173831 167278
177977 175048 187354 164329
177248 177121 171280 167771
172043 176197 176719 173985
172689 179501 178856 165959
176619 179126 181657 171071
182933 172099 181598 167825
172424 171220 173574 173179
178837 180482 182908 170996
189811 170543 163462 135848
175948 152703 153833 178677
173488 159897 186941 145950
168278 165176 144377 166487
161901 135630 173525 164234
149580 192833 170301 173563
143489 169773 174117 169461
161033 177352 159244 144651
175663 171820 173512 142411
147880 168211 175882 159547
181345 143241 170995 147236
181345 143241 170995 147236
162914 149477 163671 178080
148574 160391 182241 158820
184303 158936 152213 170338
153978 172095 157124 151049
180247 153443 167011 149518
172591 146112 167927 166011
150722 168777 161178 172595
170170 162082 175138 143556
165115 167467 150975 167713
184303 158936 152213 170338
153743 167650 159984 163356
157594 157412 167598 165361
163492 151285 162763 168544
165649 166965 145591 170564
166967 158619 160320 169748
173304 147968 174553 161321
156781 158652 153586 155075
160157 156852 168299 150788
157225 156276 170749 157255
174378 150897 156595 152216
154374 161687 161012 164294
166217 148628 179831 157354
161492 164920 155573 151947
171006 158712 172704 148106
158946 156669 167833 162396
169144 150852 163937 172260
148574 160391 182241 158820
169095 155158 157407 160383
173178 151897 165909 160012
157548 163085 177258 153681
169513 153861 165368 168365
162052 154871 177450 152442
180247 153443 167011 149518
156656 166530 168046 151142
161487 154083 166755 153995
166785 164289 160040 150115
168396 164253 145937 167236
170712 163823 147664 162225
171703 165159 149528 161899
154020 163875 178719 154726
170712 163823 147664 162225
150478 165145 170206 158371
149777 156418 164498 167348
165955 156925 172795 146505
166217 148628 179831 157354
156369 169662 149285 145463
172365 150124 169708 160313
156549 161051 159392 169425
161684 169325 152281 154730
170792 169145 158606 145129
157504 152894 172796 163917
173610 163279 150488 157721
174136 153594 161962 162366
154105 160819 173507 153770
165643 152901 170633 152528
162224 161317 162129 152850
165124 154311 165506 157851
156117 168835 163678 152975
162638 158622 162590 161927
170989 155916 164714 151067
171125 161601 158516 148561
173058 166548 155088 148513
163468 150298 170801 148589
161392 155695 170923 172333
171099 160988 156783 153409
159555 157473 163556 167251
170789 166910 162120 148859
173847 149420 157858 167081
175805 158646 155078 164105
168356 157555 163544 158026
162166 153780 175604 157827
154020 163875 178719 154726
171027 167984 153228 160027
162187 147273 165453 164090
173847 149420 157858 167081
166555 166612 169299 145533
166555 166612 169299 145533
168406 156768 161201 158070
181345 143241 170995 147236
148574 160391 182241 158820
153743 167650 159984 163356
173610 163279 150488 157721
172262 156575 154197 167217
168406 156768 161201 158070
156369 169662 149285 145463
154374 161687 161012 164294
170147 156848 158605 158755
171589 159211 163863 146021
162187 147273 165453 164090
172262 156575 154197 167217
156117 168835 163678 152975
166555 166612 169299 145533
172262 156575 154197 167217
171589 159211 163863 146021
171589 159211 163863 146021
170147 156848 158605 158755
156117 168835 163678 152975
171027 167984 153228 160027
148574 160391 182241 158820
171027 167984 153228 160027
173847 149420 157858 167081
171589 159211 163863 146021
171027 167984 153228 160027
156117 168835 163678 152975
173847 149420 157858 167081
172262 156575 154197 167217
171589 159211 163863 146021
171027 167984 153228 160027
168406 156768 161201 158070
156117 168835 163678 152975
154020 163875 178719 154726
181345 143241 170995 147236
181345 143241 170995 147236
181345 143241 170995 147236
173847 149420 157858 167081
173847 149420 157858 167081
172262 156575 154197 167217
172262 156575 154197 167217
171589 159211 163863 146021
171027 167984 153228 160027
166555 166612 169299 145533
166555 166612 169299 145533
166555 166612 169299 145533
156369 169662 149285 145463
156117 168835 163678 152975
148574 160391 182241 158820
148574 160391 182241 158820
195164 153553 167923 165970
179017 180856 145525 170047
173359 147864 174720 165475
172577 187513 168797 145284
171437 151715 166244 187955
152417 179894 189733 159120
151090 176495 167662 168681
184882 150250 170494 178263
166796 181697 164623 146715
180955 150424 170961 174020
156524 186554 170129 150248
189398 155103 170327 161352
166104 151573 187664 151896
157187 174344 152139 165662
175346 157025 161943 177679
190226 163609 169139 148617
184882 150250 170494 178263
171071 152161 166571 172002
162517 162078 186133 156231
152938 167891 177397 170333
161182 154947 183122 164522
161207 165199 155302 157863
183482 157803 161628 155654
180816 167595 149932 166908
173582 173468 148016 169528
169315 149185 171473 167952
177913 177545 150349 160208
179677 159887 163007 153995
173264 159684 158258 173844
176217 150001 182795 158662
167539 160987 157116 158851
173876 164401 154020 161867
154685 175940 174574 155913
176214 164781 151465 160000
158513 158258 178403 157859
154268 168288 166069 164127
157458 163919 179837 160681
155816 172324 186721 156593
168584 160793 164593 171121
165849 161924 160964 155380
159653 171274 161170 149989
162404 162390 175814 152770
165481 170225 162550 157308
164886 153019 174074 166285
174632 158702 159226 159165
166339 177540 159850 148965
156524 186554 170129 150248
181298 178253 159551 149420
175193 170769 157723 152206
173231 168012 151689 163025
164348 151892 175403 156085
170131 158249 167211 162606
155338 180878 162505 168460
158933 169421 174212 157457
167253 154165 172854 154464
173582 173468 148016 169528
172227 158117 181116 154381
158824 172835 176354 155943
165122 167133 180608 149281
158968 173572 181426 155868
159186 170259 170547 148569
190226 163609 169139 148617
152197 167968 178692 161382
166512 156632 171025 168692
153500 168398 171744 169386
170614 172621 157614 152071
177447 164668 159320 156237
169120 155944 168807 160830
159037 176165 154791 164743
182152 179568 154592 158413
181894 159784 165264 157830
160384 166874 174992 154159
167226 166780 166003 152943
170877 155320 166453 165429
156975 172094 164035 168796
160472 166119 172833 159520
174375 167015 160437 156530
176514 154671 159685 167246
168025 165267 161587 153523
180246 155087 161419 161711
154993 178473 165815 161572
163657 161141 163959 157357
180800 157822 168700 150477
169575 168899 161420 151066
176795 165651 167549 147070
153503 162119 164714 167487
160637 168291 158470 169590
158898 178906 166553 152776
158762 157047 167105 167883
156126 164180 179396 157751
174387 153274 170841 149279
151541 177989 179726 161272
160985 171126 168021 153498
163373 159179 165868 167437
173168 164000 173053 152315
175507 163977 166677 150523
154905 165478 176099 167006
168528 155722 169022 160127
160719 168002 172284 152754
168932 168090 154733 155425
164458 164453 160973 159007
159110 164265 158997 161852
166107 159314 171409 161510
167511 160817 161998 168344
159252 161347 171885 162047
156193 177968 166925 157667
158679 165517 164216 160398
169145 160489 154230 159518
167484 178401 155077 164379
165263 166179 179436 149026
182333 160538 163747 152659
156905 173594 164713 153408
155524 177670 173808 156679
159295 160490 164909 160560
182333 160538 163747 152659
163008 159308 168282 162315
163008 159308 168282 162315
170924 162820 167102 152928
171773 160233 164789 170190
164992 154355 166827 168911
169575 168899 161420 151066
182333 160538 163747 152659
159733 163530 160576 160576
151541 177989 179726 161272
172785 155166 170129 158408
158815 162931 167079 167306
160691 156911 173212 160438
167461 173820 161420 148798
163205 164733 169129 152180
159733 163530 160576 160576
159252 161347 171885 162047
155524 177670 173808 156679
172785 155166 170129 158408
176795 165651 167549 147070
167411 160919 154409 166474
164904 156941 173822 155945
176795 165651 167549 147070
167411 160919 154409 166474
176795 165651 167549 147070
184882 150250 170494 178263
164992 154355 166827 168911
168347 159872 167039 154285
169575 168899 161420 151066
156788 172706 163976 158575
160691 156911 173212 160438
155524 177670 173808 156679
165263 166179 179436 149026
171773 160233 164789 170190
167461 173820 161420 148798
159186 170259 170547 148569
168347 159872 167039 154285
156788 172706 163976 158575
159733 163530 160576 160576
176795 165651 167549 147070
175507 163977 166677 150523
158815 162931 167079 167306
165172 155235 171672 157819
165172 155235 171672 157819
171773 160233 164789 170190
169575 168899 161420 151066
171773 160233 164789 170190
190226 163609 169139 148617
169575 168899 161420 151066
159733 163530 160576 160576
164992 154355 166827 168911
165172 155235 171672 157819
159186 170259 170547 148569
167411 160919 154409 166474
167411 160919 154409 166474
184882 150250 170494 178263
184882 150250 170494 178263
184882 150250 170494 178263
182333 160538 163747 152659
182333 160538 163747 152659
182333 160538 163747 152659
176795 165651 167549 147070
171773 160233 164789 170190
171773 160233 164789 170190
169575 168899 161420 151066
167411 160919 154409 166474
167411 160919 154409 166474
165263 166179 179436 149026
164992 154355 166827 168911
164992 154355 166827 168911
164992 154355 166827 168911
163008 159308 168282 162315
159733 163530 160576 160576
188189 158243 167981 160282
185526 170467 189937 151892
183399 174387 173874 147680
177161 177589 150737 170554
176041 152926 178353 162953
167936 161022 163768 176453
162071 183818 169644 150416
155843 170853 181185 163025
157597 181709 180618 164830
161800 178960 167167 172099
171421 165775 154529 174294
158964 165665 167819 168120
171392 183191 174240 150357
169794 163720 184079 155178
159779 169333 163866 175157
181605 155862 164274 161915
180341 158731 160351 172555
167969 175826 158175 162095
164374 168313 175975 158622
171444 157133 174679 170820
160296 172349 179846 163943
179446 159517 176499 156396
166795 161960 171831 155815
175012 153162 182313 159508
170503 167009 161662 166758
178213 166310 157536 159845
163707 162793 171318 164320
162404 163463 167806 172626
173150 171777 155169 166498
176523 160181 172143 154144
171263 176397 164966 152649
159335 164019 172574 171004
163324 165789 166673 166678
170474 162383 156072 170992
158277 178708 167422 165206
184572 171000 157483 158169
162379 168591 158937 158247
171779 155959 177336 159443
163544 167308 168478 159980
164945 154299 186780 159061
182257 171863 158698 157967
174254 171118 161946 152940
172399 176368 161763 151066
164945 154299 186780 159061
166201 171041 173271 154758
169093 163472 169295 157189
158368 172842 178000 159000
175072 154748 174155 159743
172965 170626 160585 157544
168402 164548 179546 155365
176362 160831 174552 152945
159887 172727 169728 153620
163608 173296 173350 152569
174489 155183 173514 166138
170849 164812 179025 152224
172760 161344 170145 156131
171904 171337 169755 156824
184969 155752 167632 163821
177270 159813 179146 152683
172265 158046 173900 157401
183388 159036 163440 163810
165883 164467 161804 163738
171159 154189 180701 163696
174391 178791 157827 163283
169510 161180 166790 164998
171009 159870 180549 157153
182692 153733 172452 164521
171394 152957 179418 166008
164494 159368 179474 159087
165125 165077 163090 159321
165125 165077 163090 159321
165025 164954 167398 172446
171335 161259 176395 155029
172760 161344 170145 156131
182692 153733 172452 164521
165125 165077 163090 159321
182692 153733 172452 164521
172152 162165 173550 155088
172152 162165 173550 155088
172152 162165 173550 155088
182849 172666 166381 158613
180860 172511 157478 169484
178755 167513 187325 155538
171913 156364 179022 160826
165796 168172 180798 176706
163091 185751 177541 152726
160936 174416 174132 157144
180285 159905 174791 176016
170583 162103 167408 170160
167930 161307 184063 169579
169503 179741 170568 157681
162011 181846 170656 157614
165225 169529 164450 167848
178613 170972 164583 162357
167178 172333 164201 167177
175664 173105 165327 158395
175461 173648 174093 154829
169769 163434 176249 160998
174401 160468 174890 164578
170803 173499 160344 159841
162780 168659 171594 160234
166633 176658 166818 163257
168454 165734 162908 167255
173909 167911 174428 159047
165244 177558 166090 160593
162844 176034 161143 164445
172225 170912 170841 157615
168789 165158 167214 161084
169630 171680 162151 167370
174306 173021 174533 154051
171758 173376 175304 157163
166856 173207 161288 161335
170674 177060 164591 160163
183849 171881 177568 160143
176982 162559 175658 166211
174456 179988 161463 171839
174094 187480 183898 156875
170111 164833 188356 167049
169081 173381 163417 177851
162718 182086 173908 161948
177994 187349 181795 160144
183169 172385 180309 160076
166976 176449 168381 164568
163110 173681 175604 174913
168773 183317 173595 160175
172332 167564 167340 161592
166671 172406 178146 162187
169168 169425 170465 169013
170771 169097 175269 161029
167084 174642 164461 161750
174526 163080 175577 171460
169463 174969 164134 170044
169578 165759 170772 169770
175119 165674 175409 169223
177050 165978 175451 161849
198320 172927 169712 166325
178748 166123 175690 171596
174270 182535 181721 164230
172112 175571 184214 161332
167452 178026 167442 166930
165299 176755 181086 178616
181776 170051 170773 163359
165908 178874 177324 175792
171287 168377 179694 170374
176909 170376 172305 168050
170953 171039 175436 165615
169564 180236 169226 164651
172461 175716 168429 166487
171489 177339 170607 166667
178534 170732 168753 166768
182977 172186 173990 170585
181954 176232 176013 178311
179892 183351 175911 164736
175282 178892 170625 172591
172263 177814 187664 165939
168207 182229 173186 169306
180834 174354 176608 166886
176207 177254 172361 172062
