10741 43.5185
71510 144162
154317 72020
71683 135323
71642 140427
113229 77893
84490 107889
125563 74070
78149 118970
108385 82915
114424 77054
111147 79319
91047 100207
92919 98163
83573 109880
148774 72084
72197 131545
82259 112143
72691 130763
71623 140991
89844 102082
78353 116653
119390 76795
71510 144162
105819 85815
94730 96661
80613 112313
123531 74194
74915 123672
73599 129476
130688 73665
74661 126359
104591 88845
101240 91448
103686 90749
145321 72242
142087 72244
105291 88170
151982 72073
99650 91911
128092 73666
74252 128468
106751 84079
95927 94824
106751 84079
98739 91914
97228 93143
87332 106169
116915 76825
87332 106169
74328 126656
145321 72242
116709 76975
122108 75970
137057 72700
134385 72723
72004 133712
89141 103643
88254 105159
147916 72086
128092 73666
110953 81218
108820 81607
79395 115372
80288 113927
105819 85815
79395 115372
119390 76795
89141 103643
132420 73018
97228 93143
96655 94794
141229 72246
139022 72444
151982 72073
154317 72020
110953 81218
122108 75970
84362 108514
134385 72723
132420 73018
139022 72444
137057 72700
75236 122061
76045 120819
94972 95911
80288 113927
76045 120819
76756 119542
82970 110866
123531 74194
71683 135323
75236 122061
72004 133712
101240 91448
90427 100597
74915 123672
88254 105159
76756 119542
122108 75970
108820 81607
