4 1.64151
168544 136200
137122 146560
160728 138332
149804 144988
154291 142194
159026 140708
149804 144988
158407 141733
180543 137689
137792 168625
137792 168625
166093 140132
149564 153947
150031 146329
156019 144767
143832 157547
164180 143887
137881 162116
141954 160714
141954 160714
164180 143887
137881 162116
164180 143887
179748 142401
139879 170548
140707 163989
162063 145642
153748 146747
145338 158605
149710 156277
166291 145278
151546 147384
151494 151647
172131 142543
143717 161610
144728 161385
167616 142561
172131 142543
167616 142561
151359 153436
149867 154556
150800 154166
171411 144922
142940 181451
142940 181451
143317 164940
164102 146226
156437 146902
147493 163806
151170 154799
153386 151050
148696 159017
149986 155754
155237 151005
155303 147047
147733 160618
147733 160618
165187 146872
145148 172347
156849 148626
153482 155140
147518 166163
159421 148597
163172 147157
147766 164791
150728 157940
149048 161242
149619 159271
153040 157513
153063 156301
149359 161241
165128 147264
148605 172509
149323 161443
148795 172472
154909 156199
154444 158759
163716 148616
150304 159885
157202 151887
159589 148893
159533 150193
157661 151622
150177 161026
167902 147767
150156 168603
151193 162813
159867 156410
163269 148918
153277 160194
160027 151074
157057 156622
166785 148814
160409 149981
155662 158222
154508 159194
172553 150010
150208 173363
151611 164242
168127 150047
150331 172962
160282 151688
159197 158174
161377 150063
153545 162968
153704 161044
156605 158473
155369 159377
154842 160209
158107 158379
160469 150415
174614 151080
150477 177187
151684 166486
169270 151171
160308 153384
164476 151714
159877 158912
160545 152308
166314 151640
155396 161323
152332 165125
154401 164173
154490 162578
157390 160315
157410 159696
159354 158979
174523 151346
151044 177398
166155 152032
152109 167580
151862 170193
155286 162882
157663 159868
161954 152492
160510 157187
160720 153790
160689 155918
157028 162035
156572 162603
156658 162038
170180 152046
152488 171301
165810 152929
160007 162064
160522 159563
153200 167791
156717 162970
163531 154126
160996 156055
154960 167790
161562 155658
164976 154106
155309 165196
155976 163573
155348 164783
176575 153086
152563 174615
154126 169417
169189 153586
172303 153177
153899 171632
156104 165193
165464 154243
161549 158429
161984 155838
161024 160659
160724 162544
163861 155160
158839 163506
156749 163616
156300 164774
173916 153297
152983 182011
170478 153662
166413 154303
156187 165345
158334 163619
165037 156658
153529 178770
162334 157376
154929 174183
154564 176188
155401 169786
161160 163465
155207 170324
162124 160569
161812 161664
161354 162649
184463 153896
155071 174598
174368 154327
161518 162759
162598 158312
167194 154355
164046 157640
166889 155428
159360 163762
156987 169857
155832 171406
155320 172879
157611 167503
158644 165915
157431 168008
159111 165660
169155 154712
155361 174577
159810 165027
157879 168550
167264 157624
164245 158493
161948 163846
166817 157816
157445 170536
156101 172568
162750 161809
162778 159542
161973 162773
163412 158917
156768 171874
156633 171947
175094 154774
156179 179126
159991 165573
173380 155451
162071 163478
170182 156031
157889 168824
156341 172805
167575 158662
169251 157528
159989 168736
157096 171885
165389 158772
164388 159758
163057 162056
163569 161350
156375 172767
176592 155891
157122 172083
170784 156497
159122 171151
168958 158665
160857 168023
174862 155922
163476 163117
164743 161706
165620 159009
165392 161212
163041 164669
165591 159308
160863 167027
162686 165364
162381 166272
162167 166952
182075 156523
157444 174975
160936 167220
159822 172340
176810 156680
163509 163144
169728 159274
165635 161149
171825 157992
174968 157938
165998 159348
162874 166091
163435 165643
159128 173145
158297 173772
157537 174210
176866 158251
157795 177097
161241 167503
158681 173842
170587 159455
163840 164232
167782 159821
159304 173279
165737 163506
174245 158792
161058 170985
160956 171554
163340 166119
162976 166864
166553 162405
176435 158339
172534 159448
166614 160932
172720 159166
166729 160188
183432 158941
158929 177984
174566 159032
161283 174314
161425 168191
173327 159477
168078 159932
165811 163585
164449 166167
161497 167643
164198 166551
159732 175428
167177 160394
159293 177516
166863 162362
160983 175071
166687 162781
175473 159105
160658 183720
169054 160069
161808 167911
161032 175143
160703 179835
167461 161203
166419 164409
165138 167289
165723 166385
165552 166661
183703 159448
161608 189155
162058 171267
175532 159980
181672 159900
172733 160224
164449 168009
167547 164208
165933 166962
166615 165777
168726 161601
162116 168782
168656 163355
163293 168664
170050 160947
171516 160228
170681 160272
170481 160568
173130 160224
162152 170903
168094 165877
169310 161957
165952 168917
166793 167120
170282 161834
167143 166672
163941 169066
172610 160517
171130 160941
162839 170076
171360 160728
163636 169575
162172 170268
163702 169085
178978 160930
162467 180071
163446 170478
174336 161055
169806 164508
167060 168469
164184 169559
170214 162222
168758 166552
171984 161870
173585 161586
167780 167147
167682 167655
163514 170226
175415 161156
163533 176760
171147 162308
170153 166060
175414 161266
163626 173333
167616 168627
166144 170248
164751 172126
164756 170417
169145 167332
168720 167673
177597 161392
164764 189502
165353 171417
173345 162645
176674 161446
168412 169565
165982 170562
171592 163948
170535 166326
169212 168551
172151 163145
170195 167027
169859 167979
172126 163564
169661 168343
179176 162129
165387 171655
171339 167720
171930 164279
177627 162551
166855 170851
170267 170231
173523 163115
170563 169368
172700 163592
173084 163212
181807 162581
165625 184615
172492 169179
165827 173775
175391 163429
167177 171373
172568 164281
173937 164278
165834 172087
184154 163236
165945 178505
177111 164054
172835 164953
172623 171455
166329 174868
173793 164561
167141 173238
169436 172031
171864 171603
168721 172768
184897 163902
166458 179294
172183 171845
172909 165794
179167 164200
166690 176287
169724 172453
167455 174761
177020 164919
174831 164977
169501 174142
179621 164681
166540 184393
169882 172975
167892 177772
176402 166428
173441 169490
168378 176471
174605 166863
174163 168158
173712 169125
184469 165473
168139 178151
174814 167789
178592 166497
173637 171254
170076 173853
168555 177004
176754 166520
173485 173372
172108 173403
187777 165726
169358 182109
177159 166801
170405 176628
170799 173881
174422 172267
175380 170592
176240 168058
184510 167886
170556 177406
177678 169196
172096 174508
175487 171719
176665 171655
171947 175306
185811 169583
171487 185082
173245 176537
181998 169587
178084 171274
174923 175765
176094 172892
175619 172930
185155 170801
175578 176722
178934 172617
178101 176107
188281 171065
178174 179036
180063 173392
181711 174899
180524 186056
180842 178120
181203 177363
181868 175210
182733 175290
175791 135216
175791 135216
144249 161510
151051 137613
147012 151284
169639 137446
176953 139565
144261 169575
145666 167681
156199 143779
161763 141209
169779 140493
147498 154923
151177 148953
151177 148953
149326 154039
148238 154894
149326 154039
149067 154341
149067 154341
171486 140497
147669 173564
147669 173564
148936 167436
148987 164494
164374 144775
162516 146064
154287 149395
158546 146548
171486 140497
167719 143046
149211 157459
167719 143046
152791 157228
157192 147989
149432 157357
154252 153650
153466 155395
157192 147989
153164 156437
154067 153775
154252 153650
154067 153775
157192 147989
157192 147989
157192 147989
172807 141906
149981 171255
149981 171255
150079 168576
163189 146250
158952 146797
150101 157479
156511 149707
171565 144159
153472 156237
167699 144960
154241 154039
167699 144960
150101 157479
155105 151484
155105 151484
150101 157479
150101 157479
150101 157479
177782 142646
177782 142646
150077 185619
158987 146854
150194 165508
168037 145470
150166 182840
155446 151628
155048 157113
150632 158282
172877 143663
172877 143663
152338 157965
178194 142664
150493 178690
150812 165220
172411 145876
175479 144548
167336 146868
155718 154562
156862 152025
154898 158862
165233 147179
162433 148160
159072 150514
153399 159202
151803 160584
159563 149466
162917 147667
150988 162822
151481 162407
159563 149466
179349 143077
150866 165387
165728 147455
172857 146796
176169 145968
162513 148771
156245 154691
152756 162778
155763 156981
160300 150781
153172 160971
157827 152281
151855 164556
154241 159222
157560 152765
175699 146356
156112 156263
172857 146796
154140 159711
164709 148020
161093 150579
164709 148020
161093 150579
164709 148020
179978 146418
151806 182747
151844 167291
171028 147662
165754 147774
174866 147129
156214 159904
152776 163422
178986 146834
160595 154681
156950 157231
162539 151991
153462 161502
161063 152030
162952 148910
158332 155152
157703 155531
162952 148910
153431 161591
176111 147489
151847 169769
175536 147784
166982 148010
153158 168365
153974 163538
157653 158823
161584 154685
158222 155589
163252 149847
156669 162255
156838 160011
163238 152320
154732 162442
157886 155915
162402 153359
164951 149524
165845 149070
166524 148267
161983 154157
165297 149375
180777 148023
152195 171448
171561 148472
168410 149204
154644 165481
153285 169667
176923 148250
163624 150147
165124 149602
159034 156112
163171 153417
156028 162578
158065 158570
161904 155769
178377 148216
157769 160722
157627 161593
158460 157458
155086 163531
153282 170319
154661 164445
162083 154825
162837 154593
162848 154055
162957 153671
178961 148383
152590 173655
155111 164413
154254 171112
157970 161298
173740 148648
166838 150083
159351 157586
168870 149536
160928 156939
163533 156481
159092 159366
164390 150856
163836 153455
163721 154043
171093 149217
164182 151076
173004 148669
158086 160063
162367 156534
170444 149476
177641 148866
152630 175004
155256 165219
153528 173746
161627 157044
158189 163705
158206 161378
163772 154188
159686 158599
171591 149578
173383 148978
175459 148947
168949 149910
165613 151707
160166 157807
165143 153346
168195 150309
167598 151528
164699 154078
167204 151580
152817 174555
183803 148909
154434 180927
155344 169057
175862 149167
154699 178367
158318 161520
164483 154685
156996 165641
169198 150923
165808 152968
163117 157337
173308 150831
156235 166265
160467 160203
167350 152026
174343 149869
168259 151501
161193 158060
154602 178981
162446 157945
161033 159333
173875 150546
160972 159968
176990 151004
155597 173844
158846 161520
156448 169520
157410 165945
160492 160211
162029 158762
172433 151481
168866 151761
173824 151216
164286 158161
156540 166440
165079 156933
168336 152632
166874 153823
165810 155209
165902 154095
177042 151139
157515 170233
170258 152225
157522 166184
169099 153940
159378 164326
160012 162970
160890 161102
166893 154651
165347 157539
164631 158297
163006 158762
165977 155872
162839 159949
161521 160433
169655 152378
166034 154811
159753 164117
170255 152273
179095 151198
157558 177459
157731 166833
173916 152357
171241 156311
165859 157666
178900 152214
163112 159742
162252 163624
158095 166242
172271 154572
160409 164766
164372 158934
165749 158874
161761 164416
172070 155374
160800 164725
162180 164121
172209 155323
181899 151796
158063 168042
165876 157670
163399 160832
175820 157390
177948 153230
176131 153740
163297 163879
175956 156868
162496 166479
160768 167226
162594 164611
158130 167283
176146 153817
158426 171217
166822 157748
159771 167328
163618 162974
166600 160580
162946 165434
162629 167060
159502 169727
166027 162535
165879 162699
158814 169949
186620 153864
158975 181559
159031 170724
173688 158079
178780 156174
163606 165856
181628 155101
159943 168190
165360 163162
169154 158281
166858 160527
168264 158807
167400 160489
167568 159374
167762 159041
188403 157613
159190 178554
170683 158477
167993 159834
165805 163848
159577 175223
159605 171558
164856 165959
164152 168008
160698 169109
161404 168249
196121 158242
160372 173666
172863 158717
163881 168889
166320 163892
168080 160658
161764 172208
164980 166373
166218 165709
170488 160175
171982 159463
160810 172721
172440 158851
176926 158906
160526 178333
171133 160544
168238 161714
165163 168906
164771 171248
175446 159378
166329 165776
162888 173306
160938 174556
168165 164664
160645 177843
162001 173955
167522 165239
175746 159063
180860 159026
163372 173828
180054 161043
168188 165666
166160 171057
174041 161102
168305 162586
171400 162037
167117 168670
172301 161107
166696 169711
166972 169100
187460 160548
163534 178499
173375 161376
168477 163655
168239 168665
172493 161536
167064 172909
164590 174496
163787 177271
164141 175510
167445 170691
167635 170279
189691 161335
164617 181520
179979 162620
169269 163943
167644 172560
173085 162755
165252 178526
172730 163796
166762 174754
165630 177038
166759 175598
166404 176575
165699 176591
180611 162788
166756 179096
167623 176002
173815 163058
169416 167407
170299 163952
170073 167273
178206 163147
167909 178770
172327 164153
169717 170590
168973 176707
169764 168299
170548 164739
168224 177369
171156 164571
184037 163426
169453 178226
169968 169875
179023 163670
175899 164535
171181 165042
170872 165909
175165 165143
170118 175273
170789 170786
174648 165323
172001 165596
171345 168247
171804 166134
170965 169671
179916 165429
171195 171439
176174 165667
173824 166430
171964 170699
172252 168341
172424 167169
172306 167784
171219 171005
175324 166754
172108 172973
172719 172469
173149 167181
172838 168124
172164 172871
172977 168042
178528 167186
172312 174496
173726 167756
173018 171982
181816 168380
173669 175351
174477 171135
177970 169855
177635 170314
180804 170454
176010 182846
177104 173767
176909 177531
181087 171130
178378 175619
182189 171972
180528 178265
181070 178010
189776 173306
180838 182744
181013 179070
191615 181792
188792 184499
168483 139996
136253 172019
142441 158818
156623 144293
163307 141944
165228 140775
148040 151718
147261 154733
144366 157807
153011 145781
153011 145781
151602 149088
147261 154733
151602 149088
163307 141944
144366 157807
148913 150023
148913 150023
148913 150023
148913 150023
148913 150023
179603 140488
141017 177817
145032 158212
151547 150735
143313 162304
141727 172281
168319 144036
160931 145981
174813 142371
171115 144014
177778 141865
141727 172281
143313 162304
153117 148721
157005 147672
159815 146254
153117 148721
151626 150126
168319 144036
158091 147245
157005 147672
158091 147245
160931 145981
151626 150126
151547 150735
160931 145981
160931 145981
160931 145981
141727 172281
141727 172281
141727 172281
182028 142816
143434 162870
152551 152066
148700 159485
156092 149397
172650 145239
148700 159485
152551 152066
171290 145994
165401 146541
160348 148448
161059 148429
164221 147895
172650 145239
171290 145994
165401 146541
164811 147307
164811 147307
164221 147895
160348 148448
164221 147895
164221 147895
164221 147895
180069 145245
143468 173577
153748 153118
156473 149720
143764 165810
159626 149572
174124 146338
147088 165154
165391 148760
153496 156120
150599 159537
168155 147138
171682 146448
149133 162909
165453 147561
150011 162451
143764 165810
153139 158770
153139 158770
150011 162451
181222 146972
144124 175981
172195 147343
145363 172352
145746 170256
162319 149645
152620 160472
146038 166297
150008 163530
170715 147431
165793 148670
160615 150561
154933 153362
149585 166020
158753 151386
153644 157969
157774 152591
156604 152932
165793 148670
150673 161367
154728 155904
150673 161367
147681 166081
147681 166081
153751 157570
170715 147431
165793 148670
154665 157343
154728 155904
154668 156592
154665 157343
154668 156592
165793 148670
165793 148670
180301 147824
144826 176171
150695 162033
153727 158094
148589 167066
146996 173152
155624 153590
164768 150265
147262 167921
171443 149507
160900 150875
146459 174999
159195 152725
180301 147824
177137 148026
175407 148161
173735 149082
146809 173889
168938 149627
167209 150157
157952 153394
155624 153590
174898 148850
160818 152078
168938 149627
167209 150157
157952 153394
177137 148026
148256 167274
147262 167921
160818 152078
173981 149053
160900 150875
148589 167066
148256 167274
173981 149053
177137 148026
177137 148026
177137 148026
184841 147893
144903 176979
147743 173279
151098 164890
146923 176099
147884 168011
147884 168011
154500 158709
176719 148850
184841 147893
179160 148803
154032 161842
155804 155308
173003 149600
173003 149600
169237 150107
151502 163339
167118 150340
161035 152030
159042 153521
156116 153990
154182 159476
159418 153333
163355 151626
151664 162271
179160 148803
169237 150107
163942 151555
161424 151878
156116 153990
155804 155308
165653 150744
151664 162271
165130 151257
165770 150506
165130 151257
154182 159476
159418 153333
159042 153521
161424 151878
165770 150506
182041 149362
148171 182350
148171 182350
148180 172431
151347 166410
149180 168415
156395 154476
152609 162545
175652 150146
159148 153614
155207 158754
154489 161945
177948 149568
171246 150459
148180 172431
161441 152499
166857 150798
171476 150293
180244 149541
154581 159261
163348 152102
165716 151714
162773 152317
166857 150798
165737 151063
165737 151063
181857 149725
148218 177574
148886 173489
153663 163107
149299 168586
162352 153003
152869 166955
174660 150393
155376 159161
157781 155120
168334 152180
172865 150693
165982 152263
156647 157433
157420 156678
183597 150102
148869 177625
150216 169689
154482 163161
176394 151909
156767 157757
169557 152553
155674 161092
173821 152380
161069 157243
165473 153272
163412 155280
164244 153599
161778 155789
161422 155994
180057 152045
148892 177983
171036 153231
150455 175586
154825 165154
152850 173009
154792 170701
156781 159751
169286 153299
159186 158340
162297 156230
155771 163351
164847 153745
161781 157149
164657 154284
154314 171368
157004 158542
155366 163479
182450 152243
155820 163411
165782 153756
165169 154709
163051 158423
156953 160276
160231 158747
158168 159417
158263 159025
161991 158721
185971 153659
157114 171799
174683 153950
157520 166180
164713 158688
160158 159576
167738 154513
165611 154794
158995 162476
157855 163378
168083 154944
157902 171323
166149 159035
158478 163925
162088 159750
158431 167978
160345 161775
166227 156189
161250 160214
168030 155267
170298 155624
158158 173020
163740 159930
167625 158258
161027 162666
158533 168800
168072 155702
158797 165140
159883 164630
170758 155775
158877 170494
167788 160084
168304 155942
159613 166372
164905 160544
161488 163705
163235 163236
159957 164872
164860 162851
179346 155968
159306 171915
168414 157821
171615 156019
167567 161697
160859 165880
171447 156996
165937 162582
162014 164736
160275 168937
159949 169080
165721 164409
164264 164592
182122 156106
159515 172510
166154 163464
179509 157151
168567 158829
171485 157338
162217 166026
159693 172369
160933 167677
170387 158124
161494 166596
161061 167597
188228 157107
161992 174254
173514 157960
163050 166068
162128 170630
162335 169080
171297 158130
168813 162842
169442 159921
166886 163716
166363 165518
169104 160825
166470 164868
187488 158248
162483 177195
172446 159168
163170 175455
163655 167939
167182 164152
165744 166495
171561 160111
170645 161754
169082 163043
164375 167432
170123 162806
176490 160527
163789 170173
167379 165032
165773 166917
172869 161938
172168 164552
173611 160582
172257 164375
164957 168635
165276 168617
183750 160699
163925 170868
168628 165881
176080 161251
173430 162900
167354 167753
173610 162445
165540 169626
166813 168348
166362 169442
166242 169491
180226 161360
164175 179628
173838 163040
170510 166229
164401 175536
165286 173745
177509 161693
176675 163008
168778 168318
167439 169947
165595 170175
168801 166328
165935 170035
177335 163013
165405 184161
169225 166454
173887 165642
166447 170089
165627 176019
174892 163186
165790 171260
165675 175100
176814 163629
165850 173913
174504 166471
170611 166607
169454 168043
175901 163925
168647 173514
168862 171098
168838 171954
177402 164484
166380 186723
166401 175991
172785 166626
176710 166222
167534 174568
170215 168184
169273 172560
171259 166949
169782 172161
183396 164898
167095 190528
168609 176100
179622 167093
170296 169121
172307 167827
179674 165166
172281 168430
172302 167910
183604 165131
169102 179866
171457 169517
177181 168243
183212 166874
170541 176019
169437 176973
173848 168666
174518 168649
187194 166051
169979 177875
183761 168728
172212 171343
173416 169739
184821 168404
172720 170854
172800 170089
175243 169743
172273 183313
173165 173096
173630 171617
180954 169871
173166 173851
177700 169888
175573 170968
174268 172156
175047 171713
178146 170973
175843 171976
184508 171719
177924 173392
180944 172043
180848 173268
181516 173533
178569 176238
188925 174751
180345 177767
189535 174895
182448 182217
