484 10.9687
724675 706546 709798
727267 699981 712219
729581 696428 718554
737600 712998 700346
735215 694758 718478
720621 706453 723904
727134 703488 708995
724795 705223 711677
726663 702875 710132
726416 704926 709822
726416 704926 709822
728272 705403 710933
724922 704495 710108
724922 704495 710108
724675 706546 709798
727647 703942 707277
724675 706546 709798
724675 706546 709798
728424 702872 714384
726416 704926 709822
724675 706546 709798
726882 708959 707893
725273 706431 707092
724675 706546 709798
727261 702760 707426
724675 706546 709798
725273 706431 707092
725308 705677 709959
726536 703603 711701
725520 704380 707402
726416 704926 709822
725520 704380 707402
725273 706431 707092
725273 706431 707092
725675 702303 712148
724675 706546 709798
726663 702875 710132
724795 705223 711677
724675 706546 709798
725308 705677 709959
724675 706546 709798
726663 702875 710132
727261 702760 707426
726536 703603 711701
725042 703172 711987
726416 704926 709822
726416 704926 709822
724795 705223 711677
724675 706546 709798
726416 704926 709822
727049 704057 709983
725042 703172 711987
727134 703488 708995
726783 701552 712011
725042 703172 711987
726663 702875 710132
724795 705223 711677
725640 703057 709281
726663 702875 710132
727014 704811 707116
724675 706546 709798
724922 704495 710108
724675 706546 709798
724922 704495 710108
724922 704495 710108
724922 704495 710108
724795 705223 711677
726536 703603 711701
727416 700683 712172
724922 704495 710108
726416 704926 709822
724675 706546 709798
724922 704495 710108
727767 702619 709156
724922 704495 710108
726783 701552 712011
725393 705108 708971
726416 704926 709822
726416 704926 709822
727134 703488 708995
724675 706546 709798
724675 706546 709798
724922 704495 710108
725308 705677 709959
727261 702760 707426
726536 703603 711701
726663 702875 710132
724675 706546 709798
727416 700683 712172
727049 704057 709983
725520 704380 707402
726536 703603 711701
724922 704495 710108
724675 706546 709798
724675 706546 709798
727049 704057 709983
726536 703603 711701
724795 705223 711677
724795 705223 711677
725675 702303 712148
726783 701552 712011
726783 701552 712011
726416 704926 709822
726416 704926 709822
726935 702601 712897
727647 703942 707277
725393 705108 708971
727134 703488 708995
724675 706546 709798
727014 704811 707116
725273 706431 707092
725520 704380 707402
724675 706546 709798
725273 706431 707092
727296 702006 710293
727134 703488 708995
726416 704926 709822
727014 704811 707116
724922 704495 710108
724675 706546 709798
727381 701437 709305
726783 701552 712011
726536 703603 711701
726416 704926 709822
727261 702760 707426
724675 706546 709798
727261 702760 707426
726536 703603 711701
725308 705677 709959
726663 702875 710132
727381 701437 709305
726416 704926 709822
726663 702875 710132
726416 704926 709822
724675 706546 709798
726416 704926 709822
724795 705223 711677
727381 701437 709305
727049 704057 709983
724675 706546 709798
726416 704926 709822
724922 704495 710108
726416 704926 709822
725273 706431 707092
725042 703172 711987
725273 706431 707092
725393 705108 708971
726416 704926 709822
726416 704926 709822
724808 703039 713022
727381 701437 709305
726416 704926 709822
725273 706431 707092
727014 704811 707116
727261 702760 707426
726663 702875 710132
726663 702875 710132
726663 702875 710132
726416 704926 709822
727416 700683 712172
725308 705677 709959
726783 701552 712011
724795 705223 711677
725520 704380 707402
724675 706546 709798
724675 706546 709798
724675 706546 709798
727261 702760 707426
727049 704057 709983
724675 706546 709798
724795 705223 711677
724795 705223 711677
727014 704811 707116
726536 703603 711701
727296 702006 710293
727014 704811 707116
