315 14.693
336971 228613 234699 209411
295935 237204 195820 235104
286162 285070 235031 199040
280276 208581 227778 231927
276354 212398 274094 256391
263999 262008 255376 194047
262811 256155 214477 281427
230011 250257 249484 264593
317390 238660 216508 205062
336971 228613 234699 209411
254488 222680 267534 262182
276170 212837 258490 276065
245929 250565 231071 271618
276354 212398 274094 256391
309809 232356 222862 210821
276099 272176 242358 195298
286162 285070 235031 199040
276090 274463 242213 196792
238768 243644 256769 237284
244737 234979 257855 256899
236556 259566 240605 259022
230813 245790 246813 254811
280173 281219 240377 199509
260858 218786 263338 226023
281188 268731 215246 225559
279580 209103 253903 260436
251239 278158 230549 239854
269179 265446 248721 194178
256914 232286 227531 278704
248951 263598 262478 212289
246742 224529 260163 222652
264959 276018 227376 235213
230700 240268 246487 267607
248556 227538 252621 269535
264232 258209 210104 249287
315132 254817 219631 204864
275464 270254 247862 194216
234753 243378 248201 265631
242298 257003 242060 254164
314518 235891 214665 213883
261569 253720 253961 203793
260300 213497 242091 260076
296274 230456 199892 248074
268044 261353 245530 202459
282006 247648 214209 219695
308838 240077 213582 208091
307371 221276 218908 216660
253050 255527 260897 208113
259226 262085 234032 202403
280945 241377 203125 240441
291616 236214 202239 229618
279751 230936 228341 206263
284575 246965 237708 201509
290213 233045 204789 232164
255244 228517 243916 217910
263707 231702 261299 215714
265959 251773 229320 228461
250978 227907 238878 241935
240636 239351 242610 255798
279289 249282 244187 196732
266788 238471 223585 227228
275006 230013 204111 251231
272598 214891 238213 224398
261711 221910 229181 263571
258737 215185 255172 253303
234753 243378 248201 265631
241740 242535 246060 220795
288649 236719 197981 239506
300109 269320 230587 201959
280173 281219 240377 199509
249919 223969 249259 258625
298269 241499 200987 233550
239442 254209 247790 222792
285256 220083 208938 244512
262811 256155 214477 281427
240713 236974 250771 232885
267850 244454 244895 215138
268414 226988 251556 208807
276889 217999 230164 231030
256710 236610 222212 243440
269571 247953 235069 200340
280423 248668 232216 203294
294740 239030 197494 238867
247813 229566 250291 239830
262603 227968 226270 252293
299449 226695 225551 221446
293028 223696 224514 223280
258804 237736 235647 222273
262318 259459 212685 269324
286537 244667 223443 218618
282882 231131 213310 234402
265715 277334 218746 213793
285362 232435 217903 226619
288512 235207 205376 238186
275692 215919 224425 255119
249929 264142 221448 264875
294678 227559 237185 208817
264672 217166 233260 223479
268754 249927 219541 245612
305931 226304 225870 222958
284891 224072 222220 247076
265718 240464 221978 244626
273961 239819 216412 245777
257176 216723 252378 247870
257496 231681 216977 248454
260832 264689 206868 262631
295935 237204 195820 235104
300769 225708 226419 217340
268092 218630 232209 260886
269286 258445 254897 199069
303166 232062 207758 242861
270022 244574 236626 217625
270724 257584 232587 226188
301274 244283 211124 222365
266424 220546 232645 233625
271565 235123 220779 233465
249975 216522 231629 262706
253773 223531 238354 254959
274727 246521 220164 212896
280055 234260 201531 242701
292043 220899 225046 223728
278768 226476 215136 236275
287132 228610 208605 234371
303465 237104 206674 211714
291017 225395 216644 231073
261224 251389 241826 213156
288993 246338 210977 211805
272876 219662 220150 253888
277856 235898 228226 228346
260989 235516 230007 241613
272108 259223 218152 230176
290041 232177 206310 222918
288119 239936 214832 220362
248933 237187 227953 250097
277339 229191 226785 238467
302516 221146 214392 225410
281226 242181 218890 221281
304569 229555 233542 213824
294984 229383 211597 217722
261328 228832 240682 223113
285084 245081 218491 218155
279325 230714 211981 237046
287081 230902 197605 246042
301049 234142 218467 214438
289072 234497 217075 225126
284063 228528 207492 248302
297532 251373 229513 205041
262338 222926 231268 236302
316928 226401 227643 213934
297185 234964 218029 212354
290825 238692 223904 214525
273416 219412 227665 240891
252106 251618 227870 264743
271003 224386 235109 222206
245892 230247 231847 238702
283333 227802 231631 223932
291030 230617 219094 225095
262889 221974 227532 260476
273469 219114 227114 229831
305304 230225 227928 213696
290536 239463 225207 214160
297892 235937 203991 230241
271107 253775 231178 220683
288314 240035 212542 229922
297892 235937 203991 230241
289072 234497 217075 225126
307004 267087 252753 223521
296544 237975 210430 238525
289735 232952 229037 240959
281961 285370 226425 242251
278641 240949 267767 250637
270064 241538 230139 241684
278704 263262 237931 235838
275408 255097 251427 238192
283374 233175 240860 225850
291247 245970 216791 230301
299128 250303 240493 229437
294067 244794 212111 229798
310845 249614 231433 252039
307346 269918 257971 226850
304964 256350 226544 244863
287685 254466 233730 264101
280802 265513 263103 252221
278758 242365 250763 256831
295283 264461 258638 230848
298487 249240 246940 239460
301710 257674 241556 235840
307207 247648 241664 234388
283173 246594 254385 242288
302206 250559 233461 230122
298116 249813 235443 246056
285544 263364 237804 242244
285431 267095 251625 240799
286615 249812 238472 251393
282553 249258 253786 244211
301141 264878 233657 251733
324478 260135 239622 239744
309150 246631 253428 261332
306292 254573 282957 252261
304929 279496 251551 230813
303060 260251 234309 261708
297956 287036 260282 243862
291451 257592 252045 271102
283024 269832 266918 252016
310213 257842 267781 246592
283888 253081 259548 255662
312556 265799 249672 236660
292046 284688 243673 261261
313901 279212 235871 242430
317569 268650 249300 253004
290963 272033 254991 261856
294096 261271 244016 266533
289769 266987 252261 269167
299064 258254 246769 257791
308418 249196 253045 247676
294750 249071 252564 258170
302893 270039 264908 251029
290602 255257 264485 251291
309359 274723 247505 253370
307535 274133 248192 240047
301328 267827 253858 254388
294436 257727 251141 266524
291847 266392 258158 254388
309038 260500 253000 237222
305171 266882 251831 242145
317898 287205 246782 249684
312691 275479 260157 238542
312277 292047 257476 254379
297383 256615 270142 254659
294208 257889 261937 275333
284083 264148 266784 264677
299809 259869 251716 266310
315635 266903 248278 263094
288725 264246 265237 260100
317853 283573 253738 250549
298415 289056 261718 246078
304739 259933 256521 261963
307773 272641 268341 254358
285245 281538 262525 259397
315572 278633 258758 258189
311886 261895 264072 251435
301451 262572 261429 258616
309697 274259 267477 252721
316624 273064 260836 256841
309810 276362 258503 260839
305346 281879 269793 247343
307482 288683 269294 249128
337387 293038 275263 246852
332048 262673 261359 277383
313691 278717 254013 281521
312505 280579 253842 270165
299855 331690 262018 268616
287882 271284 300477 268806
288128 288110 286353 273174
305757 316471 261616 265515
299756 301826 275752 251871
319706 287649 266160 254323
307208 275206 279946 254754
292961 269020 269594 265716
328806 276869 270580 250504
303946 281244 279893 259116
298945 297589 271158 259172
302150 290277 263569 248368
311118 264798 265235 261534
307135 274152 267471 260262
329293 284300 257336 262980
299600 265383 274543 264490
316188 269406 261282 261976
315329 277739 263025 266772
302771 262814 255917 272572
302928 283710 264678 271296
300359 265357 271326 265437
305963 289467 259847 264860
315862 292767 259030 263448
313779 287005 263439 263676
302955 292958 262148 263626
352573 284224 278768 261846
336053 298991 286604 248793
317563 280039 257447 278236
316836 264748 268481 279756
311064 275785 300549 297370
303069 318246 261076 281301
296717 284434 305203 279498
289124 289501 293782 279741
298149 284797 297194 289213
295352 311522 276666 274507
307425 278944 283023 256985
324091 301785 291588 251677
311967 305323 257918 274789
330659 276096 302487 264427
304920 286591 262378 285864
311750 267622 297791 277034
322095 291532 271427 253607
313788 272146 275241 267024
300724 278502 287680 265355
307906 314288 268173 276413
309508 288742 273111 260946
318363 292435 265097 252994
333581 296967 262002 277035
300547 304731 280917 272022
325812 286903 268095 263350
324600 299624 263156 272762
303580 282965 275965 271023
302023 286797 274617 270677
314130 298424 272270 252407
313275 280848 267165 271762
298923 294928 278084 272393
312808 293973 269441 280425
315944 290043 266538 277857
305750 287826 278266 269018
330798 278715 275425 266276
305662 290850 291641 263904
325355 283456 263151 268763
299280 293134 276927 277646
322584 290461 269222 252032
307028 285639 281923 264280
296055 288738 282247 280600
325443 291809 266946 261966
306850 293563 272967 263396
300149 289546 272762 272672
298399 280062 275017 278188
343678 274796 275930 277682
326572 304113 296990 252873
322347 310137 258641 277560
315481 273296 295316 283180
310727 309827 305883 258960
308210 286237 277832 295328
303648 323618 292425 269815
294705 310195 297953 280713
299149 319134 293013 275488
325373 292838 265732 255615
338297 280437 291779 261313
314936 311835 273763 265832
305132 282132 291237 292558
299298 287310 299130 282550
316307 298031 294013 266974
322891 291013 270469 275113
333873 285708 287776 265815
301909 304991 274027 272789
323976 278968 278393 284205
312473 301920 275728 286020
327926 289159 263228 278371
330436 283742 278457 272665
311559 304233 262505 287986
309849 310498 284493 271931
306680 287911 277413 288275
326265 302108 263994 280234
315619 303883 286128 270681
324570 283140 292900 261226
306039 294405 289511 277665
308391 294188 274668 294259
310961 300836 289198 263718
321101 293023 265281 264708
307794 286676 282886 272218
317960 282061 263444 281259
311625 285599 293476 268955
319823 300172 273988 273784
319134 281199 280550 274827
321282 290299 278699 265556
306944 291166 281398 283604
308600 286845 281915 274110
314507 292973 277475 276554
306429 293319 286869 275813
315539 273541 286531 267666
302588 285197 289470 282791
310069 286263 276170 282132
319606 300457 274589 263049
326925 288374 274375 263431
306027 288149 280425 284026
302365 302920 280976 282139
318054 287301 274429 277236
308056 294301 278968 282166
320336 288100 286527 263063
342590 288251 288260 274080
330611 292844 282983 257399
319405 278965 311112 286986
318915 304199 263740 285825
316770 319642 284112 275009
307922 316520 294165 300849
303380 311240 314932 279977
312647 289066 278298 288696
315856 282165 303731 268024
335827 291353 299331 271049
332735 285653 293442 279891
311156 302046 294521 269045
339411 296142 269916 267348
303540 307515 302170 282033
334565 318437 275838 264862
328054 299604 271374 287153
328813 280187 282810 287156
328577 282361 283197 283720
322096 307415 276028 263259
325553 298242 274539 280849
336817 297180 267536 280521
315163 317017 281231 277453
314316 307173 286785 272917
326547 304621 275227 267093
321774 318342 266796 277696
310593 287350 285870 281849
330680 295443 282960 263876
308738 297895 285864 275098
308025 308059 286541 280768
312308 291268 293447 279090
324426 302948 275420 282894
328286 297354 265542 271099
320224 286678 268732 288083
320237 288370 290519 279773
324653 294096 276621 269405
328008 303574 290524 263268
322378 306093 280558 275999
316925 289968 277425 283353
313090 294285 288094 274969
316027 306804 279785 275757
327479 293641 278065 280242
317142 292422 286637 280319
325892 306305 269287 274799
322543 292507 280092 275085
349345 290822 309802 296114
346849 313537 284571 260886
345034 303534 266281 273754
331950 325135 297526 269246
324165 282282 304453 319789
312011 304000 304352 275983
315929 312902 278597 299505
330390 316520 268931 289750
319892 308635 284435 315612
338921 295132 297148 262007
333970 292190 297951 295602
327204 308751 304705 272408
336090 311778 279353 270745
320317 299341 292715 290588
331306 298498 272154 273063
328821 295304 296809 289344
335345 297829 266665 284554
313164 314075 283593 290789
331636 294678 288006 282184
333428 296494 277379 273688
322826 312631 283637 285805
330619 301960 281944 270818
335956 302032 291135 267449
333260 313040 278961 265011
319858 294237 297387 289448
312531 302087 286700 280747
320614 311935 297770 277305
327018 292393 281977 290089
325268 306163 283552 281069
348871 292273 271096 288297
325280 307637 277968 273735
345037 306417 285188 267495
348584 294257 297456 279302
327788 314630 284933 273354
320444 296544 285516 287327
345777 318031 274649 282982
337276 293418 292936 294300
333894 298631 289985 274323
329685 320248 288832 274771
327412 307748 286856 305742
317384 312482 308631 280669
313055 306492 290291 283623
324954 303756 305598 301233
337942 299386 288935 278825
321393 304357 296311 292094
335462 306673 277035 294331
328514 309704 282492 301443
318903 305395 299669 285031
332712 304336 286181 277336
328268 309730 287878 287213
324307 305205 303520 282627
314910 307260 288190 281259
323634 305491 293562 281071
326589 306588 287889 305347
336830 304773 275972 277993
324441 304698 289901 286434
347883 308126 317542 276732
347247 316195 296081 276730
347224 301786 291561 292305
335525 333014 285616 295042
324859 306115 296355 310627
314542 313632 294117 301205
328461 328088 297149 281230
317972 321501 295463 291737
346055 316737 285966 279829
326336 310075 288245 287360
326015 332620 290986 285818
339671 307294 296806 281434
336893 312183 292534 280451
317472 309868 297086 282460
348897 323174 290207 295124
346565 317001 299148 307378
334567 329850 312921 281300
340065 325163 302893 285490
336511 319518 296277 288278
322819 257398 214897 198875
299885 248517 193947 224281
286162 285070 235031 199040
280276 208581 227778 231927
276354 212398 274094 256391
263999 262008 255376 194047
262811 256155 214477 281427
230011 250257 249484 264593
245929 250565 231071 271618
238768 243644 256769 237284
256914 232286 227531 278704
300109 269320 230587 201959
261907 265684 217178 257484
260858 218786 263338 226023
254488 222680 267534 262182
276090 274463 242213 196792
234753 243378 248201 265631
251239 278158 230549 239854
276909 211607 229797 244508
244152 241320 232449 250980
254488 222680 267534 262182
286162 285070 235031 199040
279580 209103 253903 260436
302085 226302 207172 218149
317390 238660 216508 205062
305528 276088 227420 207725
319852 239805 210398 211758
284118 226371 214002 234500
276170 212837 258490 276065
255725 221886 271486 255810
248556 227538 252621 269535
230813 245790 246813 254811
290193 228847 209630 235675
265854 272524 209368 254435
253050 255527 260897 208113
236556 259566 240605 259022
309549 251351 196236 216820
248951 263598 262478 212289
280173 281219 240377 199509
276170 212837 258490 276065
258737 215185 255172 253303
280173 281219 240377 199509
301503 246306 195420 224680
269571 247953 235069 200340
317907 270782 226477 202587
246742 224529 260163 222652
242875 249208 239647 249501
244737 234979 257855 256899
276099 272176 242358 195298
279289 249282 244187 196732
304388 259815 208548 209095
264769 239988 228707 246148
315232 241933 203528 216382
261569 253720 253961 203793
241909 229929 235187 258096
300764 247188 198892 221473
261713 260472 228832 238813
255725 221886 271486 255810
297362 219154 222258 227721
249975 216522 231629 262706
289011 231129 223134 225270
310334 253796 210881 206108
313578 262998 216311 205445
268414 226988 251556 208807
260300 213497 242091 260076
292644 236331 211790 219527
276354 212398 274094 256391
308128 242987 202854 220607
303885 224663 218467 207787
273416 219412 227665 240891
273793 214541 244358 251734
301690 245684 197362 229943
240713 236974 250771 232885
298055 251545 201079 229387
295409 254622 219877 210183
265715 277334 218746 213793
312692 232135 215478 213479
263707 231702 261299 215714
289121 218470 226602 231288
257853 233339 227428 246919
303020 244768 213388 209572
275464 270254 247862 194216
298961 244198 223062 216924
294678 227559 237185 208817
281098 240071 213505 242804
247813 229566 250291 239830
270783 223880 243012 227109
303710 244357 199344 236962
239442 254209 247790 222792
253940 259197 239500 236639
245431 229691 246051 264577
307471 234111 203801 228506
273892 217638 220719 235865
293307 230242 224006 225316
282679 224253 219252 226553
304869 246858 204767 214314
287797 241880 202397 239176
270690 237674 226056 223706
282398 234761 225036 221948
284575 246965 237708 201509
291409 237172 201428 239447
250978 227907 238878 241935
257176 216723 252378 247870
262318 259459 212685 269324
277947 239781 216554 230385
274727 246521 220164 212896
275692 215919 224425 255119
272373 217694 240378 230316
262811 256155 214477 281427
253773 223531 238354 254959
268044 261353 245530 202459
285766 232795 205105 248426
259226 262085 234032 202403
322819 257398 214897 198875
311425 249649 211533 210772
311023 237443 219101 207436
242298 257003 242060 254164
264232 258209 210104 249287
277049 239835 221472 233595
262603 227968 226270 252293
240097 245276 249136 244177
322819 257398 214897 198875
260989 235516 230007 241613
249929 264142 221448 264875
271079 231705 232228 217727
269179 265446 248721 194178
241740 242535 246060 220795
267771 241674 254868 225717
294797 252200 206087 229902
307371 221276 218908 216660
280762 220558 225831 233001
259622 250161 229476 229456
240022 240801 250405 258863
290870 216322 221120 231457
285034 234161 203240 249216
296233 246992 206594 211309
262889 221974 227532 260476
293976 218592 210572 259177
252106 251618 227870 264743
267022 224547 252084 244478
314518 235891 214665 213883
230700 240268 246487 267607
297880 239762 205552 220192
234753 243378 248201 265631
264417 220043 247064 248438
254977 241387 230475 247276
306208 245695 211158 210929
242350 248484 241362 254252
302425 246536 207098 215546
267979 220070 244803 242601
299662 222322 233941 216721
230700 240268 246487 267607
260832 264689 206868 262631
240636 239351 242610 255798
317786 251731 216241 203018
286653 245267 206769 225455
280423 248668 232216 203294
295808 234587 225525 216535
292893 236069 219591 221197
297894 244391 202122 228004
312256 218994 226031 223930
292541 239075 206808 222467
300639 251535 204414 211711
299589 263413 217482 208973
292615 252615 212584 222261
292615 252615 212584 222261
299589 263413 217482 208973
327907 266869 215255 213575
311618 245918 229338 213563
308525 255908 201720 235084
296815 235100 230736 230408
292006 242275 240368 242258
286615 249935 239872 258042
279858 252449 219757 232383
298249 246907 226283 244240
299371 243232 210504 223220
303731 247483 208708 233788
309700 237493 218710 237275
298289 250370 213876 219378
298469 250001 213583 219715
322376 266808 216456 233717
312094 247050 234264 214700
301649 277128 250344 223718
298398 240333 238847 236152
289543 259479 265073 251401
283972 270502 236275 265614
282999 265225 264031 255376
294575 255354 244857 258630
318116 251247 223400 235923
304664 269015 253853 224887
285242 268029 224292 246290
315025 260392 216701 243708
308857 271281 228040 226751
292625 250089 246193 244068
305924 258747 233110 239080
296546 261533 226878 243552
301539 247197 234389 230984
310154 243965 232097 226138
313076 275357 223689 230342
296918 241523 231069 249395
297505 258447 264317 241609
322036 268481 225895 230331
283828 270260 246746 252814
309598 250782 230332 228242
302390 266178 232020 227132
331037 271304 230522 242576
319125 282427 252619 221636
312718 243896 246714 239200
290409 305640 261926 275095
287565 296144 294920 278046
301302 270381 271439 247562
295474 265949 258220 256079
290955 288715 265312 254626
302413 261173 237699 241761
299592 253813 240874 252436
308827 268182 248898 233123
328977 262152 242295 235603
307484 272679 267882 240984
322887 263547 231743 253113
310195 245684 250109 236714
318655 249661 233115 239792
309824 277275 246938 235034
293586 273104 250596 249928
296407 269457 263447 249570
316015 252383 233815 248668
307709 267887 233971 243202
321822 273073 246167 233417
329547 266943 236759 233538
294687 264887 264730 251205
314986 263516 233580 234713
342974 292202 250653 236574
335458 276067 233116 244693
321052 265541 258781 236098
312363 250496 253475 249431
300830 274304 271348 255298
295522 286137 256318 270433
295272 282717 261958 260602
320649 258595 241922 250332
322902 278522 234321 245709
315823 268749 237357 256333
309163 282909 244770 241998
327022 288446 247509 236880
331086 267032 234821 238742
314553 251701 252531 239621
303526 259342 249031 255940
314173 264987 265768 243799
322104 263215 256180 238274
305541 268768 262248 254006
300466 276030 258861 251370
298745 274737 253656 255930
321910 272613 240919 242609
313593 270247 263316 243045
300354 265067 241032 257338
307811 281735 253521 244778
311421 270925 251152 240237
328979 282031 251983 237331
301431 289439 252403 255339
309887 277176 252163 254459
311470 259093 265267 255198
333039 278691 235483 244123
331376 318607 253027 247059
322358 256043 274930 248335
315202 283261 266635 242348
312530 269854 287213 250421
298431 289680 266426 277491
295557 284403 267563 272831
314675 270532 241198 269625
313171 285493 277812 243742
327155 277181 247881 261397
308300 307673 266669 248753
301562 306116 273659 259765
321319 260154 273377 264982
313699 286590 246368 263603
301741 273764 266106 272479
317587 262950 254353 254160
301694 296000 256016 264145
323162 279233 268809 242353
313269 257520 255738 276440
320351 269797 251043 269007
319926 272141 261675 250492
331261 260953 256256 255303
331614 274433 250082 258758
313795 268892 259621 255717
308939 272908 272120 274405
314791 283391 269517 252497
323059 266648 251040 255027
303555 289023 273793 256555
298447 282976 270618 262285
296001 288199 272055 264125
315571 280166 253722 245799
311678 287847 263235 249893
299044 280707 269331 261715
306828 293888 256445 257838
306761 283632 269286 257351
310883 281493 261623 264451
304007 278678 263538 260690
312292 291290 247782 247859
309538 268902 261925 260383
316927 274658 255788 255626
304400 280290 263525 259901
308722 276913 274549 254366
307628 289826 266726 259616
311257 292696 267340 257918
309020 267989 267843 257785
306937 285971 251730 264426
320833 281944 253278 245363
320953 262494 255788 244672
303860 291624 254750 261505
349400 310952 244956 259752
329217 265863 258653 249949
328960 293968 261636 246239
316114 315779 286918 250792
308891 282525 296814 292607
308861 284561 283950 300253
298891 290915 283812 263525
334538 302294 246829 261540
300826 286254 275471 288291
306853 309759 271401 278064
322164 281975 256747 268850
315092 274990 264648 256480
328501 293333 269435 249411
308796 300104 268253 293724
316310 299951 252126 274162
304379 301481 290123 261871
303099 297252 268364 291383
330083 267729 264137 249694
309832 272315 270082 275116
304066 307189 273322 273773
323578 268959 267619 263510
309006 284298 292759 277855
313372 290620 278292 265496
320237 287905 267380 254534
306129 306479 269096 281838
321675 288573 260385 256697
309904 281586 262420 284296
312028 271019 287385 277706
314675 280243 273131 264894
316991 299069 279369 251159
329474 278920 254812 274010
319613 306331 268271 250188
318034 278807 262581 263100
320035 270507 262993 266561
312775 295826 262296 259060
317197 292167 264601 258024
312007 298984 261396 267827
318163 292473 261304 267671
320209 283123 267960 252788
315115 296849 273889 252117
305972 290789 274895 262518
310316 296043 273862 263655
321838 287373 264488 251033
310122 287624 278888 263637
340870 278919 270791 256322
333929 266801 273202 261929
331173 290881 256311 287574
321877 296529 271983 253556
318599 317673 266452 266901
311305 289408 273936 300485
309516 284429 303034 279294
299436 298621 291038 272897
313824 299973 276697 294538
325625 273791 297317 275455
314437 305943 273014 287004
302896 294136 287531 291090
310142 291843 298755 289443
303716 304093 288917 277470
306672 295289 295659 264436
338241 287199 258569 278271
330523 301348 259324 284567
314083 277116 279484 281961
328989 284306 281724 259465
318804 287784 263301 263985
324617 277536 268918 272417
322803 294074 265475 255054
315772 276106 271707 269330
324765 297524 261702 285243
306929 295573 283226 275540
315759 305477 285972 268714
336904 282088 267855 276092
316460 279215 273748 260214
320648 291112 274929 259601
336557 282265 273006 255137
312313 294957 281366 273304
308482 298245 281501 281537
329992 285982 260384 273849
333476 291619 263839 253706
321292 280664 266875 278047
329631 278497 273260 257627
321543 286540 264143 279852
321962 274032 282375 268350
316158 305344 269841 266436
322003 290065 269732 255656
330374 285428 273514 255507
340671 280474 281102 269992
334728 300503 261842 275243
331964 312955 274116 253978
320267 304694 302491 263951
319883 278688 284101 280907
304432 306781 290588 297384
301630 317569 292905 281180
313836 303115 292854 279350
338348 293909 286039 259800
317249 312591 295320 277409
322022 296462 266241 290162
314381 284043 293335 284519
326310 288169 270861 271566
320446 310994 274994 286068
318047 292448 287022 279569
326153 285798 291422 277504
316862 296575 272861 286810
335475 280199 288210 275218
321735 304251 264842 282440
318577 314581 283286 280796
336679 300588 272016 261967
328069 306412 269146 272919
322330 289599 277107 267151
331866 282154 275522 261926
320145 300033 278106 266207
317250 298160 284133 267914
322800 295401 271564 275553
331178 297651 274789 262525
323072 306304 271308 263568
322035 306891 275751 262821
318957 288769 282368 268853
316182 288801 275855 283543
321545 286154 281425 280743
326166 288916 267042 273478
320767 305728 291293 265169
322309 299412 287771 266027
328991 280204 275801 273162
331600 289053 265489 264175
321288 289019 276500 272919
357165 296243 275601 287166
337008 315340 268357 271845
333173 297249 296233 261944
329404 283360 279961 273695
323222 306909 272716 297633
322871 338240 281882 270769
317577 306492 312206 279886
316246 302384 299866 286197
333926 316742 271948 265661
316346 310493 304893 279538
321138 294260 294906 276492
319869 298648 301880 274256
324218 296508 276233 297066
329788 285904 288569 273319
320431 302025 283203 291823
320218 300675 277291 292819
326261 292098 279861 272243
321624 292747 289603 291956
331891 303906 282142 264078
322488 307106 286431 265403
334055 294805 279428 269004
318836 304906 299452 279714
323070 294059 286709 283502
336160 292832 275861 263006
318718 293402 283587 286580
328270 295518 278689 270077
321701 303011 300046 267588
321955 299273 277994 282138
326165 302642 288265 272482
330046 309557 278376 271009
330637 296397 277715 267675
330091 299740 276652 282566
328958 297034 278175 272611
328403 298454 276762 272332
358709 298278 281259 277587
344558 297853 288630 263314
337309 328088 269322 303789
331128 292097 295538 282721
321519 300437 307662 284652
320407 304486 283908 290617
328659 316723 279811 284015
348294 293457 287007 268416
340432 310351 282685 287679
323554 305596 301165 270014
346229 296335 283188 292482
325930 316208 296942 276099
341876 297835 295269 280101
329937 299802 285427 271148
322135 303953 298396 284377
332409 293019 284537 291469
346661 316414 292275 279186
336786 303702 285655 289446
336214 299891 314082 290859
332247 306357 304149 270354
323316 304560 302735 287613
346013 314243 287572 280524
337869 307432 292823 278118
326282 304764 298989 285092
338053 303585 294927 285103
333541 306079 307009 303385
317390 238660 216508 205062
286162 285070 235031 199040
280055 234260 201531 242701
274897 202864 215179 256348
274188 210472 266652 243686
263999 262008 255376 194047
262811 256155 214477 281427
230011 250257 249484 264593
262318 259459 212685 269324
262811 256155 214477 281427
236556 259566 240605 259022
238768 243644 256769 237284
234753 243378 248201 265631
275701 212088 263678 241246
275464 270254 247862 194216
248951 263598 262478 212289
230813 245790 246813 254811
303728 252038 221700 204586
249975 216522 231629 262706
305431 222621 229809 216230
284575 246965 237708 201509
246742 224529 260163 222652
265854 272524 209368 254435
253050 255527 260897 208113
276090 274463 242213 196792
302516 221146 214392 225410
309809 232356 222862 210821
280173 281219 240377 199509
285958 228342 207932 225022
260300 213497 242091 260076
293000 205232 243260 232542
312084 242761 240962 198561
275244 203842 228830 244356
298833 209717 221356 253562
245892 230247 231847 238702
269179 265446 248721 194178
280945 241377 203125 240441
314996 231926 217729 218588
295101 212464 251434 219704
250676 215930 258378 232925
296730 244728 212045 222261
255396 212145 251782 237844
312555 235414 211764 212124
274188 210472 266652 243686
265715 277334 218746 213793
268044 261353 245530 202459
276650 253369 217080 215064
252359 224554 250231 229405
240636 239351 242610 255798
280173 281219 240377 199509
276099 272176 242358 195298
264095 211093 227018 248108
256710 236610 222212 243440
317390 238660 216508 205062
290867 224822 223774 220766
266202 221677 235863 224576
267401 213132 239378 228958
244225 232426 229446 226866
242298 257003 242060 254164
259226 262085 234032 202403
253709 255889 241003 205564
253452 267455 235243 220427
260858 218786 263338 226023
271492 264886 224945 220153
279751 230936 228341 206263
307371 221276 218908 216660
286162 285070 235031 199040
271216 216877 220625 246782
289024 226637 220228 220867
314767 237240 215545 207148
310147 239132 213544 203212
263864 215696 257815 214732
269571 247953 235069 200340
280276 208581 227778 231927
265715 277334 218746 213793
274709 206782 229146 251266
290041 232177 206310 222918
281659 233910 227390 209619
283778 232916 253387 196070
292731 224176 230418 217608
294678 227559 237185 208817
294942 243288 241709 197047
265751 209042 240669 251741
300028 235382 213687 215751
269286 258445 254897 199069
261224 251389 241826 213156
307110 241172 231724 204210
243458 215673 248295 236395
250978 227907 238878 241935
272980 256452 217876 230451
258882 220064 238444 235037
258458 247295 236425 225052
261569 253720 253961 203793
239442 254209 247790 222792
288645 239986 202721 236372
290213 233045 204789 232164
260887 217473 253070 223428
266979 213866 244794 236017
282809 229175 226243 219138
271502 250658 243958 199855
293886 220420 217624 221343
290337 244775 233109 202948
279289 249282 244187 196732
287646 245739 213722 215622
297362 219154 222258 227721
297736 249342 206938 212485
274794 216493 216016 256372
279904 210725 219179 246152
298255 226251 212255 230072
264834 226983 217982 239562
262624 225322 218042 245103
257495 235225 237538 214199
299631 236030 205248 211974
277821 237545 217900 228224
270118 234787 232696 213789
240713 236974 250771 232885
292399 224353 209932 234134
246489 263596 229687 223410
270806 254520 210572 265478
281823 215204 216022 231220
259750 220475 231593 235860
277089 254684 233577 206792
255083 217714 227270 242286
241466 263817 234825 227436
291942 218430 236615 216778
278377 246413 238726 207868
288512 235207 205376 238186
283877 231416 216480 224101
280893 219832 213776 250856
241740 242535 246060 220795
270311 205910 223098 253592
282422 225352 213876 249395
263019 248923 225932 208591
288993 246338 210977 211805
274537 226063 225618 232271
282204 223857 206887 251452
270487 218166 247255 228104
264232 258209 210104 249287
262320 214574 231179 251211
264496 216378 227855 245864
276170 209741 226193 233163
253452 267455 235243 220427
281833 241630 223309 216807
280658 233654 207527 234471
280055 234260 201531 242701
259061 214529 234468 240876
230700 240268 246487 267607
230700 240268 246487 267607
271944 232077 234731 234618
280423 248668 232216 203294
266683 257990 232110 207029
265193 224717 227087 247256
273837 235174 246351 211514
273512 240075 245323 207483
266797 223060 239167 219159
276986 239049 254079 207161
244062 229766 245393 227438
283184 224676 214073 242146
286665 233719 214727 222620
286740 227584 231645 229087
282645 233164 225008 221605
277332 240526 230118 223749
268424 233763 239074 217168
277332 240526 230118 223749
282645 233164 225008 221605
274188 210472 266652 243686
268424 233763 239074 217168
301267 249509 231652 215008
301015 265949 233783 219452
295322 250611 241170 201822
291178 217982 232664 255568
289803 243874 224895 245041
282460 232940 270489 234381
268427 253531 243000 256064
260722 252586 253732 252921
278099 223968 262811 248365
300180 261196 230842 224207
280874 262482 225678 225759
262173 233082 244978 245546
284985 238986 258189 230952
279863 230244 267257 239991
276036 256232 250266 235206
289008 234962 232224 251245
282571 241939 247893 234904
277577 228293 235710 240340
293155 245472 240365 215159
270660 248127 269425 237367
281719 250433 258973 237512
271056 246812 253343 239097
272690 255540 250403 234549
276301 252221 243947 217167
274482 244199 243452 238155
287377 229608 237965 237354
291172 246758 239166 221682
261557 229550 250363 241168
283559 228930 250849 239278
292503 252708 241195 216919
284305 246480 238015 232173
285324 237595 233456 222155
284012 248927 237628 222804
282581 262148 242483 233150
282750 253511 235487 223151
285335 238005 231538 237994
324496 232149 240445 259520
308602 230387 258243 268458
305361 271844 279943 221873
294712 275713 259684 216923
287298 248272 232821 241971
283229 243533 240347 270044
270466 243487 254524 258429
313731 255982 243937 218583
289313 252679 275476 234225
271958 235265 247261 265038
273655 258363 269980 254772
298804 274506 247825 221989
301012 265574 237243 222556
284277 266360 235081 250202
310975 238107 244171 243010
280100 258880 251180 249858
292118 246935 243035 227999
282157 231674 270143 243942
289320 249609 234311 223954
305533 231388 253820 237576
274514 244812 256750 249246
309421 245539 237784 247318
287556 249947 261837 240601
286920 245092 265382 240264
287103 236747 263822 251111
278241 253102 254980 230039
288056 234178 244649 239154
301450 236443 242527 248316
282581 235788 241631 252916
300276 245154 243162 231282
285888 258697 244739 233948
292277 247574 238707 243898
278123 248102 252281 243160
281169 253515 244026 258241
280948 254495 251987 223482
285574 258543 250691 243513
287780 248403 232849 240276
287373 230910 242227 249650
319600 277054 252535 225739
301688 255708 234716 266230
286241 231763 275467 264259
280248 252809 285415 259343
278555 272023 262013 253703
310023 261448 267812 226547
316589 248218 255937 243997
303665 265174 241938 235800
283169 238785 249511 257179
306043 250913 235249 227928
280483 245914 272864 250415
291525 241249 257074 239339
294265 244546 248936 254170
288817 236957 250252 250671
295170 251087 260047 234563
297376 250919 245369 231022
284810 260238 258611 246483
286008 272010 274174 230627
285184 267960 258361 243456
305665 233595 254416 249703
293494 251250 238951 249292
291291 263774 252576 231031
288431 240413 260564 242611
286471 251469 246949 253517
285848 257382 261754 241527
281079 262145 265229 257712
286585 259218 244364 259050
289760 235895 243169 257628
291028 254092 266534 242064
290157 261380 254150 238283
303813 250872 248873 227850
293636 256096 264100 231010
280825 264534 255144 245486
285809 250117 258308 249074
292687 249864 244642 246062
292277 252048 235249 258161
295081 253154 253800 235497
285555 253172 274068 243632
307811 263445 246882 237051
303821 268103 245639 243105
303116 273093 259042 231980
298841 249481 279240 247166
292583 237571 248095 258917
289784 254306 256272 265250
285639 287714 263914 257325
282442 275330 277457 246301
290738 279516 263057 256431
293194 262690 273366 246698
292726 257368 270785 251049
287182 263772 267414 242197
288285 242096 259524 259064
285497 267791 254758 263580
286805 262812 270596 250340
287536 247740 258844 262474
292257 245164 253743 256464
295764 267346 260757 252943
298426 276995 264264 233594
299611 261130 246472 256984
298628 249921 260847 255365
292336 264637 251959 252970
298538 271379 249872 232293
298400 254818 255541 239253
289207 240219 260077 262702
300716 254805 255822 240958
302251 262982 248705 234238
298723 252169 258161 234165
302209 253575 252084 244021
296129 269842 277595 240236
292331 270086 263952 247605
296187 269948 263513 244085
297006 240906 260760 256767
297702 269901 263307 243767
325561 266604 255420 251428
306147 283555 262628 232139
301956 242321 248524 267355
295490 267604 256090 273658
293134 265524 286494 243780
287758 291229 276706 263333
286160 274962 268656 265724
288146 267277 278281 254205
311606 269053 265156 237397
299143 249335 255408 269319
291548 281751 269482 257251
321518 266700 249814 249912
316840 271180 248927 243289
299892 262356 256455 248833
316102 264580 250379 259912
306834 261076 252457 263190
314074 252967 259726 252946
289817 252532 266716 261142
293544 282372 270260 247043
302082 255310 262163 241812
299301 274484 270850 252104
305510 266736 265460 240391
307377 273216 266057 239538
296576 255547 266153 265930
292941 259977 269825 257545
290506 258105 261241 261255
308573 265394 260211 243765
295314 274478 260956 259529
299068 256889 255069 257353
312657 254359 255212 252874
300423 253247 261325 249427
307770 282300 254391 252113
332530 258662 257433 253496
310249 291145 271931 236570
309819 261710 296253 253764
308155 293365 263142 253951
302718 279126 252697 275594
299908 249871 264255 272329
295865 252894 276475 282942
290469 282453 279204 274919
327625 270298 280911 244279
317449 269334 269173 252938
317025 265953 255345 264924
295475 282618 289197 268491
299629 282700 270506 253702
306358 270261 290938 244766
294512 263294 267501 269672
306041 262594 273794 247337
311377 264585 269441 251909
301995 253762 265610 259783
314529 272843 263379 253991
309451 271157 261695 267921
299884 275310 256589 257749
297494 271306 267263 263806
299813 274806 258266 260009
300590 274031 272983 258027
314547 264838 266459 258874
307524 274414 268996 248481
302330 274830 271386 248685
297155 262084 271539 258462
308551 265257 267352 258637
332787 269232 259669 256583
327637 319297 257662 258952
319225 277088 257500 259852
316861 255731 279892 264649
316776 299720 273155 241261
292362 293981 308836 292096
314960 314142 287156 255110
312883 267665 300185 255676
321435 288510 286944 258309
311571 285303 292848 252106
332395 285053 280204 251059
305524 302443 268878 264166
292649 292398 281819 281032
303401 265957 266984 274227
300107 277678 269074 282183
295022 290984 270555 278503
297867 277355 276673 262187
328823 278646 276220 252159
315869 282288 261804 258802
304871 262282 275041 259733
307201 297482 261099 272368
300625 274258 272792 276902
314072 258730 271291 271262
326691 276132 267109 262070
309876 275880 268262 258416
300876 276720 271370 268191
302511 263969 272627 266005
299816 278938 260386 279674
306405 290623 273397 263879
302759 259010 267913 266468
314397 296427 257815 275116
301431 276158 269172 275902
314072 280816 260819 262029
316076 279358 258221 259263
306271 293567 267572 272367
341350 286317 262006 267731
315696 260780 299152 297016
309921 279694 290649 259155
307991 320456 284694 265042
301671 277594 300743 268490
307663 298860 292900 265687
330267 283549 263535 270190
314218 264154 272306 283781
326734 268780 279734 270778
315348 315808 264541 275139
303882 271550 275854 293833
316758 280312 274380 273647
308672 277497 272662 278263
315761 294361 276121 260523
306594 267023 281614 272189
302923 288989 269324 267174
314700 285123 265595 263564
311680 294309 284140 264197
314186 284980 268081 266456
310130 269868 289153 267548
312533 276550 269613 274878
308418 274774 275504 264266
310539 265017 274678 271382
310161 262371 290813 274509
307069 270559 280965 274213
339769 290606 269398 281415
323831 313045 307888 264946
317335 280208 311913 269006
315142 297287 268174 273914
314591 284005 271187 299970
311973 266875 283137 276416
302981 304023 274438 268461
304259 298962 293784 293096
336748 281458 285263 271360
316951 277626 280337 287288
329348 287201 274109 277901
315145 306757 298064 264960
304774 293973 304564 268160
311252 307005 273972 276138
325578 268252 277743 274419
322779 273380 279121 276531
306824 289872 276402 271403
318174 281792 276979 273779
317480 298377 283479 267890
314472 292954 282777 268079
317231 283481 282148 276543
311736 289638 278696 276438
322916 283948 277499 267981
350231 301958 294521 270713
336366 275515 278062 278290
328400 323897 274759 274479
327817 286034 289190 302945
323200 300676 271941 275174
322187 319379 275471 268998
309040 306257 301903 283456
337426 316903 279661 271924
330715 281725 280769 289676
319060 275586 295273 298871
312589 294074 287053 279947
316158 287592 295397 285851
313163 305389 290126 275838
330344 310554 298254 271455
328964 281994 288476 293920
325816 289340 278224 291803
324502 303976 283881 271565
316875 298390 289176 274482
316028 312376 283293 293494
313194 309248 288298 272631
325203 287799 282883 272635
315903 290172 295153 271919
329904 289679 277261 279868
334492 312477 280162 284258
325642 302901 308429 276194
325107 296887 289164 305614
313168 302967 293602 282017
325674 300987 289898 289977
317409 297789 299787 289763
320897 297789 296909 281324
324320 301981 294462 286675
354677 308352 296712 296465
352447 311594 300403 288650
338350 301110 304425 285203
322430 307477 315070 286976
