129 2.16021
180417 177567 136885
158377 132464 158428
136340 174251 174479
149579 139041 163126
180417 177567 136885
158377 132464 158428
162438 171727 138356
143788 158617 139920
138168 164043 148698
138168 164043 148698
148385 150743 167942
164782 146196 156482
144799 155966 169705
145755 151547 162762
171116 138340 155000
138596 158902 158613
141946 158735 144494
162438 171727 138356
173185 138499 143017
156344 146546 158744
149579 139041 163126
162971 158880 138671
176282 156149 141313
154686 147357 155871
153180 153634 155435
141946 158735 144494
138596 158902 158613
144799 155966 169705
147727 155010 154073
176282 156149 141313
148385 150743 167942
159961 147915 152171
173028 148922 151699
161389 149725 149426
165731 138698 157483
146179 155922 151797
168131 156610 141350
147727 155010 154073
161389 149725 149426
147763 152141 158586
169387 146833 154318
156344 146546 158744
168131 156610 141350
173185 138499 143017
168131 156610 141350
173028 148922 151699
171116 138340 155000
154544 155855 146705
164782 146196 156482
154544 155855 146705
161790 155121 148216
165731 138698 157483
156344 146546 158744
159961 147915 152171
170711 152029 145796
176282 156149 141313
169387 146833 154318
170711 152029 145796
153180 153634 155435
154544 155855 146705
153180 153634 155435
145755 151547 162762
153180 153634 155435
138168 164043 148698
168131 156610 141350
165731 138698 157483
171116 138340 155000
154562 151023 157151
164782 146196 156482
160890 150395 148344
160890 150395 148344
159207 150962 154900
160890 150395 148344
173028 148922 151699
173028 148922 151699
164782 146196 156482
159207 150962 154900
170043 148196 151765
161790 155121 148216
164782 146196 156482
159207 150962 154900
170711 152029 145796
170043 148196 151765
161790 155121 148216
170043 148196 151765
161389 149725 149426
161790 155121 148216
159961 147915 152171
154562 151023 157151
153180 153634 155435
153180 153634 155435
176282 156149 141313
168131 156610 141350
160890 150395 148344
170711 152029 145796
161389 149725 149426
154562 151023 157151
164782 146196 156482
156344 146546 158744
147763 152141 158586
156344 146546 158744
170043 148196 151765
176282 156149 141313
159207 150962 154900
173185 138499 143017
173185 138499 143017
173028 148922 151699
173185 138499 143017
156344 146546 158744
159207 150962 154900
170043 148196 151765
159207 150962 154900
168131 156610 141350
180417 177567 136885
180417 177567 136885
180417 177567 136885
176282 156149 141313
176282 156149 141313
176282 156149 141313
176282 156149 141313
176282 156149 141313
176282 156149 141313
176282 156149 141313
176282 156149 141313
176282 156149 141313
176282 156149 141313
176282 156149 141313
176282 156149 141313
176282 156149 141313
176282 156149 141313
176282 156149 141313
176282 156149 141313
176282 156149 141313
176282 156149 141313
176282 156149 141313
176282 156149 141313
176282 156149 141313
176282 156149 141313
176282 156149 141313
173185 138499 143017
173185 138499 143017
173185 138499 143017
173185 138499 143017
173185 138499 143017
173185 138499 143017
173185 138499 143017
173028 148922 151699
173028 148922 151699
173028 148922 151699
173028 148922 151699
173028 148922 151699
173028 148922 151699
173028 148922 151699
173028 148922 151699
173028 148922 151699
173028 148922 151699
173028 148922 151699
173028 148922 151699
173028 148922 151699
173028 148922 151699
173028 148922 151699
173028 148922 151699
173028 148922 151699
173028 148922 151699
171116 138340 155000
171116 138340 155000
171116 138340 155000
171116 138340 155000
171116 138340 155000
171116 138340 155000
171116 138340 155000
171116 138340 155000
171116 138340 155000
171116 138340 155000
171116 138340 155000
171116 138340 155000
171116 138340 155000
171116 138340 155000
170711 152029 145796
170711 152029 145796
170711 152029 145796
170711 152029 145796
170711 152029 145796
170711 152029 145796
170711 152029 145796
170711 152029 145796
170711 152029 145796
170711 152029 145796
170711 152029 145796
170711 152029 145796
170711 152029 145796
170711 152029 145796
170711 152029 145796
170711 152029 145796
170711 152029 145796
170711 152029 145796
170043 148196 151765
170043 148196 151765
170043 148196 151765
170043 148196 151765
170043 148196 151765
170043 148196 151765
170043 148196 151765
170043 148196 151765
170043 148196 151765
170043 148196 151765
170043 148196 151765
170043 148196 151765
170043 148196 151765
170043 148196 151765
170043 148196 151765
170043 148196 151765
170043 148196 151765
170043 148196 151765
170043 148196 151765
170043 148196 151765
170043 148196 151765
170043 148196 151765
169387 146833 154318
168131 156610 141350
168131 156610 141350
168131 156610 141350
168131 156610 141350
168131 156610 141350
168131 156610 141350
168131 156610 141350
168131 156610 141350
168131 156610 141350
168131 156610 141350
168131 156610 141350
164782 146196 156482
164782 146196 156482
164782 146196 156482
164782 146196 156482
164782 146196 156482
164782 146196 156482
164782 146196 156482
164782 146196 156482
164782 146196 156482
164782 146196 156482
164782 146196 156482
164782 146196 156482
164782 146196 156482
164782 146196 156482
164782 146196 156482
164782 146196 156482
161790 155121 148216
161790 155121 148216
161790 155121 148216
161790 155121 148216
161389 149725 149426
161389 149725 149426
161389 149725 149426
161389 149725 149426
161389 149725 149426
161389 149725 149426
161389 149725 149426
161389 149725 149426
161389 149725 149426
161389 149725 149426
161389 149725 149426
161389 149725 149426
161389 149725 149426
161389 149725 149426
161389 149725 149426
161389 149725 149426
161389 149725 149426
161389 149725 149426
161389 149725 149426
161389 149725 149426
161389 149725 149426
161389 149725 149426
161389 149725 149426
161389 149725 149426
160890 150395 148344
160890 150395 148344
160890 150395 148344
160890 150395 148344
160890 150395 148344
160890 150395 148344
160890 150395 148344
160890 150395 148344
160890 150395 148344
159961 147915 152171
159961 147915 152171
159961 147915 152171
159961 147915 152171
159961 147915 152171
159961 147915 152171
159961 147915 152171
159961 147915 152171
159961 147915 152171
159207 150962 154900
159207 150962 154900
159207 150962 154900
159207 150962 154900
159207 150962 154900
159207 150962 154900
159207 150962 154900
159207 150962 154900
159207 150962 154900
159207 150962 154900
159207 150962 154900
159207 150962 154900
159207 150962 154900
159207 150962 154900
159207 150962 154900
159207 150962 154900
159207 150962 154900
159207 150962 154900
159207 150962 154900
159207 150962 154900
159207 150962 154900
159207 150962 154900
159207 150962 154900
159207 150962 154900
159207 150962 154900
159207 150962 154900
159207 150962 154900
159207 150962 154900
159207 150962 154900
159207 150962 154900
159207 150962 154900
159207 150962 154900
159207 150962 154900
159207 150962 154900
159207 150962 154900
159207 150962 154900
159207 150962 154900
159207 150962 154900
159207 150962 154900
159207 150962 154900
159207 150962 154900
159207 150962 154900
159207 150962 154900
159207 150962 154900
159207 150962 154900
158377 132464 158428
158377 132464 158428
158377 132464 158428
156344 146546 158744
156344 146546 158744
156344 146546 158744
156344 146546 158744
156344 146546 158744
156344 146546 158744
156344 146546 158744
156344 146546 158744
156344 146546 158744
156344 146546 158744
156344 146546 158744
156344 146546 158744
156344 146546 158744
156344 146546 158744
156344 146546 158744
156344 146546 158744
156344 146546 158744
156344 146546 158744
156344 146546 158744
156344 146546 158744
156344 146546 158744
156344 146546 158744
156344 146546 158744
156344 146546 158744
156344 146546 158744
156344 146546 158744
156344 146546 158744
156344 146546 158744
156344 146546 158744
156344 146546 158744
156344 146546 158744
156344 146546 158744
156344 146546 158744
156344 146546 158744
156344 146546 158744
156344 146546 158744
156344 146546 158744
156344 146546 158744
156344 146546 158744
156344 146546 158744
156344 146546 158744
156344 146546 158744
156344 146546 158744
156344 146546 158744
156344 146546 158744
156344 146546 158744
156344 146546 158744
156344 146546 158744
156344 146546 158744
156344 146546 158744
156344 146546 158744
156344 146546 158744
156344 146546 158744
154562 151023 157151
154562 151023 157151
154562 151023 157151
154544 155855 146705
154544 155855 146705
153180 153634 155435
153180 153634 155435
153180 153634 155435
153180 153634 155435
153180 153634 155435
153180 153634 155435
153180 153634 155435
153180 153634 155435
153180 153634 155435
153180 153634 155435
153180 153634 155435
153180 153634 155435
153180 153634 155435
153180 153634 155435
153180 153634 155435
153180 153634 155435
153180 153634 155435
153180 153634 155435
153180 153634 155435
153180 153634 155435
153180 153634 155435
153180 153634 155435
153180 153634 155435
153180 153634 155435
153180 153634 155435
153180 153634 155435
153180 153634 155435
153180 153634 155435
153180 153634 155435
153180 153634 155435
153180 153634 155435
153180 153634 155435
153180 153634 155435
153180 153634 155435
153180 153634 155435
153180 153634 155435
153180 153634 155435
153180 153634 155435
153180 153634 155435
153180 153634 155435
153180 153634 155435
153180 153634 155435
153180 153634 155435
153180 153634 155435
153180 153634 155435
153180 153634 155435
153180 153634 155435
153180 153634 155435
149579 139041 163126
149579 139041 163126
149579 139041 163126
149579 139041 163126
149579 139041 163126
138596 158902 158613
175616 152472 158502
174668 147535 171124
169864 152495 156888
167813 164208 157060
163070 152255 175007
152379 160365 164985
159168 159021 168358
166265 161470 163851
166387 156304 171907
191216 160596 165320
180904 156213 170287
168016 166611 158269
165074 183891 166636
154833 164624 166947
166717 170636 164594
181908 163082 161018
166797 159652 169148
177977 160707 174114
175668 160104 177447
175258 160166 178344
172413 172708 163550
169532 178854 164634
157681 165214 170490
161857 173705 168212
165002 173213 168705
184233 177981 173748
179003 166377 179103
175663 182547 164299
172563 166804 182297
165196 176812 180822
171634 169124 174741
175760 181693 165940
191129 138885 162534
169274 135673 164987
166288 167743 140150
165746 177284 140572
144886 155895 188186
140898 156792 161745
148351 169354 157273
165746 177284 140572
191129 138885 162534
182104 144441 150664
149990 166793 148705
144886 155895 188186
153102 162808 140609
144582 156607 174365
149683 153111 184698
167653 157826 145774
182104 144441 150664
177027 143840 152438
152090 149572 172720
191129 138885 162534
165975 142360 170556
153102 162808 140609
153957 144574 178653
140898 156792 161745
149683 153111 184698
161209 142450 181136
154970 149613 171195
168265 150842 151300
159233 146191 168483
151480 153819 175584
156741 149390 163615
163336 138417 177572
167155 160438 143444
177027 143840 152438
174079 154773 144196
146964 155605 163996
151792 154416 165666
148351 169354 157273
146964 155605 163996
161209 142450 181136
170986 155489 144843
177027 143840 152438
168114 150514 154829
166288 167743 140150
157547 148448 167711
161749 145320 155884
165975 142360 170556
150470 156570 158167
164005 149042 155272
159549 152926 159053
160929 151892 160480
160929 151892 160480
163336 138417 177572
148567 160111 156803
157244 154186 161710
165171 142728 157764
151480 153819 175584
170986 155489 144843
144582 156607 174365
161749 145320 155884
172762 159226 144152
153957 144574 178653
148567 160111 156803
172762 159226 144152
159612 153432 156064
153527 152374 167949
159233 146191 168483
165760 161751 147412
164005 149042 155272
160464 145171 161867
163336 138417 177572
155282 146799 171101
165171 142728 157764
159549 152926 159053
157583 148304 165339
170674 147211 152181
155282 146799 171101
158549 160195 149337
177027 143840 152438
166019 160652 146581
158549 160195 149337
165760 161751 147412
150470 156570 158167
153527 152374 167949
155997 148660 165224
155997 148660 165224
150183 157217 150579
163336 138417 177572
167155 160438 143444
151792 154416 165666
173848 150312 147241
172762 159226 144152
160637 144428 162594
160110 160634 147665
173753 147496 149992
173753 147496 149992
172762 159226 144152
166019 160652 146581
173753 147496 149992
158880 153609 150392
157976 147242 165273
170674 147211 152181
174079 154773 144196
161209 142450 181136
168114 150514 154829
166019 160652 146581
157244 154186 161710
158880 153609 150392
150183 157217 150579
170960 151295 147945
172762 159226 144152
167155 160438 143444
157547 148448 167711
170960 151295 147945
177027 143840 152438
160637 144428 162594
173848 150312 147241
174079 154773 144196
163336 138417 177572
182104 144441 150664
174079 154773 144196
160464 145171 161867
165171 142728 157764
163336 138417 177572
157583 148304 165339
170960 151295 147945
173848 150312 147241
173753 147496 149992
167155 160438 143444
170674 147211 152181
157976 147242 165273
159612 153432 156064
168114 150514 154829
165171 142728 157764
160110 160634 147665
170960 151295 147945
160110 160634 147665
160637 144428 162594
170960 151295 147945
170674 147211 152181
160929 151892 160480
177027 143840 152438
170674 147211 152181
140898 156792 161745
168114 150514 154829
165975 142360 170556
165760 161751 147412
165760 161751 147412
160637 144428 162594
182104 144441 150664
168114 150514 154829
182104 144441 150664
160637 144428 162594
172762 159226 144152
166019 160652 146581
170674 147211 152181
170986 155489 144843
170960 151295 147945
182104 144441 150664
160637 144428 162594
191129 138885 162534
182104 144441 150664
182104 144441 150664
182104 144441 150664
182104 144441 150664
182104 144441 150664
182104 144441 150664
182104 144441 150664
182104 144441 150664
182104 144441 150664
182104 144441 150664
182104 144441 150664
182104 144441 150664
182104 144441 150664
182104 144441 150664
182104 144441 150664
182104 144441 150664
182104 144441 150664
182104 144441 150664
182104 144441 150664
182104 144441 150664
182104 144441 150664
182104 144441 150664
182104 144441 150664
182104 144441 150664
182104 144441 150664
182104 144441 150664
182104 144441 150664
182104 144441 150664
182104 144441 150664
182104 144441 150664
182104 144441 150664
182104 144441 150664
177027 143840 152438
177027 143840 152438
177027 143840 152438
177027 143840 152438
177027 143840 152438
177027 143840 152438
177027 143840 152438
177027 143840 152438
177027 143840 152438
174079 154773 144196
174079 154773 144196
173848 150312 147241
173753 147496 149992
173753 147496 149992
173753 147496 149992
173753 147496 149992
173753 147496 149992
173753 147496 149992
173753 147496 149992
173753 147496 149992
173753 147496 149992
173753 147496 149992
173753 147496 149992
173753 147496 149992
173753 147496 149992
173753 147496 149992
173753 147496 149992
173753 147496 149992
173753 147496 149992
173753 147496 149992
173753 147496 149992
173753 147496 149992
173753 147496 149992
173753 147496 149992
173753 147496 149992
173753 147496 149992
173753 147496 149992
173753 147496 149992
172762 159226 144152
172762 159226 144152
172762 159226 144152
172762 159226 144152
172762 159226 144152
172762 159226 144152
170960 151295 147945
170960 151295 147945
170960 151295 147945
170960 151295 147945
170960 151295 147945
170960 151295 147945
170960 151295 147945
170960 151295 147945
170960 151295 147945
170960 151295 147945
170960 151295 147945
170960 151295 147945
170960 151295 147945
170960 151295 147945
170960 151295 147945
170960 151295 147945
170960 151295 147945
170960 151295 147945
170960 151295 147945
170960 151295 147945
170960 151295 147945
170960 151295 147945
170960 151295 147945
170960 151295 147945
170960 151295 147945
170960 151295 147945
170960 151295 147945
170960 151295 147945
170960 151295 147945
170960 151295 147945
170960 151295 147945
170960 151295 147945
170960 151295 147945
170960 151295 147945
170960 151295 147945
170960 151295 147945
170960 151295 147945
170960 151295 147945
170960 151295 147945
170960 151295 147945
170960 151295 147945
170960 151295 147945
170960 151295 147945
170674 147211 152181
170674 147211 152181
170674 147211 152181
170674 147211 152181
170674 147211 152181
170674 147211 152181
170674 147211 152181
170674 147211 152181
170674 147211 152181
170674 147211 152181
170674 147211 152181
170674 147211 152181
170674 147211 152181
170674 147211 152181
170674 147211 152181
170674 147211 152181
170674 147211 152181
170674 147211 152181
170674 147211 152181
170674 147211 152181
170674 147211 152181
170674 147211 152181
170674 147211 152181
170674 147211 152181
170674 147211 152181
170674 147211 152181
170674 147211 152181
170674 147211 152181
170674 147211 152181
170674 147211 152181
168114 150514 154829
168114 150514 154829
168114 150514 154829
168114 150514 154829
168114 150514 154829
168114 150514 154829
168114 150514 154829
168114 150514 154829
168114 150514 154829
168114 150514 154829
167155 160438 143444
167155 160438 143444
167155 160438 143444
167155 160438 143444
167155 160438 143444
167155 160438 143444
167155 160438 143444
166019 160652 146581
166019 160652 146581
166019 160652 146581
166019 160652 146581
166019 160652 146581
166019 160652 146581
166019 160652 146581
166019 160652 146581
166019 160652 146581
166019 160652 146581
166019 160652 146581
166019 160652 146581
166019 160652 146581
166019 160652 146581
166019 160652 146581
166019 160652 146581
165975 142360 170556
165760 161751 147412
165760 161751 147412
165760 161751 147412
165760 161751 147412
165760 161751 147412
165760 161751 147412
165760 161751 147412
165760 161751 147412
165760 161751 147412
165760 161751 147412
165760 161751 147412
165760 161751 147412
165760 161751 147412
165760 161751 147412
165760 161751 147412
165760 161751 147412
165746 177284 140572
165171 142728 157764
165171 142728 157764
165171 142728 157764
165171 142728 157764
165171 142728 157764
165171 142728 157764
165171 142728 157764
165171 142728 157764
165171 142728 157764
165171 142728 157764
165171 142728 157764
165171 142728 157764
165171 142728 157764
163336 138417 177572
163336 138417 177572
163336 138417 177572
163336 138417 177572
163336 138417 177572
163336 138417 177572
163336 138417 177572
163336 138417 177572
163336 138417 177572
163336 138417 177572
163336 138417 177572
163336 138417 177572
163336 138417 177572
163336 138417 177572
163336 138417 177572
163336 138417 177572
163336 138417 177572
163336 138417 177572
163336 138417 177572
163336 138417 177572
163336 138417 177572
163336 138417 177572
163336 138417 177572
163336 138417 177572
163336 138417 177572
163336 138417 177572
163336 138417 177572
163336 138417 177572
163336 138417 177572
163336 138417 177572
163336 138417 177572
163336 138417 177572
163336 138417 177572
163336 138417 177572
163336 138417 177572
163336 138417 177572
161749 145320 155884
161749 145320 155884
161749 145320 155884
161749 145320 155884
161749 145320 155884
161749 145320 155884
161209 142450 181136
161209 142450 181136
161209 142450 181136
161209 142450 181136
161209 142450 181136
161209 142450 181136
161209 142450 181136
161209 142450 181136
160929 151892 160480
160929 151892 160480
160929 151892 160480
160929 151892 160480
160637 144428 162594
160637 144428 162594
160637 144428 162594
160637 144428 162594
160637 144428 162594
160637 144428 162594
160637 144428 162594
160637 144428 162594
160637 144428 162594
160637 144428 162594
160637 144428 162594
160637 144428 162594
160637 144428 162594
160637 144428 162594
160637 144428 162594
160637 144428 162594
160637 144428 162594
160637 144428 162594
160637 144428 162594
160637 144428 162594
160637 144428 162594
160637 144428 162594
160637 144428 162594
160637 144428 162594
160637 144428 162594
160637 144428 162594
160637 144428 162594
160637 144428 162594
140898 156792 161745
181650 156465 149889
165587 153857 157716
145402 176446 175996
163572 166050 165372
161319 173854 173107
154400 168880 175504
159928 162528 175065
182504 174528 159227
171838 154917 163660
152859 181410 183542
167277 173936 168908
178054 169353 162485
169747 155490 176805
169743 161969 167684
170016 180067 160309
169487 172621 164587
184368 162414 166532
175434 156471 173691
172244 164519 186754
171696 175380 170028
176611 171609 167798
172244 167727 171894
173922 165294 170471
185827 166637 166873
174631 178423 176004
183098 173918 171824
179877 174988 175762
