563 3.51965
283691 299492 291658 292125
300701 291935 266781 273784
330716 320217 306260 257221
307072 299434 258887 289686
317900 269132 282817 298060
283691 299492 291658 292125
298647 302923 299468 287856
294047 302268 299367 291099
298191 291767 292481 291488
296743 295382 298234 296265
294776 300165 301399 296364
297759 294744 293860 297049
296611 299039 286006 300450
299987 296896 291101 300057
295837 298237 287315 291207
291455 292347 293547 296471
293254 306739 296152 291065
294508 298882 292582 299823
300342 296336 296899 289583
294146 301071 298071 291750
295016 295466 293253 290757
291231 290858 300167 292220
294165 300309 292218 292709
296831 301047 298397 291720
292015 303665 299871 283064
298203 303458 298770 295128
294706 299825 289542 290505
301780 293643 296262 293769
288690 310813 291296 293042
299425 304035 299570 294471
296820 307526 285752 289353
299884 287839 297068 290914
299187 295973 293085 295533
294902 294058 292374 299533
295850 296152 290922 295496
291017 304451 294598 290807
297338 297365 293217 286985
292143 303282 289607 286279
299961 306279 296824 289234
297285 312062 288467 293828
291811 299460 288255 290775
297687 295662 294699 292230
297366 305261 292420 285936
298411 293415 293403 292848
292395 301437 297272 294327
296550 288785 296009 293530
292557 298300 295489 298405
293208 296990 290427 295483
288856 299590 286779 297317
294961 290999 302412 289042
291422 293184 295981 288130
295590 297282 295126 292807
296555 302671 293802 296704
297659 294147 291218 298673
298311 303839 290739 289637
296055 296330 293955 296209
292778 287977 289127 292807
292924 293327 295489 294117
300550 291786 299424 299831
293990 295205 295537 291963
293641 304203 298374 290009
300594 294548 297335 289089
294448 302808 298539 292319
291659 295698 296094 297449
295967 298660 301099 286725
290847 299700 300879 288237
289281 290919 290666 295654
296124 298103 300141 292674
298829 299410 294051 294814
297410 296304 294837 299077
290885 290870 289165 290602
290007 300271 288983 293095
293548 295242 296462 296548
296466 288061 295868 299807
300084 304736 286018 295578
291640 294015 288865 298398
291669 292106 297296 297299
293865 298283 296670 295696
292880 303821 294851 291616
287202 294154 296202 299348
297243 300153 297641 293805
296846 292346 301651 296003
289501 300733 293794 296071
295797 306407 289117 295864
293104 297064 293245 286587
296414 296810 295023 298726
296927 298659 298875 292261
291241 291898 293516 295278
294293 294011 293006 289732
293466 292389 298376 292654
290480 301202 297520 289769
298408 293530 298115 291446
298356 296764 293266 294000
302777 286014 296167 294914
290052 300289 285478 300979
289696 300015 299599 294393
292473 289380 295765 290452
296986 292932 294194 296255
295508 291218 304114 290748
298017 296084 299452 289353
298953 294023 301342 292744
292690 293887 288336 296507
288314 298062 293584 292930
292254 297288 297175 297300
299664 298981 282852 289160
294248 295454 291586 287931
298039 293414 297904 285628
298470 291160 288587 298845
295781 300685 301338 283100
291256 306172 291532 295965
298303 295056 297942 289754
294532 304795 293153 294386
294733 305180 296210 291563
291521 303318 291356 293855
296617 296165 298995 290173
301286 299573 295567 289068
294941 301611 302887 292362
296408 289752 295923 296682
296548 301366 292394 298466
294816 302412 296448 288602
294394 302489 291387 289168
297867 296237 296230 299035
297566 297387 295115 284609
290516 292660 290526 290600
295702 295842 296187 291362
296444 298144 301812 294077
294548 301684 289921 285887
295353 306490 287975 296406
298415 301324 299526 289767
295527 298597 296003 293246
295475 299404 298763 297678
297847 296620 293017 291780
299084 295922 286781 287011
290355 303376 293198 293317
295492 297527 298906 281892
299460 299523 296931 297647
286207 301415 294813 289650
290518 295547 305136 297962
294061 290841 290646 296386
295457 298462 288540 287755
298847 299287 297704 292993
294154 295545 286616 292184
296130 294554 289153 296529
287860 299387 295372 292526
290512 295804 293450 299658
294018 293297 297674 293483
295867 292380 300947 287139
289497 292651 289866 296942
289627 301653 296995 297331
299014 294932 299662 286886
295243 298846 293403 292365
288502 296134 293840 296485
291274 288913 294669 291871
301639 304561 295208 297693
288301 300949 297710 287836
300942 291631 298693 297436
298863 296613 295980 293117
290768 297852 296966 286903
300318 302007 304503 297827
290553 299106 303541 287429
300584 300233 296094 296353
290644 297167 299125 291417
301047 291604 294109 291089
293915 305508 298311 294952
287748 293600 291949 298137
291229 295411 291364 292605
293484 301591 287148 287278
295386 298658 291158 294840
291416 302984 289916 293949
298453 298999 299996 292738
295264 305836 291061 299366
291110 296058 293578 291935
289938 305253 302443 288441
298324 300611 281785 304146
298071 294824 295982 297094
295080 292758 296250 296358
