1902 34.963
361905 275738 251421 305412
344670 331095 227518 301378
338854 321056 240754 271586
317535 275032 251661 319676
305030 321020 269546 289869
302365 303576 240351 328004
279406 307374 248910 322914
347808 282408 244296 314235
361905 275738 251421 305412
281403 313456 249953 312705
296326 309604 246056 311331
305196 291474 263239 282010
324672 289360 268513 298309
326199 283438 255967 308307
312395 286902 241137 316760
324798 284804 247868 303756
318951 311711 253784 278029
323464 324054 238284 281938
297344 322700 243421 289651
331501 277374 247949 292594
312089 312695 241311 278843
327403 301277 238869 273606
312974 310818 259105 286827
339812 283768 250897 289595
316075 297717 232211 312252
281403 313456 249953 312705
310032 310966 228150 285119
338854 321056 240754 271586
333747 303389 236064 286925
309966 294575 250411 315760
320633 290270 248528 292307
304110 302589 252937 320613
300404 302737 247306 299891
328970 302781 234097 290950
323464 324054 238284 281938
313807 296768 236343 306996
322418 289010 260010 314226
307724 316790 241648 319748
319213 294567 228443 295193
306087 307876 243389 319391
323457 288387 246360 306630
315923 305092 255433 283063
296477 303726 249983 295635
305696 289936 244285 322280
329944 289104 262384 294319
308708 298501 243206 310409
325173 290578 244686 309779
306491 299880 241795 298697
339482 320612 238076 282544
327403 301277 238869 273606
307724 316790 241648 319748
330365 289402 230495 310284
303329 304122 244582 311990
311226 291466 236565 290434
313620 310724 255234 288933
301091 298083 253568 301125
313500 308636 235791 320117
310588 293720 238329 298879
306970 297927 247584 293058
347808 282408 244296 314235
322418 289010 260010 314226
328970 302781 234097 290950
324277 300124 251143 290304
315923 305092 255433 283063
339482 320612 238076 282544
333182 289300 252834 287383
304776 290479 253812 290389
339452 290691 239548 288105
329944 289104 262384 294319
331972 297378 231159 292675
331972 297378 231159 292675
296326 309604 246056 311331
326134 295876 241753 278297
326720 287993 245888 299574
305030 321020 269546 289869
331501 277374 247949 292594
324667 302686 228300 307921
317535 275032 251661 319676
324672 289360 268513 298309
313500 308636 235791 320117
328021 283724 238575 300647
330365 289402 230495 310284
326720 287993 245888 299574
312974 310818 259105 286827
308708 298501 243206 310409
326134 295876 241753 278297
328021 283724 238575 300647
333182 289300 252834 287383
319213 294567 228443 295193
313620 310724 255234 288933
326720 287993 245888 299574
339452 290691 239548 288105
310588 293720 238329 298879
339452 290691 239548 288105
311226 291466 236565 290434
310588 293720 238329 298879
313620 310724 255234 288933
327403 301277 238869 273606
344183 300951 239091 298294
338794 305771 239458 324885
327533 286477 252112 307772
324512 332133 228413 322988
323638 289411 257978 309582
321675 312748 234604 290352
301119 334808 254263 305927
324512 332133 228413 322988
317871 325859 256996 293683
309303 333512 251702 304398
314219 319461 229450 312752
326254 306673 242779 295629
312551 322462 235809 304354
339633 291063 247315 298693
320128 295808 240799 301328
339694 288157 250027 299253
333268 313956 231224 304114
338287 298216 248421 292279
314865 312420 232092 306749
330792 307508 239839 306320
322140 304406 240463 297635
314219 319461 229450 312752
313349 299275 252929 298242
335060 304454 250440 296530
321864 307991 239498 307847
316874 316606 239537 296341
313861 315638 233659 302208
335301 317989 232491 292528
320011 298596 251923 301784
335301 317989 232491 292528
313861 315638 233659 302208
335301 317989 232491 292528
357952 333616 235678 302862
334929 319795 246021 291201
329902 313841 233745 319477
325011 317173 262087 297734
323017 296651 259045 314948
319583 337231 258628 303391
318171 303356 258123 321162
315098 302718 259889 299139
315927 327663 248163 310018
345616 305602 253712 295069
347302 306354 239596 305790
326835 321692 241468 305488
328012 318866 236901 307544
333612 310035 257653 301676
329015 319776 251646 298210
323435 320067 239431 313855
329626 298872 246048 307199
339259 328283 240861 300106
340512 305078 247988 303912
331373 315380 259172 293562
322888 313299 256575 304401
320383 316880 244351 300192
334796 311498 243611 301267
324113 304779 245496 306063
322554 317671 243663 301158
337531 305203 245994 303635
346916 320306 241146 304861
331270 315074 240712 305743
342716 330296 240990 306780
335464 300669 252926 320810
330726 320371 252330 299436
326684 336490 244753 313463
320814 305327 258866 328784
317779 317706 263597 307197
337547 310371 260910 303339
324632 325180 242779 318446
336688 316650 244351 322510
326677 319953 255511 315706
327622 311038 250365 312462
331266 304888 248458 316737
334913 315701 246704 312076
335078 303359 249994 309220
337414 331641 248771 311698
326849 323115 256430 313416
326896 314404 249117 312061
345012 310634 253722 317079
341876 315467 252100 317919
338677 305127 259701 313626
330820 318073 253089 320452
343364 319624 259404 324882
360461 268144 277989 321553
326132 315534 225612 294943
324089 280527 304364 243011
315602 326893 314640 269171
301476 349460 242840 323897
295641 301077 266491 333555
283905 333562 288519 318471
324089 280527 304364 243011
345740 294410 256756 264870
348317 292560 234238 287837
294217 311841 285306 309099
358746 313355 243565 280588
333156 335235 232690 294179
340782 288111 274934 277275
331161 308709 257160 275502
311591 343788 244912 287057
315602 326893 314640 269171
340611 272270 277277 319603
304179 282293 261603 282636
316174 278758 276890 323576
298446 302965 299697 293973
292382 299568 269191 327415
323051 275384 275030 291484
288932 312952 290592 302573
326513 324697 253356 266908
319330 345660 242943 287303
299431 307887 250892 306722
326132 315534 225612 294943
348009 341348 251872 278378
297362 305343 298139 317927
342643 305547 238459 303261
287419 313695 281798 310060
305853 303902 247391 325709
293820 319865 273985 287756
286085 328339 279354 311474
325794 330438 236514 301556
334466 322325 258524 270786
315680 337965 255636 274425
360461 268144 277989 321553
295493 312174 263378 283209
286315 347885 293965 298126
310098 300496 239974 297318
329323 317339 245742 282338
321428 316699 236863 299419
283905 333562 288519 318471
347666 314353 235783 319441
338478 296863 275034 278792
290619 329421 255164 327246
315182 329430 255052 290156
298703 289533 297015 310753
302616 301141 292373 270939
324508 323557 236153 330815
344733 291768 250686 329373
310377 325745 237342 295744
337382 319595 237905 290562
359342 303960 232959 314720
298954 306678 267120 312084
328673 290310 259632 309761
306555 348618 259325 288386
316696 336166 277861 271560
302390 296276 254120 313495
336231 293164 239663 298448
308059 344266 247463 293917
323740 281976 260595 315274
292846 326244 268241 313149
325404 315801 255448 285431
308858 330082 261098 281300
345851 326643 249415 279560
298900 298399 294095 332798
315765 320475 238540 330258
344846 317606 251569 280099
344430 293825 251845 289861
301097 305192 294810 293662
303138 297437 260971 288765
336465 313841 262057 270721
295811 326920 260257 319648
299285 305568 280084 310136
300040 290649 258385 299211
337987 312401 256320 273910
302318 324631 248562 291777
301901 327090 243830 310980
325121 281056 269140 293528
310014 304900 256384 292422
310079 299169 258114 271939
323818 299099 256080 283801
321551 317441 243432 292875
317546 320224 252757 279499
317546 320224 252757 279499
353638 317521 279798 298941
339590 304520 261353 328475
336724 328352 280429 289750
335569 315393 289869 295938
331143 339903 259730 303951
328562 298565 272684 328293
319902 333158 243840 307188
307255 313630 273181 302977
321060 317892 267458 325847
327470 322459 256791 312784
347534 311772 276209 301601
337353 310445 286315 293662
313171 323051 256161 310604
327076 299104 271495 303284
339529 325861 250664 300584
350452 308967 263292 303833
324588 305782 279887 298191
330445 313239 252008 305654
333774 325909 262144 291384
338887 306401 269949 312312
313734 323637 278144 300292
315683 327782 278673 292030
328228 314346 266181 299794
315716 315080 272683 305921
327391 308909 279318 301646
328956 315054 256400 312191
354530 316054 266216 301145
338556 321805 252769 306022
335567 329586 276862 293307
331041 305608 288978 311359
328618 300992 286487 313457
323035 335831 287730 297012
321532 334848 270325 328593
308399 328347 279540 315982
353074 320675 263675 309194
318288 329095 270559 323865
332075 333819 265553 328184
343153 314423 276433 321193
345465 308793 273707 309901
343360 309182 280325 303813
323663 328241 278694 297034
330591 329873 266498 317200
342838 316663 272728 302603
337284 303891 281120 307323
337748 326464 269936 310798
321814 318068 282809 312133
336659 321783 269047 314246
320826 333991 275233 312190
322863 315099 278799 318180
336783 308245 279626 307755
335580 327211 282712 301954
331968 317848 271011 307687
364160 323677 283511 301370
362487 316101 280583 331046
354835 322795 265869 315108
343996 302626 304796 319215
323375 345782 295023 319146
309680 330083 290324 321577
343134 319348 296362 322621
344453 306852 288317 309792
325816 329316 278845 301744
356222 337759 271254 308451
346550 317786 282094 317443
325358 329967 283014 307725
336721 331050 270850 321666
338941 333315 276300 307890
328102 328436 283947 310779
332308 319934 275332 313195
344023 340213 272294 310883
342740 321819 272038 319500
349233 324016 285570 311532
352663 326346 287413 309814
352328 319338 276638 312561
332448 325026 273774 312947
337656 331586 274012 308209
351037 324961 280562 311125
348917 325328 285445 320392
345763 313908 293919 324294
342055 323546 310637 321845
339139 334677 274459 332980
333908 323801 295569 334905
329604 334847 286299 306121
317374 341314 296514 328256
327997 331224 280689 306703
343556 329043 284793 314794
342166 328101 295591 318354
347322 325324 294445 316380
352656 332155 329806 318572
341738 350093 282364 312895
334256 337891 283520 329605
335190 332384 289593 319319
349080 334132 282807 314805
359342 303960 232959 314720
340611 272270 277277 319603
326132 315534 225612 294943
324089 280527 304364 243011
320265 336940 301951 271275
310949 287174 331746 300229
301248 288500 322363 325692
286201 319794 266708 317284
345740 294410 256756 264870
324089 280527 304364 243011
288651 331232 313127 307320
290232 327909 319985 314824
339937 313718 232578 318830
293908 327106 295203 274859
310079 299169 258114 271939
291991 310961 280370 290262
320265 336940 301951 271275
291240 317214 313788 298578
348840 293395 290298 276914
323114 325367 253286 274122
308558 291313 283266 298703
337653 301183 246952 303377
315802 277175 252136 299308
337222 280967 286703 298174
326132 315534 225612 294943
310949 287174 331746 300229
340611 272270 277277 319603
338638 296465 243242 293581
340029 283797 300106 295042
346018 277919 249927 306381
295114 309052 237752 278674
348317 292560 234238 287837
298504 292996 275153 278662
295114 309052 237752 278674
334995 302853 247557 309010
319500 307904 243417 312541
354656 287671 282767 284964
354656 287671 282767 284964
359342 303960 232959 314720
322011 306455 245217 294720
340782 288111 274934 277275
344105 320920 282109 271769
325364 285556 272708 297050
337594 323493 281202 267434
317416 293241 264040 292214
337785 292634 291915 283978
342972 304266 242097 316076
314778 292277 263386 306107
328579 304694 248466 300930
343632 330949 266073 268713
325894 288584 285700 286811
286201 319794 266708 317284
313977 308207 250469 319090
325423 302384 251004 312885
340447 304840 241570 323145
336012 305647 251144 290805
344545 293881 255781 292142
310851 292566 277062 311344
335463 288364 292640 284469
328579 304694 248466 300930
340447 304840 241570 323145
309271 319202 276965 276168
330945 291513 275506 291650
331534 293216 262225 290915
337594 323493 281202 267434
345824 292485 270659 287068
294569 295273 251437 276577
326073 306510 242747 316303
343632 330949 266073 268713
310067 294691 252541 325000
344817 288962 263293 297477
348466 283955 265396 298715
316062 308233 251017 317261
332179 285557 268474 294420
332179 285557 268474 294420
344126 294158 251484 324049
345798 284790 271991 295167
331912 293283 263357 290047
333931 292717 276028 284619
314308 294924 267534 319020
308558 291313 283266 298703
309271 319202 276965 276168
344817 288962 263293 297477
345798 284790 271991 295167
330945 291513 275506 291650
337785 292634 291915 283978
331534 293216 262225 290915
333931 292717 276028 284619
346612 309130 303260 298085
343728 304354 305967 303013
339218 322036 258800 309361
330007 326661 263834 320711
327366 325122 266218 287846
326568 295805 271445 307833
310608 348277 300427 310206
323396 330136 265685 319294
323321 300938 275153 305791
332729 311137 263116 291036
314680 312012 268023 301254
320313 311455 291662 310849
346283 305385 267480 312146
326687 324087 288522 300606
331422 317619 290042 300438
340320 309447 272190 304315
349525 328801 284019 294209
342845 297545 283099 317826
340710 332846 266113 291709
340289 328169 263980 315859
323751 336423 309311 305995
321959 338010 286922 304243
321067 316141 296088 321360
344580 315399 274141 296783
333253 311489 299352 304166
337610 301138 288535 308374
328144 320686 288896 303291
341730 317906 267138 300061
348495 328518 296748 293415
340356 305369 277462 316412
335563 307625 291861 315844
324868 318524 280000 315809
329586 315428 276371 310934
332311 313860 270587 306435
325243 316582 282706 317810
327904 313662 279709 312516
322719 333498 283881 319716
331241 334574 296605 298926
325200 307678 292752 309026
323800 323086 283907 307591
323788 330379 285666 309785
332770 311723 287973 312838
331032 312724 276378 305759
332895 323037 285259 294317
325075 334560 269308 307623
332956 328279 294826 294125
359246 340183 271502 320907
356603 331477 270041 325134
345317 312825 276549 321830
340611 344297 308397 294809
325084 325284 281036 316162
330203 320510 283444 319766
334173 316029 281501 307883
325172 328757 289271 310084
336789 334859 298775 303039
334219 342075 291581 297125
352931 325190 276934 301997
348382 326431 274202 303474
335374 332812 285756 305236
338455 322398 274221 311639
345040 335573 291480 299711
342263 329178 303468 300220
343142 320771 286926 301752
345408 341889 301624 298562
332951 329362 285873 313990
333119 324179 302379 315690
342365 326343 300914 303916
339954 329479 271531 314708
337455 324631 271893 314189
343230 322745 289719 325266
339251 323321 274312 319455
338799 317609 303698 327352
336963 324656 284797 307968
332460 325392 316181 332507
329658 338432 327535 324344
332715 328988 300302 310695
336459 334581 313664 310018
336182 328148 285221 315050
331383 328318 293085 323519
337499 328263 281910 316485
354233 337753 294868 309906
344153 325381 282639 326798
341399 346465 291482 317637
338418 333859 318421 333641
331448 336025 295805 327194
332994 338942 312482 324125
345923 326714 296055 313303
341263 338804 298353 319196
354472 338121 326115 315808
351665 338642 297583 317741
346937 346270 308254 314038
344395 345121 310877 321788
364686 319445 242288 282696
330963 270258 232776 285231
326132 315534 225612 294943
324089 280527 304364 243011
315893 310428 235358 326713
300981 354384 257228 302609
292395 317740 311126 289584
288687 331343 260427 299805
309020 309056 258907 260942
324089 280527 304364 243011
297935 343948 255120 308736
347519 303568 253933 284045
358746 313355 243565 280588
307810 274152 252951 286563
345740 294410 256756 264870
300981 354384 257228 302609
355190 315466 251659 275371
293606 318414 302845 307451
296741 316456 293138 300088
315529 291489 276584 268972
298109 330566 305011 279466
364686 319445 242288 282696
332914 308892 263102 267877
309234 301307 271284 277775
289645 320680 280163 309854
306789 298874 293302 297916
338101 334610 236876 284373
295828 302708 273935 320140
317427 302583 236086 318549
340782 288111 274934 277275
300421 290718 287072 306872
330963 270258 232776 285231
291285 329986 297583 298008
295757 331679 260231 325270
327637 287606 245944 307101
321353 314098 237510 312442
329774 326931 228775 294511
290130 320507 264352 317556
335487 316193 229438 294086
299842 322835 266834 303886
308832 338449 234549 319678
308177 312851 286818 269659
323101 290323 252253 304698
297232 294058 268581 312068
294798 324195 281494 309480
316587 339705 238879 287020
297810 299548 275788 291412
355190 315466 251659 275371
313833 311841 245268 297068
311443 282965 249786 311988
340284 324564 231317 292825
303153 329701 283489 281615
338700 292772 259734 274294
321447 290776 297373 286424
344968 315682 251054 277697
299538 313662 261559 311329
302231 335949 259476 286653
310079 299169 258114 271939
317345 296372 237687 290384
339314 305411 232303 317088
315795 325284 239500 303145
316212 321336 241042 296120
322068 303689 244768 288572
328649 306307 248405 288111
305275 308216 247282 279338
308613 328688 246421 301455
316561 342610 246587 294729
304347 306628 262346 313303
303781 331707 282947 287708
342378 311853 231278 314471
325085 307129 253131 281833
312957 304670 248015 298265
304709 296751 243842 305146
330137 297734 260080 286107
298590 310581 275346 306280
335258 323739 247070 285102
312504 307640 249234 297337
332787 322580 247601 273643
308650 332675 240757 307099
310427 313360 238417 315149
316466 323567 250345 270476
327656 322267 255021 278036
302572 338930 303170 281056
301740 329996 273548 289594
311443 282965 249786 311988
326032 304788 236314 316337
297200 327725 256426 306356
329823 329508 242406 272835
301518 319498 254220 308272
342378 311853 231278 314471
355172 311546 255231 298985
335744 332185 235149 314651
328825 293278 263158 315106
324246 325368 265699 279732
323899 341818 290276 298066
318724 318967 251662 321367
317116 331687 310497 304391
314065 327634 270115 314752
338674 338023 249213 300764
337839 306811 282360 295441
341612 310089 274186 301857
347755 329763 259666 291385
336580 314631 266853 284645
328480 300760 249356 303110
318136 312859 255369 306589
324739 316651 265173 288311
315885 296270 267524 312885
351815 317937 257588 302497
323296 311603 262067 312793
339905 299218 259851 318425
332163 329634 260855 298542
319331 324134 286062 301456
348788 330864 261387 288887
316896 322063 258143 316222
339990 307472 273055 301877
321150 329973 260659 298108
337985 320024 265090 301437
337222 313220 283353 301696
351849 301172 273476 303239
345675 302680 286467 318101
340239 335796 269681 285956
333976 309819 250251 319766
332776 301086 267595 325208
322434 314279 270549 327805
320713 317003 256108 306683
342880 322523 265797 299461
333092 313683 284426 310521
344023 331340 251584 305858
334259 303573 253381 303408
348694 318076 269093 293089
340354 317940 277905 298068
328353 322110 273338 297567
344404 320301 270066 300192
326996 322282 268884 299269
328957 322213 267778 302944
332826 313989 250576 316106
350550 303088 267110 306571
351977 302146 286398 315859
349188 335415 292764 298017
340649 330983 256041 320155
337006 336579 259127 304630
326654 321522 264523 321221
343521 327130 270613 302288
332410 323477 282339 299153
339139 308319 261702 305846
335360 310820 258312 310049
329343 318847 260703 307284
351202 316603 285107 305302
342885 325711 280324 298404
333723 327992 257931 314787
335910 329309 257030 316231
327053 320111 262129 311244
340560 317829 273892 305423
334983 316928 276694 320205
349546 320149 259376 307159
327720 326897 275654 310242
336140 326797 263898 306576
327864 326756 261463 320381
356173 320641 285195 305715
351468 309445 262469 308396
339803 341229 274105 317943
337297 324663 273898 325916
327267 328439 295143 311529
334973 327532 264568 323429
330158 337160 286392 324948
332173 333858 262691 321358
339409 317139 279383 308246
348227 333963 270666 309005
331869 328881 289178 308504
330777 322904 276014 316952
344530 324998 271398 313580
334765 321394 277989 314417
339218 327874 271864 317991
349363 319460 271115 308135
346126 323530 273846 313262
349247 323418 277659 310756
344383 322796 280237 314893
337485 329583 291893 320229
336108 328222 276145 326008
363263 331348 287964 317355
