84371 300.001
110037 323836
110037 323836
289756 108544
256233 108591
289557 108590
130319 202467
239688 111318
204029 132565
129767 214185
111864 293874
221952 120281
135677 195206
115897 270105
246168 110123
197255 135529
115903 261220
184264 146762
110320 318324
110344 308062
210566 127036
116135 253217
120213 241179
155599 176556
180073 152889
128852 216233
182774 149912
138098 191736
123784 228517
118946 247272
189178 144164
225640 114040
118337 252313
115987 259274
131238 202228
217762 123275
115354 274384
230813 113027
189699 142952
122775 236085
235521 112375
111573 300115
122855 230098
131527 195884
225606 115216
158144 174025
161078 170534
252806 109019
247241 109127
214487 124131
125073 219242
115233 279788
172322 157900
169540 161036
145626 183946
115190 280791
230910 112649
142399 190644
174909 156029
114250 291215
114543 285358
120315 239314
204727 131501
206257 127232
236166 111439
145745 182618
126292 219032
124739 223803
110320 318324
192461 140413
223826 118879
118633 247809
151662 179463
147771 180546
131608 195564
142399 190644
143272 186090
169540 161036
167845 164595
158144 174025
114250 291215
161078 170534
162983 167343
206257 127232
114543 285358
195952 138020
193046 139754
179165 154909
110546 303855
174909 156029
172322 157900
143272 186090
124739 223803
115420 272228
217762 123275
122819 234803
166098 164630
214357 126946
252806 109019
147771 180546
110344 308062
