148 6.31307
665721 596715
613531 672391
613531 672391
617662 629626
613726 650355
624719 617423
638402 616057
624719 617423
642730 603545
665721 596715
655329 601842
649301 602116
641711 612169
655329 601842
638402 616057
641711 612169
641711 612169
655329 601842
638402 616057
638402 616057
670897 599525
618707 631202
618707 631202
642219 612883
625271 617716
625271 617716
643213 609457
656389 604848
646587 606537
667281 600232
662524 602036
646587 606537
662524 602036
618707 631202
656389 604848
670897 599525
656389 604848
670897 599525
670897 599525
670897 599525
688725 602722
619789 661147
619789 661147
626927 629888
619956 635663
674929 604167
631162 618273
661077 604946
644006 615739
631162 618273
685724 602865
660041 605950
619956 635663
650694 609030
650694 609030
645215 612744
645215 612744
644006 615739
688725 602722
644006 615739
619789 661147
645215 612744
644006 615739
644006 615739
644006 615739
644006 615739
631162 618273
619789 661147
619789 661147
676565 604329
624735 649110
652680 610788
667383 604947
627453 638158
632001 623350
627721 631035
660161 606267
646983 613815
644858 617691
676565 604329
651744 613551
627721 631035
627453 638158
638246 623167
632001 623350
641764 621296
662093 605376
639046 621814
644566 621201
662093 605376
660161 606267
644566 621201
638246 623167
660161 606267
697416 605121
624860 650854
624860 650854
629067 631466
670463 606120
640838 622908
651574 613859
664117 606442
647193 616078
660098 612283
661041 608806
636983 626651
632227 627314
646795 620948
646558 621281
649316 614311
670463 606120
636983 626651
632227 627314
660170 610261
660098 612283
660170 610261
646558 621281
670463 606120
660098 612283
646558 621281
646558 621281
646558 621281
636983 626651
706146 607022
626154 650992
626154 650992
676455 608284
706146 607022
629113 636582
671227 608875
661623 610013
637093 627902
635085 632148
654509 615321
634607 633968
641121 625693
637093 627902
642764 624467
648453 619320
648130 623439
660409 613403
653001 618268
656921 613920
631514 635109
631514 635109
629113 636582
661623 610013
660950 612345
646687 624439
641121 625693
635085 632148
653001 618268
651096 619021
648130 623439
646687 624439
651096 619021
648453 619320
626154 650992
656263 615059
656574 614908
660950 612345
706146 607022
706146 607022
651096 619021
648453 619320
637093 627902
631514 635109
629113 636582
629113 636582
626154 650992
626154 650992
676684 608383
626754 653007
668002 610752
639281 629193
634550 636021
633051 646960
676684 608383
656743 618167
648606 620322
647929 624541
635387 635401
656933 615504
629867 649834
632310 647262
662714 611587
642173 626238
662083 614190
648606 620322
629867 649834
635387 635401
660865 615368
644087 624814
662714 611587
643200 626076
656743 618167
644087 624814
660865 615368
660865 615368
642173 626238
644087 624814
660865 615368
660865 615368
642173 626238
635387 635401
629867 649834
629867 649834
629867 649834
694270 610233
627801 660915
627801 660915
634855 637143
633832 653376
678744 611114
641397 629922
689403 610520
673520 612693
668178 613081
628217 654400
645952 625165
628217 654400
648801 623110
657293 616813
655894 620787
663325 614414
643303 627692
659817 615942
633832 653376
646947 624914
662286 615071
694270 610233
643205 629535
653050 621543
649816 621888
649816 621888
643303 627692
633832 653376
657781 615952
663325 614414
653281 620981
657781 615952
657293 616813
655894 620787
654366 620817
654366 620817
653281 620981
627801 660915
694270 610233
694270 610233
694270 610233
657781 615952
657781 615952
657293 616813
654366 620817
633832 653376
628217 654400
628217 654400
627801 660915
627801 660915
627801 660915
627801 660915
627801 660915
698942 611300
628566 667326
628566 667326
692021 612508
629709 656006
634895 644415
674027 613073
645963 626098
642033 635249
634898 637566
644317 632490
629069 656190
668272 613247
654217 621047
660784 616301
634895 644415
650065 623721
698942 611300
657699 618339
664807 614663
674027 613073
657741 617144
652010 622164
665190 614456
634898 637566
650699 623085
651706 622894
665190 614456
657699 618339
628566 667326
674027 613073
634898 637566
634898 637566
634895 644415
628566 667326
690014 613295
632098 668984
632098 668984
675090 616158
642510 635449
646514 627305
663177 616618
656139 622929
636541 648892
638453 641417
687123 613704
632548 656332
646457 631320
632548 656332
638123 646450
658679 617361
657928 619992
657507 622185
687123 613704
632548 656332
632548 656332
632548 656332
707794 613370
633692 657345
670484 617565
639264 645049
642605 637456
659902 618771
659408 625077
647058 636109
652623 628360
649756 633352
659876 621600
655376 627585
649528 633484
653278 627677
674438 617669
634176 658974
640012 652564
643392 641472
660878 621246
659963 629901
667939 620513
649912 638444
653000 630687
647388 639268
671555 617848
654506 629991
674150 619046
639640 668998
654500 631115
640781 666174
643600 652341
662488 626781
654449 639023
646436 642009
649942 639994
670165 624258
667099 625385
672546 621133
644883 647593
663594 626264
643878 649122
674556 619815
644191 655756
646591 647209
671052 626820
663811 631146
653191 640979
654801 636423
649316 643323
657341 631707
669357 627332
650976 642401
666243 628110
666064 629360
655736 633769
656037 632771
657322 632737
680619 620037
644655 664212
647285 659851
656195 635117
666651 628269
650992 643565
648142 648377
679831 624347
661776 632797
673151 627282
675123 626480
650594 645896
660004 635013
648874 647909
661032 634506
686194 623513
648562 652352
680943 625192
671172 630072
663607 633882
668069 630382
651973 648029
657856 635432
657252 640302
649838 650564
654335 644888
656236 643245
657462 636776
654623 643886
686498 623572
648847 679199
650618 657685
659182 636579
668976 634970
684161 625213
675304 630543
656400 645425
675144 632780
651277 652634
652903 650285
654926 647969
656042 645934
677671 631732
651638 666159
652522 654581
656071 646319
671276 635047
659489 638526
664092 636901
675585 632694
663723 638254
677933 632817
652062 681120
656117 655910
658519 648092
671448 637121
659524 640805
664362 639401
676619 634978
667441 637831
692001 633555
653363 685665
656283 662682
689871 634723
677921 635539
671428 638661
663824 641316
658856 661920
661222 642582
659277 651105
659781 649642
674228 637172
677168 636203
681741 635641
656732 675850
660483 650753
673894 640076
666447 641662
677196 638105
664478 645445
663021 648914
679428 635762
680389 638857
661382 663635
662510 650980
661846 661617
675138 641634
668856 644164
666370 650066
673305 642784
667495 646605
683554 640669
662768 660922
666300 655033
673435 644443
680422 641126
668411 648605
670361 645792
688155 642855
663149 662211
668995 655366
671796 649503
678095 644794
681120 643194
674865 648800
681188 645042
666803 680600
675176 658730
675868 649196
699130 647050
676543 650894
684311 647334
678164 649248
694051 647411
676968 662795
687752 649668
692619 651445
686561 671906
688758 657032
693220 654314
