158 18.4122
3.18213e+06 3.04674e+06 2.97509e+06
3.14766e+06 3.07171e+06 2.91586e+06
3.11995e+06 3.13521e+06 2.93456e+06
3.0496e+06 2.94455e+06 3.06649e+06
3.00592e+06 3.06428e+06 3.10223e+06
2.98492e+06 3.08563e+06 3.08942e+06
3.01126e+06 3.01088e+06 2.97534e+06
3.14877e+06 2.96495e+06 2.98365e+06
3.18213e+06 3.04674e+06 2.97509e+06
3.0496e+06 2.94455e+06 3.06649e+06
3.1306e+06 2.99864e+06 3.01374e+06
2.98492e+06 3.08563e+06 3.08942e+06
3.08568e+06 2.98604e+06 3.03006e+06
3.00989e+06 3.05529e+06 3.08894e+06
3.1181e+06 3.11197e+06 2.97136e+06
3.05835e+06 2.99767e+06 3.05022e+06
3.08568e+06 2.98604e+06 3.03006e+06
3.09402e+06 3.13059e+06 2.96588e+06
3.01126e+06 3.01088e+06 2.97534e+06
3.09764e+06 3.13132e+06 2.95441e+06
3.16034e+06 3.0654e+06 2.952e+06
3.09764e+06 2.97317e+06 3.03655e+06
3.00592e+06 3.06428e+06 3.10223e+06
3.16034e+06 3.0654e+06 2.952e+06
3.05835e+06 2.99767e+06 3.05022e+06
3.1286e+06 3.08021e+06 2.97114e+06
3.0496e+06 2.94455e+06 3.06649e+06
3.11326e+06 2.98897e+06 3.02183e+06
3.11326e+06 2.98897e+06 3.02183e+06
3.13301e+06 3.05242e+06 2.95422e+06
3.1061e+06 3.11753e+06 2.96363e+06
3.1061e+06 3.11753e+06 2.96363e+06
3.1294e+06 2.9673e+06 3.03963e+06
3.14877e+06 2.96495e+06 2.98365e+06
3.09764e+06 2.97317e+06 3.03655e+06
3.05835e+06 2.99767e+06 3.05022e+06
3.16034e+06 3.0654e+06 2.952e+06
3.05533e+06 3.12234e+06 2.96981e+06
3.05835e+06 2.99767e+06 3.05022e+06
3.05197e+06 3.0513e+06 2.97149e+06
3.1181e+06 3.11197e+06 2.97136e+06
3.1061e+06 3.11753e+06 2.96363e+06
3.05533e+06 3.12234e+06 2.96981e+06
3.09049e+06 2.96806e+06 3.03951e+06
3.16034e+06 3.0654e+06 2.952e+06
3.09049e+06 2.96806e+06 3.03951e+06
3.11326e+06 2.98897e+06 3.02183e+06
3.1286e+06 3.08021e+06 2.97114e+06
3.00989e+06 3.05529e+06 3.08894e+06
3.18213e+06 3.04674e+06 2.97509e+06
3.05197e+06 3.0513e+06 2.97149e+06
3.05533e+06 3.12234e+06 2.96981e+06
3.1294e+06 2.9673e+06 3.03963e+06
3.13301e+06 3.05242e+06 2.95422e+06
3.13301e+06 3.05242e+06 2.95422e+06
3.1061e+06 3.11753e+06 2.96363e+06
3.13301e+06 3.05242e+06 2.95422e+06
3.13301e+06 3.05242e+06 2.95422e+06
3.16034e+06 3.0654e+06 2.952e+06
3.09764e+06 3.13132e+06 2.95441e+06
3.09764e+06 3.13132e+06 2.95441e+06
3.18213e+06 3.04674e+06 2.97509e+06
3.18213e+06 3.04674e+06 2.97509e+06
3.18213e+06 3.04674e+06 2.97509e+06
3.16034e+06 3.0654e+06 2.952e+06
3.16034e+06 3.0654e+06 2.952e+06
3.16034e+06 3.0654e+06 2.952e+06
3.16034e+06 3.0654e+06 2.952e+06
3.16034e+06 3.0654e+06 2.952e+06
3.16034e+06 3.0654e+06 2.952e+06
3.16034e+06 3.0654e+06 2.952e+06
3.14877e+06 2.96495e+06 2.98365e+06
3.13301e+06 3.05242e+06 2.95422e+06
3.13301e+06 3.05242e+06 2.95422e+06
3.1294e+06 2.9673e+06 3.03963e+06
3.11326e+06 2.98897e+06 3.02183e+06
3.1061e+06 3.11753e+06 2.96363e+06
3.1061e+06 3.11753e+06 2.96363e+06
3.1061e+06 3.11753e+06 2.96363e+06
3.09764e+06 3.13132e+06 2.95441e+06
3.09764e+06 3.13132e+06 2.95441e+06
3.09764e+06 3.13132e+06 2.95441e+06
3.09764e+06 3.13132e+06 2.95441e+06
3.09764e+06 3.13132e+06 2.95441e+06
3.09764e+06 3.13132e+06 2.95441e+06
3.00989e+06 3.05529e+06 3.08894e+06
3.00592e+06 3.06428e+06 3.10223e+06
3.00592e+06 3.06428e+06 3.10223e+06
3.00592e+06 3.06428e+06 3.10223e+06
3.20209e+06 2.98863e+06 2.99138e+06
3.14163e+06 3.11534e+06 2.96247e+06
3.13622e+06 2.9623e+06 3.11176e+06
3.13622e+06 2.9623e+06 3.11176e+06
3.10378e+06 3.14455e+06 2.97281e+06
3.01845e+06 3.01726e+06 3.05172e+06
3.05914e+06 2.99325e+06 3.08351e+06
3.10761e+06 2.9803e+06 3.07192e+06
3.0196e+06 3.10996e+06 3.01775e+06
3.19023e+06 3.05797e+06 2.97455e+06
3.03037e+06 3.08946e+06 3.05042e+06
3.16947e+06 3.00281e+06 3.00082e+06
3.13022e+06 2.99498e+06 3.05466e+06
3.11924e+06 3.02274e+06 2.98483e+06
3.111e+06 3.09879e+06 2.97248e+06
3.10169e+06 3.01327e+06 3.03523e+06
3.03227e+06 3.10527e+06 3.03617e+06
3.15488e+06 3.02202e+06 2.99407e+06
3.03527e+06 3.07909e+06 2.98588e+06
3.13987e+06 2.99258e+06 3.02524e+06
3.10761e+06 2.9803e+06 3.07192e+06
3.20209e+06 2.98863e+06 2.99138e+06
3.05914e+06 2.99325e+06 3.08351e+06
3.14612e+06 3.00641e+06 3.02264e+06
3.15434e+06 3.07324e+06 2.9627e+06
3.0893e+06 2.99018e+06 3.06192e+06
3.0893e+06 2.99018e+06 3.06192e+06
3.06723e+06 3.04388e+06 3.01262e+06
3.08674e+06 3.05579e+06 2.979e+06
3.06148e+06 3.04075e+06 3.02505e+06
3.15434e+06 3.07324e+06 2.9627e+06
3.1338e+06 2.98205e+06 3.06169e+06
3.06989e+06 3.0224e+06 3.02368e+06
3.16947e+06 3.00281e+06 3.00082e+06
3.03791e+06 3.05988e+06 2.99124e+06
3.03037e+06 3.08946e+06 3.05042e+06
3.08183e+06 3.01832e+06 3.02259e+06
3.05502e+06 3.0748e+06 2.97411e+06
3.08007e+06 3.02586e+06 3.01416e+06
3.1145e+06 2.9932e+06 3.0605e+06
3.04318e+06 3.03951e+06 3.04693e+06
3.04581e+06 3.02628e+06 3.04151e+06
3.08464e+06 3.01493e+06 3.01073e+06
3.06723e+06 3.04388e+06 3.01262e+06
3.08085e+06 3.01608e+06 3.03228e+06
3.14163e+06 3.11534e+06 2.96247e+06
3.18111e+06 3.02147e+06 2.98282e+06
3.13415e+06 3.01284e+06 3.04143e+06
3.111e+06 3.09879e+06 2.97248e+06
3.04581e+06 3.02628e+06 3.04151e+06
3.0779e+06 3.02024e+06 3.04102e+06
3.11051e+06 3.03374e+06 2.99627e+06
3.17589e+06 3.05973e+06 2.97648e+06
3.13022e+06 2.99498e+06 3.05466e+06
3.18111e+06 3.02147e+06 2.98282e+06
3.0332e+06 3.06433e+06 3.00367e+06
3.03239e+06 3.06615e+06 3.04633e+06
3.14612e+06 3.00641e+06 3.02264e+06
3.0779e+06 3.02024e+06 3.04102e+06
3.03239e+06 3.06615e+06 3.04633e+06
3.06772e+06 3.03959e+06 2.98041e+06
3.05772e+06 3.05816e+06 2.98248e+06
3.08775e+06 3.03202e+06 3.00743e+06
3.17589e+06 3.05973e+06 2.97648e+06
3.04318e+06 3.03951e+06 3.04693e+06
3.03527e+06 3.07909e+06 2.98588e+06
3.0332e+06 3.06433e+06 3.00367e+06
3.11038e+06 3.03956e+06 2.99089e+06
3.14117e+06 3.03254e+06 2.97766e+06
3.08775e+06 3.03202e+06 3.00743e+06
3.11051e+06 3.03374e+06 2.99627e+06
3.05587e+06 3.05742e+06 2.98522e+06
3.08624e+06 3.03342e+06 3.00958e+06
3.08039e+06 2.99941e+06 3.05086e+06
3.05502e+06 3.0748e+06 2.97411e+06
3.1145e+06 2.9932e+06 3.0605e+06
3.06768e+06 3.05602e+06 3.00872e+06
3.03368e+06 3.05933e+06 3.05164e+06
3.08085e+06 3.01608e+06 3.03228e+06
3.08039e+06 2.99941e+06 3.05086e+06
3.15488e+06 3.02202e+06 2.99407e+06
3.11038e+06 3.03956e+06 2.99089e+06
3.04581e+06 3.02628e+06 3.04151e+06
3.0779e+06 3.02024e+06 3.04102e+06
3.08674e+06 3.05579e+06 2.979e+06
3.08775e+06 3.03202e+06 3.00743e+06
3.08085e+06 3.01608e+06 3.03228e+06
3.03527e+06 3.07909e+06 2.98588e+06
3.08674e+06 3.05579e+06 2.979e+06
3.111e+06 3.09879e+06 2.97248e+06
3.20209e+06 2.98863e+06 2.99138e+06
3.18111e+06 3.02147e+06 2.98282e+06
3.11051e+06 3.03374e+06 2.99627e+06
3.0893e+06 2.99018e+06 3.06192e+06
3.17176e+06 3.02894e+06 3.00034e+06
3.141e+06 2.9976e+06 3.04251e+06
3.12093e+06 3.11312e+06 2.97736e+06
3.09872e+06 3.01051e+06 3.09517e+06
3.02256e+06 3.10094e+06 3.08238e+06
3.14879e+06 3.09903e+06 2.97941e+06
3.02575e+06 3.08185e+06 3.06603e+06
3.03645e+06 3.09006e+06 3.02753e+06
3.07665e+06 3.04474e+06 3.02982e+06
3.0459e+06 3.07328e+06 3.05381e+06
3.10727e+06 2.99939e+06 3.06514e+06
3.06071e+06 3.0705e+06 2.99124e+06
3.10161e+06 3.00602e+06 3.05945e+06
3.05287e+06 3.02357e+06 3.08348e+06
3.13145e+06 3.0335e+06 3.01497e+06
3.06674e+06 3.06143e+06 3.02581e+06
3.0914e+06 3.03618e+06 3.0366e+06
3.12178e+06 3.04951e+06 2.98364e+06
3.09149e+06 3.05252e+06 3.0078e+06
3.04239e+06 3.0503e+06 3.0871e+06
3.08563e+06 3.05734e+06 3.01334e+06
3.09481e+06 3.01808e+06 3.04889e+06
3.03883e+06 3.08091e+06 3.0293e+06
3.08627e+06 3.05674e+06 2.9922e+06
3.09319e+06 3.01945e+06 3.02146e+06
3.09621e+06 3.01658e+06 3.04166e+06
3.13617e+06 3.02765e+06 3.02077e+06
3.06173e+06 3.05965e+06 3.03793e+06
3.07079e+06 3.02938e+06 3.03992e+06
3.13648e+06 3.04703e+06 2.99711e+06
3.13602e+06 3.03064e+06 2.99954e+06
3.04392e+06 3.02961e+06 3.06188e+06
3.09763e+06 3.05021e+06 2.99684e+06
3.22614e+06 3.05558e+06 2.99402e+06
3.16807e+06 3.14367e+06 2.97976e+06
3.16464e+06 3.01149e+06 3.07336e+06
3.09455e+06 3.03251e+06 3.09832e+06
3.08452e+06 3.15125e+06 3.01069e+06
3.03241e+06 3.0841e+06 3.07169e+06
3.13329e+06 3.11654e+06 2.98409e+06
3.05104e+06 3.07451e+06 3.07866e+06
3.14851e+06 3.04463e+06 2.99986e+06
3.09103e+06 3.03923e+06 3.09087e+06
3.16325e+06 3.01662e+06 3.07633e+06
3.06101e+06 3.04105e+06 3.06592e+06
3.07191e+06 3.10245e+06 3.02586e+06
3.14106e+06 3.0208e+06 3.05648e+06
3.07004e+06 3.0765e+06 3.04279e+06
3.13114e+06 3.02883e+06 3.02476e+06
3.094e+06 3.05273e+06 3.0495e+06
3.13715e+06 3.07984e+06 2.9933e+06
3.09724e+06 3.03726e+06 3.05921e+06
3.06407e+06 3.08426e+06 3.03394e+06
3.11911e+06 3.06388e+06 2.99901e+06
3.10781e+06 3.0872e+06 3.00408e+06
3.13367e+06 3.09997e+06 2.99761e+06
3.09146e+06 3.0688e+06 3.05037e+06
3.09922e+06 3.06747e+06 3.01686e+06
3.14088e+06 3.05629e+06 2.98762e+06
3.10482e+06 3.02601e+06 3.03353e+06
3.11095e+06 3.0866e+06 3.00737e+06
3.1054e+06 3.06127e+06 3.01336e+06
3.08892e+06 3.07346e+06 3.02734e+06
3.08144e+06 3.09332e+06 3.01259e+06
3.13198e+06 3.0421e+06 3.01915e+06
3.07986e+06 3.08565e+06 3.03169e+06
3.11486e+06 3.09384e+06 2.99986e+06
3.09424e+06 3.05622e+06 3.04336e+06
3.1173e+06 3.04299e+06 3.02854e+06
3.09746e+06 3.05736e+06 3.02576e+06
3.11432e+06 3.04285e+06 3.0302e+06
3.0985e+06 3.02772e+06 3.07317e+06
3.10823e+06 3.0281e+06 3.03122e+06
3.19379e+06 3.02099e+06 3.06192e+06
3.17136e+06 3.15994e+06 2.99076e+06
3.07818e+06 3.05958e+06 3.10705e+06
3.0665e+06 3.08528e+06 3.05408e+06
3.0741e+06 3.12293e+06 3.03275e+06
3.06909e+06 3.1539e+06 3.0424e+06
3.06899e+06 3.06576e+06 3.08887e+06
3.08434e+06 3.10882e+06 3.01661e+06
3.12966e+06 3.11831e+06 2.9998e+06
3.18352e+06 3.02706e+06 3.07438e+06
3.13852e+06 3.04301e+06 3.0562e+06
3.14949e+06 3.10788e+06 2.99318e+06
3.12117e+06 3.09675e+06 3.0087e+06
3.09189e+06 3.05053e+06 3.08385e+06
3.09944e+06 3.0833e+06 3.06776e+06
3.16205e+06 3.06113e+06 3.00675e+06
3.10959e+06 3.06429e+06 3.03574e+06
3.11167e+06 3.07526e+06 3.02344e+06
3.10603e+06 3.04778e+06 3.04831e+06
3.19246e+06 3.04836e+06 3.01152e+06
3.1792e+06 3.03143e+06 3.07248e+06
3.10119e+06 3.03064e+06 3.0761e+06
3.15727e+06 3.04084e+06 3.0639e+06
3.12814e+06 3.08904e+06 3.01303e+06
3.12759e+06 3.1019e+06 3.00711e+06
3.18126e+06 3.03553e+06 3.04706e+06
3.09814e+06 3.08682e+06 3.04217e+06
3.15521e+06 3.05119e+06 3.01916e+06
3.10002e+06 3.07018e+06 3.02762e+06
3.1149e+06 3.06171e+06 3.02648e+06
3.11377e+06 3.07408e+06 3.01512e+06
3.10035e+06 3.06769e+06 3.08067e+06
3.15251e+06 3.05535e+06 3.0253e+06
3.17401e+06 3.05426e+06 3.00054e+06
3.13317e+06 3.04897e+06 3.03416e+06
3.17762e+06 3.04999e+06 3.00078e+06
3.18143e+06 3.04069e+06 3.04407e+06
3.15459e+06 3.0993e+06 2.99194e+06
3.13671e+06 3.06847e+06 3.0049e+06
3.09397e+06 3.10746e+06 3.02682e+06
3.10521e+06 3.06666e+06 3.05341e+06
3.10478e+06 3.06045e+06 3.05934e+06
3.15041e+06 3.08504e+06 3.00461e+06
3.12324e+06 3.10777e+06 3.00813e+06
3.0947e+06 3.08712e+06 3.03505e+06
3.1119e+06 3.04289e+06 3.0594e+06
3.12931e+06 3.05055e+06 3.04551e+06
3.09981e+06 3.08394e+06 3.02454e+06
3.2019e+06 3.04854e+06 3.03626e+06
3.16201e+06 3.10329e+06 2.99617e+06
3.11157e+06 3.039e+06 3.08308e+06
3.10891e+06 3.04824e+06 3.12054e+06
3.08936e+06 3.18462e+06 3.03874e+06
3.06946e+06 3.11724e+06 3.07291e+06
3.08434e+06 3.07401e+06 3.08916e+06
3.15305e+06 3.1247e+06 2.99879e+06
3.10718e+06 3.14959e+06 3.02625e+06
3.10313e+06 3.17124e+06 3.02238e+06
3.13702e+06 3.08082e+06 3.00923e+06
3.17617e+06 3.05826e+06 3.03974e+06
3.20161e+06 3.06115e+06 3.03058e+06
3.13153e+06 3.08407e+06 3.01961e+06
3.09763e+06 3.05315e+06 3.08564e+06
3.10938e+06 3.05907e+06 3.05911e+06
3.10119e+06 3.09955e+06 3.04368e+06
3.17199e+06 3.06694e+06 3.03914e+06
3.12561e+06 3.04788e+06 3.0502e+06
3.09007e+06 3.11349e+06 3.03163e+06
3.11666e+06 3.05029e+06 3.06873e+06
3.14102e+06 3.07397e+06 3.02665e+06
3.15206e+06 3.06738e+06 3.02739e+06
3.1083e+06 3.08659e+06 3.05063e+06
3.1053e+06 3.04882e+06 3.08142e+06
3.11398e+06 3.07101e+06 3.02898e+06
3.11646e+06 3.11119e+06 3.02064e+06
3.12412e+06 3.08918e+06 3.02714e+06
3.1059e+06 3.09236e+06 3.02762e+06
3.11748e+06 3.09062e+06 3.02077e+06
3.11215e+06 3.09028e+06 3.04666e+06
3.19152e+06 3.08269e+06 3.02892e+06
3.15668e+06 3.09796e+06 3.01118e+06
3.13144e+06 3.0415e+06 3.09813e+06
3.09363e+06 3.15194e+06 3.08634e+06
3.08714e+06 3.11918e+06 3.12265e+06
3.10639e+06 3.08794e+06 3.10728e+06
3.15238e+06 3.11716e+06 3.01585e+06
3.17758e+06 3.0488e+06 3.06557e+06
3.12091e+06 3.13158e+06 3.03153e+06
3.1124e+06 3.0985e+06 3.0321e+06
3.12603e+06 3.05932e+06 3.05212e+06
3.13683e+06 3.05756e+06 3.07163e+06
3.14846e+06 3.09697e+06 3.02331e+06
3.16557e+06 3.07696e+06 3.0323e+06
3.1833e+06 3.05881e+06 3.05918e+06
3.10754e+06 3.09289e+06 3.09826e+06
3.15419e+06 3.04674e+06 3.09022e+06
3.09375e+06 3.11878e+06 3.04076e+06
3.12064e+06 3.08692e+06 3.03505e+06
3.16141e+06 3.07088e+06 3.04415e+06
3.13838e+06 3.12168e+06 3.01296e+06
3.1607e+06 3.05169e+06 3.06091e+06
3.12974e+06 3.07216e+06 3.04794e+06
3.13927e+06 3.08005e+06 3.04243e+06
3.12111e+06 3.05447e+06 3.08645e+06
3.13068e+06 3.07852e+06 3.04664e+06
3.13077e+06 3.07875e+06 3.0426e+06
3.20887e+06 3.0861e+06 3.04608e+06
3.20187e+06 3.10048e+06 3.01447e+06
3.14098e+06 3.04248e+06 3.11152e+06
3.09232e+06 3.14087e+06 3.12707e+06
3.09526e+06 3.12393e+06 3.04344e+06
3.11257e+06 3.10512e+06 3.06423e+06
3.16396e+06 3.12876e+06 3.02891e+06
3.14554e+06 3.0526e+06 3.11076e+06
3.1751e+06 3.06565e+06 3.05986e+06
3.15333e+06 3.05998e+06 3.08304e+06
3.13104e+06 3.05649e+06 3.11367e+06
3.17197e+06 3.09943e+06 3.01587e+06
3.15936e+06 3.07072e+06 3.05458e+06
3.15835e+06 3.06131e+06 3.0671e+06
3.12649e+06 3.05953e+06 3.0934e+06
3.13065e+06 3.09078e+06 3.03643e+06
3.13761e+06 3.08845e+06 3.03787e+06
3.13095e+06 3.0794e+06 3.04855e+06
3.12399e+06 3.09626e+06 3.08796e+06
3.11971e+06 3.10208e+06 3.08471e+06
3.12361e+06 3.08093e+06 3.09109e+06
3.14198e+06 3.06193e+06 3.06164e+06
3.12708e+06 3.06923e+06 3.05998e+06
3.12144e+06 3.09985e+06 3.0377e+06
3.17934e+06 3.08793e+06 3.0605e+06
3.17339e+06 3.15668e+06 3.03762e+06
3.15537e+06 3.06529e+06 3.06411e+06
3.09698e+06 3.13415e+06 3.11518e+06
3.11522e+06 3.14123e+06 3.0961e+06
3.1251e+06 3.11064e+06 3.05008e+06
3.1183e+06 3.13158e+06 3.08266e+06
3.14347e+06 3.07441e+06 3.06539e+06
3.13009e+06 3.11551e+06 3.03841e+06
3.13483e+06 3.07084e+06 3.10197e+06
3.13602e+06 3.08105e+06 3.07939e+06
3.13359e+06 3.09978e+06 3.08352e+06
3.13957e+06 3.1032e+06 3.04314e+06
3.13634e+06 3.07074e+06 3.07222e+06
3.13121e+06 3.11474e+06 3.04808e+06
3.14221e+06 3.09613e+06 3.06498e+06
3.13844e+06 3.0693e+06 3.08089e+06
3.13507e+06 3.09875e+06 3.09704e+06
3.14337e+06 3.10686e+06 3.03833e+06
3.21868e+06 3.1135e+06 3.04126e+06
3.16188e+06 3.06663e+06 3.06505e+06
3.13233e+06 3.13354e+06 3.05438e+06
3.12613e+06 3.12333e+06 3.1252e+06
3.18372e+06 3.10549e+06 3.0474e+06
3.12693e+06 3.11605e+06 3.10051e+06
3.1617e+06 3.07654e+06 3.07228e+06
3.14341e+06 3.11087e+06 3.12077e+06
3.12719e+06 3.12307e+06 3.08644e+06
3.14751e+06 3.09684e+06 3.07096e+06
3.13541e+06 3.12828e+06 3.08233e+06
3.14913e+06 3.08348e+06 3.07789e+06
3.14631e+06 3.08511e+06 3.08178e+06
3.15097e+06 3.1129e+06 3.04235e+06
3.13404e+06 3.10067e+06 3.12444e+06
3.14554e+06 3.10979e+06 3.04988e+06
3.20121e+06 3.12812e+06 3.05801e+06
3.19264e+06 3.13489e+06 3.06948e+06
3.16692e+06 3.0708e+06 3.11646e+06
3.14412e+06 3.11872e+06 3.11033e+06
3.14765e+06 3.1108e+06 3.09281e+06
3.15094e+06 3.09527e+06 3.08751e+06
3.19319e+06 3.09963e+06 3.0752e+06
3.15652e+06 3.11719e+06 3.08609e+06
3.17249e+06 3.13114e+06 3.10609e+06
3.15652e+06 3.11626e+06 3.1078e+06
3.14923e+06 3.17384e+06 3.0988e+06
