392 64.8499
3.16088e+06 3.03059e+06 2.97837e+06 2.89711e+06
3.09608e+06 2.92236e+06 3.00768e+06 3.07333e+06
3.07539e+06 2.91547e+06 3.03535e+06 2.94753e+06
3.0741e+06 3.0636e+06 3.10914e+06 2.8166e+06
3.03817e+06 2.98732e+06 3.15625e+06 2.87362e+06
3.03273e+06 3.05349e+06 2.93573e+06 2.96895e+06
3.01699e+06 3.11224e+06 3.00823e+06 2.88391e+06
2.90862e+06 3.06471e+06 3.07612e+06 2.99479e+06
2.97858e+06 2.93176e+06 3.12877e+06 2.94231e+06
2.94154e+06 3.0129e+06 3.14568e+06 2.97624e+06
3.06047e+06 3.10481e+06 2.94099e+06 2.96563e+06
3.09608e+06 2.92236e+06 3.00768e+06 3.07333e+06
3.14216e+06 2.97125e+06 3.05542e+06 2.86948e+06
3.02858e+06 3.09345e+06 2.96163e+06 2.91424e+06
3.13503e+06 3.04746e+06 2.9494e+06 2.96763e+06
3.06523e+06 3.05834e+06 3.10446e+06 2.82027e+06
3.16088e+06 3.03059e+06 2.97837e+06 2.89711e+06
2.97306e+06 2.99823e+06 3.01685e+06 3.03272e+06
2.92479e+06 3.02432e+06 3.12688e+06 2.98673e+06
2.9357e+06 3.05126e+06 2.9684e+06 2.9766e+06
2.97348e+06 2.99076e+06 2.99446e+06 3.05473e+06
2.9263e+06 3.01743e+06 3.11732e+06 2.98957e+06
2.96015e+06 2.97475e+06 3.03316e+06 3.01931e+06
3.02864e+06 3.10491e+06 3.10055e+06 2.84566e+06
3.12032e+06 2.9789e+06 2.98322e+06 3.02554e+06
2.9103e+06 3.07529e+06 3.07e+06 2.99718e+06
2.94608e+06 3.03766e+06 3.01426e+06 3.04323e+06
2.9231e+06 3.00973e+06 3.08507e+06 2.99285e+06
3.12869e+06 2.94372e+06 3.03362e+06 2.93676e+06
2.96175e+06 2.96271e+06 3.05754e+06 3.04794e+06
3.0274e+06 3.02145e+06 3.06632e+06 2.86036e+06
3.07863e+06 2.94872e+06 3.01925e+06 2.93318e+06
2.95602e+06 3.02692e+06 3.08904e+06 2.905e+06
3.11616e+06 3.05491e+06 3.09846e+06 2.82992e+06
2.96474e+06 2.96454e+06 3.0504e+06 3.01286e+06
3.10544e+06 3.0284e+06 2.9586e+06 2.96136e+06
3.01273e+06 2.94067e+06 3.09259e+06 2.93409e+06
2.94154e+06 3.0129e+06 3.14568e+06 2.97624e+06
3.11132e+06 2.96885e+06 3.08441e+06 2.8681e+06
2.9745e+06 3.04328e+06 2.98015e+06 2.98288e+06
3.01546e+06 3.00088e+06 2.9949e+06 3.01128e+06
2.93136e+06 2.9981e+06 3.03882e+06 2.97927e+06
3.04432e+06 3.0512e+06 2.98292e+06 2.84317e+06
3.0877e+06 3.02576e+06 3.04808e+06 2.86426e+06
3.03562e+06 2.95132e+06 3.07794e+06 2.88894e+06
3.12494e+06 2.98652e+06 3.08105e+06 2.8352e+06
3.01865e+06 3.06853e+06 2.97811e+06 2.89986e+06
3.0022e+06 2.97991e+06 3.08056e+06 2.92219e+06
3.04262e+06 2.91939e+06 3.07234e+06 2.94175e+06
3.01166e+06 3.08146e+06 2.95871e+06 2.91461e+06
3.05711e+06 2.97314e+06 2.99343e+06 3.00081e+06
2.99324e+06 3.02844e+06 3.06446e+06 2.90748e+06
3.05153e+06 3.06253e+06 3.02935e+06 2.83902e+06
3.01938e+06 3.03308e+06 2.96626e+06 2.99427e+06
3.08285e+06 3.07057e+06 2.94605e+06 2.9338e+06
3.00484e+06 3.08632e+06 3.03371e+06 2.87465e+06
2.99146e+06 3.04018e+06 3.02551e+06 2.90864e+06
3.01997e+06 3.02319e+06 2.95708e+06 3.04395e+06
3.01318e+06 2.93584e+06 3.05409e+06 3.0035e+06
3.08709e+06 3.06194e+06 3.04631e+06 2.82742e+06
3.01699e+06 3.11224e+06 3.00823e+06 2.88391e+06
3.01803e+06 2.99311e+06 3.11397e+06 2.88034e+06
2.97948e+06 2.94662e+06 3.03052e+06 3.00496e+06
3.0981e+06 2.94519e+06 3.04068e+06 2.88898e+06
3.04794e+06 2.92433e+06 3.11076e+06 2.91206e+06
3.02052e+06 3.0491e+06 2.94894e+06 2.9375e+06
2.95479e+06 2.97561e+06 3.07095e+06 2.95254e+06
3.00311e+06 3.04365e+06 3.03756e+06 2.90572e+06
3.09473e+06 3.01511e+06 2.9907e+06 2.88371e+06
3.14216e+06 2.97125e+06 3.05542e+06 2.86948e+06
2.96141e+06 2.9671e+06 3.11638e+06 2.99856e+06
2.98504e+06 2.98571e+06 3.07418e+06 2.89788e+06
3.11652e+06 2.95575e+06 3.10274e+06 2.85597e+06
3.10151e+06 3.05334e+06 2.94344e+06 2.99148e+06
3.0077e+06 2.95983e+06 3.06063e+06 2.96543e+06
2.96036e+06 3.06121e+06 3.0003e+06 2.95968e+06
2.99027e+06 3.03008e+06 3.05283e+06 2.92933e+06
3.03043e+06 3.00666e+06 3.01994e+06 2.90842e+06
2.96721e+06 3.03408e+06 3.09591e+06 2.88675e+06
3.07612e+06 2.98865e+06 2.98663e+06 2.98567e+06
3.09066e+06 2.96256e+06 3.00256e+06 2.87462e+06
3.11385e+06 3.03096e+06 2.95431e+06 2.95088e+06
3.05214e+06 3.07263e+06 2.95921e+06 2.92175e+06
3.04509e+06 3.00436e+06 3.01411e+06 2.88542e+06
3.10034e+06 2.95607e+06 3.02439e+06 2.91796e+06
3.03774e+06 3.09224e+06 3.00582e+06 2.85409e+06
3.06862e+06 3.04211e+06 2.9542e+06 2.94781e+06
3.03105e+06 2.95369e+06 3.0672e+06 2.97069e+06
3.08242e+06 3.04097e+06 2.94231e+06 3.00673e+06
3.1328e+06 2.97808e+06 2.99516e+06 2.97286e+06
2.9471e+06 3.0361e+06 3.06886e+06 2.97329e+06
2.92738e+06 3.06462e+06 3.05908e+06 2.94328e+06
3.04922e+06 3.08841e+06 3.06744e+06 2.83352e+06
3.07318e+06 2.99985e+06 2.97539e+06 3.02604e+06
2.95e+06 3.06552e+06 3.04313e+06 2.93221e+06
3.07115e+06 3.07393e+06 3.06171e+06 2.83488e+06
3.06784e+06 2.97777e+06 3.08322e+06 2.87667e+06
3.02348e+06 2.97525e+06 3.04588e+06 2.95612e+06
3.10292e+06 3.03835e+06 3.04673e+06 2.85291e+06
2.97812e+06 2.95674e+06 3.10693e+06 3.00165e+06
3.03326e+06 3.06737e+06 3.04478e+06 2.89054e+06
2.91772e+06 3.04056e+06 3.00451e+06 2.95504e+06
2.98641e+06 2.98286e+06 3.05752e+06 2.96684e+06
2.96846e+06 3.0115e+06 3.1102e+06 2.91864e+06
2.94858e+06 3.01651e+06 3.05438e+06 2.92523e+06
3.08718e+06 2.99625e+06 3.01307e+06 2.89631e+06
3.00944e+06 2.9349e+06 3.0705e+06 2.97581e+06
2.9511e+06 3.05968e+06 3.0361e+06 2.95102e+06
3.05332e+06 2.98314e+06 3.10001e+06 2.87978e+06
3.05548e+06 2.92779e+06 2.99825e+06 2.93739e+06
3.09007e+06 3.02408e+06 2.96272e+06 2.97545e+06
3.04171e+06 3.02841e+06 3.09727e+06 2.8498e+06
3.04887e+06 2.93958e+06 3.07764e+06 2.9295e+06
3.06187e+06 2.96504e+06 3.08087e+06 2.88819e+06
2.97565e+06 3.07918e+06 3.00675e+06 2.91582e+06
3.06993e+06 3.02156e+06 2.98967e+06 2.89426e+06
3.03705e+06 3.07806e+06 3.0251e+06 2.8513e+06
2.98249e+06 3.02473e+06 3.10309e+06 2.90318e+06
3.11657e+06 3.0117e+06 2.95842e+06 3.03106e+06
3.11807e+06 2.99111e+06 3.01577e+06 2.87242e+06
3.02642e+06 3.08913e+06 3.00158e+06 2.88547e+06
3.08594e+06 3.01315e+06 2.991e+06 2.93894e+06
3.00478e+06 2.99797e+06 3.04893e+06 2.86784e+06
2.99634e+06 3.05732e+06 2.97535e+06 2.94718e+06
3.04336e+06 2.99036e+06 2.99201e+06 2.92822e+06
2.96402e+06 2.99961e+06 2.99607e+06 2.93264e+06
3.00587e+06 2.94026e+06 3.09545e+06 2.92446e+06
3.00605e+06 3.00813e+06 2.98544e+06 2.97924e+06
2.97032e+06 3.00516e+06 3.03195e+06 2.93165e+06
3.01688e+06 2.95766e+06 2.99882e+06 2.97026e+06
2.94477e+06 3.0093e+06 3.11672e+06 2.94506e+06
3.02587e+06 2.95962e+06 3.02897e+06 2.94282e+06
3.04289e+06 2.9998e+06 2.9874e+06 3.00776e+06
3.01306e+06 3.01866e+06 2.98984e+06 2.97453e+06
2.99521e+06 3.00517e+06 3.0814e+06 2.87155e+06
3.02039e+06 3.00544e+06 2.97044e+06 2.95219e+06
2.97348e+06 2.99076e+06 2.99446e+06 3.05473e+06
2.99993e+06 3.07092e+06 3.04756e+06 2.89308e+06
3.03306e+06 2.92667e+06 3.01259e+06 2.94874e+06
3.0662e+06 2.9685e+06 3.00934e+06 2.90379e+06
3.03273e+06 3.05349e+06 2.93573e+06 2.96895e+06
3.0741e+06 3.0636e+06 3.10914e+06 2.8166e+06
3.02445e+06 2.98418e+06 3.05105e+06 2.94192e+06
3.03923e+06 3.05337e+06 2.9726e+06 2.91192e+06
2.99717e+06 2.99985e+06 3.05636e+06 2.93118e+06
2.91772e+06 3.04056e+06 3.00451e+06 2.95504e+06
3.03862e+06 2.92445e+06 3.03504e+06 2.98988e+06
3.0252e+06 2.93099e+06 3.07549e+06 2.96875e+06
2.97734e+06 3.07108e+06 3.00975e+06 2.89072e+06
3.03988e+06 2.92929e+06 3.00466e+06 2.96794e+06
3.02911e+06 3.07507e+06 2.95834e+06 2.9165e+06
2.99875e+06 2.99221e+06 3.03086e+06 2.94089e+06
3.02618e+06 2.99336e+06 3.03552e+06 2.93873e+06
2.98234e+06 2.99317e+06 3.06144e+06 2.96646e+06
2.95769e+06 3.07085e+06 3.03998e+06 2.94574e+06
2.99883e+06 2.99183e+06 3.03664e+06 2.941e+06
3.038e+06 3.01451e+06 3.01186e+06 2.922e+06
3.04027e+06 2.98658e+06 3.06012e+06 2.92938e+06
3.00645e+06 2.97764e+06 3.02504e+06 2.95022e+06
3.059e+06 3.00883e+06 3.0113e+06 2.91801e+06
3.0906e+06 3.00844e+06 2.97348e+06 2.91506e+06
2.95769e+06 3.07085e+06 3.03998e+06 2.94574e+06
3.05012e+06 3.04048e+06 2.97402e+06 2.94099e+06
3.059e+06 3.00883e+06 3.0113e+06 2.91801e+06
2.9857e+06 2.98967e+06 3.04869e+06 2.94166e+06
3.00645e+06 2.97764e+06 3.02504e+06 2.95022e+06
2.9857e+06 2.98967e+06 3.04869e+06 2.94166e+06
2.97734e+06 3.07108e+06 3.00975e+06 2.89072e+06
3.05012e+06 3.04048e+06 2.97402e+06 2.94099e+06
2.94154e+06 3.0129e+06 3.14568e+06 2.97624e+06
3.13071e+06 2.96285e+06 3.04916e+06 3.00187e+06
3.10192e+06 3.01975e+06 3.08804e+06 2.88308e+06
3.06086e+06 3.00173e+06 3.03515e+06 3.05709e+06
3.00682e+06 3.11949e+06 3.00417e+06 3.0001e+06
3.00509e+06 2.94175e+06 3.15855e+06 2.97564e+06
3.0035e+06 3.05691e+06 2.97547e+06 3.03492e+06
2.96497e+06 3.0225e+06 3.01266e+06 2.96476e+06
3.10953e+06 3.01035e+06 2.98916e+06 2.96783e+06
3.07982e+06 2.96552e+06 3.13957e+06 2.92757e+06
2.97078e+06 3.0033e+06 3.10534e+06 2.96747e+06
3.04628e+06 3.09587e+06 3.05692e+06 2.89549e+06
2.97988e+06 3.00168e+06 3.11415e+06 3.0321e+06
3.12947e+06 3.00761e+06 3.05583e+06 2.91401e+06
2.99748e+06 2.96828e+06 3.13156e+06 2.97861e+06
3.02008e+06 2.97322e+06 3.15711e+06 2.97148e+06
3.09686e+06 2.95419e+06 3.06805e+06 2.95678e+06
3.01754e+06 3.07226e+06 3.03804e+06 2.95801e+06
3.05781e+06 3.08289e+06 3.0648e+06 2.89968e+06
3.01434e+06 3.05774e+06 3.08541e+06 2.91843e+06
3.00268e+06 2.99598e+06 3.09862e+06 2.99032e+06
3.08092e+06 2.99215e+06 3.03086e+06 2.95265e+06
3.0443e+06 2.99933e+06 3.05585e+06 3.0154e+06
3.06949e+06 2.94365e+06 3.11468e+06 2.96618e+06
3.02399e+06 3.03676e+06 2.99754e+06 3.00636e+06
3.06756e+06 3.088e+06 2.99147e+06 3.0093e+06
2.99033e+06 3.01314e+06 3.06455e+06 2.94885e+06
3.02088e+06 2.9705e+06 3.09218e+06 2.99241e+06
3.08843e+06 3.03482e+06 3.07955e+06 2.92251e+06
3.04845e+06 3.02992e+06 3.12831e+06 2.94505e+06
2.97745e+06 3.0411e+06 3.08772e+06 2.96183e+06
3.02918e+06 3.00151e+06 3.1195e+06 2.97791e+06
3.03596e+06 3.03221e+06 3.12388e+06 2.94815e+06
3.05997e+06 3.00697e+06 3.01926e+06 2.95126e+06
2.99047e+06 3.04959e+06 3.06995e+06 2.9476e+06
3.05901e+06 3.06131e+06 3.04981e+06 2.90892e+06
3.06813e+06 3.02385e+06 3.08249e+06 2.90197e+06
2.98212e+06 3.05035e+06 3.06869e+06 2.95317e+06
3.09487e+06 2.96419e+06 3.06108e+06 2.98054e+06
3.08865e+06 3.0942e+06 3.01078e+06 2.94875e+06
3.08634e+06 2.98818e+06 3.03986e+06 2.93627e+06
3.05502e+06 3.02005e+06 3.01596e+06 3.01077e+06
3.07682e+06 3.03773e+06 3.06971e+06 2.89494e+06
3.04908e+06 2.99452e+06 3.07568e+06 2.95505e+06
3.07773e+06 3.06178e+06 3.00868e+06 2.97234e+06
3.04066e+06 2.98939e+06 3.05824e+06 2.98377e+06
3.05008e+06 3.0555e+06 3.05165e+06 2.93803e+06
3.03699e+06 3.04631e+06 3.05515e+06 2.90274e+06
3.05295e+06 3.03879e+06 3.01581e+06 2.94454e+06
3.00905e+06 3.04368e+06 3.06779e+06 2.94774e+06
3.0212e+06 3.05595e+06 3.00297e+06 3.01532e+06
3.07194e+06 2.99062e+06 3.03592e+06 2.93168e+06
3.02306e+06 2.98357e+06 3.08884e+06 2.98866e+06
3.02815e+06 3.06686e+06 3.03494e+06 2.96439e+06
3.06442e+06 2.97652e+06 3.08646e+06 2.98996e+06
3.04752e+06 3.00093e+06 3.05784e+06 2.99652e+06
3.079e+06 3.01908e+06 3.05811e+06 2.92828e+06
3.03834e+06 3.04617e+06 3.12315e+06 2.93439e+06
3.04641e+06 3.06652e+06 3.01518e+06 2.91164e+06
3.07634e+06 2.9882e+06 3.03322e+06 2.96582e+06
3.06675e+06 3.01181e+06 3.01493e+06 2.97401e+06
3.05107e+06 3.00594e+06 3.04716e+06 2.98846e+06
3.02314e+06 3.0113e+06 3.04402e+06 2.98049e+06
2.98176e+06 3.08509e+06 3.01091e+06 2.97806e+06
3.01903e+06 3.05654e+06 3.03998e+06 2.9311e+06
3.06698e+06 2.97985e+06 3.04595e+06 2.95442e+06
3.04939e+06 2.97833e+06 3.06933e+06 2.98768e+06
3.0621e+06 2.98204e+06 3.03595e+06 2.96346e+06
3.00632e+06 3.05543e+06 3.08012e+06 2.93152e+06
3.02875e+06 3.04847e+06 3.0588e+06 2.96291e+06
3.03791e+06 2.99812e+06 3.05838e+06 3.00506e+06
3.03734e+06 3.04014e+06 3.06139e+06 2.95215e+06
3.06277e+06 3.01933e+06 3.01865e+06 2.95171e+06
3.04839e+06 3.04338e+06 3.0559e+06 2.9127e+06
3.06092e+06 2.99982e+06 3.03363e+06 3.00576e+06
3.03848e+06 2.99894e+06 3.06937e+06 2.95302e+06
3.00626e+06 3.05604e+06 3.03937e+06 2.94855e+06
3.01844e+06 2.99823e+06 3.07963e+06 2.98817e+06
3.1451e+06 2.97958e+06 3.10971e+06 2.98193e+06
3.07179e+06 3.12344e+06 3.0183e+06 3.05877e+06
3.0523e+06 3.09908e+06 3.09239e+06 2.91065e+06
3.01931e+06 3.03758e+06 3.11519e+06 2.96253e+06
2.97514e+06 3.09827e+06 3.09049e+06 3.02815e+06
3.13201e+06 3.00604e+06 3.05768e+06 2.9638e+06
3.09152e+06 3.0471e+06 3.0343e+06 2.95108e+06
3.04608e+06 3.07179e+06 3.02683e+06 3.03758e+06
2.98234e+06 3.09684e+06 3.04602e+06 3.00883e+06
3.06054e+06 3.07472e+06 3.05598e+06 2.97016e+06
2.98991e+06 3.11098e+06 3.0723e+06 2.96569e+06
3.08297e+06 3.03642e+06 3.0207e+06 3.02966e+06
3.01866e+06 3.0927e+06 3.03018e+06 2.97814e+06
3.03842e+06 3.0233e+06 3.05182e+06 2.99735e+06
3.05447e+06 3.01564e+06 3.10052e+06 2.96368e+06
3.04994e+06 2.98698e+06 3.08099e+06 2.98867e+06
3.06285e+06 2.99841e+06 3.03906e+06 3.03419e+06
3.04927e+06 3.05185e+06 3.0884e+06 2.92775e+06
3.01727e+06 3.06259e+06 3.07078e+06 2.94856e+06
3.0578e+06 3.0305e+06 3.02865e+06 3.00295e+06
3.06773e+06 3.05686e+06 3.06642e+06 2.92998e+06
3.03451e+06 3.05702e+06 3.09783e+06 2.94646e+06
3.06657e+06 3.00928e+06 3.02465e+06 2.98593e+06
3.04574e+06 3.05907e+06 3.06178e+06 2.92126e+06
3.00163e+06 3.02093e+06 3.08533e+06 3.01184e+06
3.02875e+06 3.01395e+06 3.06968e+06 3.01726e+06
3.00875e+06 3.02029e+06 3.07342e+06 3.01799e+06
3.06793e+06 3.02684e+06 3.04456e+06 2.97259e+06
3.06772e+06 3.04505e+06 3.03802e+06 2.94597e+06
3.07731e+06 3.01163e+06 3.03234e+06 2.9618e+06
3.04412e+06 3.10612e+06 3.06328e+06 2.95633e+06
3.07643e+06 3.02365e+06 3.07482e+06 2.93601e+06
3.03013e+06 3.12304e+06 3.08403e+06 2.94836e+06
3.04423e+06 3.1021e+06 3.08234e+06 2.92186e+06
3.03952e+06 3.01371e+06 3.07341e+06 3.02531e+06
3.09087e+06 3.02604e+06 3.08447e+06 2.934e+06
3.06476e+06 2.98941e+06 3.03926e+06 2.9748e+06
2.99682e+06 3.01828e+06 3.09014e+06 3.03375e+06
3.01504e+06 3.03894e+06 3.03097e+06 2.97933e+06
3.06432e+06 2.99109e+06 3.06044e+06 2.97656e+06
3.0733e+06 2.98227e+06 3.08476e+06 3.01182e+06
3.07599e+06 3.04736e+06 3.09357e+06 2.92797e+06
3.05234e+06 3.04921e+06 3.05454e+06 2.97855e+06
3.03089e+06 3.02546e+06 3.08194e+06 2.95401e+06
2.99604e+06 3.04357e+06 3.06185e+06 2.96512e+06
3.06346e+06 3.02749e+06 3.03145e+06 2.99855e+06
3.04239e+06 3.03332e+06 3.05948e+06 2.97965e+06
3.0413e+06 3.00978e+06 3.05948e+06 3.00537e+06
3.06566e+06 3.0212e+06 3.0827e+06 2.95737e+06
3.05376e+06 3.03866e+06 3.07921e+06 2.9759e+06
3.00942e+06 3.02272e+06 3.08381e+06 2.99782e+06
3.07492e+06 3.02103e+06 3.03624e+06 2.94783e+06
2.99249e+06 3.02457e+06 3.08932e+06 2.96271e+06
3.06294e+06 3.00696e+06 3.07727e+06 2.9743e+06
3.01904e+06 3.01488e+06 3.0771e+06 3.01525e+06
3.06018e+06 3.02395e+06 3.0765e+06 2.95634e+06
3.03948e+06 3.032e+06 3.05989e+06 2.97756e+06
3.04318e+06 3.02582e+06 3.06196e+06 2.9773e+06
3.04961e+06 3.02308e+06 3.08979e+06 2.96355e+06
3.14092e+06 3.01659e+06 3.02785e+06 2.99712e+06
3.13295e+06 3.04658e+06 3.14014e+06 2.9453e+06
3.09356e+06 2.99702e+06 3.07296e+06 2.98723e+06
3.06332e+06 3.09878e+06 3.09905e+06 2.9214e+06
3.04832e+06 3.04453e+06 3.07519e+06 3.04363e+06
3.00987e+06 3.13168e+06 3.09012e+06 3.03518e+06
2.99573e+06 3.04576e+06 3.10857e+06 2.99737e+06
3.04831e+06 3.1268e+06 3.12379e+06 2.92507e+06
3.0521e+06 3.0721e+06 3.13342e+06 2.93404e+06
3.02926e+06 3.11032e+06 3.08617e+06 2.97304e+06
3.11256e+06 3.07624e+06 3.11255e+06 2.94154e+06
3.11613e+06 3.01882e+06 3.04997e+06 3.00722e+06
3.06199e+06 3.01234e+06 3.1173e+06 3.00983e+06
3.0256e+06 3.08839e+06 3.07509e+06 3.04262e+06
3.0715e+06 3.06515e+06 3.06131e+06 2.96954e+06
3.1018e+06 3.07635e+06 3.10149e+06 2.92268e+06
3.07756e+06 3.00732e+06 3.08496e+06 3.01033e+06
3.0832e+06 3.01998e+06 3.04386e+06 2.96577e+06
3.04693e+06 3.04869e+06 3.05301e+06 2.99162e+06
3.09345e+06 3.02136e+06 3.1298e+06 2.95235e+06
3.11168e+06 3.04993e+06 3.04035e+06 2.9487e+06
3.0195e+06 3.10349e+06 3.06506e+06 2.99937e+06
3.11473e+06 3.02724e+06 3.07019e+06 2.95647e+06
3.07195e+06 3.01792e+06 3.03562e+06 3.02086e+06
3.03545e+06 3.03089e+06 3.10721e+06 3.01456e+06
2.9958e+06 3.04727e+06 3.09658e+06 2.98798e+06
3.06297e+06 2.99772e+06 3.09988e+06 3.02462e+06
3.03168e+06 3.05266e+06 3.04121e+06 3.02944e+06
3.02054e+06 3.06798e+06 3.09686e+06 2.96037e+06
3.0178e+06 3.08109e+06 3.08089e+06 3.00468e+06
3.08095e+06 3.04741e+06 3.12226e+06 2.95949e+06
3.06386e+06 3.07813e+06 3.06627e+06 2.92971e+06
3.06805e+06 3.06992e+06 3.07764e+06 2.94557e+06
3.08801e+06 3.03361e+06 3.11032e+06 2.96013e+06
3.01392e+06 3.08137e+06 3.08259e+06 2.97832e+06
3.0361e+06 3.0483e+06 3.06706e+06 2.99098e+06
3.05524e+06 3.05673e+06 3.0856e+06 2.97785e+06
3.0625e+06 3.03976e+06 3.04684e+06 2.9818e+06
3.06528e+06 3.05812e+06 3.10559e+06 2.97223e+06
3.06645e+06 3.02562e+06 3.06796e+06 2.99184e+06
3.05843e+06 3.06228e+06 3.05293e+06 3.01761e+06
3.07798e+06 3.0209e+06 3.0378e+06 2.99624e+06
3.05667e+06 3.05281e+06 3.0451e+06 3.02488e+06
3.07682e+06 3.01624e+06 3.09466e+06 2.98281e+06
3.06478e+06 3.0184e+06 3.08723e+06 3.00216e+06
3.02682e+06 3.05112e+06 3.08528e+06 3.03904e+06
3.08837e+06 3.01547e+06 3.06499e+06 3.00509e+06
3.07905e+06 3.06197e+06 3.04649e+06 2.97098e+06
3.02922e+06 3.07778e+06 3.04871e+06 2.98362e+06
3.07236e+06 3.04618e+06 3.04603e+06 2.97847e+06
3.02779e+06 3.05744e+06 3.08995e+06 3.01952e+06
3.05776e+06 3.04167e+06 3.09006e+06 2.97308e+06
3.02344e+06 3.03149e+06 3.09254e+06 2.97292e+06
3.067e+06 3.01516e+06 3.08236e+06 2.98946e+06
3.04875e+06 3.03183e+06 3.09074e+06 3.03029e+06
3.04982e+06 3.04155e+06 3.06262e+06 2.98743e+06
3.05706e+06 3.04038e+06 3.08293e+06 3.03299e+06
3.04974e+06 3.06263e+06 3.06987e+06 2.95203e+06
3.07209e+06 3.02175e+06 3.1018e+06 2.97235e+06
3.02726e+06 3.05106e+06 3.07458e+06 3.03218e+06
3.06928e+06 3.04904e+06 3.0829e+06 2.9508e+06
3.06362e+06 3.02328e+06 3.1107e+06 3.00669e+06
3.06905e+06 3.03125e+06 3.04682e+06 2.98626e+06
3.07809e+06 3.07198e+06 3.04531e+06 2.98997e+06
3.0622e+06 3.02342e+06 3.09204e+06 2.97802e+06
3.12583e+06 3.0393e+06 3.049e+06 3.05206e+06
3.10358e+06 3.07074e+06 3.04321e+06 3.00772e+06
3.09132e+06 3.02086e+06 3.09467e+06 3.01318e+06
3.06853e+06 3.10559e+06 3.1001e+06 2.92569e+06
3.06031e+06 3.09299e+06 3.14714e+06 2.93945e+06
3.05557e+06 3.06984e+06 3.04915e+06 3.08705e+06
3.03558e+06 3.10605e+06 3.09734e+06 2.97289e+06
3.01506e+06 3.09024e+06 3.08284e+06 2.98874e+06
3.04412e+06 3.03824e+06 3.11763e+06 3.00822e+06
3.0563e+06 3.0653e+06 3.05025e+06 3.07009e+06
3.05144e+06 3.07986e+06 3.11392e+06 2.97005e+06
3.08288e+06 3.04015e+06 3.08546e+06 3.02999e+06
3.08287e+06 3.04672e+06 3.07606e+06 3.03836e+06
3.06525e+06 3.0958e+06 3.07549e+06 2.97284e+06
3.06591e+06 3.02923e+06 3.11188e+06 2.98923e+06
3.03315e+06 3.04159e+06 3.09619e+06 2.9868e+06
3.11628e+06 3.08226e+06 3.07127e+06 2.96972e+06
3.09741e+06 3.08535e+06 3.06816e+06 2.96562e+06
3.11096e+06 3.09113e+06 3.0834e+06 2.95168e+06
3.09226e+06 3.04291e+06 3.0533e+06 2.99456e+06
3.1094e+06 3.02507e+06 3.10822e+06 2.96675e+06
3.05562e+06 3.06729e+06 3.04606e+06 3.04442e+06
3.06172e+06 3.08815e+06 3.05692e+06 3.02635e+06
3.08098e+06 3.05658e+06 3.06118e+06 2.98293e+06
3.06095e+06 3.06284e+06 3.05898e+06 3.00035e+06
3.12062e+06 3.05664e+06 3.10458e+06 2.9548e+06
3.06644e+06 3.06276e+06 3.09328e+06 3.01997e+06
3.07275e+06 3.06105e+06 3.10901e+06 2.97682e+06
3.06872e+06 3.04139e+06 3.09219e+06 3.01045e+06
3.12183e+06 3.02319e+06 3.10905e+06 2.98075e+06
3.07628e+06 3.08842e+06 3.08011e+06 2.9779e+06
3.07033e+06 3.08343e+06 3.06462e+06 2.98335e+06
3.07899e+06 3.06591e+06 3.08164e+06 2.95883e+06
3.09778e+06 3.02388e+06 3.06202e+06 2.98688e+06
3.07796e+06 3.04617e+06 3.07809e+06 2.98459e+06
3.06e+06 3.04363e+06 3.09451e+06 2.98178e+06
3.07023e+06 3.0586e+06 3.08154e+06 2.98204e+06
3.08028e+06 3.03865e+06 3.10471e+06 2.98329e+06
3.14152e+06 3.04367e+06 3.06855e+06 2.98758e+06
3.11916e+06 3.0291e+06 3.15405e+06 2.97305e+06
3.0998e+06 3.07134e+06 3.10316e+06 2.96954e+06
3.09577e+06 3.03377e+06 3.15547e+06 2.99449e+06
3.09512e+06 3.12488e+06 3.11014e+06 2.98076e+06
3.04924e+06 3.04348e+06 3.10549e+06 3.03126e+06
3.08825e+06 3.11815e+06 3.07815e+06 3.00702e+06
3.08246e+06 3.08302e+06 3.08038e+06 2.99065e+06
3.0825e+06 3.0388e+06 3.12229e+06 2.99386e+06
3.06111e+06 3.0638e+06 3.07939e+06 3.01376e+06
3.12191e+06 3.03813e+06 3.08933e+06 2.98702e+06
3.10675e+06 3.07417e+06 3.07481e+06 2.99734e+06
3.07776e+06 3.0675e+06 3.09671e+06 3.00936e+06
3.06777e+06 3.06132e+06 3.1112e+06 2.98901e+06
3.0944e+06 3.0584e+06 3.10564e+06 2.99828e+06
3.09785e+06 3.03706e+06 3.09647e+06 3.00164e+06
3.11681e+06 3.03684e+06 3.06886e+06 2.98838e+06
3.12368e+06 3.08511e+06 3.08187e+06 2.98969e+06
3.11911e+06 3.04298e+06 3.1206e+06 2.99478e+06
3.08455e+06 3.05161e+06 3.11364e+06 3.05317e+06
3.07014e+06 3.09425e+06 3.12034e+06 2.99312e+06
3.10956e+06 3.07519e+06 3.11335e+06 2.99818e+06
3.12504e+06 3.05748e+06 3.127e+06 3.04136e+06
