25 1.29198
1.59513e+06 1.5822e+06 1.59598e+06 1.49946e+06
1.71761e+06 1.48614e+06 1.59343e+06 1.66295e+06
1.57075e+06 1.54033e+06 1.6737e+06 1.58459e+06
1.56735e+06 1.66103e+06 1.55827e+06 1.60792e+06
1.61254e+06 1.59916e+06 1.50145e+06 1.63873e+06
1.6548e+06 1.47635e+06 1.62191e+06 1.68342e+06
1.52067e+06 1.62083e+06 1.5885e+06 1.62841e+06
1.57302e+06 1.58432e+06 1.5565e+06 1.73561e+06
1.59233e+06 1.60741e+06 1.53652e+06 1.69294e+06
1.6339e+06 1.58148e+06 1.55748e+06 1.55298e+06
1.64019e+06 1.53187e+06 1.60538e+06 1.56736e+06
1.60116e+06 1.57819e+06 1.59476e+06 1.50714e+06
1.5692e+06 1.6531e+06 1.55473e+06 1.6048e+06
1.57784e+06 1.52917e+06 1.64592e+06 1.60311e+06
1.57903e+06 1.57348e+06 1.54869e+06 1.72094e+06
1.52629e+06 1.61705e+06 1.5859e+06 1.62131e+06
1.65028e+06 1.62511e+06 1.53164e+06 1.61038e+06
1.57986e+06 1.6261e+06 1.52541e+06 1.66476e+06
1.56246e+06 1.56234e+06 1.65203e+06 1.59101e+06
1.68124e+06 1.5133e+06 1.62902e+06 1.64002e+06
1.5528e+06 1.56513e+06 1.56598e+06 1.71006e+06
1.70559e+06 1.50977e+06 1.63632e+06 1.63391e+06
1.54289e+06 1.63176e+06 1.56851e+06 1.5964e+06
1.57133e+06 1.58755e+06 1.55871e+06 1.72801e+06
1.58473e+06 1.57935e+06 1.55375e+06 1.7139e+06
1.61314e+06 1.52051e+06 1.60046e+06 1.57725e+06
1.54952e+06 1.62766e+06 1.57728e+06 1.59987e+06
1.55483e+06 1.62271e+06 1.57088e+06 1.59505e+06
1.64505e+06 1.49739e+06 1.63961e+06 1.65046e+06
1.58547e+06 1.55556e+06 1.57449e+06 1.54706e+06
1.53606e+06 1.63504e+06 1.57075e+06 1.60276e+06
1.59514e+06 1.57518e+06 1.58284e+06 1.52406e+06
1.69858e+06 1.50574e+06 1.6501e+06 1.63153e+06
1.60821e+06 1.57011e+06 1.59775e+06 1.50929e+06
1.57527e+06 1.55032e+06 1.67053e+06 1.58383e+06
1.56632e+06 1.58097e+06 1.56386e+06 1.69977e+06
1.6584e+06 1.50392e+06 1.62367e+06 1.64968e+06
1.54822e+06 1.59282e+06 1.58079e+06 1.62348e+06
1.57017e+06 1.55704e+06 1.65788e+06 1.58864e+06
1.612e+06 1.60349e+06 1.51124e+06 1.64593e+06
1.61401e+06 1.6021e+06 1.52218e+06 1.63828e+06
1.66303e+06 1.50819e+06 1.63059e+06 1.64852e+06
1.55932e+06 1.6118e+06 1.57844e+06 1.59654e+06
1.57894e+06 1.64584e+06 1.53791e+06 1.60943e+06
1.6758e+06 1.50182e+06 1.62527e+06 1.64316e+06
1.5455e+06 1.6379e+06 1.6048e+06 1.59595e+06
1.63484e+06 1.61035e+06 1.50761e+06 1.61916e+06
1.56719e+06 1.53345e+06 1.66383e+06 1.60678e+06
1.59121e+06 1.55128e+06 1.57344e+06 1.53434e+06
1.5839e+06 1.54929e+06 1.58242e+06 1.55238e+06
1.6997e+06 1.48436e+06 1.5942e+06 1.67446e+06
1.66938e+06 1.51105e+06 1.60915e+06 1.64394e+06
1.71143e+06 1.49134e+06 1.59035e+06 1.66105e+06
1.58548e+06 1.52398e+06 1.64226e+06 1.59264e+06
1.59787e+06 1.54348e+06 1.59141e+06 1.51571e+06
1.65292e+06 1.48156e+06 1.61936e+06 1.67919e+06
1.5651e+06 1.55719e+06 1.66554e+06 1.59086e+06
1.62986e+06 1.53146e+06 1.60961e+06 1.56858e+06
1.64282e+06 1.51693e+06 1.61403e+06 1.5695e+06
1.67292e+06 1.50251e+06 1.61295e+06 1.65466e+06
1.58355e+06 1.60444e+06 1.54226e+06 1.70641e+06
1.64322e+06 1.52594e+06 1.60554e+06 1.57419e+06
1.68512e+06 1.49634e+06 1.60165e+06 1.65991e+06
1.56976e+06 1.58601e+06 1.5594e+06 1.7308e+06
1.64763e+06 1.50473e+06 1.638e+06 1.6482e+06
1.62293e+06 1.59227e+06 1.56202e+06 1.64834e+06
1.6139e+06 1.59765e+06 1.50574e+06 1.64044e+06
1.69496e+06 1.49147e+06 1.60839e+06 1.65872e+06
1.63779e+06 1.48248e+06 1.61852e+06 1.67346e+06
1.58574e+06 1.54595e+06 1.58328e+06 1.53856e+06
1.61022e+06 1.60025e+06 1.51345e+06 1.64104e+06
1.61995e+06 1.60451e+06 1.51608e+06 1.62433e+06
1.57046e+06 1.6449e+06 1.5482e+06 1.60834e+06
1.57479e+06 1.64234e+06 1.53879e+06 1.61017e+06
1.60461e+06 1.56375e+06 1.58956e+06 1.52006e+06
1.53768e+06 1.62926e+06 1.58383e+06 1.61461e+06
1.53976e+06 1.62885e+06 1.5684e+06 1.60334e+06
1.56918e+06 1.65778e+06 1.5543e+06 1.60251e+06
1.57706e+06 1.54357e+06 1.67123e+06 1.57925e+06
1.65347e+06 1.47917e+06 1.62292e+06 1.68272e+06
1.63578e+06 1.6149e+06 1.50631e+06 1.61398e+06
1.57915e+06 1.53768e+06 1.58882e+06 1.53412e+06
1.68582e+06 1.50942e+06 1.65328e+06 1.62599e+06
1.70312e+06 1.51574e+06 1.63475e+06 1.62899e+06
1.55683e+06 1.59428e+06 1.58952e+06 1.62023e+06
1.69171e+06 1.49474e+06 1.60152e+06 1.67022e+06
1.61722e+06 1.60567e+06 1.51862e+06 1.63509e+06
1.57488e+06 1.59562e+06 1.54426e+06 1.69432e+06
1.64128e+06 1.51737e+06 1.61199e+06 1.56908e+06
1.67724e+06 1.51432e+06 1.63099e+06 1.63516e+06
1.58625e+06 1.56905e+06 1.5557e+06 1.72045e+06
1.67679e+06 1.49943e+06 1.60296e+06 1.66539e+06
1.71437e+06 1.51325e+06 1.63509e+06 1.63904e+06
1.65094e+06 1.48196e+06 1.62512e+06 1.67701e+06
1.59428e+06 1.55639e+06 1.56698e+06 1.54156e+06
1.66851e+06 1.48595e+06 1.61622e+06 1.67241e+06
1.56531e+06 1.52664e+06 1.66383e+06 1.59938e+06
1.65552e+06 1.47952e+06 1.61772e+06 1.68024e+06
1.52848e+06 1.61224e+06 1.58792e+06 1.62437e+06
1.69743e+06 1.4883e+06 1.59419e+06 1.65587e+06
