4627 92.9913
716895 703749 704157 698421
714071 706858 707314 699736
718787 710158 703014 688091
732079 717091 694748 698314
720824 698937 715623 706339
706600 712161 711810 709847
721484 708817 702600 698788
722845 707907 703545 699774
723592 710026 701708 697290
721482 709532 704656 703089
719263 707174 706059 697859
719824 705187 705004 699233
722280 708868 709085 692789
722116 704597 706531 701953
724207 710182 706803 703945
724469 706236 705848 706690
716427 707369 705303 701581
725851 713187 707706 696668
721296 708723 707469 699611
719194 707852 702637 692707
717758 708343 705658 697059
723310 706321 702233 700076
721183 710835 701599 694973
720354 710486 710295 696731
719695 709904 704458 695645
714599 705010 707049 693567
720939 706536 706171 706361
719581 705412 705392 701913
719026 705712 707444 696943
723204 708945 702504 696247
716029 707234 703647 697446
721644 705429 704505 703095
720658 704399 707991 699229
717492 708214 703513 700892
722363 704740 705529 697794
714744 704691 705651 697919
716202 708647 703441 696087
723791 709825 711637 702406
717788 706811 703361 696489
726744 706962 702662 700233
721058 706480 705094 699259
718677 707393 703369 696485
723070 706981 702520 699190
724292 708347 706495 695783
717176 707434 702498 698315
717637 709540 702697 693986
725453 705766 703936 701443
723825 708987 707334 702896
723611 706331 702957 696236
719886 708653 705975 695598
732293 713333 709718 698412
725587 707730 703920 698500
718481 706819 705301 697478
717161 706467 708693 695174
724978 708788 702956 696760
723570 709293 701221 701341
719898 705436 704540 696507
718772 707543 703111 696959
716585 705715 707105 694305
724338 713278 711143 697524
715864 706025 706134 698743
715004 707104 703277 699745
716745 710108 704281 693316
714789 706679 705175 692447
715941 707059 706730 697073
717546 707481 706054 696834
720462 708702 708056 700453
725435 711524 707887 698042
716391 708527 705985 698016
724822 707631 701494 698358
722440 711133 701950 699244
718842 705005 704403 697575
717156 710351 703933 697084
719349 707467 707223 700457
718681 705485 703958 699876
715465 705827 711489 700993
715059 704135 705478 698841
727957 713421 701315 697772
723310 706321 702233 700076
721522 709063 704474 699053
721741 706919 710638 695722
718546 707496 701683 694434
724358 708450 701120 693752
722226 709659 703488 699560
720173 707447 706613 701064
718829 707793 709696 698305
720116 705583 702775 696048
720011 712105 705125 699595
717457 708333 704934 700899
718247 707373 705003 696240
717848 710629 702978 697615
724777 712320 701571 702595
722155 704726 701838 699777
716594 705767 703156 694606
713967 708550 707621 694162
722690 712042 703671 696961
723902 703692 706006 701927
723303 712212 701931 698957
718972 706470 704428 700173
718675 707695 703678 697006
718524 706767 705070 693521
720806 708764 704482 696045
728532 705794 702311 702153
719209 708983 703908 700067
717034 711222 706514 698907
725178 709968 704162 705701
714763 705090 707623 696132
722638 708950 703431 698665
717544 708379 709242 698298
717566 704564 704619 698065
723650 705780 702767 697820
718050 705344 704552 698720
729129 709323 702946 699771
726314 708907 708980 703062
717825 706270 705577 699304
716263 707289 704729 699016
718223 706757 704346 697361
721868 709327 704696 706786
725316 709347 710269 699879
723905 706274 704000 700409
717174 709976 704180 696838
727276 709296 704227 698267
724069 710636 701343 695419
719870 705695 704902 700142
718220 706699 706440 697768
715552 705381 704454 696666
717085 708027 705806 696456
718114 706467 707648 695000
723310 706321 702233 700076
718596 711668 703516 692325
714599 705010 707049 693567
721806 710200 707925 702256
716090 705876 704935 700375
719734 710459 708004 701407
719894 708974 704678 695647
716501 705771 706123 696463
725856 708426 705831 704534
721311 707404 702806 700147
720532 707396 705395 703683
716673 709983 708778 698385
722768 709336 712907 695725
716789 706373 704428 694592
721980 707989 708354 706289
724677 711935 707449 695907
716616 704960 704634 695951
723339 709623 712320 701295
716059 706631 707406 698729
717810 706004 704839 697834
719791 707536 705392 696011
721244 705949 709773 704062
715749 707316 707185 698838
725732 704555 703459 703913
722006 707402 702340 699905
717771 706555 705029 696250
724547 710072 703882 699110
716555 706318 703346 693022
722140 706045 706501 699241
715028 705938 706395 692110
716388 707920 705493 699997
716475 711126 704844 697266
716839 708081 704999 697426
717437 706721 710894 700924
724123 707215 705184 701608
721369 711591 710411 698569
715852 708539 703784 698678
718283 713557 704188 700731
718236 707445 701447 696009
715677 706012 705218 697647
716072 704843 706777 697920
725396 708765 701691 702550
728559 710374 710365 698851
717238 706544 706340 693252
722301 707790 705688 701743
718997 708121 704304 699842
718500 709985 701666 698865
717824 705493 705751 697088
