10222 110.554
141033 99487 100633
135146 92690 112044
121547 101921 93343
119859 120796 96710
115827 102555 127885
109335 113906 122031
115348 117421 101082
116576 101964 115408
115827 102555 127885
109335 113906 122031
120910 112785 96042
114325 108494 101099
139070 100344 99814
113873 104750 105249
111535 102941 114923
124914 99461 104741
119859 120796 96710
120910 112785 96042
129148 100300 103233
111535 102941 114923
110037 114379 103723
135609 93989 111761
136432 99780 100045
117607 94612 112288
132526 96927 107260
133214 101442 98308
113873 104750 105249
120124 108442 101511
121547 101921 93343
110238 105916 107355
117924 106590 103367
131199 94866 110117
123612 100659 102206
120620 105782 102956
134733 95177 109110
123612 100659 102206
135146 92690 112044
121478 102709 104158
117024 98497 104878
119202 98447 108772
140325 100654 97315
120687 95413 109215
131199 94866 110117
121878 97549 108637
140325 100654 97315
132526 96927 107260
118258 106343 104675
110037 114379 103723
121878 97549 108637
133214 101442 98308
129148 100300 103233
135391 99854 101699
141033 99487 100633
124914 99461 104741
131619 97940 103403
133214 101442 98308
131619 97940 103403
117607 94612 112288
130013 100506 101916
135609 93989 111761
120687 95413 109215
114325 108494 101099
130516 98808 102306
130516 98808 102306
136432 99780 100045
132526 96927 107260
118258 106343 104675
119202 98447 108772
121878 97549 108637
130013 100506 101916
130430 99091 103298
110238 105916 107355
120124 108442 101511
121870 101809 104782
117924 106590 103367
134733 95177 109110
130430 99091 103298
120620 105782 102956
121639 99615 104817
134906 100571 99952
134906 100571 99952
121639 99615 104817
129148 100300 103233
120687 95413 109215
121870 101809 104782
132526 96927 107260
140325 100654 97315
133214 101442 98308
129148 100300 103233
120124 108442 101511
135862 98521 107244
133919 97717 113115
127308 108356 97196
116061 115024 117332
124594 104125 105276
117124 99268 107407
120928 102609 107111
133933 103313 99856
133711 99216 117060
146028 104912 106659
140533 116875 101578
127557 100093 118145
124446 100984 124999
117850 111637 123676
141246 109971 103732
119904 107738 111730
123649 105764 112585
131851 104804 107731
126171 115612 110456
134678 111268 105872
129412 103100 117450
127688 104124 115124
126953 113806 105563
122615 108984 110956
130577 103255 115742
119399 114689 117462
137750 110262 101825
137703 103746 110555
139500 108906 105392
129690 108874 106085
138605 105304 105474
144855 103480 118212
134916 125198 107362
122683 112628 127926
120307 114738 122506
133819 123471 110448
138186 111815 107438
131166 108634 114186
128152 104572 115309
124036 110630 113430
126862 107610 115945
132356 106497 111326
135542 114581 108737
121255 112742 112875
136710 106176 108447
133994 113117 110199
136632 107686 111223
140288 111531 109783
136530 106565 113584
124289 122057 129125
130361 108199 120480
130486 114562 113446
127020 117443 115002
125810 120791 116629
126242 115239 119549
134057 119377 112476
134047 107735 115498
128501 109150 115914
137224 109697 110108
136708 109924 111312
126147 119944 115695
146348 110566 110804
142477 106675 118323
134961 127077 116018
127297 117507 123471
129002 112116 118870
133460 113729 116298
138915 116311 113028
128741 116776 122940
140769 108046 115354
137481 111599 113818
137568 109997 115372
143710 107901 126700
139282 115123 117314
127730 123012 123799
135887 112346 123049
141627 108701 118882
138100 112469 121164
129183 113858 119443
130014 113564 123707
132326 112859 120109
132343 112778 119848
159546 110650 121861
144273 114134 136948
130267 118174 119896
131386 114614 123815
133203 121602 124882
136266 122096 126204
136053 128606 127678
140884 122330 128074
148269 90405 110402
144123 81022 125371
142118 115919 89828
114092 97568 125446
113229 119623 100654
106935 112689 117443
134465 93358 114327
130751 110452 93297
110073 107066 106747
132664 103154 100648
139637 94951 110856
124292 89042 124234
144123 81022 125371
115912 103714 94756
142003 91750 118690
126398 90447 119765
145294 100278 104724
125498 100861 102794
142118 115919 89828
123036 93244 121774
118483 99712 104995
114567 110948 105677
130778 93066 119017
107592 104192 111869
132946 95340 107627
111808 103390 122116
124292 89042 124234
144104 100689 104317
106935 112689 117443
124586 101438 104325
127582 99041 108971
117522 93793 112500
114352 114058 106600
148269 90405 110402
116602 98808 124559
142483 95063 110603
115912 103714 94756
117690 101033 107154
123036 93244 121774
118483 99712 104995
108096 114193 107570
117522 93793 112500
114885 98939 122107
111808 103390 122116
107592 104192 111869
128028 97110 108797
127620 103220 101352
129120 97550 104985
113681 114833 104553
123594 99393 108070
148269 90405 110402
108096 114193 107570
129120 97550 104985
116602 98808 124559
113681 114833 104553
127620 103220 101352
144123 81022 125371
128028 97110 108797
123594 99393 108070
128028 97110 108797
128028 97110 108797
123036 93244 121774
123594 99393 108070
128028 97110 108797
123036 93244 121774
123036 93244 121774
144123 81022 125371
142118 115919 89828
128028 97110 108797
128028 97110 108797
128028 97110 108797
128028 97110 108797
128028 97110 108797
128028 97110 108797
128028 97110 108797
128028 97110 108797
128028 97110 108797
128028 97110 108797
128028 97110 108797
128028 97110 108797
128028 97110 108797
128028 97110 108797
128028 97110 108797
128028 97110 108797
128028 97110 108797
127620 103220 101352
123594 99393 108070
123594 99393 108070
123036 93244 121774
147636 107771 113203
139743 122771 109412
127436 102101 115755
127293 133707 117701
114473 110255 128699
121587 114379 119444
142559 117379 112500
132628 109377 112671
140756 119986 110268
129604 122642 109837
143810 110178 115216
135330 123708 110634
131602 107489 125053
128922 126879 118545
125470 125720 127032
139021 117687 113774
141870 111537 113076
129148 116078 123303
132419 112803 119068
128110 116332 122056
133066 110245 116748
131417 109089 121187
130008 124191 118133
139487 112369 115448
138883 109212 118517
131824 125654 112422
148371 111781 113206
141298 109100 121549
140255 109249 128266
130065 121785 123046
128517 117653 126518
141438 113790 117744
140600 119475 114013
133064 112889 124399
133333 111234 119752
135526 116226 117796
136767 118573 117597
138140 111862 118453
152297 118927 115428
147670 111316 129812
141040 125881 118872
139825 111855 132076
128742 122681 129411
143602 122313 117425
132201 119774 127872
130794 124537 123667
136621 116361 119912
133873 113701 122177
133407 116071 123978
136139 118645 120946
140150 120664 119043
133554 114642 121536
148660 131312 119364
145377 131585 118692
139023 114690 133468
133467 130993 140932
133498 123185 125987
135473 119598 133447
143307 120751 121814
135369 128733 121865
134186 122280 125946
137777 117199 121966
133690 122472 122037
137886 116442 121990
146946 127788 122338
141577 117576 123048
139455 119771 131221
133750 131607 126081
137947 122292 124254
135337 124779 123692
135220 125531 124655
150359 121259 124719
142923 119099 133856
140849 137062 124878
136280 127906 128715
144080 120033 126392
139135 123661 131074
136450 130816 126035
141268 122729 128042
138350 124751 133666
137530 125111 125049
151329 120968 132260
145471 139263 125117
139909 126714 139046
136460 130738 133350
144227 129925 138972
144668 129795 127108
159137 135460 127508
155194 140917 126793
151969 128247 138567
146337 142477 133499
148269 90405 110402
144123 81022 125371
142118 115919 89828
104325 133314 129416
104325 133314 129416
141023 94291 98787
144123 81022 125371
120134 97131 114615
110195 125473 105420
130751 110452 93297
134412 120985 91183
110026 104789 119361
119933 93314 116465
122216 97760 109812
134412 120985 91183
142003 91750 118690
115912 103714 94756
112318 114682 105206
139465 101206 102317
118357 99805 126608
113693 118067 101276
119167 99908 121747
137014 90882 120425
122825 100376 108831
148269 90405 110402
142118 115919 89828
107820 108075 110535
137014 90882 120425
144123 81022 125371
114050 107321 112392
107820 108075 110535
124613 101007 105638
114050 107321 112392
125869 102781 103767
110589 123481 107918
111580 117555 105451
114876 103906 111354
127977 103546 102547
130190 97466 103381
110589 123481 107918
120134 97131 114615
114174 110565 107665
130518 102063 99702
118357 99805 126608
114561 112248 104711
113771 108445 108487
114698 109376 104759
133100 101147 103063
117318 103602 106005
110195 125473 105420
113693 118067 101276
115912 103714 94756
125083 93421 110057
116926 101269 106825
127977 103546 102547
119167 99908 121747
114561 112248 104711
125246 111418 93907
118788 102542 105790
125246 111418 93907
111384 99953 119357
130518 102063 99702
125675 92539 106482
126936 99969 105116
125675 92539 106482
133100 101147 103063
114876 103906 111354
126668 101432 103469
126668 101432 103469
116926 101269 106825
126936 99969 105116
130190 97466 103381
133100 101147 103063
133100 101147 103063
133100 101147 103063
126668 101432 103469
113693 118067 101276
148269 90405 110402
144123 81022 125371
142118 115919 89828
133100 101147 103063
133100 101147 103063
133100 101147 103063
133100 101147 103063
133100 101147 103063
133100 101147 103063
133100 101147 103063
133100 101147 103063
126668 101432 103469
144648 109259 110610
143018 107482 111793
139656 126940 103176
122034 115327 128307
123271 126025 122516
125182 109904 108172
124275 114891 104047
140013 111013 117544
136168 110118 118240
132542 116032 108384
124969 124555 131586
127166 120517 116510
129933 112414 125554
128340 117006 119295
128734 113792 109929
126846 112994 123338
131569 120928 109234
132358 115761 109170
142643 118262 117515
142315 112741 124922
142194 122698 108592
131012 115928 139946
128702 127822 128772
128583 126085 133297
138949 119030 116806
135199 114293 122568
134484 118111 117540
136943 119853 110747
129468 120941 127195
129881 120310 110064
142508 119851 110624
149204 114963 129641
144864 123634 110233
141852 114427 137639
128770 126452 138869
141274 117625 129267
136041 120664 122901
135819 119519 131439
131263 123724 119769
132797 122067 113708
131706 126015 117349
142579 119622 120868
133449 121345 115008
132437 121304 117135
147038 121373 120737
137672 121832 144944
134612 128483 115232
131624 134433 136526
132703 128655 131391
139361 121712 117597
133221 122276 116530
132980 127723 116328
153162 136688 122661
139906 122250 134326
138779 138951 116745
133551 126748 136479
133270 128642 135359
144430 123779 126999
136183 123268 128104
137011 125324 122722
134765 122337 136132
144486 139448 122222
143493 123095 136128
142839 139929 121358
137475 123174 151236
133274 139044 142415
136211 130024 134008
137970 132651 124202
133417 137481 135400
144245 125448 128508
141732 124283 144573
140528 131845 129841
140993 124861 140328
136718 124952 130333
148225 126828 134056
144536 134985 126006
142785 124576 144747
137531 129565 133289
138203 134664 127029
142133 125779 140139
148356 134831 130494
144915 140452 130667
143276 124824 144967
138828 138261 149603
141702 131087 139407
143704 129180 143468
142929 130476 134758
153159 141544 142866
147801 127455 149364
146832 147885 146773
152053 145777 144922
144123 81022 125371
142118 115919 89828
112778 132224 101102
112773 99473 136976
108920 111639 116965
111717 117726 113067
112778 132224 101102
137732 86596 105049
130751 110452 93297
144123 81022 125371
128254 88885 130525
135806 93625 104256
114963 117432 102921
111688 108999 116201
123500 102057 98622
112773 99473 136976
134008 88215 130557
123412 90709 131849
124234 89604 105307
111310 100545 118227
115273 105115 107871
115912 103714 94756
119064 95515 114149
108920 111639 116965
115890 107567 105932
120849 97625 112266
121648 92977 118839
124094 90520 125710
130716 88319 120889
134465 87875 128855
135200 101537 99210
137732 86596 105049
113501 98617 125220
129916 89493 123526
123243 98161 110059
119246 91174 120248
117855 102165 105486
122274 100152 105736
130248 96589 100613
128254 88885 130525
114067 97169 123810
120287 101146 106746
129916 89493 123526
116620 91318 119743
116577 99029 109218
116846 102916 108168
115235 110469 106334
111721 100884 108222
122043 99014 110519
115912 103714 94756
116166 100635 117363
134465 87875 128855
118728 96755 119166
123368 94142 107229
134465 87875 128855
116238 103388 106887
124163 101114 100076
123412 90709 131849
120549 98419 113868
114067 97169 123810
118460 100428 108619
124057 97279 105485
124234 89604 105307
122043 99014 110519
118460 100428 108619
123368 94142 107229
134008 88215 130557
120531 100354 100465
120649 96863 113995
116620 91318 119743
120649 96863 113995
116846 102916 108168
120531 100354 100465
116846 102916 108168
116620 91318 119743
124057 97279 105485
144123 81022 125371
144123 81022 125371
134465 87875 128855
134465 87875 128855
134465 87875 128855
134465 87875 128855
134465 87875 128855
134465 87875 128855
134465 87875 128855
134465 87875 128855
134465 87875 128855
116620 91318 119743
139404 123361 103186
126727 97618 119718
125217 101301 126331
121424 103210 114526
124694 110061 107525
124143 122854 106539
143032 104482 125104
130141 120835 109170
123319 109736 127936
122398 129815 119053
133547 116684 112690
127124 112908 120368
129735 107146 115284
125311 115954 122573
128269 107730 125932
122980 118321 123919
144513 118138 115704
144141 107738 130970
125735 120150 135369
123901 130370 122411
133072 120532 116366
133226 112906 123607
130296 117781 133800
137436 112610 126812
140856 110675 121638
131185 115934 120265
132011 111287 130381
141866 112383 118011
138590 107764 126586
132133 116653 118413
138403 107844 126760
138268 112854 119825
148586 112547 130021
146334 119868 115929
132175 119045 135696
125136 160350 129791
135044 133204 117277
131508 121411 125512
137860 122717 119812
135196 115963 133654
142248 115747 121242
144525 114360 118873
133723 122057 122261
134948 117919 122903
135706 119642 120560
134074 119198 123796
143240 118853 119437
144513 119925 116593
142287 114079 120165
134231 122383 120427
145972 125804 118141
142357 115237 128905
141150 118813 144576
140719 137228 119426
134552 127130 124374
136990 128827 123498
137149 125843 140027
137302 122173 127400
139102 128435 120610
139514 119750 124480
149663 133424 121495
146276 115352 129191
144488 116047 135420
135272 133837 129636
144798 121808 129702
138329 131925 125826
145570 131227 122313
140308 125207 127920
139741 127820 126721
143624 126271 127457
151750 131738 123444
145762 117024 151852
137042 144727 144888
139121 141126 130499
145603 129583 135419
146571 128863 128962
142107 134595 127382
149504 143028 124892
146277 134225 127240
151948 147035 124939
151337 149597 127370
150756 129090 130134
145607 136918 142526
141593 146619 137150
148165 139073 127541
142707 144198 134915
143707 137341 130342
147110 140940 140948
146369 141603 134446
143801 143648 136667
149683 152609 134724
153400 155916 141935
