16 0.0335738
298421 305989
295115 308155
301574 301656
316387 287436
293735 326748
315475 289215
311792 295218
308969 296466
311792 295218
290500 340621
308969 296466
314024 289793
300081 305366
293218 326814
290947 329197
330924 286740
301971 300359
295115 308155
305900 299225
295985 306868
321203 288788
321203 288788
320190 289044
318049 289199
311630 298535
310103 298704
312572 296585
311630 298535
314294 294288
315996 290628
315996 290628
314294 294288
315108 293168
317037 289824
316810 289956
315996 290628
315744 292836
300816 306117
291333 330581
294341 330514
291333 330581
334973 287636
334973 287636
334973 287636
334774 288130
334596 288466
304514 304451
302655 304942
305198 303157
295417 308157
295417 308157
306660 301339
306286 302099
306286 302099
307797 299281
300199 307106
296423 307527
291765 337875
335206 288764
291765 337875
295235 331194
295530 308778
331761 288873
321909 288951
310875 299035
320479 289672
317137 292971
292041 333100
309308 300792
305237 304655
306889 303058
298531 308232
312897 297225
295530 308778
308988 302045
316096 293658
301371 306148
307065 302150
315388 294468
301309 307640
293944 331262
303490 305091
312897 297225
314353 296532
320479 289672
298797 308184
300437 308123
317137 292971
303490 305091
314402 295011
293636 332112
292657 332644
304080 304969
314402 295011
314353 296532
301371 306148
300437 308123
295235 331194
293636 332112
292657 332644
