4 0.369929
360843 300240 322028 310677
350797 344479 312594 282247
341335 354655 285264 307744
326591 294342 295228 317831
324123 304053 326313 315927
310896 339129 294370 327360
357828 330424 285782 322702
334173 347477 304299 291085
319369 352210 316516 288615
313551 334125 300131 315452
347125 300512 311614 316387
352425 323800 311083 286555
325792 326231 290030 298588
331673 312309 296140 294272
316915 330556 290587 320044
330175 324057 306021 285538
333673 326949 289683 319553
360405 322695 293737 302835
344713 319619 323526 288481
337452 343556 323842 283284
327944 336567 315385 295363
327489 313153 313801 309957
312175 312052 312224 318384
321953 319754 308218 308392
320095 319128 301369 323919
311930 320687 301108 295531
329301 317001 310053 308966
318196 344643 301737 294909
335614 321349 291794 306100
320769 305447 303457 314728
314411 317136 318978 309209
351573 317631 295495 313227
318747 319783 315287 312290
337452 343556 323842 283284
313887 318498 326041 301940
331737 308458 307604 306968
342644 319056 296006 309025
319135 304663 325092 319576
339306 308156 311417 302129
335614 321349 291794 306100
329843 319582 314732 306498
341335 354655 285264 307744
317428 315343 322408 315374
325818 305759 319049 303290
331737 308458 307604 306968
325818 305759 319049 303290
325818 305759 319049 303290
317428 315343 322408 315374
324123 304053 326313 315927
339306 308156 311417 302129
313887 318498 326041 301940
360843 300240 322028 310677
333673 326949 289683 319553
341335 354655 285264 307744
331737 308458 307604 306968
330143 305342 303806 309292
330143 305342 303806 309292
330143 305342 303806 309292
330143 305342 303806 309292
333673 326949 289683 319553
313887 318498 326041 301940
324123 304053 326313 315927
360843 300240 322028 310677
341335 354655 285264 307744
341335 354655 285264 307744
339306 308156 311417 302129
339306 308156 311417 302129
333673 326949 289683 319553
331737 308458 307604 306968
325818 305759 319049 303290
324123 304053 326313 315927
324123 304053 326313 315927
317428 315343 322408 315374
317428 315343 322408 315374
313887 318498 326041 301940
356455 317939 318241 295884
354861 297773 335328 337834
346419 307997 322196 338838
342570 339772 313476 288624
333626 302370 338938 325429
328314 358804 290701 325675
312511 359436 327327 324711
312511 359436 327327 324711
327445 349485 298372 330249
354861 297773 335328 337834
312511 359436 327327 324711
331331 318680 334115 311386
335042 346071 292089 323897
331836 329543 326827 292955
335645 315546 324421 307054
349289 307492 315700 315056
319936 327864 307651 337063
333639 341775 295939 324383
352337 313731 299688 300405
338741 334546 294545 309990
337341 336570 326018 293984
328263 337563 302634 298124
318526 312935 313851 330432
330496 319283 317856 310813
331834 340498 301289 319691
318216 329350 303511 331556
348898 325331 295066 317806
318159 328222 309093 321452
345469 340241 306190 294297
323046 315069 307356 316733
333204 310739 305776 319948
313599 343852 337316 325456
333626 302370 338938 325429
339137 333264 290798 314536
341349 334864 300039 308057
342865 337498 296465 304626
350649 319778 300848 326155
348769 323359 293078 325920
343315 344078 302388 297796
315502 348773 302081 313911
324165 332986 302144 335068
315297 335476 306091 311346
322516 327533 337449 313174
327045 320344 312945 311719
315829 319869 321336 323605
326626 319415 320655 309490
344920 326922 318409 295470
332773 326636 323138 303734
325223 324808 321380 314075
322279 320934 308567 322214
341022 318285 318356 303772
342333 330147 318819 297138
331857 333025 301630 315531
325986 332595 315315 305834
329799 326645 303259 320668
323055 328968 310840 307270
352066 309824 304770 312993
318945 330876 309951 312760
344451 328855 292807 306055
325612 314481 324275 327412
345723 327157 295024 327785
325747 322268 304703 309169
317541 317346 319246 320884
344048 325586 313125 300639
337094 330174 311578 296426
334305 323550 316275 300021
328754 309905 304876 322975
318779 330786 322197 317181
356455 317939 318241 295884
346287 310635 312032 309888
316816 338636 301706 301203
328912 336990 302536 309310
347045 329852 304619 300162
324020 330486 321738 300351
316816 338636 301706 301203
341478 322914 298760 322309
344353 331631 310404 303102
333626 302370 338938 325429
350660 320440 299641 313749
346962 321060 298267 320265
321474 329414 303702 324049
334281 325582 308240 304571
337889 314485 321514 297556
313599 343852 337316 325456
334305 323550 316275 300021
324165 332986 302144 335068
346419 307997 322196 338838
328570 322425 324201 301357
320879 327455 320024 320506
335251 332291 302528 324362
331331 318680 334115 311386
330381 321088 303865 305239
341076 317857 313912 312711
320976 325190 321859 316752
327290 331433 311261 297552
344353 331631 310404 303102
339137 333264 290798 314536
345723 327157 295024 327785
344537 323434 302171 305593
349371 317320 311161 297818
324165 332986 302144 335068
341478 322914 298760 322309
350660 320440 299641 313749
349371 317320 311161 297818
328581 319862 322948 307234
318216 329350 303511 331556
333418 330999 319102 304619
313599 343852 337316 325456
346144 326508 300427 311051
328570 322425 324201 301357
330375 325951 304386 310849
337252 309024 311989 312741
328444 329694 321373 304431
338861 327877 301933 313921
321219 325994 314327 322920
337190 324881 324393 296294
321219 325994 314327 322920
317513 335923 316120 311163
333135 322441 314558 305031
346962 321060 298267 320265
320879 327455 320024 320506
333135 322441 314558 305031
348769 323359 293078 325920
317513 335923 316120 311163
337307 336460 300832 313062
331331 318680 334115 311386
338216 329643 301427 304688
338216 329643 301427 304688
334305 323550 316275 300021
337094 330174 311578 296426
337252 309024 311989 312741
346977 318274 304613 314779
327183 322488 303894 314891
346419 307997 322196 338838
341076 317857 313912 312711
330375 325951 304386 310849
344353 331631 310404 303102
327183 322488 303894 314891
347045 329852 304619 300162
346144 326508 300427 311051
349371 317320 311161 297818
317513 335923 316120 311163
349371 317320 311161 297818
320879 327455 320024 320506
346419 307997 322196 338838
339137 333264 290798 314536
337307 336460 300832 313062
346977 318274 304613 314779
346144 326508 300427 311051
346144 326508 300427 311051
327183 322488 303894 314891
327183 322488 303894 314891
334305 323550 316275 300021
350660 320440 299641 313749
324165 332986 302144 335068
337252 309024 311989 312741
331331 318680 334115 311386
313599 343852 337316 325456
337252 309024 311989 312741
346962 321060 298267 320265
354861 297773 335328 337834
354861 297773 335328 337834
350660 320440 299641 313749
346977 318274 304613 314779
346977 318274 304613 314779
346962 321060 298267 320265
346419 307997 322196 338838
345723 327157 295024 327785
345723 327157 295024 327785
344353 331631 310404 303102
339137 333264 290798 314536
339137 333264 290798 314536
333626 302370 338938 325429
333626 302370 338938 325429
331331 318680 334115 311386
330375 325951 304386 310849
330375 325951 304386 310849
320879 327455 320024 320506
313599 343852 337316 325456
374209 321135 308484 312399
348677 322670 306941 342395
348585 371434 319984 297191
345803 310892 314773 328685
344810 338554 294941 322444
336080 330463 329250 293162
318768 347175 347522 304514
317662 344560 320140 321961
369639 321418 304622 326837
328218 355183 308111 311049
357017 339670 321338 295484
341604 343927 301443 337162
348585 371434 319984 297191
323108 350384 339869 304572
348677 322670 306941 342395
324755 318813 316839 331874
327259 316652 319510 325990
345470 322399 324305 301594
340008 324262 316109 315013
330177 314347 330934 323698
344441 347502 298815 320571
334194 340959 316866 308649
351575 346614 302103 306868
353560 351086 327252 293650
337539 319457 333500 312877
355557 324528 314799 299535
323589 341779 309837 329408
344931 327538 305266 314508
351579 325552 298327 319236
332390 312121 337530 328153
374209 321135 308484 312399
329111 331137 315577 319927
325311 325546 322176 320948
339251 330402 337172 302929
320153 351777 316184 320684
321054 318961 325091 331273
343821 344623 300187 320235
331191 345210 332238 304741
350416 333268 304870 310839
322428 336281 322024 328289
344481 312012 319334 324107
333778 317279 339188 323445
324351 343490 334779 313060
335080 334396 305591 317052
344706 329999 328625 299114
352398 325594 321696 305447
326972 342988 321668 313484
346783 337078 311293 302718
336079 329988 310894 318723
346540 338291 325383 297116
334719 315845 329653 316989
356707 322406 308938 303598
331314 330647 328036 304062
342687 319939 307415 318447
347482 338002 301279 320441
354823 316075 309473 310274
334733 334340 318331 302459
337049 346279 304625 309703
320406 319493 327397 322602
331786 325954 307736 328835
335102 318757 314060 317190
333503 327232 312555 316642
351028 330323 303404 319241
320002 338210 312255 321553
339003 314951 327082 311288
351481 333225 322090 296119
325794 344347 318056 310022
338670 318113 326116 311420
347442 314618 313613 312325
354126 320808 313579 313658
325957 318376 339403 320346
342932 344017 312934 299347
319806 339496 320966 323507
342091 326527 319966 310190
328731 330089 320527 315006
328273 320886 334724 318610
324161 337348 321826 328581
330648 320224 310215 320476
330264 338211 303113 310381
338670 318113 326116 311420
345324 336343 310610 310930
332492 317510 315425 322077
332164 315311 318705 327615
336032 322313 317029 313088
334026 338174 302495 328404
323314 339323 319154 320380
332809 320070 314215 319367
333070 320858 316480 316278
323339 320473 314329 330841
330018 330331 308516 310957
354003 314541 329153 309801
325032 345002 315227 318655
342839 344836 314561 304850
356097 326637 313239 301636
335804 325596 321675 309525
357017 339670 321338 295484
351385 339483 309843 304432
356097 326637 313239 301636
352126 320819 317242 309465
332164 315311 318705 327615
351481 333225 322090 296119
352126 320819 317242 309465
353675 324349 314499 304709
333070 320858 316480 316278
328907 319895 314111 327713
328907 319895 314111 327713
356097 326637 313239 301636
323339 320473 314329 330841
323339 320473 314329 330841
352126 320819 317242 309465
333070 320858 316480 316278
338670 318113 326116 311420
323339 320473 314329 330841
338670 318113 326116 311420
351481 333225 322090 296119
333070 320858 316480 316278
356097 326637 313239 301636
352126 320819 317242 309465
351481 333225 322090 296119
351481 333225 322090 296119
332164 315311 318705 327615
332164 315311 318705 327615
323339 320473 314329 330841
368754 344654 300423 325760
364379 342524 322011 302157
355715 321833 309708 336725
349025 314168 319097 330765
338163 361223 304582 319076
321431 320941 347539 331527
321069 343204 314933 327244
326627 350369 316624 321470
359175 324046 309468 304110
338163 361223 304582 319076
334954 343971 341084 313984
346620 314894 327228 332957
324366 328139 335960 324531
355170 341143 308329 317903
327213 325196 330724 329119
346790 330055 327293 307167
338257 325176 338057 325341
357586 338461 302633 320319
352120 329296 301257 321139
336756 326242 331835 312271
332821 340079 312619 322421
348327 328060 331123 309520
355923 319588 314057 310899
334836 337129 318629 321439
329923 331045 323961 322973
341306 346395 331561 312944
351690 317549 319805 315617
351556 328670 325700 308195
346118 326020 334699 302874
325769 332992 323454 327708
341615 334617 306741 324438
356169 345111 307482 314883
330776 331563 320165 320789
341898 323333 317681 317271
336292 332430 331730 303279
340561 346217 306270 312951
343157 333992 314593 318034
340548 320305 327781 327038
347479 319747 321418 316040
345420 321240 319458 316541
337147 325836 317514 318247
341631 327145 322766 313610
351207 314865 324922 319722
333160 327065 334825 317925
340708 323505 329275 316966
332980 323777 311097 327942
344011 325605 326199 315965
339236 338784 312092 323411
338537 339658 314017 319298
339973 323992 330010 314440
339346 337665 312407 315545
366836 331195 300546 323386
347260 331326 315426 314234
340779 334344 310848 320719
350821 339666 314938 314402
344679 320628 331423 314778
366836 331195 300546 323386
338723 338786 324090 317955
338464 332114 326833 315701
332971 324041 314326 326541
351087 343359 312276 320239
338163 361223 304582 319076
363163 321754 315827 321653
360252 336214 311103 307342
351500 351800 308126 332211
330739 355677 328328 323663
325013 332265 348959 342017
322816 350223 315416 327390
341579 322395 334858 333670
326672 341486 330752 327875
347019 326991 334204 338442
351328 334832 328240 312306
334514 330989 326707 327395
342049 337870 321126 330439
344495 346808 316817 318581
348569 340490 318900 316235
355273 324302 316651 328297
354540 338824 313958 325637
360898 333858 326025 320369
361417 325224 333252 314226
337867 348645 323504 322510
362278 329135 316608 331725
344234 336897 324070 318098
338554 339066 313464 329899
337501 327279 317892 331931
344911 331955 332716 316750
340752 332321 330699 319789
338974 337312 323005 319099
355040 335360 316890 314663
351415 323396 329178 319211
347041 340287 314089 327521
355182 331703 328394 324483
348226 327268 316056 332787
366565 348371 315404 315970
366305 351457 312855 325647
363658 327775 327689 322122
362097 347546 317355 343638
337400 340033 338295 327421
325536 353670 321042 336811
342785 343825 333934 329511
352094 332904 325794 335589
354505 334873 330234 320881
339103 328740 337258 334356
360306 335617 318076 320792
360132 328528 318647 330700
339790 348057 318393 330439
365399 352018 338225 328527
364753 314453 324708 288234
364753 314453 324708 288234
358956 301569 314540 340175
346877 346794 287100 302731
340182 298557 319322 330727
330736 356303 288857 309104
317968 321041 332624 304863
297679 312923 307046 320211
301979 331339 313670 305757
348771 340443 329059 289296
357938 303785 316702 299336
347270 298897 324087 325394
322105 345565 325148 299731
315772 351725 310575 317687
311167 350571 305410 321908
326472 328467 322508 296393
313434 326259 301955 321737
351302 326665 303790 297803
323224 320068 290836 310755
329175 329279 300087 301960
348659 326512 308180 292016
325172 313148 300765 336050
325172 313148 300765 336050
342016 301425 317867 298892
317489 309386 308798 308689
318294 349303 296466 320601
358956 301569 314540 340175
326132 323947 330059 296511
358956 301569 314540 340175
327063 342199 289742 315042
350017 334083 293178 310337
318538 327960 320993 306898
332458 311500 316503 292969
325495 335139 303626 306743
312584 322541 306305 322093
318696 337674 300215 308019
331666 350458 287790 307832
339718 330110 294643 306781
297679 312923 307046 320211
346460 303371 294247 320235
316629 319461 304692 313134
321300 345134 310021 304198
322589 333259 315558 296839
340724 326743 296314 299005
331251 317388 298004 299516
317968 321041 332624 304863
315772 351725 310575 317687
327071 300428 317520 319062
331434 309920 303922 314410
327063 342199 289742 315042
346948 315453 306806 311997
331197 319697 297361 324094
332425 334049 295467 303581
334515 313986 311944 296861
331521 312118 303092 322365
335711 333479 305649 297211
350699 315566 294356 312968
337332 328653 302219 296702
317318 321413 297811 313145
336603 317950 305682 297387
319902 323458 320563 303361
332458 311500 316503 292969
324300 316050 300652 308042
320328 317473 315402 301970
350017 334083 293178 310337
320483 331108 308703 311681
326949 319919 324072 301959
337846 303065 305021 314457
327071 300428 317520 319062
342016 301425 317867 298892
319902 323458 320563 303361
321027 302372 313734 302486
322879 336784 306362 311711
326949 319919 324072 301959
331197 319697 297361 324094
326132 323947 330059 296511
346877 346794 287100 302731
346460 303371 294247 320235
317489 309386 308798 308689
331521 312118 303092 322365
333499 314320 307539 311477
333499 314320 307539 311477
333837 344218 311571 299094
311167 350571 305410 321908
326540 349659 311654 288327
333837 344218 311571 299094
327071 300428 317520 319062
326531 310511 309596 302495
337575 337246 295211 304406
336603 317950 305682 297387
326531 310511 309596 302495
324300 316050 300652 308042
334515 313986 311944 296861
321027 302372 313734 302486
337575 337246 295211 304406
326540 349659 311654 288327
322879 336784 306362 311711
337846 303065 305021 314457
317318 321413 297811 313145
358956 301569 314540 340175
333837 344218 311571 299094
317968 321041 332624 304863
334515 313986 311944 296861
331251 317388 298004 299516
337846 303065 305021 314457
324300 316050 300652 308042
333837 344218 311571 299094
326531 310511 309596 302495
333837 344218 311571 299094
346877 346794 287100 302731
337575 337246 295211 304406
331251 317388 298004 299516
327071 300428 317520 319062
358956 301569 314540 340175
346877 346794 287100 302731
346877 346794 287100 302731
346460 303371 294247 320235
334515 313986 311944 296861
334515 313986 311944 296861
331251 317388 298004 299516
331251 317388 298004 299516
327071 300428 317520 319062
324300 316050 300652 308042
324300 316050 300652 308042
321027 302372 313734 302486
317968 321041 332624 304863
317968 321041 332624 304863
317318 321413 297811 313145
375488 322697 294197 313466
347813 299762 331018 327953
341427 350996 327985 295015
339195 344285 289981 354497
339195 344285 289981 354497
333611 360877 315346 304929
332600 314844 346290 307211
299372 316419 318189 322494
322169 330558 306474 339283
328569 326695 338791 307421
313687 342903 332038 315644
321174 353330 298330 322300
360535 339069 308589 306082
314773 325156 307848 335494
375488 322697 294197 313466
333035 317902 333410 307564
356777 346280 307198 302402
367278 323160 302028 307356
367278 323160 302028 307356
354687 308738 309332 319144
331316 323835 292106 319814
317100 350550 331522 313833
336926 309487 313478 329540
319687 344985 311779 326352
336087 302418 319400 332671
343366 353248 301968 300520
339357 338767 330249 297138
343511 332512 291407 313933
347813 299762 331018 327953
317225 328917 322768 316763
347267 352619 305203 306301
346723 306792 322516 307385
344691 321892 325396 301302
336087 302418 319400 332671
341633 302990 321689 325012
346081 336621 296692 308769
332131 319480 327852 304728
341718 333284 318894 298263
324951 337691 304058 310498
321102 305721 321466 317746
315180 341722 313920 317284
353443 340087 308580 302993
329776 310605 320517 319787
323456 311540 311904 314954
342781 337055 296900 314159
333586 320544 300876 309765
327904 312425 314877 308141
339480 328192 325869 296501
342982 334956 311747 302233
341427 350996 327985 295015
346993 314116 314532 301302
329875 333827 319011 299358
350517 303814 316726 327229
315149 315199 319155 331103
342496 324737 300542 315791
321964 321482 315865 313957
350517 303814 316726 327229
337282 316383 302734 321520
336859 310062 307679 331623
325466 323189 313950 312912
353443 340087 308580 302993
346300 338227 295726 309722
326303 345068 307914 309291
324471 320466 302941 323833
321320 323658 330698 316135
343870 316917 313385 305590
328672 326079 300310 313621
354470 333658 313402 298617
330377 319952 304305 322764
326620 318270 317833 314464
328300 327633 310105 312251
321112 348362 318628 302573
319064 324811 321730 314596
330827 329312 298130 321349
351239 323563 311008 303187
328442 322629 305284 310362
339480 328192 325869 296501
318189 322096 320588 319763
333952 351094 314540 303435
343996 320041 328620 302352
351239 323563 311008 303187
349434 320385 307886 315598
323583 327870 318078 304145
320748 346773 307626 330904
334606 318326 332190 306263
334372 310194 319506 320844
335022 331731 309498 309641
338277 343145 306635 309103
340531 319381 329093 301887
317781 334077 320575 308224
328845 310148 331411 313841
340222 306018 311492 324078
317725 316766 322214 318636
347001 330190 294726 316964
332091 331095 302712 312293
350379 318010 312260 306931
320299 338313 318192 309092
334930 322761 318517 304681
326918 318423 329443 312256
324953 341891 310202 310342
340862 332135 309333 306515
340222 306018 311492 324078
347125 302728 318615 323712
349126 343506 311132 301100
321023 325889 318649 308123
323423 342874 330968 306838
322889 332076 314755 309456
327473 333731 308987 309945
333667 343872 304373 306534
335719 342621 312870 304967
326885 330833 314949 311212
317725 316766 322214 318636
338277 343145 306635 309103
326885 330833 314949 311212
343035 328281 310021 308058
324953 341891 310202 310342
320748 346773 307626 330904
324029 346824 302141 319299
321957 347672 314084 310384
331855 322746 317882 307176
333604 330689 316598 303570
348383 329801 307715 307002
317225 328917 322768 316763
346833 327898 309612 309402
332854 319411 328906 301980
347001 330190 294726 316964
330827 329312 298130 321349
347839 326174 296089 317605
322973 338943 311753 323294
334543 318451 302137 319556
320856 322868 314778 320121
340689 314672 308770 317766
321957 347672 314084 310384
348829 316470 302740 321333
324029 346824 302141 319299
315180 341722 313920 317284
344691 321892 325396 301302
333667 343872 304373 306534
339834 328132 309092 308558
335719 342621 312870 304967
348383 329801 307715 307002
343136 326458 296405 317105
332828 339430 311343 309213
349126 343506 311132 301100
327408 303494 321524 313993
334372 310194 319506 320844
336971 316727 319349 303778
321112 348362 318628 302573
332828 339430 311343 309213
343136 326458 296405 317105
345632 337503 308615 302688
317836 320239 318206 319771
347242 321867 309978 309006
345632 337503 308615 302688
335388 317657 311587 308643
326956 317830 309525 314756
347839 326174 296089 317605
320856 322868 314778 320121
335388 317657 311587 308643
318189 322096 320588 319763
333952 351094 314540 303435
322973 338943 311753 323294
327929 325046 311724 312402
335719 342621 312870 304967
328672 326079 300310 313621
334372 310194 319506 320844
348829 316470 302740 321333
340531 319381 329093 301887
317763 333362 314761 313995
321957 347672 314084 310384
337214 325029 313172 301570
327408 303494 321524 313993
340689 314672 308770 317766
375488 322697 294197 313466
344691 321892 325396 301302
347242 321867 309978 309006
337214 325029 313172 301570
339834 328132 309092 308558
336971 316727 319349 303778
317225 328917 322768 316763
340689 314672 308770 317766
336421 319453 308888 309496
328300 327633 310105 312251
350379 318010 312260 306931
326303 345068 307914 309291
333604 330689 316598 303570
324029 346824 302141 319299
327929 325046 311724 312402
326956 317830 309525 314756
336421 319453 308888 309496
335388 317657 311587 308643
350379 318010 312260 306931
326885 330833 314949 311212
332091 331095 302712 312293
345632 337503 308615 302688
320974 342654 321477 307420
334606 318326 332190 306263
337282 316383 302734 321520
343035 328281 310021 308058
345632 337503 308615 302688
337214 325029 313172 301570
317836 320239 318206 319771
334543 318451 302137 319556
336421 319453 308888 309496
337214 325029 313172 301570
334543 318451 302137 319556
347001 330190 294726 316964
345632 337503 308615 302688
347839 326174 296089 317605
320974 342654 321477 307420
375488 322697 294197 313466
334543 318451 302137 319556
340689 314672 308770 317766
339834 328132 309092 308558
327929 325046 311724 312402
350379 318010 312260 306931
335388 317657 311587 308643
347839 326174 296089 317605
339834 328132 309092 308558
334543 318451 302137 319556
327929 325046 311724 312402
375488 322697 294197 313466
350379 318010 312260 306931
347839 326174 296089 317605
347813 299762 331018 327953
347813 299762 331018 327953
347813 299762 331018 327953
347242 321867 309978 309006
344691 321892 325396 301302
344691 321892 325396 301302
343136 326458 296405 317105
343136 326458 296405 317105
343136 326458 296405 317105
340689 314672 308770 317766
339834 328132 309092 308558
337214 325029 313172 301570
335388 317657 311587 308643
334372 310194 319506 320844
334372 310194 319506 320844
327929 325046 311724 312402
326956 317830 309525 314756
326885 330833 314949 311212
321957 347672 314084 310384
317836 320239 318206 319771
317836 320239 318206 319771
317836 320239 318206 319771
317225 328917 322768 316763
361761 326618 306442 317121
354207 309445 334343 313189
345130 313014 344055 311798
337969 330939 293244 323265
335796 339706 324127 299563
332031 360288 327744 305577
327553 325971 312007 337615
315322 343512 315418 324609
319647 319872 320899 331649
332866 338095 304029 314900
332651 342345 294565 323925
316954 329711 330597 334940
358650 326665 316117 310043
331939 351550 332583 306528
323456 318709 340926 316599
353268 329644 328035 308165
330195 334456 311708 327906
321548 347840 320058 316967
327490 335774 342141 304207
331261 315864 318006 312015
354228 327570 306039 321658
345734 323650 312472 329115
340514 322487 327905 311819
328472 312057 332830 315302
334414 341494 327785 302421
344215 323027 314150 317377
346876 318232 307902 323595
324193 340892 326424 308842
325111 313469 313144 324809
338870 332449 304339 320453
343977 325829 311364 312411
323714 327231 316233 335688
336923 329614 308968 324777
339034 337621 305559 312817
348274 348725 320178 300738
318887 340358 321564 312254
325812 350780 305743 321024
348274 348725 320178 300738
338133 337755 309863 316156
346391 350988 311308 304589
354207 309445 334343 313189
332737 333449 323349 306656
333532 332518 321983 305073
338992 313009 327147 322422
324932 333640 314133 323722
333521 332148 318828 306033
326288 329969 327117 306878
348274 348725 320178 300738
326759 330352 312505 315554
333521 332148 318828 306033
325111 313469 313144 324809
326759 330352 312505 315554
326288 329969 327117 306878
333532 332518 321983 305073
348274 348725 320178 300738
348274 348725 320178 300738
363721 327743 313359 313697
347152 341905 327157 301263
341519 348877 298800 335121
339518 350049 316909 317334
331743 313443 339363 325584
330772 316359 334579 349906
323617 348779 339875 313954
342760 334005 310828 322552
351604 325522 320823 323579
331758 320243 328473 325614
362580 338398 314469 314983
331501 346880 323894 315068
347860 332721 312135 338677
335975 336852 332491 308641
330386 333272 329547 333091
345633 329587 328132 336736
348548 339318 321889 307921
327874 340418 339746 334361
329358 332603 335081 310951
340248 338474 317851 318355
332996 331869 333425 308845
343898 326179 330842 318047
334353 332431 319606 310488
348426 327524 315060 323979
349070 350005 317218 318078
343384 332234 320920 309966
366255 330020 321116 332582
356104 329805 315402 342781
352161 350104 333606 301523
350464 357295 332759 312845
348510 341642 313039 328332
346183 324078 331275 330163
330895 344173 352326 336467
331279 349616 340574 332210
346880 350749 334735 311778
362697 334640 320722 326906
341678 344755 321381 342141
341794 337014 330693 316164
335426 341379 321649 338492
359578 333131 322988 318383
346313 352280 316111 326677
344801 329743 337099 326493
332834 340982 328620 325764
335001 341212 326206 324098
348535 342501 325983 319050
349332 330533 320790 329212
344128 343967 321226 317921
344961 343522 328788 318703
350886 341302 323149 326353
357042 344197 322931 339492
354605 344760 340280 319517
349901 347503 325384 328316
346800 342573 333588 326221
