2 0.192255
1.55546e+06 1.59437e+06
1.62906e+06 1.52554e+06
1.60827e+06 1.52927e+06
1.54835e+06 1.56286e+06
1.61874e+06 1.52918e+06
1.5588e+06 1.56796e+06
1.56581e+06 1.54843e+06
1.54816e+06 1.56785e+06
1.63307e+06 1.52452e+06
1.54671e+06 1.57668e+06
1.58225e+06 1.53559e+06
1.54501e+06 1.55534e+06
1.60395e+06 1.52156e+06
1.54587e+06 1.57792e+06
1.56787e+06 1.54825e+06
1.55051e+06 1.57228e+06
1.61371e+06 1.52114e+06
1.5414e+06 1.57552e+06
1.58588e+06 1.53258e+06
1.54904e+06 1.56316e+06
1.60395e+06 1.52156e+06
1.56502e+06 1.55868e+06
1.57428e+06 1.54093e+06
1.55051e+06 1.57228e+06
1.63136e+06 1.52299e+06
1.57259e+06 1.54634e+06
1.56581e+06 1.54843e+06
1.5514e+06 1.5707e+06
1.6012e+06 1.5322e+06
1.54871e+06 1.56258e+06
1.56787e+06 1.54825e+06
1.55311e+06 1.57874e+06
1.62906e+06 1.52554e+06
1.56787e+06 1.54825e+06
1.60827e+06 1.52927e+06
1.54904e+06 1.56316e+06
1.60395e+06 1.52156e+06
1.5505e+06 1.56501e+06
1.58007e+06 1.5449e+06
1.54701e+06 1.59688e+06
1.62823e+06 1.52154e+06
1.55361e+06 1.55881e+06
1.57856e+06 1.54242e+06
1.54668e+06 1.57094e+06
1.60368e+06 1.53019e+06
1.546e+06 1.57991e+06
1.56098e+06 1.55225e+06
1.55051e+06 1.57228e+06
1.62869e+06 1.52074e+06
1.5414e+06 1.57552e+06
1.58588e+06 1.53258e+06
1.54501e+06 1.55534e+06
1.60395e+06 1.52156e+06
1.55383e+06 1.5693e+06
1.565e+06 1.55333e+06
1.54629e+06 1.59911e+06
1.63136e+06 1.52299e+06
1.55361e+06 1.55881e+06
1.56581e+06 1.54843e+06
1.5434e+06 1.57157e+06
1.60368e+06 1.53019e+06
1.54835e+06 1.56286e+06
1.56098e+06 1.55225e+06
1.54887e+06 1.60146e+06
1.61371e+06 1.52114e+06
1.56787e+06 1.54825e+06
1.61236e+06 1.52183e+06
1.54835e+06 1.56286e+06
1.61696e+06 1.52793e+06
1.57408e+06 1.52991e+06
1.57856e+06 1.54242e+06
1.5434e+06 1.57157e+06
1.61492e+06 1.5241e+06
1.54686e+06 1.57336e+06
1.57786e+06 1.54511e+06
1.54877e+06 1.56482e+06
1.59973e+06 1.52916e+06
1.55195e+06 1.56727e+06
1.56098e+06 1.55225e+06
1.54629e+06 1.59911e+06
1.63307e+06 1.52452e+06
1.5414e+06 1.57552e+06
1.60277e+06 1.53421e+06
1.54835e+06 1.56286e+06
1.60395e+06 1.52156e+06
1.54587e+06 1.57792e+06
1.56452e+06 1.54999e+06
1.5434e+06 1.57157e+06
1.619e+06 1.52619e+06
1.55361e+06 1.55881e+06
1.56581e+06 1.54843e+06
1.55107e+06 1.5608e+06
1.6012e+06 1.5322e+06
1.55195e+06 1.56727e+06
1.57569e+06 1.53931e+06
1.54863e+06 1.60277e+06
1.61371e+06 1.52114e+06
1.5414e+06 1.57552e+06
1.58418e+06 1.5412e+06
1.54773e+06 1.56152e+06
1.61355e+06 1.5265e+06
1.5588e+06 1.56796e+06
1.565e+06 1.55333e+06
1.54816e+06 1.56785e+06
1.62823e+06 1.52154e+06
1.54686e+06 1.57336e+06
1.56798e+06 1.54632e+06
1.54877e+06 1.56482e+06
1.59973e+06 1.52916e+06
1.54385e+06 1.58167e+06
1.56787e+06 1.54825e+06
1.54885e+06 1.56337e+06
1.63307e+06 1.52452e+06
1.54686e+06 1.57336e+06
1.58588e+06 1.53258e+06
1.54871e+06 1.56258e+06
1.60368e+06 1.53019e+06
1.546e+06 1.57991e+06
1.56452e+06 1.54999e+06
1.54629e+06 1.59911e+06
1.61993e+06 1.52667e+06
1.5588e+06 1.56796e+06
1.56581e+06 1.54843e+06
1.5514e+06 1.5707e+06
1.6012e+06 1.5322e+06
1.54835e+06 1.56286e+06
1.56787e+06 1.54825e+06
1.54863e+06 1.60277e+06
1.62906e+06 1.52554e+06
1.57569e+06 1.53931e+06
1.60383e+06 1.5358e+06
1.55343e+06 1.56731e+06
1.61874e+06 1.52918e+06
1.57408e+06 1.52991e+06
1.56581e+06 1.54843e+06
1.54816e+06 1.56785e+06
1.626e+06 1.51899e+06
1.55361e+06 1.55881e+06
1.61355e+06 1.5265e+06
1.54877e+06 1.56482e+06
1.59973e+06 1.52916e+06
1.546e+06 1.57991e+06
1.565e+06 1.55333e+06
1.54629e+06 1.59911e+06
1.61407e+06 1.52426e+06
1.5414e+06 1.57552e+06
1.60277e+06 1.53421e+06
1.54904e+06 1.56316e+06
1.60395e+06 1.52156e+06
1.54587e+06 1.57792e+06
1.56452e+06 1.54999e+06
1.5447e+06 1.59791e+06
1.626e+06 1.51899e+06
1.55747e+06 1.56743e+06
1.56798e+06 1.54632e+06
1.55107e+06 1.5608e+06
1.6012e+06 1.5322e+06
1.546e+06 1.57991e+06
1.56452e+06 1.54999e+06
1.55051e+06 1.57228e+06
1.61492e+06 1.5241e+06
1.54671e+06 1.57668e+06
1.61236e+06 1.52183e+06
1.54835e+06 1.56286e+06
1.619e+06 1.52619e+06
1.57259e+06 1.54634e+06
1.56798e+06 1.54632e+06
1.54816e+06 1.56785e+06
1.626e+06 1.51899e+06
1.55361e+06 1.55881e+06
1.57856e+06 1.54242e+06
1.54501e+06 1.55534e+06
1.60395e+06 1.52156e+06
1.546e+06 1.57991e+06
1.56098e+06 1.55225e+06
1.55051e+06 1.57228e+06
1.61492e+06 1.5241e+06
1.54923e+06 1.57542e+06
1.58418e+06 1.5412e+06
1.54871e+06 1.56258e+06
1.59823e+06 1.53216e+06
1.55303e+06 1.57015e+06
1.56452e+06 1.54999e+06
1.5447e+06 1.59791e+06
1.62823e+06 1.52154e+06
1.5588e+06 1.56796e+06
1.57856e+06 1.54242e+06
1.5434e+06 1.57157e+06
1.61236e+06 1.52183e+06
1.54871e+06 1.56258e+06
1.56787e+06 1.54825e+06
1.54948e+06 1.57879e+06
1.61492e+06 1.5241e+06
1.56787e+06 1.54825e+06
1.62178e+06 1.52746e+06
1.54773e+06 1.56152e+06
1.61355e+06 1.5265e+06
1.54668e+06 1.57094e+06
1.57856e+06 1.54242e+06
1.54887e+06 1.60146e+06
1.62125e+06 1.52798e+06
1.57569e+06 1.53931e+06
1.57569e+06 1.53931e+06
1.54904e+06 1.56316e+06
1.60395e+06 1.52156e+06
1.54385e+06 1.58167e+06
1.565e+06 1.55333e+06
1.5447e+06 1.59791e+06
1.61492e+06 1.5241e+06
1.54686e+06 1.57336e+06
1.58225e+06 1.53559e+06
1.54871e+06 1.56258e+06
1.59789e+06 1.52717e+06
1.54385e+06 1.58167e+06
1.56452e+06 1.54999e+06
1.54885e+06 1.56337e+06
1.62823e+06 1.52154e+06
1.5588e+06 1.56796e+06
1.56581e+06 1.54843e+06
1.55169e+06 1.57124e+06
1.62199e+06 1.52521e+06
1.54835e+06 1.56286e+06
1.56787e+06 1.54825e+06
1.54863e+06 1.60277e+06
1.63307e+06 1.52452e+06
1.54668e+06 1.57094e+06
1.58225e+06 1.53559e+06
1.54501e+06 1.55534e+06
1.60395e+06 1.52156e+06
1.57408e+06 1.52991e+06
1.56798e+06 1.54632e+06
1.54885e+06 1.56337e+06
1.626e+06 1.51899e+06
1.54686e+06 1.57336e+06
1.57856e+06 1.54242e+06
1.54877e+06 1.56482e+06
1.59973e+06 1.52916e+06
1.54835e+06 1.56286e+06
1.56787e+06 1.54825e+06
1.54863e+06 1.60277e+06
1.626e+06 1.51899e+06
1.54686e+06 1.57336e+06
1.58225e+06 1.53559e+06
1.54501e+06 1.55534e+06
1.59935e+06 1.53101e+06
1.54385e+06 1.58167e+06
1.56098e+06 1.55225e+06
1.5447e+06 1.59791e+06
1.61874e+06 1.52918e+06
1.5505e+06 1.56501e+06
1.57671e+06 1.54239e+06
1.54877e+06 1.56482e+06
1.61236e+06 1.52183e+06
1.54871e+06 1.56258e+06
1.56098e+06 1.55225e+06
1.55311e+06 1.57874e+06
1.62906e+06 1.52554e+06
1.56787e+06 1.54825e+06
1.60383e+06 1.5358e+06
1.54773e+06 1.56152e+06
1.61874e+06 1.52918e+06
1.5588e+06 1.56796e+06
1.57428e+06 1.54093e+06
1.546e+06 1.57991e+06
1.626e+06 1.51899e+06
1.54686e+06 1.57336e+06
1.58588e+06 1.53258e+06
1.55107e+06 1.5608e+06
1.60395e+06 1.52156e+06
1.54587e+06 1.57792e+06
1.57428e+06 1.54093e+06
1.54885e+06 1.56337e+06
1.61492e+06 1.5241e+06
1.5414e+06 1.57552e+06
1.58588e+06 1.53258e+06
1.55107e+06 1.5608e+06
1.59823e+06 1.53216e+06
1.546e+06 1.57991e+06
1.565e+06 1.55333e+06
1.54887e+06 1.60146e+06
1.619e+06 1.52619e+06
1.56839e+06 1.54659e+06
1.57856e+06 1.54242e+06
1.5514e+06 1.5707e+06
1.61236e+06 1.52183e+06
1.54835e+06 1.56286e+06
1.56787e+06 1.54825e+06
1.54863e+06 1.60277e+06
1.61371e+06 1.52114e+06
1.5697e+06 1.55391e+06
1.59816e+06 1.53888e+06
1.54871e+06 1.56258e+06
1.60395e+06 1.52156e+06
1.57408e+06 1.52991e+06
1.58007e+06 1.5449e+06
1.54701e+06 1.59688e+06
1.62869e+06 1.52074e+06
1.55361e+06 1.55881e+06
1.56581e+06 1.54843e+06
1.54877e+06 1.56482e+06
1.59973e+06 1.52916e+06
1.54587e+06 1.57792e+06
1.56787e+06 1.54825e+06
1.55289e+06 1.57799e+06
1.62199e+06 1.52521e+06
1.54671e+06 1.57668e+06
1.58588e+06 1.53258e+06
1.54904e+06 1.56316e+06
1.60395e+06 1.52156e+06
1.54587e+06 1.57792e+06
1.56516e+06 1.55466e+06
1.5447e+06 1.59791e+06
1.62125e+06 1.52798e+06
1.55361e+06 1.55881e+06
1.57671e+06 1.54239e+06
1.5514e+06 1.5707e+06
1.57569e+06 1.53931e+06
1.55303e+06 1.57015e+06
1.58453e+06 1.53889e+06
1.54863e+06 1.60277e+06
1.62906e+06 1.52554e+06
1.57569e+06 1.53931e+06
1.58418e+06 1.5412e+06
1.54773e+06 1.56152e+06
1.61874e+06 1.52918e+06
1.54668e+06 1.57094e+06
1.57428e+06 1.54093e+06
1.54816e+06 1.56785e+06
1.62823e+06 1.52154e+06
1.54784e+06 1.57735e+06
1.56581e+06 1.54843e+06
1.54904e+06 1.56316e+06
1.59973e+06 1.52916e+06
1.54587e+06 1.57792e+06
1.56452e+06 1.54999e+06
1.5447e+06 1.59791e+06
1.63307e+06 1.52452e+06
1.54923e+06 1.57542e+06
1.57569e+06 1.53931e+06
1.54835e+06 1.56286e+06
1.60395e+06 1.52156e+06
1.56296e+06 1.55677e+06
1.56452e+06 1.54999e+06
1.54701e+06 1.59688e+06
1.61874e+06 1.52918e+06
1.56839e+06 1.54659e+06
1.57671e+06 1.54239e+06
1.5434e+06 1.57157e+06
1.60368e+06 1.53019e+06
1.54871e+06 1.56258e+06
1.56787e+06 1.54825e+06
1.54629e+06 1.59911e+06
1.61371e+06 1.52114e+06
1.54686e+06 1.57336e+06
1.61236e+06 1.52183e+06
1.54773e+06 1.56152e+06
1.59935e+06 1.53101e+06
1.5588e+06 1.56796e+06
1.57428e+06 1.54093e+06
1.5434e+06 1.57157e+06
1.626e+06 1.51899e+06
1.56807e+06 1.55987e+06
1.56798e+06 1.54632e+06
1.54877e+06 1.56482e+06
1.60827e+06 1.52927e+06
1.54835e+06 1.56286e+06
1.56098e+06 1.55225e+06
1.54629e+06 1.59911e+06
1.62869e+06 1.52074e+06
1.54923e+06 1.57542e+06
1.58418e+06 1.5412e+06
1.54501e+06 1.55534e+06
1.59935e+06 1.53101e+06
1.54385e+06 1.58167e+06
1.565e+06 1.55333e+06
1.54629e+06 1.59911e+06
1.62125e+06 1.52798e+06
1.5505e+06 1.56501e+06
1.56798e+06 1.54632e+06
1.5434e+06 1.57157e+06
1.61236e+06 1.52183e+06
1.54835e+06 1.56286e+06
1.56787e+06 1.54825e+06
1.55546e+06 1.59437e+06
1.61407e+06 1.52426e+06
1.56787e+06 1.54825e+06
1.62069e+06 1.52744e+06
1.54871e+06 1.56258e+06
1.59789e+06 1.52717e+06
1.57408e+06 1.52991e+06
1.56581e+06 1.54843e+06
1.54816e+06 1.56785e+06
1.62869e+06 1.52074e+06
1.54686e+06 1.57336e+06
1.57786e+06 1.54511e+06
1.54668e+06 1.57094e+06
1.59935e+06 1.53101e+06
1.54385e+06 1.58167e+06
1.56452e+06 1.54999e+06
1.5447e+06 1.59791e+06
1.61371e+06 1.52114e+06
1.54686e+06 1.57336e+06
1.60277e+06 1.53421e+06
1.54501e+06 1.55534e+06
1.59789e+06 1.52717e+06
1.5464e+06 1.58588e+06
1.57428e+06 1.54093e+06
1.55051e+06 1.57228e+06
1.62823e+06 1.52154e+06
1.56839e+06 1.54659e+06
1.56581e+06 1.54843e+06
1.55169e+06 1.57124e+06
1.60827e+06 1.52927e+06
1.546e+06 1.57991e+06
1.56445e+06 1.55536e+06
1.54863e+06 1.60277e+06
1.62906e+06 1.52554e+06
1.54784e+06 1.57735e+06
1.58418e+06 1.5412e+06
1.5552e+06 1.57087e+06
1.61874e+06 1.52918e+06
1.56502e+06 1.55868e+06
1.57428e+06 1.54093e+06
1.54701e+06 1.59688e+06
1.62869e+06 1.52074e+06
1.5505e+06 1.56501e+06
1.58588e+06 1.53258e+06
1.5514e+06 1.5707e+06
1.59935e+06 1.53101e+06
1.55303e+06 1.57015e+06
1.56787e+06 1.54825e+06
1.54885e+06 1.56337e+06
1.62823e+06 1.52154e+06
1.54923e+06 1.57542e+06
1.56581e+06 1.54843e+06
1.54835e+06 1.56286e+06
1.60395e+06 1.52156e+06
1.54385e+06 1.58167e+06
1.56452e+06 1.54999e+06
1.54816e+06 1.56785e+06
1.63136e+06 1.52299e+06
1.57408e+06 1.52991e+06
1.56659e+06 1.55111e+06
1.55169e+06 1.57124e+06
1.60368e+06 1.53019e+06
1.54835e+06 1.56286e+06
1.56787e+06 1.54825e+06
1.55546e+06 1.59437e+06
