5987 102.913
1.59723e+06 1.5053e+06 1.57082e+06 1.46372e+06
1.60047e+06 1.55406e+06 1.48018e+06 1.56541e+06
1.5707e+06 1.45622e+06 1.51354e+06 1.55421e+06
1.53883e+06 1.53635e+06 1.50976e+06 1.57678e+06
1.49576e+06 1.53618e+06 1.55852e+06 1.51443e+06
1.64803e+06 1.59366e+06 1.48827e+06 1.50738e+06
1.58606e+06 1.46481e+06 1.5936e+06 1.53729e+06
1.57258e+06 1.53141e+06 1.521e+06 1.48866e+06
1.64803e+06 1.59366e+06 1.48827e+06 1.50738e+06
1.64803e+06 1.59366e+06 1.48827e+06 1.50738e+06
1.60047e+06 1.55406e+06 1.48018e+06 1.56541e+06
1.60013e+06 1.54163e+06 1.52905e+06 1.46934e+06
1.58606e+06 1.46481e+06 1.5936e+06 1.53729e+06
1.51098e+06 1.54539e+06 1.50762e+06 1.53044e+06
1.52509e+06 1.51859e+06 1.53569e+06 1.52983e+06
1.52509e+06 1.51859e+06 1.53569e+06 1.52983e+06
1.59999e+06 1.48543e+06 1.52596e+06 1.51019e+06
1.53147e+06 1.50157e+06 1.52934e+06 1.55809e+06
1.57258e+06 1.53141e+06 1.521e+06 1.48866e+06
1.49576e+06 1.53618e+06 1.55852e+06 1.51443e+06
1.56359e+06 1.47096e+06 1.50958e+06 1.52368e+06
1.54382e+06 1.50774e+06 1.54468e+06 1.53203e+06
1.53732e+06 1.52487e+06 1.52025e+06 1.54082e+06
1.55137e+06 1.4973e+06 1.54855e+06 1.49589e+06
1.51098e+06 1.54539e+06 1.50762e+06 1.53044e+06
1.54154e+06 1.53299e+06 1.55617e+06 1.49407e+06
1.54917e+06 1.5321e+06 1.49722e+06 1.55148e+06
1.58606e+06 1.46481e+06 1.5936e+06 1.53729e+06
1.51098e+06 1.54539e+06 1.50762e+06 1.53044e+06
1.54917e+06 1.5321e+06 1.49722e+06 1.55148e+06
1.54927e+06 1.53001e+06 1.5121e+06 1.54908e+06
1.54927e+06 1.53001e+06 1.5121e+06 1.54908e+06
1.63838e+06 1.51199e+06 1.50495e+06 1.52055e+06
1.55228e+06 1.49511e+06 1.53387e+06 1.52739e+06
1.51922e+06 1.51908e+06 1.55843e+06 1.50856e+06
1.53156e+06 1.51306e+06 1.51279e+06 1.54085e+06
1.56311e+06 1.493e+06 1.48777e+06 1.52568e+06
1.56688e+06 1.52768e+06 1.53236e+06 1.51188e+06
1.63838e+06 1.51199e+06 1.50495e+06 1.52055e+06
1.56359e+06 1.47096e+06 1.50958e+06 1.52368e+06
1.54438e+06 1.49961e+06 1.5413e+06 1.55525e+06
1.63838e+06 1.51199e+06 1.50495e+06 1.52055e+06
1.58606e+06 1.46481e+06 1.5936e+06 1.53729e+06
1.63838e+06 1.51199e+06 1.50495e+06 1.52055e+06
1.64803e+06 1.59366e+06 1.48827e+06 1.50738e+06
1.54927e+06 1.53001e+06 1.5121e+06 1.54908e+06
1.52845e+06 1.52642e+06 1.53783e+06 1.51966e+06
1.53658e+06 1.50832e+06 1.52763e+06 1.56354e+06
1.58606e+06 1.46481e+06 1.5936e+06 1.53729e+06
1.60047e+06 1.55406e+06 1.48018e+06 1.56541e+06
1.58994e+06 1.49448e+06 1.54325e+06 1.49365e+06
1.54083e+06 1.48582e+06 1.55053e+06 1.52121e+06
1.58994e+06 1.49448e+06 1.54325e+06 1.49365e+06
1.54083e+06 1.48582e+06 1.55053e+06 1.52121e+06
1.56688e+06 1.52768e+06 1.53236e+06 1.51188e+06
1.52845e+06 1.52642e+06 1.53783e+06 1.51966e+06
1.60013e+06 1.54163e+06 1.52905e+06 1.46934e+06
1.53156e+06 1.51306e+06 1.51279e+06 1.54085e+06
1.64803e+06 1.59366e+06 1.48827e+06 1.50738e+06
1.54927e+06 1.53001e+06 1.5121e+06 1.54908e+06
1.56784e+06 1.46639e+06 1.53437e+06 1.56427e+06
1.53658e+06 1.50832e+06 1.52763e+06 1.56354e+06
1.63838e+06 1.51199e+06 1.50495e+06 1.52055e+06
1.60013e+06 1.54163e+06 1.52905e+06 1.46934e+06
1.51922e+06 1.51908e+06 1.55843e+06 1.50856e+06
1.54154e+06 1.53299e+06 1.55617e+06 1.49407e+06
1.53156e+06 1.51306e+06 1.51279e+06 1.54085e+06
1.56359e+06 1.47096e+06 1.50958e+06 1.52368e+06
1.56784e+06 1.46639e+06 1.53437e+06 1.56427e+06
1.49576e+06 1.53618e+06 1.55852e+06 1.51443e+06
1.5356e+06 1.5617e+06 1.52984e+06 1.50595e+06
1.54917e+06 1.5321e+06 1.49722e+06 1.55148e+06
1.52845e+06 1.52642e+06 1.53783e+06 1.51966e+06
1.54083e+06 1.48582e+06 1.55053e+06 1.52121e+06
1.54083e+06 1.48582e+06 1.55053e+06 1.52121e+06
1.53156e+06 1.51306e+06 1.51279e+06 1.54085e+06
1.54917e+06 1.5321e+06 1.49722e+06 1.55148e+06
1.49576e+06 1.53618e+06 1.55852e+06 1.51443e+06
1.54083e+06 1.48582e+06 1.55053e+06 1.52121e+06
1.54382e+06 1.50774e+06 1.54468e+06 1.53203e+06
1.54083e+06 1.48582e+06 1.55053e+06 1.52121e+06
1.52845e+06 1.52642e+06 1.53783e+06 1.51966e+06
1.55137e+06 1.4973e+06 1.54855e+06 1.49589e+06
1.54083e+06 1.48582e+06 1.55053e+06 1.52121e+06
1.54083e+06 1.48582e+06 1.55053e+06 1.52121e+06
1.56359e+06 1.47096e+06 1.50958e+06 1.52368e+06
1.58606e+06 1.46481e+06 1.5936e+06 1.53729e+06
1.56688e+06 1.52768e+06 1.53236e+06 1.51188e+06
1.5707e+06 1.45622e+06 1.51354e+06 1.55421e+06
1.54438e+06 1.49961e+06 1.5413e+06 1.55525e+06
1.51922e+06 1.51908e+06 1.55843e+06 1.50856e+06
1.52845e+06 1.52642e+06 1.53783e+06 1.51966e+06
1.64803e+06 1.59366e+06 1.48827e+06 1.50738e+06
1.58606e+06 1.46481e+06 1.5936e+06 1.53729e+06
1.51922e+06 1.51908e+06 1.55843e+06 1.50856e+06
1.5356e+06 1.5617e+06 1.52984e+06 1.50595e+06
1.54917e+06 1.5321e+06 1.49722e+06 1.55148e+06
1.58994e+06 1.49448e+06 1.54325e+06 1.49365e+06
1.56784e+06 1.46639e+06 1.53437e+06 1.56427e+06
1.51922e+06 1.51908e+06 1.55843e+06 1.50856e+06
1.54917e+06 1.5321e+06 1.49722e+06 1.55148e+06
1.59999e+06 1.48543e+06 1.52596e+06 1.51019e+06
1.59723e+06 1.5053e+06 1.57082e+06 1.46372e+06
1.63838e+06 1.51199e+06 1.50495e+06 1.52055e+06
1.58606e+06 1.46481e+06 1.5936e+06 1.53729e+06
1.56359e+06 1.47096e+06 1.50958e+06 1.52368e+06
1.60013e+06 1.54163e+06 1.52905e+06 1.46934e+06
1.58606e+06 1.46481e+06 1.5936e+06 1.53729e+06
1.54927e+06 1.53001e+06 1.5121e+06 1.54908e+06
1.54154e+06 1.53299e+06 1.55617e+06 1.49407e+06
1.64803e+06 1.59366e+06 1.48827e+06 1.50738e+06
1.51922e+06 1.51908e+06 1.55843e+06 1.50856e+06
1.59999e+06 1.48543e+06 1.52596e+06 1.51019e+06
1.59999e+06 1.48543e+06 1.52596e+06 1.51019e+06
1.49576e+06 1.53618e+06 1.55852e+06 1.51443e+06
1.5707e+06 1.45622e+06 1.51354e+06 1.55421e+06
1.56784e+06 1.46639e+06 1.53437e+06 1.56427e+06
1.52509e+06 1.51859e+06 1.53569e+06 1.52983e+06
1.51098e+06 1.54539e+06 1.50762e+06 1.53044e+06
1.53732e+06 1.52487e+06 1.52025e+06 1.54082e+06
1.54154e+06 1.53299e+06 1.55617e+06 1.49407e+06
1.51098e+06 1.54539e+06 1.50762e+06 1.53044e+06
1.51922e+06 1.51908e+06 1.55843e+06 1.50856e+06
1.56688e+06 1.52768e+06 1.53236e+06 1.51188e+06
1.63838e+06 1.51199e+06 1.50495e+06 1.52055e+06
1.64803e+06 1.59366e+06 1.48827e+06 1.50738e+06
1.60047e+06 1.55406e+06 1.48018e+06 1.56541e+06
1.58994e+06 1.49448e+06 1.54325e+06 1.49365e+06
1.60013e+06 1.54163e+06 1.52905e+06 1.46934e+06
1.53156e+06 1.51306e+06 1.51279e+06 1.54085e+06
1.54927e+06 1.53001e+06 1.5121e+06 1.54908e+06
1.49576e+06 1.53618e+06 1.55852e+06 1.51443e+06
1.53658e+06 1.50832e+06 1.52763e+06 1.56354e+06
1.56359e+06 1.47096e+06 1.50958e+06 1.52368e+06
1.52845e+06 1.52642e+06 1.53783e+06 1.51966e+06
1.54083e+06 1.48582e+06 1.55053e+06 1.52121e+06
1.53156e+06 1.51306e+06 1.51279e+06 1.54085e+06
1.54917e+06 1.5321e+06 1.49722e+06 1.55148e+06
1.49576e+06 1.53618e+06 1.55852e+06 1.51443e+06
1.54083e+06 1.48582e+06 1.55053e+06 1.52121e+06
1.54438e+06 1.49961e+06 1.5413e+06 1.55525e+06
1.58606e+06 1.46481e+06 1.5936e+06 1.53729e+06
1.59723e+06 1.5053e+06 1.57082e+06 1.46372e+06
1.56359e+06 1.47096e+06 1.50958e+06 1.52368e+06
1.58606e+06 1.46481e+06 1.5936e+06 1.53729e+06
1.54927e+06 1.53001e+06 1.5121e+06 1.54908e+06
1.54917e+06 1.52538e+06 1.53266e+06 1.4961e+06
1.60013e+06 1.54163e+06 1.52905e+06 1.46934e+06
1.58606e+06 1.46481e+06 1.5936e+06 1.53729e+06
1.54083e+06 1.48582e+06 1.55053e+06 1.52121e+06
1.60013e+06 1.54163e+06 1.52905e+06 1.46934e+06
1.56359e+06 1.47096e+06 1.50958e+06 1.52368e+06
