3 2.72363
359382 294590
359382 294590
301545 337060
303647 321647
357589 296076
323766 297512
311017 309458
317080 299919
313446 306905
323766 297512
313446 306905
359382 294590
359382 294590
323766 297512
323766 297512
337398 298149
304389 334335
304389 334335
325425 303087
320087 306469
311905 312758
309972 323634
330769 301278
306719 332685
308254 327699
334442 300298
315703 311874
308387 324066
317099 308644
337398 298149
311905 312758
316688 309430
309972 323634
317099 308644
337398 298149
337398 298149
317099 308644
317099 308644
311905 312758
311905 312758
341948 300554
341948 300554
307548 334985
309619 327738
312706 318102
317992 309721
334732 301241
327536 307123
328541 303390
308820 333852
317680 313936
316895 317130
327658 306474
317535 316194
351188 303416
308829 348264
329699 305201
311184 337153
313303 321518
320136 319102
322713 313501
317843 321367
328681 310693
312760 330928
325961 312939
328769 306302
312136 331080
311974 334581
311534 334874
312760 330928
311534 334874
312760 330928
312760 330928
311534 334874
311534 334874
358553 305075
312277 346219
338228 305395
312674 339422
326138 314448
331192 308333
323438 320301
313925 327253
320018 322006
315071 322392
334452 307564
314561 325155
337280 307295
313925 327253
342629 307359
314057 343902
331343 309680
342226 308804
314145 329921
318823 325398
328082 314795
321843 322827
325553 320573
314786 328190
326682 317257
355197 308232
317473 335208
335425 309867
328320 315254
333093 314263
326768 320516
319966 329655
320960 325686
324817 322926
321888 323240
319140 332668
318923 333942
318155 335174
346791 309960
317721 340249
336746 312480
330669 315360
319594 333733
321275 326238
319327 335747
340123 312162
342138 310693
325739 324338
343787 310254
323120 325905
328691 320368
328092 321678
329469 318021
329638 317233
326807 322790
326635 323957
322241 325932
351478 310874
317963 340756
348619 311844
338958 312584
327089 324460
332164 315502
337347 312654
322014 334851
325511 328276
319436 337876
328758 321041
322339 330287
330729 319279
320432 336733
329931 320854
331577 317533
321617 336086
323454 328918
331469 318186
324941 328809
322808 329454
368308 312192
318671 342861
346781 312733
338322 313520
332464 318510
329866 321129
320883 337671
326216 328849
344520 312783
327837 325274
324131 335218
329559 325019
324230 331238
325335 330588
323361 336551
322197 337594
349033 313146
318991 343967
333771 318622
330465 321655
340286 314144
323972 339755
338606 316006
348534 313482
324668 332861
329232 327204
323986 337311
327735 330848
329165 328092
326192 331330
357623 314329
321374 355407
322178 344937
344571 315414
325022 333798
326562 332410
330510 322948
341787 317898
336185 319550
335197 321578
331603 321969
353647 315500
323446 346232
330372 333625
331076 323000
325544 340514
351895 316075
344960 317246
339044 319656
342998 318385
338162 321381
334149 322269
327059 337295
327864 335892
328840 333903
332319 322844
344907 317734
354026 315847
323803 346271
328321 337492
331247 329459
345956 317941
329513 335813
352367 316581
331552 324580
343353 319376
339375 320152
334446 323657
339060 321081
337688 322834
335963 323615
328421 337025
337332 323204
355212 316454
325068 358485
346176 318204
326974 349433
331655 327372
334699 324058
344275 319734
331426 334968
339424 321944
339496 320163
328335 345046
329182 341235
333375 324861
330570 337020
327253 347295
329774 339412
347936 318740
325833 367139
329515 348906
339983 321055
344730 320590
338686 324811
334434 324984
329658 341954
347083 319515
332432 331323
334109 329557
331676 334946
331552 338894
330920 340786
334142 328119
331959 333285
330948 339155
356811 318774
329770 344586
341281 321979
335723 325174
332009 339720
348772 319497
344933 321559
332454 332501
352445 318983
334326 328740
332915 331604
331157 341036
334736 326376
330406 343498
329837 344166
359117 319611
331316 350542
332549 333130
349638 319959
334147 332086
346526 322321
345152 325003
335008 326761
340445 326407
337636 326515
345734 323994
340255 326447
335761 326684
369929 320050
331586 352689
354643 321036
332584 342210
346807 326132
347164 322481
351195 321527
340896 326461
336348 327064
333353 334197
333123 338937
335427 328325
333348 336455
335191 331239
334636 332215
340150 326927
332997 341484
352414 322483
333293 340859
348063 325196
342252 327088
351330 324481
335746 331642
335561 333289
335409 336928
338167 329979
334146 337631
333601 340674
340468 327509
339568 328223
339297 329251
338206 329407
334885 337362
334693 337518
366204 322501
333623 342978
355005 323460
335652 333743
335817 331769
339718 329907
335250 338987
354912 324963
350010 326188
341832 327733
347204 327504
340191 328358
334768 340457
334359 342332
348724 326884
334984 339438
370210 323252
333638 352209
335086 340705
336468 332151
360719 323585
335371 339159
356941 324687
353952 327488
340138 330053
346779 328337
343790 328593
350117 327957
341280 329404
352594 327917
361685 324273
334743 356161
352021 327993
341818 329769
335688 346967
360849 324609
335766 341609
336739 335635
340726 330609
337433 333549
337288 333719
372438 324382
336034 350888
362853 328465
354400 328479
336519 341906
336327 347257
347190 329935
337508 337437
342881 331458
339153 333795
344070 330031
338088 335458
338871 334720
357204 329500
336222 351722
337573 343207
352866 330022
340719 334238
346584 332646
336724 349641
347190 330581
337634 337932
339484 335554
346758 331360
336339 350465
339182 336883
338125 337456
338444 337175
338957 337040
361048 329754
338087 340261
346980 333280
348378 330775
341806 335203
355175 330034
342442 334273
338710 337712
353570 330674
338536 339832
338651 337821
355702 330151
338107 345082
339700 342304
340303 338063
349058 330812
348528 332043
343209 336404
345236 334666
345145 335277
349492 331817
338628 346661
340767 344771
341495 341940
342676 338791
344284 337183
345474 334824
348582 333944
347865 334783
349897 331900
340769 347452
345397 338304
348829 335162
341585 343147
343208 340582
345208 339844
342174 342109
349405 334453
357632 332675
341548 352118
342475 344324
341678 349425
353809 333293
349255 336384
351215 334265
344469 343162
348888 337318
348290 340189
351710 333739
345773 342833
346189 341200
347070 341069
348046 340516
360029 334033
343189 345578
349443 340460
351759 336006
344664 343272
346450 341569
349765 336780
355863 334268
358368 334073
356585 334164
356488 334602
343717 350191
343718 346010
350908 337183
348651 343413
352217 336227
348294 343882
356871 334741
344874 347155
350705 344199
355606 337176
347058 346540
351011 338732
351057 337590
345399 346692
351048 337781
360377 336664
345012 351099
352817 345571
353315 338106
347718 346666
358140 337064
346095 348475
359945 338250
345354 352248
352586 352057
354087 341250
353458 345642
358524 344456
345980 357593
346766 354561
355491 351783
356011 351278
364336 347568
348816 355898
358887 349271
367428 348255
363955 350522
339385 286621
298175 315768
298175 315768
323305 293663
302668 307969
315518 301185
311829 306915
315518 301185
309535 307892
309535 307892
361211 295669
299885 337359
299885 337359
328876 296164
306333 324129
324826 299689
316318 304370
301887 334128
308296 314293
308262 314358
315204 307734
315204 307734
301887 334128
299885 337359
299885 337359
340499 296467
304724 340823
315557 321821
307893 331697
308878 325048
322329 308450
333802 297457
328711 308420
315655 312109
332896 301428
329585 303416
329138 305453
318571 312095
333654 299696
318790 310472
315655 312109
318790 310472
318790 310472
318790 310472
340766 296895
308254 332652
308254 332652
316947 316078
321430 313768
336917 298137
315623 323779
332897 302572
309706 326813
324346 308780
329612 307032
324346 308780
308828 332067
332260 305663
312832 325847
311997 326519
330717 306072
330717 306072
329630 306820
312832 325847
311997 326519
329630 306820
330717 306072
330717 306072
338379 298464
309199 332522
309199 332522
317355 319203
335026 305154
327236 309130
324162 315749
331116 307103
337674 300488
315789 327245
310245 328102
321400 316978
316431 324639
310245 328102
324364 311988
324398 310788
331522 306278
321400 316978
315898 326783
338379 298464
337674 300488
316420 324764
324398 310788
321400 316978
309199 332522
331522 306278
315789 327245
331522 306278
316431 324639
331522 306278
321400 316978
316431 324639
316431 324639
309199 332522
344926 300342
309954 351616
310671 329869
322885 317108
334770 308005
327442 309954
340949 304217
317735 323224
314919 328220
314919 328220
310671 329869
336680 305710
319967 319601
327442 309954
325860 314715
325860 314715
318183 321151
344926 300342
343148 303040
335372 306254
343148 303040
319885 320456
334770 308005
336680 305710
344926 300342
344926 300342
348130 300639
310691 340327
310691 340327
343166 306003
315072 328283
310858 334216
335462 308663
318564 323764
322887 318729
332822 310603
337419 306493
328327 312357
313085 329906
325931 315391
325931 315391
320561 320640
322745 320094
337419 306493
312708 332098
330919 311278
328338 311585
330919 311278
320310 322980
318564 323764
320310 322980
312708 332098
328338 311585
337419 306493
337419 306493
349847 301165
311540 343872
311540 343872
337550 307395
349847 301165
314007 333697
322965 318790
332832 311102
318799 324223
318238 328712
326327 316387
335618 308814
321498 322151
328228 315936
330187 312810
317362 329249
315987 330816
315303 330942
314875 333384
330187 312810
328474 313593
328474 313593
326327 316387
336627 308767
320435 323222
320434 323849
321017 322302
314875 333384
336627 308767
335618 308814
315303 330942
320434 323849
321330 322216
321017 322302
321330 322216
328474 313593
328474 313593
359512 301633
312041 344659
343727 307714
359512 301633
315715 332771
335801 309067
329771 318449
339368 308153
333115 311556
314868 339058
330218 314702
314748 340745
325001 318909
320487 327268
321869 323263
323235 321288
319749 329392
317926 331083
317164 331292
332317 313903
324398 318959
323057 322572
332803 313485
321869 323263
320487 327268
319859 328537
314868 339058
314748 340745
319859 328537
324398 318959
320487 327268
320487 327268
314868 339058
314868 339058
357276 308064
314332 345207
314332 345207
343892 308741
335856 309067
315262 339075
330509 316611
316561 335933
334039 313701
326201 318994
317384 332432
321134 327842
324473 321770
321109 330624
319092 331599
321895 324958
325325 319038
332130 315080
322748 324329
323156 322847
332491 314538
333877 314344
323156 322847
314332 345207
314332 345207
349250 309528
315439 343698
317463 333629
340930 309703
337182 309965
326908 319039
333132 317766
334393 314188
321836 330609
320078 333626
322386 327060
322969 325049
334196 316022
325824 324294
325907 323279
325997 321224
325997 321224
337410 310465
317354 347694
335469 315345
328926 320152
320597 334152
323082 325584
317589 340708
318551 334543
326199 323657
337149 314621
324741 325283
328107 322821
328790 322295
341666 310999
318646 340060
330881 322012
324674 325612
320418 334723
332944 320246
323167 330456
337728 312899
318818 335057
335589 318594
339625 311917
336559 316201
323929 330391
336383 317132
323990 327601
324257 327478
324093 327487
366850 311749
320230 350682
348355 312280
321043 337430
341767 313944
325902 325856
331708 324075
335617 320785
324453 330626
324239 334261
332918 323013
324479 327858
322112 335230
339293 317339
341231 316417
337404 318840
336583 319156
369676 313513
320648 355087
322358 335800
343089 315160
321802 353323
324512 328028
338789 319258
341885 315697
336716 319468
325978 326765
330896 326628
335226 323650
332905 325983
333366 324751
334577 324061
343617 316015
323589 365121
323693 338123
328477 327274
338930 320141
333468 326541
326788 334793
336659 324552
336778 322880
347924 316055
324201 346778
325812 342390
345090 319888
332813 327964
336761 326287
326838 337357
347209 316306
342327 320881
329761 330772
328820 332000
338383 323232
328634 335379
340155 322725
340300 321000
332571 330365
337496 325043
327624 336637
332612 329899
328039 335978
337315 325260
355926 316212
329280 333040
347269 320038
340585 321822
337058 327380
333885 329699
345570 320133
339427 324552
339247 325327
332006 330839
331121 331396
331490 331354
375439 321213
329733 337515
354157 322315
340758 323161
340266 327946
332265 333791
331137 335055
332883 330903
338711 330126
338714 328447
335332 330610
334061 330893
350583 323423
329922 342898
332480 334163
330958 342578
340880 325907
336461 331838
343978 323680
334367 332598
339063 329407
339450 328640
343617 324083
370629 324520
332010 347607
345013 324909
332973 340379
340223 328646
337209 335043
334202 336463
333736 337659
339649 331754
337396 333297
339391 332704
346468 325034
332530 349661
336325 336610
340555 335689
342414 328756
333261 341637
333925 341117
341888 329795
368732 325861
334024 341352
339121 338988
342091 331052
353176 325909
348084 329302
349488 326319
337184 339349
344099 330013
343235 330635
342535 330928
342252 331000
360821 326143
335170 354557
335215 343890
342675 332357
338884 339662
351245 328469
345057 330490
355126 326348
336003 341803
338573 340717
354285 327498
352206 327920
342930 330996
344284 330682
358357 326498
336174 358411
349810 330585
343085 331918
338013 346563
340807 340471
336331 357046
339064 342074
356532 331273
338922 347576
341206 341613
344176 332399
351676 332262
351800 332188
357235 331971
341394 344524
344861 335446
343190 343800
347899 332641
356375 332197
345895 333981
346687 333397
346021 333492
348609 332664
341811 347137
346095 333504
364358 332972
342267 347709
347703 334993
343346 347603
356048 333901
349910 333973
364989 333496
342321 353193
348303 337134
355128 334427
343438 348188
343202 348355
360205 334914
344831 352117
350325 342528
356637 336740
351902 338851
354697 337723
350374 340530
355716 338671
345736 365259
351356 350461
356862 339257
360392 340282
339833 288590
339833 288590
298134 325218
320540 293418
303497 311074
315757 300968
311857 304389
308018 309491
320540 293418
308018 309491
308018 309491
308018 309491
343822 290839
302888 336699
302888 336699
325513 300066
310848 310661
315778 301023
307084 326732
335871 297527
306826 335054
310054 323026
313379 307701
331779 298197
310054 323026
335871 297527
331779 298197
315533 305678
315533 305678
302888 336699
310054 323026
310054 323026
302888 336699
344559 293240
303331 340554
303331 340554
310990 310725
326941 302104
308780 327258
340611 300073
322235 302211
307864 330282
317474 307651
340611 300073
305014 337504
316098 309653
305014 337504
316573 307776
303331 340554
316848 307761
305014 337504
305014 337504
303331 340554
349076 294096
308697 330984
308697 330984
341663 300933
311087 316869
308976 327415
324746 305034
333051 302761
333823 302605
318977 309352
316161 312000
323075 305048
312627 315463
346502 296865
346502 296865
308976 327415
317891 310614
318223 310287
308697 330984
346502 296865
352443 300518
308924 332365
308924 332365
340391 303215
316219 313457
322798 309635
350926 302839
313494 315991
312750 325398
312617 332251
327128 305373
326028 308107
312750 325398
334198 305101
334125 305335
313494 315991
308924 332365
308924 332365
361579 302002
310276 356588
345922 303265
310507 337465
330313 305777
357560 303177
327378 308382
311294 333676
318554 314668
314803 317386
314078 324056
326146 312210
321907 313799
315458 316327
323352 312651
312756 330246
329943 306293
313563 326789
313538 329582
314030 325385
312978 329868
329943 306293
346676 304033
311794 338550
331417 305978
314075 328942
314614 325206
316446 316854
313130 334602
319765 315413
323592 313514
314828 320738
315883 320374
313018 335853
327788 310040
322363 314820
326292 312379
326292 312379
328502 309755
330591 308429
330680 306100
321070 315058
330219 309006
330219 309006
355980 304818
355980 304818
312165 345694
333013 305985
312683 338830
314075 332361
327835 310113
324123 313726
315476 324667
315134 329603
330676 308972
316292 320884
320390 317056
316779 317731
322225 315094
360793 305334
312798 349688
338494 306243
315801 336619
316005 327952
327911 311351
318640 320428
333640 307009
321780 319264
330564 310899
316825 323493
326817 315158
323065 315852
332236 308999
316419 327488
322963 317802
326490 315614
333587 308437
317775 322701
317645 322746
326490 315614
343519 306792
316210 335999
319227 320563
323989 316742
338338 307732
316406 328323
327500 315236
330967 312028
316897 325830
325706 316315
335182 308478
332368 310175
319033 324211
328043 312691
328467 312040
318381 325055
316406 328323
333433 309920
334583 309580
335005 308924
318603 324512
346438 307007
316676 350835
336094 308846
316924 338915
319957 322051
320618 321125
332717 311182
317262 332999
317330 326918
324084 318312
327897 316098
335838 310584
317124 335807
330443 312293
317330 326918
328847 312788
325382 316784
326253 316696
324104 317976
329423 312685
348444 307495
317393 333737
338296 308880
347839 307773
325564 317021
329913 313298
320109 322227
322160 321171
335380 311188
324304 318379
317462 332026
319243 327019
317692 327553
333431 311830
331922 312930
318855 327339
318173 327428
352531 307502
318118 328101
339279 309690
348066 308118
334718 311904
323161 321830
330231 317173
323044 325422
334104 314057
325041 319554
320275 326282
325750 318128
349135 307876
330376 314119
322219 326149
330376 314119
325184 318514
352391 308910
318809 335065
319255 328831
340120 310103
348073 309680
320298 327046
324082 324079
325373 318864
339948 312123
324381 322110
330603 317684
335873 312217
333834 314494
350348 309497
335071 312983
330640 315701
327873 318448
327873 318448
324376 323443
332726 315404
332497 315521
355640 309912
318895 346364
340995 310140
354263 310089
319083 338257
324328 326188
325314 322901
340950 312951
320243 334990
321187 331945
334210 314876
321685 327986
337009 313080
335684 313081
321254 329310
319794 337261
325405 319356
333120 317033
328267 318807
330490 318460
329251 318550
325976 318936
332352 317317
331095 317720
331238 317342
325833 319110
325976 318936
348425 310279
319762 339221
322885 328188
341349 310578
322621 338830
325158 327180
325542 321225
333311 318254
331958 318370
327207 319265
337113 315985
337857 313726
326935 319954
337857 313726
320348 339149
337509 315898
349389 311057
323566 335636
337612 316794
325709 332439
326141 321290
341681 312538
332880 318462
343788 312235
325109 333868
328500 319784
349389 311057
346929 312039
346929 312039
330796 319313
327049 320116
330258 319464
327035 321262
330526 319352
364987 311247
324060 336573
353374 312155
326058 333273
326363 325303
329146 319990
338239 317210
342376 313044
341935 313362
338627 317014
326714 321359
328059 320749
327307 321087
329045 320386
345403 313801
324235 340804
326809 322409
330562 320739
340481 317440
342810 316148
337478 320184
337575 320166
328996 321160
351818 314046
324520 345042
327295 329077
325893 341911
343913 317546
327749 322617
349058 315341
332745 322376
341018 319301
335443 320846
338484 320353
352769 315909
326216 366356
326704 342127
341061 320335
352169 317602
336886 321701
327539 329287
330142 322922
329342 325612
358129 320631
328101 349264
337262 322033
328827 332046
328537 345568
329862 327217
330878 324640
334789 323221
333668 323824
332417 324596
336906 323132
337188 322123
368708 321615
329290 349198
339913 322630
329534 335574
329957 328383
332917 324827
339825 322874
343614 322817
330237 332764
335053 325192
332133 328657
340393 324544
337140 324959
330294 331407
331965 330126
331049 330583
348518 322959
330313 336630
342771 324569
333945 329619
330577 335014
339165 325985
335731 329058
338715 327705
336922 327984
349745 325832
330327 342474
341676 326522
330760 336463
333971 332678
337718 328719
336663 329584
349895 326221
330754 344645
342237 327039
337620 329616
332202 337402
330856 339747
349843 326587
335363 334836
337309 331847
336543 334553
358354 326763
331547 346710
344786 327505
333258 339075
338254 335777
334348 337433
338328 332559
343928 329772
340494 330436
338754 332218
340440 330664
344585 329683
357653 327780
331874 356973
333307 346235
345544 328429
334359 339315
340357 333010
342134 331451
345259 330553
339431 336503
335644 337761
338291 337489
349252 330728
335868 338142
340706 336448
342708 333044
342424 336039
345035 332049
347350 331455
353737 330894
336265 338227
343213 334025
345384 333145
348446 332861
350518 331656
350285 332061
351230 333203
336524 341998
337437 339719
344021 336902
348411 335089
341265 339341
346441 335293
343521 338635
354973 333754
337073 347203
351489 339399
341555 340309
339366 340819
352838 334155
338615 346401
375618 334496
342469 344510
359213 338547
346913 340330
342508 342075
350452 340536
344373 343386
356201 340829
344388 344288
351748 342595
351829 341059
354846 340881
356494 343083
351784 352418
351803 346478
