128 1.32555
143536 97636 158081
138118 128776 106428
120863 106757 162998
120012 148435 124353
114654 117945 150714
120012 148435 124353
125040 134814 116975
123777 139685 116830
133406 114512 124008
123777 139685 116830
116462 114498 159209
140312 103657 132645
123439 139575 118631
125230 109362 149678
119884 110779 146381
118290 126670 143480
138391 102761 134755
138118 128776 106428
121688 134415 127615
133873 118226 111987
120863 106757 162998
129571 102314 156751
134064 104668 138134
126044 131535 109050
123502 133954 120509
132396 123853 108165
127500 108960 140482
141012 107489 129274
114654 117945 150714
130702 123689 110880
125274 114294 137420
117198 133946 144362
141863 121786 111772
135519 101656 143425
132396 123853 108165
131088 100637 145933
127913 104286 144493
142806 101545 136039
130534 102573 143025
122516 118538 145446
121706 119572 139890
126044 131535 109050
142183 117201 109313
142209 98978 158036
132551 105075 139943
133683 99453 144152
136636 108171 134924
140312 103657 132645
123439 139575 118631
143536 97636 158081
126173 112387 144246
141863 121786 111772
123605 107087 155552
126553 106321 153054
135519 101656 143425
141012 107489 129274
117198 133946 144362
118290 126670 143480
138251 104507 133164
126985 113154 138044
137108 128633 107378
127172 105771 152246
126989 121101 119194
141136 100386 139635
119884 110779 146381
119884 110779 146381
122516 118538 145446
127172 105771 152246
123605 107087 155552
123515 108512 151098
129571 102314 156751
121688 134415 127615
125609 120588 135627
126989 121101 119194
129809 103621 153923
129809 103621 153923
136636 108171 134924
127913 104286 144493
120339 123712 144901
142209 98978 158036
142183 117201 109313
130702 123689 110880
142805 127305 107475
137108 128633 107378
127500 109137 128804
126538 112043 144062
130177 108803 144045
142805 127305 107475
123549 113621 138660
141136 100386 139635
143078 100555 139122
133243 107945 139547
116462 114498 159209
123502 133954 120509
126553 106321 153054
118290 126670 143480
129655 103654 150648
126538 112043 144062
142805 127305 107475
116767 119630 145873
123549 113621 138660
130534 102573 143025
130177 108803 144045
126985 113154 138044
137108 128633 107378
137108 128633 107378
131088 100637 145933
122516 118538 145446
129809 103621 153923
127520 108183 151018
116767 119630 145873
142183 117201 109313
114654 117945 150714
132551 105075 139943
120339 123712 144901
125951 108563 144529
143078 100555 139122
127520 108183 151018
125609 120588 135627
125609 120588 135627
127500 109137 128804
138391 102761 134755
142183 117201 109313
127172 105771 152246
116767 119630 145873
116462 114498 159209
133243 107945 139547
133873 118226 111987
125609 120588 135627
133243 107945 139547
138251 104507 133164
143078 100555 139122
138251 104507 133164
125951 108563 144529
131088 100637 145933
116767 119630 145873
133243 107945 139547
125609 120588 135627
135519 101656 143425
133873 118226 111987
125951 108563 144529
120339 123712 144901
130702 123689 110880
133873 118226 111987
129809 103621 153923
142183 117201 109313
138118 128776 106428
141012 107489 129274
129655 103654 150648
137108 128633 107378
116767 119630 145873
142805 127305 107475
137108 128633 107378
129655 103654 150648
114654 117945 150714
142183 117201 109313
143536 97636 158081
143536 97636 158081
143078 100555 139122
142805 127305 107475
142805 127305 107475
142805 127305 107475
142805 127305 107475
142209 98978 158036
142209 98978 158036
142209 98978 158036
142183 117201 109313
142183 117201 109313
142183 117201 109313
142183 117201 109313
142183 117201 109313
142183 117201 109313
141863 121786 111772
141863 121786 111772
138391 102761 134755
138391 102761 134755
138251 104507 133164
137108 128633 107378
137108 128633 107378
137108 128633 107378
137108 128633 107378
137108 128633 107378
137108 128633 107378
135519 101656 143425
135519 101656 143425
135519 101656 143425
132551 105075 139943
129809 103621 153923
129809 103621 153923
129809 103621 153923
129655 103654 150648
126553 106321 153054
126553 106321 153054
126553 106321 153054
126538 112043 144062
126044 131535 109050
125951 108563 144529
125951 108563 144529
123549 113621 138660
123502 133954 120509
120339 123712 144901
120339 123712 144901
119884 110779 146381
119884 110779 146381
118290 126670 143480
116767 119630 145873
116462 114498 159209
116462 114498 159209
114654 117945 150714
114654 117945 150714
151503 109464 136914
142201 99702 151737
137325 127834 108707
135558 99975 163175
135130 148449 111420
117931 121208 151781
131494 128965 117081
127241 136172 115408
128407 142810 115205
143118 117740 126142
140180 101604 147120
146429 113319 131062
129462 123738 129591
125363 137183 120413
122273 114660 151054
126272 116096 142637
128407 142810 115205
135749 119619 127803
139239 105644 144471
130663 112950 132902
125363 137183 120413
130977 104435 153559
127233 109129 145381
135130 148449 111420
130310 106750 148258
137963 112686 139225
127239 121776 139247
145298 121192 110978
145678 110009 143182
129972 118345 137226
124333 112870 159493
125267 113129 157289
122577 125452 148574
124333 112870 159493
138460 126406 109608
135558 99975 163175
125586 113431 146639
135130 148449 111420
135381 127130 109901
137627 99976 153818
122862 121014 143277
146429 113319 131062
143118 117740 126142
141985 116638 127487
122273 114660 151054
122862 121014 143277
141985 116638 127487
125267 113129 157289
122310 117927 149479
138276 100630 152522
138276 100630 152522
125790 109633 149795
125790 109633 149795
142201 99702 151737
141985 116638 127487
137627 99976 153818
137627 99976 153818
125790 109633 149795
138276 100630 152522
137627 99976 153818
141985 116638 127487
125790 109633 149795
142201 99702 151737
137627 99976 153818
125363 137183 120413
142201 99702 151737
142201 99702 151737
142201 99702 151737
142201 99702 151737
142201 99702 151737
142201 99702 151737
142201 99702 151737
142201 99702 151737
142201 99702 151737
141985 116638 127487
141985 116638 127487
141985 116638 127487
141985 116638 127487
141985 116638 127487
141985 116638 127487
141985 116638 127487
141985 116638 127487
141985 116638 127487
138276 100630 152522
135558 99975 163175
125790 109633 149795
125790 109633 149795
125363 137183 120413
125363 137183 120413
153111 104475 149766
138646 103631 152909
131040 137791 115928
125581 150062 144619
122684 119556 166838
121772 122127 157068
148925 122313 123325
144920 130618 128009
127771 142629 129713
144787 115845 134886
126235 117477 158229
139288 132479 118326
139743 107932 150639
126116 123208 150721
132281 119152 141205
137015 131524 141110
127322 111092 166768
129364 111608 148884
129972 119698 143233
125697 135490 146498
137136 132210 139771
137763 106700 157784
128169 115284 146643
128523 110581 151999
131971 108669 152214
127095 118520 149472
132061 111178 146978
127322 111092 166768
161671 128661 126699
140584 133832 124434
131745 111112 156862
129944 154323 139526
124868 135027 160600
156468 130696 129577
137712 145679 137639
128456 118940 154609
140070 141863 132281
135243 122560 152809
137184 152696 146792
133067 137264 151122
139326 139635 145287
140439 121651 143254
140073 135567 135345
137506 144963 140065
139533 111735 149034
136996 113975 147552
135468 115148 153656
130148 134070 151878
135274 116661 147286
164995 133484 139700
153208 144388 130310
137173 154657 143131
134120 118322 163938
125941 138998 164616
130644 131531 157708
133735 144792 152490
154862 134171 133621
162902 130174 143975
144638 136759 137433
139746 119144 147695
135077 127842 154701
141720 122025 147262
143388 136057 142091
151469 140672 131132
150628 127477 145246
136540 124454 147415
141675 143575 132553
135136 135638 152786
149669 139314 132202
141114 138895 143819
147679 140456 132523
147998 133534 146810
152499 124346 145024
150429 134214 144718
152857 135874 142820
156466 136135 136576
152874 150007 131416
151819 119585 155932
140899 124856 171017
137264 129791 152985
140002 128276 167833
150193 139694 135974
137979 132355 150606
144205 147842 139100
154624 126741 146122
146954 125407 153232
141791 149123 142038
140720 146178 149226
153603 135275 145646
142345 144491 144895
145468 142833 145247
143279 125299 154425
153080 125695 152312
145805 141953 146013
142165 129243 150658
141294 144761 145283
140961 140133 149821
143794 141225 146048
140033 128107 152716
140305 141634 150564
156862 141831 136197
150301 155647 148126
146468 126257 155230
141092 133532 165632
138420 133653 157928
143886 128730 165616
153098 146498 136938
142634 146649 150207
150556 145580 144741
148984 137582 151140
152237 143155 148350
140424 135357 154926
143960 145049 150757
140743 134564 153752
154105 130970 157613
152572 146822 145289
139928 139517 163523
139728 139983 159983
146064 134611 154801
146055 137983 158596
151264 144197 159459
148841 135693 161217
147776 137296 172344
142386 145868 162397
152599 138818 167136
135346 93048 120596
120531 116122 90140
107504 97809 125506
104128 121987 104772
99536 111733 116125
135346 93048 120596
127947 94402 114355
106350 99236 122136
122953 108875 92740
104128 121987 104772
126490 95011 119397
109486 106506 102629
113150 100637 108052
117512 112644 92407
107438 113663 96311
104573 101562 124473
109681 107911 99860
107261 119068 100196
120024 98178 110656
120952 96576 106918
109809 109025 97694
114740 97713 116584
102323 107169 113712
120531 116122 90140
105395 101943 108366
117730 97863 112891
126490 95011 119397
110892 110296 96158
114447 98872 111833
111879 95567 117729
100656 117420 105796
108250 101041 110888
114556 103952 100461
105355 104468 112155
116651 95816 112900
113779 97999 115762
107261 119068 100196
127947 94402 114355
121888 109458 94715
100363 112046 109309
114483 102692 107373
110425 104054 105780
116187 103942 95422
99864 112103 109257
108227 101005 120032
108079 106762 103427
115300 103689 106155
100656 117420 105796
108016 101091 118410
106846 109940 105269
102428 106519 105555
115360 104998 98449
106829 101224 114138
119378 109718 94714
114899 116816 94594
104989 111079 105511
116075 111602 95951
111584 104950 103844
105790 105413 108146
121109 95546 118382
127947 94402 114355
116184 112750 93656
114483 102692 107373
114252 116265 95901
111630 106017 96221
105341 104956 117480
107507 112933 103609
108237 108796 100006
115161 117281 93651
116651 95816 112900
107504 103749 106772
102323 107169 113712
104989 111079 105511
107438 113663 96311
107165 105472 104541
119378 109718 94714
111700 98037 125239
107157 107052 105513
115161 117281 93651
115726 98086 114354
104452 113023 100228
114899 116816 94594
107490 105178 108230
121888 109458 94715
115628 101545 98342
111584 104950 103844
114252 116265 95901
121109 95546 118382
113779 97999 115762
104452 113023 100228
115628 101545 98342
102428 106519 105555
100363 112046 109309
121888 109458 94715
111700 98037 125239
99864 112103 109257
115300 103689 106155
104467 105651 115916
104467 105651 115916
119378 109718 94714
114556 103952 100461
115360 104998 98449
107504 97809 125506
107165 105472 104541
108237 108796 100006
114899 116816 94594
105341 104956 117480
104467 105651 115916
107261 119068 100196
121109 95546 118382
115300 103689 106155
99864 112103 109257
115628 101545 98342
114556 103952 100461
108237 108796 100006
135346 93048 120596
127947 94402 114355
121109 95546 118382
115628 101545 98342
115360 104998 98449
115300 103689 106155
115300 103689 106155
115300 103689 106155
114899 116816 94594
114899 116816 94594
114899 116816 94594
114252 116265 95901
111584 104950 103844
99864 112103 109257
132445 116827 93291
122282 118084 91399
119336 96102 120558
110556 98136 130598
105254 126976 101735
101978 112117 115355
118558 123088 92674
126753 113798 93859
114181 96492 122194
105254 126976 101735
125214 102683 101127
112907 100032 125616
123225 111479 94981
122743 97344 117577
112501 104307 108317
109684 119528 99938
105088 120837 102649
106852 99548 127975
111372 119497 98526
124614 115913 94014
104261 107113 106706
103211 107701 112617
126219 96506 116443
107547 110701 105013
111789 110002 97607
116274 101332 114586
116831 100678 115956
113746 99197 121154
105087 118539 105851
117190 102324 105349
122282 118084 91399
106852 99548 127975
120495 98126 114019
121468 107904 99200
110904 98908 126242
102959 109278 108717
122713 104885 95661
111897 108092 97033
109028 109835 100476
102059 117939 109009
105088 120837 102649
102915 111776 111427
114732 105935 102965
111152 116739 99705
119700 115244 95830
124614 115913 94014
111709 112661 99874
114769 106509 99683
108662 105562 107358
115724 102630 102091
122743 97344 117577
118334 115146 95966
105687 114916 101557
121622 98955 110361
112453 105881 104494
106418 102085 108402
109184 107985 103894
121622 98955 110361
112907 100032 125616
126395 114861 93797
126219 96506 116443
107226 118211 100280
119849 98095 115957
117497 98715 115560
117497 98715 115560
103916 106747 108651
103307 114061 107498
115724 102630 102091
107893 113878 100201
120578 98851 112038
101978 112117 115355
120921 113905 94470
110997 108547 102883
111522 118527 97048
108897 111526 101404
112197 101393 112271
110410 108627 101547
112810 105321 106229
105588 102067 109671
122743 97344 117577
106449 111211 105861
111597 101988 120893
102940 111753 107710
119849 98095 115957
110410 108627 101547
102200 114432 109391
105163 114744 102017
111737 106491 103579
116555 101823 106181
113672 106921 100157
120921 113905 94470
107804 113879 103195
107102 102032 115656
107143 113966 105800
113278 111755 96233
111709 112661 99874
107707 106967 107581
113278 111755 96233
106561 114507 103873
112810 105321 106229
102200 114432 109391
102623 114207 108387
102623 114207 108387
103916 106747 108651
110904 98908 126242
110927 107296 104676
116454 105613 100904
126753 113798 93859
108662 105562 107358
116454 105613 100904
119784 101125 112102
110927 107296 104676
120525 99137 111530
122576 99728 107460
120495 98126 114019
116555 101823 106181
112189 107954 99569
118334 115146 95966
119784 101125 112102
122576 99728 107460
113278 111755 96233
102059 117939 109009
106561 114507 103873
105588 102067 109671
105254 126976 101735
111737 106491 103579
112189 107954 99569
106449 111211 105861
120525 99137 111530
122412 108004 95706
112197 101393 112271
122412 108004 95706
113672 106921 100157
102059 117939 109009
102915 111776 111427
122412 108004 95706
111737 106491 103579
119784 101125 112102
120525 99137 111530
111737 106491 103579
122743 97344 117577
120525 99137 111530
111737 106491 103579
111737 106491 103579
111737 106491 103579
105088 120837 102649
102059 117939 109009
135453 108417 97178
133755 97236 130354
119968 97261 136393
115699 122386 97131
114292 126113 97707
102249 116033 111773
128227 103645 106156
106535 119051 102885
107987 116069 100569
133755 97236 130354
117116 100768 116025
126151 101397 107620
109155 102523 130237
111701 121237 98751
114049 98784 133864
108575 122480 100275
108702 103551 118140
117499 99892 119979
120313 109919 97313
115474 101529 113146
114314 100970 123005
123024 107026 104890
107901 103027 126531
123857 99452 111055
107901 103027 126531
110507 112086 104360
117765 98867 121192
104391 108123 107420
112390 101421 113187
119968 97261 136393
102952 115299 107850
122552 100107 110543
107802 113127 106929
113283 100680 132439
109301 105866 109773
114607 103877 110041
107229 104632 110605
118309 97900 122560
108590 119530 100420
135453 108417 97178
103188 114125 108250
105784 119399 106861
114312 109521 102358
116964 109357 97796
105214 107826 107576
112432 112056 99009
109785 110880 105578
111872 114624 102520
113604 110502 99243
112915 110233 103373
109425 105301 109066
119150 105413 107740
123857 99452 111055
108978 111144 105051
118309 97900 122560
111895 107677 105094
120173 109031 98353
113833 107203 104009
113522 104318 110752
119668 109222 98135
113283 100680 132439
113042 105504 108966
110181 113457 103713
117909 103193 109784
103188 114125 108250
109527 102743 122703
108963 110751 106363
122552 100107 110543
110181 113457 103713
108575 122480 100275
117595 109115 98666
114314 100970 123005
112991 109493 104169
108575 122480 100275
118309 97900 122560
118309 97900 122560
114314 100970 123005
130963 98129 126168
120374 97956 132380
118583 110623 98418
110562 125811 102154
103893 116971 110248
112934 117966 100911
123426 102186 112864
129743 101579 113599
108601 105024 122043
130001 99974 132312
115240 103282 116011
110618 103314 127315
108042 116577 104440
117060 101758 123825
113189 114135 105526
105694 109950 108821
110909 111931 106767
120964 104289 113503
112086 114702 103377
110418 109850 108641
119070 101844 114538
114499 106427 111631
108204 109475 115724
114984 107805 106625
104504 111364 112903
110997 117039 101010
112479 107170 109723
117625 100061 122053
113850 106757 113139
117573 102165 122279
114806 104910 112411
112194 116640 103148
120615 103148 113525
115129 105003 111021
128084 107190 110618
123901 115659 100007
112202 126206 105839
111634 107499 126331
107425 114124 112132
119569 119343 101259
113008 110541 112889
112859 123664 106038
115617 108386 106950
112566 108681 120032
112158 111141 118546
110452 119000 108515
121836 113531 101922
111404 112437 119903
109385 114010 109493
121277 107920 108055
121841 111844 106804
108638 113884 112213
120622 112073 106648
133515 109452 109356
127983 108627 123876
125306 118276 102257
111713 118502 112890
110275 115149 115242
118937 110641 118175
117980 112994 107445
115434 115149 109773
126490 114023 102984
124451 108807 113211
127240 114791 106685
121455 122419 108502
119426 113493 113041
123419 114474 108755
120003 114916 117041
119961 120793 113375
119487 117248 113485
120248 120077 116313
