253 243.607
1.28172e+06 1.25189e+06 1.29922e+06 1.30494e+06
1.28172e+06 1.25189e+06 1.29922e+06 1.30494e+06
1.28172e+06 1.25189e+06 1.29922e+06 1.30494e+06
1.28172e+06 1.25189e+06 1.29922e+06 1.30494e+06
1.27922e+06 1.25299e+06 1.29584e+06 1.30432e+06
1.27922e+06 1.25299e+06 1.29584e+06 1.30432e+06
1.27922e+06 1.25299e+06 1.29584e+06 1.30432e+06
1.28172e+06 1.25189e+06 1.29922e+06 1.30494e+06
1.28172e+06 1.25189e+06 1.29922e+06 1.30494e+06
1.28172e+06 1.25189e+06 1.29922e+06 1.30494e+06
1.27922e+06 1.25299e+06 1.29584e+06 1.30432e+06
1.28172e+06 1.25189e+06 1.29922e+06 1.30494e+06
1.28172e+06 1.25189e+06 1.29922e+06 1.30494e+06
1.28172e+06 1.25189e+06 1.29922e+06 1.30494e+06
1.28172e+06 1.25189e+06 1.29922e+06 1.30494e+06
1.28172e+06 1.25189e+06 1.29922e+06 1.30494e+06
1.28172e+06 1.25189e+06 1.29922e+06 1.30494e+06
1.28172e+06 1.25189e+06 1.29922e+06 1.30494e+06
1.28172e+06 1.25189e+06 1.29922e+06 1.30494e+06
1.28172e+06 1.25189e+06 1.29922e+06 1.30494e+06
1.28172e+06 1.25189e+06 1.29922e+06 1.30494e+06
1.28172e+06 1.25189e+06 1.29922e+06 1.30494e+06
1.28172e+06 1.25189e+06 1.29922e+06 1.30494e+06
1.28172e+06 1.25189e+06 1.29922e+06 1.30494e+06
1.28172e+06 1.25189e+06 1.29922e+06 1.30494e+06
1.28172e+06 1.25189e+06 1.29922e+06 1.30494e+06
1.28172e+06 1.25189e+06 1.29922e+06 1.30494e+06
1.28172e+06 1.25189e+06 1.29922e+06 1.30494e+06
1.28172e+06 1.25189e+06 1.29922e+06 1.30494e+06
1.28172e+06 1.25189e+06 1.29922e+06 1.30494e+06
1.28172e+06 1.25189e+06 1.29922e+06 1.30494e+06
1.28172e+06 1.25189e+06 1.29922e+06 1.30494e+06
1.28172e+06 1.25189e+06 1.29922e+06 1.30494e+06
1.28172e+06 1.25189e+06 1.29922e+06 1.30494e+06
1.28172e+06 1.25189e+06 1.29922e+06 1.30494e+06
1.27922e+06 1.25299e+06 1.29584e+06 1.30432e+06
1.27922e+06 1.25299e+06 1.29584e+06 1.30432e+06
1.29398e+06 1.27346e+06 1.31263e+06 1.3272e+06
1.29398e+06 1.27346e+06 1.31263e+06 1.3272e+06
1.29398e+06 1.27346e+06 1.31263e+06 1.3272e+06
1.28178e+06 1.2736e+06 1.31079e+06 1.31649e+06
1.28178e+06 1.2736e+06 1.31079e+06 1.31649e+06
1.28178e+06 1.2736e+06 1.31079e+06 1.31649e+06
1.28178e+06 1.2736e+06 1.31079e+06 1.31649e+06
1.29398e+06 1.27346e+06 1.31263e+06 1.3272e+06
1.29398e+06 1.27346e+06 1.31263e+06 1.3272e+06
1.29398e+06 1.27346e+06 1.31263e+06 1.3272e+06
1.28178e+06 1.2736e+06 1.31079e+06 1.31649e+06
1.28178e+06 1.2736e+06 1.31079e+06 1.31649e+06
1.28178e+06 1.2736e+06 1.31079e+06 1.31649e+06
1.28178e+06 1.2736e+06 1.31079e+06 1.31649e+06
1.29398e+06 1.27346e+06 1.31263e+06 1.3272e+06
1.29398e+06 1.27346e+06 1.31263e+06 1.3272e+06
1.29398e+06 1.27346e+06 1.31263e+06 1.3272e+06
1.29398e+06 1.27346e+06 1.31263e+06 1.3272e+06
1.29398e+06 1.27346e+06 1.31263e+06 1.3272e+06
1.29398e+06 1.27346e+06 1.31263e+06 1.3272e+06
1.29398e+06 1.27346e+06 1.31263e+06 1.3272e+06
1.29398e+06 1.27346e+06 1.31263e+06 1.3272e+06
1.29398e+06 1.27346e+06 1.31263e+06 1.3272e+06
1.29398e+06 1.27346e+06 1.31263e+06 1.3272e+06
1.29398e+06 1.27346e+06 1.31263e+06 1.3272e+06
1.29398e+06 1.27346e+06 1.31263e+06 1.3272e+06
1.29398e+06 1.27346e+06 1.31263e+06 1.3272e+06
1.29398e+06 1.27346e+06 1.31263e+06 1.3272e+06
1.29398e+06 1.27346e+06 1.31263e+06 1.3272e+06
1.29398e+06 1.27346e+06 1.31263e+06 1.3272e+06
1.29398e+06 1.27346e+06 1.31263e+06 1.3272e+06
1.29398e+06 1.27346e+06 1.31263e+06 1.3272e+06
1.29398e+06 1.27346e+06 1.31263e+06 1.3272e+06
1.29398e+06 1.27346e+06 1.31263e+06 1.3272e+06
1.29398e+06 1.27346e+06 1.31263e+06 1.3272e+06
1.29398e+06 1.27346e+06 1.31263e+06 1.3272e+06
1.29398e+06 1.27346e+06 1.31263e+06 1.3272e+06
1.29398e+06 1.27346e+06 1.31263e+06 1.3272e+06
1.29398e+06 1.27346e+06 1.31263e+06 1.3272e+06
1.29398e+06 1.27346e+06 1.31263e+06 1.3272e+06
1.29398e+06 1.27346e+06 1.31263e+06 1.3272e+06
1.29398e+06 1.27346e+06 1.31263e+06 1.3272e+06
1.29398e+06 1.27346e+06 1.31263e+06 1.3272e+06
1.29398e+06 1.27346e+06 1.31263e+06 1.3272e+06
1.29398e+06 1.27346e+06 1.31263e+06 1.3272e+06
1.29398e+06 1.27346e+06 1.31263e+06 1.3272e+06
1.29398e+06 1.27346e+06 1.31263e+06 1.3272e+06
1.29398e+06 1.27346e+06 1.31263e+06 1.3272e+06
1.29398e+06 1.27346e+06 1.31263e+06 1.3272e+06
1.29398e+06 1.27346e+06 1.31263e+06 1.3272e+06
1.29398e+06 1.27346e+06 1.31263e+06 1.3272e+06
1.29398e+06 1.27346e+06 1.31263e+06 1.3272e+06
1.29398e+06 1.27346e+06 1.31263e+06 1.3272e+06
1.29398e+06 1.27346e+06 1.31263e+06 1.3272e+06
1.29398e+06 1.27346e+06 1.31263e+06 1.3272e+06
1.29398e+06 1.27346e+06 1.31263e+06 1.3272e+06
1.29398e+06 1.27346e+06 1.31263e+06 1.3272e+06
1.29398e+06 1.27346e+06 1.31263e+06 1.3272e+06
1.29398e+06 1.27346e+06 1.31263e+06 1.3272e+06
1.29398e+06 1.27346e+06 1.31263e+06 1.3272e+06
1.29398e+06 1.27346e+06 1.31263e+06 1.3272e+06
1.29398e+06 1.27346e+06 1.31263e+06 1.3272e+06
1.29398e+06 1.27346e+06 1.31263e+06 1.3272e+06
1.29398e+06 1.27346e+06 1.31263e+06 1.3272e+06
1.29398e+06 1.27346e+06 1.31263e+06 1.3272e+06
1.29398e+06 1.27346e+06 1.31263e+06 1.3272e+06
1.29398e+06 1.27346e+06 1.31263e+06 1.3272e+06
1.29398e+06 1.27346e+06 1.31263e+06 1.3272e+06
1.29398e+06 1.27346e+06 1.31263e+06 1.3272e+06
1.29398e+06 1.27346e+06 1.31263e+06 1.3272e+06
1.29398e+06 1.27346e+06 1.31263e+06 1.3272e+06
1.28178e+06 1.2736e+06 1.31079e+06 1.31649e+06
1.28178e+06 1.2736e+06 1.31079e+06 1.31649e+06
1.28178e+06 1.2736e+06 1.31079e+06 1.31649e+06
1.28178e+06 1.2736e+06 1.31079e+06 1.31649e+06
1.28178e+06 1.2736e+06 1.31079e+06 1.31649e+06
1.28178e+06 1.2736e+06 1.31079e+06 1.31649e+06
1.28178e+06 1.2736e+06 1.31079e+06 1.31649e+06
1.28178e+06 1.2736e+06 1.31079e+06 1.31649e+06
1.28178e+06 1.2736e+06 1.31079e+06 1.31649e+06
1.28178e+06 1.2736e+06 1.31079e+06 1.31649e+06
1.28178e+06 1.2736e+06 1.31079e+06 1.31649e+06
1.28178e+06 1.2736e+06 1.31079e+06 1.31649e+06
1.28178e+06 1.2736e+06 1.31079e+06 1.31649e+06
1.28178e+06 1.2736e+06 1.31079e+06 1.31649e+06
1.28178e+06 1.2736e+06 1.31079e+06 1.31649e+06
1.28178e+06 1.2736e+06 1.31079e+06 1.31649e+06
1.28178e+06 1.2736e+06 1.31079e+06 1.31649e+06
1.28178e+06 1.2736e+06 1.31079e+06 1.31649e+06
1.28178e+06 1.2736e+06 1.31079e+06 1.31649e+06
1.28178e+06 1.2736e+06 1.31079e+06 1.31649e+06
1.28178e+06 1.2736e+06 1.31079e+06 1.31649e+06
1.28178e+06 1.2736e+06 1.31079e+06 1.31649e+06
1.28178e+06 1.2736e+06 1.31079e+06 1.31649e+06
1.28178e+06 1.2736e+06 1.31079e+06 1.31649e+06
1.28178e+06 1.2736e+06 1.31079e+06 1.31649e+06
1.28178e+06 1.2736e+06 1.31079e+06 1.31649e+06
1.28178e+06 1.2736e+06 1.31079e+06 1.31649e+06
1.28178e+06 1.2736e+06 1.31079e+06 1.31649e+06
1.28178e+06 1.2736e+06 1.31079e+06 1.31649e+06
1.28178e+06 1.2736e+06 1.31079e+06 1.31649e+06
1.28178e+06 1.2736e+06 1.31079e+06 1.31649e+06
1.28178e+06 1.2736e+06 1.31079e+06 1.31649e+06
1.28178e+06 1.2736e+06 1.31079e+06 1.31649e+06
1.28178e+06 1.2736e+06 1.31079e+06 1.31649e+06
1.28178e+06 1.2736e+06 1.31079e+06 1.31649e+06
1.28178e+06 1.2736e+06 1.31079e+06 1.31649e+06
1.28178e+06 1.2736e+06 1.31079e+06 1.31649e+06
1.28178e+06 1.2736e+06 1.31079e+06 1.31649e+06
1.28178e+06 1.2736e+06 1.31079e+06 1.31649e+06
1.30343e+06 1.30339e+06 1.34103e+06 1.33309e+06
1.30343e+06 1.30339e+06 1.34103e+06 1.33309e+06
1.4854e+06 1.3672e+06 1.38931e+06 1.47347e+06
1.4854e+06 1.3672e+06 1.38931e+06 1.47347e+06
1.4854e+06 1.3672e+06 1.38931e+06 1.47347e+06
1.4854e+06 1.3672e+06 1.38931e+06 1.47347e+06
1.4854e+06 1.3672e+06 1.38931e+06 1.47347e+06
1.4854e+06 1.3672e+06 1.38931e+06 1.47347e+06
1.4854e+06 1.3672e+06 1.38931e+06 1.47347e+06
1.4854e+06 1.3672e+06 1.38931e+06 1.47347e+06
1.4854e+06 1.3672e+06 1.38931e+06 1.47347e+06
1.4854e+06 1.3672e+06 1.38931e+06 1.47347e+06
1.4854e+06 1.3672e+06 1.38931e+06 1.47347e+06
1.4854e+06 1.3672e+06 1.38931e+06 1.47347e+06
1.4854e+06 1.3672e+06 1.38931e+06 1.47347e+06
1.4886e+06 1.36843e+06 1.3935e+06 1.47653e+06
1.4886e+06 1.36843e+06 1.3935e+06 1.47653e+06
1.4886e+06 1.36843e+06 1.3935e+06 1.47653e+06
1.4886e+06 1.36843e+06 1.3935e+06 1.47653e+06
1.4886e+06 1.36843e+06 1.3935e+06 1.47653e+06
1.4886e+06 1.36843e+06 1.3935e+06 1.47653e+06
1.4886e+06 1.36843e+06 1.3935e+06 1.47653e+06
1.4886e+06 1.36843e+06 1.3935e+06 1.47653e+06
1.4886e+06 1.36843e+06 1.3935e+06 1.47653e+06
1.4886e+06 1.36843e+06 1.3935e+06 1.47653e+06
1.4886e+06 1.36843e+06 1.3935e+06 1.47653e+06
1.4886e+06 1.36843e+06 1.3935e+06 1.47653e+06
1.4886e+06 1.36843e+06 1.3935e+06 1.47653e+06
1.4886e+06 1.36843e+06 1.3935e+06 1.47653e+06
1.4886e+06 1.36843e+06 1.3935e+06 1.47653e+06
1.4886e+06 1.36843e+06 1.3935e+06 1.47653e+06
1.4886e+06 1.36843e+06 1.3935e+06 1.47653e+06
1.4886e+06 1.36843e+06 1.3935e+06 1.47653e+06
1.4886e+06 1.36843e+06 1.3935e+06 1.47653e+06
1.4886e+06 1.36843e+06 1.3935e+06 1.47653e+06
1.4886e+06 1.36843e+06 1.3935e+06 1.47653e+06
1.4886e+06 1.36843e+06 1.3935e+06 1.47653e+06
1.4886e+06 1.36843e+06 1.3935e+06 1.47653e+06
1.4886e+06 1.36843e+06 1.3935e+06 1.47653e+06
1.4886e+06 1.36843e+06 1.3935e+06 1.47653e+06
1.4886e+06 1.36843e+06 1.3935e+06 1.47653e+06
1.4886e+06 1.36843e+06 1.3935e+06 1.47653e+06
1.4886e+06 1.36843e+06 1.3935e+06 1.47653e+06
1.4886e+06 1.36843e+06 1.3935e+06 1.47653e+06
1.4886e+06 1.36843e+06 1.3935e+06 1.47653e+06
1.4886e+06 1.36843e+06 1.3935e+06 1.47653e+06
1.4886e+06 1.36843e+06 1.3935e+06 1.47653e+06
1.4886e+06 1.36843e+06 1.3935e+06 1.47653e+06
1.4886e+06 1.36843e+06 1.3935e+06 1.47653e+06
1.4886e+06 1.36843e+06 1.3935e+06 1.47653e+06
1.4886e+06 1.36843e+06 1.3935e+06 1.47653e+06
1.4886e+06 1.36843e+06 1.3935e+06 1.47653e+06
1.4886e+06 1.36843e+06 1.3935e+06 1.47653e+06
1.4886e+06 1.36843e+06 1.3935e+06 1.47653e+06
1.4886e+06 1.36843e+06 1.3935e+06 1.47653e+06
1.4886e+06 1.36843e+06 1.3935e+06 1.47653e+06
1.4886e+06 1.36843e+06 1.3935e+06 1.47653e+06
1.66479e+06 1.55418e+06 1.56507e+06 1.6115e+06
1.65787e+06 1.56423e+06 1.56384e+06 1.54847e+06
1.6206e+06 1.50073e+06 1.57271e+06 1.5934e+06
1.61914e+06 1.57737e+06 1.52503e+06 1.59748e+06
1.57794e+06 1.62093e+06 1.57835e+06 1.57701e+06
1.56663e+06 1.60584e+06 1.55375e+06 1.66967e+06
1.55581e+06 1.5523e+06 1.62462e+06 1.61579e+06
1.53257e+06 1.5782e+06 1.6142e+06 1.59641e+06
1.60815e+06 1.5924e+06 1.54044e+06 1.65817e+06
1.53896e+06 1.59048e+06 1.59497e+06 1.55062e+06
1.6489e+06 1.60064e+06 1.56236e+06 1.56879e+06
1.61015e+06 1.55499e+06 1.61802e+06 1.56177e+06
1.58114e+06 1.5604e+06 1.56179e+06 1.63529e+06
1.56806e+06 1.55831e+06 1.60723e+06 1.55652e+06
1.56877e+06 1.61018e+06 1.56024e+06 1.62811e+06
1.61911e+06 1.567e+06 1.54521e+06 1.62194e+06
1.64034e+06 1.52653e+06 1.57131e+06 1.5777e+06
1.60238e+06 1.51383e+06 1.60204e+06 1.63325e+06
1.55043e+06 1.57352e+06 1.59112e+06 1.62738e+06
1.55806e+06 1.51811e+06 1.61404e+06 1.58218e+06
1.62643e+06 1.54595e+06 1.56842e+06 1.62666e+06
1.60226e+06 1.6003e+06 1.53308e+06 1.59214e+06
1.6206e+06 1.50073e+06 1.57271e+06 1.5934e+06
1.60134e+06 1.53657e+06 1.58092e+06 1.61995e+06
1.59126e+06 1.53044e+06 1.57744e+06 1.62897e+06
1.55973e+06 1.53074e+06 1.60339e+06 1.61604e+06
1.58081e+06 1.59264e+06 1.55813e+06 1.62606e+06
1.58605e+06 1.57323e+06 1.55517e+06 1.60397e+06
1.62462e+06 1.57072e+06 1.54888e+06 1.61732e+06
1.58335e+06 1.53928e+06 1.58351e+06 1.59778e+06
1.58739e+06 1.53557e+06 1.60138e+06 1.59025e+06
1.58155e+06 1.58453e+06 1.54179e+06 1.57757e+06
1.57115e+06 1.54007e+06 1.58645e+06 1.58883e+06
1.57467e+06 1.57937e+06 1.56268e+06 1.60803e+06
1.60533e+06 1.56422e+06 1.55082e+06 1.62415e+06
1.58071e+06 1.5262e+06 1.6017e+06 1.56422e+06
1.60226e+06 1.6003e+06 1.53308e+06 1.59214e+06
1.55138e+06 1.5597e+06 1.58842e+06 1.60878e+06
1.56339e+06 1.54077e+06 1.59485e+06 1.5861e+06
1.59634e+06 1.55432e+06 1.55865e+06 1.61038e+06
1.59251e+06 1.56434e+06 1.56253e+06 1.60661e+06
1.58773e+06 1.57893e+06 1.56937e+06 1.56506e+06
1.59561e+06 1.56712e+06 1.55235e+06 1.60197e+06
1.58016e+06 1.5502e+06 1.57946e+06 1.56315e+06
1.56424e+06 1.58979e+06 1.57211e+06 1.635e+06
1.56822e+06 1.51638e+06 1.59214e+06 1.62031e+06
1.57676e+06 1.5632e+06 1.57575e+06 1.62162e+06
1.60305e+06 1.56259e+06 1.57423e+06 1.59917e+06
1.63379e+06 1.54276e+06 1.57218e+06 1.63245e+06
1.60612e+06 1.58257e+06 1.56207e+06 1.59589e+06
1.56167e+06 1.56203e+06 1.609e+06 1.59228e+06
1.55806e+06 1.51811e+06 1.61404e+06 1.58218e+06
1.60886e+06 1.56064e+06 1.5699e+06 1.58846e+06
1.55435e+06 1.5694e+06 1.59123e+06 1.57782e+06
1.55193e+06 1.57011e+06 1.58022e+06 1.59967e+06
1.56354e+06 1.55152e+06 1.58522e+06 1.63466e+06
1.57922e+06 1.60582e+06 1.55492e+06 1.60073e+06
1.63379e+06 1.54276e+06 1.57218e+06 1.63245e+06
1.6262e+06 1.56762e+06 1.5413e+06 1.60104e+06
1.55926e+06 1.57063e+06 1.59441e+06 1.57752e+06
1.60676e+06 1.55133e+06 1.57217e+06 1.59517e+06
1.63379e+06 1.54276e+06 1.57218e+06 1.63245e+06
1.56167e+06 1.56203e+06 1.609e+06 1.59228e+06
1.623e+06 1.56199e+06 1.56844e+06 1.59071e+06
1.55435e+06 1.5694e+06 1.59123e+06 1.57782e+06
1.60948e+06 1.55033e+06 1.56878e+06 1.61459e+06
1.62485e+06 1.54437e+06 1.55413e+06 1.62767e+06
1.58739e+06 1.53557e+06 1.60138e+06 1.59025e+06
1.623e+06 1.56199e+06 1.56844e+06 1.59071e+06
1.57922e+06 1.60582e+06 1.55492e+06 1.60073e+06
1.58114e+06 1.5604e+06 1.56179e+06 1.63529e+06
1.60948e+06 1.55033e+06 1.56878e+06 1.61459e+06
1.6206e+06 1.50073e+06 1.57271e+06 1.5934e+06
1.62485e+06 1.54437e+06 1.55413e+06 1.62767e+06
1.60948e+06 1.55033e+06 1.56878e+06 1.61459e+06
1.62485e+06 1.54437e+06 1.55413e+06 1.62767e+06
1.6206e+06 1.50073e+06 1.57271e+06 1.5934e+06
1.62485e+06 1.54437e+06 1.55413e+06 1.62767e+06
1.60226e+06 1.6003e+06 1.53308e+06 1.59214e+06
1.55806e+06 1.51811e+06 1.61404e+06 1.58218e+06
1.67094e+06 1.5767e+06 1.57982e+06 1.58878e+06
1.66389e+06 1.50737e+06 1.60692e+06 1.63853e+06
1.64067e+06 1.57575e+06 1.54573e+06 1.6171e+06
1.63716e+06 1.64558e+06 1.55862e+06 1.63588e+06
1.613e+06 1.56157e+06 1.615e+06 1.55699e+06
1.59784e+06 1.58502e+06 1.56558e+06 1.65788e+06
1.56046e+06 1.57669e+06 1.64043e+06 1.60267e+06
1.54261e+06 1.60472e+06 1.61424e+06 1.57369e+06
1.57764e+06 1.62121e+06 1.59565e+06 1.59339e+06
1.63716e+06 1.64558e+06 1.55862e+06 1.63588e+06
1.6243e+06 1.56947e+06 1.54902e+06 1.64948e+06
1.66389e+06 1.50737e+06 1.60692e+06 1.63853e+06
1.57644e+06 1.54531e+06 1.6318e+06 1.6274e+06
1.64511e+06 1.54102e+06 1.58695e+06 1.61123e+06
1.57198e+06 1.52426e+06 1.63721e+06 1.61385e+06
1.61392e+06 1.61114e+06 1.56308e+06 1.61689e+06
1.62956e+06 1.534e+06 1.62241e+06 1.5801e+06
1.61669e+06 1.56396e+06 1.56609e+06 1.64452e+06
1.58502e+06 1.52216e+06 1.60327e+06 1.65137e+06
1.60907e+06 1.59871e+06 1.59274e+06 1.56706e+06
1.64206e+06 1.58812e+06 1.6079e+06 1.5636e+06
1.63963e+06 1.59567e+06 1.57374e+06 1.6108e+06
1.64205e+06 1.51791e+06 1.61449e+06 1.63699e+06
1.63319e+06 1.54776e+06 1.60354e+06 1.57166e+06
1.63764e+06 1.53107e+06 1.58663e+06 1.61866e+06
1.60374e+06 1.55596e+06 1.56837e+06 1.62072e+06
1.62064e+06 1.5606e+06 1.56704e+06 1.63987e+06
1.59764e+06 1.57556e+06 1.61186e+06 1.55946e+06
1.61778e+06 1.53424e+06 1.60969e+06 1.59604e+06
1.5826e+06 1.5472e+06 1.61912e+06 1.60697e+06
1.62977e+06 1.59065e+06 1.5741e+06 1.5717e+06
1.59702e+06 1.53982e+06 1.59709e+06 1.61673e+06
1.57236e+06 1.56746e+06 1.61932e+06 1.57785e+06
1.58286e+06 1.5541e+06 1.60552e+06 1.56877e+06
1.60006e+06 1.56774e+06 1.57664e+06 1.63058e+06
1.58385e+06 1.57248e+06 1.58102e+06 1.59476e+06
1.58688e+06 1.56036e+06 1.58319e+06 1.599e+06
1.5892e+06 1.55166e+06 1.61699e+06 1.59831e+06
1.59151e+06 1.58631e+06 1.58002e+06 1.60147e+06
1.62413e+06 1.61834e+06 1.57678e+06 1.61292e+06
1.58596e+06 1.58054e+06 1.57051e+06 1.63031e+06
1.61151e+06 1.58975e+06 1.59376e+06 1.5751e+06
1.62781e+06 1.54313e+06 1.60082e+06 1.59814e+06
1.58033e+06 1.55854e+06 1.61019e+06 1.57995e+06
1.56741e+06 1.58348e+06 1.61341e+06 1.62795e+06
1.67094e+06 1.5767e+06 1.57982e+06 1.58878e+06
1.62217e+06 1.55629e+06 1.5807e+06 1.59057e+06
1.59695e+06 1.58154e+06 1.6012e+06 1.5815e+06
1.59478e+06 1.54507e+06 1.5995e+06 1.61151e+06
1.60151e+06 1.59737e+06 1.57836e+06 1.58607e+06
1.60194e+06 1.55593e+06 1.57998e+06 1.60425e+06
1.56574e+06 1.57605e+06 1.59583e+06 1.63057e+06
1.57045e+06 1.58467e+06 1.60213e+06 1.59042e+06
1.60642e+06 1.57896e+06 1.57833e+06 1.57629e+06
1.59508e+06 1.55749e+06 1.59029e+06 1.62533e+06
1.60825e+06 1.55606e+06 1.58985e+06 1.58682e+06
1.59096e+06 1.5618e+06 1.59372e+06 1.59456e+06
1.59856e+06 1.54555e+06 1.59135e+06 1.62981e+06
1.59915e+06 1.55855e+06 1.58524e+06 1.63619e+06
1.61427e+06 1.54424e+06 1.58846e+06 1.61856e+06
1.6362e+06 1.54184e+06 1.59583e+06 1.61373e+06
1.59874e+06 1.61883e+06 1.57756e+06 1.61246e+06
1.58834e+06 1.54005e+06 1.61581e+06 1.62884e+06
1.60556e+06 1.58255e+06 1.58692e+06 1.58993e+06
1.58632e+06 1.57833e+06 1.59982e+06 1.58353e+06
1.56716e+06 1.58998e+06 1.61e+06 1.62476e+06
1.60065e+06 1.57814e+06 1.58835e+06 1.58638e+06
1.59975e+06 1.55287e+06 1.59374e+06 1.58344e+06
1.613e+06 1.56157e+06 1.615e+06 1.55699e+06
1.61701e+06 1.54059e+06 1.58899e+06 1.62896e+06
1.59743e+06 1.55926e+06 1.60042e+06 1.58345e+06
1.57398e+06 1.59034e+06 1.59036e+06 1.63608e+06
1.57398e+06 1.59034e+06 1.59036e+06 1.63608e+06
1.56716e+06 1.58998e+06 1.61e+06 1.62476e+06
1.6558e+06 1.54982e+06 1.60451e+06 1.58256e+06
1.63956e+06 1.58434e+06 1.62045e+06 1.55705e+06
1.61603e+06 1.59125e+06 1.56635e+06 1.66571e+06
1.59493e+06 1.65416e+06 1.58077e+06 1.62172e+06
1.59025e+06 1.53312e+06 1.64977e+06 1.62134e+06
1.56795e+06 1.60422e+06 1.6122e+06 1.67748e+06
1.60774e+06 1.62651e+06 1.60624e+06 1.59445e+06
1.58978e+06 1.56057e+06 1.63265e+06 1.59899e+06
1.57478e+06 1.59007e+06 1.64177e+06 1.61187e+06
1.64232e+06 1.5525e+06 1.59675e+06 1.65567e+06
1.62411e+06 1.59508e+06 1.58587e+06 1.58071e+06
1.63581e+06 1.5381e+06 1.6415e+06 1.61574e+06
1.6204e+06 1.54266e+06 1.62521e+06 1.6202e+06
1.6201e+06 1.61454e+06 1.62266e+06 1.56124e+06
1.60386e+06 1.61783e+06 1.57145e+06 1.64166e+06
1.61495e+06 1.59567e+06 1.60612e+06 1.59301e+06
1.61864e+06 1.55356e+06 1.59226e+06 1.665e+06
1.59619e+06 1.55687e+06 1.6073e+06 1.64435e+06
1.59991e+06 1.60941e+06 1.57579e+06 1.6478e+06
1.5691e+06 1.58243e+06 1.61637e+06 1.63448e+06
1.60433e+06 1.58621e+06 1.56844e+06 1.67565e+06
1.62866e+06 1.58147e+06 1.59095e+06 1.62692e+06
1.57966e+06 1.57001e+06 1.62519e+06 1.62902e+06
1.58728e+06 1.5683e+06 1.61789e+06 1.60144e+06
1.63812e+06 1.57947e+06 1.59839e+06 1.58876e+06
1.60523e+06 1.56335e+06 1.60913e+06 1.57431e+06
1.60997e+06 1.57414e+06 1.60179e+06 1.61562e+06
1.5988e+06 1.53862e+06 1.60926e+06 1.65722e+06
1.63229e+06 1.58302e+06 1.57677e+06 1.63501e+06
1.60758e+06 1.61264e+06 1.58064e+06 1.63309e+06
1.63772e+06 1.54911e+06 1.62326e+06 1.62508e+06
1.59054e+06 1.58305e+06 1.58335e+06 1.60402e+06
1.57644e+06 1.57692e+06 1.62027e+06 1.62377e+06
1.60843e+06 1.57689e+06 1.595e+06 1.64892e+06
1.60573e+06 1.5616e+06 1.59508e+06 1.63943e+06
1.60314e+06 1.5619e+06 1.59982e+06 1.63423e+06
1.6341e+06 1.55293e+06 1.60725e+06 1.60617e+06
1.62578e+06 1.58616e+06 1.58255e+06 1.58626e+06
1.63076e+06 1.61176e+06 1.60366e+06 1.57077e+06
1.63389e+06 1.56512e+06 1.57198e+06 1.62256e+06
1.58364e+06 1.57354e+06 1.61166e+06 1.57186e+06
1.58415e+06 1.59315e+06 1.59664e+06 1.6128e+06
1.59307e+06 1.57433e+06 1.60329e+06 1.60119e+06
1.63189e+06 1.61314e+06 1.57491e+06 1.65349e+06
1.58492e+06 1.57562e+06 1.60187e+06 1.61927e+06
1.62886e+06 1.6133e+06 1.57446e+06 1.62867e+06
1.59916e+06 1.55412e+06 1.61119e+06 1.59746e+06
1.58131e+06 1.56796e+06 1.6252e+06 1.58431e+06
1.63956e+06 1.58434e+06 1.62045e+06 1.55705e+06
1.62184e+06 1.57865e+06 1.60499e+06 1.59359e+06
1.62674e+06 1.61151e+06 1.58123e+06 1.59671e+06
1.62161e+06 1.59537e+06 1.6058e+06 1.59998e+06
1.60433e+06 1.58621e+06 1.56844e+06 1.67565e+06
1.58224e+06 1.56452e+06 1.62379e+06 1.61858e+06
1.58224e+06 1.56452e+06 1.62379e+06 1.61858e+06
1.5988e+06 1.53862e+06 1.60926e+06 1.65722e+06
1.63076e+06 1.61176e+06 1.60366e+06 1.57077e+06
1.62674e+06 1.61151e+06 1.58123e+06 1.59671e+06
1.67684e+06 1.61421e+06 1.60817e+06 1.57294e+06
1.65965e+06 1.54715e+06 1.6156e+06 1.67099e+06
1.64201e+06 1.61348e+06 1.64171e+06 1.56482e+06
1.61191e+06 1.5954e+06 1.58164e+06 1.70132e+06
1.60729e+06 1.62161e+06 1.5784e+06 1.6422e+06
1.60576e+06 1.55756e+06 1.66509e+06 1.61124e+06
1.58544e+06 1.64241e+06 1.61226e+06 1.60021e+06
1.57143e+06 1.6101e+06 1.64016e+06 1.66039e+06
1.57698e+06 1.63406e+06 1.65626e+06 1.62068e+06
1.57768e+06 1.59755e+06 1.61962e+06 1.68284e+06
1.64368e+06 1.58003e+06 1.59517e+06 1.62414e+06
1.60024e+06 1.5539e+06 1.66288e+06 1.63987e+06
1.62323e+06 1.60413e+06 1.59243e+06 1.65523e+06
1.62712e+06 1.57066e+06 1.61338e+06 1.6281e+06
1.63214e+06 1.57399e+06 1.63326e+06 1.59964e+06
1.59108e+06 1.61905e+06 1.62404e+06 1.61806e+06
1.58612e+06 1.61187e+06 1.60066e+06 1.6514e+06
1.65305e+06 1.54759e+06 1.6112e+06 1.66899e+06
1.61879e+06 1.59246e+06 1.63436e+06 1.58478e+06
1.60334e+06 1.58792e+06 1.60909e+06 1.62839e+06
1.65357e+06 1.58814e+06 1.62638e+06 1.5777e+06
1.62495e+06 1.58816e+06 1.58609e+06 1.60909e+06
1.58159e+06 1.60098e+06 1.64918e+06 1.6117e+06
1.58003e+06 1.62186e+06 1.61785e+06 1.66158e+06
1.65074e+06 1.55541e+06 1.63019e+06 1.60426e+06
1.62154e+06 1.56066e+06 1.63886e+06 1.61063e+06
1.60034e+06 1.56225e+06 1.61124e+06 1.64042e+06
1.58234e+06 1.61657e+06 1.62691e+06 1.64396e+06
1.59179e+06 1.62708e+06 1.64382e+06 1.59022e+06
1.62289e+06 1.58082e+06 1.64692e+06 1.60402e+06
1.59546e+06 1.58994e+06 1.61989e+06 1.59014e+06
1.6029e+06 1.60154e+06 1.59709e+06 1.63946e+06
1.61283e+06 1.62821e+06 1.60262e+06 1.60922e+06
1.61616e+06 1.60818e+06 1.61507e+06 1.58615e+06
1.63548e+06 1.63017e+06 1.59698e+06 1.60694e+06
1.59065e+06 1.60091e+06 1.59762e+06 1.62179e+06
1.63858e+06 1.58823e+06 1.6046e+06 1.60124e+06
1.6372e+06 1.59336e+06 1.61119e+06 1.59711e+06
1.62358e+06 1.61593e+06 1.58344e+06 1.61434e+06
1.58655e+06 1.59414e+06 1.63115e+06 1.61519e+06
1.61013e+06 1.58496e+06 1.63256e+06 1.61337e+06
1.62052e+06 1.5864e+06 1.60483e+06 1.6068e+06
1.60561e+06 1.61674e+06 1.59321e+06 1.64306e+06
1.63511e+06 1.61406e+06 1.57903e+06 1.62809e+06
1.61666e+06 1.57321e+06 1.61867e+06 1.61503e+06
1.60874e+06 1.59077e+06 1.61814e+06 1.60489e+06
1.63488e+06 1.60026e+06 1.61291e+06 1.57336e+06
1.60654e+06 1.61145e+06 1.61422e+06 1.59207e+06
1.61627e+06 1.58529e+06 1.63162e+06 1.5928e+06
1.60228e+06 1.59048e+06 1.62963e+06 1.58888e+06
1.6021e+06 1.58703e+06 1.61174e+06 1.60646e+06
1.61092e+06 1.59321e+06 1.63972e+06 1.58846e+06
1.59495e+06 1.62526e+06 1.63982e+06 1.60035e+06
1.62275e+06 1.60922e+06 1.63222e+06 1.58116e+06
1.59495e+06 1.62526e+06 1.63982e+06 1.60035e+06
1.57967e+06 1.57324e+06 1.62994e+06 1.64328e+06
1.62275e+06 1.60922e+06 1.63222e+06 1.58116e+06
1.63488e+06 1.60026e+06 1.61291e+06 1.57336e+06
1.6725e+06 1.60313e+06 1.62262e+06 1.59663e+06
1.63488e+06 1.58817e+06 1.59812e+06 1.62082e+06
1.62643e+06 1.62639e+06 1.59958e+06 1.64073e+06
1.59271e+06 1.58331e+06 1.641e+06 1.67274e+06
1.61613e+06 1.61093e+06 1.6362e+06 1.64167e+06
1.64976e+06 1.59932e+06 1.61229e+06 1.60018e+06
1.66325e+06 1.58695e+06 1.61992e+06 1.6223e+06
1.66267e+06 1.6411e+06 1.60069e+06 1.6278e+06
1.6421e+06 1.67087e+06 1.61287e+06 1.62113e+06
1.63614e+06 1.59011e+06 1.62212e+06 1.6491e+06
1.69173e+06 1.51898e+06 1.67528e+06 1.61334e+06
1.69173e+06 1.51898e+06 1.67528e+06 1.61334e+06
1.6404e+06 1.50652e+06 1.59482e+06 1.66227e+06
1.63152e+06 1.61035e+06 1.54004e+06 1.6227e+06
1.62258e+06 1.50775e+06 1.60148e+06 1.66578e+06
1.61259e+06 1.59694e+06 1.62425e+06 1.54278e+06
1.60571e+06 1.64573e+06 1.5844e+06 1.55448e+06
1.53834e+06 1.61798e+06 1.58581e+06 1.63158e+06
1.67263e+06 1.53355e+06 1.66684e+06 1.59297e+06
1.69173e+06 1.51898e+06 1.67528e+06 1.61334e+06
1.60997e+06 1.6169e+06 1.62693e+06 1.54681e+06
1.60693e+06 1.50896e+06 1.63479e+06 1.65877e+06
1.64473e+06 1.5783e+06 1.57997e+06 1.58778e+06
1.58082e+06 1.56991e+06 1.66518e+06 1.58499e+06
1.60693e+06 1.50896e+06 1.63479e+06 1.65877e+06
1.54171e+06 1.57925e+06 1.61042e+06 1.62572e+06
1.56544e+06 1.62515e+06 1.65642e+06 1.58902e+06
1.65592e+06 1.57734e+06 1.55414e+06 1.5852e+06
1.69173e+06 1.51898e+06 1.67528e+06 1.61334e+06
1.58959e+06 1.53757e+06 1.62511e+06 1.65282e+06
1.59639e+06 1.53781e+06 1.65941e+06 1.62491e+06
1.54782e+06 1.57363e+06 1.61265e+06 1.63601e+06
1.60074e+06 1.53324e+06 1.6423e+06 1.6165e+06
1.54411e+06 1.6199e+06 1.63469e+06 1.60821e+06
1.65592e+06 1.57734e+06 1.55414e+06 1.5852e+06
1.59924e+06 1.59062e+06 1.65287e+06 1.55765e+06
1.60512e+06 1.51907e+06 1.65083e+06 1.63867e+06
1.66384e+06 1.5563e+06 1.54963e+06 1.6541e+06
1.66384e+06 1.5563e+06 1.54963e+06 1.6541e+06
1.62139e+06 1.53437e+06 1.58519e+06 1.65536e+06
1.63788e+06 1.5991e+06 1.6165e+06 1.55734e+06
1.6404e+06 1.50652e+06 1.59482e+06 1.66227e+06
1.63034e+06 1.5238e+06 1.59763e+06 1.61737e+06
1.58997e+06 1.52975e+06 1.6138e+06 1.65325e+06
1.63515e+06 1.60474e+06 1.54026e+06 1.64413e+06
1.58604e+06 1.53894e+06 1.61429e+06 1.5841e+06
1.63196e+06 1.58407e+06 1.57171e+06 1.57042e+06
1.63034e+06 1.5238e+06 1.59763e+06 1.61737e+06
1.57142e+06 1.63156e+06 1.57903e+06 1.62215e+06
1.58488e+06 1.5937e+06 1.63282e+06 1.567e+06
1.58059e+06 1.54894e+06 1.56018e+06 1.60679e+06
1.55933e+06 1.55082e+06 1.60675e+06 1.62342e+06
1.64364e+06 1.59622e+06 1.60058e+06 1.55264e+06
1.63807e+06 1.60104e+06 1.54292e+06 1.64722e+06
1.5651e+06 1.62198e+06 1.59402e+06 1.60671e+06
1.61259e+06 1.59694e+06 1.62425e+06 1.54278e+06
1.55164e+06 1.58578e+06 1.59753e+06 1.64109e+06
1.53834e+06 1.61798e+06 1.58581e+06 1.63158e+06
1.55457e+06 1.61076e+06 1.62146e+06 1.6033e+06
1.62258e+06 1.50775e+06 1.60148e+06 1.66578e+06
1.63104e+06 1.62392e+06 1.56806e+06 1.57706e+06
1.60941e+06 1.56009e+06 1.5598e+06 1.59081e+06
1.60711e+06 1.53078e+06 1.60544e+06 1.61248e+06
1.6003e+06 1.5326e+06 1.67006e+06 1.60282e+06
1.59837e+06 1.5334e+06 1.63133e+06 1.62756e+06
1.64221e+06 1.54663e+06 1.6058e+06 1.60228e+06
1.60592e+06 1.58629e+06 1.56441e+06 1.60477e+06
1.62585e+06 1.62771e+06 1.5856e+06 1.57509e+06
1.60512e+06 1.51907e+06 1.65083e+06 1.63867e+06
1.63807e+06 1.60104e+06 1.54292e+06 1.64722e+06
1.61042e+06 1.56214e+06 1.6427e+06 1.5775e+06
1.631e+06 1.61258e+06 1.54715e+06 1.61908e+06
1.57142e+06 1.63156e+06 1.57903e+06 1.62215e+06
1.57962e+06 1.64256e+06 1.56896e+06 1.65346e+06
1.62781e+06 1.60882e+06 1.55132e+06 1.61256e+06
1.5801e+06 1.63866e+06 1.55655e+06 1.61295e+06
1.60571e+06 1.64573e+06 1.5844e+06 1.55448e+06
1.57408e+06 1.57563e+06 1.60378e+06 1.57244e+06
1.5788e+06 1.5737e+06 1.59715e+06 1.57638e+06
1.66129e+06 1.56179e+06 1.58506e+06 1.58579e+06
1.60242e+06 1.5556e+06 1.58266e+06 1.60372e+06
1.60592e+06 1.58629e+06 1.56441e+06 1.60477e+06
1.69173e+06 1.51898e+06 1.67528e+06 1.61334e+06
1.66129e+06 1.56179e+06 1.58506e+06 1.58579e+06
1.58526e+06 1.54323e+06 1.64965e+06 1.633e+06
1.57591e+06 1.58859e+06 1.59799e+06 1.59793e+06
1.59166e+06 1.56312e+06 1.5963e+06 1.56582e+06
1.63843e+06 1.53259e+06 1.62052e+06 1.5964e+06
1.60872e+06 1.61355e+06 1.54592e+06 1.6348e+06
1.54782e+06 1.63865e+06 1.64619e+06 1.58791e+06
1.58587e+06 1.59336e+06 1.57648e+06 1.60551e+06
1.58488e+06 1.5937e+06 1.63282e+06 1.567e+06
1.66935e+06 1.53845e+06 1.58558e+06 1.64526e+06
1.62609e+06 1.5645e+06 1.62387e+06 1.55949e+06
1.55211e+06 1.5675e+06 1.57045e+06 1.62546e+06
1.55933e+06 1.55082e+06 1.60675e+06 1.62342e+06
1.60524e+06 1.63609e+06 1.57029e+06 1.59578e+06
1.57161e+06 1.59892e+06 1.62475e+06 1.54907e+06
1.59984e+06 1.57694e+06 1.55452e+06 1.62069e+06
1.64364e+06 1.59622e+06 1.60058e+06 1.55264e+06
1.62722e+06 1.55872e+06 1.60854e+06 1.58105e+06
1.5563e+06 1.54421e+06 1.58623e+06 1.6286e+06
1.60578e+06 1.59273e+06 1.60809e+06 1.56211e+06
1.57408e+06 1.57563e+06 1.60378e+06 1.57244e+06
1.6003e+06 1.5326e+06 1.67006e+06 1.60282e+06
1.57392e+06 1.56839e+06 1.61224e+06 1.59374e+06
1.59664e+06 1.57964e+06 1.59559e+06 1.60221e+06
1.6109e+06 1.60918e+06 1.55797e+06 1.61556e+06
1.62312e+06 1.53054e+06 1.63186e+06 1.64846e+06
1.59862e+06 1.61342e+06 1.5597e+06 1.62947e+06
1.56222e+06 1.58372e+06 1.5939e+06 1.60701e+06
1.59087e+06 1.60415e+06 1.58577e+06 1.60425e+06
1.64457e+06 1.59124e+06 1.57395e+06 1.56964e+06
1.59501e+06 1.54001e+06 1.60856e+06 1.64538e+06
1.57013e+06 1.59911e+06 1.63192e+06 1.57658e+06
1.57962e+06 1.64256e+06 1.56896e+06 1.65346e+06
1.60127e+06 1.6052e+06 1.59329e+06 1.56396e+06
1.57352e+06 1.58586e+06 1.62976e+06 1.58328e+06
1.63515e+06 1.60474e+06 1.54026e+06 1.64413e+06
1.59828e+06 1.59088e+06 1.58587e+06 1.57932e+06
1.59639e+06 1.53781e+06 1.65941e+06 1.62491e+06
1.61404e+06 1.55283e+06 1.61329e+06 1.58976e+06
1.54732e+06 1.56927e+06 1.62767e+06 1.58991e+06
1.54782e+06 1.63865e+06 1.64619e+06 1.58791e+06
1.6387e+06 1.61274e+06 1.60001e+06 1.55697e+06
1.5759e+06 1.58168e+06 1.59796e+06 1.6141e+06
1.57372e+06 1.58353e+06 1.58555e+06 1.61447e+06
1.55164e+06 1.59043e+06 1.5917e+06 1.61433e+06
1.54438e+06 1.57703e+06 1.61619e+06 1.62877e+06
1.5563e+06 1.54421e+06 1.58623e+06 1.6286e+06
1.57215e+06 1.60707e+06 1.57213e+06 1.59567e+06
1.57591e+06 1.58859e+06 1.59799e+06 1.59793e+06
1.61268e+06 1.58827e+06 1.5828e+06 1.58184e+06
1.60595e+06 1.59341e+06 1.6346e+06 1.55969e+06
1.62585e+06 1.62771e+06 1.5856e+06 1.57509e+06
1.61844e+06 1.55924e+06 1.58706e+06 1.59529e+06
1.62457e+06 1.54692e+06 1.58086e+06 1.60314e+06
1.61481e+06 1.63723e+06 1.54695e+06 1.61383e+06
1.6159e+06 1.55398e+06 1.60036e+06 1.59916e+06
1.56057e+06 1.57633e+06 1.60467e+06 1.60136e+06
1.62457e+06 1.54692e+06 1.58086e+06 1.60314e+06
1.57352e+06 1.58586e+06 1.62976e+06 1.58328e+06
1.6387e+06 1.61274e+06 1.60001e+06 1.55697e+06
1.62526e+06 1.57494e+06 1.55885e+06 1.63432e+06
1.62754e+06 1.54346e+06 1.58572e+06 1.6502e+06
1.56762e+06 1.59452e+06 1.58746e+06 1.60529e+06
1.59326e+06 1.5969e+06 1.57423e+06 1.60086e+06
1.60137e+06 1.58782e+06 1.58651e+06 1.56324e+06
1.60847e+06 1.56835e+06 1.57901e+06 1.58843e+06
1.54732e+06 1.56927e+06 1.62767e+06 1.58991e+06
1.6307e+06 1.54006e+06 1.575e+06 1.64321e+06
1.60044e+06 1.58576e+06 1.57591e+06 1.58696e+06
1.56057e+06 1.57633e+06 1.60467e+06 1.60136e+06
1.57178e+06 1.56614e+06 1.60742e+06 1.61931e+06
1.57161e+06 1.59892e+06 1.62475e+06 1.54907e+06
1.55457e+06 1.61076e+06 1.62146e+06 1.6033e+06
1.56876e+06 1.59147e+06 1.60196e+06 1.59716e+06
1.61587e+06 1.55435e+06 1.59349e+06 1.58842e+06
1.60127e+06 1.6052e+06 1.59329e+06 1.56396e+06
1.6307e+06 1.54006e+06 1.575e+06 1.64321e+06
1.56752e+06 1.5543e+06 1.61566e+06 1.58801e+06
1.58526e+06 1.54323e+06 1.64965e+06 1.633e+06
1.58082e+06 1.56991e+06 1.66518e+06 1.58499e+06
1.64457e+06 1.59124e+06 1.57395e+06 1.56964e+06
1.59166e+06 1.56312e+06 1.5963e+06 1.56582e+06
1.60911e+06 1.54132e+06 1.60172e+06 1.63191e+06
1.67029e+06 1.58132e+06 1.59015e+06 1.5791e+06
1.57215e+06 1.60707e+06 1.57213e+06 1.59567e+06
1.62754e+06 1.54346e+06 1.58572e+06 1.6502e+06
1.60566e+06 1.53178e+06 1.61495e+06 1.6187e+06
1.57227e+06 1.62012e+06 1.58768e+06 1.59077e+06
1.60524e+06 1.63609e+06 1.57029e+06 1.59578e+06
1.62609e+06 1.5645e+06 1.62387e+06 1.55949e+06
1.6171e+06 1.53415e+06 1.60293e+06 1.60328e+06
1.5801e+06 1.63866e+06 1.55655e+06 1.61295e+06
1.62927e+06 1.62652e+06 1.57123e+06 1.58448e+06
1.60872e+06 1.61355e+06 1.54592e+06 1.6348e+06
1.61844e+06 1.55924e+06 1.58706e+06 1.59529e+06
1.62927e+06 1.62652e+06 1.57123e+06 1.58448e+06
1.59469e+06 1.59688e+06 1.59073e+06 1.57687e+06
1.61945e+06 1.5415e+06 1.58841e+06 1.62872e+06
1.62722e+06 1.55872e+06 1.60854e+06 1.58105e+06
1.6159e+06 1.55398e+06 1.60036e+06 1.59916e+06
1.60242e+06 1.5556e+06 1.58266e+06 1.60372e+06
1.61335e+06 1.59347e+06 1.65023e+06 1.5589e+06
1.63104e+06 1.62392e+06 1.56806e+06 1.57706e+06
1.57178e+06 1.56614e+06 1.60742e+06 1.61931e+06
1.63152e+06 1.61035e+06 1.54004e+06 1.6227e+06
1.56876e+06 1.59147e+06 1.60196e+06 1.59716e+06
1.63843e+06 1.53259e+06 1.62052e+06 1.5964e+06
1.58959e+06 1.53757e+06 1.62511e+06 1.65282e+06
1.55164e+06 1.58578e+06 1.59753e+06 1.64109e+06
1.60074e+06 1.53324e+06 1.6423e+06 1.6165e+06
1.62842e+06 1.54179e+06 1.60735e+06 1.58207e+06
1.60578e+06 1.59273e+06 1.60809e+06 1.56211e+06
1.61404e+06 1.55283e+06 1.61329e+06 1.58976e+06
1.58059e+06 1.54894e+06 1.56018e+06 1.60679e+06
1.59984e+06 1.57694e+06 1.55452e+06 1.62069e+06
1.62053e+06 1.5781e+06 1.55736e+06 1.58997e+06
1.6228e+06 1.54588e+06 1.61641e+06 1.57687e+06
1.6109e+06 1.60918e+06 1.55797e+06 1.61556e+06
1.60044e+06 1.58576e+06 1.57591e+06 1.58696e+06
1.59501e+06 1.54001e+06 1.60856e+06 1.64538e+06
1.60711e+06 1.53078e+06 1.60544e+06 1.61248e+06
1.61481e+06 1.63723e+06 1.54695e+06 1.61383e+06
1.62053e+06 1.5781e+06 1.55736e+06 1.58997e+06
1.6278e+06 1.57441e+06 1.5576e+06 1.63733e+06
1.62504e+06 1.62539e+06 1.54443e+06 1.6136e+06
1.59898e+06 1.54272e+06 1.59506e+06 1.65486e+06
1.62842e+06 1.54179e+06 1.60735e+06 1.58207e+06
1.6278e+06 1.57441e+06 1.5576e+06 1.63733e+06
1.59473e+06 1.62037e+06 1.58466e+06 1.58194e+06
1.62504e+06 1.62539e+06 1.54443e+06 1.6136e+06
1.56222e+06 1.58372e+06 1.5939e+06 1.60701e+06
1.62781e+06 1.60882e+06 1.55132e+06 1.61256e+06
1.6171e+06 1.53415e+06 1.60293e+06 1.60328e+06
1.61039e+06 1.53171e+06 1.59074e+06 1.64788e+06
1.62526e+06 1.57494e+06 1.55885e+06 1.63432e+06
1.63065e+06 1.62716e+06 1.55968e+06 1.58563e+06
1.60847e+06 1.56835e+06 1.57901e+06 1.58843e+06
1.60595e+06 1.59341e+06 1.6346e+06 1.55969e+06
1.58997e+06 1.52975e+06 1.6138e+06 1.65325e+06
1.5651e+06 1.62198e+06 1.59402e+06 1.60671e+06
1.61042e+06 1.56214e+06 1.6427e+06 1.5775e+06
1.62231e+06 1.61281e+06 1.54483e+06 1.59704e+06
1.63196e+06 1.58407e+06 1.57171e+06 1.57042e+06
1.59324e+06 1.59859e+06 1.5853e+06 1.59588e+06
1.62231e+06 1.61281e+06 1.54483e+06 1.59704e+06
1.61335e+06 1.59347e+06 1.65023e+06 1.5589e+06
1.59898e+06 1.54272e+06 1.59506e+06 1.65486e+06
1.59087e+06 1.60415e+06 1.58577e+06 1.60425e+06
1.54782e+06 1.57363e+06 1.61265e+06 1.63601e+06
1.67029e+06 1.58132e+06 1.59015e+06 1.5791e+06
1.67029e+06 1.58132e+06 1.59015e+06 1.5791e+06
1.59324e+06 1.59859e+06 1.5853e+06 1.59588e+06
1.55211e+06 1.5675e+06 1.57045e+06 1.62546e+06
1.62139e+06 1.53437e+06 1.58519e+06 1.65536e+06
1.67029e+06 1.58132e+06 1.59015e+06 1.5791e+06
1.60137e+06 1.58782e+06 1.58651e+06 1.56324e+06
1.60566e+06 1.53178e+06 1.61495e+06 1.6187e+06
1.61039e+06 1.53171e+06 1.59074e+06 1.64788e+06
1.56762e+06 1.59452e+06 1.58746e+06 1.60529e+06
1.57013e+06 1.59911e+06 1.63192e+06 1.57658e+06
1.57392e+06 1.56839e+06 1.61224e+06 1.59374e+06
1.57962e+06 1.64256e+06 1.56896e+06 1.65346e+06
1.55164e+06 1.59043e+06 1.5917e+06 1.61433e+06
1.5788e+06 1.5737e+06 1.59715e+06 1.57638e+06
1.59326e+06 1.5969e+06 1.57423e+06 1.60086e+06
1.54411e+06 1.6199e+06 1.63469e+06 1.60821e+06
1.60155e+06 1.57428e+06 1.59593e+06 1.60679e+06
1.66935e+06 1.53845e+06 1.58558e+06 1.64526e+06
1.62312e+06 1.53054e+06 1.63186e+06 1.64846e+06
1.61284e+06 1.56292e+06 1.58492e+06 1.58988e+06
1.61945e+06 1.5415e+06 1.58841e+06 1.62872e+06
1.6228e+06 1.54588e+06 1.61641e+06 1.57687e+06
1.60155e+06 1.57428e+06 1.59593e+06 1.60679e+06
1.60911e+06 1.54132e+06 1.60172e+06 1.63191e+06
1.61945e+06 1.5415e+06 1.58841e+06 1.62872e+06
1.59664e+06 1.57964e+06 1.59559e+06 1.60221e+06
1.58587e+06 1.59336e+06 1.57648e+06 1.60551e+06
1.56752e+06 1.5543e+06 1.61566e+06 1.58801e+06
1.61284e+06 1.56292e+06 1.58492e+06 1.58988e+06
1.54438e+06 1.57703e+06 1.61619e+06 1.62877e+06
1.63065e+06 1.62716e+06 1.55968e+06 1.58563e+06
1.67029e+06 1.58132e+06 1.59015e+06 1.5791e+06
1.66935e+06 1.53845e+06 1.58558e+06 1.64526e+06
1.59473e+06 1.62037e+06 1.58466e+06 1.58194e+06
1.5759e+06 1.58168e+06 1.59796e+06 1.6141e+06
1.59324e+06 1.59859e+06 1.5853e+06 1.59588e+06
1.59828e+06 1.59088e+06 1.58587e+06 1.57932e+06
1.57227e+06 1.62012e+06 1.58768e+06 1.59077e+06
1.66935e+06 1.53845e+06 1.58558e+06 1.64526e+06
1.54411e+06 1.6199e+06 1.63469e+06 1.60821e+06
1.66935e+06 1.53845e+06 1.58558e+06 1.64526e+06
1.69173e+06 1.51898e+06 1.67528e+06 1.61334e+06
1.58959e+06 1.53757e+06 1.62511e+06 1.65282e+06
1.69173e+06 1.51898e+06 1.67528e+06 1.61334e+06
1.67029e+06 1.58132e+06 1.59015e+06 1.5791e+06
1.66129e+06 1.56179e+06 1.58506e+06 1.58579e+06
1.66935e+06 1.53845e+06 1.58558e+06 1.64526e+06
1.69173e+06 1.51898e+06 1.67528e+06 1.61334e+06
1.66935e+06 1.53845e+06 1.58558e+06 1.64526e+06
1.69173e+06 1.51898e+06 1.67528e+06 1.61334e+06
1.69173e+06 1.51898e+06 1.67528e+06 1.61334e+06
1.69173e+06 1.51898e+06 1.67528e+06 1.61334e+06
1.69173e+06 1.51898e+06 1.67528e+06 1.61334e+06
1.69173e+06 1.51898e+06 1.67528e+06 1.61334e+06
1.69173e+06 1.51898e+06 1.67528e+06 1.61334e+06
1.69173e+06 1.51898e+06 1.67528e+06 1.61334e+06
1.69173e+06 1.51898e+06 1.67528e+06 1.61334e+06
1.69173e+06 1.51898e+06 1.67528e+06 1.61334e+06
1.69173e+06 1.51898e+06 1.67528e+06 1.61334e+06
1.69173e+06 1.51898e+06 1.67528e+06 1.61334e+06
1.69173e+06 1.51898e+06 1.67528e+06 1.61334e+06
1.69173e+06 1.51898e+06 1.67528e+06 1.61334e+06
1.69173e+06 1.51898e+06 1.67528e+06 1.61334e+06
1.69173e+06 1.51898e+06 1.67528e+06 1.61334e+06
1.69173e+06 1.51898e+06 1.67528e+06 1.61334e+06
1.69173e+06 1.51898e+06 1.67528e+06 1.61334e+06
1.69173e+06 1.51898e+06 1.67528e+06 1.61334e+06
1.69173e+06 1.51898e+06 1.67528e+06 1.61334e+06
1.69173e+06 1.51898e+06 1.67528e+06 1.61334e+06
1.69173e+06 1.51898e+06 1.67528e+06 1.61334e+06
1.69173e+06 1.51898e+06 1.67528e+06 1.61334e+06
1.69173e+06 1.51898e+06 1.67528e+06 1.61334e+06
1.69173e+06 1.51898e+06 1.67528e+06 1.61334e+06
1.69173e+06 1.51898e+06 1.67528e+06 1.61334e+06
1.69173e+06 1.51898e+06 1.67528e+06 1.61334e+06
1.69173e+06 1.51898e+06 1.67528e+06 1.61334e+06
1.69173e+06 1.51898e+06 1.67528e+06 1.61334e+06
1.69173e+06 1.51898e+06 1.67528e+06 1.61334e+06
1.69173e+06 1.51898e+06 1.67528e+06 1.61334e+06
1.69173e+06 1.51898e+06 1.67528e+06 1.61334e+06
1.69173e+06 1.51898e+06 1.67528e+06 1.61334e+06
1.69173e+06 1.51898e+06 1.67528e+06 1.61334e+06
1.69173e+06 1.51898e+06 1.67528e+06 1.61334e+06
1.69173e+06 1.51898e+06 1.67528e+06 1.61334e+06
1.69173e+06 1.51898e+06 1.67528e+06 1.61334e+06
1.69173e+06 1.51898e+06 1.67528e+06 1.61334e+06
1.69173e+06 1.51898e+06 1.67528e+06 1.61334e+06
1.69173e+06 1.51898e+06 1.67528e+06 1.61334e+06
1.69173e+06 1.51898e+06 1.67528e+06 1.61334e+06
1.69173e+06 1.51898e+06 1.67528e+06 1.61334e+06
1.69173e+06 1.51898e+06 1.67528e+06 1.61334e+06
1.69173e+06 1.51898e+06 1.67528e+06 1.61334e+06
1.69173e+06 1.51898e+06 1.67528e+06 1.61334e+06
1.69173e+06 1.51898e+06 1.67528e+06 1.61334e+06
1.69173e+06 1.51898e+06 1.67528e+06 1.61334e+06
1.69173e+06 1.51898e+06 1.67528e+06 1.61334e+06
1.69173e+06 1.51898e+06 1.67528e+06 1.61334e+06
1.69173e+06 1.51898e+06 1.67528e+06 1.61334e+06
1.69173e+06 1.51898e+06 1.67528e+06 1.61334e+06
1.69173e+06 1.51898e+06 1.67528e+06 1.61334e+06
1.69173e+06 1.51898e+06 1.67528e+06 1.61334e+06
1.69173e+06 1.51898e+06 1.67528e+06 1.61334e+06
1.69173e+06 1.51898e+06 1.67528e+06 1.61334e+06
1.69173e+06 1.51898e+06 1.67528e+06 1.61334e+06
1.69173e+06 1.51898e+06 1.67528e+06 1.61334e+06
1.69173e+06 1.51898e+06 1.67528e+06 1.61334e+06
1.69173e+06 1.51898e+06 1.67528e+06 1.61334e+06
1.69173e+06 1.51898e+06 1.67528e+06 1.61334e+06
1.69173e+06 1.51898e+06 1.67528e+06 1.61334e+06
1.69173e+06 1.51898e+06 1.67528e+06 1.61334e+06
1.69173e+06 1.51898e+06 1.67528e+06 1.61334e+06
1.69173e+06 1.51898e+06 1.67528e+06 1.61334e+06
1.69173e+06 1.51898e+06 1.67528e+06 1.61334e+06
1.69173e+06 1.51898e+06 1.67528e+06 1.61334e+06
1.69173e+06 1.51898e+06 1.67528e+06 1.61334e+06
1.69173e+06 1.51898e+06 1.67528e+06 1.61334e+06
1.69173e+06 1.51898e+06 1.67528e+06 1.61334e+06
1.69173e+06 1.51898e+06 1.67528e+06 1.61334e+06
1.69173e+06 1.51898e+06 1.67528e+06 1.61334e+06
1.69173e+06 1.51898e+06 1.67528e+06 1.61334e+06
1.69173e+06 1.51898e+06 1.67528e+06 1.61334e+06
1.69173e+06 1.51898e+06 1.67528e+06 1.61334e+06
1.69173e+06 1.51898e+06 1.67528e+06 1.61334e+06
1.69173e+06 1.51898e+06 1.67528e+06 1.61334e+06
1.69173e+06 1.51898e+06 1.67528e+06 1.61334e+06
1.69173e+06 1.51898e+06 1.67528e+06 1.61334e+06
1.69173e+06 1.51898e+06 1.67528e+06 1.61334e+06
1.69173e+06 1.51898e+06 1.67528e+06 1.61334e+06
1.69173e+06 1.51898e+06 1.67528e+06 1.61334e+06
1.69173e+06 1.51898e+06 1.67528e+06 1.61334e+06
1.69173e+06 1.51898e+06 1.67528e+06 1.61334e+06
1.69173e+06 1.51898e+06 1.67528e+06 1.61334e+06
1.69173e+06 1.51898e+06 1.67528e+06 1.61334e+06
1.69173e+06 1.51898e+06 1.67528e+06 1.61334e+06
1.69173e+06 1.51898e+06 1.67528e+06 1.61334e+06
1.69173e+06 1.51898e+06 1.67528e+06 1.61334e+06
1.69173e+06 1.51898e+06 1.67528e+06 1.61334e+06
1.69173e+06 1.51898e+06 1.67528e+06 1.61334e+06
1.69173e+06 1.51898e+06 1.67528e+06 1.61334e+06
1.69173e+06 1.51898e+06 1.67528e+06 1.61334e+06
1.69173e+06 1.51898e+06 1.67528e+06 1.61334e+06
1.69173e+06 1.51898e+06 1.67528e+06 1.61334e+06
1.69173e+06 1.51898e+06 1.67528e+06 1.61334e+06
1.69173e+06 1.51898e+06 1.67528e+06 1.61334e+06
1.69173e+06 1.51898e+06 1.67528e+06 1.61334e+06
1.69173e+06 1.51898e+06 1.67528e+06 1.61334e+06
1.69173e+06 1.51898e+06 1.67528e+06 1.61334e+06
1.69173e+06 1.51898e+06 1.67528e+06 1.61334e+06
1.69173e+06 1.51898e+06 1.67528e+06 1.61334e+06
1.69173e+06 1.51898e+06 1.67528e+06 1.61334e+06
1.69173e+06 1.51898e+06 1.67528e+06 1.61334e+06
1.69173e+06 1.51898e+06 1.67528e+06 1.61334e+06
1.67029e+06 1.58132e+06 1.59015e+06 1.5791e+06
1.67029e+06 1.58132e+06 1.59015e+06 1.5791e+06
1.67029e+06 1.58132e+06 1.59015e+06 1.5791e+06
1.67029e+06 1.58132e+06 1.59015e+06 1.5791e+06
1.67029e+06 1.58132e+06 1.59015e+06 1.5791e+06
1.67029e+06 1.58132e+06 1.59015e+06 1.5791e+06
1.67029e+06 1.58132e+06 1.59015e+06 1.5791e+06
1.67029e+06 1.58132e+06 1.59015e+06 1.5791e+06
1.67029e+06 1.58132e+06 1.59015e+06 1.5791e+06
1.67029e+06 1.58132e+06 1.59015e+06 1.5791e+06
1.66935e+06 1.53845e+06 1.58558e+06 1.64526e+06
1.66935e+06 1.53845e+06 1.58558e+06 1.64526e+06
1.66935e+06 1.53845e+06 1.58558e+06 1.64526e+06
1.66935e+06 1.53845e+06 1.58558e+06 1.64526e+06
1.66935e+06 1.53845e+06 1.58558e+06 1.64526e+06
1.66935e+06 1.53845e+06 1.58558e+06 1.64526e+06
1.66935e+06 1.53845e+06 1.58558e+06 1.64526e+06
1.66935e+06 1.53845e+06 1.58558e+06 1.64526e+06
1.66935e+06 1.53845e+06 1.58558e+06 1.64526e+06
1.66935e+06 1.53845e+06 1.58558e+06 1.64526e+06
1.66935e+06 1.53845e+06 1.58558e+06 1.64526e+06
1.66935e+06 1.53845e+06 1.58558e+06 1.64526e+06
1.66935e+06 1.53845e+06 1.58558e+06 1.64526e+06
1.66935e+06 1.53845e+06 1.58558e+06 1.64526e+06
1.66935e+06 1.53845e+06 1.58558e+06 1.64526e+06
1.66935e+06 1.53845e+06 1.58558e+06 1.64526e+06
1.66935e+06 1.53845e+06 1.58558e+06 1.64526e+06
1.66935e+06 1.53845e+06 1.58558e+06 1.64526e+06
1.66935e+06 1.53845e+06 1.58558e+06 1.64526e+06
1.66935e+06 1.53845e+06 1.58558e+06 1.64526e+06
1.66935e+06 1.53845e+06 1.58558e+06 1.64526e+06
1.66935e+06 1.53845e+06 1.58558e+06 1.64526e+06
1.66935e+06 1.53845e+06 1.58558e+06 1.64526e+06
1.66935e+06 1.53845e+06 1.58558e+06 1.64526e+06
1.66935e+06 1.53845e+06 1.58558e+06 1.64526e+06
1.66935e+06 1.53845e+06 1.58558e+06 1.64526e+06
1.66935e+06 1.53845e+06 1.58558e+06 1.64526e+06
1.66935e+06 1.53845e+06 1.58558e+06 1.64526e+06
1.66935e+06 1.53845e+06 1.58558e+06 1.64526e+06
1.66935e+06 1.53845e+06 1.58558e+06 1.64526e+06
1.66935e+06 1.53845e+06 1.58558e+06 1.64526e+06
1.66935e+06 1.53845e+06 1.58558e+06 1.64526e+06
1.66935e+06 1.53845e+06 1.58558e+06 1.64526e+06
1.66935e+06 1.53845e+06 1.58558e+06 1.64526e+06
1.66935e+06 1.53845e+06 1.58558e+06 1.64526e+06
1.66935e+06 1.53845e+06 1.58558e+06 1.64526e+06
1.66935e+06 1.53845e+06 1.58558e+06 1.64526e+06
1.66935e+06 1.53845e+06 1.58558e+06 1.64526e+06
1.66935e+06 1.53845e+06 1.58558e+06 1.64526e+06
1.66935e+06 1.53845e+06 1.58558e+06 1.64526e+06
1.66935e+06 1.53845e+06 1.58558e+06 1.64526e+06
1.66935e+06 1.53845e+06 1.58558e+06 1.64526e+06
1.66935e+06 1.53845e+06 1.58558e+06 1.64526e+06
1.66935e+06 1.53845e+06 1.58558e+06 1.64526e+06
1.66935e+06 1.53845e+06 1.58558e+06 1.64526e+06
1.66935e+06 1.53845e+06 1.58558e+06 1.64526e+06
1.66935e+06 1.53845e+06 1.58558e+06 1.64526e+06
1.66935e+06 1.53845e+06 1.58558e+06 1.64526e+06
1.66935e+06 1.53845e+06 1.58558e+06 1.64526e+06
1.66935e+06 1.53845e+06 1.58558e+06 1.64526e+06
1.66935e+06 1.53845e+06 1.58558e+06 1.64526e+06
1.66935e+06 1.53845e+06 1.58558e+06 1.64526e+06
1.66935e+06 1.53845e+06 1.58558e+06 1.64526e+06
1.66935e+06 1.53845e+06 1.58558e+06 1.64526e+06
1.66935e+06 1.53845e+06 1.58558e+06 1.64526e+06
1.66935e+06 1.53845e+06 1.58558e+06 1.64526e+06
1.66935e+06 1.53845e+06 1.58558e+06 1.64526e+06
1.66935e+06 1.53845e+06 1.58558e+06 1.64526e+06
1.66935e+06 1.53845e+06 1.58558e+06 1.64526e+06
1.66935e+06 1.53845e+06 1.58558e+06 1.64526e+06
1.66935e+06 1.53845e+06 1.58558e+06 1.64526e+06
1.66935e+06 1.53845e+06 1.58558e+06 1.64526e+06
1.66935e+06 1.53845e+06 1.58558e+06 1.64526e+06
1.66935e+06 1.53845e+06 1.58558e+06 1.64526e+06
1.66935e+06 1.53845e+06 1.58558e+06 1.64526e+06
1.66935e+06 1.53845e+06 1.58558e+06 1.64526e+06
1.61945e+06 1.5415e+06 1.58841e+06 1.62872e+06
1.54411e+06 1.6199e+06 1.63469e+06 1.60821e+06
1.653e+06 1.57592e+06 1.59987e+06 1.62244e+06
1.64236e+06 1.60165e+06 1.583e+06 1.65605e+06
1.64054e+06 1.54593e+06 1.62526e+06 1.61029e+06
1.63613e+06 1.64595e+06 1.58518e+06 1.63043e+06
1.6197e+06 1.55877e+06 1.64908e+06 1.60182e+06
1.56979e+06 1.5927e+06 1.61334e+06 1.65758e+06
1.593e+06 1.55421e+06 1.64732e+06 1.61679e+06
1.6008e+06 1.57312e+06 1.63161e+06 1.61261e+06
1.59665e+06 1.62408e+06 1.61919e+06 1.62739e+06
1.61408e+06 1.58792e+06 1.61506e+06 1.64537e+06
1.62246e+06 1.60363e+06 1.60297e+06 1.60665e+06
1.64121e+06 1.59801e+06 1.58863e+06 1.60501e+06
1.61768e+06 1.57739e+06 1.62534e+06 1.62301e+06
1.63856e+06 1.55783e+06 1.60688e+06 1.60529e+06
1.6178e+06 1.5772e+06 1.58558e+06 1.64771e+06
1.68196e+06 1.62783e+06 1.60274e+06 1.63354e+06
1.64889e+06 1.57164e+06 1.62329e+06 1.65445e+06
1.62283e+06 1.58252e+06 1.64421e+06 1.61279e+06
1.61861e+06 1.60424e+06 1.58643e+06 1.6681e+06
1.61011e+06 1.58518e+06 1.65967e+06 1.62049e+06
1.59966e+06 1.62256e+06 1.65585e+06 1.68915e+06
1.65944e+06 1.59462e+06 1.62256e+06 1.64616e+06
1.60785e+06 1.59723e+06 1.61866e+06 1.66758e+06
1.63338e+06 1.58442e+06 1.62565e+06 1.62715e+06
1.62146e+06 1.59012e+06 1.63842e+06 1.66221e+06
1.60295e+06 1.61401e+06 1.63106e+06 1.67781e+06
1.62729e+06 1.60892e+06 1.6342e+06 1.6581e+06
1.63164e+06 1.57998e+06 1.63131e+06 1.63277e+06
1.60332e+06 1.60552e+06 1.6199e+06 1.68302e+06
1.62904e+06 1.61522e+06 1.6226e+06 1.62835e+06
1.62982e+06 1.59719e+06 1.63597e+06 1.66566e+06
