19194 220.89
705396 654840
711112 642867
676888 616992
644318 672921
733482 697107
663366 663872
709046 691036
678564 624425
637974 560217
684417 653278
652351 659639
655137 567144
627081 587589
653592 584092
678405 638993
654144 646153
676970 608610
667316 645622
659972 602833
629145 602042
662632 597349
650183 644685
653005 583436
647601 567429
717137 694413
687577 660256
623444 636389
612586 639610
733532 668279
652595 589619
675722 651214
680252 628378
677176 624460
700230 653006
693360 636614
681564 636745
656244 641096
672684 596275
695731 658559
695265 612586
670352 635104
664722 643846
678310 647389
697726 649332
678453 619250
690129 639216
648958 585884
649911 663961
621163 593723
640736 592041
636433 577257
663349 597884
684459 632946
684436 651403
668946 594385
679681 646441
683655 603089
668945 656347
655207 700729
692642 624784
638885 647588
716727 677398
700273 626796
709827 673942
646064 592716
696484 639472
663888 577107
674041 648243
662972 664625
727675 677908
653655 596547
672119 646093
678297 611951
706580 644851
662174 592154
637689 567976
689982 624601
621505 631926
661872 580743
656123 569249
686222 607440
660665 671328
625067 564798
631354 575882
699382 656072
679096 619418
666834 648769
722153 663543
653971 598415
668717 595921
682424 621143
672738 653777
607481 631681
673261 649537
651679 604248
657902 596271
653623 588714
682447 601953
682389 646794
667804 614039
645548 578017
648072 570362
675655 611768
653817 579969
678771 607068
646072 573943
697904 666642
696383 633462
675849 618210
655253 591830
644387 561586
651298 676593
659249 645856
625170 642151
693349 626501
658784 621475
670562 610631
687690 651640
678484 596552
629216 647366
689992 627583
677387 649556
698237 652067
727791 704249
731214 705449
605428 626726
692447 617270
636743 586721
632191 564659
686791 608726
695077 643439
694319 606834
687315 637074
626686 650082
706510 660950
673822 657407
648874 669779
678139 643314
691144 650986
703131 638565
646612 652607
681472 698845
704225 657006
695449 649943
680424 621395
678511 616884
728028 663076
677233 605158
683609 614895
688789 629234
630033 576324
641148 586875
696318 642321
688191 637209
752655 697694
690594 627086
596013 631809
694334 609289
733328 703816
663328 613037
682588 609705
680490 631519
687614 651855
673546 642391
656377 591146
647589 587158
699997 641583
618112 655941
650213 592344
732088 698864
718246 660079
665503 668285
689204 642275
657874 548235
684091 620369
684408 704642
692720 620018
704233 651181
747132 703958
704985 623061
633781 642913
695215 612457
626459 595480
675587 621339
675563 614411
675709 653888
688643 622797
630725 589261
681700 617547
667732 617321
664085 577170
689145 648141
682405 612724
675876 610505
723633 673835
667712 610755
664055 623568
671374 656047
686536 624409
732798 685580
697567 649882
735543 699512
677906 652122
691494 623576
684644 650614
691749 629727
691224 641791
626831 588008
690657 627277
689213 642781
654736 573593
698299 628069
676843 617209
740512 693764
630658 637904
683346 622544
638426 584929
675558 623102
665500 657288
714544 702103
679504 614919
689700 633685
702562 654254
694573 636026
690865 630431
631210 589229
688020 618198
677551 627413
701987 626225
633242 584724
659847 648087
635199 663164
700847 660436
668271 585928
669318 645908
626748 577494
695062 639803
687498 602998
679018 616247
681081 609211
686556 621522
675155 607482
642234 591146
697729 650976
710138 697364
667717 649087
743067 715778
660429 599421
