2595 126.858
50960 146462 129858 127662
130502 51267 126945 146031
133998 126610 44606 118398
149789 147508 118800 46742
114714 102635 54345 107209
136122 63164 88902 102052
99112 112106 108425 54311
74147 132302 68733 135905
138902 63668 84868 103353
138902 63668 84868 103353
103233 94391 118521 55102
92655 92285 116101 65869
124722 123470 86263 51818
90007 97294 122740 64146
78974 76862 133306 118063
129635 114807 47130 101699
137153 111503 83893 54785
70088 150547 70212 139707
122280 114088 49383 98472
77374 84362 98381 123131
128628 148391 48046 85009
97219 100739 98356 62503
91517 120356 130809 54125
52343 113567 147817 123311
129635 114807 47130 101699
134927 61077 109475 101531
113377 112809 50218 116570
139568 64569 83661 103936
93968 106675 97230 62728
52015 140607 125168 121422
136706 115983 84291 52668
110634 110536 52116 112697
139913 63798 84761 103145
100824 95476 113943 56186
81663 84803 92630 120895
130466 52191 115784 131108
123449 123683 89872 50663
92877 104750 107298 59823
92266 93869 118496 64051
109418 54332 150142 126576
125353 125382 85279 52170
77360 87371 95944 120029
97692 107953 108441 55367
58198 111571 137698 108668
109418 54332 150142 126576
127742 137639 48022 86690
90846 130334 132054 53392
53236 114803 135462 126647
134104 117105 47592 98076
70088 150547 70212 139707
129635 114807 47130 101699
119545 114296 49703 99209
96683 100318 98754 62783
69685 144445 70750 143298
139913 63798 84761 103145
121323 108520 50261 106263
132013 134983 48242 85858
101775 95337 113655 55948
93968 106675 97230 62728
52343 113567 147817 123311
114036 110684 135019 48963
93713 98617 106307 62038
70088 150547 70212 139707
134255 61389 87215 129955
149796 90888 55240 126340
104874 95864 104367 58899
100722 109175 110331 53585
83079 144031 72021 89867
128145 62078 91475 106771
84969 80963 87597 139727
97219 100739 98356 62503
78097 71692 124468 149693
137360 141511 49650 80794
92399 107078 96924 65051
83199 81206 89108 139209
129635 114807 47130 101699
123873 128592 85533 52115
77378 85175 96466 122819
93968 106675 97230 62728
53236 114803 135462 126647
133998 126610 44606 118398
138991 112538 84595 53467
95991 112706 111824 54883
52015 140607 125168 121422
130721 135505 46719 90762
104874 95864 104367 58899
83965 135970 71918 91998
114714 102635 54345 107209
137069 64322 88198 100090
53812 110036 152501 122434
128246 122664 87306 51066
85065 143976 69470 92026
95065 96816 108842 61346
123920 54802 146422 114780
70088 150547 70212 139707
128354 52337 115269 136133
133318 101639 106510 52172
88929 126796 130925 55710
114666 62607 96987 124185
133456 52438 112607 140240
136706 115983 84291 52668
92655 92285 116101 65869
103233 94391 118521 55102
72681 132904 71189 135166
123920 54802 146422 114780
137153 111503 83893 54785
93747 108402 97111 62593
76949 84744 97665 125143
135840 135026 48885 84233
77378 85175 96466 122819
104874 95864 104367 58899
121323 108520 50261 106263
106110 93033 118135 55577
58198 111571 137698 108668
117440 118586 49781 99939
133058 64182 86475 103238
119545 114296 49703 99209
138068 64373 88262 99646
83079 144031 72021 89867
52343 113567 147817 123311
114179 114194 135686 48588
92877 104750 107298 59823
77360 87371 95944 120029
109418 54332 150142 126576
85790 81608 85941 141863
130466 52191 115784 131108
124722 123470 86263 51818
71395 149668 68948 144495
144729 63417 86848 101908
114714 102635 54345 107209
138991 112538 84595 53467
115667 62651 98677 118544
105265 99559 109151 54222
55761 143460 147573 104979
78097 71692 124468 149693
130721 135505 46719 90762
105265 99559 109151 54222
90100 104372 110052 62579
120248 114180 49811 98593
78664 78011 130501 117114
127742 137639 48022 86690
84436 143035 72664 87368
91133 124070 124370 54633
52343 113567 147817 123311
139476 122618 44945 108107
102073 97852 110294 55476
84436 143035 72664 87368
123860 65264 88901 105647
123928 67657 88899 101503
53236 114803 135462 126647
133318 101639 106510 52172
122820 63422 87640 117093
115862 102211 54064 108363
102945 93562 118682 55595
83135 142606 71671 90619
130466 52191 115784 131108
91746 131022 131746 53042
91883 108395 97823 64564
77289 86014 95552 123007
78097 71692 124468 149693
137094 140171 48918 81774
110634 110536 52116 112697
138991 112538 84595 53467
92655 92285 116101 65869
128506 62525 89485 107040
128628 148391 48046 85009
91527 122042 127609 54146
55600 109670 140023 119139
132013 134983 48242 85858
70088 150547 70212 139707
119545 114296 49703 99209
115862 102211 54064 108363
99367 101965 106158 56201
55292 140591 137988 107998
115862 102211 54064 108363
141165 63072 84596 105873
129635 114807 47130 101699
99367 101965 106158 56201
100510 94909 120257 56243
51731 144919 124303 122975
124943 124037 92362 50097
93680 105846 97391 63221
83079 144031 72021 89867
122820 63422 87640 117093
135351 64284 85250 103125
138902 63668 84868 103353
90846 130334 132054 53392
77360 87371 95944 120029
84969 80963 87597 139727
130466 52191 115784 131108
102073 97852 110294 55476
82785 82127 88096 143324
136706 115983 84291 52668
83079 144031 72021 89867
114651 62504 96468 126287
127742 137639 48022 86690
102073 97852 110294 55476
69685 144445 70750 143298
139568 64569 83661 103936
78097 71692 124468 149693
136164 139338 47767 84701
124278 124112 86133 52014
97978 103553 111065 55275
53694 110923 151741 120823
120571 116432 49233 98475
136122 63164 88902 102052
110634 110536 52116 112697
115862 102211 54064 108363
137430 64769 86208 100359
55502 110314 140526 117941
105265 99559 109151 54222
95543 102181 97535 63466
114714 102635 54345 107209
92266 93869 118496 64051
76953 85557 95750 124831
128588 51353 122446 147129
128246 122664 87306 51066
92097 97491 114183 61670
92655 92285 116101 65869
130466 52191 115784 131108
122148 126306 88659 51182
92655 92285 116101 65869
99293 96390 114228 56487
53236 114803 135462 126647
130015 51318 122298 144880
137360 141511 49650 80794
98698 111893 110615 54022
91142 94192 120659 65150
128777 142240 48198 84924
58197 113750 136448 107947
115862 102211 54064 108363
114475 127950 49974 103468
102969 94066 116386 55606
69944 139509 71461 142798
120626 112489 49887 99861
114714 102635 54345 107209
119545 114296 49703 99209
96683 100318 98754 62783
91883 108395 97823 64564
51394 139409 125465 127429
125845 123615 87693 51032
92097 97491 114183 61670
83046 84359 85517 146239
136872 52032 118034 129325
113961 113294 50214 112424
101102 88262 133329 63440
103233 94391 118521 55102
74147 132302 68733 135905
123920 54802 146422 114780
85790 81608 85941 141863
136592 100920 105063 52873
109418 54332 150142 126576
133369 109147 101572 50367
93713 98617 106307 62038
58198 111571 137698 108668
135030 123406 44902 112195
138991 112538 84595 53467
83135 142606 71671 90619
84436 143035 72664 87368
55438 110173 142092 117279
133978 123173 44993 111817
134891 111378 82810 56254
90769 128340 124615 54453
52015 140607 125168 121422
129635 114807 47130 101699
102945 93562 118682 55595
85065 143976 69470 92026
93438 104633 95288 67020
102945 93562 118682 55595
53148 110887 143052 126547
136706 115983 84291 52668
71670 152004 68839 142901
138068 64373 88262 99646
133058 64182 86475 103238
110634 110536 52116 112697
123920 54802 146422 114780
111213 114929 135658 49020
91929 100653 110507 61323
77300 86632 94632 124165
130466 52191 115784 131108
128246 122664 87306 51066
93703 96931 109507 62017
102237 99909 109762 54800
77360 87371 95944 120029
109418 54332 150142 126576
122280 114088 49383 98472
95097 100751 106110 59795
77801 71557 127948 149986
137094 140171 48918 81774
74060 133657 68634 135311
120248 114180 49811 98593
119545 114296 49703 99209
102945 93562 118682 55595
52439 135167 124306 123605
109341 113665 52042 112788
126480 62767 89281 108995
121323 108520 50261 106263
111596 88597 132278 60581
83079 144031 72021 89867
53236 114803 135462 126647
134141 108840 103659 50154
96683 100318 98754 62783
83135 142606 71671 90619
85790 81608 85941 141863
138902 63668 84868 103353
141165 63072 84596 105873
103233 94391 118521 55102
83135 142606 71671 90619
102945 93562 118682 55595
128506 62525 89485 107040
102969 94066 116386 55606
78755 71391 124281 149106
127891 116812 87184 52490
57260 142672 135592 103711
78097 71692 124468 149693
130721 135505 46719 90762
99325 103945 112054 54470
58051 112692 139993 107466
96683 100318 98754 62783
76247 73485 129653 147477
129635 114807 47130 101699
95072 112723 111701 55515
100824 95476 113943 56186
51395 145032 123514 129556
139476 122618 44945 108107
137153 111503 83893 54785
95543 102181 97535 63466
114714 102635 54345 107209
104874 95864 104367 58899
55438 110173 142092 117279
105265 99559 109151 54222
96549 100123 98618 63299
114714 102635 54345 107209
134927 61077 109475 101531
82860 140270 71780 92213
122854 62748 87704 121578
128066 118306 90149 51095
88939 128482 127725 55731
92655 92285 116101 65869
114632 63281 96923 119700
128777 142240 48198 84924
83188 80950 90352 135135
102969 94066 116386 55606
77378 85175 96466 122819
131351 60954 90738 113306
128894 149731 48778 84029
95072 112723 111701 55515
53694 110923 151741 120823
118680 116606 49832 98808
69944 139509 71461 142798
146565 90197 55720 127127
129635 114807 47130 101699
106398 93862 117974 55084
58051 112692 139993 107466
119545 114296 49703 99209
138902 63668 84868 103353
119545 114296 49703 99209
95075 98502 105642 61367
92107 99177 110983 61691
51093 145930 129824 125806
117764 114411 135364 48168
93747 108402 97111 62593
93680 105846 97391 63221
128145 62078 91475 106771
114714 102635 54345 107209
128145 62078 91475 106771
97620 108321 110575 54770
69685 144445 70750 143298
130466 52191 115784 131108
128554 62902 86966 111771
99644 105603 110291 54333
79147 78163 131441 115005
128777 142240 48198 84924
58198 111571 137698 108668
78097 71692 124468 149693
149796 90888 55240 126340
127675 138829 48350 85862
83046 84359 85517 146239
135356 108435 88594 54426
78974 76862 133306 118063
122280 114088 49383 98472
127742 137639 48022 86690
90846 130334 132054 53392
53236 114803 135462 126647
129635 114807 47130 101699
106110 93033 118135 55577
115843 127998 49419 103434
137430 64769 86208 100359
97219 100739 98356 62503
52439 135167 124306 123605
122489 124108 89673 50833
112679 105566 53852 107146
138902 63668 84868 103353
93713 98617 106307 62038
83188 80950 90352 135135
128354 52337 115269 136133
123449 123683 89872 50663
90931 102197 109664 62187
89379 94720 123516 67542
109418 54332 150142 126576
137360 141511 49650 80794
114714 102635 54345 107209
90769 128340 124615 54453
52015 140607 125168 121422
128354 52337 115269 136133
137094 140171 48918 81774
99325 103945 112054 54470
76953 85557 95750 124831
134622 141922 48818 82298
83965 135970 71918 91998
121557 111944 50288 99107
117440 118586 49781 99939
100824 95476 113943 56186
51731 144919 124303 122975
139568 64569 83661 103936
121323 108520 50261 106263
139913 63798 84761 103145
102945 93562 118682 55595
95543 102181 97535 63466
51527 138877 125431 125573
121183 128450 89981 50773
92097 97491 114183 61670
74147 132302 68733 135905
130466 52191 115784 131108
143491 93148 54149 131911
144729 63417 86848 101908
98698 111893 110615 54022
83616 138183 71863 91472
121834 65506 88697 107602
92655 92285 116101 65869
104874 95864 104367 58899
109418 54332 150142 126576
136945 118731 84095 52391
92107 99177 110983 61691
78712 83512 97684 122988
130637 140873 47413 86099
100853 102912 104853 55799
58198 111571 137698 108668
95543 102181 97535 63466
53344 109260 149632 128498
130721 135505 46719 90762
137153 111503 83893 54785
95072 112723 111701 55515
51731 144919 124303 122975
120494 116238 49114 100146
96683 100318 98754 62783
83965 135970 71918 91998
83046 84359 85517 146239
