10 0.500454
679168 797288
798646 682244
771597 684757
671707 793240
806341 685082
673918 798314
771597 684757
677530 797819
800580 685619
712236 750971
773868 682322
668580 797513
772389 677822
671477 797404
771212 685257
676765 797655
800860 684468
712650 751279
775989 681268
671733 788513
789665 688996
670646 799273
773791 683871
675627 805676
800580 685619
671918 797926
773868 682322
670502 802187
772389 677822
669437 801462
768368 690918
679168 797288
800860 684468
768368 690918
775989 681268
668580 797513
801682 685776
675829 796545
771597 684757
674620 809298
800580 685619
672909 797439
771597 684757
670502 802187
772389 677822
669437 801462
773791 683871
676765 797655
798646 682244
712650 751279
773708 683734
668580 797513
774467 691842
671477 797404
773791 683871
671455 798911
806341 685082
670502 802187
773643 684826
675627 805676
771597 684757
669437 801462
768178 689459
679168 797288
800860 684468
768368 690918
773708 683734
668865 803188
801682 685776
675829 796545
770556 685747
674620 809298
800580 685619
672909 797439
776084 681487
671733 788513
775989 681268
669437 801462
770304 685913
679168 797288
798646 682244
712650 751279
773708 683734
668580 797513
772389 677822
670646 799273
770789 685960
679168 797288
809212 683409
671918 797926
772153 684780
674620 809298
772389 677822
669437 801462
768178 689459
679168 797288
800580 685619
715372 747491
775989 681268
668580 797513
789665 688996
669719 798773
773791 683871
677530 797819
807519 682685
677306 795191
773868 682322
669619 801819
771597 684757
669437 801462
770789 685960
679168 797288
800580 685619
712236 750971
773708 683734
668580 797513
794047 686401
669719 798773
771212 685257
678184 801663
807519 682685
671918 797926
770556 685747
675627 805676
779921 680909
671707 793240
768368 690918
670502 802187
800860 684468
768368 690918
783474 680163
669437 801462
806341 685082
671455 798911
771212 685257
674620 809298
804595 686947
679168 797288
774820 681063
668580 797513
774467 691842
669437 801462
770789 685960
679168 797288
800860 684468
712236 750971
774820 681063
671702 792264
801682 685776
674376 792323
771212 685257
670502 802187
806341 685082
679338 794913
772943 684336
670502 802187
775989 681268
669437 801462
773791 683871
679168 797288
803793 685844
768368 690918
775989 681268
671707 793240
806341 685082
674376 792323
770556 685747
676067 808544
803242 686064
673918 798314
774820 681063
671733 788513
771597 684757
670646 799273
770789 685960
676765 797655
800580 685619
712650 751279
775989 681268
671733 788513
774467 691842
670646 799273
770789 685960
677530 797819
807519 682685
679338 794913
772943 684336
675043 803596
771597 684757
669437 801462
770789 685960
679168 797288
798646 682244
768368 690918
775989 681268
671707 793240
807519 682685
669719 798773
771212 685257
674620 809298
800580 685619
671455 798911
776084 681487
668580 797513
781887 686277
669437 801462
770789 685960
679168 797288
800860 684468
672909 797439
773708 683734
668580 797513
774467 691842
671929 797193
773791 683871
678184 801663
800580 685619
675829 796545
772153 684780
670502 802187
775989 681268
669437 801462
768178 689459
679168 797288
800580 685619
715372 747491
775989 681268
671733 788513
769811 689806
674376 792323
771212 685257
679285 800924
800580 685619
671918 797926
773868 682322
671733 788513
775989 681268
669437 801462
773791 683871
679168 797288
771597 684757
671455 798911
773868 682322
671733 788513
794047 686401
671481 797174
773791 683871
671455 798911
809212 683409
671918 797926
772943 684336
674620 809298
775989 681268
671707 793240
768368 690918
675043 803596
800860 684468
769250 689979
775989 681268
671707 793240
803242 686064
674376 792323
770556 685747
674620 809298
800580 685619
679168 797288
773708 683734
669619 801819
794047 686401
669121 803218
773791 683871
679168 797288
798646 682244
712236 750971
774820 681063
668865 803188
779170 690501
671929 797193
773791 683871
679168 797288
807519 682685
677306 795191
772153 684780
670502 802187
771597 684757
669437 801462
770789 685960
679168 797288
800860 684468
768368 690918
775989 681268
671733 788513
806341 685082
669676 803237
773791 683871
676067 808544
809212 683409
677306 795191
773868 682322
671733 788513
775989 681268
671481 797174
770789 685960
679168 797288
797720 685590
712236 750971
774820 681063
668580 797513
774467 691842
669719 798773
770304 685913
671455 798911
806341 685082
675829 796545
773602 685053
670502 802187
775989 681268
669437 801462
768368 690918
679168 797288
798830 686053
768368 690918
775989 681268
671707 793240
807519 682685
674376 792323
771597 684757
674620 809298
809212 683409
679168 797288
773708 683734
668580 797513
774467 691842
671481 797174
768178 689459
679168 797288
798646 682244
712650 751279
775989 681268
668580 797513
769811 689806
670646 799273
768178 689459
677530 797819
800580 685619
679338 794913
772153 684780
670502 802187
775989 681268
669437 801462
768178 689459
670502 802187
800860 684468
715372 747491
775989 681268
671733 788513
789665 688996
670646 799273
771212 685257
672909 797439
806341 685082
673918 798314
772153 684780
671733 788513
775989 681268
671477 797404
773791 683871
675043 803596
800860 684468
672909 797439
774820 681063
671733 788513
774467 691842
669719 798773
773791 683871
678184 801663
807519 682685
675829 796545
770556 685747
674996 809323
779834 684229
669437 801462
768368 690918
670502 802187
800860 684468
768368 690918
775989 681268
668865 803188
803242 686064
671918 797926
770556 685747
674620 809298
800580 685619
677306 795191
773708 683734
669619 801819
772389 677822
670646 799273
770304 685913
679168 797288
798646 682244
712236 750971
774820 681063
668580 797513
774467 691842
669719 798773
770304 685913
675627 805676
801682 685776
671918 797926
772943 684336
670502 802187
775989 681268
669437 801462
768368 690918
679168 797288
797720 685590
716861 746488
775989 681268
668580 797513
801682 685776
674376 792323
770556 685747
679285 800924
809212 683409
675829 796545
773708 683734
671733 788513
772389 677822
669437 801462
773791 683871
671455 798911
800860 684468
715372 747491
773708 683734
671733 788513
794047 686401
671477 797404
770789 685960
679168 797288
802121 686821
669719 798773
772943 684336
672909 797439
775989 681268
669437 801462
769250 689979
672909 797439
