755 2.79458
167849 120778 140014
168348 94778 132161
165343 82721 150734
163453 111006 124007
139108 132958 124389
141026 116366 121991
163929 90385 166828
169201 113065 106231
179363 95908 127577
147830 107448 127310
157008 114102 122910
171499 110879 141687
164271 90951 152542
159609 106329 119076
148460 136211 123577
168301 115323 121665
143915 120814 108778
159102 134089 116927
172505 101664 137788
166966 110971 106026
157128 90271 148623
165506 109292 123072
162757 91570 150466
165101 115541 115515
162853 117482 112095
155425 116259 124090
169074 102527 136360
154302 100505 153956
133879 90714 149516
158468 114955 110695
140889 133260 112737
165709 101060 139571
144021 101170 139907
158991 105012 118784
175811 97175 150093
155335 128611 109290
158084 88338 142023
158979 107315 180797
160849 127046 115410
155996 92691 151994
157116 90401 145210
157110 98229 148620
150567 98598 129272
179167 96641 138696
168224 111889 120304
147129 131438 101933
164389 98602 140361
139834 111444 113612
143798 120411 109027
150561 92245 123424
157067 89222 151565
160217 92588 132396
152983 136264 111501
170567 108642 111353
165123 130299 114726
156645 95956 137044
154787 97229 175000
162174 90848 140519
175537 108482 136296
166660 128869 112456
162450 104397 132182
154917 115496 130141
155753 134802 117560
169287 105262 130621
169777 108313 126174
186692 113640 130191
161594 88339 144177
161374 130735 114126
145359 112711 117331
160641 120292 103842
182691 113334 132550
159742 111348 114454
145837 92747 170317
147398 127747 126566
170038 118101 103081
155452 96902 130031
152435 107028 110854
168238 101966 150497
161311 109444 135978
184655 94846 133999
170047 94366 140927
156474 86614 151039
164326 86010 149873
152707 114883 127250
162795 114190 111296
159835 135117 110923
155254 91499 151971
151708 96234 141349
155165 111985 111425
154528 98574 151882
166517 96013 149424
163808 135116 108533
155478 128478 108097
187015 110594 118635
178263 113508 110105
174755 119211 122916
167322 88723 143336
149822 83097 146476
162183 94912 161134
154279 90330 173546
161459 120975 112829
156738 97874 139987
145511 125972 109718
174479 113280 130550
160384 91498 131190
156900 125416 106203
154354 88552 143392
157722 96835 155994
163179 129015 120034
154406 142836 112896
167257 122996 123816
170587 87758 156560
175301 95156 159728
170186 111609 97131
162166 144655 111610
147956 119147 109692
138780 122258 124138
152576 127313 116667
155964 93858 141540
163834 111945 126522
170054 103184 139363
162434 97994 143517
163280 106854 149382
159361 107267 109896
164192 123945 110965
169899 109188 123678
161085 88229 137699
162852 139617 115989
172119 113730 121580
166219 95669 161266
152173 103923 124249
148847 98641 162890
143314 92810 146828
161190 99792 145986
142323 99490 142092
159501 110900 136202
188798 94809 148503
167270 88123 163193
157304 88288 147583
154400 137710 109946
160514 104818 148506
154143 96931 118644
153752 101386 117268
169593 124335 119299
165679 104555 129085
152967 109647 117494
153162 115631 114472
161067 90748 156499
150762 95779 145493
176274 99643 162425
156792 130075 104770
160260 96006 154356
158606 125703 111830
167087 109989 120262
170388 113316 131339
165030 109100 139649
168504 102698 130976
155631 99096 157269
143934 133091 121880
150409 97969 155508
167662 109972 153000
152705 94660 151314
163163 104109 130824
160616 92766 143996
176350 104821 121779
165594 113812 117263
171789 100171 157517
154217 129567 103263
174636 119146 129201
178121 141548 121756
145424 128972 124360
155907 100411 132456
164744 103455 119341
163823 110429 108552
158391 95437 139900
153067 124525 114946
145691 124753 102045
152770 99756 151303
152848 147219 119959
174089 98002 138046
173561 128709 113876
164446 101843 132541
159355 111304 130650
157944 124653 116700
161042 108116 126756
174357 98312 111047
155682 112545 122637
162851 110047 99475
155197 84835 149785
170007 91049 124302
147061 122936 116041
166293 87561 140900
159009 133779 117445
161241 121841 110286
163296 99788 151674
144158 119841 120490
152985 121445 121140
155339 90912 131546
148975 89398 154306
171911 106331 111405
170177 96667 124933
153971 92290 148580
163166 97163 150908
168134 97141 128596
170977 105599 134467
165567 97960 132625
177716 135404 117163
165287 116188 120237
150884 99454 164183
171546 88911 145865
159373 90885 137356
156188 94249 128281
157843 127146 99609
155292 124868 109559
154120 84112 151206
165908 98364 153250
160898 111392 139684
144866 124811 116869
165859 96835 137210
168071 109549 116632
140071 119561 114038
156533 97302 127926
164632 106715 149625
159777 125984 106904
150018 99098 143630
175039 99142 164331
168845 95484 164818
158250 113839 136366
181384 121202 151225
162640 97534 150342
146176 126319 110288
156117 113013 119848
159121 111481 122481
160024 130496 107853
169021 97703 151558
166157 90029 162046
179905 104176 114686
174828 97492 156710
156276 91816 136584
153578 145361 120144
154281 132183 115825
156437 92514 159797
149297 134427 113180
142686 129405 118336
154244 96815 163289
150390 121112 117932
156710 97380 126066
162609 102489 118607
