6775 160.915
154045 67741 87078
144577 65313 98728
119834 101357 70459
106455 79604 107253
97045 111802 74991
85506 99865 97219
128698 68559 104750
139513 65795 106113
138459 66136 103592
99565 109562 73656
107418 81501 102599
109727 82577 80867
106258 80368 106022
108544 92656 75920
93615 87824 93610
106455 79604 107253
151048 67008 88940
148886 68260 86791
105272 96343 74587
91350 86118 100189
91198 86735 99764
150001 66953 90842
138721 66195 102116
93264 91464 90518
87279 92344 98487
92433 85169 100108
87993 98806 91713
100961 108111 74215
115018 72708 100495
95767 106331 75775
124420 72443 88104
89095 88477 100767
136180 71727 83031
110408 87432 76602
101665 82277 103194
153077 67956 87543
143354 71399 82696
128147 74502 82564
113363 79403 80746
106048 93156 77139
101937 111447 73465
97007 103339 76046
96200 82858 97556
112624 100166 71994
117292 78327 85974
101161 83228 96841
100438 109120 74599
89757 91709 93127
120898 81319 78367
98316 87614 88286
86500 97396 91962
129178 68897 98040
97208 107100 75345
88635 108568 89068
88976 89624 97744
101443 81816 105222
102721 107219 73744
111840 102549 70861
123295 73964 85347
98607 83767 96333
110948 104043 72174
151029 69249 85576
126158 75409 81284
123882 90843 72851
121673 77349 81445
94034 90348 89352
94961 98365 79093
97650 88982 84784
105979 97087 74019
134481 66569 101531
124756 74064 85138
91802 100983 82272
125190 76051 80472
120736 79872 79468
87451 93519 92121
105050 94230 76152
135007 71055 86346
100230 97623 76279
115797 99071 71719
146521 66826 91885
135416 74684 79817
104059 81665 99384
116148 83032 78670
118206 80326 79209
124208 86529 76382
142500 65960 96587
114722 99681 71486
133562 73263 82185
114464 98023 72593
118533 102276 70656
130254 75009 81849
147109 68142 87376
104749 103715 73791
147329 69671 84608
117751 89015 75515
87358 94866 93386
136696 66442 99480
96305 85497 95659
119488 76807 83206
128318 73518 83464
103313 104408 74168
122144 76978 82209
86401 95488 101408
121379 79281 78188
90567 101725 83080
102965 91108 81679
147909 69010 86165
101969 110628 73589
132996 70976 88490
129889 77545 79436
95357 89901 88412
88901 90451 94740
86002 100697 95904
111333 78971 92931
113996 85389 77412
100751 92091 78972
148692 67593 91229
115660 99557 71937
131439 71969 87558
118867 78754 80198
140725 67203 96088
99070 94660 80953
140219 67504 92577
101969 110628 73589
137903 69288 88864
107901 86707 77869
120193 82191 78880
149907 67347 90653
90897 101538 83781
91898 108304 81917
102231 95153 75558
103796 84750 81518
94382 105053 79634
145280 68478 86814
90570 88733 95390
126532 69865 94569
112287 84675 77994
130788 68556 98243
110083 75915 95033
144169 69426 87110
133874 70758 87788
148283 67184 91340
140951 70288 87922
99490 85747 93836
121142 73680 92396
108182 96881 74025
113627 75628 90037
132447 71506 86270
137222 66466 99042
110569 83606 80317
123576 85638 76788
92117 85331 99195
119354 69948 99981
108038 75305 102870
139215 69285 89574
143697 66355 94364
107031 101196 72994
127534 70117 94013
130956 73331 85435
106469 100406 73237
94728 90101 93061
137369 68189 91616
102516 95857 75180
125652 70798 90241
146063 67816 89071
120407 76433 83104
117047 79060 81091
118012 78047 84331
103505 103717 74378
122460 93773 72476
85506 99865 97219
132858 69032 92659
98729 106237 75386
99837 90244 84089
116658 99356 71248
144647 80781 77613
114978 93971 74450
137790 70506 89756
120016 75759 83922
128815 71232 89957
111732 93405 75298
145025 70817 83583
145648 65819 95826
144647 80781 77613
130349 67689 98844
103126 102059 74842
107014 95361 74843
114169 98183 72773
142039 66274 95229
101443 81816 105222
101420 105584 74674
102830 105740 74194
116958 78721 84107
131587 73048 84234
118887 77850 81504
153894 68890 84853
134235 68757 92362
104802 103017 73326
138595 70418 85757
134549 72845 82676
86019 96010 92650
153077 67956 87543
144286 65597 96462
126946 84302 76970
117474 91382 74115
108297 100523 73130
89382 91837 94052
98796 105353 75858
110341 104223 70531
126946 84302 76970
129788 68737 96761
110739 101477 72401
115687 74214 93724
132159 67188 101175
89584 89675 94897
88276 102180 91266
131946 84623 76363
122524 71866 88419
145941 69829 84481
135615 76375 79756
101907 99954 75695
98975 102843 75811
142262 66681 94114
135640 68051 94956
119369 98107 70999
138841 65950 100796
125491 69374 100973
140318 68845 89789
115947 92523 73369
116658 99356 71248
141671 65539 99455
111257 95762 73608
119670 71862 95503
127100 70471 94012
141835 69729 87684
94382 105053 79634
141376 67336 94191
131502 77993 78535
135283 67113 101054
99268 83682 96722
138459 66136 103592
131754 70183 90662
141335 67045 94415
123429 69396 102928
132951 71122 84912
125213 70882 90157
148604 74830 87620
147514 79345 87393
145254 70096 98676
124343 73645 90661
135963 77223 88576
143043 72523 92872
142092 70866 94516
138688 70124 95463
138934 77856 87874
142753 74009 89472
146980 88056 89074
139147 90638 91813
126371 73780 98030
127475 85633 96314
142629 81739 90164
134129 75157 97922
142242 76005 94223
132485 79214 93744
133818 83980 92385
129493 80704 92818
129642 77440 93874
148489 75824 98588
146757 84829 93634
136865 75737 101270
128621 89122 103563
128463 78368 109916
127605 86558 106005
144161 77615 95414
129232 84150 99971
140862 76724 99166
129595 81797 97014
139002 78622 98022
146319 76471 95623
132481 81764 94804
134340 79783 97417
134462 81135 96750
130923 85148 94531
137355 79185 98416
136025 84299 94186
130770 78024 99752
137230 76941 99499
135115 85041 94208
134942 79688 99143
134966 79508 94365
152652 77137 98899
137087 90188 94722
132307 96204 99191
127793 87244 107204
145918 80718 96685
133444 94774 100581
132665 81576 104158
149324 78624 96148
140008 79428 99733
129929 82013 101257
137082 86362 96458
137496 84552 95069
134363 80722 97852
137374 77977 102164
133982 84182 99843
134689 78888 103214
129339 87098 101056
133203 79319 103314
133432 79625 100809
137405 81989 95307
147518 79442 101331
142771 78580 103609
142273 85805 95183
139033 79673 116993
134794 96359 100854
130336 92544 107096
141650 79065 112312
140823 88301 95298
138153 91867 96666
132943 82551 108885
137602 79837 109519
133498 81560 103898
143425 83923 96907
147289 82892 95995
130681 83825 103668
135861 80460 102318
136308 85906 101776
141203 85688 97751
145439 81239 98504
145370 80491 100862
138502 87840 100669
139247 83826 98745
138522 86957 97908
141671 82019 99328
141554 87002 97140
141854 80984 101717
139047 81848 101677
141611 82213 98594
146344 82028 99629
144082 85992 95193
143804 79714 104485
138190 100496 101302
131304 93313 109126
141395 91001 97387
131363 99826 104305
139571 80765 106088
136704 84557 105639
133484 90585 104031
142204 85986 101925
144937 82274 98777
131786 88034 107720
135882 88378 103218
142748 87894 99837
139082 90087 98688
138838 82628 108702
134709 85809 106000
134979 89887 103754
142703 82312 99842
135397 81680 108819
132161 85815 104883
138237 84914 103410
131671 88518 104806
131397 88352 108414
138839 84773 105073
153809 90340 98943
144243 93956 97665
142601 80840 110710
136133 86512 112926
135140 96334 104542
136570 87455 105906
152017 81224 105161
139399 92709 101658
149040 84863 103838
145720 85783 102215
145375 92498 99601
142994 84096 104829
137412 95012 104531
138985 86798 103818
150664 90441 98948
144390 90250 101932
142961 88124 102188
150467 85967 99562
136343 90378 104543
156945 91619 100942
143258 84467 105434
136233 89304 114326
135546 100759 109124
136494 90603 109200
147762 96917 102345
153196 95090 100990
150219 93882 103056
144373 87913 104966
143092 91843 106489
138365 95579 108344
139938 96886 106268
146608 87069 105138
139039 87643 107355
146628 87314 103064
150928 92860 103454
150308 93929 103438
150094 86706 113127
138509 96787 126092
137331 103488 113936
137114 99438 119265
140852 89649 108183
145037 88435 108183
148980 87463 110741
146471 98849 105519
140215 90776 113728
148316 90412 107310
147333 90737 104878
149494 88720 105629
158260 92392 108697
151422 93096 107002
150998 91219 119928
144576 103096 109991
142218 94061 120886
144268 91473 112324
149235 93242 112267
147468 105460 111019
147344 106445 110088
144713 96170 115241
158010 107612 111253
152683 97579 115647
154045 67741 87078
144577 65313 98728
119834 101357 70459
106455 79604 107253
97045 111802 74991
85506 99865 97219
139513 65795 106113
99565 109562 73656
153077 67956 87543
97045 111802 74991
128698 68559 104750
151048 67008 88940
126946 84302 76970
138459 66136 103592
98005 109455 74758
138721 66195 102116
106455 79604 107253
88635 108568 89068
124208 86529 76382
101443 81816 105222
107418 81501 102599
137533 70330 85008
89584 89675 94897
144647 80781 77613
100961 108111 74215
97208 107100 75345
142986 76619 78907
94034 90348 89352
103313 104408 74168
140392 72576 81904
136809 70913 85690
148716 69225 85461
132758 70470 87207
93045 84935 98736
150585 66927 90167
96200 82858 97556
145280 68478 86814
87451 93519 92121
87279 92344 98487
134481 66569 101531
89382 91837 94052
110948 104043 72174
93615 87824 93610
90219 97665 88111
153894 68890 84853
102721 107219 73744
111333 78971 92931
111840 102549 70861
109204 91737 76125
112624 100166 71994
121379 79281 78188
87993 98806 91713
128788 78356 80096
120898 81319 78367
92117 85331 99195
113363 79403 80746
89095 88477 100767
121673 77349 81445
116658 99356 71248
131502 77993 78535
115797 99071 71719
101665 82277 103194
127913 71094 98119
107280 88965 82830
96715 89247 86569
149907 67347 90653
147329 69671 84608
126480 80941 77322
88771 91225 95707
110706 93118 74741
118206 80326 79209
90567 101725 83080
129377 73944 82863
86401 95488 101408
120464 72123 92726
141675 65552 100327
109727 82577 80867
114978 93971 74450
138098 73211 82551
105272 96343 74587
117315 80129 79814
86002 100697 95904
126260 72959 84187
91350 86118 100189
101161 83228 96841
143721 66392 97704
118867 78754 80198
106852 86935 86173
95092 103318 77309
141332 66680 94655
94728 90101 93061
102516 95857 75180
110408 87432 76602
87358 94866 93386
91802 100983 82272
114169 98183 72773
129055 68693 99482
90897 101538 83781
127978 70158 91401
115018 72708 100495
91198 86735 99764
122524 71866 88419
92562 94524 83483
123225 73674 83949
119354 69948 99981
98796 105353 75858
132291 77138 80452
86500 97396 91962
94382 105053 79634
104749 103715 73791
105979 97087 74019
102231 95153 75558
90416 88307 98279
144286 65597 96462
145957 67760 91902
105526 98618 74072
107901 86707 77869
117081 76246 87887
113720 94257 74322
102830 105740 74194
148137 68015 87643
114722 99681 71486
93303 88531 95259
122066 76984 81728
133519 68338 95061
125181 72164 86769
114464 98023 72593
91898 108304 81917
115947 92523 73369
135626 69435 87964
94961 98365 79093
131941 75090 81094
98316 87614 88286
99268 83682 96722
114490 75443 94363
135283 67113 101054
142515 69989 84594
140921 66834 96168
110153 80480 93163
104620 80032 102985
146854 67669 88669
109886 81216 89609
142186 66071 99398
98196 102899 76727
99663 83526 95338
98607 83767 96333
86019 96010 92650
87870 90640 103168
115354 84082 78046
111587 77684 92392
130489 68933 93990
116752 78615 85269
104097 90459 83627
125907 75025 82325
150001 66953 90842
104549 85906 86424
98680 105996 75502
136498 67446 98565
123246 69362 98969
118533 102276 70656
146789 67325 94406
115660 99557 71937
132266 71691 85945
118497 74570 95479
101907 99954 75695
110429 101976 72371
123576 85638 76788
131030 71611 86678
96305 85497 95659
149316 66505 92520
129889 77545 79436
108038 75305 102870
105050 94230 76152
108297 100523 73130
101443 81816 105222
123502 76387 81573
88276 102180 91266
122681 71509 91078
144015 71211 82607
91602 92812 87191
106469 100406 73237
125444 75737 83290
94629 96834 81459
107031 101196 72994
111917 73011 101046
133873 70922 86455
134838 73272 83454
95358 95327 80907
117619 75257 86071
112287 84675 77994
99070 94660 80953
103656 86023 89681
131946 84623 76363
96762 97828 78760
147909 69010 86165
123882 90843 72851
112453 76816 89891
122342 74325 85318
110083 75915 95033
104059 81665 99384
108544 92656 75920
129899 69792 93722
129347 68415 97851
117604 74765 92014
106177 101956 73878
130338 73339 83281
92276 96561 82292
131242 70718 89975
135983 71450 84172
100389 103380 74240
100446 108512 72928
116204 71360 101205
129794 70683 91009
93612 102679 80654
120016 75759 83922
142635 70541 84043
116977 91076 75949
116362 72255 97061
118339 97268 71360
134335 69872 91244
139154 68073 89750
139384 69137 88795
138462 66501 103352
146308 67463 92184
118779 72374 90135
110341 104223 70531
128300 69696 97717
116433 74343 96039
100003 106678 75089
131639 68262 98140
108984 90894 76746
100003 106678 75089
95767 106331 75775
95767 106331 75775
119580 72195 94822
85506 99865 97219
130203 67546 98452
149527 66882 92223
94382 105053 79634
141082 67840 92349
115314 83069 80543
116148 83032 78670
125755 71164 98321
138953 69684 86258
122178 71448 95170
149911 69436 92204
136237 68432 98861
130074 76951 85491
117375 88594 105274
120423 82191 89749
124576 78452 87550
118608 80795 94062
141976 71926 92523
148142 76231 89875
127607 73567 92487
134123 72585 90791
138889 72386 89985
154883 82443 87936
139091 70595 102443
138641 73232 107120
134040 83610 87198
119758 97977 97105
124930 86903 92410
146337 72926 100195
144418 81482 89110
150785 77125 91363
136956 76856 94283
121098 86450 99706
131770 73777 95166
127753 77226 104062
127065 79100 102120
121653 83552 96377
124543 81274 95927
134676 77375 92245
130258 81510 91614
128503 76957 95582
127439 79716 92046
137576 73654 91846
151795 79034 95010
136966 84234 88487
135781 74122 102650
127490 79898 105385
124029 99664 101420
127676 90970 94869
142556 76183 95293
125184 84735 99592
128592 88126 92165
149602 75595 102518
132442 83853 91909
134791 75317 104487
132022 75886 96053
141232 79446 94186
139025 81162 95859
128598 85012 94379
128832 83016 94862
130758 79224 101924
126410 81975 101798
136420 81737 94198
150086 83486 94434
147731 93849 90563
145069 75677 105885
143678 76935 111944
141327 99280 90658
126211 90289 103836
127891 89310 105894
134174 86582 93748
131046 87677 99105
146367 84529 92263
132139 82949 102366
148529 76457 104293
132562 79976 101968
128947 88932 92534
133227 81107 97637
135383 78323 99073
127410 89558 103542
130738 85256 100776
140128 81889 94727
135825 77745 101270
144368 76346 105332
129771 84125 101106
137173 84215 95808
144393 80913 97305
137840 85462 94136
128798 85538 102065
139551 77378 97574
138852 84452 95376
135462 82034 96516
138821 81954 96650
135640 84808 95887
135095 89371 92268
147831 81212 100281
139175 89874 92380
137376 80188 102983
133594 81300 113666
133023 96270 92908
128639 89652 110398
134063 82017 104493
130076 92774 103597
131892 94297 98119
141479 87307 94827
144352 83969 95149
139782 84449 96685
146316 81857 99203
130925 89337 103927
136056 87830 97183
132600 85778 100997
145287 82291 101043
142510 82120 101997
136787 82815 102234
139460 87199 97623
135200 85122 99868
132431 93967 101848
135893 83367 99606
135005 83754 103932
133927 93286 100064
155098 80626 109597
140631 99665 94607
138566 99690 98105
132303 99103 102790
149435 89412 95792
136937 84265 109140
132769 86833 101808
145290 84230 96974
137521 83316 106412
154584 84596 95986
142524 93148 95821
141283 83000 104920
139166 96405 98123
140555 85920 98801
137156 93128 101308
138974 97854 100076
137250 88619 100950
147658 83622 101771
148412 81871 100648
138625 84626 103374
140130 98110 95856
141788 84924 101460
148087 81995 101432
141856 84748 98222
147091 85546 104881
146040 89918 97027
142206 83056 107871
141142 91759 100126
138612 87331 108278
132979 88104 104302
136764 87888 102639
143200 86711 98640
145214 83211 105530
140338 87323 105540
148131 83284 107672
144462 90374 98878
139248 97670 105003
133837 88285 109255
143654 95664 100126
137783 92390 106288
141167 95784 102604
135227 90470 108769
140569 87901 106367
139685 89769 103917
140900 88642 102887
153016 100419 101553
151683 85514 110825
145282 104388 101538
138725 94613 112611
135189 95531 111957
140435 97972 104925
143873 90224 106021
138371 97469 107723
146907 93064 102109
148295 89105 106832
152411 92476 104139
145631 88015 106923
138361 95313 112503
151752 91082 104458
154924 87271 110962
148244 90347 119102
147574 97243 104974
141287 102572 105507
144870 98050 112819
150491 89664 110221
147260 94150 107813
145077 94490 106353
149176 99289 109773
156418 99886 118974
