203 34.2692
715913 661235 697349 701828
715913 661235 697349 701828
710710 584855 660477 702635
710710 584855 660477 702635
715913 661235 697349 701828
715913 661235 697349 701828
710710 584855 660477 702635
710710 584855 660477 702635
710710 584855 660477 702635
710710 584855 660477 702635
751441 678124 705911 716705
751441 678124 705911 716705
751441 678124 705911 716705
717197 587686 664003 735188
717197 587686 664003 735188
717197 587686 664003 735188
717197 587686 664003 735188
751441 678124 705911 716705
751441 678124 705911 716705
751441 678124 705911 716705
717197 587686 664003 735188
717197 587686 664003 735188
717197 587686 664003 735188
751441 678124 705911 716705
751441 678124 705911 716705
751441 678124 705911 716705
751441 678124 705911 716705
751441 678124 705911 716705
751441 678124 705911 716705
751441 678124 705911 716705
751441 678124 705911 716705
751441 678124 705911 716705
751441 678124 705911 716705
751441 678124 705911 716705
751441 678124 705911 716705
751441 678124 705911 716705
751441 678124 705911 716705
751441 678124 705911 716705
751441 678124 705911 716705
751441 678124 705911 716705
751441 678124 705911 716705
751441 678124 705911 716705
751441 678124 705911 716705
751441 678124 705911 716705
751441 678124 705911 716705
751441 678124 705911 716705
751441 678124 705911 716705
751441 678124 705911 716705
751441 678124 705911 716705
751441 678124 705911 716705
751441 678124 705911 716705
751441 678124 705911 716705
751441 678124 705911 716705
751441 678124 705911 716705
751441 678124 705911 716705
751441 678124 705911 716705
751441 678124 705911 716705
751441 678124 705911 716705
751441 678124 705911 716705
751441 678124 705911 716705
751441 678124 705911 716705
751441 678124 705911 716705
751441 678124 705911 716705
751441 678124 705911 716705
751441 678124 705911 716705
751441 678124 705911 716705
751441 678124 705911 716705
751441 678124 705911 716705
751441 678124 705911 716705
751441 678124 705911 716705
751441 678124 705911 716705
751441 678124 705911 716705
751441 678124 705911 716705
751441 678124 705911 716705
751441 678124 705911 716705
751441 678124 705911 716705
751441 678124 705911 716705
751441 678124 705911 716705
751441 678124 705911 716705
751441 678124 705911 716705
751441 678124 705911 716705
751441 678124 705911 716705
751441 678124 705911 716705
751441 678124 705911 716705
751441 678124 705911 716705
751441 678124 705911 716705
751441 678124 705911 716705
717197 587686 664003 735188
717197 587686 664003 735188
717197 587686 664003 735188
717197 587686 664003 735188
717197 587686 664003 735188
717197 587686 664003 735188
717197 587686 664003 735188
717197 587686 664003 735188
717197 587686 664003 735188
717197 587686 664003 735188
717197 587686 664003 735188
717197 587686 664003 735188
717197 587686 664003 735188
717197 587686 664003 735188
717197 587686 664003 735188
717197 587686 664003 735188
717197 587686 664003 735188
717197 587686 664003 735188
717197 587686 664003 735188
717197 587686 664003 735188
717197 587686 664003 735188
717197 587686 664003 735188
717197 587686 664003 735188
717197 587686 664003 735188
717197 587686 664003 735188
717197 587686 664003 735188
717197 587686 664003 735188
717197 587686 664003 735188
717197 587686 664003 735188
717197 587686 664003 735188
717197 587686 664003 735188
717197 587686 664003 735188
717197 587686 664003 735188
717197 587686 664003 735188
717197 587686 664003 735188
717197 587686 664003 735188
717197 587686 664003 735188
717197 587686 664003 735188
717197 587686 664003 735188
717197 587686 664003 735188
717197 587686 664003 735188
717197 587686 664003 735188
717197 587686 664003 735188
717197 587686 664003 735188
717197 587686 664003 735188
717197 587686 664003 735188
717197 587686 664003 735188
842432 811064 786480 764276
823457 835498 794435 749824
809528 837226 823201 755357
789842 839370 808277 758928
762933 612252 707883 777521
762933 612252 707883 777521
734797 699208 681021 772634
734797 699208 681021 772634
762933 612252 707883 777521
800166 796453 763831 772028
816187 769315 808767 763673
824658 829275 776044 758480
779659 796089 822849 763250
815227 785290 814118 754483
839910 814425 795571 757166
811769 808033 810185 761458
768474 813057 813285 772627
804179 794472 767778 766712
814989 780136 794036 769775
818317 815291 803579 752144
827352 771879 802197 772543
818317 815291 803579 752144
810931 775936 820253 769346
822427 822452 783431 759137
794301 825511 780880 766196
823457 835498 794435 749824
796865 797180 821493 760771
834343 835047 780827 756005
820550 791722 799938 757102
817205 770407 808375 765333
782930 799411 792073 771969
816165 821648 805785 756799
801528 825269 795999 762260
781451 803441 807260 763094
824676 815500 782145 762711
786765 830840 804830 766411
830706 811008 804414 755929
768070 826184 806086 767153
799956 794854 808445 768927
810005 787869 790923 771727
786773 800460 797662 769727
789826 802339 790354 766885
790823 802078 785126 767651
809083 790974 764855 769577
821590 810178 789135 764461
834343 835047 780827 756005
831568 784398 787955 768204
808500 822955 808996 760800
807046 789115 820461 770710
802028 800558 813420 767304
831568 784398 787955 768204
833528 775634 806424 764641
798284 800916 783049 772099
804405 795926 781276 764577
826133 791457 797308 767216
790823 802078 785126 767651
815227 785290 814118 754483
798590 801345 787840 767034
842432 811064 786480 764276
807838 790329 791395 771869
807046 789115 820461 770710
796865 797180 821493 760771
833528 775634 806424 764641
808462 788689 806864 766419
807046 789115 820461 770710
810005 787869 790923 771727
807269 784660 812074 764505
807269 784660 812074 764505
768070 826184 806086 767153
807269 784660 812074 764505
807269 784660 812074 764505
807046 789115 820461 770710
807046 789115 820461 770710
807269 784660 812074 764505
807269 784660 812074 764505
807269 784660 812074 764505
807269 784660 812074 764505
807269 784660 812074 764505
807269 784660 812074 764505
807269 784660 812074 764505
807269 784660 812074 764505
807046 789115 820461 770710
807046 789115 820461 770710
807046 789115 820461 770710
807046 789115 820461 770710
807046 789115 820461 770710
807046 789115 820461 770710
807046 789115 820461 770710
807046 789115 820461 770710
807046 789115 820461 770710
807046 789115 820461 770710
807046 789115 820461 770710
807046 789115 820461 770710
852697 803921 825558 772933
821134 803767 743608 826726
817958 812871 771394 767203
796646 739253 782029 804557
781004 808027 766928 839433
770423 848883 780645 813937
767437 806929 830982 792372
753811 794516 799931 825428
823963 755500 819627 803985
852697 803921 825558 772933
796646 739253 782029 804557
770837 817994 799161 805737
796630 834090 772749 780335
842526 838231 752495 774239
782239 760608 813603 818719
830645 790439 805655 773604
807660 771423 807691 774898
774542 825083 780978 809610
834098 772752 799986 776011
783319 809967 777098 801243
758705 799356 800735 807996
793337 799229 794975 773473
772064 760805 784539 777063
832511 780993 744233 827224
770423 848883 780645 813937
766731 822629 820252 791708
777934 800982 772674 836437
758992 794336 802270 802525
779185 815602 774191 820690
820165 785281 755445 820528
785499 840253 769023 834327
816892 790261 766602 784079
765266 805881 789791 813306
816626 787165 752994 791154
809714 756950 817992 782250
764147 812268 824751 776352
793796 802161 750226 819715
812899 796617 753315 803630
842526 838231 752495 774239
798128 774766 763054 802154
832946 776421 767872 793841
799669 757559 780702 793177
817326 768511 763584 827225
805697 759785 770764 782810
820968 780066 757679 809701
809714 756950 817992 782250
804282 823887 769739 774725
768936 815191 787268 825940
788869 792566 782991 779183
787871 824949 778475 788410
785834 796527 781756 796364
765872 782169 809730 815508
781004 808027 766928 839433
770550 801395 787943 808874
794143 776678 777554 827676
765872 782169 809730 815508
806135 755879 766566 805291
769457 775634 804463 832301
804603 805507 790834 769718
804603 805507 790834 769718
792609 791656 767608 790175
781758 823419 773793 831220
791590 786229 775158 790912
779072 757420 823295 832087
779516 791952 804038 775861
817958 812871 771394 767203
767062 757868 804793 819141
787713 797482 768712 811513
785499 840253 769023 834327
785834 796527 781756 796364
793796 802161 750226 819715
784386 809304 773963 788650
772064 760805 784539 777063
817326 768511 763584 827225
782984 822904 779599 810197
792781 778375 764569 815971
788194 796040 769494 801350
794294 791258 755662 780497
786396 789993 779388 804382
812899 796617 753315 803630
818099 806405 774404 777500
804603 805507 790834 769718
787713 797482 768712 811513
786642 786822 777464 793069
792781 778375 764569 815971
795797 774027 779715 834043
791590 786229 775158 790912
779892 809435 782909 814651
842526 838231 752495 774239
774542 825083 780978 809610
777934 800982 772674 836437
805036 785562 756719 817391
820968 780066 757679 809701
781758 823419 773793 831220
764147 812268 824751 776352
798128 774766 763054 802154
788869 792566 782991 779183
779072 757420 823295 832087
793079 824008 752235 805144
787871 824949 778475 788410
768936 815191 787268 825940
794294 791258 755662 780497
758992 794336 802270 802525
795797 774027 779715 834043
794143 776678 777554 827676
779892 809435 782909 814651
805036 785562 756719 817391
818099 806405 774404 777500
764147 812268 824751 776352
817998 799278 777246 778345
766536 780243 800532 832240
777934 800982 772674 836437
798128 774766 763054 802154
805036 785562 756719 817391
793079 824008 752235 805144
817998 799278 777246 778345
784429 778106 769278 831429
784429 778106 769278 831429
766536 780243 800532 832240
786396 789993 779388 804382
795797 774027 779715 834043
784429 778106 769278 831429
795797 774027 779715 834043
793079 824008 752235 805144
805036 785562 756719 817391
817958 812871 771394 767203
805036 785562 756719 817391
784429 778106 769278 831429
796646 739253 782029 804557
798128 774766 763054 802154
758992 794336 802270 802525
805036 785562 756719 817391
795797 774027 779715 834043
793079 824008 752235 805144
793079 824008 752235 805144
795797 774027 779715 834043
818099 806405 774404 777500
818099 806405 774404 777500
818099 806405 774404 777500
818099 806405 774404 777500
817998 799278 777246 778345
817998 799278 777246 778345
817958 812871 771394 767203
812899 796617 753315 803630
805036 785562 756719 817391
805036 785562 756719 817391
805036 785562 756719 817391
805036 785562 756719 817391
805036 785562 756719 817391
805036 785562 756719 817391
805036 785562 756719 817391
805036 785562 756719 817391
805036 785562 756719 817391
804603 805507 790834 769718
804603 805507 790834 769718
804603 805507 790834 769718
804603 805507 790834 769718
798128 774766 763054 802154
798128 774766 763054 802154
798128 774766 763054 802154
798128 774766 763054 802154
798128 774766 763054 802154
795797 774027 779715 834043
795797 774027 779715 834043
795797 774027 779715 834043
795797 774027 779715 834043
795797 774027 779715 834043
795797 774027 779715 834043
795797 774027 779715 834043
795797 774027 779715 834043
795797 774027 779715 834043
795797 774027 779715 834043
795797 774027 779715 834043
795797 774027 779715 834043
795797 774027 779715 834043
793079 824008 752235 805144
788869 792566 782991 779183
788869 792566 782991 779183
787871 824949 778475 788410
785834 796527 781756 796364
784429 778106 769278 831429
781758 823419 773793 831220
781758 823419 773793 831220
781004 808027 766928 839433
774542 825083 780978 809610
772064 760805 784539 777063
768936 815191 787268 825940
850891 798704 779859 807980
845379 789287 783701 857546
834786 799832 807859 779557
824408 806873 754861 832904
820088 761943 810250 811369
814790 839257 759700 798349
776045 780448 830455 835011
775827 805151 786558 806943
830909 826405 783530 808981
841043 789553 774602 821793
784105 800017 817741 804466
787971 795402 777151 850020
834211 815758 799046 787409
806861 805347 765678 845065
804422 781742 822416 819718
835368 837053 792782 784734
806861 805347 765678 845065
799194 800001 784063 789694
820818 775370 822800 795691
838294 797450 795922 792518
820088 761943 810250 811369
827302 779186 788786 818424
821196 778922 800623 809277
781680 771024 828990 781010
794804 802734 807400 782417
780418 838228 827214 801265
790333 786877 800264 828479
793279 801424 788283 831244
780177 792552 798630 827848
795080 783529 786264 811790
845853 784314 793584 795091
810699 812051 776604 816953
814790 839257 759700 798349
817108 768439 794803 833719
836146 795711 783964 814424
811388 785649 788393 800530
782304 804502 808057 809539
813955 784189 798299 810337
817108 768439 794803 833719
810699 812051 776604 816953
814228 791270 799364 783021
835368 837053 792782 784734
775827 805151 786558 806943
780177 792552 798630 827848
858133 792208 801414 797104
828555 781195 816849 810694
816655 812056 783744 825812
812735 837487 831727 782033
811452 783883 811001 842191
792664 810077 834609 816342
778965 830986 797869 808348
816416 826146 788710 799652
805481 815621 815656 789073
836178 802698 805539 809962
797600 807135 825817 794440
817004 785056 789176 819360
819871 814446 801617 787937
815201 796996 798532 822621
811702 804109 822045 782787
832544 800078 804625 817549
807473 800689 833519 804310
798462 805517 807902 806102
800681 783252 832549 819860
833128 796594 834936 818232
832118 794642 794105 834905
829243 815756 807036 804742
813142 827673 822330 822864
827928 813469 803930 826200
854519 794796 804966 837143
834126 805014 813907 855708
865279 797524 775771 778947
837208 805690 741674 829395
836291 802100 803139 743158
809597 849033 769940 783908
808026 745858 801421 843982
796080 804580 753837 849110
794360 783431 843068 774426
751996 809671 786909 814135
810159 788358 793276 748715
772782 780091 831954 808259
858886 796687 774677 781297
833512 844747 790969 759427
819768 810772 749724 826419
807637 815424 841822 759794
752210 790830 829042 820075
808026 745858 801421 843982
807020 780760 742000 830553
836291 802100 803139 743158
851731 809158 784357 762032
822415 782311 823371 772775
758964 790635 800538 784262
752210 790830 829042 820075
796504 825795 801050 763239
761931 827037 780624 835916
811018 811781 749727 809579
807926 763135 820037 800928
865279 797524 775771 778947
805177 792959 752477 826915
839116 776357 770543 842973
796080 804580 753837 849110
832389 748764 814892 809084
833512 844747 790969 759427
794490 814515 752765 838362
812353 828398 767353 790599
824632 754267 807931 793417
792727 838111 774386 803974
809597 849033 769940 783908
843536 761573 789950 786608
774935 831118 791801 798929
832654 783368 779045 769993
804753 834386 767889 792688
809770 783749 816251 774120
838997 767656 805288 774284
783653 782497 796977 823333
780890 757935 784226 826099
768632 822298 795360 812343
826904 786721 779709 766534
770828 790261 798383 816409
818522 790718 757552 796471
764077 802961 783074 816138
833672 797631 763088 788554
806885 763676 795855 818762
818572 751545 780071 810667
778611 794347 796380 820732
758964 790635 800538 784262
774893 801413 792497 763764
817306 785177 761666 812155
797456 843052 777597 777264
824893 762252 796916 793463
828156 778647 777840 772306
789202 754019 822080 808750
776481 797474 757289 811303
848741 780648 755211 833873
848581 778023 791926 780158
831254 807453 770377 776850
798591 821915 774179 792320
784424 784742 780359 812181
832389 748764 814892 809084
838997 767656 805288 774284
794490 814515 752765 838362
769362 813558 770871 833319
793813 831686 768898 806621
800940 771403 789385 809849
775754 794461 770311 810435
792727 838111 774386 803974
837208 805690 741674 829395
820974 796846 761486 791846
762303 804530 811972 783709
847034 762530 764218 816767
823807 783092 789412 766441
805938 816492 769706 795373
766595 826221 778914 825894
790420 841252 772878 807955
767345 794345 799082 815011
764077 802961 783074 816138
776301 789306 787167 836089
769362 813558 770871 833319
851731 809158 784357 762032
842310 775352 769961 790860
812353 828398 767353 790599
810592 779097 785317 802575
774429 759706 800177 804068
787557 802035 788362 788059
843536 761573 789950 786608
790420 841252 772878 807955
840617 772151 765690 831798
784313 840106 776211 803468
782635 765055 806486 796292
797290 818854 766548 810985
818572 751545 780071 810667
809094 774934 780020 821298
789060 811926 785997 789112
807926 763135 820037 800928
803568 758188 813415 815874
822657 773913 810727 760985
797456 843052 777597 777264
809770 783749 816251 774120
796378 765012 813606 795855
824632 754267 807931 793417
781284 793828 810626 781395
816280 764176 809755 788272
768550 833316 785165 802996
802121 797361 760614 806622
782635 765055 806486 796292
791987 791360 788821 782928
820240 783006 814745 771472
804279 799882 784211 773835
823283 766270 808673 792347
789202 754019 822080 808750
789079 769781 794118 777211
799287 787469 790074 762053
774429 759706 800177 804068
789231 782083 754096 815517
790201 812904 778041 780308
837208 805690 741674 829395
794520 776247 786911 811239
804753 834386 767889 792688
821031 788798 787581 770806
813640 787088 753630 817106
778700 809354 783826 803766
827159 808276 756507 792115
799212 804409 767648 803666
813640 787088 753630 817106
768550 833316 785165 802996
795634 777187 786164 818447
797320 772607 777404 822402
781010 788350 782356 789277
797060 768696 812264 788052
791454 793733 780652 805787
826260 791406 761617 795829
784293 790890 777990 831034
773997 774102 794889 825343
788237 815334 769472 810615
791998 786494 786962 793262
795778 798985 768691 803007
805177 792959 752477 826915
783491 796444 791195 783298
780122 782629 797669 809205
842310 775352 769961 790860
807637 815424 841822 759794
807468 789520 759646 808596
810301 802496 784157 776520
789175 820165 775651 800241
822415 782311 823371 772775
840617 772151 765690 831798
806913 763691 783907 812624
814477 791929 769755 795967
823283 766270 808673 792347
839236 794211 776746 786826
791866 771286 792986 805881
807020 780760 742000 830553
815472 781898 778673 780326
773997 774102 794889 825343
789175 820165 775651 800241
823183 762799 813043 790335
802121 797361 760614 806622
804476 787981 784241 797698
810010 819072 770597 794864
781284 793828 810626 781395
787557 802035 788362 788059
795634 777187 786164 818447
823509 795244 778464 785627
767345 794345 799082 815011
799073 796579 823229 770226
788546 801732 781420 808281
810010 819072 770597 794864
821031 788798 787581 770806
831532 806143 772137 781065
766595 826221 778914 825894
798185 781180 791606 797822
823509 795244 778464 785627
768632 822298 795360 812343
803081 800719 776246 796084
827799 798102 752571 813892
817866 794314 765221 800855
773023 782693 796457 843744
809102 773511 771756 814098
772326 831593 787257 779255
793950 793032 780095 805359
847034 762530 764218 816767
841044 771584 769735 834575
828156 778647 777840 772306
807272 778288 786495 800665
789079 769781 794118 777211
817545 778435 798143 775451
814140 808942 787410 761144
848741 780648 755211 833873
810630 758857 771411 796121
818385 786928 766499 806690
865279 797524 775771 778947
818415 809697 752918 808766
839104 758388 809370 788665
827271 831193 775667 760442
816194 787665 763562 807318
797060 768696 812264 788052
839236 794211 776746 786826
815975 798658 765709 785951
810592 779097 785317 802575
808025 815178 772531 799404
788873 784527 812560 796067
827159 808276 756507 792115
805792 798422 755469 803763
841044 771584 769735 834575
816701 815782 775394 779088
816701 815782 775394 779088
800387 774007 790296 805967
774070 808969 777202 804854
784313 840106 776211 803468
823807 783092 789412 766441
807061 799210 774976 779359
807991 764255 800206 796257
774893 801413 792497 763764
797320 772607 777404 822402
783491 796444 791195 783298
788546 801732 781420 808281
798185 781180 791606 797822
780503 790273 810713 776283
823183 762799 813043 790335
797290 818854 766548 810985
817545 778435 798143 775451
847034 762530 764218 816767
762243 826706 798247 792816
831532 806143 772137 781065
803081 800719 776246 796084
794409 801100 778306 785014
805938 816492 769706 795373
816194 787665 763562 807318
796595 797995 790762 780620
807061 799210 774976 779359
833672 797631 763088 788554
820677 789458 772774 787432
794409 801100 778306 785014
800075 781369 767541 807674
831254 807453 770377 776850
781010 788350 782356 789277
773023 782693 796457 843744
807468 789520 759646 808596
773997 774102 794889 825343
807468 789520 759646 808596
823331 807120 774575 784057
804279 799882 784211 773835
820677 789458 772774 787432
782736 790251 812486 771382
772789 814840 794388 771268
791454 793733 780652 805787
805792 798422 755469 803763
783975 777785 784607 803858
814477 791929 769755 795967
798333 778462 788420 800259
827799 798102 752571 813892
810630 758857 771411 796121
791866 771286 792986 805881
780122 782629 797669 809205
841044 771584 769735 834575
806015 798823 765321 800652
772789 814840 794388 771268
796595 797995 790762 780620
817306 785177 761666 812155
798591 821915 774179 792320
774070 808969 777202 804854
809094 774934 780020 821298
799233 808721 779659 770075
810080 790499 782996 786115
772326 831593 787257 779255
806015 798823 765321 800652
808416 772314 791825 809297
832654 783368 779045 769993
799073 796579 823229 770226
789231 782083 754096 815517
809102 773511 771756 814098
808416 772314 791825 809297
800075 781369 767541 807674
790068 798070 784704 770037
839116 776357 770543 842973
791987 791360 788821 782928
776301 789306 787167 836089
800387 774007 790296 805967
823331 807120 774575 784057
791998 786494 786962 793262
815472 781898 778673 780326
808025 815178 772531 799404
826904 786721 779709 766534
810080 790499 782996 786115
831589 765037 812540 783984
782736 790251 812486 771382
784424 784742 780359 812181
793813 831686 768898 806621
762303 804530 811972 783709
839104 758388 809370 788665
818415 809697 752918 808766
826260 791406 761617 795829
774935 831118 791801 798929
815975 798658 765709 785951
819962 777310 768798 788258
818385 786928 766499 806690
827271 831193 775667 760442
820240 783006 814745 771472
783975 777785 784607 803858
793950 793032 780095 805359
790068 798070 784704 770037
819962 777310 768798 788258
780503 790273 810713 776283
847034 762530 764218 816767
814140 808942 787410 761144
804476 787981 784241 797698
824893 762252 796916 793463
762243 826706 798247 792816
799233 808721 779659 770075
780890 757935 784226 826099
751996 809671 786909 814135
776481 797474 757289 811303
848741 780648 755211 833873
788873 784527 812560 796067
817866 794314 765221 800855
822657 773913 810727 760985
843536 761573 789950 786608
800075 781369 767541 807674
778700 809354 783826 803766
865279 797524 775771 778947
806913 763691 783907 812624
799287 787469 790074 762053
831254 807453 770377 776850
798333 778462 788420 800259
847034 762530 764218 816767
847034 762530 764218 816767
831589 765037 812540 783984
807468 789520 759646 808596
848741 780648 755211 833873
865279 797524 775771 778947
843536 761573 789950 786608
848741 780648 755211 833873
865279 797524 775771 778947
865279 797524 775771 778947
865279 797524 775771 778947
865279 797524 775771 778947
865279 797524 775771 778947
865279 797524 775771 778947
865279 797524 775771 778947
865279 797524 775771 778947
865279 797524 775771 778947
865279 797524 775771 778947
865279 797524 775771 778947
865279 797524 775771 778947
865279 797524 775771 778947
865279 797524 775771 778947
865279 797524 775771 778947
865279 797524 775771 778947
865279 797524 775771 778947
865279 797524 775771 778947
865279 797524 775771 778947
865279 797524 775771 778947
865279 797524 775771 778947
865279 797524 775771 778947
865279 797524 775771 778947
865279 797524 775771 778947
865279 797524 775771 778947
865279 797524 775771 778947
865279 797524 775771 778947
865279 797524 775771 778947
865279 797524 775771 778947
865279 797524 775771 778947
865279 797524 775771 778947
865279 797524 775771 778947
865279 797524 775771 778947
865279 797524 775771 778947
865279 797524 775771 778947
865279 797524 775771 778947
865279 797524 775771 778947
865279 797524 775771 778947
865279 797524 775771 778947
865279 797524 775771 778947
865279 797524 775771 778947
865279 797524 775771 778947
865279 797524 775771 778947
865279 797524 775771 778947
865279 797524 775771 778947
865279 797524 775771 778947
865279 797524 775771 778947
865279 797524 775771 778947
865279 797524 775771 778947
865279 797524 775771 778947
865279 797524 775771 778947
865279 797524 775771 778947
865279 797524 775771 778947
865279 797524 775771 778947
865279 797524 775771 778947
865279 797524 775771 778947
865279 797524 775771 778947
865279 797524 775771 778947
865279 797524 775771 778947
865279 797524 775771 778947
865279 797524 775771 778947
851731 809158 784357 762032
848741 780648 755211 833873
848741 780648 755211 833873
848741 780648 755211 833873
848741 780648 755211 833873
848741 780648 755211 833873
848741 780648 755211 833873
848741 780648 755211 833873
848741 780648 755211 833873
848741 780648 755211 833873
848741 780648 755211 833873
848741 780648 755211 833873
848741 780648 755211 833873
848741 780648 755211 833873
848741 780648 755211 833873
848741 780648 755211 833873
847034 762530 764218 816767
847034 762530 764218 816767
847034 762530 764218 816767
847034 762530 764218 816767
847034 762530 764218 816767
847034 762530 764218 816767
847034 762530 764218 816767
847034 762530 764218 816767
847034 762530 764218 816767
847034 762530 764218 816767
847034 762530 764218 816767
847034 762530 764218 816767
847034 762530 764218 816767
847034 762530 764218 816767
847034 762530 764218 816767
847034 762530 764218 816767
847034 762530 764218 816767
847034 762530 764218 816767
847034 762530 764218 816767
847034 762530 764218 816767
847034 762530 764218 816767
843536 761573 789950 786608
843536 761573 789950 786608
843536 761573 789950 786608
843536 761573 789950 786608
843536 761573 789950 786608
843536 761573 789950 786608
843536 761573 789950 786608
843536 761573 789950 786608
843536 761573 789950 786608
841044 771584 769735 834575
837208 805690 741674 829395
800075 781369 767541 807674
773997 774102 794889 825343
762243 826706 798247 792816
850419 809388 796622 799782
840717 791466 776011 841817
826080 818169 791320 765680
821537 777555 813012 822764
805018 793140 859986 795694
799350 836107 779494 781800
789401 813296 828193 809587
829432 779729 793717 826558
805993 810672 833993 805137
811067 787166 802071 792089
812754 801023 796720 808877
799350 836107 779494 781800
792552 818377 781816 782436
807855 806462 793213 816666
804971 816870 810892 817802
805051 813015 814445 796295
827823 793446 783483 809131
792552 818377 781816 782436
827601 785715 812058 820559
842654 787891 812686 824875
837059 806199 789792 855543
821137 813608 806708 797820
809729 821108 811714 820939
829997 810791 805777 823993
824607 795156 808573 822207
813734 805215 807625 815343
819657 814884 806922 810016
848070 847142 809046 811808
835417 819071 806328 851042
824769 825636 825156 805768
824119 812340 824597 822083
