13 0.263659
350764 290869 321423
341661 300784 277892
310446 349014 305161
299528 318655 331383
299528 318655 331383
303398 332384 321498
322881 311759 294996
307876 320684 308190
312177 341432 296458
328191 344522 283817
299528 318655 331383
341661 300784 277892
345989 291650 313158
314748 332310 292399
350764 290869 321423
304582 315609 317042
310446 349014 305161
322382 334041 290401
333437 293984 319660
339537 296265 297554
324607 305976 304011
345989 291650 313158
316836 323660 294308
311130 306923 296508
334279 297618 308930
316836 323660 294308
331045 295512 314120
327602 326904 291650
340559 331260 281597
320166 297141 311686
302407 343972 319317
328062 330882 286357
339537 296265 297554
324318 301471 304468
331675 330085 289804
331675 330085 289804
304582 315609 317042
310993 305027 319756
328062 330882 286357
336334 295290 310220
326498 300658 304434
306294 325549 313615
320166 297141 311686
302407 343972 319317
336668 318131 283504
340559 331260 281597
322382 334041 290401
324607 305976 304011
310962 341769 293673
327584 296451 315930
302407 343972 319317
336668 318131 283504
339537 296265 297554
327602 326904 291650
321101 330100 293771
306294 325549 313615
311130 306923 296508
326498 300658 304434
336668 318131 283504
331675 330085 289804
334657 319446 294268
327584 296451 315930
326969 325897 294072
310993 305027 319756
334279 297618 308930
324318 301471 304468
336334 295290 310220
320166 297141 311686
303398 332384 321498
310962 341769 293673
312177 341432 296458
324318 301471 304468
334657 319446 294268
324607 305976 304011
305446 341690 313476
321101 330100 293771
305446 341690 313476
322382 334041 290401
336334 295290 310220
326969 325897 294072
340559 331260 281597
336668 318131 283504
334657 319446 294268
340559 331260 281597
310993 305027 319756
304582 315609 317042
331045 295512 314120
310446 349014 305161
331045 295512 314120
331675 330085 289804
331045 295512 314120
326498 300658 304434
322382 334041 290401
310446 349014 305161
322382 334041 290401
328062 330882 286357
336334 295290 310220
324607 305976 304011
312177 341432 296458
324318 301471 304468
350764 290869 321423
345989 291650 313158
345989 291650 313158
345989 291650 313158
345989 291650 313158
340559 331260 281597
340559 331260 281597
339537 296265 297554
336668 318131 283504
336668 318131 283504
336668 318131 283504
336334 295290 310220
336334 295290 310220
334657 319446 294268
331675 330085 289804
331675 330085 289804
331045 295512 314120
331045 295512 314120
331045 295512 314120
331045 295512 314120
331045 295512 314120
331045 295512 314120
331045 295512 314120
331045 295512 314120
331045 295512 314120
331045 295512 314120
326498 300658 304434
326498 300658 304434
324607 305976 304011
324607 305976 304011
324607 305976 304011
324607 305976 304011
324607 305976 304011
324607 305976 304011
324607 305976 304011
324607 305976 304011
324607 305976 304011
324607 305976 304011
324318 301471 304468
324318 301471 304468
322382 334041 290401
322382 334041 290401
322382 334041 290401
322382 334041 290401
322382 334041 290401
322382 334041 290401
322382 334041 290401
322382 334041 290401
322382 334041 290401
320166 297141 311686
320166 297141 311686
320166 297141 311686
312177 341432 296458
312177 341432 296458
311130 306923 296508
310993 305027 319756
310446 349014 305161
310446 349014 305161
310446 349014 305161
310446 349014 305161
310446 349014 305161
310446 349014 305161
310446 349014 305161
310446 349014 305161
310446 349014 305161
310446 349014 305161
306294 325549 313615
304582 315609 317042
304582 315609 317042
303398 332384 321498
302407 343972 319317
302407 343972 319317
302407 343972 319317
302407 343972 319317
302407 343972 319317
302407 343972 319317
302407 343972 319317
302407 343972 319317
302407 343972 319317
302407 343972 319317
302407 343972 319317
362068 323110 283298
352288 296126 319939
342862 351401 281100
301857 325076 336945
343526 298190 324769
317538 308882 331312
301857 325076 336945
314294 335330 299635
311522 327885 314072
322752 343570 293046
333719 348995 288216
336054 331195 289530
324536 308769 304728
309040 333680 318892
360955 296925 309823
339348 312242 299859
311206 319577 316594
343949 317155 291177
306911 323308 324599
311094 351049 309019
329336 303948 311123
330651 307268 302403
309466 322593 333898
328022 296915 334520
356538 335362 282764
326125 337551 294659
342211 310010 292772
354740 314250 286078
356538 335362 282764
354740 314250 286078
322752 343570 293046
321136 299344 323008
310473 339725 311025
322578 339152 295285
323944 325687 294772
325518 308366 302704
309306 333410 315039
320974 313409 303950
317538 308882 331312
359129 301012 291821
340450 312129 297132
359129 301012 291821
326876 340571 292619
333719 348995 288216
336054 331195 289530
332705 319046 295922
323827 302637 313917
345322 320959 289444
311374 341349 297013
311059 323427 322648
319627 318384 298439
319627 318384 298439
352288 296126 319939
352061 301721 320384
347077 303679 291420
311094 351049 309019
347839 338375 287232
311883 319573 300121
329695 315792 297484
350818 333892 285142
318583 315517 301167
333425 302189 322190
330651 307268 302403
327388 311205 301466
306911 323308 324599
309857 338000 312565
334553 334390 292049
312454 309418 304645
345322 320959 289444
349852 308935 288832
342862 351401 281100
318583 315517 301167
340019 321504 290687
347839 338375 287232
350818 333892 285142
325364 322336 295988
339931 311131 299722
331788 325132 294992
342970 302026 315447
342782 299070 323087
312454 309418 304645
320974 313409 303950
348724 301806 314640
349852 308935 288832
326179 302218 311992
348724 301806 314640
306911 323308 324599
342782 299070 323087
340019 321504 290687
336054 331195 289530
334553 334390 292049
309857 338000 312565
347077 303679 291420
352061 301721 320384
330373 315616 299711
328022 296915 334520
329336 303948 311123
329695 315792 297484
331788 325132 294992
325364 322336 295988
326179 302218 311992
311374 341349 297013
350818 333892 285142
333425 302189 322190
334553 334390 292049
323827 302637 313917
342970 302026 315447
326125 337551 294659
327388 311205 301466
352288 296126 319939
329336 303948 311123
327388 311205 301466
311374 341349 297013
333719 348995 288216
359129 301012 291821
356538 335362 282764
326125 337551 294659
323827 302637 313917
322752 343570 293046
322752 343570 293046
312454 309418 304645
306911 323308 324599
363516 315001 293669
342462 334766 289849
327965 304184 322024
312708 322863 323730
310275 351704 319069
338808 317283 297935
348062 308790 306928
324596 345941 296599
333826 309405 302949
310779 338215 317745
316391 333695 312445
325572 322159 303403
316572 327263 311040
344717 312006 294322
318932 336434 310548
311851 334217 315138
319069 310906 307546
330718 325117 296492
328964 325606 296488
321107 334412 306356
328921 311822 306167
355286 345812 295222
344498 308535 323403
331935 309740 335212
314718 345991 321662
314679 334936 329296
345796 328607 295243
328233 315456 325171
340007 312481 306183
321890 330459 316994
326252 337391 306865
327195 321249 318790
354381 309133 312949
336863 310147 310668
334084 330354 299734
317459 328789 322520
324175 321708 329976
333549 325185 304041
331084 335578 301889
331117 314752 307863
322468 329483 313772
324551 323222 323483
330375 326331 307402
323103 324193 310906
329948 323881 313142
360170 309727 320432
350924 338105 298559
346012 349770 300765
318649 330629 329718
352591 332312 302097
329485 344248 308337
341126 314122 306262
334575 321386 322107
337088 317842 318323
319235 338052 324267
345901 312203 315686
332566 342129 310012
322977 332676 328476
330989 320136 327776
328579 321013 325576
337602 343444 304130
339934 314996 313737
342125 335467 302629
338252 327270 310356
328308 334199 311094
335354 319323 319881
342800 331399 302665
326052 326086 312194
335554 320176 316204
332198 324683 310751
340598 323809 312733
325465 331294 314733
323829 326658 315530
335569 342194 308864
326610 324196 312729
335221 320147 323877
338986 321181 312975
337799 332053 303280
337656 318211 314777
336250 331611 308456
323666 331915 311592
323006 332190 313803
359553 341956 299129
354580 313153 317497
344817 356005 303434
322864 330813 344916
319201 336473 334663
350770 344795 303001
337525 347420 311751
330691 327242 312633
323995 329483 338108
343639 339484 305066
348377 313940 326708
327733 328002 320565
335368 322467 325367
344920 331996 307216
336717 320427 326988
337585 334800 310291
342327 316636 315040
336278 322765 319735
339721 319416 317793
324806 329325 316359
330318 329231 314023
341263 319566 309143
324205 329482 323161
337526 318049 319062
324442 336131 314043
342068 322481 308378
336964 320726 317563
367993 328945 309089
359873 345309 305919
350389 316765 320258
347491 319417 328874
326388 351497 315071
324772 345382 319116
342262 323228 325051
328152 339796 322204
341817 335430 311722
336379 328752 321449
343852 343790 307318
340173 342054 310353
345430 321596 313675
328277 331857 317512
341768 326281 314855
331727 332636 312862
343535 319567 317517
331518 331374 320814
332871 331600 313059
340173 331247 314792
342355 329527 314147
342968 330995 313204
372748 326668 313709
354841 317296 329468
351420 350546 307638
331581 332138 330581
329059 345690 325398
355243 323011 316827
365317 329477 314196
347771 321877 319834
330976 350244 323040
344200 336643 312596
331289 341070 326486
337848 333235 315489
349227 335257 314259
332259 338225 313174
344439 320962 323978
350729 320634 326752
334423 332138 328057
340567 333026 316567
342945 331428 328619
343703 328225 315989
342578 337105 313614
331575 337294 327441
357826 321650 324393
338559 338285 313528
334517 333713 330394
331997 357430 323370
349969 329186 318720
333282 350261 321280
343917 328414 327710
346480 323780 323978
337816 343152 317287
335876 337535 328952
338161 335454 317107
338083 341175 324100
353482 333792 319389
351081 342650 313698
350474 328666 325745
343329 347941 315402
339895 334781 341087
334725 336465 332399
347604 331882 324741
337065 346111 331209
344213 329029 329796
341192 339563 323070
344698 347388 316483
338276 342643 325404
350718 338659 322171
342025 338854 317541
350142 334285 322743
356895 333446 331299
351487 339488 318301
346865 334930 339562
345529 352832 320970
339176 347046 330865
355661 338226 333477
342721 339203 322508
361700 337408 338918
358509 339823 319593
348931 349275 323803
363066 340667 325611
362515 341496 330255
351107 349933 327244
