31 0.709616
145181 156642 152421 159217
144952 169506 150614 160258
164396 155620 158275 131528
144924 156590 153289 158017
152405 139499 154966 154831
151242 136255 170470 150849
164396 155620 158275 131528
138560 159488 157086 150729
150621 162108 144863 153034
161618 140918 152419 150357
159498 160762 153077 132897
164919 132103 146996 161096
179305 144465 139639 153241
169910 149837 163803 136437
135417 149594 169544 158441
149104 147937 162608 154197
159498 160762 153077 132897
156446 138288 143333 163849
157512 141099 154708 155913
155167 156905 144178 155156
163238 146257 153055 143935
149849 150583 152677 143489
155531 153912 164775 136786
155395 177811 135458 163550
153519 149632 138333 174114
161176 158040 143787 145670
160665 158078 154723 140609
150967 144431 157350 161400
173363 138500 157017 145894
148416 151669 149709 161327
144952 169506 150614 160258
162362 160821 143586 147977
145817 145236 166706 158012
178452 173695 145241 139795
143867 157817 152092 157282
161618 140918 152419 150357
149245 137092 166374 151557
145240 157759 155038 156779
133244 176485 170953 138578
166804 142305 150823 151440
153407 156391 138846 170922
162687 130724 158477 146184
166763 150065 156620 137508
169910 149837 163803 136437
135213 160127 158945 153619
149076 146916 163015 154577
156873 141584 174617 147294
158524 142767 152021 152917
162212 140952 165010 150186
149847 157650 150145 142366
149558 145823 173746 145600
145024 167345 142020 153905
161422 142068 151156 155046
147667 145397 172949 153416
147150 151245 170079 134109
154354 159200 136542 156492
142963 183693 152442 142225
160580 164855 141962 147038
159134 130181 140909 162791
171375 156177 139318 160457
167898 139112 145133 151312
153382 145932 151412 156778
166882 151875 140399 162572
165804 141277 152360 149862
164984 170569 143065 146587
171259 140296 148851 148129
160155 174141 136712 143519
149369 155264 148757 153718
160447 137114 150082 155568
163062 142580 141892 149926
159806 144191 148063 145990
171020 159577 140123 150185
141228 143915 184587 163588
159700 137874 148649 156048
159858 159128 150062 136325
148740 155800 148298 166081
154476 151135 146440 143546
167024 165618 139657 150033
167574 151448 146086 137915
145920 156028 150106 159709
163975 146210 156974 141816
143656 161616 173726 149599
149269 145538 144244 159975
159120 165212 161159 137935
143797 153721 161810 138960
147396 156240 161799 145075
140931 170461 157723 139373
148298 151887 149700 159240
167629 146561 143459 147485
169550 146432 143495 148006
166722 146338 147890 146810
149847 157650 150145 142366
136795 163858 162515 149214
144007 147069 167734 143789
145881 159847 142090 155666
169046 146541 142857 144968
150979 142669 146971 158414
153231 150848 150018 144668
150979 142669 146971 158414
171117 147196 154391 142591
142719 175397 153413 165859
159557 158222 141065 160500
144186 155417 159223 158477
171534 135906 163963 143606
131649 170644 161878 164420
164857 135722 155511 147676
145291 167121 156560 153177
176911 148612 140446 151356
163881 148220 154223 141952
149688 161790 149212 146378
172601 137609 154136 148966
154793 138169 162335 157103
153557 148420 155620 150908
147605 146143 167365 146682
146753 150278 165135 142116
161190 134716 152872 156244
155181 143402 153735 158384
139952 176726 154075 157539
177053 151358 134648 147140
160878 144982 143627 154847
143218 163176 152506 162925
154995 153942 136371 173637
146405 148326 151280 164938
157981 170581 141490 150007
149370 158736 161748 136096
141078 152462 162038 158041
172462 136323 166497 138796
171157 147165 142907 144313
151040 147109 173568 133831
148229 182860 138189 146456
162719 139880 146334 158901
135417 149594 169544 158441
142868 142277 152405 163857
158739 141795 156767 153121
152848 132502 161262 167180
175592 148718 150498 140812
160642 153422 141608 161030
162838 153093 143822 147776
159806 144191 148063 145990
152852 173717 156659 141795
150900 157578 137139 167168
166644 145959 155291 144081
149050 132483 168899 150960
156434 155871 142027 156078
166525 153125 159047 135643
144962 159204 161959 126935
143353 163659 173704 147659
150633 142792 157449 138066
175957 133125 153457 141159
160862 156284 147782 133356
161839 175092 147037 135309
138596 165545 156711 143859
135842 151033 161668 160715
161955 161246 139765 148880
156405 150824 146035 142382
146951 179424 153196 144725
156696 132546 162609 164135
166904 164767 161480 129924
162526 130777 160734 148377
160464 133075 162345 151985
149455 132251 163496 151607
152848 132502 161262 167180
143656 161616 173726 149599
134683 149962 164989 151013
172490 148529 150838 140601
140621 163936 154058 160456
153844 155711 155398 140639
134565 173601 158727 147712
170836 151127 148346 135863
144538 156978 148523 161546
168944 145454 147475 146554
170928 140646 158735 142812
145412 150535 150245 145653
152174 159715 161178 131247
159667 145042 156851 144851
156034 146321 128896 164519
153867 143867 144236 146820
144924 156590 153289 158017
151228 173786 142013 163418
141085 150155 155783 158807
160384 138605 165758 145482
168259 142105 154593 136880
166706 140352 154204 149538
159558 160182 143898 153511
160582 160280 136608 152975
136400 173187 180558 148851
163118 151117 163277 134391
156157 140846 169010 150201
144493 148612 157153 147373
182452 160307 140732 137095
153435 166518 142289 146619
152194 139443 146097 159038
171117 147196 154391 142591
154766 139049 154642 165073
162491 145826 170757 132976
177198 154256 157383 134832
150630 173236 148215 151931
135266 170485 154947 154740
150649 175668 154751 140095
145745 146079 158030 157072
150405 137588 157497 163214
144924 156590 153289 158017
144924 156590 153289 158017
150348 165011 161458 140036
149847 145412 158938 146011
179452 144319 151891 144272
166134 147809 140564 141293
141176 151055 163057 153034
163831 152373 149329 138444
144589 170188 156378 142743
178439 174921 145748 140825
142868 142277 152405 163857
141752 183056 157267 172121
179590 136869 155099 152555
144596 168941 185612 146562
152999 161390 142679 181584
152252 164954 174055 138463
160762 178717 145813 150267
137477 178896 176296 149476
145383 186628 153732 143954
150717 174699 152792 145201
152252 164954 174055 138463
158405 181030 142970 149333
139915 173214 175029 145668
180524 150922 153718 142050
147602 152343 174561 150673
166928 145515 175634 141609
154896 143677 172771 145558
175192 153658 141975 145630
147013 162957 171978 142782
149916 172230 144805 159969
162061 164951 155344 138265
183395 156259 152679 141319
159436 146071 167896 138196
169696 171249 150692 136349
154896 143677 172771 145558
148768 165765 172742 137657
148384 157905 170931 143146
153759 167786 157869 141021
183916 167651 152572 140026
145016 152731 174056 148859
155551 156741 174908 138611
152234 162242 166044 140753
150818 165471 182898 136590
180368 153405 152513 141527
167349 177487 147990 142214
156458 149857 176805 141709
150566 157046 175785 141235
150094 163217 168823 140055
183482 156891 150786 142754
158563 167414 157859 139234
178157 160167 143746 143536
157979 170665 152629 145078
162710 189509 139007 158817
162362 156902 166005 136297
182628 154274 152774 139952
162579 163225 155645 139364
152513 166536 176377 136908
153176 157365 152659 145981
145471 155516 173919 151442
171769 167330 141668 151067
137223 172616 175348 156286
165504 145319 145593 169773
164899 168285 144171 147948
156809 137281 163295 168727
167023 144508 146061 153071
159820 157013 140931 167150
154051 169327 159402 138596
154043 168710 144556 152498
146752 159197 171980 148222
148908 172649 166445 140215
175386 168535 149684 140464
179383 156469 152551 140780
157916 172796 154582 143391
171769 167330 141668 151067
155770 163038 142171 164155
152084 148920 186539 155358
158861 161829 162985 138464
170204 168985 146808 138901
172357 142386 159431 142400
159318 136830 164456 166607
158514 159052 149692 148821
183227 159577 150850 140597
162613 175948 142883 157567
153223 147462 164237 152135
147793 160611 155444 146333
170498 159483 142333 153415
183916 167651 152572 140026
163965 141961 159118 151084
153591 170272 154482 144655
172357 142386 159431 142400
159851 154291 137574 169694
154758 166029 163832 138092
144752 157582 174579 143601
184438 162858 139928 151796
144399 173030 165096 146218
168972 159176 141478 159671
157250 159390 145199 155306
166772 130874 151042 163906
169838 130390 166609 180626
147255 152637 185712 146940
164707 159600 165959 130622
167468 163864 160112 133075
159002 156207 141057 167768
158783 150636 164589 141386
166452 161653 144101 147852
158042 167488 156923 142220
164634 160376 139592 154145
152213 159329 166839 145104
171762 145840 145778 164526
171522 153550 156312 138449
160278 132639 147486 169169
138472 176301 165953 149177
153693 168940 154936 143390
170698 164451 149550 144872
157154 157886 144716 162128
144207 163780 189257 153501
173655 164982 147683 141622
169927 147153 143768 163902
167676 144709 161968 145246
157574 163538 141205 158273
146541 152687 154561 162060
154364 162551 164860 138185
164244 157297 163531 137906
161321 166081 148687 145817
163794 144601 162370 143517
167966 144289 146666 164899
152156 158127 151001 152753
146541 152687 154561 162060
158202 164811 166891 136645
145396 172292 161620 142015
156809 137281 163295 168727
166068 148922 144282 153681
149430 150766 174584 145173
166792 172765 144511 144779
169665 158789 153927 136134
178822 146764 166113 139231
156869 173468 143040 156454
162101 152002 145241 163732
154561 144012 155738 166647
179067 165116 135089 160299
147344 171962 159906 143447
163154 167899 149793 141521
161029 164001 145145 151519
156050 161015 158582 138469
158158 135321 165075 159019
175156 174706 146574 138063
176898 142727 157972 139245
156809 137281 163295 168727
157003 151560 155510 142425
167136 165992 145131 143210
149374 152571 173311 141814
164242 165176 168959 135046
171503 152444 144019 158055
146541 152687 154561 162060
161921 145490 151311 167379
159071 148450 166560 146423
169665 158789 153927 136134
161880 150264 149401 157233
165934 155668 163955 137363
159588 163561 139660 162324
143641 169745 157123 148926
163066 161855 148963 151650
160660 151637 145558 159637
169585 177061 137435 150763
162009 161462 149961 140445
148013 151444 152345 157559
161786 163407 150093 143312
172353 138617 147035 165183
151622 171386 159504 145427
155080 139974 162316 169227
156235 146660 151695 148636
152049 159977 158613 152994
162515 151873 164353 140130
158518 156762 166664 137801
153034 165821 144749 161775
152635 149869 157754 144824
154647 161362 163728 144028
151495 159312 165786 147157
180179 137507 152405 159778
159971 163261 149399 150196
162216 168761 162544 132025
146459 162038 147561 157030
164720 144025 154998 155882
