161 2.94681
1.35676e+06 1.47405e+06
1.35945e+06 1.47286e+06
1.36176e+06 1.46021e+06
1.36056e+06 1.4699e+06
1.3604e+06 1.4721e+06
1.38535e+06 1.43156e+06
1.37975e+06 1.43746e+06
1.39156e+06 1.41952e+06
1.35584e+06 1.47866e+06
1.42664e+06 1.37932e+06
1.33495e+06 1.51116e+06
1.44125e+06 1.37375e+06
1.40819e+06 1.38932e+06
1.5045e+06 1.33451e+06
1.36513e+06 1.45023e+06
1.47566e+06 1.34809e+06
1.35431e+06 1.48289e+06
1.40166e+06 1.40347e+06
1.44516e+06 1.37025e+06
1.40611e+06 1.39234e+06
1.41478e+06 1.38893e+06
1.47344e+06 1.35344e+06
1.3328e+06 1.51507e+06
1.34847e+06 1.4951e+06
1.46524e+06 1.36083e+06
1.51069e+06 1.32479e+06
1.4781e+06 1.34349e+06
1.45438e+06 1.36302e+06
1.44076e+06 1.37678e+06
1.40568e+06 1.39639e+06
1.5107e+06 1.3211e+06
1.37778e+06 1.44839e+06
1.33668e+06 1.50863e+06
1.44442e+06 1.37178e+06
1.50576e+06 1.32747e+06
1.36754e+06 1.44941e+06
1.42655e+06 1.37968e+06
1.36502e+06 1.45841e+06
1.39841e+06 1.41075e+06
1.35021e+06 1.49007e+06
1.47478e+06 1.35268e+06
1.39499e+06 1.41524e+06
1.33888e+06 1.49766e+06
1.41572e+06 1.3826e+06
1.51005e+06 1.32548e+06
1.35212e+06 1.48513e+06
1.40245e+06 1.39702e+06
1.50607e+06 1.32602e+06
1.45203e+06 1.36416e+06
1.43195e+06 1.37912e+06
1.4632e+06 1.36218e+06
1.46556e+06 1.35385e+06
1.38739e+06 1.42068e+06
1.4849e+06 1.33454e+06
1.44704e+06 1.36825e+06
1.33719e+06 1.50041e+06
1.37844e+06 1.43944e+06
1.52502e+06 1.3214e+06
1.33363e+06 1.52757e+06
1.50961e+06 1.32661e+06
1.36578e+06 1.45154e+06
1.41148e+06 1.39587e+06
1.3789e+06 1.44561e+06
1.36196e+06 1.46162e+06
1.41927e+06 1.3868e+06
1.50273e+06 1.33501e+06
1.46438e+06 1.36254e+06
1.44521e+06 1.37909e+06
1.43347e+06 1.3811e+06
1.45246e+06 1.368e+06
1.33926e+06 1.50166e+06
1.35026e+06 1.49058e+06
1.47596e+06 1.35243e+06
1.36172e+06 1.47343e+06
1.49444e+06 1.33562e+06
1.33696e+06 1.50958e+06
1.46985e+06 1.35752e+06
1.40277e+06 1.40834e+06
1.44599e+06 1.37087e+06
1.4043e+06 1.3993e+06
1.48972e+06 1.33825e+06
1.35675e+06 1.48253e+06
1.39605e+06 1.41944e+06
1.35491e+06 1.48675e+06
1.3346e+06 1.51633e+06
1.35769e+06 1.47436e+06
1.48155e+06 1.35233e+06
1.34859e+06 1.49858e+06
1.40116e+06 1.41726e+06
1.34674e+06 1.50007e+06
1.42683e+06 1.38231e+06
1.42348e+06 1.38334e+06
1.38669e+06 1.4325e+06
1.48354e+06 1.34704e+06
1.38216e+06 1.44161e+06
1.39018e+06 1.42314e+06
1.38929e+06 1.42644e+06
1.46728e+06 1.36003e+06
1.40303e+06 1.40254e+06
1.48574e+06 1.34193e+06
