4 0.248264
186419 146446 164405
175939 165426 143698
164180 143887 170579
156507 152984 179085
142940 181451 157278
142940 181451 157278
175248 173340 147956
153434 158217 175910
186359 143926 166037
142940 181451 157278
148306 167124 166297
160947 158793 155306
156900 169803 153196
149008 169171 156633
163359 156153 148837
166533 153434 161456
172653 156001 148135
169601 147987 159892
164933 154079 157805
169601 147987 159892
156539 162413 159722
156046 164053 161557
159400 166632 153908
175085 151314 153677
162087 153002 162226
153444 155470 163654
175085 151314 153677
155207 162738 163351
175085 151314 153677
159400 166632 153908
155207 162738 163351
158267 154879 162426
162398 156723 159528
158267 154879 162426
162398 156723 159528
162398 156723 159528
153444 155470 163654
155207 162738 163351
158267 154879 162426
156900 169803 153196
156900 169803 153196
156900 169803 153196
175085 151314 153677
162398 156723 159528
158267 154879 162426
156900 169803 153196
155207 162738 163351
153444 155470 163654
153444 155470 163654
142940 181451 157278
142940 181451 157278
195414 161763 150267
178535 167600 149055
178240 144762 171311
160999 180949 154284
153688 167981 187017
150358 178212 162637
182814 151634 158477
150754 177971 181016
177501 149530 161247
153338 176754 164867
156535 164166 162656
168629 153536 167026
178240 144762 171311
154169 164216 179145
164697 151747 176535
165925 171386 156306
159822 162539 165483
163925 174271 151172
177678 179287 150353
176873 165871 154142
150888 174076 171302
163705 155912 169800
174326 166580 152167
159529 167369 156724
161946 172885 155613
153648 169422 160212
162541 156991 161872
155345 168208 172151
165698 154135 174155
164881 159512 159621
162268 161846 164452
169874 152461 171593
175953 154022 155385
170001 152045 175067
167311 156235 168036
173283 158554 158140
172579 159074 160806
171503 150927 169755
163256 173731 154883
167701 166932 151540
154216 169082 164661
155470 167176 168457
174188 152299 169448
172810 164682 158707
160999 180949 154284
160539 158832 165435
174731 157649 156294
173172 160919 159041
153445 173172 172787
171503 150927 169755
165698 154135 174155
178535 167600 149055
163381 165446 157254
173172 160919 159041
153445 173172 172787
156261 158050 169654
170001 152045 175067
164977 165758 156575
167311 156235 168036
163381 165446 157254
156261 158050 169654
174731 157649 156294
163381 165446 157254
164977 165758 156575
174731 157649 156294
173172 160919 159041
156535 164166 162656
178535 167600 149055
156535 164166 162656
178240 144762 171311
178535 167600 149055
178535 167600 149055
178240 144762 171311
178240 144762 171311
174731 157649 156294
174731 157649 156294
173172 160919 159041
164977 165758 156575
164977 165758 156575
164977 165758 156575
163381 165446 157254
160999 180949 154284
160999 180949 154284
160999 180949 154284
156535 164166 162656
156535 164166 162656
179389 181895 149422
177512 151786 166048
159676 162713 193562
153865 174811 168150
172183 151814 182882
160385 162159 188583
167006 154177 178794
175113 177015 154378
156389 169938 171164
159614 164120 177464
163973 156305 173617
177612 156114 159215
158435 180435 164326
169175 179597 155884
173424 167159 156682
162527 164425 164931
155751 172174 170270
177066 161716 158418
161784 160092 169285
156784 173156 168868
160049 171445 161028
168496 168580 156952
170624 177265 155455
167108 177425 156365
163970 158726 165817
175954 162631 157686
163068 174341 156445
156942 171650 168260
154511 177208 164748
159168 179935 162085
165326 157296 164700
166072 161096 163224
173845 176577 155091
165025 165864 157269
160245 176070 157465
172563 160239 161685
160914 163425 167500
168105 163118 162051
171401 154953 170347
174494 156199 167516
171401 154953 170347
167351 180432 155356
164316 162526 163386
160347 163630 166850
165025 165864 157269
160617 160588 172922
166072 161096 163224
163503 159640 171892
169175 179597 155884
173496 162479 158340
159288 164365 165725
159277 176673 163990
163503 159640 171892
160427 168283 160074
160617 160588 172922
165326 157296 164700
160427 168283 160074
159645 172327 161428
163503 159640 171892
160427 168283 160074
163294 168344 157678
156942 171650 168260
163294 168344 157678
159645 172327 161428
165326 157296 164700
165025 165864 157269
159645 172327 161428
165326 157296 164700
171401 154953 170347
171401 154953 170347
169175 179597 155884
169175 179597 155884
166072 161096 163224
166072 161096 163224
165326 157296 164700
165025 165864 157269
165025 165864 157269
163503 159640 171892
163294 168344 157678
163294 168344 157678
160427 168283 160074
159645 172327 161428
187937 155484 166065
185298 178362 155647
179671 153358 167234
162755 161533 191126
155279 178590 178234
155013 177012 179758
167863 155907 186337
185131 164340 158435
179730 159407 160546
169822 155191 181474
157782 174148 169226
155943 173014 175077
162305 162846 177332
159916 175769 166205
176919 157678 167081
159423 166121 174549
155525 176403 183138
157057 170004 177932
174912 170714 156739
163967 161727 173226
170792 177731 156654
168094 158488 170724
172744 162512 165163
164504 157120 183890
166448 167094 163303
174147 157290 175491
178569 153700 169096
164938 160851 166348
167843 169430 161122
161317 164957 175750
166582 160008 165196
172300 157395 170109
168286 167680 159373
165230 162632 165785
171273 158455 175635
176399 156972 174197
161676 169182 162216
166479 170644 157439
178414 157060 163647
163967 161727 173226
175761 165390 159864
171234 158729 168884
169603 167243 158173
175376 164959 162366
178758 157160 163199
160576 169765 164727
164698 173762 160062
169463 165999 160198
176399 156972 174197
160598 167425 167266
175441 160406 162082
162744 168188 165897
155785 176635 168935
170266 159457 165345
169112 164398 164926
164518 159631 168407
164457 165641 164505
164201 173548 160507
162744 168188 165897
174912 170714 156739
159431 169570 169695
185131 164340 158435
178431 165218 160999
175476 173408 156691
168605 159426 167976
168605 159426 167976
162039 165147 168877
166487 164417 164047
160807 165663 170362
161609 177162 159472
175441 160406 162082
160807 165663 170362
161623 173076 163934
175457 157029 168437
161609 177162 159472
162039 165147 168877
166487 164417 164047
161317 164957 175750
170205 159414 169773
161609 177162 159472
161623 173076 163934
160807 165663 170362
170205 159414 169773
178758 157160 163199
159431 169570 169695
178758 157160 163199
170205 159414 169773
166487 164417 164047
161609 177162 159472
166487 164417 164047
161317 164957 175750
178758 157160 163199
178758 157160 163199
176399 156972 174197
176399 156972 174197
170205 159414 169773
170205 159414 169773
168605 159426 167976
168605 159426 167976
166487 164417 164047
162744 168188 165897
162744 168188 165897
162744 168188 165897
162039 165147 168877
162039 165147 168877
162039 165147 168877
161623 173076 163934
161623 173076 163934
161317 164957 175750
161317 164957 175750
160807 165663 170362
193559 159782 166381
183731 153500 183282
179724 190088 157202
163450 162488 192444
156981 184375 177217
184943 156524 168218
160577 169667 180152
178513 156007 185943
159825 172829 170854
171496 159383 175190
159210 175191 172635
163450 162488 192444
174936 180490 157778
169486 166418 160246
163446 177278 163454
176774 157363 170334
167198 160640 178293
160775 185767 170272
179724 190088 157202
163274 180417 166429
180921 162546 162162
168276 181844 158116
172284 164215 168553
165103 164812 185240
170233 174222 158211
181353 155398 168967
158114 174676 176836
165884 165207 168082
182514 168699 159163
167663 168625 163807
180138 154053 169498
167425 162880 176127
161524 185669 166631
161465 175821 168805
167817 165347 164389
177574 169035 158630
178774 163857 165354
163953 168926 166108
168381 159866 169737
171678 161168 168811
179060 156301 170027
165139 161909 177042
177375 164638 165596
180009 161699 165816
161712 168703 169770
169503 168776 160105
169580 165240 166609
177557 163945 164705
177557 163945 164705
163450 162488 192444
161712 168703 169770
161712 168703 169770
179724 190088 157202
161712 168703 169770
161712 168703 169770
194185 165508 162420
187350 154400 174195
174105 176853 158770
163835 183625 171489
160693 174804 182649
161112 176937 175819
170512 182611 160099
165177 164725 181742
175657 160275 178380
184570 162441 168888
167855 172945 164862
177466 157598 171361
171786 160783 171583
168052 167669 166162
182273 158576 169151
181336 165686 164223
180084 164748 166464
164540 175252 169351
166744 165473 171083
170218 167318 167693
177458 159884 177249
173600 169655 160547
164410 171213 176722
176985 166242 167058
166143 170268 166217
170361 166619 161552
174364 165619 168085
170326 161788 176654
173095 166520 160636
172434 166064 169134
182296 177274 159932
181927 158317 172762
168077 176142 188860
167831 181341 166846
165713 181321 177521
168102 167065 177550
178330 159480 175507
170789 171559 166470
171941 166283 171806
173863 163530 173228
174930 163067 172999
168860 168238 168057
178204 161512 171934
171784 174439 162468
168484 172206 169321
174305 167582 163150
169765 166848 177295
174340 161166 174828
169634 175390 166478
168344 175699 174697
186790 158642 176808
179774 162028 179830
172874 177248 163604
171720 187839 167772
169072 174949 172438
169640 181935 168460
183227 165801 172830
173589 176222 165339
176136 166165 173970
181678 164257 173459
169502 170608 170274
169133 185722 169630
178532 175033 166151
181027 167672 163906
171115 175336 169545
177341 172350 167347
177534 166026 175149
172377 177239 167100
180575 162650 174878
171595 170003 174720
177366 168258 167759
171682 172137 168380
190033 167721 167995
180065 164952 182148
178867 186674 165650
171538 171428 184103
169516 183951 174301
177563 171381 177869
187246 170691 166297
181748 166130 173772
178305 179042 166508
170956 178592 170816
174392 175412 170141
173220 184062 168567
171546 175739 169768
171474 174117 171619
180594 169814 168199
178802 172064 173141
173722 173143 173944
179390 166802 174017
187359 177094 170032
187215 171439 172993
174452 173633 179590
173595 176327 175178
180628 174468 171340
181866 174910 183863
178284 185745 176803
180037 176258 182112
180403 176258 183325
181703 178763 146035
178683 146315 163323
150101 157479 174830
150077 185619 165858
150808 156165 168663
162780 164245 151939
159185 166001 155905
169376 173901 149668
150101 157479 174830
168571 160431 150494
181585 167138 149283
172880 172593 148970
162539 151991 154026
170806 150322 154008
175699 146356 159245
154610 162630 158777
171572 146650 161898
157169 154619 159547
157192 147989 166961
178683 146315 163323
173086 155116 152774
156214 159904 161900
156695 159422 167315
168571 160431 150494
152038 165684 156365
154610 162630 158777
152776 163422 167009
172880 172593 148970
150194 165508 164491
152555 165628 163953
152038 165684 156365
173086 155116 152774
150194 165508 164491
162539 151991 154026
181585 167138 149283
156695 159422 167315
157192 147989 166961
152776 163422 167009
156214 159904 161900
172880 172593 148970
157192 147989 166961
162539 151991 154026
181585 167138 149283
181585 167138 149283
181585 167138 149283
173086 155116 152774
173086 155116 152774
172880 172593 148970
172880 172593 148970
168571 160431 150494
168571 160431 150494
162539 151991 154026
157192 147989 166961
157192 147989 166961
152776 163422 167009
190970 152617 162677
173087 147764 166951
169139 173040 151258
159331 154538 195247
152962 179567 164223
150493 178690 175480
174120 155339 156841
156950 157231 177429
164709 148020 174376
161093 150579 172032
167212 169274 154532
155647 166686 169732
151716 171930 174963
153702 161987 176936
163207 150944 168016
165707 173848 152202
167027 157595 160854
156264 176404 162920
171117 153430 161055
156399 171278 165363
169799 162899 152137
163818 159688 161979
154158 175260 168054
173617 157077 155153
153056 164091 170750
158972 175716 160504
158241 156069 175946
154199 174350 164342
151119 172570 169516
162649 161586 155804
166778 153533 163918
157559 163307 171008
167212 169274 154532
159052 164526 160531
163818 159688 161979
167965 160939 159771
169084 165651 152049
168054 155718 158891
169084 165651 152049
174120 155339 156841
171496 161192 158176
155471 173056 167954
161093 150579 172032
150493 178690 175480
156214 167959 169102
156828 168249 163284
157648 177933 161912
156399 171278 165363
156214 167959 169102
160266 163606 161685
165707 173848 152202
157648 177933 161912
166479 157408 160949
159034 156112 169509
172719 161342 155342
159375 155900 165854
150493 178690 175480
162649 161586 155804
155471 173056 167954
154199 174350 164342
159375 155900 165854
160399 162929 158791
171496 161192 158176
156828 168249 163284
172719 161342 155342
167965 160939 159771
156950 157231 177429
159046 163634 164185
167965 160939 159771
160399 162929 158791
163818 159688 161979
156950 157231 177429
168054 155718 158891
171496 161192 158176
160266 163606 161685
171496 161192 158176
157648 177933 161912
159046 163634 164185
159034 156112 169509
157648 177933 161912
167965 160939 159771
156950 157231 177429
156950 157231 177429
154199 174350 164342
150493 178690 175480
150493 178690 175480
191376 171932 153051
176580 176911 151857
172479 184740 152692
167533 148064 177107
157298 157705 196591
153790 175091 182837
154032 168622 187753
182992 159539 158523
182974 152489 167286
176023 148578 172010
158667 164866 179694
178961 148383 168916
158945 179059 165583
158088 182110 166287
172479 184740 152692
164218 182387 159146
169962 175445 154711
162402 153359 178801
173492 155458 165138
158161 170647 169502
159477 167684 163074
154456 178863 166707
155155 174122 177247
156399 168152 171006
161027 163871 160139
178524 153671 165266
170056 156014 161898
168270 176223 156570
166090 169961 157214
163529 154971 176875
174663 154008 173693
166693 162956 163538
172813 154764 167779
158488 172713 167972
158408 167095 172836
168660 165780 158015
158816 165271 173157
160841 163463 166097
155206 177834 174522
170992 163178 153830
164817 161939 168655
168851 158065 159247
166489 158720 170435
175007 161353 156975
159435 156171 170941
165975 167905 157650
162402 153359 178801
163836 153455 175589
159015 176371 163960
165214 160089 167875
157880 174097 167308
159466 166119 167268
169163 154263 170599
163836 153455 175589
155451 167283 173616
163145 161962 163578
163475 168280 159547
167131 162107 161260
175007 161353 156975
174238 157405 160011
165360 160021 169061
163257 163856 160469
157573 173231 168821
155206 177834 174522
169660 156953 164008
178839 169187 153450
169003 157031 170611
166546 163392 161773
170992 163178 153830
167131 162107 161260
170992 163178 153830
155206 177834 174522
169553 156847 167386
164594 168933 157554
155451 167283 173616
166489 158720 170435
160841 163463 166097
178566 169116 153782
159472 172992 160785
157573 173231 168821
168069 166098 159905
168511 157445 167479
164594 168933 157554
165360 160021 169061
168383 166089 157049
169553 156847 167386
174238 157405 160011
165214 160089 167875
158408 167095 172836
178839 169187 153450
159472 172992 160785
168069 166098 159905
168270 176223 156570
167131 162107 161260
163220 161570 168844
166489 158720 170435
178961 148383 168916
169660 156953 164008
163220 161570 168844
175007 161353 156975
178839 169187 153450
168511 157445 167479
168270 176223 156570
168383 166089 157049
178566 169116 153782
159466 166119 167268
169660 156953 164008
178839 169187 153450
178566 169116 153782
178566 169116 153782
175007 161353 156975
169660 156953 164008
168383 166089 157049
168383 166089 157049
168270 176223 156570
168069 166098 159905
168069 166098 159905
167131 162107 161260
167131 162107 161260
166489 158720 170435
163836 153455 175589
189036 182463 152456
169989 148873 182139
154752 183037 185862
154752 183037 185862
186298 155448 169701
183486 182488 153142
181899 151796 170914
157898 178163 180722
166283 179571 157619
157303 182211 169286
159495 174507 164141
180964 154968 174782
178027 156512 166012
171921 153566 175671
165841 160471 168862
157902 181744 173097
165221 161144 169389
162521 166144 160813
173718 169827 158142
157965 167498 178976
175105 152119 177152
171753 170479 154125
178726 164547 157312
179825 154267 175519
170901 156107 166373
175105 152119 177152
182715 156798 163441
169560 158205 163788
177230 163925 157900
161408 157223 173415
168122 163516 162171
170311 158961 162391
159562 169553 164421
160027 173221 161718
175652 168523 156682
171430 154971 181122
179544 159460 162263
188416 154771 167467
169627 178190 157410
173718 169827 158142
161153 173903 160153
163672 161501 172296
162102 168111 161693
181825 170198 154761
163917 161989 164771
171141 163263 159073
161670 165722 162568
171921 153566 175671
160345 163245 172883
159046 171412 177151
166894 170906 159450
178633 165776 154942
177057 155832 168354
157965 167498 178976
175834 165079 156205
161280 172590 163602
175834 165079 156205
166894 170906 159450
160320 163256 181939
158497 174231 169820
175364 162559 160250
161038 159802 176878
160928 156939 180037
171313 171249 155206
163282 163426 170503
171093 157492 162946
161321 167107 164864
176176 159872 161668
181394 163455 156892
188416 154771 167467
163672 161501 172296
163297 162131 170286
176862 157159 163177
168005 170755 160180
160849 161298 176494
161321 167107 164864
168118 168498 160383
188416 154771 167467
162606 165318 164801
163774 162690 167081
160849 161298 176494
166603 163479 163902
160928 156939 180037
163774 162690 167081
159046 171412 177151
177057 155832 168354
158497 174231 169820
176176 159872 161668
169560 158205 163788
161280 172590 163602
181899 151796 170914
159844 167180 170281
171313 171249 155206
179825 154267 175519
162837 154593 182111
162837 154593 182111
159495 174507 164141
163917 161989 164771
181515 157407 162396
176862 157159 163177
168005 170755 160180
157898 178163 180722
169937 170789 157814
171093 157492 162946
169937 170789 157814
176176 159872 161668
181515 157407 162396
159844 167180 170281
160345 163245 172883
159844 167180 170281
163917 161989 164771
168122 163516 162171
181515 157407 162396
159844 167180 170281
159495 174507 164141
163917 161989 164771
175105 152119 177152
179825 154267 175519
179825 154267 175519
176176 159872 161668
175105 152119 177152
171093 157492 162946
163917 161989 164771
163774 162690 167081
163774 162690 167081
163672 161501 172296
162837 154593 182111
162837 154593 182111
159844 167180 170281
158497 174231 169820
157898 178163 180722
157898 178163 180722
186332 155927 170480
178804 172607 154399
177962 189515 156704
173007 153797 179151
161887 160111 186402
157996 178206 186011
177962 189515 156704
159091 169831 181028
175487 162946 162383
161629 183526 161070
182300 153951 175374
169588 174289 166333
174233 157790 164046
159060 170684 184429
160997 172919 172358
158561 183110 174277
160626 165274 173846
172500 167566 159800
180955 153831 177294
161763 165066 183243
165110 162686 168945
171223 158313 164764
166165 175505 160754
167671 164119 167286
179786 166904 158594
183480 166680 157387
162489 162006 178123
167671 164119 167286
171976 161242 163432
163379 158602 176130
165774 158995 175944
164980 166499 166334
166224 158149 177998
172217 174961 159074
170174 161278 166646
183480 166680 157387
158561 183110 174277
170424 162423 166413
172491 172891 158183
163379 158602 176130
161629 183526 161070
161530 175285 162821
161530 175285 162821
161530 175285 162821
161530 175285 162821
161629 183526 161070
161629 183526 161070
161530 175285 162821
178320 158222 164760
175951 169969 165498
162925 162718 183052
161228 165957 175998
170787 166545 173109
177746 163607 169787
165806 167651 166774
166465 166048 173646
165652 166202 175840
183279 182823 164964
182921 158997 174729
164831 163259 186657
162952 175272 179770
167103 169311 182963
178710 161141 168470
176304 178750 166458
173898 172071 170914
170185 169648 172920
180585 165649 167475
168944 170967 176179
181870 177894 166270
166074 175415 173983
169055 166703 175437
174159 169829 169875
168095 174884 170168
176007 172438 167519
166801 173328 173002
185667 162823 169840
177551 177503 168642
163597 185169 181399
163390 175363 189631
169630 166754 178795
179630 165845 172879
181928 169969 168954
176566 173619 171959
168770 175454 171683
178047 173183 168900
182236 175026 170700
175123 188741 183105
171379 167492 185487
180481 168657 176356
184985 176965 183245
