20 0.802069
1.50237e+06 1.57356e+06 1.62058e+06 1.65586e+06
1.60642e+06 1.5894e+06 1.6559e+06 1.52292e+06
1.60177e+06 1.58538e+06 1.694e+06 1.55446e+06
1.60925e+06 1.58319e+06 1.48974e+06 1.62572e+06
1.53578e+06 1.55632e+06 1.59623e+06 1.68294e+06
1.55805e+06 1.64794e+06 1.52845e+06 1.61653e+06
1.69648e+06 1.57523e+06 1.52436e+06 1.66458e+06
1.63291e+06 1.48468e+06 1.61547e+06 1.61868e+06
1.59325e+06 1.60956e+06 1.67413e+06 1.54273e+06
1.62521e+06 1.48646e+06 1.61186e+06 1.6237e+06
1.67044e+06 1.55621e+06 1.54087e+06 1.66659e+06
1.5145e+06 1.57442e+06 1.60989e+06 1.66255e+06
1.56046e+06 1.54144e+06 1.6045e+06 1.60765e+06
1.63872e+06 1.61526e+06 1.57869e+06 1.55819e+06
1.66015e+06 1.51258e+06 1.6131e+06 1.61123e+06
1.6184e+06 1.55302e+06 1.56024e+06 1.61036e+06
1.64566e+06 1.52412e+06 1.62774e+06 1.60351e+06
1.54559e+06 1.55975e+06 1.59214e+06 1.67871e+06
1.509e+06 1.5715e+06 1.62512e+06 1.65115e+06
1.58961e+06 1.53412e+06 1.57565e+06 1.61962e+06
1.66229e+06 1.52117e+06 1.60804e+06 1.60582e+06
1.67896e+06 1.58276e+06 1.5159e+06 1.65429e+06
1.60007e+06 1.58584e+06 1.49432e+06 1.62684e+06
1.58665e+06 1.59476e+06 1.68409e+06 1.55034e+06
1.65494e+06 1.51767e+06 1.61394e+06 1.61252e+06
1.58358e+06 1.59456e+06 1.5034e+06 1.62438e+06
1.58638e+06 1.59251e+06 1.66807e+06 1.5811e+06
1.60316e+06 1.57851e+06 1.69282e+06 1.55638e+06
1.60889e+06 1.60269e+06 1.63738e+06 1.53445e+06
1.57202e+06 1.54566e+06 1.59839e+06 1.59547e+06
1.54256e+06 1.62752e+06 1.5149e+06 1.62943e+06
1.60752e+06 1.59701e+06 1.64673e+06 1.52823e+06
1.65821e+06 1.55077e+06 1.60347e+06 1.56203e+06
1.68571e+06 1.58406e+06 1.59603e+06 1.56873e+06
1.53839e+06 1.63152e+06 1.51641e+06 1.636e+06
1.59443e+06 1.58328e+06 1.65988e+06 1.58585e+06
1.57838e+06 1.6134e+06 1.50955e+06 1.61056e+06
1.64989e+06 1.50101e+06 1.60883e+06 1.61756e+06
1.54113e+06 1.63288e+06 1.52011e+06 1.63501e+06
1.68968e+06 1.57998e+06 1.52254e+06 1.64705e+06
1.60301e+06 1.57424e+06 1.55259e+06 1.58427e+06
1.64915e+06 1.60478e+06 1.58612e+06 1.57555e+06
1.65292e+06 1.49499e+06 1.60021e+06 1.61554e+06
1.606e+06 1.55474e+06 1.56742e+06 1.62801e+06
1.68104e+06 1.58136e+06 1.52598e+06 1.65095e+06
1.58908e+06 1.61682e+06 1.63361e+06 1.5601e+06
1.5562e+06 1.63732e+06 1.53133e+06 1.6198e+06
1.5897e+06 1.52744e+06 1.5724e+06 1.62426e+06
1.64558e+06 1.49434e+06 1.6136e+06 1.61646e+06
1.5349e+06 1.627e+06 1.52044e+06 1.63435e+06
1.5457e+06 1.568e+06 1.59086e+06 1.67252e+06
1.68853e+06 1.57852e+06 1.60121e+06 1.56688e+06
1.53953e+06 1.6205e+06 1.52682e+06 1.64386e+06
1.58684e+06 1.60467e+06 1.68103e+06 1.55107e+06
1.55216e+06 1.55259e+06 1.61091e+06 1.59871e+06
1.5377e+06 1.6194e+06 1.53192e+06 1.64143e+06
1.628e+06 1.49826e+06 1.62077e+06 1.60528e+06
1.60195e+06 1.59454e+06 1.64212e+06 1.53114e+06
1.6665e+06 1.56371e+06 1.54105e+06 1.66427e+06
1.52657e+06 1.56075e+06 1.61151e+06 1.67413e+06
1.61144e+06 1.57777e+06 1.6828e+06 1.54617e+06
1.63491e+06 1.50721e+06 1.60762e+06 1.62881e+06
1.65382e+06 1.55502e+06 1.60538e+06 1.57963e+06
1.69293e+06 1.58046e+06 1.59872e+06 1.5692e+06
1.60462e+06 1.58659e+06 1.66167e+06 1.58121e+06
1.56171e+06 1.57361e+06 1.54836e+06 1.64537e+06
1.63499e+06 1.53286e+06 1.61603e+06 1.5977e+06
1.56767e+06 1.64327e+06 1.52632e+06 1.60722e+06
1.54673e+06 1.5537e+06 1.59633e+06 1.68219e+06
1.53018e+06 1.56362e+06 1.60982e+06 1.67238e+06
1.58886e+06 1.58836e+06 1.65003e+06 1.5485e+06
1.55558e+06 1.54636e+06 1.6205e+06 1.60225e+06
1.55835e+06 1.6449e+06 1.52502e+06 1.61314e+06
1.58911e+06 1.60654e+06 1.67516e+06 1.54796e+06
1.64379e+06 1.52968e+06 1.63474e+06 1.6047e+06
1.61054e+06 1.59349e+06 1.64965e+06 1.52507e+06
1.5237e+06 1.55763e+06 1.62296e+06 1.65223e+06
1.51697e+06 1.56206e+06 1.61767e+06 1.65288e+06
1.54916e+06 1.55003e+06 1.61736e+06 1.59316e+06
1.55239e+06 1.61622e+06 1.53458e+06 1.6433e+06
1.53802e+06 1.56543e+06 1.60789e+06 1.66942e+06
1.61649e+06 1.56015e+06 1.55743e+06 1.62478e+06
1.59676e+06 1.58774e+06 1.68261e+06 1.55236e+06
1.62151e+06 1.60047e+06 1.63964e+06 1.55488e+06
1.59263e+06 1.58375e+06 1.58808e+06 1.60441e+06
1.59789e+06 1.58746e+06 1.65443e+06 1.57322e+06
1.57064e+06 1.59087e+06 1.53056e+06 1.63145e+06
1.59434e+06 1.59256e+06 1.64843e+06 1.53829e+06
1.60498e+06 1.57398e+06 1.58308e+06 1.59698e+06
1.63728e+06 1.62433e+06 1.58411e+06 1.56191e+06
1.56311e+06 1.64054e+06 1.53366e+06 1.60617e+06
1.58474e+06 1.61268e+06 1.62324e+06 1.57395e+06
1.57981e+06 1.60712e+06 1.51054e+06 1.61071e+06
1.65596e+06 1.55586e+06 1.54113e+06 1.66515e+06
1.6037e+06 1.5626e+06 1.56923e+06 1.61456e+06
1.51976e+06 1.55632e+06 1.62113e+06 1.65514e+06
1.64161e+06 1.50542e+06 1.61252e+06 1.61976e+06
1.55775e+06 1.64217e+06 1.54465e+06 1.6138e+06
1.52981e+06 1.55704e+06 1.59151e+06 1.6792e+06
1.54827e+06 1.62516e+06 1.52853e+06 1.64006e+06
