33 2.42451
1.52976e+06 1.58098e+06
1.62779e+06 1.50283e+06
1.53371e+06 1.51774e+06
1.60482e+06 1.51137e+06
1.53367e+06 1.52891e+06
1.62584e+06 1.50555e+06
1.52378e+06 1.63617e+06
1.64126e+06 1.49905e+06
1.56889e+06 1.51176e+06
1.52455e+06 1.59406e+06
1.53071e+06 1.59335e+06
1.56422e+06 1.52421e+06
1.54078e+06 1.55584e+06
1.5534e+06 1.53818e+06
1.56042e+06 1.53818e+06
1.56351e+06 1.53805e+06
1.53792e+06 1.57208e+06
1.54792e+06 1.54433e+06
1.52417e+06 1.63753e+06
1.65763e+06 1.49984e+06
1.58923e+06 1.51776e+06
1.60541e+06 1.5146e+06
1.60951e+06 1.51247e+06
1.60827e+06 1.51354e+06
1.52777e+06 1.60484e+06
1.53658e+06 1.60343e+06
1.53567e+06 1.60376e+06
1.57438e+06 1.53044e+06
1.57049e+06 1.53513e+06
1.57121e+06 1.53428e+06
1.57606e+06 1.53015e+06
1.58442e+06 1.52976e+06
1.5453e+06 1.55856e+06
1.54086e+06 1.56718e+06
1.5409e+06 1.56477e+06
1.55992e+06 1.53978e+06
1.53806e+06 1.59595e+06
1.53887e+06 1.57868e+06
1.55122e+06 1.55823e+06
1.55417e+06 1.54533e+06
1.55375e+06 1.55525e+06
1.5539e+06 1.55239e+06
1.55305e+06 1.55663e+06
1.6699e+06 1.50528e+06
1.59347e+06 1.52316e+06
1.59824e+06 1.5194e+06
1.59585e+06 1.51983e+06
1.61711e+06 1.51355e+06
1.61228e+06 1.51815e+06
1.53456e+06 1.62909e+06
1.53464e+06 1.61277e+06
1.57157e+06 1.5349e+06
1.58234e+06 1.53278e+06
1.5816e+06 1.5343e+06
1.58738e+06 1.53083e+06
1.54355e+06 1.56529e+06
1.56691e+06 1.54409e+06
1.56904e+06 1.54077e+06
1.54044e+06 1.58484e+06
1.53889e+06 1.58907e+06
1.55149e+06 1.55914e+06
1.55913e+06 1.54706e+06
1.56526e+06 1.54608e+06
1.59508e+06 1.52605e+06
1.59748e+06 1.52162e+06
1.59749e+06 1.52137e+06
1.6053e+06 1.5205e+06
1.63242e+06 1.51693e+06
1.61727e+06 1.51745e+06
1.65358e+06 1.51582e+06
1.6644e+06 1.51525e+06
1.67335e+06 1.51426e+06
1.53572e+06 1.62823e+06
1.53795e+06 1.62709e+06
1.57313e+06 1.53694e+06
1.57881e+06 1.53692e+06
1.57312e+06 1.53857e+06
1.58166e+06 1.53468e+06
1.59409e+06 1.53242e+06
1.58791e+06 1.53358e+06
1.58792e+06 1.5328e+06
1.5469e+06 1.56562e+06
1.54429e+06 1.58277e+06
1.57004e+06 1.54179e+06
1.56997e+06 1.54516e+06
1.54192e+06 1.61338e+06
1.5433e+06 1.60173e+06
1.54015e+06 1.62064e+06
1.54338e+06 1.58923e+06
1.55268e+06 1.56297e+06
1.55924e+06 1.56138e+06
1.56012e+06 1.55788e+06
1.56272e+06 1.5575e+06
1.5668e+06 1.55123e+06
1.56823e+06 1.55101e+06
1.56541e+06 1.554e+06
1.60117e+06 1.5246e+06
1.6021e+06 1.52159e+06
1.59895e+06 1.52723e+06
1.61075e+06 1.52098e+06
1.61143e+06 1.52073e+06
1.60963e+06 1.52138e+06
1.62966e+06 1.51861e+06
1.65306e+06 1.51768e+06
1.6555e+06 1.51732e+06
1.57801e+06 1.53991e+06
1.57954e+06 1.53963e+06
1.5817e+06 1.53624e+06
1.58536e+06 1.53484e+06
1.59671e+06 1.53289e+06
1.54806e+06 1.57132e+06
1.55158e+06 1.5657e+06
1.54624e+06 1.58422e+06
1.54754e+06 1.58404e+06
1.57189e+06 1.54228e+06
1.57151e+06 1.5502e+06
1.54239e+06 1.61418e+06
1.54049e+06 1.62294e+06
1.54338e+06 1.59679e+06
1.54476e+06 1.59019e+06
1.55503e+06 1.5641e+06
1.56021e+06 1.55917e+06
1.56101e+06 1.55831e+06
1.56692e+06 1.55238e+06
1.57025e+06 1.55212e+06
1.57062e+06 1.55139e+06
1.56633e+06 1.5545e+06
1.60962e+06 1.52286e+06
1.6041e+06 1.52536e+06
1.59934e+06 1.52735e+06
1.62317e+06 1.5212e+06
1.62232e+06 1.52244e+06
1.65961e+06 1.51783e+06
1.57949e+06 1.54066e+06
1.58035e+06 1.54022e+06
1.5824e+06 1.53974e+06
1.58544e+06 1.53779e+06
1.58553e+06 1.53578e+06
1.58544e+06 1.5392e+06
1.59722e+06 1.5342e+06
1.59924e+06 1.53389e+06
1.55094e+06 1.57325e+06
1.55265e+06 1.56912e+06
1.54724e+06 1.58549e+06
1.57352e+06 1.54412e+06
1.57804e+06 1.54409e+06
1.57323e+06 1.55076e+06
1.54391e+06 1.60092e+06
1.54338e+06 1.60101e+06
1.54612e+06 1.5965e+06
1.54723e+06 1.59346e+06
1.55977e+06 1.56795e+06
1.56239e+06 1.56407e+06
1.56246e+06 1.56371e+06
1.56344e+06 1.55969e+06
1.56911e+06 1.55359e+06
1.56733e+06 1.5538e+06
1.57265e+06 1.55204e+06
1.57182e+06 1.55303e+06
1.61892e+06 1.52363e+06
1.61187e+06 1.52447e+06
1.60467e+06 1.52593e+06
1.6028e+06 1.52851e+06
1.60185e+06 1.53014e+06
1.60104e+06 1.53253e+06
1.60097e+06 1.5336e+06
1.6483e+06 1.52229e+06
1.62285e+06 1.52265e+06
1.67269e+06 1.51871e+06
1.57973e+06 1.5411e+06
1.58176e+06 1.54091e+06
1.58325e+06 1.53999e+06
1.58712e+06 1.53638e+06
1.58572e+06 1.53727e+06
1.59478e+06 1.53631e+06
1.5962e+06 1.53579e+06
1.59895e+06 1.5357e+06
1.55348e+06 1.57563e+06
1.55467e+06 1.57105e+06
1.54748e+06 1.58617e+06
1.57426e+06 1.5496e+06
1.57485e+06 1.54442e+06
1.5738e+06 1.55058e+06
1.54354e+06 1.61454e+06
1.54404e+06 1.60263e+06
1.54574e+06 1.60184e+06
1.56081e+06 1.5686e+06
1.56072e+06 1.57081e+06
1.56269e+06 1.56601e+06
1.56608e+06 1.56035e+06
1.56585e+06 1.56087e+06
1.56409e+06 1.56263e+06
1.56359e+06 1.56391e+06
1.56806e+06 1.55548e+06
1.56782e+06 1.55734e+06
1.57109e+06 1.5547e+06
1.57237e+06 1.55468e+06
1.6169e+06 1.5257e+06
1.6191e+06 1.52516e+06
1.6227e+06 1.52487e+06
1.61571e+06 1.52792e+06
1.61116e+06 1.52858e+06
1.60938e+06 1.52993e+06
1.60412e+06 1.5325e+06
1.60807e+06 1.53056e+06
1.60606e+06 1.53232e+06
1.60763e+06 1.5308e+06
1.60316e+06 1.53358e+06
1.60339e+06 1.53349e+06
1.63386e+06 1.52343e+06
1.66234e+06 1.52285e+06
1.65345e+06 1.52337e+06
1.5817e+06 1.54245e+06
1.58231e+06 1.54113e+06
1.58338e+06 1.54031e+06
1.58958e+06 1.53667e+06
1.59174e+06 1.53641e+06
1.58761e+06 1.53701e+06
1.55439e+06 1.5828e+06
1.55854e+06 1.5714e+06
1.55853e+06 1.57328e+06
1.55492e+06 1.57408e+06
1.55891e+06 1.57109e+06
1.54782e+06 1.5887e+06
1.55118e+06 1.58844e+06
1.55236e+06 1.58738e+06
1.54766e+06 1.59765e+06
1.55383e+06 1.58666e+06
1.57544e+06 1.54882e+06
1.57709e+06 1.54472e+06
1.57533e+06 1.54962e+06
1.57663e+06 1.54804e+06
1.54566e+06 1.61145e+06
1.54436e+06 1.62018e+06
1.54591e+06 1.60412e+06
1.56253e+06 1.56949e+06
1.56647e+06 1.56196e+06
1.5641e+06 1.56692e+06
1.56907e+06 1.556e+06
1.56823e+06 1.56059e+06
1.6185e+06 1.52646e+06
1.61953e+06 1.5264e+06
1.61406e+06 1.52914e+06
1.60549e+06 1.53292e+06
1.60787e+06 1.53192e+06
1.60801e+06 1.53126e+06
1.60319e+06 1.53558e+06
1.60382e+06 1.53448e+06
1.6047e+06 1.53431e+06
1.64741e+06 1.5248e+06
1.63966e+06 1.525e+06
1.66043e+06 1.52443e+06
1.66312e+06 1.52399e+06
1.58252e+06 1.54191e+06
1.59699e+06 1.53689e+06
1.59474e+06 1.53714e+06
1.59012e+06 1.53797e+06
1.58988e+06 1.54165e+06
1.55467e+06 1.58481e+06
1.5561e+06 1.57457e+06
1.55566e+06 1.58301e+06
1.55912e+06 1.57246e+06
1.55996e+06 1.57204e+06
1.54784e+06 1.59065e+06
1.5525e+06 1.5899e+06
1.57586e+06 1.54899e+06
1.57753e+06 1.54626e+06
1.58108e+06 1.54548e+06
1.57841e+06 1.54563e+06
1.57576e+06 1.55415e+06
1.54605e+06 1.60581e+06
1.54603e+06 1.61563e+06
1.56284e+06 1.57147e+06
1.56723e+06 1.56362e+06
1.56668e+06 1.56496e+06
1.56514e+06 1.56697e+06
1.56416e+06 1.57071e+06
1.56974e+06 1.55726e+06
1.57447e+06 1.55636e+06
1.5688e+06 1.56091e+06
1.56859e+06 1.56331e+06
1.62203e+06 1.52777e+06
1.61511e+06 1.53009e+06
1.62062e+06 1.52931e+06
1.60633e+06 1.53346e+06
1.61001e+06 1.53159e+06
1.60386e+06 1.53624e+06
1.64784e+06 1.52674e+06
1.58387e+06 1.54246e+06
1.58557e+06 1.54194e+06
1.5832e+06 1.54258e+06
1.59943e+06 1.53739e+06
1.59494e+06 1.53799e+06
1.59486e+06 1.54068e+06
1.59199e+06 1.54093e+06
1.59158e+06 1.54093e+06
1.59492e+06 1.53934e+06
1.55652e+06 1.57479e+06
1.55633e+06 1.57691e+06
1.55632e+06 1.58432e+06
1.56234e+06 1.5721e+06
1.5605e+06 1.5735e+06
1.549e+06 1.59295e+06
1.57593e+06 1.55053e+06
1.57588e+06 1.55157e+06
1.57805e+06 1.54987e+06
1.58181e+06 1.54556e+06
1.58093e+06 1.54923e+06
1.54609e+06 1.61038e+06
1.5468e+06 1.60775e+06
1.56825e+06 1.56433e+06
1.56785e+06 1.56575e+06
1.5662e+06 1.57057e+06
1.56602e+06 1.57078e+06
1.57135e+06 1.55741e+06
1.56959e+06 1.56153e+06
1.62272e+06 1.52783e+06
1.62265e+06 1.52905e+06
1.61796e+06 1.53035e+06
1.61686e+06 1.53038e+06
1.62071e+06 1.52995e+06
1.60959e+06 1.53464e+06
1.60841e+06 1.53525e+06
1.61099e+06 1.53248e+06
1.6039e+06 1.53664e+06
1.60806e+06 1.53644e+06
1.58426e+06 1.54439e+06
1.58549e+06 1.54414e+06
1.58844e+06 1.54297e+06
1.58911e+06 1.54268e+06
1.60336e+06 1.53774e+06
1.59644e+06 1.53822e+06
1.59504e+06 1.54189e+06
1.55912e+06 1.57536e+06
1.55649e+06 1.58392e+06
1.55709e+06 1.58185e+06
1.56357e+06 1.57259e+06
1.56274e+06 1.57387e+06
1.54917e+06 1.60308e+06
1.55221e+06 1.59883e+06
1.55258e+06 1.5932e+06
1.57598e+06 1.55182e+06
1.57771e+06 1.55169e+06
1.58304e+06 1.54602e+06
1.58232e+06 1.54741e+06
1.58124e+06 1.54984e+06
1.54664e+06 1.62285e+06
1.54698e+06 1.62176e+06
1.5486e+06 1.61295e+06
1.54705e+06 1.61608e+06
1.56824e+06 1.56754e+06
1.56867e+06 1.56614e+06
1.56628e+06 1.57122e+06
1.56719e+06 1.57099e+06
1.57164e+06 1.55832e+06
1.57051e+06 1.56157e+06
1.62912e+06 1.52801e+06
1.61865e+06 1.53186e+06
1.62038e+06 1.53178e+06
1.62072e+06 1.53034e+06
1.61603e+06 1.53256e+06
1.61425e+06 1.53304e+06
1.61184e+06 1.53373e+06
1.61254e+06 1.53312e+06
1.60666e+06 1.53746e+06
1.60826e+06 1.53724e+06
1.61135e+06 1.53676e+06
1.56034e+06 1.57757e+06
1.57829e+06 1.5536e+06
1.56829e+06 1.56754e+06
1.57443e+06 1.56006e+06
1.56296e+06 1.57588e+06
1.57623e+06 1.55377e+06
1.5678e+06 1.57383e+06
1.58149e+06 1.55169e+06
1.56378e+06 1.57388e+06
1.57222e+06 1.56015e+06
1.57972e+06 1.55242e+06
1.54752e+06 1.62583e+06
1.55451e+06 1.59323e+06
1.57168e+06 1.56149e+06
1.55674e+06 1.58855e+06
1.56935e+06 1.56642e+06
1.55287e+06 1.59577e+06
