207 135.661
176209 140349
148701 189977
155954 171588
156819 155886
170274 143493
164615 144350
152966 174480
151255 175113
150107 182406
172293 141858
158474 149166
160597 149015
155836 172076
153663 172739
173554 141599
150467 181476
163844 146573
176209 140349
174346 141008
149846 185916
164615 144350
163573 147303
161642 147384
157116 153319
161385 148043
156869 155291
153663 172739
157922 151354
150741 179018
149094 187845
171468 143067
171468 143067
149846 185916
149267 187337
151022 177451
157888 152975
150741 179018
174346 141008
151022 177451
157624 153130
160597 149015
158121 150411
161642 147384
163793 147271
158390 150041
158390 150041
158121 150411
149267 187337
149094 187845
155836 172076
156819 155886
151022 177451
163573 147303
163793 147271
174346 141008
171468 143067
158390 150041
158390 150041
156819 155886
156819 155886
155836 172076
150741 179018
150741 179018
149267 187337
149094 187845
175585 141377
148734 191740
155896 173192
170671 144170
156876 158701
164719 144429
151038 178534
152020 175787
154457 173584
153020 174951
162245 147784
150725 183505
164077 147384
172418 142384
173583 141946
158351 150801
158099 153066
150190 185467
174859 141913
150135 186775
149145 191092
157032 155367
156876 158701
149690 188697
161527 148655
149318 188777
161048 149053
157347 153376
160288 149571
150725 183505
158717 149641
172418 142384
164718 145235
157197 154415
160288 149571
175585 141377
164624 146474
158717 149641
157167 155245
164533 146757
164533 146757
164533 146757
158717 149641
164533 146757
177717 143984
149182 191587
151945 182340
162502 148319
158070 171059
162177 167269
170003 144740
165691 147808
167067 144879
159865 167917
166266 147797
166827 145224
159865 167917
159295 169809
158737 170571
159166 170354
162177 167269
159295 169809
173576 145431
153821 187923
158428 177870
163937 167028
164045 151286
159978 169901
165435 149814
168752 148277
170994 145885
160470 168157
169838 146863
160470 168157
177647 148303
157691 190910
161148 178436
164640 167372
166085 151754
168865 149509
174293 149053
163153 174296
164043 171469
167451 151653
175501 148493
177614 152170
160812 205948
160812 205948
161645 178942
166412 154228
174067 153860
169129 154217
161593 198541
161538 203699
161593 198541
169853 154715
161289 206174
164698 179142
167940 157282
161838 197956
162608 187458
166647 166448
162825 182007
166647 166448
174086 157216
161854 198476
168933 164542
166997 166753
166970 178367
172553 164534
172553 164534
162752 190146
163738 189676
166292 180994
164462 186504
165610 185550
164981 185691
162752 190146
166264 184577
166264 184577
164462 186504
172553 164534
179449 163287
179449 163287
163031 190516
167644 171802
166371 183788
176330 164092
169405 165487
173590 164712
172194 165230
164512 188349
166180 187019
163648 190510
169405 165487
179164 164144
163149 202281
164366 190774
167069 183796
177627 169007
175228 169702
177951 164215
172528 171374
171055 172072
175574 169256
170940 178520
172528 171374
170966 175729
169998 178703
168475 181509
167987 183162
169620 179166
170966 175729
167914 183714
168669 181163
169281 180780
169316 180137
181507 164148
166590 200315
167296 186714
179038 169699
169349 182181
181507 164148
170923 179923
167590 183825
173532 173891
177210 170340
174871 172058
171273 176396
175881 170869
170983 176418
172346 174763
172346 174763
175821 171692
184537 168590
184537 168590
168283 186809
178413 171637
169526 182633
171215 179007
172584 175856
175373 174026
168471 184281
182060 168975
177228 172256
182060 168975
175860 173648
171961 176894
171300 177888
182060 168975
186125 168599
172895 183067
174185 182303
185337 169439
197319 169184
222595 186556
198956 190971
218220 188448
208620 191037
204850 205677
210804 192729
206020 215033
216229 194694
206585 228865
212161 203263
225856 197390
207730 236900
216808 218582
225532 217010
234618 197415
208191 238167
220755 224887
230116 215968
232975 203359
224233 222714
239960 204886
210231 245621
224820 244865
234741 212981
225933 232726
227767 222891
232864 217698
226836 228360
232171 222007
245665 208415
214061 258363
232638 224267
240688 217887
227343 235778
229372 226736
225837 244869
217693 253523
241366 212716
221933 246298
220282 250162
244770 219107
218234 257840
230213 230500
226713 247010
236171 226144
221983 252546
258844 222450
223136 255670
232479 247040
248461 225935
234654 235078
234623 244758
240307 233164
244001 227369
241549 229994
249441 226651
225278 270169
241323 233611
234847 259703
230028 260851
234887 237935
245940 228218
235613 237139
233019 259713
259959 227835
235671 266895
236912 238601
236085 258435
251580 232341
241757 235557
246785 232450
251566 233258
237313 238825
247146 233356
247283 233308
253179 236023
237413 250316
250175 237868
239018 238931
238563 241141
257104 236698
238686 244931
240026 238942
263305 238230
239788 261629
241003 239929
253971 239913
240047 253607
257005 239960
240101 260757
244698 252430
245143 241657
252050 241621
266430 241242
240496 264418
246458 243196
252831 242456
245581 256000
244724 261288
243856 262857
255147 242673
241027 268275
247214 266603
247521 248435
251936 246190
247737 248320
253556 246080
254731 244563
265575 244358
242449 272997
247565 254226
257800 244750
251141 248587
257390 247394
249144 249325
262489 248014
246708 278253
249360 255844
251300 250351
250310 253542
271665 248914
249456 277210
264128 249961
250424 258145
255833 251474
253602 256411
251453 257499
264156 250171
250566 265890
252426 264392
255997 256430
256879 253051
261638 251498
259235 251793
256113 256282
265164 251363
250971 267306
260997 254179
255214 264697
257612 259067
256043 261652
256191 260808
257599 259827
266172 252576
253878 269908
259090 259433
262578 254651
256195 262225
255625 265594
262536 259238
278088 253412
256078 266483
263113 256455
260124 260632
272565 253996
269130 254470
265137 255612
259003 265914
259330 263779
259811 262093
264831 257672
256295 288665
257136 276235
261512 263321
259228 268123
260022 264316
278292 259097
259901 271939
260170 267477
265555 264662
270633 260294
273004 259176
266730 261947
266695 263996
280402 259689
260481 273265
263613 267662
267813 262443
273878 260579
269676 261973
284859 261350
263016 291955
271562 264050
265857 279777
264261 290862
267411 273546
269850 271175
271049 266827
266401 278684
263400 291030
271813 264229
266210 295385
268321 275738
268895 274895
276268 265606
269763 284930
272832 266583
278521 268318
272841 300752
275035 276035
277537 275529
296302 270265
272875 307878
280927 271766
275097 285756
276931 280214
292259 275899
275519 293272
278073 281459
281955 276928
294187 280961
277367 296020
279552 288584
291895 285760
295523 285563
279260 311302
282410 289116
280130 308263
282821 290116
288645 291284
283541 295374
301195 291622
283942 300086
292448 293419
289713 299014
301026 293386
306115 302617
286668 307214
298042 305175
300538 307661
290151 308032
300192 312484
176209 140349
147241 192499
156819 155886
155954 171588
170274 143493
164615 144350
148701 189977
150107 182406
172293 141858
153663 172739
173554 141599
150467 181476
176209 140349
174346 141008
149846 185916
155836 172076
152966 174480
151255 175113
163573 147303
161642 147384
157116 153319
161385 148043
171468 143067
158717 149641
156869 155291
153663 172739
152966 174480
157922 151354
150741 179018
160288 149571
149094 187845
151255 175113
164615 144350
164533 146757
149267 187337
160597 149015
151022 177451
157888 152975
150741 179018
174346 141008
151022 177451
171468 143067
164533 146757
163793 147271
157624 153130
149846 185916
158121 150411
161642 147384
160597 149015
160288 149571
149846 185916
158390 150041
155836 172076
158390 150041
158121 150411
149267 187337
149094 187845
155954 171588
156819 155886
158717 149641
151022 177451
155836 172076
163793 147271
163573 147303
174346 141008
171468 143067
164533 146757
164533 146757
158717 149641
158390 150041
158390 150041
156819 155886
156819 155886
153663 172739
151022 177451
150741 179018
150741 179018
150741 179018
149267 187337
149267 187337
149094 187845
149094 187845
175585 141377
148734 191740
148734 191740
156876 158701
156751 172024
151038 178534
161048 149053
170671 144170
169500 144504
158524 150704
162245 147784
164077 147384
167067 144879
150725 183505
164718 145235
172418 142384
173583 141946
166827 145224
152020 175787
158099 153066
174859 141913
150135 186775
154457 173584
153020 174951
148809 190909
157032 155367
156876 158701
149690 188697
161527 148655
164624 146474
158351 150801
155896 173192
154457 173584
149318 188777
157347 153376
150725 183505
150190 185467
153020 174951
152020 175787
172418 142384
157197 154415
175585 141377
156119 172529
156751 172024
150190 185467
157167 155245
155896 173192
156119 172529
149318 188777
154457 173584
154457 173584
154457 173584
153020 174951
152020 175787
150725 183505
150190 185467
149318 188777
170003 144740
149085 198089
160968 151728
160700 169277
164896 146833
168975 146275
162913 148089
152696 176160
155350 174927
150984 183688
156497 172905
150264 186149
149182 191587
151419 179664
163405 148057
157403 171995
152284 176364
158070 171059
149867 188727
149182 191587
159295 169809
151179 179982
155350 174927
158737 170571
149867 188727
159179 169922
152284 176364
151179 179982
149182 191587
181222 145208
149217 196677
149217 196677
161652 154213
151519 183565
159870 171099
172891 146874
152975 176512
176697 145741
158629 171887
164686 151477
168119 147323
166034 147532
152929 178086
159107 171237
159048 171306
168984 147437
152004 185688
162177 167269
158799 174328
164693 154566
163701 154777
153023 180121
157929 177392
155227 177642
154824 178075
174194 147552
153364 183990
162959 171458
155311 179293
163845 159713
167327 154784
169825 149394
169343 151831
171336 150691
153452 188180
163937 167028
157086 180814
168933 164542
169363 157778
155017 184825
156038 182065
166647 166448
153495 185519
170285 153740
166647 166448
170335 153271
156979 181055
173882 152476
154693 196867
165032 168403
158116 181868
169634 166025
170863 153550
154734 185584
166997 166753
156720 183398
172847 152792
187277 152525
155207 194316
165577 174908
171247 157983
174316 152593
161577 183992
165131 178975
157811 189257
158745 186011
172766 155437
181225 155086
160815 188927
165768 177660
172194 165230
173457 158943
181055 155493
165332 182068
164850 186632
162654 187941
172553 164534
172553 164534
172285 164747
179449 163287
165804 185645
166890 178206
173352 165196
173835 164967
177951 164215
177951 164215
175615 165596
166576 193372
169552 179356
174229 166265
168008 181449
171553 180871
168463 187014
198587 184585
185375 220554
187412 215580
208307 185583
198460 223563
204927 201962
200702 211459
223627 187727
201241 234178
210291 198094
205290 221402
216181 188246
216480 206014
210876 215549
212875 210848
213452 208946
213080 209651
225775 206913
214354 232575
215256 220729
218032 212081
219683 206979
237884 210505
215795 244991
219020 212610
231931 212359
243295 212416
217332 245605
228659 212931
221397 216863
219134 230254
220284 228925
233311 213630
223153 219933
227101 219641
240367 214343
226075 221287
237639 215686
228411 219831
245775 215928
226326 226485
233680 220197
226777 222517
231587 222238
249679 221022
226817 228301
234846 224160
237374 223473
241172 224902
227062 230418
241059 228212
252518 227264
227862 233192
245033 227892
227973 231029
255426 227908
228693 252309
231195 231496
229262 248818
230737 234145
245346 232263
230894 277224
237934 232298
231183 243348
231553 233257
231496 239549
235905 233373
231702 240912
235532 238240
254023 233802
231712 245350
237432 233954
234044 240998
244836 234222
232155 249417
237511 241492
240912 235452
239439 235512
238880 239585
238543 240165
238573 239944
246681 234470
235200 254645
241910 237240
236745 249994
238581 241417
237665 243115
244859 236000
250222 236109
235957 260441
237770 246809
245199 237199
242987 244818
243130 242642
246033 237604
238353 260988
243344 256187
243429 248261
245310 239136
249500 237643
238422 262983
243673 249484
245956 248384
247135 243610
247332 238431
252300 239188
244372 252224
249075 244967
255520 239836
245592 260802
247074 258133
254477 247010
250011 253817
253245 249293
250447 250109
250395 253440
268970 240296
246363 261557
257106 241578
248117 258163
254470 249417
251194 251024
267408 241367
268048 241091
263755 241982
247656 263880
252898 251271
259278 250219
249973 261560
262627 243752
249382 263642
249628 261785
278146 242810
249488 270867
251088 263583
268103 245577
252993 255066
260290 250452
253253 251474
264374 248481
267550 246747
296959 245958
250216 274560
252639 264848
274802 246699
253491 254098
266647 251516
251038 273193
254829 251612
273594 250563
278137 252310
253608 259562
255209 252323
254603 256613
272012 252398
253609 262540
256241 258321
257539 254051
257017 257077
261881 253713
269034 252884
265097 253384
265760 253084
286892 252537
253838 272931
263222 253786
256770 268796
257269 257688
262817 257001
263194 256326
281604 253790
257101 270703
257730 261776
265667 255000
276145 254319
263978 258196
259042 259106
269348 255739
257757 273282
264841 259372
260189 261830
258811 268342
266998 258084
260104 265083
268604 257573
260019 267569
269635 255900
261162 261854
266313 260747
270612 256575
261396 279087
262470 267768
262734 264725
266811 262540
267741 261502
269728 256620
274886 256579
262605 273860
270425 263377
273175 257094
264633 270476
265280 265760
264996 266335
276747 257712
262690 273923
275691 267929
266814 269039
275921 262474
265501 270933
278405 259360
265930 273834
276682 270905
277326 264458
276985 266019
282314 263874
265966 276929
268216 275943
285811 264991
270363 281597
283298 270463
283452 265465
285404 269514
272089 282116
285116 277538
285908 272465
277960 289216
284063 283252
279911 283686
284946 286160
285049 302148
176209 140349
148701 189977
156470 155617
155954 171588
170274 143493
150107 182406
164615 144350
150300 175400
156542 152828
152966 174480
157922 151354
172293 141858
153663 172739
155836 172076
176209 140349
174346 141008
149846 185916
151564 174842
163573 147303
161642 147384
161385 148043
153663 172739
160288 149571
149020 188388
151255 175113
158717 149641
171468 143067
171468 143067
164615 144350
164533 146757
173554 141599
149846 185916
149267 187337
160597 149015
174346 141008
173554 141599
163793 147271
164533 146757
158121 150411
161642 147384
160597 149015
160288 149571
158717 149641
158390 150041
155836 172076
158390 150041
158121 150411
149267 187337
149094 187845
149094 187845
164533 146757
163793 147271
163573 147303
158717 149641
176209 140349
174346 141008
171468 143067
164533 146757
164533 146757
158717 149641
158390 150041
158390 150041
158121 150411
155836 172076
149267 187337
149094 187845
175585 141377
148734 191740
155896 173192
156819 155886
150467 181476
167067 144879
172831 143696
164624 146474
161527 148655
154457 173584
159666 150237
153020 174951
173677 142555
164718 145235
158351 150801
150682 177793
175116 141767
152020 175787
161048 149053
157888 152975
157116 153319
151022 177451
156869 155291
152061 175457
161048 149053
175585 141377
157624 153130
151022 177451
156819 155886
157624 153130
156819 155886
156819 155886
156819 155886
151022 177451
182720 142756
150741 179018
150741 179018
156596 174808
168577 145021
156876 158701
151038 178534
165295 146362
164040 149844
160565 151665
157095 155560
161380 150332
158099 153066
157772 153669
150741 179018
150741 179018
185019 144689
150813 184654
159998 165040
155163 178615
160330 156585
161652 150405
176735 145782
169279 146187
176115 146053
153076 182055
165386 148190
154642 180872
167654 146860
167059 146878
165704 147356
165597 147865
165671 147779
181648 146043
152607 200034
161857 156569
157179 182306
172773 146493
153512 188492
167419 146881
162359 152598
154060 185101
154636 182691
163963 152111
164420 150693
156035 182557
165528 149542
166499 147756
166216 149332
169397 146964
154187 191634
156598 185076
162937 157807
164704 151515
163675 154672
168305 147600
155174 186838
166689 150327
155067 189107
167058 150103
169058 147274
176877 147040
157319 193316
158284 185651
163739 159039
171617 147372
166867 150926
164711 154500
168743 147881
165000 152254
169164 147557
174549 148104
164182 183035
164926 156530
168868 148426
166485 152954
167804 152779
169426 148559
164346 185180
164944 160422
165808 157628
166820 157207
169234 152682
168332 153300
167283 155323
167910 154371
171640 148773
167039 159937
168501 154063
169571 149654
174992 148784
168548 159073
169014 154419
173803 149473
169814 152086
171296 150243
170823 150812
179768 149709
169872 156300
173680 150494
170048 153961
171126 152265
171389 150570
181339 150601
170123 160679
175730 151656
171483 153452
170190 156442
184420 152010
171694 155455
177732 153218
173657 154077
176751 154212
171854 157502
174039 156061
172246 156136
177304 155782
175071 161153
179402 157160
180412 158608
180120 229885
203849 170429
193834 222194
194017 212582
208796 184042
195062 232038
201241 224434
207428 203320
206985 224292
243426 201215
211437 226571
212952 205535
223245 203422
223222 207085
212225 234068
215221 214941
218536 207314
213038 223217
228013 209003
213801 240204
220264 227005
227919 211821
215109 229331
214961 232975
233968 209416
214360 248753
225039 231512
219661 242366
229308 211556
229169 229364
215964 245275
242986 209905
223002 245025
229622 214959
226101 238591
235271 211861
225126 240065
230645 215080
227858 239909
229823 225291
238399 215286
229433 250282
231418 221002
230499 227649
251072 215597
231242 230639
240721 217503
234596 225973
232503 228378
252824 216255
231328 234307
244736 219140
241428 226309
237088 227271
235206 231332
231811 231436
240629 226806
249607 219259
231587 253516
232470 232689
241037 229942
243853 226786
245064 219950
244797 220557
247582 223597
232745 234330
243976 229665
247413 228492
251923 223973
233128 243441
246259 231491
235557 237395
234202 242426
238893 236909
243823 236241
241743 236323
244005 232690
244366 232360
268859 229097
234429 247500
244507 232470
254876 229497
239697 245069
242956 239916
240170 240063
242604 240000
264831 233250
238873 263862
239958 257912
258739 234251
240424 244844
245016 234912
241958 241582
244897 238409
251059 234353
253006 234252
239181 261010
240456 244328
252868 234569
239812 268818
246091 237260
240821 245030
242433 242296
242385 244100
255952 235099
241573 250937
245180 246063
247470 242406
246573 245017
255148 238270
248833 240442
253649 238481
251362 239418
250418 240126
261522 236288
241742 251157
246203 247424
250146 243457
258220 240521
245822 249662
254913 241198
258988 236837
251803 242542
261718 237485
241823 263095
257263 243918
247015 249264
243155 253145
243180 251365
264670 237862
242999 266457
257493 243931
244393 254341
256543 249561
250871 249848
248803 253182
248377 253705
266188 238125
245875 257935
261742 244082
258940 244803
248945 256526
253114 253304
255659 250032
254842 251751
255284 250100
270838 240904
246310 265748
247620 258822
270547 244657
261671 245660
255532 251390
259881 246954
255258 258426
255456 255308
270756 241020
263202 245712
247802 263527
255195 261848
256074 251783
261286 248037
255830 254735
250105 261947
262497 246407
264893 245899
249395 267191
251614 263934
260125 252544
262608 247379
256034 260429
258255 255679
257052 257603
256866 260007
258251 257365
304618 246299
251687 268187
276121 246341
258281 255868
266030 247817
257146 265309
264995 253312
255784 266199
262964 255588
264889 254807
264380 255505
266450 248923
252087 268801
258479 260530
265317 254837
263198 257138
259353 258189
271722 250040
253479 278902
253814 269445
257634 269008
258701 262014
264149 257882
259519 258668
269055 255347
266135 255870
269167 252104
269939 250369
266972 255745
271828 252521
256658 269663
270128 255031
262085 263330
260171 266241
258750 268643
267466 257024
263399 260558
264559 258032
266223 257952
263955 259930
273325 253565
258216 275508
259805 269358
269360 257971
262120 263694
268566 260204
264464 260883
264075 263280
277977 255439
258560 286682
259934 270606
263307 269003
270907 259354
265596 261299
265578 262664
272318 259263
275481 258483
260589 269468
276683 256812
275647 256876
281072 256325
260954 285233
263325 270866
263249 278198
276602 260845
265971 263371
266631 261998
273368 261435
274264 261423
279730 261058
263756 275308
267538 264830
270470 262838
279515 262080
281296 261223
265306 277205
268219 267007
272539 263980
281119 263280
270730 265067
272871 264011
265391 279457
271533 272107
276470 265852
268374 285638
273426 271520
284497 267825
274610 273601
279362 269574
276160 271944
283839 269534
279468 271778
278000 273070
291788 272431
279024 294325
279752 275953
287518 278729
281617 286132
