89 0.922013
725253 836895 732247
817035 660398 801255
823523 766781 665287
757505 706984 850674
846527 741610 693505
693893 777878 789993
757723 705157 838099
802207 683883 794783
790692 674363 804580
750978 725107 781612
762643 691055 812069
757240 707378 832719
754675 735668 770732
753318 715324 776489
743647 793012 736856
821304 744871 686944
784624 672190 823921
737089 762050 778080
754799 708335 833342
845794 743921 691583
731470 802817 724278
742715 794676 742168
815548 763613 668873
785064 671817 819032
721575 798118 750471
702374 775159 791163
834141 752735 676751
809253 664185 801972
697335 777603 794353
810311 660942 799831
792597 702344 798315
822936 756581 682077
798343 759405 706399
803548 670088 794426
805684 754125 703214
837269 744846 689659
698855 781347 788148
724158 820558 743081
715145 827021 747756
780886 710855 804435
740494 801445 733249
748930 714238 784093
768730 694630 808319
761851 785205 710020
807122 749694 694828
711564 817750 758912
760374 739539 765338
763511 782555 711174
728654 811014 734494
813340 769013 671782
781666 686925 805793
773156 712522 768883
724561 833171 734750
733083 790322 742869
753096 719840 780075
841493 737387 697722
730135 814396 731204
709867 823439 752700
818499 757520 673552
717687 822354 745337
738494 799653 734013
712486 816233 755428
826896 740430 701984
713592 812805 755842
820282 731270 735984
765710 696579 810361
796712 759027 708718
771339 729616 763327
787018 666723 821960
832730 741811 699726
812220 760991 681685
771866 689072 819921
786300 770818 721681
830196 761716 672185
840512 738918 697065
787960 769765 718670
779379 722250 761001
772316 718506 767301
705838 780099 789409
768175 773251 728195
747534 720679 783415
704854 772048 790996
794774 699721 792528
717113 824878 748983
745705 748187 764870
770819 730465 757400
709154 821325 753630
835248 746852 680219
824637 737469 735378
799670 778789 698519
707637 764674 787884
816711 758751 674229
742318 750783 764525
730810 807746 728229
784577 721181 762307
717045 790888 786691
763068 782271 714009
836040 750542 679265
719602 830302 735775
719393 830601 736115
