299 4.26718
549522 498620
508773 542373
521445 519221
536998 505146
524051 506669
524051 506669
520446 525927
542888 501223
515860 531884
515083 539126
510152 539817
515083 539126
536998 505146
542888 501223
516143 527653
515860 531884
517340 526937
540887 504139
510152 539817
540887 504139
540887 504139
520446 525927
517340 526937
516143 527653
515083 539126
542888 501223
542888 501223
540887 504139
540887 504139
540887 504139
540887 504139
536998 505146
536998 505146
524051 506669
515860 531884
515860 531884
515083 539126
515083 539126
515083 539126
515083 539126
515083 539126
510152 539817
510152 539817
510152 539817
556818 499200
512287 562520
512287 562520
513425 542893
549170 501914
556818 499200
546241 506234
517769 529874
517574 540291
543952 507965
537343 508749
531641 513743
525358 513999
524625 518403
521117 526773
517769 529874
535947 509242
531699 509414
521741 522121
543952 507965
517574 540291
514410 540370
531699 509414
531641 513743
525358 513999
523179 520427
523584 520410
514410 540370
521663 524302
521117 526773
535947 509242
521663 524302
537343 508749
512287 562520
525358 513999
537343 508749
543952 507965
543952 507965
543952 507965
543952 507965
543952 507965
535947 509242
535947 509242
535947 509242
531699 509414
521663 524302
521663 524302
521663 524302
521117 526773
517574 540291
517574 540291
517574 540291
512287 562520
557105 499222
512467 566180
522225 522791
516078 543813
515419 559884
540960 509375
526867 514272
551425 505566
515419 559884
557105 499222
521389 530816
532683 511358
525712 519061
545877 508098
547291 506310
535605 510818
553509 503417
532683 511358
517994 537194
536715 509597
517172 542219
526419 515380
525712 519061
553509 503417
517172 542219
516078 543813
518886 532877
553509 503417
536715 509597
518307 535622
521389 530816
520120 531220
520120 531220
546884 507930
519178 532093
518578 534387
526419 515380
546884 507930
545877 508098
518524 534399
518238 536654
519178 532093
547291 506310
518238 536654
547291 506310
519178 532093
518238 536654
518524 534399
553509 503417
553509 503417
553509 503417
553509 503417
553509 503417
553509 503417
553509 503417
553509 503417
553509 503417
547291 506310
546884 507930
546884 507930
546884 507930
545877 508098
536715 509597
521389 530816
521389 530816
521389 530816
521389 530816
557452 499996
516958 547019
518628 535646
534701 516956
538379 513830
542106 509753
517715 545552
527447 517792
546809 508852
522849 531684
551268 507573
553985 506795
554333 503891
524678 523169
523597 528139
526499 521471
526665 520514
557452 499996
556674 503479
524678 523169
523113 528785
556674 503479
523597 528139
523113 528785
556674 503479
524678 523169
524678 523169
523597 528139
523597 528139
523113 528785
523113 528785
523113 528785
557453 508049
520270 542964
520522 538999
534731 518068
523823 529676
548192 509840
540822 515994
529631 520508
542013 515027
528159 521003
526268 525412
545783 512055
524695 528447
525215 526109
546059 511073
560094 508993
520538 543209
524154 533216
546036 517144
549521 511662
527583 527185
553289 510331
537532 519501
532744 521833
541213 518680
528971 524668
530027 523026
557823 511163
521251 545868
524521 537675
527635 527326
551177 515213
545649 519797
522008 543882
529766 524905
553538 511896
535095 523945
537661 521415
542195 520551
541174 520891
535400 522432
568980 511456
522993 555422
556194 513289
528502 535023
523332 544726
553174 515685
523192 546775
548264 519872
540108 521488
536061 524636
533196 528315
546669 521366
537867 523133
529348 532772
532659 529291
531886 530973
547259 520843
529880 531665
530611 531093
570853 511501
525026 547333
529289 539476
559180 513559
530963 532623
537565 531648
525460 546258
557799 518060
553465 519356
537706 525889
549555 520787
538046 523739
541242 522783
544136 522733
548076 521247
546621 522594
546750 522241
564455 514307
525759 548001
560417 517372
550618 521584
529112 547753
530021 540997
535910 533000
538184 528623
532298 534355
531064 537907
538444 526956
546640 523148
548369 522084
541322 525196
534586 534071
543611 523159
530458 539584
542247 523327
541507 524862
561450 518774
525814 553428
549800 523296
560594 520064
532466 535048
532161 546448
528526 548915
545693 524138
538052 533743
541731 526103
538434 529116
533356 534452
540681 528380
531753 547069
565303 519126
526053 554305
559809 523331
551993 524278
533720 540920
533252 548384
531889 549155
535251 535590
530193 554188
547241 524736
538164 534111
534596 538470
541365 531400
539445 532509
542727 529230
529310 554216
546520 526597
544346 528026
545469 526957
543607 528742
570274 520407
532508 563567
564384 524326
535177 547533
552405 525465
536288 537012
536200 543093
545762 528536
539877 532749
538755 534155
551477 528507
542848 529990
544088 529682
552136 527502
567551 525895
535962 557700
536225 544331
558207 525968
546833 528682
554438 527185
544727 531977
541669 537422
537070 541971
538459 539261
545377 531861
554687 527113
541152 538792
541598 537496
562335 526129
536165 562759
536919 548776
550621 529485
556932 528175
537286 542053
545058 537211
546541 532915
541523 539311
558233 527021
540587 541174
545359 533051
561460 528357
537326 545335
542191 539937
539869 543576
558157 528689
552228 529993
551283 531914
545497 538036
547327 533160
537806 544984
545825 536440
547315 534995
546392 535282
563244 528477
541443 554361
546659 549937
549085 535317
557389 531748
551725 533598
562816 529712
541530 551793
546614 550970
549544 534881
570824 530348
541671 558447
558493 532169
549950 543197
549095 550878
551397 538420
556780 535524
553390 536189
547008 556164
543394 556222
547822 552723
569197 534221
543288 558696
551074 546670
557076 536624
567539 534889
553751 538247
552137 546598
554682 536899
576851 537395
543783 564248
550275 561218
552221 550195
555838 537410
553828 543334
555115 540238
570768 537488
548026 566721
552257 555603
560975 538437
553983 546833
555647 543017
557375 538791
561654 538750
548577 566871
554376 554185
557894 547349
563917 538759
561370 549892
562322 547266
575504 540988
562163 566886
567610 546593
