2 0.197778
1.67896e+06 1.58386e+06 1.56978e+06 1.64674e+06
1.66301e+06 1.59599e+06 1.53356e+06 1.63381e+06
1.63385e+06 1.50814e+06 1.58978e+06 1.6332e+06
1.61435e+06 1.52989e+06 1.65903e+06 1.60664e+06
1.61088e+06 1.58372e+06 1.59475e+06 1.54482e+06
1.58598e+06 1.64288e+06 1.55598e+06 1.61895e+06
1.57033e+06 1.55376e+06 1.62856e+06 1.68795e+06
1.5525e+06 1.59277e+06 1.61484e+06 1.61626e+06
1.56249e+06 1.57683e+06 1.64041e+06 1.6503e+06
1.61077e+06 1.63424e+06 1.58231e+06 1.62148e+06
1.63644e+06 1.61232e+06 1.54931e+06 1.60981e+06
1.58757e+06 1.61429e+06 1.5706e+06 1.65462e+06
1.57143e+06 1.53763e+06 1.60329e+06 1.61065e+06
1.5933e+06 1.52896e+06 1.58883e+06 1.62629e+06
1.61886e+06 1.51295e+06 1.58805e+06 1.59151e+06
1.63689e+06 1.58185e+06 1.5779e+06 1.56853e+06
1.5525e+06 1.59277e+06 1.61484e+06 1.61626e+06
1.603e+06 1.54873e+06 1.65223e+06 1.60167e+06
1.56432e+06 1.55916e+06 1.60824e+06 1.60205e+06
1.59753e+06 1.55633e+06 1.6008e+06 1.57502e+06
1.6483e+06 1.58602e+06 1.56057e+06 1.68732e+06
1.58256e+06 1.54646e+06 1.60008e+06 1.63073e+06
1.64296e+06 1.54747e+06 1.58326e+06 1.65827e+06
1.58953e+06 1.58285e+06 1.6299e+06 1.59751e+06
1.62256e+06 1.60486e+06 1.5622e+06 1.58594e+06
1.65645e+06 1.54682e+06 1.614e+06 1.58052e+06
1.62655e+06 1.60216e+06 1.55333e+06 1.58939e+06
1.67896e+06 1.58386e+06 1.56978e+06 1.64674e+06
1.57033e+06 1.55376e+06 1.62856e+06 1.68795e+06
1.60838e+06 1.56876e+06 1.58108e+06 1.66524e+06
1.57861e+06 1.58556e+06 1.58586e+06 1.5907e+06
1.60666e+06 1.56762e+06 1.59344e+06 1.61428e+06
1.65891e+06 1.59492e+06 1.56961e+06 1.63914e+06
1.60753e+06 1.566e+06 1.59844e+06 1.61884e+06
1.60003e+06 1.5515e+06 1.65625e+06 1.58687e+06
1.64088e+06 1.57604e+06 1.57028e+06 1.65209e+06
1.65392e+06 1.58133e+06 1.5761e+06 1.64276e+06
1.63348e+06 1.60137e+06 1.57357e+06 1.64788e+06
1.6603e+06 1.56813e+06 1.58168e+06 1.56877e+06
1.61813e+06 1.58349e+06 1.57632e+06 1.66993e+06
1.58529e+06 1.57251e+06 1.5826e+06 1.63589e+06
1.61634e+06 1.5871e+06 1.57727e+06 1.63773e+06
1.56283e+06 1.592e+06 1.65613e+06 1.64264e+06
1.56869e+06 1.60167e+06 1.59522e+06 1.59603e+06
1.62459e+06 1.57083e+06 1.57625e+06 1.63951e+06
1.59344e+06 1.55788e+06 1.58296e+06 1.6326e+06
1.56962e+06 1.5907e+06 1.60186e+06 1.63362e+06
1.63786e+06 1.59739e+06 1.56327e+06 1.59428e+06
1.60068e+06 1.58229e+06 1.58071e+06 1.64623e+06
1.63786e+06 1.59739e+06 1.56327e+06 1.59428e+06
1.56629e+06 1.59715e+06 1.59893e+06 1.64923e+06
1.61548e+06 1.58459e+06 1.58511e+06 1.59789e+06
1.62001e+06 1.58269e+06 1.58581e+06 1.60927e+06
1.56535e+06 1.59983e+06 1.60483e+06 1.60016e+06
1.60139e+06 1.60204e+06 1.57743e+06 1.68409e+06
1.62562e+06 1.60159e+06 1.57026e+06 1.67708e+06
1.62562e+06 1.60159e+06 1.57026e+06 1.67708e+06
1.56472e+06 1.60288e+06 1.59979e+06 1.63471e+06
1.65392e+06 1.58133e+06 1.5761e+06 1.64276e+06
1.61818e+06 1.58341e+06 1.58517e+06 1.61725e+06
1.61804e+06 1.56777e+06 1.59994e+06 1.58292e+06
1.56535e+06 1.59983e+06 1.60483e+06 1.60016e+06
1.63348e+06 1.60137e+06 1.57357e+06 1.64788e+06
1.61804e+06 1.56777e+06 1.59994e+06 1.58292e+06
1.60139e+06 1.60204e+06 1.57743e+06 1.68409e+06
1.60139e+06 1.60204e+06 1.57743e+06 1.68409e+06
1.56535e+06 1.59983e+06 1.60483e+06 1.60016e+06
1.63348e+06 1.60137e+06 1.57357e+06 1.64788e+06
1.62562e+06 1.60159e+06 1.57026e+06 1.67708e+06
1.67896e+06 1.58386e+06 1.56978e+06 1.64674e+06
1.65392e+06 1.58133e+06 1.5761e+06 1.64276e+06
1.63786e+06 1.59739e+06 1.56327e+06 1.59428e+06
1.61804e+06 1.56777e+06 1.59994e+06 1.58292e+06
1.57033e+06 1.55376e+06 1.62856e+06 1.68795e+06
1.5525e+06 1.59277e+06 1.61484e+06 1.61626e+06
1.67503e+06 1.54113e+06 1.60174e+06 1.6479e+06
1.65621e+06 1.53272e+06 1.62341e+06 1.64024e+06
1.63753e+06 1.58712e+06 1.57657e+06 1.68405e+06
1.62813e+06 1.6207e+06 1.56354e+06 1.62801e+06
1.61924e+06 1.6436e+06 1.64808e+06 1.56597e+06
1.61857e+06 1.55804e+06 1.67328e+06 1.59652e+06
1.61813e+06 1.66837e+06 1.60913e+06 1.5927e+06
1.56612e+06 1.63663e+06 1.62328e+06 1.62477e+06
1.61813e+06 1.66837e+06 1.60913e+06 1.5927e+06
1.63818e+06 1.60206e+06 1.60946e+06 1.57552e+06
1.60028e+06 1.6177e+06 1.58336e+06 1.66974e+06
1.63517e+06 1.57475e+06 1.57791e+06 1.65775e+06
1.63713e+06 1.62446e+06 1.59362e+06 1.58917e+06
1.63044e+06 1.53566e+06 1.61537e+06 1.6691e+06
1.67091e+06 1.56058e+06 1.60127e+06 1.6053e+06
1.65986e+06 1.57968e+06 1.66182e+06 1.5782e+06
1.63753e+06 1.58712e+06 1.57657e+06 1.68405e+06
1.64733e+06 1.58738e+06 1.58168e+06 1.58249e+06
1.63436e+06 1.55955e+06 1.65662e+06 1.61048e+06
1.58384e+06 1.54484e+06 1.64499e+06 1.62371e+06
1.57479e+06 1.62362e+06 1.60818e+06 1.63436e+06
1.65451e+06 1.59768e+06 1.56683e+06 1.61218e+06
1.62335e+06 1.6061e+06 1.57421e+06 1.63296e+06
1.62567e+06 1.56884e+06 1.5833e+06 1.66173e+06
1.64281e+06 1.54777e+06 1.6015e+06 1.59818e+06
1.61684e+06 1.55398e+06 1.60449e+06 1.65043e+06
1.57914e+06 1.59338e+06 1.58598e+06 1.64641e+06
1.64806e+06 1.53286e+06 1.61606e+06 1.63756e+06
1.66302e+06 1.57531e+06 1.60365e+06 1.59523e+06
1.58135e+06 1.59867e+06 1.60652e+06 1.61288e+06
1.58793e+06 1.57356e+06 1.62185e+06 1.62868e+06
1.62417e+06 1.58394e+06 1.63991e+06 1.57877e+06
1.57387e+06 1.57602e+06 1.62847e+06 1.64092e+06
1.62833e+06 1.56283e+06 1.66032e+06 1.60001e+06
1.62433e+06 1.61459e+06 1.5811e+06 1.63203e+06
1.64398e+06 1.57128e+06 1.60468e+06 1.59129e+06
1.57249e+06 1.62132e+06 1.61918e+06 1.63306e+06
1.59306e+06 1.59646e+06 1.61092e+06 1.59593e+06
1.64213e+06 1.58043e+06 1.62303e+06 1.57765e+06
1.63434e+06 1.55366e+06 1.61326e+06 1.61255e+06
1.60592e+06 1.60017e+06 1.63433e+06 1.58002e+06
1.60871e+06 1.58705e+06 1.66051e+06 1.60375e+06
1.63016e+06 1.57526e+06 1.58978e+06 1.61564e+06
1.59681e+06 1.60127e+06 1.59148e+06 1.64218e+06
1.63265e+06 1.57502e+06 1.65218e+06 1.59293e+06
1.59599e+06 1.5622e+06 1.59479e+06 1.63214e+06
1.59773e+06 1.56872e+06 1.58676e+06 1.64359e+06
1.62269e+06 1.617e+06 1.57558e+06 1.64968e+06
1.56676e+06 1.58435e+06 1.62058e+06 1.63871e+06
1.63741e+06 1.5675e+06 1.58911e+06 1.60297e+06
1.62258e+06 1.57907e+06 1.61813e+06 1.60618e+06
1.5729e+06 1.60501e+06 1.65175e+06 1.60764e+06
1.61175e+06 1.60738e+06 1.58729e+06 1.63013e+06
1.5927e+06 1.63747e+06 1.59829e+06 1.61872e+06
1.60901e+06 1.63884e+06 1.62458e+06 1.5802e+06
1.61572e+06 1.58982e+06 1.64903e+06 1.58974e+06
1.62556e+06 1.64237e+06 1.58338e+06 1.6109e+06
1.62137e+06 1.60919e+06 1.59958e+06 1.59319e+06
1.57914e+06 1.59338e+06 1.58598e+06 1.64641e+06
1.632e+06 1.57204e+06 1.59895e+06 1.62107e+06
1.60188e+06 1.60038e+06 1.59269e+06 1.59886e+06
1.58327e+06 1.56988e+06 1.61202e+06 1.63827e+06
1.65986e+06 1.57968e+06 1.66182e+06 1.5782e+06
1.61316e+06 1.57664e+06 1.62334e+06 1.60966e+06
1.64466e+06 1.5826e+06 1.58713e+06 1.61214e+06
1.64623e+06 1.54167e+06 1.58907e+06 1.63605e+06
1.61186e+06 1.56491e+06 1.62743e+06 1.60305e+06
1.62643e+06 1.55566e+06 1.59707e+06 1.63528e+06
1.63322e+06 1.59088e+06 1.60858e+06 1.60863e+06
1.60501e+06 1.58502e+06 1.6426e+06 1.61148e+06
1.63068e+06 1.58084e+06 1.61389e+06 1.60342e+06
1.60243e+06 1.54711e+06 1.62489e+06 1.62028e+06
1.61557e+06 1.61084e+06 1.62434e+06 1.57982e+06
1.6316e+06 1.61923e+06 1.56994e+06 1.62407e+06
1.66302e+06 1.57531e+06 1.60365e+06 1.59523e+06
1.59067e+06 1.57432e+06 1.60285e+06 1.63788e+06
1.61684e+06 1.58555e+06 1.58866e+06 1.6173e+06
1.62813e+06 1.6207e+06 1.56354e+06 1.62801e+06
1.58501e+06 1.61978e+06 1.61661e+06 1.60486e+06
1.58799e+06 1.55418e+06 1.6377e+06 1.61332e+06
1.6164e+06 1.55785e+06 1.61386e+06 1.6303e+06
1.62551e+06 1.58948e+06 1.62706e+06 1.59013e+06
1.6339e+06 1.5462e+06 1.63207e+06 1.63178e+06
1.6316e+06 1.61923e+06 1.56994e+06 1.62407e+06
1.59602e+06 1.62184e+06 1.60035e+06 1.61309e+06
1.60602e+06 1.57547e+06 1.61576e+06 1.62261e+06
1.56871e+06 1.60738e+06 1.62304e+06 1.61354e+06
1.63466e+06 1.55597e+06 1.62633e+06 1.61155e+06
1.59892e+06 1.58849e+06 1.62593e+06 1.5941e+06
1.6339e+06 1.5462e+06 1.63207e+06 1.63178e+06
1.65451e+06 1.59768e+06 1.56683e+06 1.61218e+06
1.61005e+06 1.56435e+06 1.61607e+06 1.61967e+06
1.58532e+06 1.61204e+06 1.60453e+06 1.61238e+06
1.61996e+06 1.6101e+06 1.59121e+06 1.60018e+06
1.60501e+06 1.58502e+06 1.6426e+06 1.61148e+06
1.62567e+06 1.56884e+06 1.5833e+06 1.66173e+06
1.59205e+06 1.55379e+06 1.61744e+06 1.62764e+06
1.5885e+06 1.57812e+06 1.60774e+06 1.61199e+06
1.63795e+06 1.5966e+06 1.59692e+06 1.59363e+06
1.62419e+06 1.60728e+06 1.58451e+06 1.61788e+06
1.61855e+06 1.61243e+06 1.58518e+06 1.61222e+06
1.59084e+06 1.59775e+06 1.61955e+06 1.60935e+06
1.59128e+06 1.60986e+06 1.62044e+06 1.59386e+06
1.61756e+06 1.60014e+06 1.59107e+06 1.61315e+06
1.63713e+06 1.62446e+06 1.59362e+06 1.58917e+06
1.6037e+06 1.58844e+06 1.62288e+06 1.61075e+06
1.6317e+06 1.59941e+06 1.59547e+06 1.60797e+06
1.58349e+06 1.59066e+06 1.61091e+06 1.60957e+06
1.6272e+06 1.59961e+06 1.62481e+06 1.59507e+06
1.62456e+06 1.59914e+06 1.58545e+06 1.62397e+06
1.59867e+06 1.59298e+06 1.61232e+06 1.59718e+06
1.62778e+06 1.55499e+06 1.62811e+06 1.61726e+06
1.56871e+06 1.60738e+06 1.62304e+06 1.61354e+06
1.59831e+06 1.6122e+06 1.60772e+06 1.6094e+06
1.58799e+06 1.55418e+06 1.6377e+06 1.61332e+06
1.61005e+06 1.56435e+06 1.61607e+06 1.61967e+06
1.60313e+06 1.56825e+06 1.59418e+06 1.63149e+06
1.59867e+06 1.59298e+06 1.61232e+06 1.59718e+06
1.64806e+06 1.53286e+06 1.61606e+06 1.63756e+06
1.63763e+06 1.56281e+06 1.62286e+06 1.58936e+06
1.64623e+06 1.54167e+06 1.58907e+06 1.63605e+06
1.58459e+06 1.54154e+06 1.6116e+06 1.63782e+06
1.5729e+06 1.60501e+06 1.65175e+06 1.60764e+06
1.64216e+06 1.60709e+06 1.60456e+06 1.59343e+06
1.63718e+06 1.57704e+06 1.61152e+06 1.60541e+06
1.6015e+06 1.57717e+06 1.62319e+06 1.61724e+06
1.6282e+06 1.57712e+06 1.59977e+06 1.62365e+06
1.60602e+06 1.57547e+06 1.61576e+06 1.62261e+06
1.60313e+06 1.56825e+06 1.59418e+06 1.63149e+06
1.58937e+06 1.61716e+06 1.59888e+06 1.61427e+06
1.6015e+06 1.57717e+06 1.62319e+06 1.61724e+06
1.58937e+06 1.61716e+06 1.59888e+06 1.61427e+06
1.59205e+06 1.55379e+06 1.61744e+06 1.62764e+06
1.60901e+06 1.63884e+06 1.62458e+06 1.5802e+06
1.62018e+06 1.56849e+06 1.61745e+06 1.61193e+06
1.65451e+06 1.59768e+06 1.56683e+06 1.61218e+06
1.62759e+06 1.6051e+06 1.57582e+06 1.60809e+06
1.61557e+06 1.61084e+06 1.62434e+06 1.57982e+06
1.63753e+06 1.58712e+06 1.57657e+06 1.68405e+06
1.6316e+06 1.61923e+06 1.56994e+06 1.62407e+06
1.58937e+06 1.61716e+06 1.59888e+06 1.61427e+06
1.62018e+06 1.56849e+06 1.61745e+06 1.61193e+06
1.61996e+06 1.6101e+06 1.59121e+06 1.60018e+06
1.62759e+06 1.6051e+06 1.57582e+06 1.60809e+06
1.62567e+06 1.56884e+06 1.5833e+06 1.66173e+06
1.59892e+06 1.58849e+06 1.62593e+06 1.5941e+06
1.6339e+06 1.5462e+06 1.63207e+06 1.63178e+06
1.58532e+06 1.61204e+06 1.60453e+06 1.61238e+06
1.65986e+06 1.57968e+06 1.66182e+06 1.5782e+06
1.62759e+06 1.6051e+06 1.57582e+06 1.60809e+06
1.60501e+06 1.58502e+06 1.6426e+06 1.61148e+06
1.66302e+06 1.57531e+06 1.60365e+06 1.59523e+06
1.64806e+06 1.53286e+06 1.61606e+06 1.63756e+06
1.64623e+06 1.54167e+06 1.58907e+06 1.63605e+06
1.62813e+06 1.6207e+06 1.56354e+06 1.62801e+06
1.61813e+06 1.66837e+06 1.60913e+06 1.5927e+06
1.58799e+06 1.55418e+06 1.6377e+06 1.61332e+06
1.67349e+06 1.5811e+06 1.58291e+06 1.67166e+06
1.66029e+06 1.61225e+06 1.62599e+06 1.5782e+06
1.65655e+06 1.56307e+06 1.59121e+06 1.68111e+06
1.65375e+06 1.64378e+06 1.58052e+06 1.63006e+06
1.59713e+06 1.54338e+06 1.64804e+06 1.63875e+06
1.58081e+06 1.57937e+06 1.68071e+06 1.67886e+06
1.56933e+06 1.59597e+06 1.63705e+06 1.66645e+06
1.61386e+06 1.635e+06 1.66055e+06 1.58518e+06
1.66448e+06 1.59355e+06 1.5953e+06 1.58919e+06
1.61739e+06 1.59005e+06 1.66159e+06 1.59637e+06
1.64661e+06 1.62603e+06 1.63266e+06 1.57823e+06
1.63108e+06 1.61374e+06 1.58621e+06 1.65098e+06
1.63811e+06 1.56688e+06 1.59954e+06 1.6764e+06
1.64456e+06 1.54957e+06 1.62993e+06 1.62357e+06
1.61805e+06 1.61301e+06 1.65114e+06 1.59705e+06
1.589e+06 1.63762e+06 1.63877e+06 1.61786e+06
1.62186e+06 1.57706e+06 1.67425e+06 1.59874e+06
1.60866e+06 1.60248e+06 1.59009e+06 1.65553e+06
1.64652e+06 1.55871e+06 1.64944e+06 1.61255e+06
1.64793e+06 1.60368e+06 1.61489e+06 1.59523e+06
1.62478e+06 1.56513e+06 1.64131e+06 1.62059e+06
1.59199e+06 1.57131e+06 1.61378e+06 1.65194e+06
1.65427e+06 1.59325e+06 1.60066e+06 1.61525e+06
1.6035e+06 1.62033e+06 1.61784e+06 1.59873e+06
1.61591e+06 1.5839e+06 1.58706e+06 1.64682e+06
1.63836e+06 1.62892e+06 1.62134e+06 1.59296e+06
1.59463e+06 1.59529e+06 1.59712e+06 1.67071e+06
1.57924e+06 1.60737e+06 1.62643e+06 1.63917e+06
1.62568e+06 1.60664e+06 1.58428e+06 1.65826e+06
1.60278e+06 1.62324e+06 1.63084e+06 1.6017e+06
1.5986e+06 1.62893e+06 1.60652e+06 1.62026e+06
1.6129e+06 1.56262e+06 1.61062e+06 1.63996e+06
1.61991e+06 1.58492e+06 1.64012e+06 1.61194e+06
1.62114e+06 1.54789e+06 1.61582e+06 1.6779e+06
1.60675e+06 1.60198e+06 1.60431e+06 1.60616e+06
1.63281e+06 1.56331e+06 1.66952e+06 1.60231e+06
1.61468e+06 1.59917e+06 1.636e+06 1.60533e+06
1.63921e+06 1.56954e+06 1.63161e+06 1.60008e+06
1.59698e+06 1.59803e+06 1.61168e+06 1.60799e+06
1.60584e+06 1.54877e+06 1.61882e+06 1.66224e+06
1.63535e+06 1.57853e+06 1.60265e+06 1.64607e+06
1.61135e+06 1.57768e+06 1.63862e+06 1.62781e+06
1.62095e+06 1.57463e+06 1.61021e+06 1.68027e+06
1.63205e+06 1.58691e+06 1.65031e+06 1.59022e+06
1.63281e+06 1.56331e+06 1.66952e+06 1.60231e+06
1.63465e+06 1.61289e+06 1.59205e+06 1.63193e+06
1.60562e+06 1.6211e+06 1.59071e+06 1.64503e+06
1.62401e+06 1.55969e+06 1.61297e+06 1.64428e+06
1.65456e+06 1.57841e+06 1.62537e+06 1.59937e+06
1.62742e+06 1.58029e+06 1.62787e+06 1.63533e+06
1.60153e+06 1.5813e+06 1.63688e+06 1.62758e+06
1.6241e+06 1.55946e+06 1.62733e+06 1.6594e+06
1.63465e+06 1.61058e+06 1.58558e+06 1.64438e+06
1.59457e+06 1.57035e+06 1.6487e+06 1.63331e+06
1.60346e+06 1.61088e+06 1.5965e+06 1.6089e+06
1.58741e+06 1.57093e+06 1.61274e+06 1.6623e+06
1.62187e+06 1.59882e+06 1.60337e+06 1.64258e+06
1.59898e+06 1.5843e+06 1.62224e+06 1.63538e+06
1.63431e+06 1.58002e+06 1.60556e+06 1.66304e+06
1.64111e+06 1.58795e+06 1.60553e+06 1.60838e+06
1.60122e+06 1.57051e+06 1.6168e+06 1.64226e+06
1.62864e+06 1.57809e+06 1.61318e+06 1.63759e+06
1.57924e+06 1.60737e+06 1.62643e+06 1.63917e+06
1.59248e+06 1.58422e+06 1.63214e+06 1.62969e+06
1.62829e+06 1.6049e+06 1.59632e+06 1.60452e+06
1.6426e+06 1.57095e+06 1.6087e+06 1.62001e+06
1.62088e+06 1.58193e+06 1.61577e+06 1.61941e+06
1.62668e+06 1.58588e+06 1.64935e+06 1.60525e+06
1.59898e+06 1.62053e+06 1.60774e+06 1.6211e+06
1.63385e+06 1.57131e+06 1.63725e+06 1.63014e+06
1.63304e+06 1.55877e+06 1.61743e+06 1.63679e+06
1.62039e+06 1.58895e+06 1.63255e+06 1.60374e+06
1.64441e+06 1.60449e+06 1.59555e+06 1.62178e+06
1.63448e+06 1.58777e+06 1.60402e+06 1.61762e+06
1.6471e+06 1.6045e+06 1.6298e+06 1.58953e+06
1.60012e+06 1.58877e+06 1.63652e+06 1.60594e+06
1.63868e+06 1.57521e+06 1.61575e+06 1.62035e+06
1.64534e+06 1.59487e+06 1.58839e+06 1.62328e+06
1.63145e+06 1.59614e+06 1.59563e+06 1.62068e+06
1.64534e+06 1.59487e+06 1.58839e+06 1.62328e+06
1.64296e+06 1.56304e+06 1.6389e+06 1.62062e+06
1.64652e+06 1.57772e+06 1.59992e+06 1.63295e+06
1.58741e+06 1.57093e+06 1.61274e+06 1.6623e+06
1.58741e+06 1.57093e+06 1.61274e+06 1.6623e+06
1.63435e+06 1.58415e+06 1.6254e+06 1.6057e+06
1.63281e+06 1.56331e+06 1.66952e+06 1.60231e+06
1.57924e+06 1.60737e+06 1.62643e+06 1.63917e+06
1.69495e+06 1.56802e+06 1.64798e+06 1.65463e+06
1.68126e+06 1.6501e+06 1.58602e+06 1.6459e+06
1.666e+06 1.61481e+06 1.64305e+06 1.58294e+06
1.61895e+06 1.65399e+06 1.60796e+06 1.63073e+06
1.6136e+06 1.55766e+06 1.66026e+06 1.6467e+06
1.60536e+06 1.62152e+06 1.67927e+06 1.60253e+06
1.5928e+06 1.59243e+06 1.62065e+06 1.69784e+06
1.5898e+06 1.62614e+06 1.61789e+06 1.67591e+06
1.61403e+06 1.63759e+06 1.6258e+06 1.6012e+06
1.66811e+06 1.57056e+06 1.64534e+06 1.6281e+06
1.68005e+06 1.59504e+06 1.64838e+06 1.6101e+06
1.65606e+06 1.62639e+06 1.60119e+06 1.60627e+06
1.6509e+06 1.57459e+06 1.66646e+06 1.6357e+06
1.60019e+06 1.59282e+06 1.61962e+06 1.66526e+06
1.65947e+06 1.56838e+06 1.66933e+06 1.62846e+06
1.63894e+06 1.60651e+06 1.62482e+06 1.61863e+06
1.65768e+06 1.57983e+06 1.63093e+06 1.6169e+06
1.61491e+06 1.61847e+06 1.59225e+06 1.65775e+06
1.62513e+06 1.58311e+06 1.64631e+06 1.65141e+06
1.60835e+06 1.62215e+06 1.63743e+06 1.60192e+06
1.61089e+06 1.64235e+06 1.61949e+06 1.62066e+06
1.61121e+06 1.60478e+06 1.63587e+06 1.62331e+06
1.62443e+06 1.6463e+06 1.60177e+06 1.63893e+06
1.62738e+06 1.57627e+06 1.65297e+06 1.62955e+06
1.64474e+06 1.61281e+06 1.59106e+06 1.65948e+06
1.66067e+06 1.58577e+06 1.59568e+06 1.66457e+06
1.60156e+06 1.59545e+06 1.65406e+06 1.61e+06
1.64882e+06 1.57335e+06 1.64011e+06 1.65539e+06
1.64924e+06 1.57925e+06 1.61335e+06 1.62498e+06
1.61714e+06 1.60215e+06 1.63913e+06 1.61404e+06
1.60371e+06 1.6071e+06 1.62621e+06 1.60843e+06
1.62168e+06 1.59866e+06 1.64274e+06 1.64225e+06
1.65354e+06 1.59366e+06 1.60992e+06 1.63799e+06
1.62034e+06 1.60995e+06 1.60487e+06 1.63985e+06
1.64608e+06 1.5768e+06 1.62931e+06 1.64952e+06
1.63213e+06 1.59311e+06 1.59499e+06 1.65284e+06
1.64405e+06 1.64905e+06 1.62079e+06 1.60872e+06
1.63526e+06 1.59194e+06 1.61739e+06 1.62017e+06
1.6432e+06 1.58568e+06 1.62068e+06 1.6319e+06
1.61634e+06 1.60093e+06 1.6159e+06 1.63299e+06
1.64396e+06 1.58978e+06 1.61146e+06 1.61534e+06
1.63328e+06 1.61233e+06 1.59704e+06 1.62201e+06
1.61864e+06 1.62047e+06 1.59991e+06 1.656e+06
1.61257e+06 1.61227e+06 1.61048e+06 1.63304e+06
1.62785e+06 1.57683e+06 1.61614e+06 1.64749e+06
1.6299e+06 1.5918e+06 1.66832e+06 1.60943e+06
1.62225e+06 1.59601e+06 1.62796e+06 1.62087e+06
1.64349e+06 1.59739e+06 1.60692e+06 1.64398e+06
1.60571e+06 1.62084e+06 1.59852e+06 1.64273e+06
1.62869e+06 1.59219e+06 1.60411e+06 1.66104e+06
1.65e+06 1.58777e+06 1.60473e+06 1.66276e+06
1.63039e+06 1.61072e+06 1.61244e+06 1.60902e+06
1.61988e+06 1.60375e+06 1.60919e+06 1.64538e+06
1.64565e+06 1.5881e+06 1.60349e+06 1.65597e+06
1.66653e+06 1.60373e+06 1.60091e+06 1.61001e+06
1.6169e+06 1.60456e+06 1.60289e+06 1.66274e+06
1.61649e+06 1.61404e+06 1.61963e+06 1.63073e+06
1.61932e+06 1.59527e+06 1.62764e+06 1.64359e+06
1.63026e+06 1.61052e+06 1.59863e+06 1.64442e+06
1.6685e+06 1.62087e+06 1.60796e+06 1.63774e+06
1.66576e+06 1.57938e+06 1.62138e+06 1.65884e+06
1.66228e+06 1.59256e+06 1.6813e+06 1.61673e+06
1.64614e+06 1.59881e+06 1.59631e+06 1.66327e+06
1.63996e+06 1.63175e+06 1.61808e+06 1.61033e+06
1.62664e+06 1.62985e+06 1.5983e+06 1.68436e+06
1.6234e+06 1.6484e+06 1.6146e+06 1.6495e+06
1.61212e+06 1.61794e+06 1.62818e+06 1.66708e+06
1.65834e+06 1.58534e+06 1.65755e+06 1.64845e+06
1.64575e+06 1.63933e+06 1.59822e+06 1.67911e+06
1.61551e+06 1.61286e+06 1.6433e+06 1.63283e+06
1.61853e+06 1.60598e+06 1.60987e+06 1.67238e+06
1.61424e+06 1.60808e+06 1.65741e+06 1.61823e+06
1.6379e+06 1.61006e+06 1.63002e+06 1.63139e+06
1.62643e+06 1.64748e+06 1.60355e+06 1.66926e+06
1.6512e+06 1.63413e+06 1.6119e+06 1.62852e+06
1.65179e+06 1.5958e+06 1.6254e+06 1.61868e+06
1.62556e+06 1.61847e+06 1.63644e+06 1.64333e+06
1.62517e+06 1.60282e+06 1.64288e+06 1.62191e+06
1.65719e+06 1.6018e+06 1.61622e+06 1.65159e+06
1.65516e+06 1.61567e+06 1.60514e+06 1.64872e+06
1.63404e+06 1.61386e+06 1.61093e+06 1.6424e+06
1.62942e+06 1.59616e+06 1.63793e+06 1.62632e+06
1.63433e+06 1.60543e+06 1.59855e+06 1.68401e+06
1.62255e+06 1.63145e+06 1.62763e+06 1.62643e+06
1.62906e+06 1.60072e+06 1.63761e+06 1.64083e+06
1.64362e+06 1.60519e+06 1.61973e+06 1.6255e+06
1.6355e+06 1.61498e+06 1.61539e+06 1.62743e+06
1.65677e+06 1.59654e+06 1.6228e+06 1.6501e+06
1.62633e+06 1.60333e+06 1.62068e+06 1.65929e+06
1.64373e+06 1.59773e+06 1.62806e+06 1.62547e+06
1.63918e+06 1.60646e+06 1.61199e+06 1.6498e+06
1.62542e+06 1.60132e+06 1.63739e+06 1.63275e+06
1.67362e+06 1.59699e+06 1.64959e+06 1.64554e+06
1.66656e+06 1.58914e+06 1.62798e+06 1.68075e+06
1.66182e+06 1.60341e+06 1.61016e+06 1.66562e+06
1.64179e+06 1.64185e+06 1.62068e+06 1.6162e+06
1.63744e+06 1.65765e+06 1.61979e+06 1.65346e+06
1.62485e+06 1.61464e+06 1.67872e+06 1.63327e+06
1.65724e+06 1.59753e+06 1.64061e+06 1.64257e+06
1.62844e+06 1.6098e+06 1.63313e+06 1.66569e+06
1.62906e+06 1.633e+06 1.6301e+06 1.63244e+06
1.66957e+06 1.59966e+06 1.64296e+06 1.62349e+06
1.63936e+06 1.61748e+06 1.65665e+06 1.6224e+06
1.66222e+06 1.59468e+06 1.66682e+06 1.65356e+06
1.6388e+06 1.63882e+06 1.65944e+06 1.62884e+06
1.62523e+06 1.63434e+06 1.66702e+06 1.64418e+06
1.63975e+06 1.62375e+06 1.62946e+06 1.62927e+06
1.63774e+06 1.61635e+06 1.62393e+06 1.65723e+06
1.6687e+06 1.61014e+06 1.64169e+06 1.63563e+06
1.63966e+06 1.61575e+06 1.62009e+06 1.63617e+06
1.67368e+06 1.63287e+06 1.63165e+06 1.66556e+06
1.66414e+06 1.60366e+06 1.6517e+06 1.65351e+06
1.65091e+06 1.63874e+06 1.65915e+06 1.64316e+06
