38 2.59769
1.68282e+06 1.59172e+06 1.5761e+06 1.57512e+06
1.63475e+06 1.58279e+06 1.60239e+06 1.54139e+06
1.62349e+06 1.65036e+06 1.52397e+06 1.61926e+06
1.60977e+06 1.53414e+06 1.67196e+06 1.58154e+06
1.60293e+06 1.58764e+06 1.54317e+06 1.68004e+06
1.59409e+06 1.50871e+06 1.62676e+06 1.63445e+06
1.53811e+06 1.61341e+06 1.63461e+06 1.62674e+06
1.61499e+06 1.6425e+06 1.53468e+06 1.66382e+06
1.62349e+06 1.65036e+06 1.52397e+06 1.61926e+06
1.54561e+06 1.58662e+06 1.59933e+06 1.67893e+06
1.68208e+06 1.54849e+06 1.58957e+06 1.60338e+06
1.65296e+06 1.62851e+06 1.58587e+06 1.55144e+06
1.66672e+06 1.55521e+06 1.54282e+06 1.59884e+06
1.56743e+06 1.54014e+06 1.59465e+06 1.66778e+06
1.59507e+06 1.61531e+06 1.55597e+06 1.56919e+06
1.56592e+06 1.54232e+06 1.65988e+06 1.59719e+06
1.54295e+06 1.61274e+06 1.58564e+06 1.64674e+06
1.57159e+06 1.56493e+06 1.64773e+06 1.60979e+06
1.57407e+06 1.55289e+06 1.67091e+06 1.59346e+06
1.65296e+06 1.62851e+06 1.58587e+06 1.55144e+06
1.56592e+06 1.54232e+06 1.65988e+06 1.59719e+06
1.56396e+06 1.54013e+06 1.63778e+06 1.66054e+06
1.63773e+06 1.51875e+06 1.57551e+06 1.61707e+06
1.64513e+06 1.51145e+06 1.58803e+06 1.64183e+06
1.55718e+06 1.58341e+06 1.5872e+06 1.65046e+06
1.56299e+06 1.6349e+06 1.57686e+06 1.62334e+06
1.53958e+06 1.63398e+06 1.59867e+06 1.63581e+06
1.61499e+06 1.6425e+06 1.53468e+06 1.66382e+06
1.55244e+06 1.59242e+06 1.64089e+06 1.64039e+06
1.60338e+06 1.61416e+06 1.56978e+06 1.55828e+06
1.54943e+06 1.60978e+06 1.61927e+06 1.62827e+06
1.65944e+06 1.55589e+06 1.58474e+06 1.61093e+06
1.61181e+06 1.63954e+06 1.61155e+06 1.55422e+06
1.58632e+06 1.56889e+06 1.54616e+06 1.62544e+06
1.61181e+06 1.63954e+06 1.61155e+06 1.55422e+06
1.58334e+06 1.55752e+06 1.64717e+06 1.58584e+06
1.55244e+06 1.59242e+06 1.64089e+06 1.64039e+06
1.61729e+06 1.59824e+06 1.61854e+06 1.5461e+06
1.63475e+06 1.58279e+06 1.60239e+06 1.54139e+06
1.57751e+06 1.56264e+06 1.63302e+06 1.60255e+06
1.62711e+06 1.52663e+06 1.61169e+06 1.62219e+06
1.57072e+06 1.59418e+06 1.63754e+06 1.56097e+06
1.64508e+06 1.60744e+06 1.60002e+06 1.56628e+06
1.65121e+06 1.61287e+06 1.59083e+06 1.54788e+06
1.63973e+06 1.59061e+06 1.56787e+06 1.58318e+06
1.58535e+06 1.60139e+06 1.62292e+06 1.57708e+06
1.56747e+06 1.55807e+06 1.5891e+06 1.64204e+06
1.61102e+06 1.61024e+06 1.53922e+06 1.63016e+06
1.61102e+06 1.61024e+06 1.53922e+06 1.63016e+06
1.55654e+06 1.61248e+06 1.6009e+06 1.63702e+06
1.64257e+06 1.56565e+06 1.56381e+06 1.59058e+06
1.5965e+06 1.53319e+06 1.5447e+06 1.61888e+06
1.59505e+06 1.52204e+06 1.58368e+06 1.62757e+06
1.58632e+06 1.56889e+06 1.54616e+06 1.62544e+06
1.61298e+06 1.58119e+06 1.6057e+06 1.56707e+06
1.64675e+06 1.53903e+06 1.58318e+06 1.61583e+06
1.58271e+06 1.56096e+06 1.58102e+06 1.62649e+06
1.6318e+06 1.56488e+06 1.598e+06 1.58011e+06
1.57844e+06 1.5779e+06 1.55919e+06 1.59517e+06
1.64746e+06 1.52766e+06 1.59655e+06 1.58813e+06
1.57291e+06 1.63009e+06 1.57604e+06 1.58391e+06
1.58535e+06 1.60139e+06 1.62292e+06 1.57708e+06
1.58949e+06 1.56099e+06 1.56392e+06 1.60828e+06
1.56604e+06 1.59664e+06 1.56959e+06 1.59805e+06
1.62556e+06 1.54528e+06 1.59206e+06 1.61732e+06
1.5551e+06 1.60454e+06 1.60734e+06 1.63785e+06
1.58299e+06 1.5672e+06 1.55278e+06 1.58668e+06
1.62353e+06 1.59062e+06 1.54944e+06 1.58116e+06
1.59978e+06 1.5884e+06 1.61493e+06 1.55908e+06
1.5414e+06 1.61508e+06 1.62463e+06 1.6611e+06
1.65282e+06 1.54722e+06 1.60827e+06 1.58638e+06
1.57199e+06 1.54611e+06 1.58754e+06 1.63112e+06
1.55993e+06 1.58685e+06 1.59203e+06 1.60477e+06
1.66672e+06 1.55521e+06 1.54282e+06 1.59884e+06
1.62286e+06 1.51141e+06 1.62515e+06 1.58763e+06
1.59207e+06 1.5381e+06 1.63798e+06 1.61914e+06
1.58231e+06 1.55891e+06 1.58241e+06 1.66283e+06
1.62452e+06 1.57769e+06 1.60412e+06 1.5796e+06
1.55718e+06 1.58341e+06 1.5872e+06 1.65046e+06
1.62598e+06 1.61085e+06 1.56186e+06 1.56403e+06
1.56743e+06 1.54014e+06 1.59465e+06 1.66778e+06
1.62063e+06 1.53378e+06 1.61946e+06 1.57601e+06
1.57481e+06 1.54986e+06 1.62623e+06 1.60601e+06
1.60967e+06 1.52796e+06 1.63145e+06 1.5818e+06
1.66116e+06 1.52919e+06 1.62123e+06 1.57878e+06
1.59505e+06 1.52204e+06 1.58368e+06 1.62757e+06
1.56641e+06 1.61399e+06 1.63121e+06 1.57086e+06
1.60776e+06 1.59221e+06 1.60724e+06 1.57336e+06
1.57573e+06 1.5557e+06 1.62117e+06 1.6112e+06
1.54561e+06 1.58662e+06 1.59933e+06 1.67893e+06
1.60646e+06 1.5975e+06 1.58994e+06 1.57645e+06
1.55922e+06 1.57442e+06 1.61074e+06 1.58536e+06
1.5829e+06 1.58174e+06 1.55669e+06 1.63754e+06
1.58679e+06 1.53145e+06 1.57625e+06 1.62337e+06
1.5905e+06 1.55614e+06 1.5955e+06 1.60847e+06
1.63485e+06 1.55949e+06 1.60045e+06 1.56592e+06
1.62711e+06 1.52663e+06 1.61169e+06 1.62219e+06
1.59409e+06 1.50871e+06 1.62676e+06 1.63445e+06
1.56856e+06 1.59399e+06 1.63445e+06 1.57179e+06
1.57072e+06 1.59418e+06 1.63754e+06 1.56097e+06
1.602e+06 1.60132e+06 1.59904e+06 1.57452e+06
1.5414e+06 1.61508e+06 1.62463e+06 1.6611e+06
1.61607e+06 1.57295e+06 1.61293e+06 1.5847e+06
1.59156e+06 1.56183e+06 1.60298e+06 1.59136e+06
1.63026e+06 1.55142e+06 1.59473e+06 1.59064e+06
1.58299e+06 1.5672e+06 1.55278e+06 1.58668e+06
1.61075e+06 1.56632e+06 1.5901e+06 1.59571e+06
1.59398e+06 1.56668e+06 1.60251e+06 1.59676e+06
1.5819e+06 1.5573e+06 1.61735e+06 1.59804e+06
1.55718e+06 1.58341e+06 1.5872e+06 1.65046e+06
1.59978e+06 1.5884e+06 1.61493e+06 1.55908e+06
1.55674e+06 1.58286e+06 1.61468e+06 1.59017e+06
1.54944e+06 1.61275e+06 1.59311e+06 1.59361e+06
1.57485e+06 1.56291e+06 1.57662e+06 1.61344e+06
1.58035e+06 1.54961e+06 1.61046e+06 1.61958e+06
1.62598e+06 1.61085e+06 1.56186e+06 1.56403e+06
1.57934e+06 1.59134e+06 1.6289e+06 1.58145e+06
1.64067e+06 1.51958e+06 1.59266e+06 1.61028e+06
1.64964e+06 1.58766e+06 1.59804e+06 1.56238e+06
1.60808e+06 1.58745e+06 1.62811e+06 1.5662e+06
1.6147e+06 1.55492e+06 1.54409e+06 1.66479e+06
1.60894e+06 1.58456e+06 1.60704e+06 1.5803e+06
1.57799e+06 1.56655e+06 1.60504e+06 1.60037e+06
1.57231e+06 1.58178e+06 1.57289e+06 1.63641e+06
1.61159e+06 1.55891e+06 1.61266e+06 1.5929e+06
1.6217e+06 1.55841e+06 1.57207e+06 1.60473e+06
1.66164e+06 1.61352e+06 1.5445e+06 1.6149e+06
1.64067e+06 1.51958e+06 1.59266e+06 1.61028e+06
1.57159e+06 1.56493e+06 1.64773e+06 1.60979e+06
1.61286e+06 1.57355e+06 1.6211e+06 1.5611e+06
1.59507e+06 1.61531e+06 1.55597e+06 1.56919e+06
1.56481e+06 1.59084e+06 1.57872e+06 1.59814e+06
1.5551e+06 1.60454e+06 1.60734e+06 1.63785e+06
1.64008e+06 1.59025e+06 1.59636e+06 1.56774e+06
1.63973e+06 1.59061e+06 1.56787e+06 1.58318e+06
1.6212e+06 1.60884e+06 1.59638e+06 1.56995e+06
1.59595e+06 1.57108e+06 1.61389e+06 1.57361e+06
1.59409e+06 1.50871e+06 1.62676e+06 1.63445e+06
1.65038e+06 1.56131e+06 1.55035e+06 1.61449e+06
1.63731e+06 1.57502e+06 1.57848e+06 1.58351e+06
1.61239e+06 1.57373e+06 1.63362e+06 1.56887e+06
1.6033e+06 1.55266e+06 1.61322e+06 1.58615e+06
1.5976e+06 1.60125e+06 1.56084e+06 1.58437e+06
1.59857e+06 1.59987e+06 1.59294e+06 1.58168e+06
1.615e+06 1.53951e+06 1.61998e+06 1.58738e+06
1.62987e+06 1.54966e+06 1.5918e+06 1.59883e+06
1.59247e+06 1.60088e+06 1.61472e+06 1.57442e+06
1.61805e+06 1.54103e+06 1.60505e+06 1.6048e+06
1.58836e+06 1.60804e+06 1.58523e+06 1.57519e+06
1.59436e+06 1.57763e+06 1.63244e+06 1.5713e+06
1.56856e+06 1.59399e+06 1.63445e+06 1.57179e+06
1.66337e+06 1.54964e+06 1.59325e+06 1.59078e+06
1.60338e+06 1.61416e+06 1.56978e+06 1.55828e+06
1.58166e+06 1.54181e+06 1.61095e+06 1.62117e+06
1.5645e+06 1.57616e+06 1.57307e+06 1.60699e+06
1.61024e+06 1.56073e+06 1.59103e+06 1.61433e+06
1.57485e+06 1.56291e+06 1.57662e+06 1.61344e+06
1.63061e+06 1.55326e+06 1.57358e+06 1.61448e+06
1.55521e+06 1.55526e+06 1.60253e+06 1.63513e+06
1.61729e+06 1.59824e+06 1.61854e+06 1.5461e+06
1.63402e+06 1.56231e+06 1.59228e+06 1.59388e+06
1.66539e+06 1.55987e+06 1.57246e+06 1.59101e+06
1.64694e+06 1.57999e+06 1.58814e+06 1.56508e+06
1.55324e+06 1.60071e+06 1.6106e+06 1.63754e+06
1.61048e+06 1.58994e+06 1.57822e+06 1.57974e+06
1.58679e+06 1.53145e+06 1.57625e+06 1.62337e+06
1.58334e+06 1.55752e+06 1.64717e+06 1.58584e+06
1.65944e+06 1.55589e+06 1.58474e+06 1.61093e+06
1.64272e+06 1.54416e+06 1.5995e+06 1.60396e+06
1.65121e+06 1.61287e+06 1.59083e+06 1.54788e+06
1.66116e+06 1.52919e+06 1.62123e+06 1.57878e+06
1.60261e+06 1.55515e+06 1.63812e+06 1.57443e+06
1.58035e+06 1.54961e+06 1.61046e+06 1.61958e+06
1.61564e+06 1.53006e+06 1.62882e+06 1.59228e+06
1.62334e+06 1.58022e+06 1.59857e+06 1.58554e+06
1.55421e+06 1.57728e+06 1.61873e+06 1.63721e+06
1.57199e+06 1.54611e+06 1.58754e+06 1.63112e+06
1.62878e+06 1.5476e+06 1.61103e+06 1.59945e+06
1.59094e+06 1.55437e+06 1.59752e+06 1.61501e+06
1.62129e+06 1.53256e+06 1.59247e+06 1.61465e+06
1.61695e+06 1.59902e+06 1.59896e+06 1.57365e+06
1.64029e+06 1.58881e+06 1.58232e+06 1.57882e+06
1.63153e+06 1.5746e+06 1.61963e+06 1.56456e+06
1.57844e+06 1.5779e+06 1.55919e+06 1.59517e+06
1.58983e+06 1.56038e+06 1.63436e+06 1.56575e+06
1.59516e+06 1.53927e+06 1.6197e+06 1.59476e+06
1.57291e+06 1.63009e+06 1.57604e+06 1.58391e+06
1.68208e+06 1.54849e+06 1.58957e+06 1.60338e+06
1.58281e+06 1.55922e+06 1.63965e+06 1.59731e+06
1.61564e+06 1.53006e+06 1.62882e+06 1.59228e+06
1.6222e+06 1.53402e+06 1.61479e+06 1.59414e+06
1.58166e+06 1.54181e+06 1.61095e+06 1.62117e+06
1.6147e+06 1.55492e+06 1.54409e+06 1.66479e+06
1.64964e+06 1.58766e+06 1.59804e+06 1.56238e+06
1.61228e+06 1.59695e+06 1.60037e+06 1.56931e+06
1.5976e+06 1.60125e+06 1.56084e+06 1.58437e+06
1.59917e+06 1.56048e+06 1.60269e+06 1.6042e+06
1.55497e+06 1.58393e+06 1.60806e+06 1.58526e+06
1.57424e+06 1.57532e+06 1.58573e+06 1.63748e+06
1.60852e+06 1.58433e+06 1.62703e+06 1.56722e+06
1.57971e+06 1.5333e+06 1.61742e+06 1.63902e+06
1.65038e+06 1.56131e+06 1.55035e+06 1.61449e+06
1.5735e+06 1.5472e+06 1.6115e+06 1.61642e+06
1.59154e+06 1.59184e+06 1.63171e+06 1.57568e+06
1.66539e+06 1.55987e+06 1.57246e+06 1.59101e+06
1.62568e+06 1.5716e+06 1.60043e+06 1.56984e+06
1.59595e+06 1.57108e+06 1.61389e+06 1.57361e+06
1.66337e+06 1.54964e+06 1.59325e+06 1.59078e+06
1.64746e+06 1.52766e+06 1.59655e+06 1.58813e+06
1.5645e+06 1.57616e+06 1.57307e+06 1.60699e+06
1.60894e+06 1.58456e+06 1.60704e+06 1.5803e+06
1.62878e+06 1.5476e+06 1.61103e+06 1.59945e+06
1.60646e+06 1.5975e+06 1.58994e+06 1.57645e+06
1.61287e+06 1.55873e+06 1.57552e+06 1.60636e+06
1.58995e+06 1.54351e+06 1.61775e+06 1.60832e+06
1.56301e+06 1.58002e+06 1.5953e+06 1.63706e+06
1.63061e+06 1.55326e+06 1.57358e+06 1.61448e+06
1.6435e+06 1.58381e+06 1.57275e+06 1.58144e+06
1.57971e+06 1.5333e+06 1.61742e+06 1.63902e+06
1.64694e+06 1.57999e+06 1.58814e+06 1.56508e+06
1.6186e+06 1.60958e+06 1.58391e+06 1.5643e+06
1.6612e+06 1.5503e+06 1.63196e+06 1.56207e+06
1.56396e+06 1.54013e+06 1.63778e+06 1.66054e+06
1.53811e+06 1.61341e+06 1.63461e+06 1.62674e+06
1.6612e+06 1.5503e+06 1.63196e+06 1.56207e+06
1.6186e+06 1.60958e+06 1.58391e+06 1.5643e+06
1.63773e+06 1.51875e+06 1.57551e+06 1.61707e+06
1.6147e+06 1.55492e+06 1.54409e+06 1.66479e+06
1.61849e+06 1.57226e+06 1.60442e+06 1.5852e+06
1.56481e+06 1.59084e+06 1.57872e+06 1.59814e+06
1.58023e+06 1.55536e+06 1.60563e+06 1.61484e+06
1.60293e+06 1.58764e+06 1.54317e+06 1.68004e+06
1.58949e+06 1.56099e+06 1.56392e+06 1.60828e+06
1.59207e+06 1.5381e+06 1.63798e+06 1.61914e+06
1.5995e+06 1.55655e+06 1.58973e+06 1.61471e+06
1.60977e+06 1.53414e+06 1.67196e+06 1.58154e+06
1.59094e+06 1.55437e+06 1.59752e+06 1.61501e+06
1.58281e+06 1.55922e+06 1.63965e+06 1.59731e+06
1.5735e+06 1.5472e+06 1.6115e+06 1.61642e+06
1.58836e+06 1.60804e+06 1.58523e+06 1.57519e+06
1.58995e+06 1.54351e+06 1.61775e+06 1.60832e+06
1.57407e+06 1.55289e+06 1.67091e+06 1.59346e+06
1.57573e+06 1.5557e+06 1.62117e+06 1.6112e+06
1.63402e+06 1.56231e+06 1.59228e+06 1.59388e+06
1.57799e+06 1.56655e+06 1.60504e+06 1.60037e+06
1.56641e+06 1.61399e+06 1.63121e+06 1.57086e+06
1.64029e+06 1.58881e+06 1.58232e+06 1.57882e+06
1.6435e+06 1.58381e+06 1.57275e+06 1.58144e+06
1.61849e+06 1.57226e+06 1.60442e+06 1.5852e+06
1.62286e+06 1.51141e+06 1.62515e+06 1.58763e+06
1.55421e+06 1.57728e+06 1.61873e+06 1.63721e+06
1.62353e+06 1.59062e+06 1.54944e+06 1.58116e+06
1.63731e+06 1.57502e+06 1.57848e+06 1.58351e+06
1.62816e+06 1.55441e+06 1.58547e+06 1.60838e+06
1.61805e+06 1.54103e+06 1.60505e+06 1.6048e+06
1.62816e+06 1.55441e+06 1.58547e+06 1.60838e+06
1.61515e+06 1.55676e+06 1.60296e+06 1.59512e+06
1.61103e+06 1.58453e+06 1.63187e+06 1.56403e+06
1.56747e+06 1.55807e+06 1.5891e+06 1.64204e+06
1.6217e+06 1.55841e+06 1.57207e+06 1.60473e+06
1.59857e+06 1.6078e+06 1.62111e+06 1.56856e+06
1.61695e+06 1.59902e+06 1.59896e+06 1.57365e+06
1.64272e+06 1.54416e+06 1.5995e+06 1.60396e+06
1.59857e+06 1.6078e+06 1.62111e+06 1.56856e+06
1.60852e+06 1.58433e+06 1.62703e+06 1.56722e+06
1.59507e+06 1.61531e+06 1.55597e+06 1.56919e+06
1.61048e+06 1.58994e+06 1.57822e+06 1.57974e+06
1.56299e+06 1.6349e+06 1.57686e+06 1.62334e+06
1.56747e+06 1.55807e+06 1.5891e+06 1.64204e+06
1.57934e+06 1.59134e+06 1.6289e+06 1.58145e+06
1.56592e+06 1.54232e+06 1.65988e+06 1.59719e+06
1.55674e+06 1.58286e+06 1.61468e+06 1.59017e+06
1.61515e+06 1.55676e+06 1.60296e+06 1.59512e+06
1.5819e+06 1.5573e+06 1.61735e+06 1.59804e+06
1.6186e+06 1.60958e+06 1.58391e+06 1.5643e+06
1.60646e+06 1.5975e+06 1.58994e+06 1.57645e+06
1.61181e+06 1.63954e+06 1.61155e+06 1.55422e+06
1.56299e+06 1.6349e+06 1.57686e+06 1.62334e+06
1.58035e+06 1.54961e+06 1.61046e+06 1.61958e+06
1.62878e+06 1.5476e+06 1.61103e+06 1.59945e+06
1.62711e+06 1.52663e+06 1.61169e+06 1.62219e+06
1.60293e+06 1.58764e+06 1.54317e+06 1.68004e+06
1.67419e+06 1.52799e+06 1.65573e+06 1.65238e+06
1.65204e+06 1.59291e+06 1.56138e+06 1.60413e+06
1.6497e+06 1.62022e+06 1.62179e+06 1.56606e+06
1.63861e+06 1.64108e+06 1.61111e+06 1.5886e+06
1.60474e+06 1.56258e+06 1.6811e+06 1.63394e+06
1.60306e+06 1.61415e+06 1.58283e+06 1.6698e+06
1.55715e+06 1.61393e+06 1.60615e+06 1.61761e+06
1.6411e+06 1.54781e+06 1.61679e+06 1.62174e+06
1.64505e+06 1.55162e+06 1.62068e+06 1.57648e+06
1.63529e+06 1.5564e+06 1.61559e+06 1.66075e+06
1.5815e+06 1.58493e+06 1.64504e+06 1.62913e+06
1.63057e+06 1.53581e+06 1.6292e+06 1.63733e+06
1.65138e+06 1.63358e+06 1.57965e+06 1.60101e+06
1.63832e+06 1.62112e+06 1.62753e+06 1.58078e+06
1.63137e+06 1.57084e+06 1.56762e+06 1.62637e+06
1.58909e+06 1.56752e+06 1.60616e+06 1.64453e+06
1.59779e+06 1.60033e+06 1.58463e+06 1.60116e+06
1.6189e+06 1.62256e+06 1.57809e+06 1.62994e+06
1.62604e+06 1.57356e+06 1.60478e+06 1.59246e+06
1.623e+06 1.52917e+06 1.65243e+06 1.65098e+06
1.64177e+06 1.57336e+06 1.59456e+06 1.60992e+06
1.61511e+06 1.60457e+06 1.58259e+06 1.61415e+06
1.56714e+06 1.59193e+06 1.6423e+06 1.63102e+06
1.59837e+06 1.56399e+06 1.61066e+06 1.62485e+06
1.57664e+06 1.56696e+06 1.63612e+06 1.66352e+06
1.62193e+06 1.62196e+06 1.59101e+06 1.59767e+06
1.62947e+06 1.56275e+06 1.57274e+06 1.63998e+06
1.57454e+06 1.59274e+06 1.61332e+06 1.63866e+06
1.58321e+06 1.58242e+06 1.62377e+06 1.59638e+06
1.60313e+06 1.59244e+06 1.6026e+06 1.61158e+06
1.57842e+06 1.59818e+06 1.61978e+06 1.60754e+06
1.62894e+06 1.55516e+06 1.63249e+06 1.61005e+06
1.61074e+06 1.57826e+06 1.60403e+06 1.6113e+06
1.6168e+06 1.5699e+06 1.6365e+06 1.58931e+06
1.58436e+06 1.57902e+06 1.60434e+06 1.66582e+06
1.58699e+06 1.60078e+06 1.60379e+06 1.59047e+06
1.5672e+06 1.597e+06 1.60594e+06 1.64384e+06
1.60575e+06 1.59192e+06 1.60562e+06 1.63285e+06
1.61362e+06 1.58252e+06 1.6027e+06 1.65029e+06
1.58848e+06 1.57133e+06 1.6526e+06 1.64358e+06
1.6196e+06 1.60403e+06 1.5743e+06 1.6326e+06
1.64361e+06 1.58306e+06 1.64118e+06 1.58874e+06
1.62273e+06 1.58167e+06 1.58071e+06 1.60626e+06
1.58304e+06 1.57858e+06 1.63377e+06 1.63544e+06
1.58798e+06 1.58313e+06 1.61393e+06 1.61449e+06
1.61973e+06 1.5684e+06 1.61284e+06 1.60014e+06
1.62946e+06 1.59469e+06 1.60281e+06 1.60326e+06
1.61915e+06 1.5329e+06 1.61601e+06 1.64369e+06
1.60635e+06 1.57831e+06 1.60981e+06 1.63224e+06
1.60782e+06 1.59789e+06 1.61092e+06 1.59776e+06
1.62261e+06 1.58472e+06 1.5846e+06 1.6083e+06
1.63913e+06 1.5521e+06 1.6045e+06 1.59769e+06
1.61538e+06 1.57957e+06 1.57845e+06 1.63227e+06
1.6139e+06 1.55577e+06 1.61574e+06 1.59892e+06
1.6866e+06 1.60867e+06 1.57652e+06 1.61894e+06
1.64765e+06 1.6048e+06 1.6293e+06 1.59e+06
1.64209e+06 1.60343e+06 1.57555e+06 1.66735e+06
1.62654e+06 1.55096e+06 1.62388e+06 1.65976e+06
1.61156e+06 1.63364e+06 1.59311e+06 1.67678e+06
1.6082e+06 1.59007e+06 1.64571e+06 1.62502e+06
1.59882e+06 1.66329e+06 1.59781e+06 1.66368e+06
1.5833e+06 1.59924e+06 1.61986e+06 1.66965e+06
1.65993e+06 1.58836e+06 1.59378e+06 1.60887e+06
1.6356e+06 1.64819e+06 1.57762e+06 1.64936e+06
1.64961e+06 1.57664e+06 1.57564e+06 1.63468e+06
1.62506e+06 1.65128e+06 1.62605e+06 1.59369e+06
1.62269e+06 1.63938e+06 1.5956e+06 1.60701e+06
1.60124e+06 1.62118e+06 1.60936e+06 1.60387e+06
1.65973e+06 1.56414e+06 1.58833e+06 1.64589e+06
1.61558e+06 1.58435e+06 1.61791e+06 1.59968e+06
1.60307e+06 1.63338e+06 1.5994e+06 1.64544e+06
1.62481e+06 1.55704e+06 1.62109e+06 1.62317e+06
1.62894e+06 1.62103e+06 1.59131e+06 1.62919e+06
1.63253e+06 1.6132e+06 1.58381e+06 1.65389e+06
1.62944e+06 1.56101e+06 1.6361e+06 1.61593e+06
1.5916e+06 1.59005e+06 1.62495e+06 1.65839e+06
1.65893e+06 1.6339e+06 1.60533e+06 1.59628e+06
1.61172e+06 1.58996e+06 1.64435e+06 1.61528e+06
1.59642e+06 1.59252e+06 1.61432e+06 1.61689e+06
1.6109e+06 1.6172e+06 1.59924e+06 1.65012e+06
1.61959e+06 1.59213e+06 1.63946e+06 1.59739e+06
1.62656e+06 1.58606e+06 1.60084e+06 1.63711e+06
1.59965e+06 1.63524e+06 1.61187e+06 1.62007e+06
1.62245e+06 1.60595e+06 1.57994e+06 1.66361e+06
1.62849e+06 1.5725e+06 1.64482e+06 1.61596e+06
1.60153e+06 1.58074e+06 1.61936e+06 1.64139e+06
1.5871e+06 1.59528e+06 1.63138e+06 1.61085e+06
1.61216e+06 1.59442e+06 1.63224e+06 1.61021e+06
1.62642e+06 1.61335e+06 1.6064e+06 1.59767e+06
1.64209e+06 1.60882e+06 1.58217e+06 1.61128e+06
1.61989e+06 1.57436e+06 1.62712e+06 1.6223e+06
1.60944e+06 1.60302e+06 1.60403e+06 1.61694e+06
1.61845e+06 1.58319e+06 1.63825e+06 1.62305e+06
1.60111e+06 1.63437e+06 1.6063e+06 1.67021e+06
1.60321e+06 1.60061e+06 1.6247e+06 1.60397e+06
1.64585e+06 1.58138e+06 1.61093e+06 1.66164e+06
1.63154e+06 1.59983e+06 1.58682e+06 1.60757e+06
1.60638e+06 1.5962e+06 1.61108e+06 1.62277e+06
1.62151e+06 1.58093e+06 1.58798e+06 1.66381e+06
1.60047e+06 1.57935e+06 1.62924e+06 1.63733e+06
1.59666e+06 1.61161e+06 1.60963e+06 1.62837e+06
1.64374e+06 1.58021e+06 1.62577e+06 1.60767e+06
1.60705e+06 1.60373e+06 1.60988e+06 1.62143e+06
1.62365e+06 1.58078e+06 1.61685e+06 1.65844e+06
1.63311e+06 1.58514e+06 1.60592e+06 1.63854e+06
1.64823e+06 1.59984e+06 1.58196e+06 1.65956e+06
1.62836e+06 1.60198e+06 1.58364e+06 1.67014e+06
1.60862e+06 1.60502e+06 1.61691e+06 1.59513e+06
1.62648e+06 1.60274e+06 1.6057e+06 1.62787e+06
1.62863e+06 1.59382e+06 1.59935e+06 1.63894e+06
1.60941e+06 1.58041e+06 1.63128e+06 1.62858e+06
1.64795e+06 1.58204e+06 1.59884e+06 1.60926e+06
1.61126e+06 1.60511e+06 1.59452e+06 1.61032e+06
1.64646e+06 1.58241e+06 1.5997e+06 1.61012e+06
1.63019e+06 1.58269e+06 1.62484e+06 1.61009e+06
1.6867e+06 1.58418e+06 1.61696e+06 1.61831e+06
1.64959e+06 1.60684e+06 1.58722e+06 1.6528e+06
1.62785e+06 1.55598e+06 1.62648e+06 1.68963e+06
1.62645e+06 1.64147e+06 1.58909e+06 1.66764e+06
1.62097e+06 1.60407e+06 1.6396e+06 1.59928e+06
1.60861e+06 1.60619e+06 1.68083e+06 1.61013e+06
1.59552e+06 1.62928e+06 1.63896e+06 1.69152e+06
1.66042e+06 1.60379e+06 1.62092e+06 1.60315e+06
1.64078e+06 1.59662e+06 1.66997e+06 1.60056e+06
1.62162e+06 1.59302e+06 1.65506e+06 1.64754e+06
1.59941e+06 1.60152e+06 1.6402e+06 1.68142e+06
1.65894e+06 1.58709e+06 1.58821e+06 1.66095e+06
1.63352e+06 1.58144e+06 1.61132e+06 1.6645e+06
1.63927e+06 1.61275e+06 1.59287e+06 1.62609e+06
1.62098e+06 1.62551e+06 1.60187e+06 1.61054e+06
1.65223e+06 1.59144e+06 1.60455e+06 1.61112e+06
1.63015e+06 1.58832e+06 1.61146e+06 1.65283e+06
1.63274e+06 1.56282e+06 1.64614e+06 1.6277e+06
1.61964e+06 1.63054e+06 1.62294e+06 1.6003e+06
1.61602e+06 1.60252e+06 1.61752e+06 1.67673e+06
1.60559e+06 1.61732e+06 1.64635e+06 1.61487e+06
1.6256e+06 1.57642e+06 1.63662e+06 1.63397e+06
1.613e+06 1.60859e+06 1.59471e+06 1.63444e+06
1.59952e+06 1.60638e+06 1.64182e+06 1.63357e+06
1.65408e+06 1.61101e+06 1.61784e+06 1.60967e+06
1.6175e+06 1.61776e+06 1.63644e+06 1.59984e+06
1.60755e+06 1.62666e+06 1.6149e+06 1.64746e+06
1.62493e+06 1.56518e+06 1.64097e+06 1.64329e+06
1.61207e+06 1.5966e+06 1.63458e+06 1.6196e+06
1.62159e+06 1.59365e+06 1.65001e+06 1.61588e+06
1.62845e+06 1.5697e+06 1.64961e+06 1.6389e+06
1.64991e+06 1.56997e+06 1.62458e+06 1.62837e+06
1.61436e+06 1.60823e+06 1.61816e+06 1.65007e+06
1.62708e+06 1.58452e+06 1.62457e+06 1.62233e+06
1.62525e+06 1.58262e+06 1.63114e+06 1.62913e+06
1.63956e+06 1.59664e+06 1.62381e+06 1.6024e+06
1.62935e+06 1.5823e+06 1.62696e+06 1.66507e+06
1.62182e+06 1.59178e+06 1.62587e+06 1.64241e+06
1.62042e+06 1.59601e+06 1.62227e+06 1.63937e+06
1.62432e+06 1.60456e+06 1.61795e+06 1.61391e+06
1.62858e+06 1.60889e+06 1.63111e+06 1.60306e+06
1.60741e+06 1.61056e+06 1.64038e+06 1.62722e+06
1.61516e+06 1.60662e+06 1.64814e+06 1.61942e+06
1.61492e+06 1.60288e+06 1.61734e+06 1.62614e+06
1.67508e+06 1.5989e+06 1.6815e+06 1.6054e+06
1.64041e+06 1.55862e+06 1.62667e+06 1.69708e+06
1.63417e+06 1.6473e+06 1.60589e+06 1.63919e+06
1.6242e+06 1.61772e+06 1.59667e+06 1.65938e+06
1.61843e+06 1.61882e+06 1.64908e+06 1.60196e+06
1.60238e+06 1.60827e+06 1.66403e+06 1.67093e+06
1.66311e+06 1.56947e+06 1.64701e+06 1.64254e+06
1.63992e+06 1.59554e+06 1.61878e+06 1.6785e+06
1.65934e+06 1.58252e+06 1.62914e+06 1.65747e+06
1.62216e+06 1.61094e+06 1.60522e+06 1.68935e+06
1.61119e+06 1.62409e+06 1.6531e+06 1.62488e+06
1.61449e+06 1.61756e+06 1.66819e+06 1.63627e+06
1.6333e+06 1.63994e+06 1.59866e+06 1.6543e+06
1.62795e+06 1.63134e+06 1.62843e+06 1.61138e+06
1.64653e+06 1.59041e+06 1.65951e+06 1.65142e+06
1.64309e+06 1.60078e+06 1.62791e+06 1.66559e+06
1.64604e+06 1.60523e+06 1.66357e+06 1.626e+06
1.63781e+06 1.62848e+06 1.61635e+06 1.61923e+06
1.64646e+06 1.58673e+06 1.63642e+06 1.66606e+06
1.64975e+06 1.61546e+06 1.61819e+06 1.64558e+06
1.66971e+06 1.58987e+06 1.62996e+06 1.63212e+06
1.61732e+06 1.64297e+06 1.62367e+06 1.6361e+06
1.66945e+06 1.60966e+06 1.6429e+06 1.63017e+06
1.65278e+06 1.62114e+06 1.6141e+06 1.61249e+06
1.62175e+06 1.62394e+06 1.63886e+06 1.64951e+06
1.65548e+06 1.62008e+06 1.60917e+06 1.62242e+06
1.66628e+06 1.60029e+06 1.62991e+06 1.65372e+06
1.65821e+06 1.6112e+06 1.61315e+06 1.61655e+06
1.65211e+06 1.62582e+06 1.6101e+06 1.62875e+06
1.65052e+06 1.62723e+06 1.60733e+06 1.61791e+06
1.62835e+06 1.64028e+06 1.61131e+06 1.63241e+06
1.61225e+06 1.62486e+06 1.64912e+06 1.63779e+06
1.6313e+06 1.61036e+06 1.64113e+06 1.65142e+06
1.663e+06 1.59035e+06 1.63348e+06 1.64308e+06
1.61736e+06 1.622e+06 1.62177e+06 1.64982e+06
1.64981e+06 1.61266e+06 1.62054e+06 1.6375e+06
1.61927e+06 1.61085e+06 1.62401e+06 1.64969e+06
1.61588e+06 1.62469e+06 1.64083e+06 1.64136e+06
1.61567e+06 1.62019e+06 1.64758e+06 1.62154e+06
1.6286e+06 1.61824e+06 1.61273e+06 1.63692e+06
1.65019e+06 1.6074e+06 1.64223e+06 1.63818e+06
1.62842e+06 1.62438e+06 1.63264e+06 1.64327e+06
1.69786e+06 1.62044e+06 1.67145e+06 1.60501e+06
1.65015e+06 1.59931e+06 1.63919e+06 1.67143e+06
1.64833e+06 1.63605e+06 1.65376e+06 1.6086e+06
1.63908e+06 1.62091e+06 1.61635e+06 1.64023e+06
1.62042e+06 1.61262e+06 1.64527e+06 1.68192e+06
1.61986e+06 1.61939e+06 1.63451e+06 1.66001e+06
1.66732e+06 1.6197e+06 1.63278e+06 1.62246e+06
1.62003e+06 1.62192e+06 1.6452e+06 1.65663e+06
1.66563e+06 1.60832e+06 1.63903e+06 1.66389e+06
1.65445e+06 1.62046e+06 1.64831e+06 1.62707e+06
1.66456e+06 1.66432e+06 1.63629e+06 1.64143e+06
1.64342e+06 1.62168e+06 1.63103e+06 1.65142e+06
1.66277e+06 1.63082e+06 1.64002e+06 1.69087e+06
