32 3.17238
1.64735e+06 1.55308e+06 1.57327e+06 1.61022e+06
1.62534e+06 1.57501e+06 1.61604e+06 1.5388e+06
1.59603e+06 1.57129e+06 1.53495e+06 1.63096e+06
1.62716e+06 1.51295e+06 1.60926e+06 1.63139e+06
1.65678e+06 1.56532e+06 1.59264e+06 1.54016e+06
1.55477e+06 1.63465e+06 1.58256e+06 1.62098e+06
1.59729e+06 1.60213e+06 1.56855e+06 1.5876e+06
1.6232e+06 1.54743e+06 1.63018e+06 1.56699e+06
1.57696e+06 1.57252e+06 1.58108e+06 1.62879e+06
1.6141e+06 1.58064e+06 1.56996e+06 1.55571e+06
1.5614e+06 1.5781e+06 1.59435e+06 1.60847e+06
1.5513e+06 1.5649e+06 1.58953e+06 1.64507e+06
1.53721e+06 1.57918e+06 1.61194e+06 1.66174e+06
1.58121e+06 1.56366e+06 1.56384e+06 1.66089e+06
1.60473e+06 1.59664e+06 1.59965e+06 1.5367e+06
1.57139e+06 1.58484e+06 1.63089e+06 1.55199e+06
1.59568e+06 1.54076e+06 1.61018e+06 1.59828e+06
1.59555e+06 1.54512e+06 1.54984e+06 1.64174e+06
1.55358e+06 1.57075e+06 1.55364e+06 1.66224e+06
1.61634e+06 1.53085e+06 1.57804e+06 1.64721e+06
1.5892e+06 1.58904e+06 1.56333e+06 1.59472e+06
1.64363e+06 1.55237e+06 1.61083e+06 1.56575e+06
1.59577e+06 1.58976e+06 1.58296e+06 1.57357e+06
1.58235e+06 1.56809e+06 1.56939e+06 1.63839e+06
1.6095e+06 1.53141e+06 1.6324e+06 1.60195e+06
1.56349e+06 1.61217e+06 1.63505e+06 1.5713e+06
1.52988e+06 1.61836e+06 1.59786e+06 1.64513e+06
1.54486e+06 1.58957e+06 1.6048e+06 1.6167e+06
1.59201e+06 1.55322e+06 1.57645e+06 1.62217e+06
1.59576e+06 1.53609e+06 1.61585e+06 1.59178e+06
1.63074e+06 1.56051e+06 1.58349e+06 1.56354e+06
1.56778e+06 1.60738e+06 1.58208e+06 1.58917e+06
1.56037e+06 1.5496e+06 1.59519e+06 1.64714e+06
1.58972e+06 1.6159e+06 1.54065e+06 1.61506e+06
1.63111e+06 1.50558e+06 1.57015e+06 1.64017e+06
1.53514e+06 1.5846e+06 1.61122e+06 1.65314e+06
1.64555e+06 1.57385e+06 1.52901e+06 1.61891e+06
1.62428e+06 1.57193e+06 1.64041e+06 1.5493e+06
1.59977e+06 1.59494e+06 1.64372e+06 1.54701e+06
1.55183e+06 1.5733e+06 1.58704e+06 1.64179e+06
1.55596e+06 1.58316e+06 1.62433e+06 1.57302e+06
1.64715e+06 1.54093e+06 1.61974e+06 1.56694e+06
1.63304e+06 1.61512e+06 1.615e+06 1.52969e+06
1.59576e+06 1.64659e+06 1.5402e+06 1.61661e+06
1.66549e+06 1.61292e+06 1.5404e+06 1.58458e+06
1.62816e+06 1.55367e+06 1.58094e+06 1.59824e+06
1.59557e+06 1.60026e+06 1.58971e+06 1.55509e+06
1.62406e+06 1.54481e+06 1.58878e+06 1.58812e+06
1.5427e+06 1.59082e+06 1.6349e+06 1.63975e+06
1.53602e+06 1.59485e+06 1.6126e+06 1.6508e+06
1.53876e+06 1.59585e+06 1.63302e+06 1.63332e+06
1.58757e+06 1.54414e+06 1.54892e+06 1.64917e+06
1.61282e+06 1.56427e+06 1.55157e+06 1.58119e+06
1.59309e+06 1.58854e+06 1.5832e+06 1.58198e+06
1.56364e+06 1.60407e+06 1.60735e+06 1.5715e+06
1.66169e+06 1.53717e+06 1.5812e+06 1.58862e+06
1.58837e+06 1.52033e+06 1.62063e+06 1.61315e+06
1.58651e+06 1.54058e+06 1.61548e+06 1.59961e+06
1.53178e+06 1.60133e+06 1.6568e+06 1.62626e+06
1.60639e+06 1.5845e+06 1.59013e+06 1.54177e+06
1.6127e+06 1.55547e+06 1.5621e+06 1.61321e+06
1.62881e+06 1.51205e+06 1.61825e+06 1.63181e+06
1.60448e+06 1.53312e+06 1.62409e+06 1.59326e+06
1.67561e+06 1.61836e+06 1.54387e+06 1.57471e+06
1.56365e+06 1.56466e+06 1.58498e+06 1.62868e+06
1.64268e+06 1.55016e+06 1.62083e+06 1.56832e+06
1.5335e+06 1.61954e+06 1.59409e+06 1.65366e+06
1.54613e+06 1.59326e+06 1.58342e+06 1.65755e+06
1.61796e+06 1.61461e+06 1.53715e+06 1.61201e+06
1.54685e+06 1.5422e+06 1.6213e+06 1.63458e+06
1.57419e+06 1.52786e+06 1.60739e+06 1.6174e+06
1.66659e+06 1.61544e+06 1.54669e+06 1.57687e+06
1.60884e+06 1.55071e+06 1.54973e+06 1.61508e+06
1.56268e+06 1.52708e+06 1.61404e+06 1.60572e+06
1.61609e+06 1.50964e+06 1.656e+06 1.5953e+06
1.55281e+06 1.58726e+06 1.60256e+06 1.58003e+06
1.56382e+06 1.60912e+06 1.62151e+06 1.56989e+06
1.59239e+06 1.63747e+06 1.56606e+06 1.57668e+06
1.55534e+06 1.55683e+06 1.60839e+06 1.64727e+06
1.58396e+06 1.6156e+06 1.591e+06 1.54107e+06
1.61982e+06 1.56911e+06 1.54454e+06 1.64024e+06
1.61251e+06 1.54296e+06 1.60453e+06 1.59363e+06
1.5681e+06 1.55073e+06 1.5851e+06 1.56602e+06
1.5505e+06 1.57076e+06 1.5452e+06 1.66676e+06
1.54187e+06 1.56258e+06 1.64761e+06 1.62002e+06
1.59909e+06 1.53369e+06 1.6069e+06 1.60462e+06
1.6131e+06 1.54452e+06 1.59336e+06 1.57265e+06
1.63331e+06 1.54797e+06 1.57551e+06 1.61124e+06
1.60438e+06 1.53313e+06 1.62011e+06 1.59773e+06
1.62514e+06 1.51517e+06 1.60106e+06 1.6015e+06
1.63168e+06 1.53376e+06 1.57576e+06 1.61563e+06
1.63327e+06 1.58381e+06 1.52495e+06 1.60742e+06
1.62408e+06 1.53765e+06 1.56192e+06 1.61534e+06
1.59402e+06 1.57248e+06 1.55608e+06 1.60391e+06
1.56566e+06 1.56969e+06 1.58267e+06 1.62935e+06
1.59154e+06 1.59382e+06 1.56479e+06 1.58932e+06
1.66043e+06 1.53778e+06 1.57009e+06 1.58964e+06
1.57987e+06 1.56779e+06 1.58457e+06 1.58359e+06
1.58571e+06 1.55831e+06 1.56708e+06 1.59756e+06
1.56447e+06 1.54532e+06 1.58661e+06 1.58854e+06
1.60001e+06 1.61548e+06 1.58677e+06 1.56319e+06
1.59633e+06 1.57702e+06 1.54299e+06 1.58887e+06
1.66949e+06 1.52201e+06 1.59627e+06 1.61368e+06
1.58063e+06 1.56942e+06 1.58299e+06 1.58683e+06
1.54471e+06 1.59106e+06 1.59675e+06 1.63823e+06
1.56171e+06 1.57631e+06 1.5539e+06 1.6552e+06
1.57666e+06 1.54384e+06 1.60909e+06 1.6105e+06
1.62062e+06 1.56133e+06 1.56072e+06 1.59459e+06
1.64061e+06 1.5716e+06 1.61958e+06 1.55611e+06
1.56612e+06 1.54475e+06 1.56859e+06 1.64068e+06
1.65839e+06 1.59139e+06 1.61806e+06 1.53363e+06
1.56061e+06 1.54395e+06 1.60052e+06 1.57336e+06
1.61133e+06 1.55447e+06 1.56384e+06 1.57522e+06
1.53611e+06 1.57226e+06 1.66002e+06 1.59054e+06
1.54029e+06 1.59295e+06 1.6002e+06 1.59494e+06
1.53687e+06 1.59803e+06 1.592e+06 1.6273e+06
1.57392e+06 1.5727e+06 1.57605e+06 1.62368e+06
1.59382e+06 1.59136e+06 1.56309e+06 1.58859e+06
1.57057e+06 1.61169e+06 1.56532e+06 1.58304e+06
1.65219e+06 1.58012e+06 1.53964e+06 1.61653e+06
1.59733e+06 1.54332e+06 1.64636e+06 1.56205e+06
1.60162e+06 1.57781e+06 1.58914e+06 1.54192e+06
1.63904e+06 1.53398e+06 1.56974e+06 1.64499e+06
1.65935e+06 1.5542e+06 1.59524e+06 1.53432e+06
1.63999e+06 1.59916e+06 1.54837e+06 1.58153e+06
1.56439e+06 1.55903e+06 1.59689e+06 1.62526e+06
1.58624e+06 1.61923e+06 1.5282e+06 1.64207e+06
1.56939e+06 1.59226e+06 1.63066e+06 1.56298e+06
1.53523e+06 1.59306e+06 1.62e+06 1.65304e+06
1.60942e+06 1.53648e+06 1.58924e+06 1.61796e+06
1.6043e+06 1.61854e+06 1.57834e+06 1.56754e+06
1.61978e+06 1.55765e+06 1.55835e+06 1.61466e+06
1.56666e+06 1.58539e+06 1.56896e+06 1.59475e+06
1.56709e+06 1.61114e+06 1.57038e+06 1.59342e+06
1.65144e+06 1.54173e+06 1.57561e+06 1.57933e+06
1.59268e+06 1.58414e+06 1.58483e+06 1.57009e+06
1.63374e+06 1.60141e+06 1.55022e+06 1.57249e+06
1.61543e+06 1.54846e+06 1.58491e+06 1.59263e+06
1.64688e+06 1.52934e+06 1.5632e+06 1.61163e+06
1.6249e+06 1.61344e+06 1.56683e+06 1.55409e+06
1.56133e+06 1.55333e+06 1.59225e+06 1.65529e+06
1.59581e+06 1.53693e+06 1.59478e+06 1.61239e+06
1.55186e+06 1.57399e+06 1.60255e+06 1.59925e+06
1.60478e+06 1.56676e+06 1.58356e+06 1.56636e+06
1.58779e+06 1.53051e+06 1.59631e+06 1.62375e+06
1.5965e+06 1.60319e+06 1.54193e+06 1.59281e+06
1.54617e+06 1.56645e+06 1.61108e+06 1.59043e+06
1.56597e+06 1.55576e+06 1.58469e+06 1.68545e+06
1.57821e+06 1.5532e+06 1.58156e+06 1.59975e+06
1.60318e+06 1.60717e+06 1.54587e+06 1.5811e+06
1.60811e+06 1.54223e+06 1.56742e+06 1.61933e+06
1.54294e+06 1.57603e+06 1.60735e+06 1.57533e+06
1.641e+06 1.56077e+06 1.54183e+06 1.61784e+06
1.61029e+06 1.56146e+06 1.57791e+06 1.5896e+06
1.60133e+06 1.55636e+06 1.5807e+06 1.60806e+06
1.5605e+06 1.57284e+06 1.55993e+06 1.61108e+06
1.5577e+06 1.58364e+06 1.55411e+06 1.59512e+06
1.54788e+06 1.57851e+06 1.57466e+06 1.62219e+06
1.58759e+06 1.57938e+06 1.63418e+06 1.55675e+06
1.6189e+06 1.55314e+06 1.5691e+06 1.60144e+06
1.63624e+06 1.52322e+06 1.64259e+06 1.57845e+06
1.60379e+06 1.53658e+06 1.62482e+06 1.58875e+06
1.62586e+06 1.52327e+06 1.60367e+06 1.59375e+06
1.54473e+06 1.59915e+06 1.58245e+06 1.63764e+06
1.59876e+06 1.58119e+06 1.58189e+06 1.58088e+06
1.59364e+06 1.58468e+06 1.5483e+06 1.60978e+06
1.62846e+06 1.58608e+06 1.61515e+06 1.54093e+06
1.62139e+06 1.5127e+06 1.61301e+06 1.63027e+06
1.59292e+06 1.54804e+06 1.57426e+06 1.61953e+06
1.65697e+06 1.61793e+06 1.54005e+06 1.5891e+06
1.61256e+06 1.52749e+06 1.59312e+06 1.57509e+06
1.58056e+06 1.58154e+06 1.60625e+06 1.55728e+06
1.53508e+06 1.60862e+06 1.61299e+06 1.63554e+06
1.60665e+06 1.5402e+06 1.61443e+06 1.59522e+06
1.56506e+06 1.56596e+06 1.61231e+06 1.57004e+06
1.60427e+06 1.52908e+06 1.58164e+06 1.63008e+06
1.57696e+06 1.5472e+06 1.65094e+06 1.56399e+06
1.5791e+06 1.60538e+06 1.58175e+06 1.58811e+06
1.62941e+06 1.54947e+06 1.52519e+06 1.62111e+06
1.59672e+06 1.54519e+06 1.54955e+06 1.64272e+06
1.62238e+06 1.55723e+06 1.54719e+06 1.59084e+06
1.60686e+06 1.55649e+06 1.57452e+06 1.60268e+06
1.60744e+06 1.54677e+06 1.57647e+06 1.63139e+06
1.55611e+06 1.57834e+06 1.57198e+06 1.62276e+06
1.63184e+06 1.54895e+06 1.57465e+06 1.57782e+06
1.57548e+06 1.57818e+06 1.57404e+06 1.60919e+06
1.60397e+06 1.53547e+06 1.61828e+06 1.59193e+06
1.58612e+06 1.53422e+06 1.60238e+06 1.60523e+06
1.65159e+06 1.55044e+06 1.61478e+06 1.55901e+06
1.63729e+06 1.54853e+06 1.5481e+06 1.6275e+06
1.64884e+06 1.52959e+06 1.55213e+06 1.61992e+06
1.57569e+06 1.59198e+06 1.62606e+06 1.56426e+06
1.62117e+06 1.56257e+06 1.55976e+06 1.59335e+06
1.59363e+06 1.53872e+06 1.59965e+06 1.61923e+06
1.54739e+06 1.58045e+06 1.60291e+06 1.5764e+06
1.6491e+06 1.53191e+06 1.57132e+06 1.59e+06
1.59696e+06 1.55063e+06 1.56331e+06 1.61635e+06
1.66587e+06 1.57939e+06 1.58471e+06 1.53777e+06
1.54907e+06 1.58451e+06 1.59087e+06 1.62124e+06
1.61526e+06 1.52695e+06 1.58242e+06 1.59486e+06
1.61067e+06 1.56746e+06 1.55294e+06 1.55657e+06
1.62221e+06 1.64334e+06 1.54903e+06 1.57581e+06
1.58283e+06 1.5727e+06 1.56772e+06 1.58909e+06
1.60326e+06 1.53974e+06 1.66149e+06 1.56748e+06
1.58828e+06 1.53261e+06 1.60193e+06 1.60712e+06
1.56325e+06 1.59866e+06 1.5778e+06 1.59487e+06
1.68638e+06 1.6105e+06 1.5176e+06 1.68847e+06
1.54687e+06 1.566e+06 1.59065e+06 1.62931e+06
1.60531e+06 1.55881e+06 1.58207e+06 1.58104e+06
1.58902e+06 1.53524e+06 1.60044e+06 1.61656e+06
1.55528e+06 1.58945e+06 1.58042e+06 1.60623e+06
1.6542e+06 1.56552e+06 1.6095e+06 1.56261e+06
1.63113e+06 1.55521e+06 1.62924e+06 1.56531e+06
1.63521e+06 1.52821e+06 1.56358e+06 1.65e+06
1.647e+06 1.53812e+06 1.58157e+06 1.5949e+06
1.55614e+06 1.5627e+06 1.57949e+06 1.62968e+06
1.59025e+06 1.52295e+06 1.59268e+06 1.63805e+06
1.59565e+06 1.55299e+06 1.56189e+06 1.63792e+06
1.60911e+06 1.55647e+06 1.58294e+06 1.59088e+06
1.61219e+06 1.52354e+06 1.62346e+06 1.60973e+06
1.59111e+06 1.54527e+06 1.58769e+06 1.63837e+06
1.58156e+06 1.58713e+06 1.57215e+06 1.58293e+06
1.6302e+06 1.56363e+06 1.56173e+06 1.58316e+06
1.60459e+06 1.54708e+06 1.57046e+06 1.62027e+06
1.60254e+06 1.55919e+06 1.55079e+06 1.62644e+06
1.60264e+06 1.63819e+06 1.59278e+06 1.53128e+06
1.53718e+06 1.59972e+06 1.53927e+06 1.64601e+06
1.5823e+06 1.56156e+06 1.58322e+06 1.59723e+06
1.58238e+06 1.59012e+06 1.54346e+06 1.59841e+06
1.5589e+06 1.59417e+06 1.59522e+06 1.59002e+06
1.57031e+06 1.58955e+06 1.63242e+06 1.56203e+06
1.5354e+06 1.63624e+06 1.59123e+06 1.6428e+06
1.63151e+06 1.57612e+06 1.6157e+06 1.55237e+06
1.59877e+06 1.54882e+06 1.59176e+06 1.58725e+06
1.57473e+06 1.6172e+06 1.5487e+06 1.61388e+06
1.57992e+06 1.56816e+06 1.56927e+06 1.60427e+06
1.66811e+06 1.58188e+06 1.54435e+06 1.56322e+06
1.53225e+06 1.60323e+06 1.61309e+06 1.64817e+06
1.60458e+06 1.57805e+06 1.5703e+06 1.58452e+06
1.62749e+06 1.56648e+06 1.62668e+06 1.5624e+06
1.60238e+06 1.58096e+06 1.54178e+06 1.62615e+06
1.60189e+06 1.55579e+06 1.55668e+06 1.61965e+06
1.54786e+06 1.59153e+06 1.58634e+06 1.60288e+06
1.59561e+06 1.60288e+06 1.57248e+06 1.57356e+06
1.57946e+06 1.56705e+06 1.58008e+06 1.60377e+06
1.64348e+06 1.57096e+06 1.52021e+06 1.62679e+06
1.55562e+06 1.54314e+06 1.64847e+06 1.6354e+06
1.56153e+06 1.65874e+06 1.58639e+06 1.59724e+06
1.60168e+06 1.67009e+06 1.57011e+06 1.5843e+06
1.6068e+06 1.60816e+06 1.53498e+06 1.65471e+06
1.59078e+06 1.61791e+06 1.54168e+06 1.61791e+06
1.61823e+06 1.59026e+06 1.54246e+06 1.66674e+06
1.58058e+06 1.61486e+06 1.54662e+06 1.66033e+06
1.57473e+06 1.59933e+06 1.56673e+06 1.65823e+06
1.56511e+06 1.56306e+06 1.58126e+06 1.64092e+06
1.63396e+06 1.61755e+06 1.54827e+06 1.61115e+06
1.65917e+06 1.5382e+06 1.55633e+06 1.64503e+06
1.64091e+06 1.57613e+06 1.52969e+06 1.65422e+06
1.58674e+06 1.61863e+06 1.54778e+06 1.65895e+06
1.58933e+06 1.62422e+06 1.55701e+06 1.60668e+06
1.67549e+06 1.55155e+06 1.55064e+06 1.6382e+06
1.57718e+06 1.56472e+06 1.56918e+06 1.65341e+06
1.61615e+06 1.6068e+06 1.54765e+06 1.6405e+06
1.58849e+06 1.56586e+06 1.5642e+06 1.66536e+06
1.59397e+06 1.6138e+06 1.54893e+06 1.61267e+06
1.57824e+06 1.56222e+06 1.57321e+06 1.66681e+06
1.61082e+06 1.59954e+06 1.54824e+06 1.61441e+06
1.57081e+06 1.58705e+06 1.59142e+06 1.57105e+06
1.66441e+06 1.60661e+06 1.5511e+06 1.58196e+06
1.69738e+06 1.56043e+06 1.56326e+06 1.61164e+06
1.59993e+06 1.60898e+06 1.55492e+06 1.59523e+06
1.59664e+06 1.57867e+06 1.56435e+06 1.65905e+06
1.56398e+06 1.5969e+06 1.61402e+06 1.59639e+06
1.57645e+06 1.57351e+06 1.57919e+06 1.67943e+06
1.66445e+06 1.56783e+06 1.56575e+06 1.56594e+06
1.64885e+06 1.59068e+06 1.54411e+06 1.59471e+06
1.61939e+06 1.63915e+06 1.54288e+06 1.60686e+06
1.63046e+06 1.62283e+06 1.57124e+06 1.56044e+06
1.55479e+06 1.60308e+06 1.61689e+06 1.60276e+06
1.61704e+06 1.58846e+06 1.56001e+06 1.57727e+06
1.63758e+06 1.57206e+06 1.56405e+06 1.59701e+06
1.57119e+06 1.55741e+06 1.58965e+06 1.66322e+06
1.61696e+06 1.60571e+06 1.5454e+06 1.61938e+06
1.59947e+06 1.5576e+06 1.56102e+06 1.64583e+06
1.59655e+06 1.5884e+06 1.55036e+06 1.62553e+06
1.61681e+06 1.55694e+06 1.55679e+06 1.68793e+06
1.64044e+06 1.6053e+06 1.57026e+06 1.56248e+06
1.59008e+06 1.54796e+06 1.5926e+06 1.68718e+06
1.65022e+06 1.59052e+06 1.55941e+06 1.59342e+06
1.62294e+06 1.61259e+06 1.61618e+06 1.55387e+06
1.61994e+06 1.58546e+06 1.54344e+06 1.617e+06
1.56522e+06 1.61952e+06 1.59164e+06 1.59391e+06
1.57963e+06 1.64412e+06 1.55755e+06 1.64034e+06
1.59485e+06 1.59066e+06 1.558e+06 1.64271e+06
1.63431e+06 1.60431e+06 1.55785e+06 1.58999e+06
1.65698e+06 1.59129e+06 1.54915e+06 1.59179e+06
1.56626e+06 1.60601e+06 1.61389e+06 1.5717e+06
1.63782e+06 1.5912e+06 1.53496e+06 1.62619e+06
1.63406e+06 1.61135e+06 1.60278e+06 1.54246e+06
1.56443e+06 1.60669e+06 1.56632e+06 1.64118e+06
1.58402e+06 1.61041e+06 1.61486e+06 1.56207e+06
1.61825e+06 1.62974e+06 1.5632e+06 1.56678e+06
1.60263e+06 1.58354e+06 1.55703e+06 1.61549e+06
1.61054e+06 1.6126e+06 1.61687e+06 1.54079e+06
1.65241e+06 1.55589e+06 1.56617e+06 1.57623e+06
1.60435e+06 1.58646e+06 1.55245e+06 1.61945e+06
1.60221e+06 1.60616e+06 1.61737e+06 1.54996e+06
1.57807e+06 1.59505e+06 1.5715e+06 1.60309e+06
1.67306e+06 1.60123e+06 1.5547e+06 1.58444e+06
1.62641e+06 1.61845e+06 1.55594e+06 1.58598e+06
1.54456e+06 1.64076e+06 1.63559e+06 1.57847e+06
1.60811e+06 1.61376e+06 1.61687e+06 1.54888e+06
1.5562e+06 1.62936e+06 1.60383e+06 1.60535e+06
1.64041e+06 1.55089e+06 1.55946e+06 1.63761e+06
1.5801e+06 1.59401e+06 1.55766e+06 1.62211e+06
1.64023e+06 1.616e+06 1.55925e+06 1.58668e+06
1.5697e+06 1.60112e+06 1.56022e+06 1.60724e+06
1.61625e+06 1.59265e+06 1.56347e+06 1.59377e+06
1.56101e+06 1.61923e+06 1.60343e+06 1.61472e+06
1.6379e+06 1.57604e+06 1.55004e+06 1.60709e+06
1.63558e+06 1.5147e+06 1.63223e+06 1.67046e+06
1.56262e+06 1.61712e+06 1.5956e+06 1.61705e+06
1.59203e+06 1.59957e+06 1.55051e+06 1.62685e+06
1.61491e+06 1.62058e+06 1.60057e+06 1.55752e+06
1.62769e+06 1.52931e+06 1.60781e+06 1.63006e+06
1.57916e+06 1.57883e+06 1.56028e+06 1.61412e+06
1.60349e+06 1.6051e+06 1.56402e+06 1.59341e+06
1.54302e+06 1.60361e+06 1.62601e+06 1.65035e+06
1.61458e+06 1.58868e+06 1.54852e+06 1.62848e+06
1.54582e+06 1.62592e+06 1.63532e+06 1.57998e+06
1.60521e+06 1.61662e+06 1.5703e+06 1.58216e+06
1.55907e+06 1.6046e+06 1.57224e+06 1.62344e+06
1.6005e+06 1.53326e+06 1.63489e+06 1.6425e+06
1.62474e+06 1.64931e+06 1.55238e+06 1.57652e+06
1.62186e+06 1.55563e+06 1.56267e+06 1.64946e+06
1.55135e+06 1.63181e+06 1.57641e+06 1.63187e+06
1.55131e+06 1.6425e+06 1.63322e+06 1.58135e+06
1.54323e+06 1.59956e+06 1.63206e+06 1.62537e+06
1.5874e+06 1.60106e+06 1.57262e+06 1.58592e+06
1.58463e+06 1.61166e+06 1.55365e+06 1.61826e+06
1.56683e+06 1.58394e+06 1.57082e+06 1.6048e+06
1.57521e+06 1.59255e+06 1.59043e+06 1.59942e+06
1.6123e+06 1.62213e+06 1.56121e+06 1.59161e+06
1.62299e+06 1.51746e+06 1.61894e+06 1.66848e+06
1.60636e+06 1.60655e+06 1.54876e+06 1.62127e+06
1.6158e+06 1.63062e+06 1.5946e+06 1.55111e+06
1.54233e+06 1.60506e+06 1.60057e+06 1.64054e+06
1.61761e+06 1.56329e+06 1.57029e+06 1.61197e+06
1.61917e+06 1.5603e+06 1.56644e+06 1.60839e+06
1.5483e+06 1.6095e+06 1.60727e+06 1.62487e+06
1.63956e+06 1.51032e+06 1.61401e+06 1.65482e+06
1.56576e+06 1.57734e+06 1.56872e+06 1.61265e+06
1.59694e+06 1.58107e+06 1.58166e+06 1.5901e+06
1.57275e+06 1.59977e+06 1.58786e+06 1.57996e+06
1.55955e+06 1.56839e+06 1.63932e+06 1.608e+06
1.5861e+06 1.63144e+06 1.643e+06 1.55824e+06
1.64772e+06 1.55245e+06 1.55177e+06 1.61996e+06
1.5609e+06 1.60724e+06 1.5703e+06 1.61796e+06
1.54093e+06 1.61238e+06 1.60625e+06 1.59941e+06
1.59602e+06 1.62366e+06 1.57725e+06 1.57614e+06
1.58921e+06 1.54366e+06 1.59888e+06 1.629e+06
1.62621e+06 1.5239e+06 1.61507e+06 1.61426e+06
1.60225e+06 1.63586e+06 1.57716e+06 1.58285e+06
1.537e+06 1.6107e+06 1.59877e+06 1.63423e+06
1.56707e+06 1.58905e+06 1.57618e+06 1.60472e+06
1.63463e+06 1.5385e+06 1.56498e+06 1.64112e+06
1.57039e+06 1.603e+06 1.60938e+06 1.59606e+06
1.56205e+06 1.59694e+06 1.60016e+06 1.62412e+06
1.56093e+06 1.57161e+06 1.61415e+06 1.5764e+06
1.61403e+06 1.58135e+06 1.54946e+06 1.64542e+06
1.54035e+06 1.60261e+06 1.60937e+06 1.66088e+06
1.59343e+06 1.61776e+06 1.64485e+06 1.55383e+06
1.54722e+06 1.6152e+06 1.5905e+06 1.64144e+06
1.54726e+06 1.5927e+06 1.61235e+06 1.65805e+06
1.63196e+06 1.53311e+06 1.61195e+06 1.62995e+06
1.62014e+06 1.60123e+06 1.59272e+06 1.56308e+06
1.58911e+06 1.55109e+06 1.58956e+06 1.62609e+06
1.58993e+06 1.5845e+06 1.57291e+06 1.59322e+06
1.61408e+06 1.52336e+06 1.62539e+06 1.66012e+06
1.60665e+06 1.58179e+06 1.55082e+06 1.60158e+06
1.57748e+06 1.54563e+06 1.61487e+06 1.63413e+06
1.56303e+06 1.59479e+06 1.58002e+06 1.60101e+06
1.55752e+06 1.57062e+06 1.66037e+06 1.62016e+06
1.59089e+06 1.58058e+06 1.57644e+06 1.60625e+06
