1 0.897474
3.23993e+06 3.23181e+06 3.13955e+06 3.20644e+06
3.15317e+06 3.20517e+06 3.20018e+06 3.17095e+06
3.20618e+06 3.17054e+06 3.22221e+06 3.22219e+06
3.15195e+06 3.2246e+06 3.20508e+06 3.24167e+06
3.15883e+06 3.2993e+06 3.1782e+06 3.24388e+06
3.17569e+06 3.21563e+06 3.25136e+06 3.16975e+06
3.18724e+06 3.17069e+06 3.15874e+06 3.25334e+06
3.20763e+06 3.25224e+06 3.17106e+06 3.19959e+06
3.21838e+06 3.21244e+06 3.16373e+06 3.16877e+06
3.29658e+06 3.1782e+06 3.22572e+06 3.17631e+06
3.24011e+06 3.21814e+06 3.18358e+06 3.15731e+06
3.20392e+06 3.17902e+06 3.21141e+06 3.18915e+06
3.26379e+06 3.21098e+06 3.20495e+06 3.12688e+06
3.21804e+06 3.25836e+06 3.22905e+06 3.13102e+06
3.26812e+06 3.21988e+06 3.25024e+06 3.12161e+06
3.2674e+06 3.23503e+06 3.14861e+06 3.16919e+06
3.17375e+06 3.23424e+06 3.21688e+06 3.14874e+06
3.23773e+06 3.13533e+06 3.25042e+06 3.19341e+06
3.22034e+06 3.35481e+06 3.1294e+06 3.2123e+06
3.15102e+06 3.22182e+06 3.23518e+06 3.20756e+06
3.15152e+06 3.26846e+06 3.2348e+06 3.15265e+06
3.17563e+06 3.28418e+06 3.2666e+06 3.13731e+06
3.24635e+06 3.20731e+06 3.12792e+06 3.23897e+06
3.2827e+06 3.25562e+06 3.18661e+06 3.14363e+06
3.21388e+06 3.26828e+06 3.16803e+06 3.14541e+06
3.13886e+06 3.24621e+06 3.23982e+06 3.15987e+06
3.2149e+06 3.24612e+06 3.18529e+06 3.17331e+06
3.24394e+06 3.1868e+06 3.17697e+06 3.21472e+06
3.19562e+06 3.25632e+06 3.1496e+06 3.20523e+06
3.23557e+06 3.19893e+06 3.16281e+06 3.21745e+06
3.21337e+06 3.2611e+06 3.18954e+06 3.16317e+06
3.15229e+06 3.22895e+06 3.23773e+06 3.17021e+06
3.17369e+06 3.18672e+06 3.24785e+06 3.21108e+06
3.18714e+06 3.21288e+06 3.23548e+06 3.15416e+06
3.17642e+06 3.23884e+06 3.18724e+06 3.19115e+06
3.1759e+06 3.20318e+06 3.24093e+06 3.2777e+06
3.18459e+06 3.17917e+06 3.20166e+06 3.15452e+06
3.24287e+06 3.29844e+06 3.14406e+06 3.18355e+06
3.2249e+06 3.16112e+06 3.18459e+06 3.2909e+06
3.234e+06 3.17049e+06 3.27957e+06 3.14372e+06
3.23709e+06 3.26687e+06 3.16341e+06 3.18597e+06
3.27702e+06 3.26284e+06 3.17477e+06 3.15549e+06
3.11253e+06 3.18128e+06 3.26519e+06 3.19812e+06
3.20018e+06 3.18185e+06 3.25737e+06 3.14734e+06
3.17715e+06 3.21112e+06 3.22787e+06 3.15799e+06
3.2936e+06 3.14649e+06 3.22813e+06 3.22593e+06
3.24024e+06 3.19936e+06 3.15136e+06 3.17304e+06
3.23108e+06 3.13997e+06 3.19802e+06 3.23816e+06
3.23704e+06 3.15629e+06 3.13076e+06 3.24443e+06
3.23632e+06 3.25433e+06 3.16047e+06 3.21179e+06
3.20512e+06 3.25348e+06 3.17376e+06 3.23278e+06
3.17293e+06 3.20424e+06 3.22638e+06 3.24081e+06
3.2289e+06 3.17579e+06 3.22715e+06 3.18133e+06
3.23304e+06 3.2024e+06 3.17397e+06 3.21334e+06
3.28969e+06 3.21347e+06 3.14825e+06 3.18889e+06
3.19274e+06 3.18263e+06 3.19023e+06 3.13161e+06
3.23492e+06 3.25167e+06 3.21947e+06 3.11533e+06
3.27523e+06 3.26267e+06 3.13391e+06 3.15802e+06
3.22651e+06 3.16548e+06 3.15267e+06 3.22991e+06
3.22061e+06 3.17285e+06 3.24127e+06 3.17746e+06
3.19263e+06 3.27156e+06 3.15298e+06 3.23367e+06
3.24161e+06 3.30499e+06 3.15468e+06 3.14277e+06
3.20119e+06 3.21255e+06 3.18437e+06 3.18608e+06
3.22331e+06 3.19581e+06 3.16797e+06 3.21924e+06
3.23358e+06 3.24853e+06 3.23431e+06 3.12326e+06
3.17192e+06 3.24197e+06 3.19857e+06 3.17645e+06
3.29074e+06 3.17758e+06 3.21155e+06 3.22271e+06
3.20827e+06 3.20231e+06 3.17762e+06 3.21904e+06
3.18109e+06 3.22201e+06 3.25176e+06 3.14448e+06
3.16622e+06 3.25002e+06 3.22714e+06 3.18616e+06
3.22532e+06 3.26093e+06 3.17677e+06 3.18253e+06
3.233e+06 3.24451e+06 3.18261e+06 3.20332e+06
3.22478e+06 3.24488e+06 3.18471e+06 3.17613e+06
3.23044e+06 3.24801e+06 3.17881e+06 3.20984e+06
3.26471e+06 3.15778e+06 3.26529e+06 3.20207e+06
3.24302e+06 3.16293e+06 3.27151e+06 3.23604e+06
3.23161e+06 3.31324e+06 3.16821e+06 3.19654e+06
3.22509e+06 3.28254e+06 3.1517e+06 3.21977e+06
3.23675e+06 3.26679e+06 3.17154e+06 3.20802e+06
3.21876e+06 3.32198e+06 3.18994e+06 3.1709e+06
3.15476e+06 3.24993e+06 3.2447e+06 3.22851e+06
3.16378e+06 3.29974e+06 3.25301e+06 3.19091e+06
3.1604e+06 3.2991e+06 3.27145e+06 3.17443e+06
3.19415e+06 3.25268e+06 3.18956e+06 3.27196e+06
3.17851e+06 3.25615e+06 3.19688e+06 3.2357e+06
3.20563e+06 3.18155e+06 3.21598e+06 3.20947e+06
3.18548e+06 3.23248e+06 3.20714e+06 3.20341e+06
3.1902e+06 3.18749e+06 3.21108e+06 3.16434e+06
3.29588e+06 3.17926e+06 3.20174e+06 3.1617e+06
3.18901e+06 3.21157e+06 3.2163e+06 3.17301e+06
3.18545e+06 3.25601e+06 3.23236e+06 3.15546e+06
3.23946e+06 3.18149e+06 3.21736e+06 3.21787e+06
3.18843e+06 3.22947e+06 3.20305e+06 3.20517e+06
3.20994e+06 3.18254e+06 3.2401e+06 3.18198e+06
3.18546e+06 3.19256e+06 3.27918e+06 3.19237e+06
3.2375e+06 3.29226e+06 3.169e+06 3.20117e+06
3.16063e+06 3.23885e+06 3.2703e+06 3.21987e+06
3.13359e+06 3.23e+06 3.27166e+06 3.21611e+06
3.31899e+06 3.19946e+06 3.16148e+06 3.21639e+06
3.2583e+06 3.21945e+06 3.16473e+06 3.19153e+06
3.27294e+06 3.2175e+06 3.16158e+06 3.22503e+06
3.24529e+06 3.22312e+06 3.17609e+06 3.19868e+06
3.24456e+06 3.23849e+06 3.18368e+06 3.20446e+06
3.28439e+06 3.18768e+06 3.14703e+06 3.26756e+06
3.23989e+06 3.23303e+06 3.19693e+06 3.1623e+06
3.22843e+06 3.23963e+06 3.20343e+06 3.16667e+06
3.20039e+06 3.27128e+06 3.19488e+06 3.14966e+06
3.27597e+06 3.1932e+06 3.20141e+06 3.18614e+06
3.19849e+06 3.18403e+06 3.25326e+06 3.14488e+06
3.2343e+06 3.21244e+06 3.19817e+06 3.1708e+06
3.28343e+06 3.21878e+06 3.20277e+06 3.16712e+06
3.21804e+06 3.19627e+06 3.19352e+06 3.1736e+06
3.2136e+06 3.19928e+06 3.19791e+06 3.26123e+06
3.23603e+06 3.29944e+06 3.19332e+06 3.15854e+06
3.20488e+06 3.2515e+06 3.19563e+06 3.16435e+06
3.26027e+06 3.22669e+06 3.19414e+06 3.1654e+06
3.19707e+06 3.29517e+06 3.20352e+06 3.15948e+06
3.24227e+06 3.25602e+06 3.21675e+06 3.15551e+06
3.21671e+06 3.19935e+06 3.19034e+06 3.17198e+06
3.23332e+06 3.19307e+06 3.19621e+06 3.20245e+06
3.26335e+06 3.25936e+06 3.19299e+06 3.15614e+06
3.29742e+06 3.2467e+06 3.22546e+06 3.1587e+06
3.23364e+06 3.1877e+06 3.19937e+06 3.21086e+06
3.21532e+06 3.19605e+06 3.24839e+06 3.14566e+06
3.28136e+06 3.19311e+06 3.20604e+06 3.19681e+06
3.29011e+06 3.25316e+06 3.20046e+06 3.15893e+06
3.19827e+06 3.22135e+06 3.19834e+06 3.2323e+06
3.35565e+06 3.21645e+06 3.23229e+06 3.13879e+06
3.2306e+06 3.18811e+06 3.19039e+06 3.20423e+06
3.29112e+06 3.27421e+06 3.17077e+06 3.16038e+06
3.28152e+06 3.1921e+06 3.1641e+06 3.26684e+06
3.23247e+06 3.17497e+06 3.29259e+06 3.19497e+06
3.2883e+06 3.18333e+06 3.26812e+06 3.18043e+06
3.21287e+06 3.22563e+06 3.20924e+06 3.19859e+06
3.20699e+06 3.21981e+06 3.19545e+06 3.26636e+06
3.20844e+06 3.23016e+06 3.20994e+06 3.19622e+06
3.22804e+06 3.2443e+06 3.18674e+06 3.21081e+06
3.20271e+06 3.22394e+06 3.19706e+06 3.23016e+06
3.2145e+06 3.23928e+06 3.19411e+06 3.20332e+06
3.22949e+06 3.20133e+06 3.18948e+06 3.24448e+06
3.24659e+06 3.20053e+06 3.18752e+06 3.22552e+06
3.22643e+06 3.24258e+06 3.17354e+06 3.23754e+06
3.28775e+06 3.27992e+06 3.23702e+06 3.13692e+06
3.23447e+06 3.27666e+06 3.25027e+06 3.14239e+06
3.17539e+06 3.24491e+06 3.20373e+06 3.22127e+06
3.19365e+06 3.26853e+06 3.20227e+06 3.22408e+06
3.18296e+06 3.24199e+06 3.20699e+06 3.21774e+06
3.21122e+06 3.25296e+06 3.18486e+06 3.28798e+06
3.22162e+06 3.26059e+06 3.18814e+06 3.25135e+06
3.22285e+06 3.26271e+06 3.1864e+06 3.25895e+06
3.21091e+06 3.25861e+06 3.18785e+06 3.27564e+06
3.21389e+06 3.21388e+06 3.20187e+06 3.24939e+06
3.26333e+06 3.27342e+06 3.27203e+06 3.14464e+06
3.17197e+06 3.28368e+06 3.2367e+06 3.24818e+06
3.16969e+06 3.26809e+06 3.23767e+06 3.18762e+06
3.1744e+06 3.31214e+06 3.23251e+06 3.19238e+06
3.18086e+06 3.27167e+06 3.22984e+06 3.21959e+06
3.2257e+06 3.27422e+06 3.18875e+06 3.20033e+06
3.23695e+06 3.29782e+06 3.18489e+06 3.20318e+06
3.23669e+06 3.25503e+06 3.18343e+06 3.21962e+06
3.2898e+06 3.15901e+06 3.26696e+06 3.23658e+06
3.24938e+06 3.27994e+06 3.17294e+06 3.21201e+06
3.24308e+06 3.27846e+06 3.17551e+06 3.21072e+06
3.19285e+06 3.19787e+06 3.26457e+06 3.25149e+06
3.20398e+06 3.21684e+06 3.21176e+06 3.21653e+06
3.19545e+06 3.19943e+06 3.23527e+06 3.23143e+06
3.20333e+06 3.20848e+06 3.22735e+06 3.18579e+06
3.19274e+06 3.20008e+06 3.21563e+06 3.20158e+06
3.20398e+06 3.21301e+06 3.21319e+06 3.22654e+06
3.22072e+06 3.19575e+06 3.23613e+06 3.25454e+06
3.21693e+06 3.1885e+06 3.23993e+06 3.20758e+06
3.25415e+06 3.19357e+06 3.21532e+06 3.18126e+06
3.2347e+06 3.22271e+06 3.24069e+06 3.1697e+06
3.22411e+06 3.23897e+06 3.22222e+06 3.17116e+06
3.19395e+06 3.23301e+06 3.27116e+06 3.1857e+06
3.20431e+06 3.25056e+06 3.22434e+06 3.18532e+06
3.19395e+06 3.22331e+06 3.24308e+06 3.20088e+06
3.18902e+06 3.23507e+06 3.22433e+06 3.20163e+06
3.20643e+06 3.21896e+06 3.23246e+06 3.18557e+06
3.19616e+06 3.23181e+06 3.21776e+06 3.19321e+06
3.19562e+06 3.22693e+06 3.22989e+06 3.18909e+06
3.21134e+06 3.24658e+06 3.2235e+06 3.17634e+06
3.19127e+06 3.24417e+06 3.3127e+06 3.18596e+06
3.20472e+06 3.24827e+06 3.24834e+06 3.17509e+06
3.19926e+06 3.23519e+06 3.23997e+06 3.185e+06
3.19265e+06 3.22682e+06 3.25077e+06 3.20832e+06
3.19485e+06 3.26951e+06 3.26824e+06 3.15983e+06
3.19522e+06 3.3025e+06 3.23424e+06 3.18708e+06
3.20813e+06 3.24162e+06 3.21166e+06 3.21866e+06
3.19031e+06 3.29962e+06 3.22274e+06 3.21534e+06
3.22286e+06 3.186e+06 3.24245e+06 3.26071e+06
3.26329e+06 3.18458e+06 3.24342e+06 3.1836e+06
3.25724e+06 3.18618e+06 3.2504e+06 3.23471e+06
3.18672e+06 3.20429e+06 3.30673e+06 3.28045e+06
3.18195e+06 3.23721e+06 3.3048e+06 3.2171e+06
3.30421e+06 3.22063e+06 3.18359e+06 3.20027e+06
3.25976e+06 3.31419e+06 3.17277e+06 3.22244e+06
3.26337e+06 3.24301e+06 3.16587e+06 3.21285e+06
3.26021e+06 3.29735e+06 3.16957e+06 3.24164e+06
3.32692e+06 3.25415e+06 3.16496e+06 3.25444e+06
3.25393e+06 3.24302e+06 3.18114e+06 3.20139e+06
3.31009e+06 3.22616e+06 3.18297e+06 3.21358e+06
3.28384e+06 3.23819e+06 3.18892e+06 3.20063e+06
3.24181e+06 3.23437e+06 3.20338e+06 3.16482e+06
3.23916e+06 3.2808e+06 3.20803e+06 3.1599e+06
3.23386e+06 3.27916e+06 3.23069e+06 3.15071e+06
3.21527e+06 3.20464e+06 3.25364e+06 3.20082e+06
3.21469e+06 3.19007e+06 3.25704e+06 3.21407e+06
3.25605e+06 3.1866e+06 3.29166e+06 3.21201e+06
3.22917e+06 3.19044e+06 3.2746e+06 3.14816e+06
3.19997e+06 3.2866e+06 3.32551e+06 3.14501e+06
3.20248e+06 3.19091e+06 3.27639e+06 3.17216e+06
3.20093e+06 3.29104e+06 3.26818e+06 3.15469e+06
3.24483e+06 3.18783e+06 3.27348e+06 3.14687e+06
3.22792e+06 3.19757e+06 3.21958e+06 3.18212e+06
3.22111e+06 3.28268e+06 3.21534e+06 3.17056e+06
3.21643e+06 3.26769e+06 3.21178e+06 3.18078e+06
3.2103e+06 3.27364e+06 3.22161e+06 3.18503e+06
3.2404e+06 3.25507e+06 3.21662e+06 3.16578e+06
3.23823e+06 3.29798e+06 3.22143e+06 3.16138e+06
3.20905e+06 3.29809e+06 3.22769e+06 3.15996e+06
3.19752e+06 3.3236e+06 3.21736e+06 3.17896e+06
3.21722e+06 3.23226e+06 3.20081e+06 3.17751e+06
3.23976e+06 3.25955e+06 3.1992e+06 3.18243e+06
3.27753e+06 3.21926e+06 3.21944e+06 3.17739e+06
3.22816e+06 3.28406e+06 3.20032e+06 3.18607e+06
3.23833e+06 3.20125e+06 3.23372e+06 3.1763e+06
3.22539e+06 3.26118e+06 3.19379e+06 3.19169e+06
3.21894e+06 3.28232e+06 3.23095e+06 3.17522e+06
3.25441e+06 3.22526e+06 3.19789e+06 3.19388e+06
3.23208e+06 3.22813e+06 3.20779e+06 3.19829e+06
3.29505e+06 3.23083e+06 3.19132e+06 3.1768e+06
3.24236e+06 3.23095e+06 3.19408e+06 3.19212e+06
3.27417e+06 3.23693e+06 3.19107e+06 3.19096e+06
3.24767e+06 3.21567e+06 3.22301e+06 3.17349e+06
3.22109e+06 3.24952e+06 3.19258e+06 3.20304e+06
3.23122e+06 3.24166e+06 3.20033e+06 3.17964e+06
3.21851e+06 3.24671e+06 3.19272e+06 3.23327e+06
3.22427e+06 3.22478e+06 3.22529e+06 3.18149e+06
3.22599e+06 3.21963e+06 3.19114e+06 3.22847e+06
3.22548e+06 3.20709e+06 3.21573e+06 3.18084e+06
3.22026e+06 3.20616e+06 3.19078e+06 3.24388e+06
3.25912e+06 3.20477e+06 3.20869e+06 3.19008e+06
3.28846e+06 3.25035e+06 3.19306e+06 3.1841e+06
3.22964e+06 3.20777e+06 3.21421e+06 3.18638e+06
3.2335e+06 3.23214e+06 3.20632e+06 3.20335e+06
3.24401e+06 3.22246e+06 3.2074e+06 3.20304e+06
3.2718e+06 3.29587e+06 3.20016e+06 3.17337e+06
3.30731e+06 3.31296e+06 3.22357e+06 3.15796e+06
3.2808e+06 3.2098e+06 3.24919e+06 3.16737e+06
3.22906e+06 3.2129e+06 3.25222e+06 3.15649e+06
3.27801e+06 3.20692e+06 3.25145e+06 3.14666e+06
3.22259e+06 3.25771e+06 3.24861e+06 3.17202e+06
3.23816e+06 3.22772e+06 3.25791e+06 3.14929e+06
3.22667e+06 3.20042e+06 3.25344e+06 3.18113e+06
3.22406e+06 3.2414e+06 3.2527e+06 3.16506e+06
3.2964e+06 3.25483e+06 3.22289e+06 3.16127e+06
3.23712e+06 3.1926e+06 3.2104e+06 3.24811e+06
3.23804e+06 3.19303e+06 3.22465e+06 3.22052e+06
3.23558e+06 3.19321e+06 3.21987e+06 3.2071e+06
3.29293e+06 3.21752e+06 3.19722e+06 3.22531e+06
3.23919e+06 3.22449e+06 3.20124e+06 3.21404e+06
3.24195e+06 3.19894e+06 3.19396e+06 3.25365e+06
3.27356e+06 3.23154e+06 3.19257e+06 3.20478e+06
3.23911e+06 3.22388e+06 3.20629e+06 3.22136e+06
3.24146e+06 3.22909e+06 3.20038e+06 3.20607e+06
3.28554e+06 3.22476e+06 3.17512e+06 3.27602e+06
3.22414e+06 3.23062e+06 3.20096e+06 3.23518e+06
3.24057e+06 3.30488e+06 3.26953e+06 3.14377e+06
3.20514e+06 3.26146e+06 3.2038e+06 3.27197e+06
3.21024e+06 3.30753e+06 3.20494e+06 3.26122e+06
3.20193e+06 3.26025e+06 3.21481e+06 3.22184e+06
3.18352e+06 3.28716e+06 3.22564e+06 3.248e+06
3.20416e+06 3.26071e+06 3.21161e+06 3.24094e+06
3.18837e+06 3.25131e+06 3.2234e+06 3.22232e+06
3.2008e+06 3.26636e+06 3.21383e+06 3.25361e+06
3.19708e+06 3.19889e+06 3.269e+06 3.26948e+06
3.21745e+06 3.19221e+06 3.27782e+06 3.26215e+06
3.27068e+06 3.21776e+06 3.27714e+06 3.17736e+06
3.25535e+06 3.20053e+06 3.29021e+06 3.17167e+06
3.30129e+06 3.20182e+06 3.27374e+06 3.16599e+06
3.21774e+06 3.29077e+06 3.26859e+06 3.17348e+06
3.30499e+06 3.23366e+06 3.1956e+06 3.247e+06
3.19576e+06 3.2976e+06 3.24193e+06 3.20778e+06
3.19526e+06 3.25931e+06 3.25347e+06 3.20402e+06
3.27408e+06 3.20659e+06 3.25245e+06 3.19247e+06
3.18261e+06 3.28647e+06 3.25056e+06 3.20281e+06
3.27688e+06 3.19642e+06 3.21945e+06 3.20785e+06
3.18367e+06 3.28173e+06 3.249e+06 3.22063e+06
3.19793e+06 3.24625e+06 3.25781e+06 3.2e+06
3.25184e+06 3.23502e+06 3.26701e+06 3.15879e+06
3.19924e+06 3.22403e+06 3.27794e+06 3.21752e+06
3.19444e+06 3.32041e+06 3.23516e+06 3.23272e+06
3.27179e+06 3.21818e+06 3.23619e+06 3.19606e+06
3.31673e+06 3.27251e+06 3.23662e+06 3.16947e+06
3.19308e+06 3.23167e+06 3.25512e+06 3.20599e+06
3.18663e+06 3.28512e+06 3.25945e+06 3.19008e+06
3.30525e+06 3.30707e+06 3.29375e+06 3.14685e+06
3.30186e+06 3.21341e+06 3.22465e+06 3.1974e+06
3.28627e+06 3.22797e+06 3.22703e+06 3.1804e+06
3.23094e+06 3.26649e+06 3.25539e+06 3.17197e+06
3.1912e+06 3.23916e+06 3.25422e+06 3.2059e+06
3.30324e+06 3.19875e+06 3.21943e+06 3.21041e+06
3.20768e+06 3.21508e+06 3.29234e+06 3.19583e+06
3.24676e+06 3.23861e+06 3.23145e+06 3.16948e+06
3.27097e+06 3.20974e+06 3.21138e+06 3.22246e+06
3.253e+06 3.24702e+06 3.25215e+06 3.16929e+06
3.18934e+06 3.25885e+06 3.24902e+06 3.24512e+06
3.20845e+06 3.25156e+06 3.22023e+06 3.24922e+06
3.2848e+06 3.19031e+06 3.29168e+06 3.23759e+06
3.25917e+06 3.21379e+06 3.24324e+06 3.19755e+06
3.25588e+06 3.25882e+06 3.22943e+06 3.17422e+06
3.2165e+06 3.22405e+06 3.21318e+06 3.26072e+06
3.27241e+06 3.23765e+06 3.22376e+06 3.18096e+06
3.18988e+06 3.23678e+06 3.24716e+06 3.22624e+06
3.24461e+06 3.19894e+06 3.22061e+06 3.20044e+06
3.30058e+06 3.18314e+06 3.28672e+06 3.2421e+06
3.22364e+06 3.24004e+06 3.19082e+06 3.251e+06
3.25306e+06 3.29112e+06 3.19186e+06 3.23622e+06
3.31879e+06 3.27244e+06 3.22749e+06 3.17486e+06
3.22057e+06 3.22502e+06 3.21782e+06 3.23687e+06
3.25287e+06 3.20143e+06 3.2552e+06 3.1924e+06
3.28042e+06 3.22826e+06 3.20948e+06 3.21358e+06
3.269e+06 3.24444e+06 3.17378e+06 3.24446e+06
3.29281e+06 3.20213e+06 3.22271e+06 3.19984e+06
3.27558e+06 3.19396e+06 3.26738e+06 3.20444e+06
3.28534e+06 3.31128e+06 3.19216e+06 3.19644e+06
3.28606e+06 3.28785e+06 3.18824e+06 3.21111e+06
3.23804e+06 3.19808e+06 3.24734e+06 3.23161e+06
3.23813e+06 3.31651e+06 3.20198e+06 3.18103e+06
3.22651e+06 3.22635e+06 3.2049e+06 3.23321e+06
3.32234e+06 3.23815e+06 3.2042e+06 3.20038e+06
3.24401e+06 3.22733e+06 3.19813e+06 3.23655e+06
3.24554e+06 3.28006e+06 3.2183e+06 3.17044e+06
3.25512e+06 3.19452e+06 3.22736e+06 3.24757e+06
3.2225e+06 3.27908e+06 3.20439e+06 3.19697e+06
3.20806e+06 3.22038e+06 3.29184e+06 3.21072e+06
3.26757e+06 3.25264e+06 3.19718e+06 3.19974e+06
3.22567e+06 3.26956e+06 3.20597e+06 3.18173e+06
3.2426e+06 3.24626e+06 3.19947e+06 3.2251e+06
3.25645e+06 3.27166e+06 3.18331e+06 3.21846e+06
3.24791e+06 3.21234e+06 3.21678e+06 3.25271e+06
3.24448e+06 3.20567e+06 3.27002e+06 3.1776e+06
3.23511e+06 3.30636e+06 3.23399e+06 3.177e+06
3.25398e+06 3.21932e+06 3.21303e+06 3.24776e+06
3.22113e+06 3.27672e+06 3.19403e+06 3.28759e+06
3.22821e+06 3.22287e+06 3.25821e+06 3.20581e+06
3.30366e+06 3.25299e+06 3.18087e+06 3.22397e+06
3.22158e+06 3.27856e+06 3.20778e+06 3.20101e+06
3.25797e+06 3.20042e+06 3.25266e+06 3.18671e+06
3.27411e+06 3.26479e+06 3.19462e+06 3.19354e+06
3.23391e+06 3.1985e+06 3.25619e+06 3.24749e+06
3.26456e+06 3.30206e+06 3.23981e+06 3.16136e+06
3.23832e+06 3.32504e+06 3.19447e+06 3.20061e+06
3.23784e+06 3.23402e+06 3.19475e+06 3.25394e+06
3.26993e+06 3.25557e+06 3.16593e+06 3.25224e+06
3.25815e+06 3.20482e+06 3.20783e+06 3.26304e+06
3.29511e+06 3.27242e+06 3.18845e+06 3.20684e+06
3.30953e+06 3.26162e+06 3.19275e+06 3.18081e+06
3.24594e+06 3.19067e+06 3.24057e+06 3.23738e+06
3.20807e+06 3.20037e+06 3.22091e+06 3.23285e+06
3.20983e+06 3.20318e+06 3.23734e+06 3.21614e+06
3.23525e+06 3.22484e+06 3.24676e+06 3.19616e+06
3.26713e+06 3.23258e+06 3.21048e+06 3.2267e+06
3.20466e+06 3.26091e+06 3.25104e+06 3.19362e+06
3.2181e+06 3.24415e+06 3.22536e+06 3.20238e+06
3.23606e+06 3.25378e+06 3.2008e+06 3.19529e+06
3.24201e+06 3.23064e+06 3.21146e+06 3.21973e+06
3.24472e+06 3.24272e+06 3.2247e+06 3.18405e+06
3.22896e+06 3.20245e+06 3.22257e+06 3.20438e+06
3.21359e+06 3.21716e+06 3.22147e+06 3.2174e+06
3.24549e+06 3.24925e+06 3.22619e+06 3.17816e+06
3.21822e+06 3.26147e+06 3.23597e+06 3.1983e+06
3.25833e+06 3.23936e+06 3.21455e+06 3.18464e+06
3.21983e+06 3.24144e+06 3.21223e+06 3.18865e+06
3.23809e+06 3.25392e+06 3.23905e+06 3.17265e+06
3.24291e+06 3.23743e+06 3.21028e+06 3.19183e+06
3.25379e+06 3.25329e+06 3.19816e+06 3.20272e+06
3.2158e+06 3.23112e+06 3.24295e+06 3.19048e+06
3.19826e+06 3.23723e+06 3.22094e+06 3.20662e+06
3.22978e+06 3.22726e+06 3.21812e+06 3.22867e+06
3.22723e+06 3.22759e+06 3.22702e+06 3.19742e+06
3.22582e+06 3.26184e+06 3.19805e+06 3.21674e+06
3.2587e+06 3.22804e+06 3.21428e+06 3.21858e+06
