63 3.08345
792875 711241
732626 787861
764439 745327
724504 796131
754599 753876
749777 759024
744960 764046
777744 728749
770262 737827
749346 762648
765545 738725
747344 763106
743767 773417
796100 727382
800093 717971
736197 798642
741819 797035
756510 754160
750907 761176
752067 760125
778297 731183
794186 730853
789212 731102
768881 742582
776805 740955
766232 746084
748243 765256
745328 781652
799692 729146
814895 721313
802646 722593
738797 799977
736810 807922
742739 799661
761110 757810
761581 757251
751450 764153
758857 760305
753475 763159
782540 736018
787174 731277
772272 743257
781119 741544
766564 755807
769094 755126
770668 750562
748552 766543
747792 785091
747439 791509
817705 721762
806612 726340
802873 729550
739142 815344
743777 802538
760651 760476
760291 761288
764705 760353
754288 764407
753895 764840
782876 736295
788216 733184
797599 732131
790923 732749
773212 749884
775749 747141
778970 743370
778576 746201
767391 756834
771237 753409
770795 754177
748578 779508
750896 776526
751355 772580
753398 769594
752393 771983
747580 801155
833280 725027
834591 723803
827523 726209
834751 723208
812090 728785
812554 728116
818386 728016
803236 729562
743183 837015
744760 808591
745883 805536
763247 763090
760774 763134
765319 762760
766034 761486
758893 765328
756937 768977
787971 736361
785600 741515
793054 733702
792657 735339
798788 733334
777420 747288
776550 749785
782344 743419
771303 753624
750092 784625
749904 793409
751242 781113
750952 781471
752096 777958
754085 770234
753178 772132
753820 771986
827806 726630
835703 725419
815544 728212
809558 730950
812292 730688
745437 838428
747283 807763
746010 815839
763886 764704
766066 762297
766207 762103
759147 767539
762667 767159
757564 769362
789637 738831
792265 737839
798982 733475
780516 748844
777386 751297
778829 750351
786551 745520
784425 746781
786503 746317
787835 744387
772377 756220
772115 759516
775472 753947
771806 759943
750824 785583
750634 787000
750591 795743
751919 782903
755133 770240
753259 772352
830935 726712
836696 726164
811928 731414
812703 730814
748272 810929
750202 807843
747112 822728
770634 762467
768528 763280
768523 765714
766318 768353
767881 768058
765500 768357
792176 738924
790223 739758
802800 736180
806640 733901
804833 734335
808634 733791
801114 738317
804576 736148
779640 752596
782655 751150
786703 746187
787728 745979
784839 749996
785280 747777
773328 756624
772694 758860
777105 754259
776116 756108
771896 760191
750868 788811
752115 785221
755471 771195
760985 770433
753882 776285
753882 776285
754911 773413
836013 727680
832551 728248
844312 726624
813835 731049
748530 821652
749351 820076
750653 812130
750373 814181
748514 830463
748300 834769
770684 762790
768563 765002
767985 768222
767549 769816
766791 769915
796904 739252
794199 739511
790900 741153
793091 740135
791111 740818
790424 745019
803632 737424
805304 734509
804861 735162
801151 739128
780603 753538
781943 753225
783372 752076
783396 751447
787289 747423
788624 746226
788506 746981
786045 749937
774853 757687
774834 759506
778260 756091
780325 754513
776264 757013
774399 761539
773764 762075
751368 794312
751486 788880
753039 785739
757842 771543
762213 771336
765645 770459
754315 778121
754297 784375
754907 777329
833468 729539
839291 728353
838549 729038
822615 731392
816126 733456
821494 731827
816861 732081
819946 732001
749278 821766
750815 819866
749040 838922
771097 762842
770269 765660
769502 766036
768992 768916
795665 739928
798832 739788
791187 743283
793517 741412
804621 738513
804275 738705
803878 738867
807178 734598
814652 734547
805034 737412
783903 752163
783423 753918
785643 751869
789204 748427
790135 747284
788147 749952
786102 750836
774990 757829
779151 756972
779666 756574
782039 754569
774686 762354
752846 791790
751575 795227
758079 775604
760105 771977
759409 772862
765731 770730
768350 770664
754826 785030
754614 791639
756542 778598
755892 783160
836038 730664
839257 729368
835843 731443
828196 731738
817348 733270
824834 732965
749833 838392
771260 763031
769646 767435
769822 766181
770756 766144
769069 769130
796605 739979
792522 745758
792437 746546
796181 742290
795172 743605
803890 739236
804451 739167
807264 735901
810885 734700
807222 737369
807860 735093
806956 737714
784259 752787
784963 752673
785114 752662
790128 749505
791669 747654
788892 750361
786798 751055
775021 757926
779525 757548
779525 757548
783322 755903
783846 754872
783676 755127
774787 762728
751932 798234
751594 805369
751630 800399
752767 795350
752038 797770
758389 777485
758833 776918
762071 772174
759418 772984
765843 770918
767956 770794
755001 795253
756960 782054
757888 781805
758089 779127
756927 785109
756467 785991
756059 795002
756384 794331
837878 732107
834074 732859
751736 805286
752589 801850
755714 795595
754113 798321
753470 800029
755490 795978
763225 772222
771385 764331
771102 767809
766391 770968
770426 769614
769289 769698
759576 775925
772621 763841
758732 778822
774693 763662
757223 787122
756857 794801
761402 774137
790167 750377
784015 756628
762377 772319
759139 776972
790497 749547
758633 787007
785711 752900
789249 751222
775550 758911
782308 757803
786018 752896
784872 753567
784674 753745
778035 758359
787079 752081
777477 758553
783923 757573
798116 740198
803232 740000
793455 746846
809804 736500
810112 736115
822041 734483
819882 734910
809686 737687
804025 739428
