38 0.697366
803905 785653
805924 809922
814848 816664
829538 784697
801808 837788
809188 827159
823869 802734
778595 826101
813498 824889
805749 807151
823186 813112
839777 791948
795773 806659
823736 819371
845249 796947
827812 796762
852517 824332
803136 832316
815929 815302
829925 770771
803304 815278
826851 797594
850093 800150
799470 813263
855279 809945
832271 787276
809325 817766
799959 799903
842878 778670
830252 821059
821664 818974
833817 810796
800737 796186
836236 817648
839656 825645
820067 811778
823862 820102
803651 806292
842992 806763
808671 804381
823543 831255
841170 824638
827745 841964
821834 827973
809566 799590
792926 809379
819105 813276
820106 807499
830715 815068
825973 820662
844657 814187
819481 819921
805204 798534
845742 820862
802663 824515
825864 812705
826251 811748
835164 814606
839488 816548
823478 835068
810277 823226
813288 854284
798804 807011
813287 808916
841591 811104
833300 844203
827595 789358
805001 818340
815529 805162
807514 815372
813119 841147
800009 848274
815923 820234
840041 793583
795197 809985
836393 821374
832845 813731
811458 820822
814665 785597
836538 779908
841583 816246
811862 802186
827426 800541
788541 826023
826137 807135
820388 782613
817666 817014
831518 801896
776276 793642
829152 806036
838763 794473
798814 804051
817263 809157
862075 821361
818344 807905
810910 801583
838848 811755
867005 785201
816642 792960
840567 816715
831839 808885
845005 816401
801724 818197
838711 852222
838999 784411
835063 789316
821425 814974
819430 828071
828985 827500
776380 805785
823516 801363
807638 812859
839541 833851
798424 841980
825450 811228
792943 793995
823599 802782
813166 792391
835237 788805
812400 761967
844022 823771
812811 819367
804783 797239
831391 780736
815517 787439
818015 836960
838307 837534
809539 790705
828686 784746
836905 802592
800747 795329
799216 838034
842872 799901
835615 833168
829663 823466
857328 816604
810089 786323
815882 802418
825940 812779
859614 842393
847677 817474
823346 799006
817358 827708
805334 795817
841584 819921
851922 800407
811298 803865
833999 787354
810787 835083
834978 805700
837334 790608
817652 837569
804389 797878
836319 836166
827776 788896
808044 826125
795943 798614
794455 836541
825742 833318
808256 779948
785621 837062
831623 812714
839222 819343
793880 813390
827632 825458
838480 799047
805414 819717
811869 826333
821063 800664
816983 822329
854727 822118
840120 801902
784980 807856
823945 781307
822586 815466
806553 775370
843962 793519
831389 815102
834003 819803
817501 805691
832957 797704
817406 808201
813683 801439
818535 831630
799126 783070
824618 805326
817227 813782
833402 793174
834360 786472
846998 786204
808928 792502
850844 774397
830993 833306
828788 838802
840575 826105
836737 813837
817423 799679
803585 830915
820976 828847
795410 786669
805661 827311
843130 787944
806078 794997
838127 800923
824737 828280
825296 808090
807492 807719
804209 791928
825666 820012
797503 777540
820546 795598
805586 818610
829388 829110
826805 820410
845036 797965
828204 789008
827801 804599
824113 814814
792030 817562
822127 816138
836832 798055
801848 809145
819279 817244
812939 800061
809831 806315
823283 815922
817285 806978
816504 794502
813357 779499
836498 829848
816794 813401
810930 819801
831949 818643
829782 794259
804268 826390
844712 819173
803450 805393
816127 808785
806293 800833
817155 826138
816733 795449
848227 811311
836972 825350
795384 827107
786839 820547
820733 828054
822816 795998
842870 816605
