202 13.418
1.47814e+06 1.37145e+06 1.37954e+06
1.45803e+06 1.33683e+06 1.4526e+06
1.44039e+06 1.43857e+06 1.36879e+06
1.42284e+06 1.34368e+06 1.47139e+06
1.41525e+06 1.44321e+06 1.38494e+06
1.34504e+06 1.40244e+06 1.4395e+06
1.36914e+06 1.37889e+06 1.45946e+06
1.41348e+06 1.35565e+06 1.40558e+06
1.44894e+06 1.41512e+06 1.38121e+06
1.42284e+06 1.34368e+06 1.47139e+06
1.46117e+06 1.35083e+06 1.41332e+06
1.37753e+06 1.38906e+06 1.44763e+06
1.43213e+06 1.42426e+06 1.38676e+06
1.46359e+06 1.42661e+06 1.37927e+06
1.37689e+06 1.39138e+06 1.45474e+06
1.44871e+06 1.39014e+06 1.38966e+06
1.44145e+06 1.34906e+06 1.42766e+06
1.3973e+06 1.35527e+06 1.40958e+06
1.39711e+06 1.36912e+06 1.41033e+06
1.47814e+06 1.37145e+06 1.37954e+06
1.38516e+06 1.37732e+06 1.39683e+06
1.39711e+06 1.36912e+06 1.41033e+06
1.42112e+06 1.349e+06 1.44011e+06
1.44039e+06 1.43857e+06 1.36879e+06
1.44046e+06 1.43021e+06 1.37549e+06
1.38008e+06 1.40076e+06 1.42863e+06
1.40391e+06 1.43413e+06 1.38514e+06
1.43213e+06 1.42426e+06 1.38676e+06
1.44145e+06 1.34906e+06 1.42766e+06
1.4212e+06 1.39747e+06 1.39415e+06
1.44046e+06 1.43021e+06 1.37549e+06
1.40391e+06 1.43413e+06 1.38514e+06
1.46117e+06 1.35083e+06 1.41332e+06
1.37753e+06 1.38906e+06 1.44763e+06
1.4212e+06 1.39747e+06 1.39415e+06
1.4366e+06 1.36971e+06 1.40158e+06
1.40391e+06 1.43413e+06 1.38514e+06
1.45168e+06 1.40149e+06 1.38374e+06
1.43995e+06 1.37712e+06 1.39924e+06
1.42112e+06 1.349e+06 1.44011e+06
1.46359e+06 1.42661e+06 1.37927e+06
1.46015e+06 1.37577e+06 1.38398e+06
1.38008e+06 1.40076e+06 1.42863e+06
1.38516e+06 1.37732e+06 1.39683e+06
1.42242e+06 1.39361e+06 1.39594e+06
1.47814e+06 1.37145e+06 1.37954e+06
1.4366e+06 1.36971e+06 1.40158e+06
1.38008e+06 1.40076e+06 1.42863e+06
1.46015e+06 1.37577e+06 1.38398e+06
1.43721e+06 1.39264e+06 1.3846e+06
1.45168e+06 1.40149e+06 1.38374e+06
1.43995e+06 1.37712e+06 1.39924e+06
1.42242e+06 1.39361e+06 1.39594e+06
1.45168e+06 1.40149e+06 1.38374e+06
1.43721e+06 1.39264e+06 1.3846e+06
1.4366e+06 1.36971e+06 1.40158e+06
1.38008e+06 1.40076e+06 1.42863e+06
1.47814e+06 1.37145e+06 1.37954e+06
1.42242e+06 1.39361e+06 1.39594e+06
1.44039e+06 1.43857e+06 1.36879e+06
1.47814e+06 1.37145e+06 1.37954e+06
1.46117e+06 1.35083e+06 1.41332e+06
1.45168e+06 1.40149e+06 1.38374e+06
1.45168e+06 1.40149e+06 1.38374e+06
1.45168e+06 1.40149e+06 1.38374e+06
1.44145e+06 1.34906e+06 1.42766e+06
1.44046e+06 1.43021e+06 1.37549e+06
1.44039e+06 1.43857e+06 1.36879e+06
1.44039e+06 1.43857e+06 1.36879e+06
1.44039e+06 1.43857e+06 1.36879e+06
1.44039e+06 1.43857e+06 1.36879e+06
1.44039e+06 1.43857e+06 1.36879e+06
1.44039e+06 1.43857e+06 1.36879e+06
1.43721e+06 1.39264e+06 1.3846e+06
1.4366e+06 1.36971e+06 1.40158e+06
1.42242e+06 1.39361e+06 1.39594e+06
1.42242e+06 1.39361e+06 1.39594e+06
1.40391e+06 1.43413e+06 1.38514e+06
1.40391e+06 1.43413e+06 1.38514e+06
1.37753e+06 1.38906e+06 1.44763e+06
1.37753e+06 1.38906e+06 1.44763e+06
1.37753e+06 1.38906e+06 1.44763e+06
1.49339e+06 1.47471e+06 1.37238e+06
1.49339e+06 1.47471e+06 1.37238e+06
1.47853e+06 1.35199e+06 1.41777e+06
1.3747e+06 1.41619e+06 1.5001e+06
1.36647e+06 1.43253e+06 1.46051e+06
1.38728e+06 1.39162e+06 1.46947e+06
1.3747e+06 1.41619e+06 1.5001e+06
1.36647e+06 1.43253e+06 1.46051e+06
1.42298e+06 1.35681e+06 1.44501e+06
1.44517e+06 1.45754e+06 1.37901e+06
1.4593e+06 1.45006e+06 1.37893e+06
1.42124e+06 1.38273e+06 1.40374e+06
1.41135e+06 1.36544e+06 1.42915e+06
1.43029e+06 1.44104e+06 1.38592e+06
1.46323e+06 1.45614e+06 1.37531e+06
1.4467e+06 1.42614e+06 1.3865e+06
1.40339e+06 1.37275e+06 1.46518e+06
1.46386e+06 1.37108e+06 1.42383e+06
1.39135e+06 1.38399e+06 1.44069e+06
1.402e+06 1.41172e+06 1.40398e+06
1.48426e+06 1.37648e+06 1.3932e+06
1.38057e+06 1.40331e+06 1.43133e+06
1.47665e+06 1.35647e+06 1.44338e+06
1.41135e+06 1.36544e+06 1.42915e+06
1.38057e+06 1.40331e+06 1.43133e+06
1.47059e+06 1.36094e+06 1.41036e+06
1.39326e+06 1.39228e+06 1.43278e+06
1.39949e+06 1.37821e+06 1.44224e+06
1.44342e+06 1.39607e+06 1.39641e+06
1.43836e+06 1.38284e+06 1.39956e+06
1.44328e+06 1.43872e+06 1.3805e+06
1.38728e+06 1.39162e+06 1.46947e+06
1.39225e+06 1.38644e+06 1.43835e+06
1.4351e+06 1.42762e+06 1.38934e+06
1.4351e+06 1.42762e+06 1.38934e+06
1.45731e+06 1.36312e+06 1.42878e+06
1.47067e+06 1.41375e+06 1.38441e+06
1.43088e+06 1.37298e+06 1.41278e+06
1.40076e+06 1.37458e+06 1.42778e+06
1.47853e+06 1.35199e+06 1.41777e+06
1.46813e+06 1.40641e+06 1.39345e+06
1.37314e+06 1.4208e+06 1.4637e+06
1.45092e+06 1.41615e+06 1.38722e+06
1.46145e+06 1.40114e+06 1.39446e+06
1.45268e+06 1.40723e+06 1.39621e+06
1.39225e+06 1.38644e+06 1.43835e+06
1.42454e+06 1.38599e+06 1.39907e+06
1.43088e+06 1.37298e+06 1.41278e+06
1.46402e+06 1.37123e+06 1.41755e+06
1.3747e+06 1.41619e+06 1.5001e+06
1.37314e+06 1.4208e+06 1.4637e+06
1.47196e+06 1.37806e+06 1.39856e+06
1.48309e+06 1.39321e+06 1.39309e+06
1.46402e+06 1.37123e+06 1.41755e+06
1.39377e+06 1.37954e+06 1.40574e+06
1.48266e+06 1.43683e+06 1.37885e+06
1.46273e+06 1.37742e+06 1.40071e+06
1.3747e+06 1.41619e+06 1.5001e+06
1.37314e+06 1.4208e+06 1.4637e+06
1.45325e+06 1.37683e+06 1.41028e+06
1.46304e+06 1.43197e+06 1.38169e+06
1.39487e+06 1.41583e+06 1.39879e+06
1.39377e+06 1.37954e+06 1.40574e+06
1.48309e+06 1.39321e+06 1.39309e+06
1.40076e+06 1.37458e+06 1.42778e+06
1.4241e+06 1.37862e+06 1.42126e+06
1.48266e+06 1.43683e+06 1.37885e+06
1.46813e+06 1.40641e+06 1.39345e+06
1.45875e+06 1.43544e+06 1.3854e+06
1.46145e+06 1.40114e+06 1.39446e+06
1.4241e+06 1.37862e+06 1.42126e+06
1.43421e+06 1.39202e+06 1.39842e+06
1.44148e+06 1.36157e+06 1.4289e+06
1.45875e+06 1.43544e+06 1.3854e+06
1.36647e+06 1.43253e+06 1.46051e+06
1.44148e+06 1.36157e+06 1.4289e+06
1.39487e+06 1.41583e+06 1.39879e+06
1.47665e+06 1.35647e+06 1.44338e+06
1.39177e+06 1.38159e+06 1.46491e+06
1.44342e+06 1.39607e+06 1.39641e+06
1.37314e+06 1.4208e+06 1.4637e+06
1.45731e+06 1.36312e+06 1.42878e+06
1.46145e+06 1.40114e+06 1.39446e+06
1.43421e+06 1.39202e+06 1.39842e+06
1.43029e+06 1.44104e+06 1.38592e+06
1.392e+06 1.41383e+06 1.4087e+06
1.44517e+06 1.45754e+06 1.37901e+06
1.49339e+06 1.47471e+06 1.37238e+06
1.37314e+06 1.4208e+06 1.4637e+06
1.46304e+06 1.43197e+06 1.38169e+06
1.42454e+06 1.38599e+06 1.39907e+06
1.45092e+06 1.41615e+06 1.38722e+06
1.45325e+06 1.37683e+06 1.41028e+06
1.48266e+06 1.43683e+06 1.37885e+06
1.392e+06 1.41383e+06 1.4087e+06
1.41135e+06 1.36544e+06 1.42915e+06
1.42385e+06 1.40722e+06 1.40038e+06
1.40339e+06 1.37275e+06 1.46518e+06
1.39177e+06 1.38159e+06 1.46491e+06
1.48426e+06 1.37648e+06 1.3932e+06
1.45268e+06 1.40723e+06 1.39621e+06
1.47196e+06 1.37806e+06 1.39856e+06
1.44517e+06 1.45754e+06 1.37901e+06
1.392e+06 1.41383e+06 1.4087e+06
1.46273e+06 1.37742e+06 1.40071e+06
1.46304e+06 1.43197e+06 1.38169e+06
1.46813e+06 1.40641e+06 1.39345e+06
1.46304e+06 1.43197e+06 1.38169e+06
1.42385e+06 1.40722e+06 1.40038e+06
1.45268e+06 1.40723e+06 1.39621e+06
1.42454e+06 1.38599e+06 1.39907e+06
1.39487e+06 1.41583e+06 1.39879e+06
1.43029e+06 1.44104e+06 1.38592e+06
1.42385e+06 1.40722e+06 1.40038e+06
1.392e+06 1.41383e+06 1.4087e+06
1.39177e+06 1.38159e+06 1.46491e+06
1.392e+06 1.41383e+06 1.4087e+06
1.42385e+06 1.40722e+06 1.40038e+06
1.49339e+06 1.47471e+06 1.37238e+06
1.49339e+06 1.47471e+06 1.37238e+06
1.49339e+06 1.47471e+06 1.37238e+06
1.49339e+06 1.47471e+06 1.37238e+06
1.49339e+06 1.47471e+06 1.37238e+06
1.49339e+06 1.47471e+06 1.37238e+06
1.49339e+06 1.47471e+06 1.37238e+06
1.49339e+06 1.47471e+06 1.37238e+06
1.49339e+06 1.47471e+06 1.37238e+06
1.49339e+06 1.47471e+06 1.37238e+06
1.49339e+06 1.47471e+06 1.37238e+06
1.49339e+06 1.47471e+06 1.37238e+06
1.49339e+06 1.47471e+06 1.37238e+06
1.48266e+06 1.43683e+06 1.37885e+06
1.48266e+06 1.43683e+06 1.37885e+06
1.47665e+06 1.35647e+06 1.44338e+06
1.47665e+06 1.35647e+06 1.44338e+06
1.47196e+06 1.37806e+06 1.39856e+06
1.46813e+06 1.40641e+06 1.39345e+06
1.46813e+06 1.40641e+06 1.39345e+06
1.46402e+06 1.37123e+06 1.41755e+06
1.46304e+06 1.43197e+06 1.38169e+06
1.46304e+06 1.43197e+06 1.38169e+06
1.46304e+06 1.43197e+06 1.38169e+06
1.46145e+06 1.40114e+06 1.39446e+06
1.46145e+06 1.40114e+06 1.39446e+06
1.45875e+06 1.43544e+06 1.3854e+06
1.45875e+06 1.43544e+06 1.3854e+06
1.45875e+06 1.43544e+06 1.3854e+06
1.45325e+06 1.37683e+06 1.41028e+06
1.45325e+06 1.37683e+06 1.41028e+06
1.45268e+06 1.40723e+06 1.39621e+06
1.45092e+06 1.41615e+06 1.38722e+06
1.44517e+06 1.45754e+06 1.37901e+06
1.43029e+06 1.44104e+06 1.38592e+06
1.40339e+06 1.37275e+06 1.46518e+06
1.40339e+06 1.37275e+06 1.46518e+06
1.40076e+06 1.37458e+06 1.42778e+06
1.39225e+06 1.38644e+06 1.43835e+06
1.39225e+06 1.38644e+06 1.43835e+06
1.392e+06 1.41383e+06 1.4087e+06
1.392e+06 1.41383e+06 1.4087e+06
1.392e+06 1.41383e+06 1.4087e+06
1.392e+06 1.41383e+06 1.4087e+06
1.39177e+06 1.38159e+06 1.46491e+06
1.39177e+06 1.38159e+06 1.46491e+06
1.3747e+06 1.41619e+06 1.5001e+06
1.3747e+06 1.41619e+06 1.5001e+06
1.37314e+06 1.4208e+06 1.4637e+06
1.37314e+06 1.4208e+06 1.4637e+06
1.37314e+06 1.4208e+06 1.4637e+06
1.50267e+06 1.40963e+06 1.39547e+06
1.49201e+06 1.4186e+06 1.38445e+06
1.48833e+06 1.35266e+06 1.43938e+06
1.45046e+06 1.46115e+06 1.38987e+06
1.36661e+06 1.44331e+06 1.51121e+06
1.37366e+06 1.44572e+06 1.48486e+06
1.41397e+06 1.36975e+06 1.50214e+06
1.40144e+06 1.38216e+06 1.46965e+06
1.39362e+06 1.45238e+06 1.41542e+06
1.48196e+06 1.42892e+06 1.38603e+06
1.3837e+06 1.4136e+06 1.47823e+06
1.45863e+06 1.43673e+06 1.38744e+06
1.4178e+06 1.40343e+06 1.40768e+06
1.43344e+06 1.37624e+06 1.41649e+06
1.39422e+06 1.38661e+06 1.44541e+06
1.46682e+06 1.35772e+06 1.45866e+06
1.44881e+06 1.3845e+06 1.40038e+06
1.47755e+06 1.36525e+06 1.43062e+06
1.45458e+06 1.4314e+06 1.39192e+06
1.43617e+06 1.39039e+06 1.40414e+06
1.3961e+06 1.41645e+06 1.41216e+06
1.49201e+06 1.4186e+06 1.38445e+06
1.38889e+06 1.42283e+06 1.43337e+06
1.41273e+06 1.42101e+06 1.40467e+06
1.39834e+06 1.40187e+06 1.42259e+06
1.42491e+06 1.39556e+06 1.40395e+06
1.48833e+06 1.35266e+06 1.43938e+06
1.44245e+06 1.37303e+06 1.42681e+06
1.45046e+06 1.46115e+06 1.38987e+06
1.40181e+06 1.40009e+06 1.42774e+06
1.46942e+06 1.40467e+06 1.39696e+06
1.39398e+06 1.44094e+06 1.42778e+06
1.41774e+06 1.36568e+06 1.45884e+06
1.40048e+06 1.40908e+06 1.41696e+06
1.46418e+06 1.36438e+06 1.43981e+06
1.38569e+06 1.40804e+06 1.45187e+06
1.41427e+06 1.36849e+06 1.44172e+06
1.42491e+06 1.39556e+06 1.40395e+06
1.46012e+06 1.35745e+06 1.48441e+06
1.40596e+06 1.40549e+06 1.41458e+06
1.37366e+06 1.44572e+06 1.48486e+06
1.42544e+06 1.38436e+06 1.40559e+06
1.38634e+06 1.41073e+06 1.43892e+06
1.43571e+06 1.43555e+06 1.39001e+06
1.39724e+06 1.40567e+06 1.43653e+06
1.41768e+06 1.38356e+06 1.42338e+06
1.3837e+06 1.4136e+06 1.47823e+06
1.4411e+06 1.42898e+06 1.3923e+06
1.47142e+06 1.36294e+06 1.43509e+06
1.47367e+06 1.36234e+06 1.44808e+06
1.39618e+06 1.42335e+06 1.40618e+06
1.40458e+06 1.37605e+06 1.44856e+06
1.49156e+06 1.3708e+06 1.42579e+06
1.38569e+06 1.40804e+06 1.45187e+06
1.46012e+06 1.35745e+06 1.48441e+06
1.39677e+06 1.41226e+06 1.41414e+06
1.45234e+06 1.36483e+06 1.44858e+06
1.39399e+06 1.44367e+06 1.42518e+06
1.44526e+06 1.36567e+06 1.44761e+06
1.47202e+06 1.41292e+06 1.39613e+06
1.40475e+06 1.43034e+06 1.40539e+06
1.43934e+06 1.35763e+06 1.47528e+06
1.47367e+06 1.36234e+06 1.44808e+06
1.43895e+06 1.36451e+06 1.47377e+06
1.44526e+06 1.36567e+06 1.44761e+06
1.41427e+06 1.36849e+06 1.44172e+06
1.43344e+06 1.37624e+06 1.41649e+06
1.41774e+06 1.36568e+06 1.45884e+06
1.4393e+06 1.38414e+06 1.40725e+06
1.43895e+06 1.36451e+06 1.47377e+06
1.46682e+06 1.35772e+06 1.45866e+06
1.49156e+06 1.3708e+06 1.42579e+06
1.39618e+06 1.42335e+06 1.40618e+06
1.45234e+06 1.36483e+06 1.44858e+06
1.43571e+06 1.43555e+06 1.39001e+06
1.46012e+06 1.35745e+06 1.48441e+06
1.43934e+06 1.35763e+06 1.47528e+06
1.43895e+06 1.36451e+06 1.47377e+06
1.49201e+06 1.4186e+06 1.38445e+06
1.43895e+06 1.36451e+06 1.47377e+06
1.41774e+06 1.36568e+06 1.45884e+06
1.43934e+06 1.35763e+06 1.47528e+06
1.49201e+06 1.4186e+06 1.38445e+06
1.46682e+06 1.35772e+06 1.45866e+06
1.46682e+06 1.35772e+06 1.45866e+06
1.43934e+06 1.35763e+06 1.47528e+06
1.41774e+06 1.36568e+06 1.45884e+06
1.41427e+06 1.36849e+06 1.44172e+06
1.49254e+06 1.38731e+06 1.40678e+06
1.47133e+06 1.36542e+06 1.44052e+06
1.46648e+06 1.42985e+06 1.39454e+06
1.41183e+06 1.45428e+06 1.40718e+06
1.39673e+06 1.39704e+06 1.45228e+06
1.39004e+06 1.45256e+06 1.44227e+06
1.43114e+06 1.36927e+06 1.45007e+06
1.48133e+06 1.42177e+06 1.40102e+06
1.39947e+06 1.426e+06 1.42431e+06
1.42105e+06 1.39536e+06 1.43478e+06
1.46366e+06 1.43227e+06 1.39752e+06
1.44914e+06 1.38999e+06 1.40392e+06
1.41293e+06 1.4372e+06 1.41164e+06
1.40846e+06 1.41029e+06 1.41688e+06
1.42431e+06 1.41716e+06 1.41202e+06
1.44064e+06 1.37798e+06 1.43874e+06
1.40643e+06 1.43427e+06 1.42096e+06
1.43435e+06 1.39071e+06 1.44312e+06
1.4202e+06 1.40335e+06 1.43804e+06
1.435e+06 1.39866e+06 1.41015e+06
1.43536e+06 1.38055e+06 1.43782e+06
1.43508e+06 1.38218e+06 1.42335e+06
1.43519e+06 1.40746e+06 1.40496e+06
1.40797e+06 1.3795e+06 1.45212e+06
1.42086e+06 1.4196e+06 1.41121e+06
1.50575e+06 1.40079e+06 1.4137e+06
1.46281e+06 1.44273e+06 1.40629e+06
1.4317e+06 1.4663e+06 1.41542e+06
1.42173e+06 1.37973e+06 1.466e+06
1.41406e+06 1.40501e+06 1.47516e+06
1.40336e+06 1.44093e+06 1.43145e+06
1.48264e+06 1.39653e+06 1.42361e+06
1.43794e+06 1.44437e+06 1.40981e+06
1.46746e+06 1.38383e+06 1.44919e+06
1.41195e+06 1.4308e+06 1.44672e+06
1.44435e+06 1.38967e+06 1.44005e+06
1.40981e+06 1.43402e+06 1.41936e+06
1.41832e+06 1.41123e+06 1.46849e+06
1.42704e+06 1.41612e+06 1.43465e+06
1.42646e+06 1.38496e+06 1.46038e+06
1.45771e+06 1.4057e+06 1.41434e+06
1.42396e+06 1.42274e+06 1.42831e+06
1.43292e+06 1.40802e+06 1.45447e+06
1.4171e+06 1.41223e+06 1.46508e+06
1.42891e+06 1.40951e+06 1.43911e+06
1.43089e+06 1.41954e+06 1.4289e+06
1.44177e+06 1.3889e+06 1.45261e+06
1.43964e+06 1.41825e+06 1.41732e+06
1.45085e+06 1.4072e+06 1.41488e+06
1.42206e+06 1.42252e+06 1.43255e+06
1.44694e+06 1.40882e+06 1.41197e+06
1.43698e+06 1.40745e+06 1.42201e+06
1.4502e+06 1.38628e+06 1.42789e+06
1.42504e+06 1.40815e+06 1.46381e+06
1.43776e+06 1.40338e+06 1.41843e+06
1.44597e+06 1.3882e+06 1.45312e+06
1.42503e+06 1.43286e+06 1.42734e+06
1.43462e+06 1.43382e+06 1.42502e+06
1.43219e+06 1.41148e+06 1.42547e+06
1.42186e+06 1.40823e+06 1.44752e+06
1.44686e+06 1.40967e+06 1.41771e+06
1.49413e+06 1.38475e+06 1.48044e+06
1.48232e+06 1.4245e+06 1.41234e+06
1.4262e+06 1.46819e+06 1.43276e+06
1.41755e+06 1.42242e+06 1.48114e+06
1.41002e+06 1.45172e+06 1.45031e+06
1.46378e+06 1.39039e+06 1.43104e+06
1.42331e+06 1.44662e+06 1.45288e+06
1.48728e+06 1.4067e+06 1.41848e+06
1.4575e+06 1.4194e+06 1.42268e+06
1.44303e+06 1.40271e+06 1.46146e+06
1.42685e+06 1.43881e+06 1.44588e+06
1.44806e+06 1.40142e+06 1.47199e+06
1.45282e+06 1.39058e+06 1.43142e+06
1.42367e+06 1.4164e+06 1.46373e+06
1.42226e+06 1.39769e+06 1.47846e+06
1.43474e+06 1.4344e+06 1.43256e+06
1.43032e+06 1.43073e+06 1.44238e+06
1.44825e+06 1.42833e+06 1.41285e+06
1.4448e+06 1.41518e+06 1.42803e+06
1.44658e+06 1.40928e+06 1.42997e+06
1.42146e+06 1.42572e+06 1.47753e+06
1.43379e+06 1.42915e+06 1.43821e+06
1.44024e+06 1.4429e+06 1.42044e+06
1.44357e+06 1.41343e+06 1.44053e+06
1.42444e+06 1.44005e+06 1.43927e+06
1.44015e+06 1.41807e+06 1.44162e+06
1.42652e+06 1.41536e+06 1.47485e+06
1.44137e+06 1.40598e+06 1.44145e+06
1.44797e+06 1.42072e+06 1.42001e+06
1.43217e+06 1.41841e+06 1.44143e+06
1.51467e+06 1.40849e+06 1.4242e+06
1.46362e+06 1.39059e+06 1.46486e+06
1.45778e+06 1.43452e+06 1.41309e+06
1.42568e+06 1.40062e+06 1.5183e+06
1.41948e+06 1.45817e+06 1.47354e+06
1.4176e+06 1.4247e+06 1.49332e+06
1.43183e+06 1.44249e+06 1.45853e+06
1.48393e+06 1.40147e+06 1.44085e+06
1.4255e+06 1.43691e+06 1.49169e+06
1.48137e+06 1.40541e+06 1.43598e+06
1.46828e+06 1.43409e+06 1.42025e+06
1.43374e+06 1.43221e+06 1.47474e+06
1.44025e+06 1.4285e+06 1.45732e+06
1.44464e+06 1.4133e+06 1.46438e+06
1.45298e+06 1.39646e+06 1.44238e+06
1.43684e+06 1.42858e+06 1.44603e+06
1.4634e+06 1.39215e+06 1.46069e+06
1.43606e+06 1.41958e+06 1.46356e+06
1.45068e+06 1.4318e+06 1.42655e+06
1.44874e+06 1.40274e+06 1.46748e+06
1.44834e+06 1.41095e+06 1.44445e+06
1.43744e+06 1.42537e+06 1.45953e+06
1.46593e+06 1.42201e+06 1.42178e+06
1.45384e+06 1.40178e+06 1.43825e+06
1.45701e+06 1.42319e+06 1.42434e+06
1.45712e+06 1.42182e+06 1.43213e+06
1.45356e+06 1.42107e+06 1.43253e+06
1.51129e+06 1.42292e+06 1.43306e+06
1.48796e+06 1.4336e+06 1.42256e+06
1.45413e+06 1.41177e+06 1.4484e+06
1.44953e+06 1.41938e+06 1.47773e+06
1.43716e+06 1.44406e+06 1.45079e+06
1.45312e+06 1.41381e+06 1.46183e+06
1.46377e+06 1.42342e+06 1.44056e+06
1.44628e+06 1.44324e+06 1.45128e+06
1.46218e+06 1.43105e+06 1.4261e+06
1.44929e+06 1.439e+06 1.44572e+06
1.4574e+06 1.42465e+06 1.43263e+06
1.44664e+06 1.41956e+06 1.47689e+06
1.44976e+06 1.42745e+06 1.44585e+06
1.46131e+06 1.41974e+06 1.44362e+06
1.44857e+06 1.43283e+06 1.46e+06
1.4496e+06 1.43257e+06 1.4504e+06
1.50426e+06 1.41446e+06 1.46707e+06
1.47507e+06 1.44917e+06 1.43335e+06
1.47166e+06 1.4724e+06 1.43826e+06
1.45046e+06 1.42903e+06 1.46608e+06
1.47562e+06 1.42926e+06 1.43906e+06
1.45942e+06 1.45166e+06 1.44518e+06
1.46312e+06 1.41469e+06 1.45982e+06
1.47084e+06 1.42805e+06 1.45384e+06
1.4526e+06 1.42911e+06 1.45299e+06
1.47302e+06 1.42907e+06 1.45381e+06
1.49169e+06 1.45332e+06 1.44618e+06
1.46764e+06 1.41577e+06 1.47021e+06
1.456e+06 1.43261e+06 1.45335e+06
1.47802e+06 1.44224e+06 1.4471e+06
1.46802e+06 1.43038e+06 1.45828e+06
1.49081e+06 1.43875e+06 1.47157e+06
1.48275e+06 1.44458e+06 1.4522e+06
1.46381e+06 1.45641e+06 1.46022e+06
1.46087e+06 1.44362e+06 1.48012e+06
1.45907e+06 1.45442e+06 1.46755e+06
1.47437e+06 1.44251e+06 1.47919e+06
1.48256e+06 1.44073e+06 1.46358e+06
1.46234e+06 1.47734e+06 1.47811e+06
