0 0.00717262
341607 344622
349430 330049
334067 322926
336034 336054
346297 347463
355482 331834
338216 343901
353830 328678
322786 322786
330130 333349
356303 308660
366659 348050
349056 322091
343680 345168
352623 328217
342985 331266
344071 335978
354116 355714
360016 343756
359669 332580
344601 326388
345777 328953
312144 333921
339276 321552
334976 337827
333078 333031
348305 334218
323750 335904
343392 317299
354961 343513
349721 334116
337935 322678
345026 335346
339408 336387
330037 328715
330498 326044
329959 327962
327480 331124
335114 336482
344157 344990
344336 342827
332182 322408
349063 336644
343795 332039
329698 340915
347394 327171
358797 336173
327354 322377
340393 348202
337886 340454
340074 332522
334630 332714
341732 345670
326517 332805
332678 334319
328987 331182
336757 329488
362843 351532
346396 333337
314717 316384
338714 342229
330763 313777
373054 335715
339474 338634
345873 331233
341108 330953
343509 320526
335891 324541
339985 331511
337854 336324
341773 358136
314913 319744
332036 340427
334347 312995
338632 321162
350479 320388
317759 347326
360348 323646
344933 336847
343515 344273
367030 317877
339898 335423
303344 347407
335250 316798
323340 339450
350286 336794
355263 329290
349095 331685
327758 317010
329190 336819
343334 341557
332245 339676
331808 337167
336116 328372
312167 344530
332157 327748
351993 341794
333547 326758
346608 337762
346982 335127
332381 334456
331852 328497
330558 349827
327025 341513
345230 332208
325390 327124
347266 328152
330481 338496
333827 343345
351348 332240
348158 331991
343963 320084
312225 335761
331117 344354
334497 325434
347910 354106
367227 333329
344457 340945
344368 316843
358887 336240
329885 320185
338246 334068
322141 333525
332338 335680
334842 338417
334576 365255
322211 357462
336001 349126
329118 319697
344129 345161
363885 350826
354221 336968
331991 337215
344515 350180
348326 343912
330590 332416
337809 339903
350873 317885
331625 357409
354065 317392
351401 315899
352128 333467
337378 304461
361943 327332
312266 319006
336482 330281
341618 335864
328618 326261
335153 339811
353961 328720
340983 325591
349225 307845
335286 338952
332319 313715
333643 337397
341486 325615
329125 333277
318347 335464
351564 341885
334120 339667
334831 345342
336256 351643
340087 308141
350032 334746
334065 327414
330097 320789
343581 348564
350671 329564
325170 330983
343915 326061
330586 340717
337663 323731
350636 332107
330799 334152
354661 352383
346841 333621
359304 333337
349837 331530
350400 346300
323371 350898
338877 331986
322284 329855
347184 333470
340129 339293
333888 335509
355651 318138
332248 326449
326196 326111
328290 330995
360820 326590
342816 320027
343222 330108
336557 328427
344866 341630
326119 323111
316690 338992
331712 314041
354731 327884
331060 322236
340514 338570
355353 325394
336940 349589
336606 337558
365561 333779
326530 313745
357141 348853
338738 316469
346955 333756
324016 334864
338584 327567
358943 345706
344529 333812
349834 319079
338478 343049
352131 323387
314153 353000
364536 333532
327257 330923
334000 343503
335297 323278
345747 355829
327689 342996
346587 334071
334640 331084
341881 327264
355176 316464
352998 325864
332120 327626
343746 332767
340991 347978
339594 329119
338365 319714
342450 313208
345324 316526
331733 320916
350926 324107
357273 331912
334749 317911
352199 346688
333179 332360
346235 342786
317981 333805
344246 332566
338495 337059
356735 349870
359217 338034
355294 325797
338599 337093
336539 328690
340893 330574
344827 324481
352957 339919
344774 328860
350152 340389
340984 334511
316165 338254
335188 330742
325184 334142
349798 335398
320888 337063
348612 325637
351821 323812
338053 337944
345742 317803
346547 342161
349606 339681
336524 309201
360077 350506
350006 347023
342381 344376
322678 323815
328055 316698
332063 335689
318155 337886
326540 330431
329436 340604
339544 323203
343549 335236
338069 321534
336838 343270
336815 351269
345202 332039
317232 350212
350890 338713
365820 336392
336427 340189
338691 328013
333315 310076
335492 321102
357969 336508
329187 329877
332078 333668
341207 337322
352573 334855
345942 357487
339464 331440
351506 335463
357610 331880
318581 346351
337300 343190
338655 327269
325069 340342
337662 324929
353129 321018
333627 328259
323645 335055
336963 317817
355165 345310
325929 323411
325019 339508
350490 334739
330272 339543
348425 341380
341161 344224
351888 323305
327726 337150
331920 327720
330170 357913
349485 339774
353153 330099
341080 336044
350272 350662
338568 342584
319638 337256
320921 325654
344118 301080
355440 346523
352076 332807
364286 346452
334741 342453
330031 326974
323262 345940
339342 342532
340885 329792
340038 322390
353138 336689
323026 328961
320446 334223
345852 323199
335756 329233
332377 345886
315746 317912
345856 336309
343523 336823
346241 321852
341942 304609
325056 342452
331864 335117
342924 347047
323660 330303
335982 342431
348304 327509
347239 337133
326209 333453
359425 325508
335508 334168
358113 336041
346195 333292
339779 331526
341082 335472
336481 322797
318809 322999
355393 352004
335381 335552
329551 323932
327345 332696
357235 334958
338751 314389
338188 331021
352607 342368
349982 323904
333845 331798
361774 347252
361415 330280
348361 345576
339756 350102
361728 320808
343256 331194
347634 327668
336699 343594
323675 331998
331607 336586
361626 310181
354928 327599
321711 337114
319902 333661
329387 349730
323530 325404
353057 330830
354126 328716
351879 336827
324307 335249
374666 320333
343731 333322
337994 332670
343929 325149
346325 317205
347058 341236
337841 333824
336200 340015
331130 315614
350850 325520
342267 318885
354701 357528
345929 350486
341265 333408
362765 357881
326596 302953
337959 319730
347141 344089
329134 330748
345055 348845
347183 339181
335142 339464
329149 327991
362144 335155
327844 335388
333997 323730
328886 320908
332299 346449
354954 334697
339112 348803
344737 331737
343343 325446
334404 343582
353233 331625
334729 325759
337024 321822
347357 334996
356603 336723
343186 310248
339301 352731
353096 341198
332027 365199
340466 342710
326218 333648
354793 342618
329111 345920
331000 324285
345270 351125
329631 332812
317675 323388
347693 328601
327966 317505
354919 336806
357523 341043
331030 329345
332221 336060
