20 0.492706
331725 286981
295939 334349
331725 286981
328383 302790
299018 318785
317444 305456
313890 306336
307775 309506
307775 309506
301533 312396
322221 305153
301533 312396
299018 318785
328383 302790
322221 305153
313890 306336
328383 302790
331725 286981
331725 286981
331725 286981
331725 286981
331725 286981
328383 302790
328383 302790
322221 305153
301533 312396
299018 318785
299018 318785
299018 318785
299018 318785
299018 318785
299018 318785
299018 318785
340405 293922
299157 327588
299157 327588
333046 305476
305686 320018
321192 306081
334633 295374
316138 310816
311538 315979
321192 306081
316138 310816
308825 318419
340405 293922
334633 295374
305686 320018
311442 317366
311442 317366
311538 315979
334633 295374
333046 305476
333046 305476
311538 315979
340405 293922
340405 293922
340405 293922
340405 293922
340405 293922
334633 295374
334633 295374
333046 305476
333046 305476
321192 306081
321192 306081
321192 306081
343192 305278
307397 328809
324356 306473
320989 311199
314038 316468
341040 305402
310602 318616
310602 318616
352172 311889
311699 335505
336698 314589
315108 324711
323234 315486
318656 321070
338754 315458
317017 328560
324390 319726
329935 317224
333540 316229
339331 316256
322046 330911
327356 322456
331195 320887
324635 325273
324452 328544
333709 318030
335377 317176
339366 316453
323436 336497
326439 332524
334332 321737
336890 318370
327327 328453
329423 326450
333252 325869
332419 326078
348422 316946
324522 343336
338658 318920
327172 333987
332880 329090
336908 322369
328072 332169
335810 328215
343954 319741
328612 338458
336109 331444
332958 334446
338095 323195
341780 322164
341583 322461
344432 320526
329613 345814
341738 329935
337190 333517
331990 338515
343800 324152
333098 334574
360062 320776
330687 352406
344514 321092
332279 351208
343821 333053
333087 340507
339493 334156
338663 335734
333799 339224
336829 337191
335373 337511
342382 333659
343131 333363
349325 322715
335366 340826
347231 334793
340310 335357
344039 334952
338318 338194
337326 339274
353820 323210
335597 356462
350254 324731
335721 346535
338478 338850
345928 335363
342688 337220
352810 324251
345198 336954
356856 326626
337947 347073
348302 336752
350992 328648
338748 341341
343739 338778
352823 327706
342393 339926
361846 328954
338730 351084
344592 340245
352226 336261
340874 343063
339081 345174
353264 334536
355585 330802
356729 329802
376626 331881
344016 347425
362509 333233
347263 342767
353024 336928
353653 336135
359250 340130
347985 347855
365273 347174
340728 280233
283204 338029
283204 338029
300326 325827
326094 291882
314048 311588
305342 312887
332680 291506
283204 338029
316934 302563
304296 323593
316934 302563
316934 302563
332680 291506
304296 323593
300326 325827
316934 302563
316934 302563
316934 302563
300326 325827
346526 292234
300921 345619
300921 345619
304601 332216
331227 299354
302584 342427
325404 309821
305362 316724
320599 312215
311076 313732
311076 313732
305362 316724
330588 307231
330588 307231
320599 312215
331227 299354
305362 316724
331227 299354
331227 299354
331227 299354
331227 299354
331227 299354
331227 299354
331227 299354
331227 299354
331227 299354
331227 299354
331227 299354
331227 299354
331227 299354
331227 299354
331227 299354
331227 299354
331227 299354
331227 299354
331227 299354
311076 313732
311076 313732
311076 313732
311076 313732
311076 313732
311076 313732
311076 313732
305362 316724
305362 316724
305362 316724
305362 316724
305362 316724
305362 316724
331231 302581
307959 329067
307959 329067
326683 310921
314069 315013
312400 322297
314069 315013
351282 305193
311515 334403
320558 318256
336026 312899
341536 307950
313118 328212
313118 328212
345443 307522
329575 313641
327093 315935
325095 317489
353314 310208
316206 345749
319359 329445
330827 318893
345766 312285
323157 327724
346100 311299
323953 322814
328950 319778
326066 322358
346957 312630
320530 342227
332631 318966
329654 320869
324845 326126
321894 336223
323845 329878
323005 333009
359222 314564
324690 341925
325181 327759
349104 315438
347744 316425
336791 321147
341809 320582
330796 325068
331910 323926
340633 320619
350369 315888
326376 331024
340710 320905
349766 319621
332883 328311
334469 323978
327751 329100
334361 324349
356181 316979
327048 338354
351060 321356
341617 322594
355406 317787
333134 328759
330988 331981
328880 333243
338561 325877
328073 336543
337095 328408
337114 326995
337773 326324
354214 321791
327307 356296
328025 338382
348652 324734
342780 326332
333703 331167
337695 327930
329748 334674
331302 333302
337633 329489
365154 322406
328639 343505
341573 329303
330997 338637
333667 333618
340137 333242
355848 330597
329755 346902
342418 332811
333991 335720
337693 335718
348454 333834
331757 351626
334710 338091
343897 336070
336275 336157
343389 337001
335331 350579
338698 339124
342485 337747
335468 341937
335339 343195
356974 341756
336087 354763
354309 342349
338593 344244
338351 345430
358750 343797
342095 344844
345836 345999
344146 359545
344476 354669
350364 359695
352220 360447
347539 292871
301253 335414
301253 335414
320944 299599
302949 313782
347539 292871
313302 313253
317331 306186
317248 308753
313302 313253
317331 306186
317248 308753
301253 335414
317248 308753
317331 306186
317331 306186
317331 306186
317331 306186
317331 306186
317331 306186
317248 308753
317248 308753
317248 308753
301253 335414
301253 335414
301253 335414
301253 335414
301253 335414
350722 295079
303746 338165
303746 338165
307299 317467
315954 313677
329942 302154
319159 306483
336453 300168
349599 299100
319159 306483
308431 316232
336453 300168
329942 302154
349599 299100
303746 338165
308431 316232
307299 317467
329942 302154
336453 300168
308431 316232
336453 300168
336453 300168
336453 300168
336453 300168
329942 302154
329942 302154
329942 302154
329942 302154
329942 302154
319159 306483
308431 316232
308431 316232
308431 316232
307299 317467
333192 302368
312476 339762
319280 328334
324485 328219
326790 312164
327763 307602
332399 305865
359990 307548
321468 331170
329390 311542
329031 321913
347865 311218
326117 328902
351328 308651
349797 308654
360156 308390
321539 336440
350449 312045
336026 313989
329507 331535
329522 323713
334807 317557
330218 318621
324649 332960
323833 333373
330148 321735
335131 314224
349851 314697
326125 346488
337283 320130
341746 315539
328463 337351
330893 321246
330742 325987
347900 315166
329214 333250
328521 333805
343306 315934
330505 335263
331317 322422
337918 322410
342680 321459
342855 320852
345677 316071
332080 325196
343906 316388
340751 322608
338629 324279
340146 322916
347649 316456
332946 328269
342080 323231
344910 320607
344058 322186
350882 318151
334521 346637
343484 327989
348375 318832
334842 338647
337866 328748
335713 337321
346261 322910
336381 330691
344388 326418
336977 329511
345902 325112
345715 325916
337675 328906
357605 319002
335994 347782
337708 329227
344989 327187
351337 321103
348809 325499
337402 336660
336127 341966
336340 338987
354243 321434
337839 352623
339926 333063
353853 324262
344990 328051
341418 331583
344666 329731
361567 321575
340634 333105
354705 327299
346880 328967
344937 332023
346839 330004
366720 326133
341254 344721
349656 329293
346300 334400
345617 340774
347212 330131
344091 343255
360896 330031
342021 349817
349268 332092
354107 331628
348372 341487
342250 346719
347667 343911
360745 330078
354699 333147
345582 352361
348516 344571
349753 335806
354611 333471
359408 339686
349191 344887
352617 339722
354099 339924
349760 347592
354503 342941
363967 344516
355576 345954
328237 286683
293124 346560
293124 346560
328237 286683
299059 330229
305924 319284
299059 330229
323271 305930
312086 312052
306728 315235
323271 305930
316582 311241
312086 312052
322199 308633
319233 311014
306728 315235
305924 319284
319233 311014
322199 308633
316582 311241
323271 305930
316582 311241
328237 286683
328237 286683
328237 286683
328237 286683
323271 305930
323271 305930
323271 305930
323271 305930
323271 305930
319233 311014
319233 311014
319233 311014
319233 311014
319233 311014
316582 311241
312086 312052
312086 312052
306728 315235
306728 315235
306728 315235
299059 330229
299059 330229
299059 330229
299059 330229
299059 330229
299059 330229
299059 330229
299059 330229
333011 287343
299001 350741
299001 350741
306843 324649
326199 309609
301058 330971
329412 301122
307068 315804
333011 287343
321006 311097
312834 314862
299064 332896
329337 302313
312834 314862
321006 311097
299064 332896
299001 350741
321006 311097
348410 302035
312962 326147
322150 312476
335362 308053
320027 322029
334310 311046
314619 323325
361102 308689
317727 333991
328207 312836
322341 316452
351954 313038
318147 335969
322419 327296
333424 313924
325782 319800
327786 317932
329940 314426
344172 317394
320335 342186
332235 317656
321893 336958
323034 329908
326330 329639
329681 318390
327182 323673
328036 323317
321523 340588
330981 318222
365096 317697
321364 344713
327327 331933
329996 320086
322242 337407
338350 318811
351326 318392
354205 318017
324782 333771
333398 319166
326341 333691
330261 319331
330087 320209
323773 343376
327351 332427
324874 337180
354981 321020
323780 345070
337549 321947
328700 332597
330293 323740
325537 338300
358000 321719
325954 350338
328216 339215
344845 322540
329509 333085
326943 347849
341874 323926
333131 325122
330489 325808
365181 324747
329813 335565
330941 327108
346024 325967
342209 326338
343945 326130
346710 326262
330858 342470
332165 327218
332081 334536
354121 327323
330871 352025
335870 327860
331516 350127
333434 339376
335620 334873
333719 338823
336694 328467
331828 356934
335424 347855
335919 331969
345091 328577
336628 335532
337637 329089
348813 329219
337427 352734
337820 331528
339233 329413
338861 330167
362703 331012
338794 335705
343198 331260
347499 332089
339152 342635
343812 338019
340800 340695
346321 335407
344840 336653
339982 341273
348105 332436
341932 345295
344392 339702
346735 337993
352000 334030
343125 351499
346830 338469
351776 338013
369714 334467
343758 361098
352134 338130
347884 349008
352856 351501
