47 13.0505
2.6808e+06 3.12063e+06 3.11605e+06
3.11301e+06 2.77148e+06 3.01129e+06
3.1325e+06 3.10727e+06 2.72951e+06
3.10554e+06 2.77028e+06 2.95032e+06
3.10715e+06 2.8055e+06 2.8946e+06
2.68295e+06 3.11028e+06 3.10806e+06
3.10402e+06 3.11208e+06 2.74158e+06
2.68891e+06 3.08328e+06 3.13884e+06
3.11005e+06 2.77018e+06 2.9523e+06
3.11616e+06 2.77072e+06 2.93514e+06
3.10402e+06 3.11208e+06 2.74158e+06
2.67818e+06 3.10647e+06 3.12989e+06
3.13574e+06 3.10516e+06 2.73234e+06
2.68665e+06 3.10233e+06 3.11136e+06
2.69143e+06 3.07472e+06 3.1496e+06
3.10609e+06 2.77058e+06 2.95044e+06
3.12035e+06 2.7742e+06 2.94118e+06
2.69366e+06 3.07422e+06 3.15007e+06
3.12899e+06 3.10886e+06 2.73512e+06
2.69143e+06 3.07472e+06 3.1496e+06
3.11766e+06 2.77082e+06 2.93581e+06
3.11778e+06 2.7715e+06 2.93495e+06
3.10245e+06 3.11564e+06 2.74199e+06
2.68007e+06 3.12182e+06 3.11736e+06
3.12748e+06 3.11023e+06 2.73204e+06
2.68334e+06 3.11584e+06 3.11596e+06
3.09295e+06 2.77513e+06 3.00468e+06
3.11233e+06 2.77122e+06 2.94999e+06
3.12748e+06 3.11023e+06 2.73204e+06
2.6799e+06 3.10933e+06 3.11143e+06
3.10602e+06 2.81105e+06 2.89853e+06
2.69448e+06 3.0809e+06 3.14358e+06
3.11005e+06 2.77018e+06 2.9523e+06
3.10004e+06 2.8096e+06 2.90416e+06
3.10004e+06 2.8096e+06 2.90416e+06
2.67853e+06 3.10645e+06 3.12786e+06
3.12868e+06 3.10714e+06 2.73071e+06
2.67926e+06 3.11848e+06 3.11652e+06
2.68094e+06 3.10877e+06 3.11778e+06
3.10814e+06 2.7708e+06 2.95304e+06
3.10624e+06 2.81311e+06 2.89736e+06
2.67721e+06 3.10184e+06 3.13336e+06
3.10699e+06 3.11119e+06 2.74141e+06
2.67616e+06 3.10947e+06 3.11676e+06
3.10609e+06 2.77058e+06 2.95044e+06
3.11616e+06 2.77072e+06 2.93514e+06
3.1026e+06 3.11685e+06 2.74178e+06
2.67853e+06 3.10645e+06 3.12786e+06
3.13574e+06 3.10516e+06 2.73234e+06
2.687e+06 3.12659e+06 3.10689e+06
3.09973e+06 2.77366e+06 2.95209e+06
3.0978e+06 2.77874e+06 2.94085e+06
3.09956e+06 2.78251e+06 2.93203e+06
2.67853e+06 3.10645e+06 3.12786e+06
3.10807e+06 2.80699e+06 2.89548e+06
3.08985e+06 2.78264e+06 2.94693e+06
3.11616e+06 2.77072e+06 2.93514e+06
3.11778e+06 2.7715e+06 2.93495e+06
3.10402e+06 3.11208e+06 2.74158e+06
2.67853e+06 3.10645e+06 3.12786e+06
3.13574e+06 3.10516e+06 2.73234e+06
2.68295e+06 3.11028e+06 3.10806e+06
2.69143e+06 3.07472e+06 3.1496e+06
3.11005e+06 2.77018e+06 2.9523e+06
3.10624e+06 2.81311e+06 2.89736e+06
2.68094e+06 3.10877e+06 3.11778e+06
3.12868e+06 3.10714e+06 2.73071e+06
2.67721e+06 3.10184e+06 3.13336e+06
3.11845e+06 2.76979e+06 2.93734e+06
3.10243e+06 2.78051e+06 2.93146e+06
2.68176e+06 3.10939e+06 3.11561e+06
2.6808e+06 3.12063e+06 3.11605e+06
3.12736e+06 3.1087e+06 2.73249e+06
2.68176e+06 3.10939e+06 3.11561e+06
3.09806e+06 2.77752e+06 2.94027e+06
3.10624e+06 2.76652e+06 2.94978e+06
3.10004e+06 2.8096e+06 2.90416e+06
2.67862e+06 3.09997e+06 3.13235e+06
3.10245e+06 3.11588e+06 2.74056e+06
2.67799e+06 3.1043e+06 3.13766e+06
3.11005e+06 2.77018e+06 2.9523e+06
3.10428e+06 2.78572e+06 2.92827e+06
3.10699e+06 3.11119e+06 2.74141e+06
2.67616e+06 3.10947e+06 3.11676e+06
3.13144e+06 3.11293e+06 2.73408e+06
2.68007e+06 3.10939e+06 3.11972e+06
2.69269e+06 3.08233e+06 3.13305e+06
3.10624e+06 2.76652e+06 2.94978e+06
3.10481e+06 2.80459e+06 2.89835e+06
2.67853e+06 3.10645e+06 3.12786e+06
3.12868e+06 3.10714e+06 2.73071e+06
3.09973e+06 2.77366e+06 2.95209e+06
3.09806e+06 2.77752e+06 2.94027e+06
3.11778e+06 2.7715e+06 2.93495e+06
2.68663e+06 3.11708e+06 3.11225e+06
2.68248e+06 3.10112e+06 3.12851e+06
3.13144e+06 3.11293e+06 2.73408e+06
2.687e+06 3.12659e+06 3.10689e+06
3.10624e+06 2.76652e+06 2.94978e+06
3.10554e+06 2.77028e+06 2.95032e+06
3.12899e+06 3.10886e+06 2.73512e+06
2.67521e+06 3.11124e+06 3.11446e+06
3.12899e+06 3.10886e+06 2.73512e+06
2.69143e+06 3.07472e+06 3.1496e+06
3.10648e+06 2.77023e+06 2.95335e+06
3.1004e+06 2.81158e+06 2.91027e+06
3.10048e+06 2.81211e+06 2.91311e+06
2.68248e+06 3.10112e+06 3.12851e+06
3.12868e+06 3.10714e+06 2.73071e+06
3.09504e+06 2.78267e+06 2.94204e+06
2.68176e+06 3.10939e+06 3.11561e+06
3.10648e+06 2.77023e+06 2.95335e+06
3.10715e+06 2.8055e+06 2.8946e+06
2.684e+06 3.09754e+06 3.12711e+06
3.12868e+06 3.10714e+06 2.73071e+06
2.68226e+06 3.10222e+06 3.12479e+06
3.10609e+06 2.77058e+06 2.95044e+06
3.11616e+06 2.77072e+06 2.93514e+06
3.10245e+06 3.11588e+06 2.74056e+06
2.67853e+06 3.10645e+06 3.12786e+06
3.12868e+06 3.10714e+06 2.73071e+06
2.68176e+06 3.10939e+06 3.11561e+06
3.09973e+06 2.77366e+06 2.95209e+06
3.10668e+06 2.76899e+06 2.95228e+06
3.10154e+06 2.80938e+06 2.89998e+06
2.67853e+06 3.10645e+06 3.12786e+06
3.10715e+06 2.8055e+06 2.8946e+06
3.09295e+06 2.77513e+06 3.00468e+06
3.11005e+06 2.77018e+06 2.9523e+06
3.10602e+06 2.81105e+06 2.89853e+06
3.10004e+06 2.8096e+06 2.90416e+06
2.67521e+06 3.11124e+06 3.11446e+06
3.12899e+06 3.10886e+06 2.73512e+06
2.687e+06 3.12659e+06 3.10689e+06
3.09295e+06 2.77513e+06 3.00468e+06
3.10814e+06 2.7708e+06 2.95304e+06
3.13144e+06 3.11293e+06 2.73408e+06
2.6799e+06 3.10933e+06 3.11143e+06
3.12868e+06 3.10714e+06 2.73071e+06
2.69143e+06 3.07472e+06 3.1496e+06
3.10554e+06 2.77028e+06 2.95032e+06
3.09956e+06 2.78251e+06 2.93203e+06
2.68176e+06 3.10939e+06 3.11561e+06
2.6808e+06 3.12063e+06 3.11605e+06
3.12736e+06 3.1087e+06 2.73249e+06
3.10245e+06 3.11564e+06 2.74199e+06
3.09496e+06 2.77896e+06 2.94088e+06
3.11766e+06 2.77082e+06 2.93581e+06
3.10715e+06 2.8055e+06 2.8946e+06
2.67721e+06 3.10184e+06 3.13336e+06
3.10245e+06 3.11588e+06 2.74056e+06
2.67799e+06 3.1043e+06 3.13766e+06
3.11005e+06 2.77018e+06 2.9523e+06
3.11778e+06 2.7715e+06 2.93495e+06
3.10203e+06 3.11581e+06 2.74199e+06
2.67853e+06 3.10645e+06 3.12786e+06
3.13574e+06 3.10516e+06 2.73234e+06
2.68007e+06 3.10939e+06 3.11972e+06
2.69143e+06 3.07472e+06 3.1496e+06
3.09295e+06 2.77513e+06 3.00468e+06
3.11616e+06 2.77072e+06 2.93514e+06
2.69366e+06 3.07422e+06 3.15007e+06
3.13281e+06 3.11306e+06 2.73375e+06
3.09806e+06 2.77752e+06 2.94027e+06
3.11845e+06 2.76979e+06 2.93734e+06
3.09956e+06 2.78251e+06 2.93203e+06
3.10245e+06 3.11564e+06 2.74199e+06
2.67521e+06 3.11124e+06 3.11446e+06
3.12868e+06 3.10714e+06 2.73071e+06
2.687e+06 3.12659e+06 3.10689e+06
3.09973e+06 2.77366e+06 2.95209e+06
3.10814e+06 2.7708e+06 2.95304e+06
3.12776e+06 3.11195e+06 2.73348e+06
2.67926e+06 3.11848e+06 3.11652e+06
3.10624e+06 2.81311e+06 2.89736e+06
2.69143e+06 3.07472e+06 3.1496e+06
3.11213e+06 2.77217e+06 2.95013e+06
3.10004e+06 2.8096e+06 2.90416e+06
3.10056e+06 2.81933e+06 2.90146e+06
2.67818e+06 3.10647e+06 3.12989e+06
3.13144e+06 3.11293e+06 2.73408e+06
2.68357e+06 3.10841e+06 3.11671e+06
2.69935e+06 3.07679e+06 3.13225e+06
3.10648e+06 2.77023e+06 2.95335e+06
3.10481e+06 2.80459e+06 2.89835e+06
2.67862e+06 3.09997e+06 3.13235e+06
3.10699e+06 3.11119e+06 2.74141e+06
2.67862e+06 3.09997e+06 3.13235e+06
3.10648e+06 2.77023e+06 2.95335e+06
3.11845e+06 2.76979e+06 2.93734e+06
3.10432e+06 3.1194e+06 2.7426e+06
2.67853e+06 3.10645e+06 3.12786e+06
3.1325e+06 3.10727e+06 2.72951e+06
2.68758e+06 3.11327e+06 3.10958e+06
3.10624e+06 2.76652e+06 2.94978e+06
3.10554e+06 2.77028e+06 2.95032e+06
3.10807e+06 2.80699e+06 2.89548e+06
2.67721e+06 3.10184e+06 3.13336e+06
3.13474e+06 3.09023e+06 2.74576e+06
3.09806e+06 2.77752e+06 2.94027e+06
3.11766e+06 2.77082e+06 2.93581e+06
3.10243e+06 2.78051e+06 2.93146e+06
3.10245e+06 3.11564e+06 2.74199e+06
2.6808e+06 3.12063e+06 3.11605e+06
3.12868e+06 3.10714e+06 2.73071e+06
2.6799e+06 3.10933e+06 3.11143e+06
2.69369e+06 3.07654e+06 3.1499e+06
3.11005e+06 2.77018e+06 2.9523e+06
3.10715e+06 2.8055e+06 2.8946e+06
2.68007e+06 3.10939e+06 3.11972e+06
3.12736e+06 3.1087e+06 2.73249e+06
2.67616e+06 3.10947e+06 3.11676e+06
3.10554e+06 2.77028e+06 2.95032e+06
3.09956e+06 2.78251e+06 2.93203e+06
2.68176e+06 3.10939e+06 3.11561e+06
2.67926e+06 3.11848e+06 3.11652e+06
3.13574e+06 3.10516e+06 2.73234e+06
3.10056e+06 2.81933e+06 2.90146e+06
3.09956e+06 2.78251e+06 2.93203e+06
3.10554e+06 2.77028e+06 2.95032e+06
3.10742e+06 3.11132e+06 2.74232e+06
2.68295e+06 3.11028e+06 3.10806e+06
3.10742e+06 3.11132e+06 2.74232e+06
2.69366e+06 3.07422e+06 3.15007e+06
3.10814e+06 2.7708e+06 2.95304e+06
3.10676e+06 2.80849e+06 2.89537e+06
3.10245e+06 3.11588e+06 2.74056e+06
2.68007e+06 3.12182e+06 3.11736e+06
3.1325e+06 3.10727e+06 2.72951e+06
2.68357e+06 3.10841e+06 3.11671e+06
2.69143e+06 3.07472e+06 3.1496e+06
3.10412e+06 2.77349e+06 2.94946e+06
3.11766e+06 2.77082e+06 2.93581e+06
2.69366e+06 3.07422e+06 3.15007e+06
3.12868e+06 3.10714e+06 2.73071e+06
2.69143e+06 3.07472e+06 3.1496e+06
3.10668e+06 2.76899e+06 2.95228e+06
3.09496e+06 2.77896e+06 2.94088e+06
2.68758e+06 3.11327e+06 3.10958e+06
2.6808e+06 3.12063e+06 3.11605e+06
3.13144e+06 3.11293e+06 2.73408e+06
2.68665e+06 3.10233e+06 3.11136e+06
3.09295e+06 2.77513e+06 3.00468e+06
3.10491e+06 2.77394e+06 2.95311e+06
3.12899e+06 3.10886e+06 2.73512e+06
2.68293e+06 3.11284e+06 3.11017e+06
3.10624e+06 2.81311e+06 2.89736e+06
2.69143e+06 3.07472e+06 3.1496e+06
3.10554e+06 2.77028e+06 2.95032e+06
3.10154e+06 2.80938e+06 2.89998e+06
3.10245e+06 3.11564e+06 2.74199e+06
2.6808e+06 3.12063e+06 3.11605e+06
3.12868e+06 3.10714e+06 2.73071e+06
3.09579e+06 2.78064e+06 2.94168e+06
2.68665e+06 3.10233e+06 3.11136e+06
3.11005e+06 2.77018e+06 2.9523e+06
3.11778e+06 2.7715e+06 2.93495e+06
2.69143e+06 3.07472e+06 3.1496e+06
3.10699e+06 3.11119e+06 2.74141e+06
2.67616e+06 3.10947e+06 3.11676e+06
3.10648e+06 2.77023e+06 2.95335e+06
3.11616e+06 2.77072e+06 2.93514e+06
3.10203e+06 3.11581e+06 2.74199e+06
2.67818e+06 3.10647e+06 3.12989e+06
3.12868e+06 3.10714e+06 2.73071e+06
2.687e+06 3.12659e+06 3.10689e+06
3.10624e+06 2.76652e+06 2.94978e+06
3.09496e+06 2.77896e+06 2.94088e+06
3.10908e+06 2.80189e+06 2.90491e+06
2.67853e+06 3.10645e+06 3.12786e+06
3.10624e+06 2.81311e+06 2.89736e+06
3.08985e+06 2.78264e+06 2.94693e+06
3.11845e+06 2.76979e+06 2.93734e+06
3.10715e+06 2.8055e+06 2.8946e+06
3.10402e+06 3.11208e+06 2.74158e+06
2.68007e+06 3.12182e+06 3.11736e+06
3.1325e+06 3.10727e+06 2.72951e+06
2.67616e+06 3.10947e+06 3.11676e+06
3.09806e+06 2.77752e+06 2.94027e+06
3.11213e+06 2.77217e+06 2.95013e+06
3.13144e+06 3.11293e+06 2.73408e+06
2.68295e+06 3.11028e+06 3.10806e+06
3.12748e+06 3.11023e+06 2.73204e+06
2.69143e+06 3.07472e+06 3.1496e+06
3.10668e+06 2.76899e+06 2.95228e+06
3.09806e+06 2.77752e+06 2.94027e+06
2.68176e+06 3.10939e+06 3.11561e+06
2.6808e+06 3.12063e+06 3.11605e+06
3.13144e+06 3.11293e+06 2.73408e+06
3.10245e+06 3.11588e+06 2.74056e+06
3.09598e+06 2.77889e+06 2.94225e+06
3.10668e+06 2.76899e+06 2.95228e+06
3.10807e+06 2.80699e+06 2.89548e+06
2.67721e+06 3.10184e+06 3.13336e+06
3.10245e+06 3.11588e+06 2.74056e+06
2.67862e+06 3.09997e+06 3.13235e+06
3.10814e+06 2.7708e+06 2.95304e+06
3.11778e+06 2.7715e+06 2.93495e+06
3.10203e+06 3.11581e+06 2.74199e+06
2.67521e+06 3.11124e+06 3.11446e+06
3.13574e+06 3.10516e+06 2.73234e+06
2.68094e+06 3.10877e+06 3.11778e+06
2.69143e+06 3.07472e+06 3.1496e+06
3.11346e+06 2.76967e+06 2.94753e+06
3.11778e+06 2.7715e+06 2.93495e+06
2.69366e+06 3.07422e+06 3.15007e+06
3.12776e+06 3.11195e+06 2.73348e+06
2.69143e+06 3.07472e+06 3.1496e+06
3.11778e+06 2.7715e+06 2.93495e+06
3.09956e+06 2.78251e+06 2.93203e+06
3.10245e+06 3.11564e+06 2.74199e+06
2.67818e+06 3.10647e+06 3.12989e+06
3.12868e+06 3.10714e+06 2.73071e+06
2.687e+06 3.12659e+06 3.10689e+06
3.09295e+06 2.77513e+06 3.00468e+06
3.10554e+06 2.77028e+06 2.95032e+06
3.10742e+06 3.11132e+06 2.74232e+06
2.68295e+06 3.11028e+06 3.10806e+06
3.10056e+06 2.81933e+06 2.90146e+06
2.69366e+06 3.07422e+06 3.15007e+06
3.10814e+06 2.7708e+06 2.95304e+06
3.10203e+06 3.11581e+06 2.74199e+06
3.09956e+06 2.78251e+06 2.93203e+06
2.67853e+06 3.10645e+06 3.12786e+06
3.12868e+06 3.10714e+06 2.73071e+06
3.10056e+06 2.81933e+06 2.90146e+06
2.69935e+06 3.07679e+06 3.13225e+06
3.10609e+06 2.77058e+06 2.95044e+06
3.10676e+06 2.80849e+06 2.89537e+06
2.67721e+06 3.10184e+06 3.13336e+06
3.10699e+06 3.11119e+06 2.74141e+06
2.67721e+06 3.10184e+06 3.13336e+06
3.11346e+06 2.76967e+06 2.94753e+06
3.11616e+06 2.77072e+06 2.93514e+06
3.10203e+06 3.11581e+06 2.74199e+06
2.67818e+06 3.10647e+06 3.12989e+06
3.1325e+06 3.10727e+06 2.72951e+06
2.687e+06 3.12659e+06 3.10689e+06
3.10554e+06 2.77028e+06 2.95032e+06
3.10554e+06 2.77028e+06 2.95032e+06
3.10154e+06 2.80938e+06 2.89998e+06
2.67799e+06 3.1043e+06 3.13766e+06
3.10676e+06 2.80849e+06 2.89537e+06
2.69143e+06 3.07472e+06 3.1496e+06
3.11845e+06 2.76979e+06 2.93734e+06
3.10154e+06 2.80938e+06 2.89998e+06
3.1026e+06 3.11685e+06 2.74178e+06
2.68007e+06 3.12182e+06 3.11736e+06
3.12868e+06 3.10714e+06 2.73071e+06
2.68295e+06 3.11028e+06 3.10806e+06
2.69143e+06 3.07472e+06 3.1496e+06
3.11005e+06 2.77018e+06 2.9523e+06
3.13281e+06 3.11306e+06 2.73375e+06
2.68665e+06 3.10233e+06 3.11136e+06
3.12868e+06 3.10714e+06 2.73071e+06
2.68007e+06 3.10939e+06 3.11972e+06
3.11845e+06 2.76979e+06 2.93734e+06
3.10908e+06 2.80189e+06 2.90491e+06
2.68176e+06 3.10939e+06 3.11561e+06
2.68416e+06 3.10615e+06 3.11153e+06
3.13574e+06 3.10516e+06 2.73234e+06
2.68176e+06 3.10939e+06 3.11561e+06
3.09579e+06 2.78064e+06 2.94168e+06
3.10624e+06 2.76652e+06 2.94978e+06
3.10602e+06 2.81105e+06 2.89853e+06
2.67853e+06 3.10645e+06 3.12786e+06
3.10203e+06 3.11581e+06 2.74199e+06
2.67862e+06 3.09997e+06 3.13235e+06
3.10814e+06 2.7708e+06 2.95304e+06
3.10154e+06 2.80938e+06 2.89998e+06
3.10203e+06 3.11581e+06 2.74199e+06
2.68007e+06 3.12182e+06 3.11736e+06
3.12868e+06 3.10714e+06 2.73071e+06
2.68007e+06 3.10939e+06 3.11972e+06
2.69143e+06 3.07472e+06 3.1496e+06
3.10412e+06 2.77349e+06 2.94946e+06
3.11778e+06 2.7715e+06 2.93495e+06
2.69366e+06 3.07422e+06 3.15007e+06
3.10715e+06 2.8055e+06 2.8946e+06
3.09973e+06 2.77366e+06 2.95209e+06
3.09956e+06 2.78251e+06 2.93203e+06
3.11845e+06 2.76979e+06 2.93734e+06
2.68924e+06 3.12374e+06 3.11245e+06
2.67853e+06 3.10645e+06 3.12786e+06
3.13144e+06 3.11293e+06 2.73408e+06
2.68176e+06 3.10939e+06 3.11561e+06
3.11346e+06 2.76967e+06 2.94753e+06
3.11778e+06 2.7715e+06 2.93495e+06
3.12899e+06 3.10886e+06 2.73512e+06
2.67521e+06 3.11124e+06 3.11446e+06
3.12899e+06 3.10886e+06 2.73512e+06
2.69143e+06 3.07472e+06 3.1496e+06
3.11233e+06 2.77122e+06 2.94999e+06
3.10004e+06 2.8096e+06 2.90416e+06
3.10908e+06 2.80189e+06 2.90491e+06
2.67818e+06 3.10647e+06 3.12989e+06
3.12868e+06 3.10714e+06 2.73071e+06
2.68176e+06 3.10939e+06 3.11561e+06
2.68094e+06 3.10877e+06 3.11778e+06
3.10609e+06 2.77058e+06 2.95044e+06
3.10244e+06 2.78247e+06 2.92865e+06
2.69143e+06 3.07472e+06 3.1496e+06
3.10245e+06 3.11588e+06 2.74056e+06
2.67521e+06 3.11124e+06 3.11446e+06
3.10648e+06 2.77023e+06 2.95335e+06
3.11766e+06 2.77082e+06 2.93581e+06
3.1026e+06 3.11685e+06 2.74178e+06
2.67799e+06 3.1043e+06 3.13766e+06
3.12736e+06 3.1087e+06 2.73249e+06
2.68665e+06 3.10233e+06 3.11136e+06
3.09806e+06 2.77752e+06 2.94027e+06
3.10624e+06 2.76652e+06 2.94978e+06
3.10154e+06 2.80938e+06 2.89998e+06
2.67862e+06 3.09997e+06 3.13235e+06
3.10807e+06 2.80699e+06 2.89548e+06
3.09295e+06 2.77513e+06 3.00468e+06
3.11766e+06 2.77082e+06 2.93581e+06
3.10154e+06 2.80938e+06 2.89998e+06
3.10742e+06 3.11132e+06 2.74232e+06
2.67521e+06 3.11124e+06 3.11446e+06
3.1325e+06 3.10727e+06 2.72951e+06
2.68293e+06 3.11284e+06 3.11017e+06
3.08985e+06 2.78264e+06 2.94693e+06
3.10648e+06 2.77023e+06 2.95335e+06
3.10624e+06 2.81311e+06 2.89736e+06
2.68295e+06 3.11028e+06 3.10806e+06
3.12748e+06 3.11023e+06 2.73204e+06
2.68007e+06 3.10939e+06 3.11972e+06
3.10554e+06 2.77028e+06 2.95032e+06
3.0978e+06 2.77874e+06 2.94085e+06
2.68176e+06 3.10939e+06 3.11561e+06
2.6808e+06 3.12063e+06 3.11605e+06
3.1325e+06 3.10727e+06 2.72951e+06
3.10245e+06 3.11564e+06 2.74199e+06
3.09504e+06 2.78267e+06 2.94204e+06
3.10668e+06 2.76899e+06 2.95228e+06
3.10624e+06 2.81311e+06 2.89736e+06
2.6799e+06 3.10933e+06 3.11143e+06
3.10742e+06 3.11132e+06 2.74232e+06
2.69366e+06 3.07422e+06 3.15007e+06
3.10609e+06 2.77058e+06 2.95044e+06
3.12035e+06 2.7742e+06 2.94118e+06
3.1026e+06 3.11685e+06 2.74178e+06
2.67853e+06 3.10645e+06 3.12786e+06
3.12868e+06 3.10714e+06 2.73071e+06
2.68007e+06 3.10939e+06 3.11972e+06
2.69143e+06 3.07472e+06 3.1496e+06
3.09295e+06 2.77513e+06 3.00468e+06
