10 1.01991
1.62264e+06 1.55438e+06 1.57841e+06 1.60013e+06
1.62401e+06 1.55056e+06 1.61214e+06 1.5773e+06
1.63109e+06 1.6284e+06 1.53484e+06 1.62926e+06
1.57979e+06 1.62351e+06 1.63224e+06 1.56909e+06
1.55449e+06 1.60756e+06 1.62532e+06 1.60446e+06
1.59983e+06 1.55075e+06 1.60394e+06 1.5932e+06
1.6051e+06 1.53701e+06 1.58733e+06 1.61954e+06
1.59371e+06 1.55062e+06 1.63021e+06 1.58461e+06
1.60319e+06 1.54141e+06 1.58668e+06 1.60964e+06
1.62381e+06 1.53589e+06 1.61545e+06 1.59633e+06
1.56216e+06 1.5347e+06 1.63176e+06 1.61115e+06
1.64382e+06 1.55402e+06 1.57144e+06 1.61878e+06
1.59498e+06 1.61669e+06 1.54462e+06 1.67002e+06
1.62029e+06 1.52598e+06 1.63587e+06 1.61969e+06
1.62713e+06 1.55045e+06 1.59749e+06 1.58114e+06
1.597e+06 1.55067e+06 1.61614e+06 1.58687e+06
1.5659e+06 1.56018e+06 1.59917e+06 1.60284e+06
1.60363e+06 1.57664e+06 1.61652e+06 1.57253e+06
1.56477e+06 1.60745e+06 1.573e+06 1.63032e+06
1.6126e+06 1.60516e+06 1.54808e+06 1.59622e+06
1.57927e+06 1.54703e+06 1.60781e+06 1.63894e+06
1.63892e+06 1.5511e+06 1.65843e+06 1.57351e+06
1.62544e+06 1.5642e+06 1.56808e+06 1.5942e+06
1.58253e+06 1.55356e+06 1.58753e+06 1.59394e+06
1.58492e+06 1.58559e+06 1.63251e+06 1.5721e+06
1.56463e+06 1.58138e+06 1.58998e+06 1.58918e+06
1.60939e+06 1.58243e+06 1.57263e+06 1.5588e+06
1.62061e+06 1.54642e+06 1.601e+06 1.59967e+06
1.64982e+06 1.54908e+06 1.63288e+06 1.57919e+06
1.58158e+06 1.58811e+06 1.57054e+06 1.6523e+06
1.55555e+06 1.57056e+06 1.60837e+06 1.65061e+06
1.61598e+06 1.54198e+06 1.64153e+06 1.58078e+06
1.56376e+06 1.57968e+06 1.61896e+06 1.57893e+06
1.58775e+06 1.58539e+06 1.56439e+06 1.56554e+06
1.61408e+06 1.56729e+06 1.56378e+06 1.62328e+06
1.57439e+06 1.55536e+06 1.60249e+06 1.67558e+06
1.57121e+06 1.56022e+06 1.59022e+06 1.5747e+06
1.64566e+06 1.56129e+06 1.64943e+06 1.55339e+06
1.574e+06 1.54034e+06 1.60934e+06 1.61408e+06
1.59413e+06 1.6009e+06 1.64536e+06 1.56168e+06
1.675e+06 1.552e+06 1.60982e+06 1.57831e+06
1.56904e+06 1.56831e+06 1.59852e+06 1.59828e+06
1.63231e+06 1.52087e+06 1.61941e+06 1.67117e+06
1.59952e+06 1.55745e+06 1.57057e+06 1.62258e+06
1.66816e+06 1.55265e+06 1.588e+06 1.59418e+06
1.55111e+06 1.57992e+06 1.57323e+06 1.61342e+06
1.64017e+06 1.57831e+06 1.62021e+06 1.54602e+06
1.64116e+06 1.53472e+06 1.60876e+06 1.60639e+06
1.55765e+06 1.5588e+06 1.66594e+06 1.60318e+06
1.58529e+06 1.53897e+06 1.6003e+06 1.60546e+06
1.61578e+06 1.57397e+06 1.60692e+06 1.57195e+06
1.58089e+06 1.59794e+06 1.59236e+06 1.56873e+06
1.60259e+06 1.57774e+06 1.58386e+06 1.56591e+06
1.58236e+06 1.57784e+06 1.5583e+06 1.604e+06
1.61889e+06 1.55464e+06 1.58239e+06 1.63552e+06
1.62638e+06 1.5196e+06 1.69284e+06 1.67017e+06
1.59752e+06 1.59349e+06 1.60113e+06 1.55948e+06
1.5848e+06 1.54625e+06 1.63498e+06 1.60432e+06
1.64184e+06 1.51987e+06 1.61948e+06 1.66232e+06
1.64317e+06 1.54317e+06 1.56795e+06 1.63208e+06
1.61428e+06 1.57145e+06 1.55656e+06 1.63561e+06
1.58281e+06 1.56961e+06 1.57327e+06 1.58468e+06
1.62414e+06 1.60033e+06 1.53615e+06 1.6055e+06
1.58095e+06 1.60153e+06 1.58676e+06 1.57277e+06
1.58924e+06 1.56236e+06 1.56976e+06 1.63578e+06
1.56917e+06 1.57588e+06 1.57352e+06 1.62894e+06
1.57814e+06 1.59735e+06 1.58451e+06 1.59873e+06
1.6385e+06 1.5618e+06 1.56832e+06 1.6249e+06
1.60422e+06 1.58233e+06 1.55098e+06 1.58025e+06
1.5766e+06 1.54477e+06 1.58596e+06 1.69768e+06
1.58194e+06 1.63868e+06 1.62737e+06 1.54869e+06
1.63883e+06 1.57699e+06 1.64915e+06 1.55392e+06
1.6234e+06 1.54399e+06 1.61841e+06 1.59892e+06
1.60087e+06 1.53991e+06 1.58923e+06 1.61188e+06
1.60277e+06 1.55665e+06 1.58219e+06 1.62046e+06
1.60005e+06 1.53069e+06 1.58535e+06 1.63257e+06
1.59711e+06 1.59569e+06 1.59494e+06 1.55243e+06
1.62933e+06 1.57321e+06 1.57648e+06 1.57803e+06
1.62945e+06 1.56908e+06 1.57514e+06 1.58389e+06
1.64018e+06 1.59017e+06 1.59629e+06 1.54778e+06
1.58123e+06 1.6262e+06 1.57358e+06 1.60505e+06
1.61499e+06 1.53105e+06 1.60524e+06 1.63163e+06
1.57698e+06 1.5511e+06 1.60399e+06 1.62505e+06
1.60496e+06 1.55711e+06 1.57332e+06 1.69278e+06
1.57504e+06 1.53911e+06 1.59516e+06 1.64665e+06
1.58385e+06 1.57956e+06 1.56296e+06 1.60018e+06
1.67536e+06 1.56881e+06 1.60227e+06 1.57244e+06
1.62158e+06 1.5814e+06 1.6529e+06 1.54833e+06
1.59146e+06 1.58173e+06 1.56517e+06 1.59521e+06
1.5624e+06 1.55657e+06 1.62756e+06 1.6429e+06
1.63776e+06 1.61401e+06 1.57778e+06 1.54886e+06
1.6025e+06 1.5813e+06 1.65367e+06 1.56604e+06
1.5514e+06 1.6122e+06 1.64063e+06 1.59727e+06
1.64535e+06 1.57167e+06 1.55898e+06 1.60712e+06
1.56041e+06 1.59587e+06 1.56746e+06 1.64416e+06
1.54416e+06 1.57907e+06 1.60149e+06 1.66419e+06
1.60355e+06 1.57221e+06 1.65388e+06 1.56359e+06
1.61905e+06 1.52242e+06 1.56136e+06 1.63341e+06
1.61654e+06 1.55152e+06 1.60349e+06 1.58613e+06
1.65668e+06 1.54891e+06 1.57028e+06 1.61067e+06
1.6342e+06 1.55294e+06 1.57865e+06 1.60785e+06
1.55898e+06 1.55566e+06 1.58666e+06 1.6652e+06
1.62524e+06 1.59966e+06 1.54652e+06 1.61556e+06
1.61809e+06 1.56983e+06 1.61103e+06 1.56637e+06
1.61429e+06 1.53096e+06 1.60775e+06 1.62985e+06
1.61802e+06 1.52761e+06 1.60621e+06 1.61604e+06
1.58241e+06 1.60704e+06 1.63546e+06 1.56692e+06
1.62349e+06 1.56228e+06 1.67059e+06 1.5616e+06
1.65175e+06 1.55522e+06 1.60626e+06 1.55843e+06
1.60652e+06 1.55849e+06 1.56891e+06 1.60418e+06
1.59931e+06 1.5521e+06 1.57962e+06 1.6604e+06
1.6437e+06 1.52352e+06 1.63348e+06 1.62326e+06
1.62093e+06 1.57694e+06 1.5843e+06 1.57871e+06
1.55559e+06 1.57677e+06 1.6195e+06 1.58148e+06
1.62334e+06 1.53743e+06 1.64582e+06 1.5944e+06
1.63262e+06 1.54581e+06 1.62398e+06 1.58741e+06
1.54666e+06 1.55781e+06 1.61384e+06 1.61284e+06
1.57689e+06 1.62798e+06 1.56346e+06 1.61029e+06
1.58426e+06 1.57331e+06 1.55088e+06 1.60057e+06
1.66026e+06 1.54368e+06 1.59477e+06 1.60868e+06
1.60388e+06 1.54816e+06 1.578e+06 1.66549e+06
1.6133e+06 1.58137e+06 1.56254e+06 1.59743e+06
1.58001e+06 1.62402e+06 1.55849e+06 1.64162e+06
1.60765e+06 1.57283e+06 1.65123e+06 1.57045e+06
1.61103e+06 1.55313e+06 1.58642e+06 1.59869e+06
1.65281e+06 1.5781e+06 1.55776e+06 1.64237e+06
1.56996e+06 1.57679e+06 1.58266e+06 1.67507e+06
1.66068e+06 1.52962e+06 1.6111e+06 1.62543e+06
1.64449e+06 1.53757e+06 1.59316e+06 1.64344e+06
1.67346e+06 1.55922e+06 1.61059e+06 1.59091e+06
1.61051e+06 1.54873e+06 1.59e+06 1.65663e+06
1.68637e+06 1.54206e+06 1.60437e+06 1.6068e+06
1.58211e+06 1.54307e+06 1.60552e+06 1.66266e+06
1.65963e+06 1.55805e+06 1.57499e+06 1.61117e+06
1.65227e+06 1.54838e+06 1.59178e+06 1.63795e+06
1.65996e+06 1.55071e+06 1.5866e+06 1.61149e+06
1.61139e+06 1.55582e+06 1.65186e+06 1.59118e+06
1.57364e+06 1.56462e+06 1.65245e+06 1.60899e+06
1.56693e+06 1.63912e+06 1.61175e+06 1.59847e+06
1.57474e+06 1.55085e+06 1.64335e+06 1.63522e+06
1.56819e+06 1.56888e+06 1.66293e+06 1.6097e+06
1.57592e+06 1.61492e+06 1.579e+06 1.6545e+06
1.65364e+06 1.63145e+06 1.58922e+06 1.56036e+06
1.65592e+06 1.6042e+06 1.54822e+06 1.64507e+06
1.57008e+06 1.55822e+06 1.6394e+06 1.6125e+06
1.59158e+06 1.61932e+06 1.55539e+06 1.63278e+06
1.567e+06 1.65866e+06 1.62424e+06 1.59232e+06
1.58363e+06 1.62571e+06 1.58029e+06 1.59254e+06
1.64063e+06 1.62517e+06 1.56753e+06 1.58698e+06
1.62086e+06 1.56592e+06 1.5831e+06 1.61453e+06
1.62018e+06 1.57576e+06 1.55845e+06 1.62503e+06
1.61072e+06 1.54429e+06 1.62431e+06 1.61157e+06
1.6147e+06 1.56465e+06 1.59118e+06 1.61492e+06
1.6281e+06 1.62234e+06 1.60022e+06 1.56778e+06
1.60017e+06 1.60379e+06 1.58426e+06 1.59044e+06
1.64135e+06 1.54486e+06 1.64554e+06 1.59559e+06
1.61409e+06 1.57205e+06 1.58736e+06 1.59986e+06
1.62237e+06 1.61786e+06 1.55931e+06 1.6166e+06
1.5931e+06 1.56809e+06 1.61034e+06 1.59809e+06
1.57884e+06 1.63336e+06 1.59444e+06 1.59922e+06
1.61332e+06 1.54135e+06 1.64566e+06 1.60576e+06
1.64782e+06 1.59586e+06 1.55574e+06 1.6116e+06
1.58224e+06 1.61839e+06 1.59642e+06 1.60139e+06
1.61731e+06 1.5795e+06 1.5587e+06 1.65809e+06
1.66339e+06 1.56266e+06 1.59034e+06 1.60434e+06
1.62054e+06 1.54251e+06 1.62738e+06 1.60965e+06
1.63575e+06 1.59669e+06 1.56661e+06 1.61254e+06
1.60774e+06 1.53695e+06 1.64986e+06 1.62618e+06
1.58559e+06 1.63781e+06 1.57903e+06 1.631e+06
1.59539e+06 1.56561e+06 1.6044e+06 1.6251e+06
1.62824e+06 1.56311e+06 1.59052e+06 1.60756e+06
1.6472e+06 1.53971e+06 1.64199e+06 1.60972e+06
1.58992e+06 1.60331e+06 1.56916e+06 1.63251e+06
1.61918e+06 1.63112e+06 1.58469e+06 1.58116e+06
1.55707e+06 1.58142e+06 1.64842e+06 1.64535e+06
1.61152e+06 1.56794e+06 1.58264e+06 1.61381e+06
1.6502e+06 1.66112e+06 1.58314e+06 1.56733e+06
1.59381e+06 1.58045e+06 1.55451e+06 1.62775e+06
1.62268e+06 1.53929e+06 1.62346e+06 1.61063e+06
1.61378e+06 1.54651e+06 1.61233e+06 1.61892e+06
1.56227e+06 1.59289e+06 1.61349e+06 1.67594e+06
1.63319e+06 1.62787e+06 1.53931e+06 1.63881e+06
1.58201e+06 1.63034e+06 1.59277e+06 1.59563e+06
1.55452e+06 1.63346e+06 1.6352e+06 1.62567e+06
1.6076e+06 1.53996e+06 1.64799e+06 1.64979e+06
1.65644e+06 1.5854e+06 1.58245e+06 1.5875e+06
1.62942e+06 1.61523e+06 1.58902e+06 1.58118e+06
1.60626e+06 1.57883e+06 1.5904e+06 1.61222e+06
1.61837e+06 1.53023e+06 1.63137e+06 1.62215e+06
1.62871e+06 1.6274e+06 1.58571e+06 1.57736e+06
1.59732e+06 1.59833e+06 1.61105e+06 1.55593e+06
1.63456e+06 1.62316e+06 1.54625e+06 1.63274e+06
1.6317e+06 1.55661e+06 1.60918e+06 1.59112e+06
1.63832e+06 1.54549e+06 1.60012e+06 1.63579e+06
1.6069e+06 1.61542e+06 1.60921e+06 1.56958e+06
1.63208e+06 1.53657e+06 1.612e+06 1.61906e+06
1.5812e+06 1.56843e+06 1.6041e+06 1.60605e+06
1.62674e+06 1.64146e+06 1.54293e+06 1.63678e+06
1.5746e+06 1.57918e+06 1.63299e+06 1.6072e+06
1.62024e+06 1.62218e+06 1.58288e+06 1.58318e+06
1.65274e+06 1.58891e+06 1.63846e+06 1.55518e+06
1.59022e+06 1.53551e+06 1.65106e+06 1.65647e+06
1.60307e+06 1.55949e+06 1.61654e+06 1.59914e+06
1.62455e+06 1.57762e+06 1.55818e+06 1.64218e+06
1.59763e+06 1.58457e+06 1.56752e+06 1.59552e+06
1.60295e+06 1.56949e+06 1.61068e+06 1.5877e+06
1.58797e+06 1.61336e+06 1.58909e+06 1.61518e+06
1.61951e+06 1.56775e+06 1.61364e+06 1.57841e+06
1.65285e+06 1.62506e+06 1.65011e+06 1.54844e+06
1.58464e+06 1.61916e+06 1.58626e+06 1.61569e+06
1.59726e+06 1.54176e+06 1.64518e+06 1.64097e+06
1.60561e+06 1.58161e+06 1.57848e+06 1.59446e+06
1.60359e+06 1.56075e+06 1.61061e+06 1.58753e+06
1.60498e+06 1.59746e+06 1.56474e+06 1.60192e+06
1.64835e+06 1.64267e+06 1.60816e+06 1.56763e+06
1.60011e+06 1.6108e+06 1.55434e+06 1.64117e+06
1.60967e+06 1.53982e+06 1.60301e+06 1.63851e+06
1.60029e+06 1.57216e+06 1.57655e+06 1.64509e+06
1.57435e+06 1.58256e+06 1.60608e+06 1.60053e+06
1.60443e+06 1.53253e+06 1.62033e+06 1.67808e+06
1.61566e+06 1.56157e+06 1.58111e+06 1.62697e+06
1.59482e+06 1.61885e+06 1.58092e+06 1.60062e+06
1.64172e+06 1.54702e+06 1.63813e+06 1.5954e+06
1.60169e+06 1.57843e+06 1.5914e+06 1.59144e+06
1.57431e+06 1.60287e+06 1.59224e+06 1.62137e+06
1.63552e+06 1.59333e+06 1.55266e+06 1.63287e+06
1.56519e+06 1.58066e+06 1.64064e+06 1.60268e+06
1.63011e+06 1.55203e+06 1.60872e+06 1.60402e+06
1.64524e+06 1.59023e+06 1.56682e+06 1.62115e+06
1.60467e+06 1.55796e+06 1.62122e+06 1.59904e+06
1.61251e+06 1.56279e+06 1.59199e+06 1.60442e+06
1.61087e+06 1.53755e+06 1.63212e+06 1.63657e+06
1.6255e+06 1.60714e+06 1.562e+06 1.6111e+06
1.61361e+06 1.60343e+06 1.63515e+06 1.55297e+06
1.65569e+06 1.55443e+06 1.58156e+06 1.6455e+06
1.60331e+06 1.54272e+06 1.62476e+06 1.60918e+06
1.58483e+06 1.59983e+06 1.63524e+06 1.59697e+06
1.64572e+06 1.59521e+06 1.55824e+06 1.58822e+06
1.62922e+06 1.55443e+06 1.63167e+06 1.59097e+06
1.59446e+06 1.60694e+06 1.58884e+06 1.60411e+06
1.61192e+06 1.57928e+06 1.58793e+06 1.60946e+06
1.59922e+06 1.5697e+06 1.58266e+06 1.66264e+06
1.59161e+06 1.57091e+06 1.61006e+06 1.59847e+06
1.64363e+06 1.56053e+06 1.61036e+06 1.58453e+06
1.5532e+06 1.60583e+06 1.61922e+06 1.64904e+06
1.60974e+06 1.57495e+06 1.59326e+06 1.61256e+06
1.57638e+06 1.55278e+06 1.64294e+06 1.64341e+06
1.55232e+06 1.61486e+06 1.61146e+06 1.62858e+06
1.66294e+06 1.59013e+06 1.57871e+06 1.5775e+06
1.55443e+06 1.60162e+06 1.62126e+06 1.64275e+06
1.58176e+06 1.56661e+06 1.59044e+06 1.61795e+06
1.62848e+06 1.54196e+06 1.59674e+06 1.63684e+06
1.64044e+06 1.59461e+06 1.6226e+06 1.564e+06
1.63922e+06 1.54492e+06 1.61853e+06 1.60646e+06
1.64072e+06 1.58969e+06 1.58856e+06 1.58002e+06
1.58263e+06 1.57644e+06 1.58816e+06 1.63775e+06
1.65402e+06 1.55749e+06 1.63761e+06 1.58594e+06
1.58264e+06 1.60251e+06 1.62393e+06 1.59975e+06
1.60895e+06 1.56656e+06 1.57e+06 1.652e+06
1.60722e+06 1.55408e+06 1.58877e+06 1.62161e+06
1.6649e+06 1.55766e+06 1.62735e+06 1.58705e+06
1.56488e+06 1.58379e+06 1.61819e+06 1.65006e+06
1.66108e+06 1.59769e+06 1.57143e+06 1.57491e+06
1.59309e+06 1.62273e+06 1.62005e+06 1.57622e+06
1.59582e+06 1.60131e+06 1.59742e+06 1.57557e+06
1.61534e+06 1.56063e+06 1.58164e+06 1.61856e+06
1.56856e+06 1.57295e+06 1.62454e+06 1.62991e+06
1.62829e+06 1.55096e+06 1.60396e+06 1.61431e+06
1.58021e+06 1.56917e+06 1.60057e+06 1.65706e+06
1.59274e+06 1.57598e+06 1.58291e+06 1.63628e+06
1.60015e+06 1.59203e+06 1.62629e+06 1.57097e+06
1.65714e+06 1.54409e+06 1.61679e+06 1.61615e+06
1.58239e+06 1.55326e+06 1.61328e+06 1.64673e+06
1.6075e+06 1.57808e+06 1.5852e+06 1.61613e+06
1.63569e+06 1.56027e+06 1.5922e+06 1.61122e+06
1.55648e+06 1.60632e+06 1.63176e+06 1.60849e+06
1.62112e+06 1.56644e+06 1.57019e+06 1.63999e+06
1.59652e+06 1.59601e+06 1.66327e+06 1.57229e+06
1.59982e+06 1.55635e+06 1.62599e+06 1.5993e+06
1.67785e+06 1.58147e+06 1.61329e+06 1.56142e+06
1.57934e+06 1.57015e+06 1.618e+06 1.62267e+06
1.62265e+06 1.54747e+06 1.60869e+06 1.61948e+06
1.56343e+06 1.59423e+06 1.62686e+06 1.61577e+06
1.65495e+06 1.58051e+06 1.58392e+06 1.59996e+06
1.60426e+06 1.56812e+06 1.59492e+06 1.5922e+06
1.56978e+06 1.60507e+06 1.62096e+06 1.61777e+06
1.57833e+06 1.5972e+06 1.59772e+06 1.60987e+06
1.65273e+06 1.55737e+06 1.64324e+06 1.58946e+06
1.59332e+06 1.57111e+06 1.62708e+06 1.59418e+06
1.60397e+06 1.5686e+06 1.57874e+06 1.6397e+06
1.67349e+06 1.56383e+06 1.58874e+06 1.59928e+06
1.64494e+06 1.54402e+06 1.59607e+06 1.61884e+06
1.58134e+06 1.62687e+06 1.63916e+06 1.56937e+06
1.59782e+06 1.54989e+06 1.63071e+06 1.62224e+06
1.61994e+06 1.58058e+06 1.58693e+06 1.59383e+06
1.60405e+06 1.57054e+06 1.59692e+06 1.60847e+06
1.63252e+06 1.55395e+06 1.60246e+06 1.62114e+06
1.56821e+06 1.58045e+06 1.60572e+06 1.62297e+06
1.65242e+06 1.59979e+06 1.60868e+06 1.55719e+06
1.64112e+06 1.57795e+06 1.59929e+06 1.59106e+06
1.56639e+06 1.6094e+06 1.61796e+06 1.61388e+06
1.65e+06 1.55603e+06 1.63777e+06 1.59035e+06
1.58478e+06 1.60869e+06 1.58989e+06 1.61324e+06
1.59746e+06 1.57643e+06 1.59794e+06 1.60083e+06
1.65045e+06 1.5689e+06 1.56814e+06 1.66494e+06
1.61822e+06 1.56446e+06 1.5995e+06 1.58619e+06
1.66015e+06 1.57558e+06 1.66778e+06 1.56758e+06
1.54692e+06 1.6171e+06 1.63708e+06 1.6167e+06
1.62708e+06 1.61185e+06 1.5839e+06 1.58821e+06
1.59955e+06 1.5498e+06 1.61652e+06 1.63276e+06
1.59777e+06 1.56395e+06 1.59875e+06 1.60192e+06
1.57269e+06 1.61875e+06 1.62824e+06 1.57579e+06
1.64743e+06 1.5764e+06 1.59752e+06 1.58376e+06
1.58747e+06 1.58262e+06 1.59097e+06 1.57693e+06
1.63244e+06 1.55233e+06 1.64285e+06 1.59916e+06
1.5678e+06 1.60498e+06 1.59384e+06 1.64716e+06
1.65006e+06 1.55566e+06 1.57805e+06 1.66477e+06
1.56671e+06 1.5765e+06 1.62597e+06 1.6162e+06
1.58161e+06 1.602e+06 1.5946e+06 1.61934e+06
1.64883e+06 1.5496e+06 1.63806e+06 1.59385e+06
1.62708e+06 1.54691e+06 1.59335e+06 1.63151e+06
1.63804e+06 1.59963e+06 1.57313e+06 1.58656e+06
1.56943e+06 1.62168e+06 1.62891e+06 1.58911e+06
1.61552e+06 1.56044e+06 1.59112e+06 1.59203e+06
1.58051e+06 1.57198e+06 1.62872e+06 1.62006e+06
1.55992e+06 1.59917e+06 1.63817e+06 1.61162e+06
1.55893e+06 1.6165e+06 1.58627e+06 1.68457e+06
1.67481e+06 1.57675e+06 1.6157e+06 1.5611e+06
1.59282e+06 1.57134e+06 1.62728e+06 1.5845e+06
1.58032e+06 1.58078e+06 1.59576e+06 1.62849e+06
1.58677e+06 1.54854e+06 1.61972e+06 1.64626e+06
1.59046e+06 1.58523e+06 1.58004e+06 1.61647e+06
1.57777e+06 1.56928e+06 1.61772e+06 1.65491e+06
1.65862e+06 1.62092e+06 1.60811e+06 1.57193e+06
1.57583e+06 1.59086e+06 1.62751e+06 1.59935e+06
1.5941e+06 1.54999e+06 1.61605e+06 1.63565e+06
1.60427e+06 1.559e+06 1.58245e+06 1.64048e+06
1.58783e+06 1.57697e+06 1.57912e+06 1.62133e+06
1.57969e+06 1.62352e+06 1.62054e+06 1.59195e+06
1.65072e+06 1.57897e+06 1.64256e+06 1.56106e+06
1.58132e+06 1.584e+06 1.5863e+06 1.64805e+06
1.65246e+06 1.56704e+06 1.591e+06 1.6032e+06
1.60165e+06 1.57745e+06 1.61665e+06 1.58936e+06
1.64221e+06 1.59037e+06 1.67471e+06 1.55572e+06
1.58989e+06 1.55703e+06 1.58772e+06 1.67857e+06
1.58607e+06 1.55043e+06 1.60639e+06 1.6056e+06
1.58732e+06 1.58024e+06 1.60498e+06 1.57644e+06
1.61351e+06 1.57402e+06 1.57521e+06 1.62204e+06
1.63575e+06 1.56071e+06 1.6055e+06 1.57583e+06
1.56529e+06 1.5807e+06 1.59071e+06 1.65056e+06
1.60437e+06 1.57024e+06 1.63632e+06 1.58051e+06
1.60591e+06 1.58331e+06 1.64019e+06 1.5697e+06
1.54788e+06 1.59606e+06 1.63959e+06 1.61697e+06
1.6642e+06 1.61368e+06 1.60371e+06 1.56841e+06
1.62526e+06 1.55411e+06 1.58857e+06 1.66112e+06
1.58712e+06 1.55956e+06 1.60574e+06 1.60917e+06
1.64285e+06 1.55938e+06 1.59856e+06 1.59635e+06
1.5876e+06 1.61321e+06 1.58051e+06 1.65047e+06
1.59704e+06 1.56658e+06 1.62741e+06 1.59638e+06
1.56439e+06 1.59707e+06 1.6457e+06 1.60598e+06
1.61118e+06 1.5561e+06 1.58342e+06 1.66775e+06
1.60479e+06 1.55496e+06 1.61093e+06 1.59479e+06
1.5586e+06 1.58734e+06 1.64762e+06 1.66632e+06
1.62471e+06 1.56085e+06 1.57053e+06 1.60773e+06
1.55571e+06 1.58484e+06 1.65522e+06 1.6427e+06
1.59994e+06 1.57814e+06 1.56384e+06 1.63994e+06
1.60588e+06 1.55007e+06 1.62469e+06 1.62798e+06
1.64026e+06 1.5803e+06 1.59174e+06 1.58052e+06
1.62134e+06 1.58832e+06 1.63169e+06 1.55903e+06
1.59863e+06 1.54323e+06 1.61589e+06 1.633e+06
1.66308e+06 1.61675e+06 1.60115e+06 1.57037e+06
1.60313e+06 1.55424e+06 1.59702e+06 1.6138e+06
1.57994e+06 1.59122e+06 1.59818e+06 1.60469e+06
1.57413e+06 1.58955e+06 1.63853e+06 1.60924e+06
1.60988e+06 1.57915e+06 1.60643e+06 1.5775e+06
1.62304e+06 1.60423e+06 1.58587e+06 1.59004e+06
1.58741e+06 1.54876e+06 1.63092e+06 1.61255e+06
1.62463e+06 1.58074e+06 1.58532e+06 1.5819e+06
1.59038e+06 1.59416e+06 1.62564e+06 1.57644e+06
1.57653e+06 1.57169e+06 1.64769e+06 1.60748e+06
1.60673e+06 1.58842e+06 1.58804e+06 1.59089e+06
1.58254e+06 1.55033e+06 1.62406e+06 1.65409e+06
1.60144e+06 1.57846e+06 1.57209e+06 1.61669e+06
1.57352e+06 1.55819e+06 1.61391e+06 1.66187e+06
