4 3.43593
345789 284471
285355 330140
286081 320865
300881 320487
316210 297081
305736 304553
336501 287880
301198 310934
320777 290722
301198 310934
310875 303189
336501 287880
327875 289410
327875 289410
320777 290722
311598 300091
311598 300091
343635 293102
294018 321867
294018 321867
317787 299781
343635 293102
323223 293167
307216 307476
322293 293315
301741 321735
315688 303921
305874 314394
304458 314658
303021 319131
311850 306912
314422 305551
303021 319131
312820 306147
312820 306147
305874 314394
323223 293167
322293 293315
342326 293212
294472 324452
305498 319681
307625 311286
315244 306109
342326 293212
328845 294040
306496 317936
328845 294040
327841 299720
308892 307627
318769 303243
323232 300087
320635 302297
308892 307627
327841 299720
306496 317936
322284 301022
318769 303243
322284 301022
306496 317936
306496 317936
356353 294857
295195 337616
339978 295057
298826 331706
306667 321997
300337 326815
307727 313152
333066 296523
312780 310047
319124 306432
309652 311584
330843 298144
306465 325050
315766 309260
306133 326386
330383 299687
321945 303970
326853 300745
328170 300725
318130 307738
316413 307854
326496 303469
308504 312681
326496 303469
323397 303813
306133 326386
323397 303813
321945 303970
307727 313152
351270 295400
302071 340849
304812 330780
334022 296540
346343 295587
307432 327358
307878 321608
329189 303608
332379 300012
323747 304316
312711 312787
312057 317648
311846 320989
316669 310866
322349 304389
319397 308694
313946 311645
330488 301492
318717 310860
321925 307427
312031 320081
321925 307427
330482 301955
319066 309464
312057 317648
313150 311686
321925 307427
321925 307427
336135 297213
303143 342070
331715 303599
305322 334859
322683 304654
322381 306965
308452 332735
312463 321592
312898 313698
318632 311364
334726 300815
316727 311984
308634 327175
310390 323963
310072 327138
311041 322070
313580 312395
332522 300845
318632 311364
332522 300845
313580 312395
344960 297269
308883 329301
317107 312049
339058 300832
333306 304276
344645 298350
312947 319297
319470 311376
313475 316189
325596 306271
337917 302756
312924 324295
310220 327279
322679 308787
312909 325425
322790 307083
329059 304675
328904 305469
313475 316189
309789 328401
337948 302192
322679 308787
328908 305185
337948 302192
364544 298312
309400 333840
339500 300882
329027 305968
313464 324267
313943 316864
310726 330315
312309 327501
322941 309224
310772 327837
322661 311521
318225 314812
318411 312680
323477 307669
317361 316194
321030 311642
319699 312579
326506 306978
324602 307224
327654 306495
317742 315550
317655 315686
317503 316130
317742 315550
340126 300888
309568 337194
339524 304759
332987 306515
315749 317800
310868 334294
318274 315421
322573 312195
319736 313311
328446 307093
313039 331771
327639 308395
313720 324860
332299 306799
314909 321793
324281 309659
324482 308729
313462 327934
314251 322862
313226 330204
313381 329011
314261 321963
340527 301332
311186 334923
324568 309134
336850 306859
314664 324549
321418 313604
313890 329992
311830 334561
316036 321193
336164 307320
319907 317607
313896 328660
328947 308493
320994 314913
327627 308982
331699 307526
318046 318034
331699 307526
316385 319514
316975 318525
351987 303846
312078 335017
315136 324809
322452 321061
330376 308503
341403 305910
323570 314130
347267 303856
317360 321457
341987 305704
325751 311955
316497 324244
327867 309021
326866 309909
326073 310822
329598 308578
354500 304192
312114 337424
323970 316503
317423 324921
346148 305867
316337 328500
326170 312664
340703 309147
315188 334408
329578 309161
341593 308976
329057 310550
314504 336185
314043 336866
329527 309433
354410 308789
312213 339852
335650 309356
317553 325243
316629 335703
324081 322998
325355 322359
314861 338536
326067 316522
327234 314153
330923 311002
330881 312181
327017 316360
336119 309516
319482 335162
329387 316645
326161 320398
332264 312239
319564 330504
331333 312313
324261 323762
319735 326002
323627 325243
321161 325792
346780 309958
319792 327377
337608 310492
342722 310444
329698 318504
337242 313438
321702 326379
332573 317608
333841 315991
336884 315542
328590 320581
325591 324886
326937 322406
324771 325291
328503 322318
328224 322378
353803 310660
320029 340017
339102 311560
337014 316736
321349 332966
320521 339349
330066 319048
322397 327592
322163 332060
335171 317852
331889 318521
326855 325031
328825 322478
323792 326964
325991 325980
328542 322954
340494 311921
321890 349917
330497 319104
339694 315064
322196 333307
327791 327441
324227 328378
323151 329672
329706 327031
339710 314661
330068 322100
330434 321626
330057 325105
329899 325140
345716 311930
322643 337063
341429 314010
333971 319157
324984 333007
329828 328880
326658 329758
331029 322981
332646 320204
331069 321981
345918 312095
324168 337332
341654 318544
342905 316172
335760 320299
332627 323287
327353 330112
331661 329811
332141 327984
325843 335844
334661 321224
327171 333638
326916 334979
334845 320339
365206 313497
325442 342502
351692 314171
326823 336094
327397 330903
347540 316062
344376 316876
331061 330668
343285 319917
332516 328030
332628 326628
339657 321301
341897 321110
335560 322937
333531 324703
334484 324484
338177 322458
337320 322810
358502 314605
325524 350296
327025 336492
327566 331767
325699 347834
333548 326826
346289 317093
355598 315719
343652 323278
344389 317636
339078 324363
334313 324749
339791 323914
356252 314820
333963 324877
344661 317258
357435 317413
327273 339447
339605 324547
344769 318820
345033 317497
333884 331754
334085 325700
328260 331974
337365 324807
328983 331899
348738 317757
327754 340347
342001 325102
330088 332257
334371 327087
345607 318765
346893 318516
352633 318596
329902 342819
347936 320077
330506 333798
338193 327141
346006 325078
334308 332391
343008 326077
334534 327731
330809 332556
335081 327544
343933 325498
348345 320382
330195 343295
332130 332900
345156 326285
337558 327562
335454 327987
356024 320454
332233 343148
346465 326492
354339 325302
336564 328838
332296 335400
335880 330269
332485 334189
336075 328864
357540 321062
332516 335685
351208 326749
333931 334241
338570 329272
344412 328875
337033 331110
348888 328343
347333 328560
337622 330751
333113 335261
343708 329758
332571 355873
332709 346141
337933 331033
343607 330412
334678 336423
337422 332347
334412 340104
334560 339790
345986 329938
335661 337494
339857 331373
338606 334005
336056 337493
351606 330547
336080 339381
340027 332606
339244 338158
346822 331519
338604 338997
343985 332510
344375 332274
353619 330967
336100 348633
341348 332828
347695 331562
340386 339629
336583 341785
359008 332295
337478 354717
341388 337130
341681 333183
346486 334692
341748 340147
342372 335800
342889 334807
345601 334814
341827 341290
342802 339903
344712 339082
345264 335554
345262 338937
348507 335758
343234 340959
346019 336445
361180 336358
343700 343568
355425 337449
355536 338133
348270 343758
352652 292657
293169 332657
293169 332657
308150 302122
321952 299897
293579 322330
303277 313567
342526 294214
301544 318964
329110 298426
335426 296616
303277 313567
308150 302122
298453 320265
330101 296877
340604 296568
340604 296568
298453 320265
330101 296877
293169 332657
293169 332657
293169 332657
350569 294545
295042 336746
295122 328567
303307 320085
335793 298895
324070 299967
305582 315461
321998 302256
313102 304983
312510 308482
308234 311953
346216 295825
342129 297758
335793 298895
308234 311953
316618 303235
342129 297758
316618 303235
312510 308482
324070 299967
346976 295301
305217 318616
305217 318616
303307 320085
346976 295301
342129 297758
353420 298540
301675 355174
303320 322317
313776 307874
343055 298545
324106 302537
312246 314758
353420 298540
337590 300406
327969 301149
321178 306367
318821 306962
306880 320097
303320 322317
327969 301149
311916 319548
311943 317698
341184 300070
337590 300406
341184 300070
309177 319828
308347 319920
319448 306706
306880 320097
319448 306706
309177 319828
357376 300756
302508 357635
302508 357635
305655 328733
357376 300756
341633 301218
326129 306741
318287 310053
326930 306616
313959 316013
311994 318785
338894 302350
333877 302528
333877 302528
314727 310819
309734 321116
308422 322652
306277 324932
305960 325381
341633 301218
318287 310053
315586 310702
309734 321116
308422 322652
315586 310702
326930 306616
306277 324932
333877 302528
333877 302528
333877 302528
306277 324932
306277 324932
306277 324932
347049 302686
305796 351478
306734 329107
320191 312018
338948 303674
311573 324114
334849 304079
325969 310563
333203 308708
316904 314013
312818 318946
338948 303674
330023 309039
307409 328190
314510 317076
333656 306654
313983 318402
329371 309377
326835 309830
308491 326156
309104 324416
316844 314659
315620 315959
333656 306654
309104 324416
308491 326156
315620 315959
312818 318946
326835 309830
325969 310563
329475 309372
316844 314659
329475 309372
329371 309377
338948 303674
329475 309372
308491 326156
354941 303099
307051 347775
307051 347775
307147 340801
352412 304278
307843 331193
321459 312684
339363 304682
327490 309984
330443 309611
333709 307758
313322 325171
317014 316818
313642 320138
309833 326006
308834 326962
339363 304682
337205 307626
318136 314110
316462 318056
318136 314110
334999 307631
313241 325864
327490 309984
314528 318342
313642 320138
314528 318342
337205 307626
308834 326962
313241 325864
307051 347775
358048 303235
307422 343998
307422 343998
307989 333759
309613 328119
347497 307337
327908 312993
336276 307820
349769 304728
331539 309710
314081 324071
313394 325932
321618 313610
315836 320039
334226 308197
347608 304914
319037 316132
317746 317883
320223 315259
317135 319382
317746 317883
319206 315727
316633 319737
321154 314544
321154 314544
319037 316132
307422 343998
317746 317883
350597 305391
307931 345170
310280 329164
308220 342125
334573 308482
348841 307541
330471 313120
316383 321728
323018 313851
315302 325828
320378 319383
314521 328714
321407 317827
331653 310168
321790 313949
332878 309878
349802 306483
350176 306978
310542 333120
342269 309027
315895 327688
317560 322801
334789 309097
313454 329769
320747 321420
322174 316457
321960 319385
312481 332582
323874 314691
330176 314221
326484 314350
334201 311857
332614 313577
333027 312157
335959 309166
311010 336535
329011 314422
319291 322922
318342 326972
333184 312954
314939 330193
324695 314840
322180 320906
316775 328326
334764 312775
323117 317030
312805 333360
314275 333017
320977 321691
324178 316365
312939 333299
336846 310373
311136 347846
315217 333337
334496 313713
311945 337262
311797 341493
330639 314963
321378 324754
327263 317391
323304 319237
317247 329211
323764 318436
328715 315801
319016 327650
317420 328347
319785 327117
320848 326135
320516 326137
354536 310918
311584 349727
316799 336918
319454 327691
343702 311430
335241 314876
323990 322408
328874 315846
320348 327657
327462 317400
311942 342052
313972 338140
324715 320996
337449 312386
312674 341943
341699 311730
339631 311797
338940 312033
341570 312566
311867 351062
314038 340508
319613 334302
338128 314925
323738 328578
329884 316035
321149 332835
327480 321409
328925 316340
324138 323726
340222 313559
325403 322496
329759 316045
345385 312913
318749 346482
331670 316158
320131 335508
324367 331008
327721 321729
338435 316071
326362 326432
321566 334836
343343 314272
340381 315768
326776 323441
352277 313151
320717 350190
328214 322605
321724 337007
320758 350019
332990 318657
340648 316721
345951 316260
327053 327814
335908 318014
349750 314131
324650 333272
326557 332221
322140 336564
353370 314470
323640 355916
350344 316142
324532 339747
324472 354274
342292 318083
329566 322674
336455 319283
327821 328561
340373 319098
327006 332758
333461 321008
324925 336203
325713 334291
333948 320336
328361 324966
328808 324945
356995 316894
324963 349739
344248 318452
325204 337318
340979 319912
327987 334380
328442 328508
337281 322416
328292 332552
337445 320715
325380 336804
331716 324026
333027 322793
330432 326472
329016 326560
333018 323373
366703 318377
325519 340115
360247 318612
343014 320292
328992 335360
329842 330688
325916 339659
331694 326765
340308 320821
338931 323114
332773 325864
336805 324918
338085 324363
350258 320343
327658 347598
341056 321319
329707 337848
338968 323507
330072 334535
332051 327359
333188 325920
355628 321509
328710 352187
329812 339263
334651 326057
328784 347704
332097 333602
340936 325509
332354 330352
344208 324365
349288 322465
349655 322361
344168 325372
352594 324223
332371 348534
347595 324894
335186 326562
332690 337225
333236 331001
332442 345459
334843 326646
353331 324636
333076 345455
335648 326751
333315 331540
355541 326914
333996 358212
335653 326938
334270 343926
335086 340345
336393 326960
335344 350946
335736 330345
336013 328038
335799 329075
350935 327232
336173 339612
337710 327886
336240 332921
336644 328964
363931 328025
336283 345963
345707 328411
336939 332728
336865 339889
338204 329998
341586 328939
336607 343065
349063 328806
336460 346362
336947 344270
337871 335002
345766 328978
342719 329003
338882 332182
340953 331382
341084 330289
338457 333674
345701 329051
337963 341033
343257 329203
340961 333378
338294 335226
340151 334642
346115 329230
338902 340031
343329 331918
340620 335645
339321 335721
343426 329575
361155 329338
340002 338520
344465 330900
340554 336772
359485 329470
351336 331829
340035 345301
345065 332255
341206 339470
343585 337987
344528 333368
342122 338477
355868 332138
341795 341232
349434 332661
344563 335351
343565 338805
342402 340958
351915 332761
343102 341633
345375 338282
346844 336237
343706 341088
348982 335528
351267 333277
349647 333896
349592 334613
353388 333987
343835 353001
347758 338823
353006 336349
354054 336351
350087 348481
352456 347513
360144 337015
351802 348714
355446 341792
363699 339065
359385 349720
340608 294657
294950 332905
301059 307252
308936 298263
297211 317795
332336 297470
296492 331847
338250 296374
308936 298263
350238 295109
297707 333040
320684 300765
304039 321589
308939 309695
310744 301371
320684 300765
307537 317190
305113 318515
307239 317730
310744 301371
305113 318515
310744 301371
310744 301371
310744 301371
344475 300836
299664 336020
324051 303650
339296 300867
305628 330648
311415 308496
317085 303981
310318 312401
309489 317106
308271 320760
316165 305316
305948 324204
309992 314785
304631 334934
304631 334934
344475 300836
308052 322954
307404 323198
305948 324204
316165 305316
307404 323198
344475 300836
344475 300836
350479 301013
302878 363676
340134 302137
304791 337279
302895 348242
309916 322567
320415 309903
303103 345383
321907 306722
332142 304285
306625 329278
314308 311598
310367 313480
308135 325637
326257 304572
330335 304547
312828 311977
326257 304572
310367 313480
307466 327416
331758 304404
314308 311598
307426 328090
307466 327416
307426 328090
332142 304285
348303 302896
303181 361499
305637 339257
337698 305114
306704 334859
331559 305655
310889 316914
316571 313632
326339 305943
308694 327363
310674 320177
309875 326782
324795 309136
318479 313057
321309 312392
305637 339257
322881 310372
321733 310938
359676 303626
306106 345304
344865 305975
327621 307319
309692 332708
339058 306330
320119 313150
306192 340728
325813 310409
310698 326942
311077 324132
312662 321966
308387 335175
339058 306330
319864 315081
306858 337055
317215 317084
319195 316988
315154 318010
314475 318985
327440 310168
310698 326942
314467 321364
308271 336525
314267 321649
307463 336684
326548 310348
306858 337055
310698 326942
339294 306517
307303 340264
311663 331975
314506 319813
323328 313167
326092 310775
312270 327647
335172 307495
314022 322269
313291 325824
318257 318461
319875 318321
310705 335662
309466 340044
328383 310350
333493 308073
310544 337257
320254 313432
330949 308845
330376 309474
320610 313226
320277 313428
345431 306520
308512 341501
315066 320697
334273 308399
313774 326226
310370 340180
326160 312758
332489 309453
340618 307421
313176 332410
310850 335803
313458 328795
328426 310576
322054 314400
320127 320406
312803 335378
340652 306793
320898 315239
320250 318669
327734 311937
327735 311308
321577 314728
320248 319612
353265 306585
310968 346376
312327 339994
346464 307297
320943 316384
313849 336590
316833 321026
323002 314904
335326 308791
334464 309709
340619 307445
329794 311473
314061 331897
315352 325000
341402 307410
327501 314407
315645 321565
314171 328055
314765 326524
314062 330157
329119 313928
329357 311914
327770 314144
316493 321464
361305 308207
311711 353323
345721 308335
312356 341641
314092 334000
314907 328008
324374 315396
335168 309771
314052 341264
330443 311936
329644 313854
338141 309329
315989 322517
322961 318654
344067 309281
321227 320848
322183 320173
318715 321175
317522 322144
344073 308573
317754 321320
336774 309785
312986 343569
314894 338843
315189 333861
322117 320894
315721 329075
331521 312643
317885 321605
328222 315562
316364 325177
324354 320417
335244 310822
317317 323448
334238 311977
325386 318833
325767 315798
332999 312499
327474 315638
325529 317456
341306 310046
314967 344186
316282 336475
316645 328106
325831 316252
317979 321842
337893 310228
330146 315886
322885 321538
331962 313190
334156 312567
321721 321680
334066 313039
343770 310272
314981 350854
316957 328708
320711 321872
326064 318667
334735 312722
340019 310581
318444 326419
318636 322062
329585 317763
330987 316739
326892 318299
340789 310456
333174 316452
333300 315003
333719 313373
333656 313654
344259 310400
317068 335996
319773 322833
317193 334016
337388 314153
341520 311033
333676 316209
329855 318205
329173 321123
332318 317255
322784 322198
327080 321920
322219 322461
327597 321727
351591 311004
317324 352452
337499 314873
317516 336843
320150 323722
323697 322343
320126 331927
329683 321878
335939 317645
332324 317789
331406 320917
319147 334612
318702 334824
353386 311577
317404 354873
317745 337423
345511 315337
320395 329469
319888 335955
327747 323101
336492 317804
341830 317768
332099 323002
324075 329143
325563 325466
343478 315393
335556 318430
333551 319319
342276 317045
332573 321478
324483 327188
333018 319918
325019 326124
347816 315836
317783 340180
320224 337951
320407 329916
325594 327283
328715 323969
330686 323456
334287 321331
346330 317780
343234 318241
334319 319928
337387 318684
324495 329896
340722 318488
324537 328625
347493 315966
338277 318496
353361 316393
317857 341042
349012 317890
320597 335185
341334 319050
319123 340447
334865 320974
337442 320053
322479 332429
328942 328564
334074 324435
323321 331224
329523 327073
324896 329078
324881 329090
333095 325673
331516 326510
331242 326609
333117 324836
349899 318495
318625 341479
320989 336928
342371 319489
326204 329332
331353 328566
324279 331403
334503 324664
338729 322761
341068 320185
323732 334306
323450 336116
339385 322725
332580 326602
333444 326559
333490 325434
334014 325352
348111 319564
321685 340754
324775 333256
343386 319793
340369 323217
324213 339720
326931 329401
326903 331542
335750 326967
334226 327632
338175 325614
331758 328808
338802 324720
331830 328645
323085 340206
348233 320743
323570 341946
325060 335530
327950 331333
331107 329857
334806 328501
340704 327143
345433 322071
337376 327464
342334 324051
343157 323741
353465 321773
325474 337561
342560 324748
335704 328612
328189 332032
346822 323630
326385 336301
349983 321824
333183 331331
333603 330059
350750 323810
325578 341355
336908 328809
327914 338278
333827 330776
328972 333667
343342 327270
329989 332130
347964 324608
325937 339775
346560 326726
344541 327008
346236 326861
352033 326215
326177 355653
326745 346102
345019 327763
338119 328823
329119 334817
335817 330904
327902 341182
349383 327753
332557 332955
327545 342093
332437 334567
351047 326871
359032 327611
327168 346441
345263 327988
331376 335892
331034 342164
340180 329362
338321 332277
333883 333930
329622 345846
329952 343245
335346 333353
339715 330944
340586 329411
331832 339033
337294 333512
332057 336017
334955 335218
335071 334743
345291 329746
332539 343419
343102 334747
335954 335296
333415 337980
344487 332888
334341 336040
350073 330575
333489 341187
341579 335368
347677 333284
345005 333548
333814 338616
335838 337771
336987 335723
336441 335881
355377 331485
333581 342152
342516 335943
336959 339829
337409 337856
338605 336196
335489 341415
359660 331994
334864 344604
340136 336796
337446 342106
338614 336846
345365 336824
338650 350399
339204 336847
338671 343900
340798 338018
338820 346794
348386 338958
340782 348555
343135 343257
345178 339095
343558 340068
360806 339217
341432 354175
345614 339679
344228 348937
344318 344547
354688 340237
344698 347184
347498 343449
358619 340752
347702 348953
353661 346599
372992 347425
352751 351802
362984 347672
