5 0.161301
277395 323444
351261 265693
310611 272247
279588 313062
355230 263152
285280 303691
310067 271321
277790 319896
355230 263152
280339 301218
310821 269159
277455 324346
310611 272247
288488 297506
301108 274919
274691 318298
355230 263152
302922 275526
310122 267634
278782 313064
344183 266464
285280 303691
300048 276086
277790 319896
357240 262911
281525 304301
310821 269159
277790 319896
309237 272180
285680 304299
301372 275998
277177 325905
351261 265693
299350 276082
308519 271297
280316 316357
355230 263152
283954 303191
310067 271321
277790 319896
355230 263152
300724 277243
308519 271297
277790 319896
304633 274763
286457 295195
301372 275998
274691 318298
351261 265693
301546 275340
310821 269159
278782 313064
355230 263152
286457 295195
301108 274919
274691 318298
355230 263152
286186 299085
309807 270772
277790 319896
308519 271297
285680 304299
299350 276082
277177 325905
351261 265693
299350 276082
310611 272247
279588 313062
357240 262911
275397 316733
309807 270772
274691 318298
357240 262911
300724 277243
308519 271297
277790 319896
310611 272247
283809 304153
301108 274919
276903 329846
349557 266872
302922 275526
305409 272652
277629 319603
355230 263152
283625 306254
300048 276086
277177 325905
357240 262911
283954 303191
306010 273978
277790 319896
310611 272247
288844 297542
299350 276082
277177 325905
351261 265693
305650 277101
310122 267634
280316 316357
355230 263152
283798 304428
300048 276086
277790 319896
355230 263152
302922 275526
309807 270772
277790 319896
310611 272247
285680 304299
299350 276082
276381 326499
355230 263152
301768 276360
310122 267634
279502 315602
344183 266464
283809 304153
300048 276086
274691 318298
355230 263152
286393 300773
301546 275340
277790 319896
305409 272652
284323 305159
305650 277101
275826 322796
356342 263094
299350 276082
305409 272652
280848 314037
355230 263152
283954 303191
306010 273978
275826 322796
355230 263152
282022 303647
308519 271297
277629 319603
309669 275049
286457 295195
301372 275998
276903 329846
355230 263152
299350 276082
308519 271297
278049 318730
354387 264735
285280 303691
301326 277280
277177 325905
357240 262911
301546 275340
309807 270772
277790 319896
309237 272180
286457 295195
299350 276082
275826 322796
356342 263094
282022 303647
309637 270939
279588 313062
344183 266464
288488 297506
311225 275173
277790 319896
357240 262911
286186 299085
310821 269159
275397 316733
307694 273277
286457 295195
301372 275998
276903 329846
355230 263152
301768 276360
307109 273199
278782 313064
355230 263152
283798 304428
301108 274919
277139 326092
355230 263152
283954 303191
309807 270772
275826 322796
308519 271297
279588 313062
307572 276272
277177 325905
340092 265757
299350 276082
308519 271297
275826 322796
355230 263152
283809 304153
300048 276086
275826 322796
355230 263152
280339 301218
308519 271297
277455 324346
310611 272247
288844 297542
299350 276082
274691 318298
355230 263152
300724 277243
308519 271297
280316 316357
355230 263152
286457 295195
301108 274919
277790 319896
357240 262911
281525 304301
309807 270772
277790 319896
309237 272180
284323 305159
301546 275340
277139 326092
355230 263152
305650 277101
308519 271297
280316 316357
355230 263152
275397 316733
300048 276086
275826 322796
357240 262911
301768 276360
310821 269159
277790 319896
310611 272247
274691 318298
301108 274919
277177 325905
355230 263152
301768 276360
310122 267634
277790 319896
336878 268632
275826 322796
301546 275340
277177 325905
355230 263152
274691 318298
306010 273978
276381 326499
305409 272652
283625 306254
301372 275998
277177 325905
349557 266872
299594 283492
305409 272652
278049 318730
357240 262911
283494 306305
300048 276086
277790 319896
355230 263152
301768 276360
310122 267634
278782 313064
310611 272247
286457 295195
300048 276086
274691 318298
351261 265693
302922 275526
308519 271297
277629 319603
344183 266464
288488 297506
300048 276086
276381 326499
355230 263152
284800 301964
310067 271321
276381 326499
309237 272180
275397 316733
305177 273824
277177 325905
356342 263094
299350 276082
308519 271297
279588 313062
355230 263152
283809 304153
309807 270772
277790 319896
355230 263152
300724 277243
310821 269159
277790 319896
322203 273651
288488 297506
300048 276086
274691 318298
355230 263152
301768 276360
305409 272652
278782 313064
354387 264735
284513 306261
300048 276086
274691 318298
355230 263152
286186 299085
309807 270772
275826 322796
310611 272247
284323 305159
301546 275340
277177 325905
351261 265693
305650 277101
308519 271297
280316 316357
357240 262911
283798 304428
300048 276086
277790 319896
357240 262911
280339 301218
310821 269159
277455 324346
310611 272247
288488 297506
300048 276086
276903 329846
340092 265757
302922 275526
308519 271297
280848 314037
357240 262911
283798 304428
300048 276086
274691 318298
357240 262911
281525 304301
310821 269159
277790 319896
310611 272247
283625 306254
302771 274624
277177 325905
340092 265757
306010 273978
309637 270939
275397 316733
344183 266464
274691 318298
300048 276086
277790 319896
357240 262911
280339 301218
310067 271321
277790 319896
310611 272247
285680 304299
301372 275998
277177 325905
355230 263152
280339 301218
307109 273199
277629 319603
310611 272247
284513 306261
300724 277243
277177 325905
355230 263152
286393 300773
309807 270772
276381 326499
310611 272247
280848 314037
299350 276082
277177 325905
356342 263094
304633 274763
309637 270939
278782 313064
355230 263152
285280 303691
300048 276086
275826 322796
355230 263152
302922 275526
310122 267634
277455 324346
309669 275049
284513 306261
301108 274919
276903 329846
356342 263094
306010 273978
308519 271297
278782 313064
344183 266464
283809 304153
300048 276086
277790 319896
355230 263152
283364 302185
310821 269159
275826 322796
309237 272180
279588 313062
299350 276082
277177 325905
356342 263094
305650 277101
308519 271297
280316 316357
344183 266464
283954 303191
304633 274763
276381 326499
355230 263152
300724 277243
310821 269159
275826 322796
310611 272247
279588 313062
301372 275998
277395 323444
355230 263152
280339 301218
310122 267634
280316 316357
356342 263094
275826 322796
300048 276086
277139 326092
355230 263152
286393 300773
310821 269159
277790 319896
305409 272652
280848 314037
299350 276082
274691 318298
