131 9.92389
323378 236748 269677 288114
303885 236351 271978 293340
299484 270497 267434 233798
292407 295070 224711 303944
259862 283966 281984 305931
258989 284867 301072 280737
258989 284867 301072 280737
319744 245731 262188 267456
261349 275993 290226 294248
270292 244852 298515 286354
283812 289893 259993 239374
307061 269703 242185 246633
312965 237173 263966 298196
292407 295070 224711 303944
287631 277161 227991 253773
262013 275786 286493 276179
309706 239642 272191 273727
262021 293500 275762 292116
273301 285984 247633 254288
323378 236748 269677 288114
316492 258721 246742 254177
294901 256023 245514 295301
280324 242528 255704 284471
295637 266693 232962 276590
264911 277736 271561 269656
274206 253300 265786 298930
270216 249747 283856 283634
293437 256282 242645 287741
279117 251264 286841 254152
296850 268580 231047 280586
277755 249585 250512 291069
310755 239814 270184 280835
266179 293063 260474 256336
263304 274259 256744 286792
292481 269242 268987 241935
287338 237825 253490 286340
264744 283245 248225 261474
274629 251950 246992 251997
265667 270256 250987 285832
262210 291254 277789 298579
284312 261476 243286 300735
270292 244852 298515 286354
283680 247678 246226 279688
268303 279892 256565 279213
305549 270686 230291 266063
296434 261471 254082 249242
294274 291173 240898 242524
289319 248372 257567 271947
278000 270818 250756 248603
298661 271489 265356 236237
281605 276927 238747 268011
309915 250786 277169 250677
270090 242798 273806 294157
290461 246376 277950 252731
273921 262958 254985 257614
285872 270125 236754 288830
266725 276442 276547 271433
263785 279928 267918 269631
299887 252494 235999 288632
301073 282450 247751 242794
286384 253078 256168 244752
272719 254101 257232 271035
297675 250759 263816 251528
280042 243704 266290 266250
267599 272294 262804 274283
276696 273313 261019 237642
275964 285964 235071 267089
263948 264492 282170 279661
284143 265701 278706 238695
314770 263232 234530 277845
269453 261628 244499 283683
271084 268285 247600 277935
301951 263742 241522 262957
279287 250403 247430 290365
272260 267797 257057 277347
282739 241365 289053 275514
311435 262555 245646 250525
296845 263204 273180 235440
299484 270497 267434 233798
313802 265006 235637 265587
284312 261476 243286 300735
287631 277161 227991 253773
285837 262300 244000 264855
289896 244262 256026 277524
270083 284115 259076 253363
291450 270954 245338 249693
294172 249021 256732 270349
305671 248673 249827 258249
282739 241365 289053 275514
294120 274064 237554 260603
287265 239139 276788 283385
300560 255124 239859 267391
268253 260433 263001 261381
290003 273625 278553 237337
302640 270134 239125 253156
306250 240333 274475 281418
273379 266720 239932 259169
278367 257638 265158 249669
290617 270723 238057 263613
271790 260684 257817 260432
306250 240333 274475 281418
305020 269383 250035 243376
290150 255520 245995 262000
316162 258878 244139 265206
263061 276903 267445 279178
299137 270479 258759 239640
271812 266443 257443 273346
299585 294732 250159 238282
291656 272326 260449 235551
297030 253969 239531 271958
285260 264057 238386 257993
303090 258190 235628 266445
286927 265640 236351 266080
279630 265112 264772 244422
298688 271930 252789 243454
298923 267116 245914 256579
278448 262784 245138 264451
292237 260147 244501 267402
262240 270648 282904 268762
293517 240838 262390 276379
295367 257671 240369 286095
259862 283966 281984 305931
267320 255506 267786 264731
282486 260604 262919 245525
294592 278600 241934 252288
303021 259174 244810 254440
272373 276027 251376 273224
280498 239147 281144 278316
273468 272963 260945 242573
291565 264217 275060 244484
261349 275993 290226 294248
280838 252097 246308 263891
297580 263854 256974 241450
266344 255905 258260 282197
298462 274099 250682 244125
294607 278398 260297 237539
285087 243761 269745 258378
270422 281849 248915 255693
266344 255905 258260 282197
287125 258185 279917 241542
272329 254049 259830 278631
269518 258085 260975 262923
296394 241135 246493 269011
270422 281849 248915 255693
314770 263232 234530 277845
289453 276492 258751 243143
299348 260385 272084 240878
280498 239147 281144 278316
291565 272206 244471 250372
275964 285964 235071 267089
259862 283966 281984 305931
279931 263360 246438 252653
282174 246155 251712 275812
272981 285076 237397 256346
297090 266844 264515 238696
279280 280917 234820 263648
283127 273118 239643 283178
272272 264927 251565 266600
298830 268570 244958 257158
279280 280917 234820 263648
280189 263124 245500 258594
293025 278410 252181 245890
293025 278410 252181 245890
282174 246155 251712 275812
287235 250456 252634 263975
296051 251528 247992 269252
272981 285076 237397 256346
262240 270648 282904 268762
287125 258185 279917 241542
296051 251528 247992 269252
269726 264150 260738 244748
283393 257750 246129 272776
271790 260684 257817 260432
287524 250599 250701 254857
269950 269950 252313 258365
294592 278600 241934 252288
301338 248443 262504 263018
283393 257750 246129 272776
282739 241365 289053 275514
284269 274179 259868 243925
276696 273313 261019 237642
298932 269331 244527 257165
313118 273695 248633 244447
301338 248443 262504 263018
300547 252177 244040 265815
284804 262497 246072 246520
269891 281643 246399 267463
299585 294732 250159 238282
316162 258878 244139 265206
313118 273695 248633 244447
278392 276542 239771 276538
269891 281643 246399 267463
283127 273118 239643 283178
299348 260385 272084 240878
284804 262497 246072 246520
297090 266844 264515 238696
279287 250403 247430 290365
303021 259174 244810 254440
299641 261551 245428 266555
296845 263204 273180 235440
270422 281849 248915 255693
311109 275821 249910 243358
287524 250599 250701 254857
300547 252177 244040 265815
311109 275821 249910 243358
278367 257638 265158 249669
261349 275993 290226 294248
323378 236748 269677 288114
284312 261476 243286 300735
282174 246155 251712 275812
259862 283966 281984 305931
319169 271521 243885 252524
317774 275313 267224 240996
306282 271617 235753 266923
284814 242614 263721 289236
271006 276625 300554 281801
270506 271892 273900 303960
266019 293168 254679 266742
289038 267093 283716 255430
310319 250536 269580 282067
292029 243475 268986 285360
290219 262316 244670 291784
268124 283159 276678 281167
313783 271217 241205 258482
284607 288130 239799 261639
273257 261962 264845 267155
302216 265056 257077 247881
317148 264822 239102 259238
297271 262929 261567 251089
281111 269641 270395 244743
295087 266211 242043 268710
299515 261874 244085 279578
288440 258528 263835 277503
305211 274734 236550 269540
278997 261296 257731 274583
283602 273515 254453 252278
278254 288003 248954 256156
279943 282018 252110 264935
282246 272363 258920 251649
278901 252739 251358 280796
292173 278942 276567 243476
276815 261803 256956 255884
298641 262451 244463 271376
281111 274360 250942 264091
282901 261832 249267 275312
271615 271603 266174 284110
291376 255537 247428 262681
286567 284113 259085 250813
304147 264701 244484 259687
305651 278914 256149 243785
284084 268596 274201 245208
291509 260997 250197 252755
289223 265815 245037 277751
288678 259272 248346 256511
307883 278412 243690 257141
292309 285056 239232 254928
279224 282413 266417 246665
306803 266368 243201 266277
276833 267737 270095 245550
286427 285556 251721 252772
308193 280123 243951 249747
286472 277949 247652 262736
289199 253269 261897 269899
280440 268642 261903 248945
292673 259180 262700 246812
309985 267551 241624 258284
287436 271056 251219 253103
271875 270809 262534 250295
292566 256383 270060 256391
285770 281373 248872 268110
288355 283308 260655 246844
286105 279987 240063 265526
283733 261659 245069 290724
290774 281770 242264 257875
290511 256053 268172 258453
284609 270487 246828 268507
298159 271540 245719 268459
288027 267215 239831 270182
291054 259060 254836 265865
284843 271065 260341 252942
304147 264701 244484 259687
298913 281070 257012 245216
271715 280537 269114 266346
298523 279468 239345 265938
298510 274582 245114 251414
291353 271568 251648 248418
318798 264184 249630 260410
314480 274180 242820 279948
307439 269655 280790 247237
300290 255219 264083 287695
282348 291880 255916 265608
276554 279203 279641 292916
275757 288560 264394 262688
285351 260876 256605 292799
294334 259995 268614 267325
293345 270772 253023 264504
311115 282872 258901 249710
299160 283742 247268 258828
301217 269030 244985 274980
280340 269148 275062 273477
312705 272361 253232 256527
309145 272154 271010 254778
284864 287699 255996 269002
280399 275239 276912 250626
284433 269229 254518 278651
281990 262633 254126 284345
308806 261284 253645 257549
278535 285223 279430 250834
304839 279605 250454 258732
300913 258823 251508 272257
295025 258590 273354 261248
302285 262598 250143 282967
306553 268564 247733 269303
286478 288953 263882 261157
281503 276167 269983 273127
300413 265555 247643 282369
300000 273992 257129 252526
295280 277876 264953 248459
296988 283976 254007 248458
279361 285545 263357 267922
277787 284348 270673 263217
289324 272744 259901 258496
305377 276105 252883 251007
279598 281258 258981 269915
291189 274079 266713 256135
288458 277554 257051 271064
281232 261935 272102 276103
277661 279887 276857 283666
300896 263555 272591 250022
288076 272643 255586 274091
282025 277015 258171 277004
299168 256632 258940 266913
290443 266936 265664 256214
287070 280403 263222 260813
305114 282417 244135 267350
286233 262092 265982 275782
314413 258326 279570 264066
291442 257180 257387 268153
295792 263172 252352 262561
289492 282031 248761 268253
295114 266587 243451 277095
283336 265987 258374 262821
287272 269567 261833 258299
301450 262332 263838 262416
290618 275341 253961 254735
292538 274290 257612 259020
290953 258210 271123 267694
288715 279466 254236 266399
282426 283018 261507 268637
296604 277605 248531 259765
302171 272473 257327 253480
294632 267784 256330 255484
292445 280002 243493 269120
279100 266331 279834 269729
287722 264356 260408 259722
286645 280460 252752 264198
296136 260031 261803 267191
278298 283308 264901 255639
278730 281298 264623 269624
279114 262257 260689 283447
283026 265298 271845 272786
282688 267441 258549 268125
291016 274726 264070 253364
277220 283783 263954 275250
287274 264553 271683 262691
299708 269128 248881 258979
292452 267864 253432 260128
295044 265135 251702 258799
291408 264386 254732 262614
311936 264889 261790 265434
308340 260009 272588 269579
296618 279895 277847 250296
295891 270175 246389 280464
285251 280445 283550 270682
282941 272312 256530 297298
279027 298193 273958 263020
288578 264048 255442 287182
301283 261953 280062 274367
290623 291357 260036 258711
294626 285004 273128 253677
295455 269293 251431 282345
283048 286522 266242 278806
292714 266458 267584 264657
284445 266771 265634 283511
303982 289984 261156 253865
283451 274775 269812 274509
299539 266783 257435 268549
295421 281180 253706 269659
303536 276526 253331 269925
309787 269910 248097 270126
305731 278333 246943 275612
294181 266232 276567 261902
290570 268775 269661 256561
295149 262054 257953 276527
291323 280189 254095 260676
288026 285201 278516 258519
289947 265803 265030 273558
305328 275333 247386 277740
309278 268266 253343 266061
283027 267148 275916 281212
304244 261500 262721 271510
287400 269136 263216 270420
298753 268155 258460 268663
311712 273709 255501 258331
294483 264438 266896 271978
285717 267333 262889 274191
297304 274120 261196 261909
288891 277034 264346 269333
310058 264844 262617 259351
297160 279301 260254 262022
289393 276115 266401 262525
307237 269384 254896 277988
309539 277258 265152 255516
306746 276618 254550 269852
291193 266498 259405 275737
287751 273647 265734 265379
287663 265270 272982 264390
295828 290497 254875 255080
311019 269325 264400 256437
309878 274801 261961 254534
291045 267646 260243 263282
310466 279729 255150 262527
299487 275592 262805 255815
294333 267242 256401 280474
307061 279362 258230 265556
290666 264965 273295 270497
298955 267445 266133 269491
295574 264652 255285 269594
317259 268268 268298 261834
315987 276726 296773 260274
304036 286204 281771 258316
299186 282987 250369 285667
295402 263632 285738 278546
294543 289562 256466 261358
285197 276787 260951 297874
283765 285457 274079 280776
291302 277288 262704 290179
286231 276336 290046 279150
295378 264845 275218 285031
290413 274967 265163 276446
309142 267442 274666 271492
303383 276588 258761 273544
311116 272062 253421 272961
294440 278426 261920 282416
299475 270981 260804 271193
312454 268919 254152 270192
310627 281184 260279 264547
314575 284612 256040 263401
296949 268275 257142 274710
293531 271036 271351 269025
294719 269768 285325 262191
294575 284201 263644 266185
287597 279812 267141 273184
288361 275824 270371 272773
292057 269718 265533 277767
295495 279481 259759 279452
311613 280639 254501 272443
304725 268028 271023 267571
305650 268277 260995 264420
304474 266030 255564 274823
293036 268360 269981 276046
293965 277351 262266 279054
295051 271759 261202 263469
291446 267601 264666 280516
294543 265895 268868 279377
291684 276943 265321 264280
326258 279808 260970 272997
308302 270834 280466 270293
303567 295773 256607 280250
299930 268121 269848 295796
298179 288320 272417 263762
291839 273614 274320 282277
310001 270735 259024 289416
314390 278591 269168 264452
292105 282118 269298 268499
294519 276732 275409 273034
310527 271166 278428 272566
305711 275558 272934 275894
295686 280619 270084 265202
300695 284309 265446 272423
311791 269524 263415 276083
304719 284225 265018 264445
301134 271061 266629 276879
308564 281127 262970 272048
308341 276557 259947 274981
311491 272769 267084 272991
301577 277174 267019 271655
295101 268773 270464 276142
297340 279859 268959 272198
317675 280046 266633 286290
297051 296556 282215 274641
298794 284132 269879 280577
332206 225588 257483 236916
304586 221559 282377 210467
297251 211531 313399 232225
296248 253494 234791 242016
290440 209965 304345 236813
270726 241117 252931 274850
265148 264032 259587 241265
245460 248162 257415 264452
318448 215258 273912 247576
332206 225588 257483 236916
315284 219468 292005 232373
304320 213556 305283 235072
299955 236994 285502 214908
267801 231697 267074 267286
284129 215743 297652 259192
289112 237350 269384 211524
287779 245554 267084 216748
275189 218306 301091 233473
289554 218157 311524 233242
261777 239700 266271 270622
270726 241117 252931 274850
257660 252471 290894 244118
296248 253494 234791 242016
271571 261401 253899 255651
272195 238393 279434 220987
273391 258293 253320 248622
250084 235185 277676 253092
255631 235344 266400 266217
309532 233460 253752 231507
300475 232608 275169 222484
284906 226650 248172 254216
295700 213235 295767 244162
250084 235185 277676 253092
279322 243059 247197 249420
287370 219790 274857 236062
261301 254734 258032 256261
278479 251744 242107 259792
255273 238556 273171 247619
294949 230498 274446 223307
258954 234352 290117 246031
260342 246998 265569 250651
315284 219468 292005 232373
261777 239700 266271 270622
280480 223254 258928 262810
307051 232140 247163 238683
271543 223569 288894 245580
278084 241367 270989 216388
284744 257630 238109 247435
291008 249365 239274 232814
245460 248162 257415 264452
259016 246922 265161 257451
294129 216419 299480 241314
265506 248550 280364 239718
276912 256191 244049 261872
303338 217745 308962 228878
304346 248025 255636 228804
302341 221684 277903 227320
318448 215258 273912 247576
305555 237789 268425 227273
295700 213235 295767 244162
294902 241715 261934 228664
303338 217745 308962 228878
264589 251933 266273 246393
287572 236334 275728 223548
269725 262988 262000 239180
288646 261618 249070 240604
269815 241483 303431 226773
281033 234866 250859 244743
287091 222595 249405 241787
276256 217009 273023 241553
282152 224536 268848 227559
277955 223684 283005 230006
265970 240526 269761 245026
266019 251839 251557 262200
272483 229130 278460 232938
277197 223388 257057 245880
299955 236994 285502 214908
269536 248259 253445 267176
276462 227868 285319 226494
304681 213499 281601 233805
274142 244800 251358 263548
283274 222091 280047 221827
277017 221067 271809 238953
288174 235550 250534 233640
284537 249678 263627 231912
291484 213371 303494 238098
284744 257630 238109 247435
277878 245830 252767 247732
264908 224933 277245 252107
268479 244589 264069 224609
267851 232209 270035 237947
308672 234956 246086 248371
278730 243845 249889 253830
284468 238929 275008 221705
281977 228183 284113 228268
285676 242785 240883 253262
294129 216419 299480 241314
281771 246069 245682 251308
283355 219373 258026 238345
295348 216372 266022 256027
296664 242399 248691 241450
259834 239279 273096 258195
272195 238393 279434 220987
289361 250175 246483 246000
262768 232521 257271 247391
284825 217529 248221 262622
276462 227868 285319 226494
298926 234061 246573 255563
273806 256594 243414 242594
296969 241595 240778 253589
305115 243448 245326 239514
278985 249226 263631 232144
303338 217745 308962 228878
270001 226705 254473 232995
267900 245796 264621 246233
259646 249561 278731 246351
292529 225120 264205 230348
288476 240032 268009 223363
268468 242262 254367 256726
274599 215865 267161 243909
298674 243262 262569 226991
309532 233460 253752 231507
256905 245588 272151 253922
282112 224970 249373 243434
282017 255340 249475 234805
275786 235334 252819 240672
271543 223569 288894 245580
281977 228183 284113 228268
269673 223650 259191 263678
285972 242134 266387 225512
273806 256594 243414 242594
289172 235523 266919 228075
288415 219565 258578 231545
283262 221838 254728 257089
289088 239394 249903 230799
288257 233739 273705 227164
308205 239967 244186 245637
266750 232386 272095 248334
285745 236748 278331 227114
264908 224933 277245 252107
262475 263433 267523 238257
278797 233092 254178 251397
281576 225151 277673 232977
303843 218928 274198 239337
273216 237053 270721 224170
264932 229751 281338 246881
282207 232356 281033 225139
289097 248236 260428 227494
288856 251062 245416 246982
282017 255340 249475 234805
298674 243262 262569 226991
264932 229751 281338 246881
285972 242134 266387 225512
290925 240836 246464 241649
277955 223684 283005 230006
297453 245242 245538 246348
261655 249330 275844 239162
288856 251062 245416 246982
295071 247204 242348 245987
288750 238059 255013 230802
295071 247204 242348 245987
298926 234061 246573 255563
282207 232356 281033 225139
308205 239967 244186 245637
303843 218928 274198 239337
255273 238556 273171 247619
273806 256594 243414 242594
272665 256237 251176 258351
276912 256191 244049 261872
262475 263433 267523 238257
277017 221067 271809 238953
279186 248213 246678 255849
272665 256237 251176 258351
270726 241117 252931 274850
256905 245588 272151 253922
273391 258293 253320 248622
292480 238428 265408 224045
278479 251744 242107 259792
268479 244589 264069 224609
273537 218161 269207 240245
265148 264032 259587 241265
245460 248162 257415 264452
288750 238059 255013 230802
290839 238472 249220 238187
265148 264032 259587 241265
297453 245242 245538 246348
292529 225120 264205 230348
270001 226705 254473 232995
273216 237053 270721 224170
305115 243448 245326 239514
278797 233092 254178 251397
289097 248236 260428 227494
266750 232386 272095 248334
285676 242785 240883 253262
273537 218161 269207 240245
283262 221838 254728 257089
274599 215865 267161 243909
292480 238428 265408 224045
296969 241595 240778 253589
281771 246069 245682 251308
295700 213235 295767 244162
261655 249330 275844 239162
262768 232521 257271 247391
309532 233460 253752 231507
282017 255340 249475 234805
277878 245830 252767 247732
284744 257630 238109 247435
281977 228183 284113 228268
273391 258293 253320 248622
261777 239700 266271 270622
274599 215865 267161 243909
333477 214044 294132 249236
312496 235486 254246 274095
311785 217292 304912 238982
298589 238650 250375 239379
292855 237547 288316 215685
283679 268937 255270 241741
259704 259073 271958 260482
333477 214044 294132 249236
262036 249202 266522 263578
270108 240284 257038 272630
259704 259073 271958 260482
320112 248031 253115 236692
297654 218847 299073 241997
291328 228763 297815 229391
324674 220699 289683 235064
313200 241583 278612 219891
278749 250909 252226 258690
284862 255214 253129 245282
292886 239293 274214 225074
264421 233250 281418 248943
303779 220011 279101 247150
309021 230572 260958 235151
286999 229619 290849 241452
275667 241054 277502 230066
266965 247684 260685 256089
278538 254356 255028 248071
295402 237752 288174 227368
289894 222875 285144 243442
290577 241559 269394 223443
288118 233809 262082 253790
294024 225988 283007 230521
290125 243223 275471 222483
267486 252785 268732 246919
260554 247166 284770 254682
314259 220055 290573 232181
268546 244276 258676 253627
268614 245350 278930 241119
324674 220699 289683 235064
292855 237547 288316 215685
274809 232399 263936 247951
280563 225303 264919 247701
273664 238961 270896 233571
281070 236759 260851 252228
270621 238800 277545 262892
295655 223523 298569 230933
295832 222390 259154 238120
286199 251976 266675 232616
281211 242767 271785 232716
284507 232594 279243 227609
267564 250280 268391 252524
302732 222050 265222 237295
294541 227425 272001 233963
269689 239697 260244 252705
273017 239428 257020 244311
270138 239860 272739 242642
297464 221362 275515 233819
292683 221507 281886 235513
279759 239399 254457 255471
295602 241843 253227 237934
272012 227774 265973 244010
287902 227815 264653 243596
292339 243982 252906 241252
314259 220055 290573 232181
270635 233590 280298 254676
286096 231639 282404 230529
271100 236683 266443 235135
290240 247081 261370 241607
273078 238454 265428 240387
294424 230733 280449 231480
288463 238131 271318 231269
285813 237991 258850 255749
275462 230999 282915 239556
270112 248229 261467 243775
302732 222050 265222 237295
284229 231171 266534 242532
289376 249848 261382 241805
289143 230937 265607 232596
274927 230353 268582 241770
295003 221359 271715 235168
294449 243420 265408 242053
295003 221359 271715 235168
324674 220699 289683 235064
318040 229720 280996 236985
310097 268556 263893 238675
305873 221706 305568 243531
303662 244249 291720 223173
290093 259944 255087 262490
284702 236589 310181 240184
274540 242708 264212 265921
269893 251654 278427 254709
310116 238052 272817 234203
317093 224515 284540 245563
292679 231376 298084 238077
307126 225414 262924 260817
289384 235273 290407 228139
274893 263714 285056 235377
280765 232526 286418 251684
292369 246418 255605 252802
290616 235591 284726 229405
299474 244435 273207 224768
307703 223044 296247 236326
296122 241940 279941 232088
308433 226913 296678 234919
286867 265638 255240 246313
276450 259180 269765 250404
281499 253328 262147 257989
290073 254565 281890 231906
294707 239891 255956 258588
271155 251037 273034 238641
285635 239724 260021 246998
275183 239382 291382 257153
296009 257427 258131 248038
293321 222255 288885 261078
284683 230604 282609 248802
298404 223849 272550 254003
278964 239213 266154 254966
270962 255101 270498 246574
299066 223027 288192 242045
301903 224418 271544 249742
295906 229669 275592 241268
286450 234990 285069 234693
287183 227905 274932 246361
299877 248327 262276 239666
276188 233971 273540 242517
303682 245996 255662 249611
282175 245217 266367 245425
297581 232961 266983 236278
300170 239842 257112 243978
279350 237413 264224 248716
276007 241384 277364 245931
294894 249788 279401 228805
288027 243720 267436 242660
283012 232760 268475 246112
307993 227263 265557 244248
278935 240583 259459 262298
270499 249775 286235 258551
283946 241157 267884 241634
302498 227449 284929 248234
295820 236891 278608 239299
277067 249222 262175 257562
288743 231074 281438 242172
274875 249790 270816 240577
274576 249043 268245 261511
278623 243269 264956 254253
295943 228575 278530 240693
281670 257936 256875 257659
290233 231644 266956 250061
278353 251175 264109 246270
284791 240820 277890 239709
281606 258088 266495 242983
293272 242218 258306 245917
293143 237289 267963 236090
278742 242808 277543 236809
289429 240928 270345 245749
281242 243394 281959 236294
290477 237108 271947 239683
299551 244600 266418 242945
308072 232750 259717 242357
271066 245733 280998 242081
313618 247511 293169 232483
303702 253073 278908 231081
300774 249339 256269 256592
300036 225166 293641 248399
282771 240114 309242 246827
278180 249190 279372 265237
277344 272657 264108 264673
272033 255931 273865 260628
301119 228837 298277 246029
306534 243538 283590 234120
282158 264582 273262 245041
286909 258032 262879 253990
305361 242223 257512 250782
303360 232067 287978 244475
293457 235893 295658 239794
300591 262050 268868 237522
279585 251347 266922 263089
273702 248841 291263 255795
296489 238478 286131 236429
284312 260831 276648 245661
288851 254066 278325 241294
288714 241613 271049 244505
293497 247228 262167 246256
276250 240806 286875 251691
299778 233448 293109 252672
294633 239813 287519 236198
290457 239597 266498 251514
299166 235296 268718 240879
289071 252138 263298 256937
280752 238546 276607 249709
282469 234791 278124 258235
291837 239748 282795 243420
272044 253315 278889 254973
283541 234093 288690 251383
291868 246115 285114 233151
273906 247772 282767 256164
283296 255582 293936 246027
286073 245030 264978 247028
278753 237639 274804 253254
304179 235092 275723 247058
285715 234239 279424 248027
291363 250136 270006 246543
295452 236223 270257 257530
279747 240584 267135 256754
295697 236636 281225 246223
284744 246192 286824 240236
292318 237509 274067 240469
281253 240561 264572 252879
304925 236812 270297 240403
291800 245071 277257 240601
282338 253117 282602 249295
299175 240105 274633 237279
293643 238190 269841 240011
291398 251543 264224 255266
286579 245779 287632 240051
283307 248718 275337 248897
291365 236559 269469 250630
292110 248258 275383 240884
285570 238530 269624 251344
295793 234623 270214 248218
284469 241073 264532 255886
291870 240048 278108 246181
319461 245914 268606 250135
308438 248571 260838 258942
306784 253930 279109 237925
305865 231710 307007 251395
296078 263149 271467 240086
283020 258646 269255 265736
278769 252243 285606 257163
302784 238857 293628 237945
304413 235060 285659 249528
311589 240979 271509 250931
301575 253681 260893 260790
282453 247064 270310 254196
310867 256115 266309 250719
310230 236166 275390 246058
297645 244429 268619 262413
287578 246484 278947 252477
299513 257986 280063 243820
288295 247793 266453 248659
298733 237974 284433 244399
298179 250097 272576 245914
303645 236577 273796 241605
289957 241916 281537 248948
291685 239170 275948 251478
288656 239717 275758 255875
290533 254643 285526 244577
292799 235092 281755 249570
296288 245278 281953 244988
295753 246131 277696 249300
288271 244580 277618 255663
303191 253971 273785 242581
296457 243701 275881 244935
299927 244421 269079 257160
301276 238840 272664 252804
289699 246325 273885 249722
302742 244099 272548 250074
301173 253712 272968 244979
325475 239927 283378 243667
306240 259541 309222 239186
301601 235581 287929 257390
293845 260403 279028 249668
288781 252847 267174 251258
286666 257911 284104 261152
282946 249382 287088 257745
320876 242458 275897 249483
297615 248500 269547 253275
314512 239570 287391 253156
306061 237401 274080 255932
308649 239044 277704 254818
304143 253667 277993 247493
288341 256479 284297 253895
293146 242146 277112 253715
304717 249237 279850 245835
306131 240323 284549 246911
305516 240121 280725 251372
304451 237886 295463 264655
300256 254512 275906 251375
293739 242929 290007 255604
299387 247291 282464 257325
299520 250184 276869 255713
313096 250248 281091 260420
341754 257190 243321 268646
327910 313712 258530 230675
319820 309509 272281 226118
313763 248435 262734 254882
301063 291526 210875 271233
277890 284525 283033 239638
271105 296288 235525 293177
260208 292827 246325 268193
330613 292256 256299 229716
341754 257190 243321 268646
265348 301046 278910 262191
301132 307214 230690 251136
278930 284446 229445 285696
327910 313712 258530 230675
319820 309509 272281 226118
279027 256823 243159 291010
290110 302202 237766 243111
323293 299326 254228 231286
302058 290449 268697 235484
286489 282356 219155 271344
320517 256197 254643 252835
309678 295249 263179 227368
272906 276997 247319 282643
290790 282689 217342 280773
291951 289863 280880 237802
260616 292629 243964 274654
271105 296288 235525 293177
293457 264529 257589 245223
324773 266464 231834 255866
308430 283050 221206 256587
275695 284967 275510 249385
288533 271650 235285 287587
318004 265962 239707 242716
326005 294367 259806 229128
306232 299970 264750 233487
267123 281880 276465 260611
279182 269386 247039 266626
275255 287503 265616 246710
303166 273050 213187 262302
303716 262064 258519 237300
304678 250708 243860 265857
264981 284513 276532 262691
319077 285302 250163 231788
288880 255049 241007 269690
291133 281263 266684 243461
315278 257367 233012 248568
310784 274200 235174 254953
274302 265984 253327 281315
264981 284513 276532 262691
287433 267269 236915 271225
282883 283381 236872 267754
292826 249697 259493 250077
290806 288792 215848 274950
299061 271443 227106 277923
293980 293577 271787 236809
288029 263491 248179 267008
312669 265403 241602 249582
276450 277998 245036 275787
301063 291526 210875 271233
279642 277623 274018 243077
300902 276386 246483 244461
288830 257961 255346 261121
303166 273050 213187 262302
285842 289453 243578 253792
277621 292290 237451 277288
328938 255055 271803 246328
312854 248951 273086 258581
306735 286305 250481 234033
312524 281558 254086 234678
299007 280744 234213 255691
292764 281825 263916 243535
317977 288412 271421 231538
267783 280156 270586 254689
311837 256608 243870 264321
297546 298157 217633 254796
298582 252812 249505 258498
297546 298157 217633 254796
274549 262991 251113 250964
281607 284643 228791 272804
297532 260722 249326 248391
291458 253577 260071 265078
282102 294202 242477 258677
283343 274751 229713 264548
316245 281016 247519 233985
291124 286062 245292 241558
302609 259674 240218 250532
272969 264869 254545 252531
275567 272637 245596 272320
269742 271978 250373 268695
285751 279393 221847 259873
272500 283292 242775 263466
313813 272748 223899 254350
268567 288812 238616 274681
283290 278926 244197 251226
292254 275999 235688 259972
271290 285425 229183 281115
313393 252928 245847 262352
317124 278161 249813 238230
268413 287442 254637 276558
302489 276567 233586 252310
280566 291179 225655 273583
300417 263762 282434 239808
270102 282119 238423 269154
307444 279128 247356 238639
314600 285940 251633 235881
314759 251723 274604 243418
294842 261379 238727 254257
285047 269895 249627 261428
304103 261567 260865 236250
283628 286134 272729 247477
299138 299417 238310 247889
288533 271650 235285 287587
313085 282900 253286 234344
299877 270663 245654 246674
298142 264020 252393 240939
302571 251110 258695 258545
284855 277715 232506 256669
280502 295278 226910 251366
304044 275409 226248 246135
289724 271480 237927 251655
293590 274462 233631 257461
286199 288319 262261 238871
313841 258997 247648 239462
305525 268124 230730 256237
283893 271257 246520 259484
287263 263642 254857 250455
308799 277049 227360 246107
276440 300007 233240 274184
285493 277180 249164 257222
285580 290743 225350 276742
326005 294367 259806 229128
267783 280156 270586 254689
314759 251723 274604 243418
294268 300347 243189 249500
309247 285672 232384 240567
296715 287906 228628 256228
314567 268048 253446 234460
284035 254073 260006 273159
317172 272846 240059 236054
294512 294729 261899 238723
282602 285470 256301 248524
270477 281189 238361 274105
306935 280244 263585 232930
298861 280327 228391 258540
305525 268124 230730 256237
289595 261185 259497 260952
292916 261473 247637 245474
310744 256525 248067 240579
274450 290873 248926 262660
295916 271564 254408 239313
290806 288792 215848 274950
290110 302202 237766 243111
295357 285965 231417 257942
296831 258885 254732 250875
278091 278334 262308 247549
292383 278337 224703 275425
277953 275736 232354 280893
283537 274444 226653 276230
288602 270523 230687 276874
291488 266781 236178 259589
304704 272018 236481 240868
280448 259469 260044 275065
313822 271315 253654 240105
291868 275159 228813 260692
288497 263185 237445 265081
284035 254073 260006 273159
328938 255055 271803 246328
272500 283292 242775 263466
290379 265092 248143 259056
287413 270106 240710 258601
304103 261567 260865 236250
260208 292827 246325 268193
298142 264020 252393 240939
295357 285965 231417 257942
285751 279393 221847 259873
280079 290225 235177 276076
285033 266925 236200 274421
296342 284624 232591 248206
280042 279235 250025 250206
285431 290336 243061 256029
296141 284524 237013 255110
306935 280244 263585 232930
298013 294007 245366 233728
301678 256420 227489 275418
303451 294310 237146 248106
291306 272393 250992 246678
300417 263762 282434 239808
293539 269624 230448 259207
300061 263239 254790 240718
282646 272398 237382 258963
267991 288331 255627 269631
294475 275219 221450 264355
291998 266839 248949 254025
280566 291179 225655 273583
313763 248435 262734 254882
294689 280260 239775 247719
313813 272748 223899 254350
299061 271443 227106 277923
288956 280569 240398 251203
292383 278337 224703 275425
267991 288331 255627 269631
291468 261021 243526 264356
294512 294729 261899 238723
293539 269624 230448 259207
301678 256420 227489 275418
296831 258885 254732 250875
298013 294007 245366 233728
288956 280569 240398 251203
301678 256420 227489 275418
304704 272018 236481 240868
314567 268048 253446 234460
282602 285470 256301 248524
292383 278337 224703 275425
341754 257190 243321 268646
348757 259919 239420 257958
320564 308451 241393 237295
309273 284270 262061 236841
306856 280284 279155 243491
305674 254601 261216 258925
297968 292878 227821 265514
282941 294886 242208 296337
275477 268843 254061 263099
335616 259879 243647 270364
335851 259568 247124 285926
325583 264319 235554 265173
300047 282227 277610 242660
298221 258531 256779 282954
298931 258536 249742 291301
342822 262240 242785 263429
282854 293161 263403 248403
291481 288431 266810 248339
340299 261006 237496 266848
323228 290407 257710 238258
299302 305813 243069 248624
303209 298296 236378 249004
288207 281867 239483 279067
302278 296879 228874 258642
290942 285745 274599 246701
296835 302385 240036 253617
319748 277972 247098 239254
304043 286693 269050 239873
298874 284168 272909 248177
286569 284390 237875 289397
308972 300589 234141 250658
321395 265240 234645 257301
289163 280020 228515 282023
275723 271695 258293 256057
348757 259919 239420 257958
299551 260481 270129 263299
282178 291766 260227 250208
285536 278404 250571 274389
286911 275429 249476 267409
293709 267916 259858 251731
287294 283341 234016 266405
288195 289352 232185 271881
280264 267148 261678 261178
305846 266154 245214 261766
315196 277052 239032 245327
310865 275880 238739 272196
291117 279267 268565 249777
313114 269238 235281 265623
306069 262556 243637 262850
290261 261500 242406 275990
316601 279865 237677 258507
279324 278118 252187 262904
294889 261801 250878 260295
292031 291407 255292 250893
307829 291136 250378 246965
292899 264069 252451 256205
305914 284481 230948 256280
296926 274391 243068 255103
296475 284930 232969 254898
276849 279852 254201 251342
304556 280748 241565 248102
320564 308451 241393 237295
286413 268403 278913 252206
314541 260408 246020 254250
288820 267055 248061 266582
311821 287909 230152 249929
312011 259221 254848 252478
286746 273206 250803 270390
320616 261038 244158 273660
311101 261835 239413 271033
284602 286450 238362 265189
316240 270699 243349 248978
301432 287313 232595 258824
315024 269171 261820 243566
289705 276113 229910 273461
290870 278997 244671 253650
290878 277345 253166 259528
292415 273650 239444 260064
299700 267947 250303 264269
308233 264404 243244 254312
288401 281068 239625 266896
295524 285734 252914 248799
301491 277221 257678 245827
284286 285076 248428 252478
291680 275136 248760 256007
320343 264388 246204 250273
303585 283741 249297 252772
296729 281562 234801 264910
316284 289482 234876 246570
290261 261500 242406 275990
298282 279290 236251 265603
315467 261544 243407 253605
308781 271093 242891 258793
289705 276113 229910 273461
299239 287120 240261 252915
305941 265889 256883 248175
299375 289895 242443 251916
295004 284728 235329 261216
286465 275995 242143 265659
306833 269034 252800 252607
303854 285191 242282 251077
278356 269235 257430 251781
303453 280001 238075 253934
299661 280732 242709 259336
299367 268070 254366 252244
278356 269235 257430 251781
299239 287120 240261 252915
291680 275136 248760 256007
331616 280544 243319 258718
321108 261676 248708 271937
318647 291692 231825 257131
310744 282683 263812 247068
300503 314437 267629 248677
300053 264745 251988 281683
299297 295207 276790 250499
277353 275453 267566 262295
286395 303433 248482 277274
282385 267619 272547 262264
325293 272393 239252 273192
329241 263910 252657 264329
293085 297381 248492 269525
279151 295307 259070 276603
290635 289146 235381 269885
314181 273121 244503 275165
321932 279676 240883 259267
287717 279644 275964 252585
308250 288568 260726 247206
310615 293030 232806 266608
315454 262649 246855 271348
314693 291818 232339 279500
319645 266210 249472 262576
301731 270103 266594 253526
303094 264527 264385 268687
297726 288161 233160 274422
292260 277770 257630 257250
293059 279040 235849 278207
297764 286679 237212 255318
317949 275952 243496 252159
305979 285209 238651 260194
284819 289549 251381 258531
312275 263757 257212 261987
300862 268348 262675 265053
297567 286922 237147 266267
306993 267367 253469 265913
289219 275350 253091 276086
311420 272159 258449 250764
302685 290633 255133 253409
299985 279577 269225 253493
286952 276429 261221 262307
296321 295205 253984 253475
288096 275458 253059 267935
299665 284210 246052 258267
316206 278856 262895 250566
285081 285699 255268 252184
312763 271159 247600 274387
292840 281513 242169 269556
294708 282505 248725 260410
309793 279324 245307 253883
320495 269469 243809 256142
294327 274763 247767 262333
303684 278283 255898 253575
293236 279034 243841 279488
287975 269764 259179 254865
296625 281942 240594 276850
306309 268474 269001 250757
296346 264293 256228 272287
301358 278201 240168 260858
290103 285015 254309 260250
294276 281472 250979 261229
321559 282865 238140 260782
306663 270921 258674 257935
286694 283128 253265 271834
310979 271499 248483 256192
309346 271941 249857 257876
319585 266397 260974 257552
286593 281777 254288 273549
320907 266709 245800 254614
303099 269608 250650 264866
306116 271882 255001 254453
302970 278579 254720 253735
306030 266225 256608 260703
306209 279986 251201 257741
294033 279663 245680 269809
303655 281756 250120 253785
303154 275723 253000 260969
294088 281760 247117 261097
325924 264370 247570 275185
316131 274616 271482 253693
303783 288726 240255 290105
301603 303185 251065 255617
292305 272528 279974 257276
292169 289293 235991 271494
288083 275897 260677 262714
289563 279204 277478 258313
300037 300291 237568 270337
304536 296544 239188 261671
315775 266490 250715 280111
308467 279514 246508 262902
324448 270803 267093 254229
306110 286680 257440 259529
299283 292838 241632 269703
294698 279423 250496 284464
318206 275112 248414 283675
313794 293240 250450 254141
312054 272285 258205 263655
298129 282919 263591 261229
308986 269396 259262 276209
297455 274609 266053 256173
294155 289690 254857 260167
309128 284884 251639 257816
304852 283709 241178 274093
322663 273188 265242 254323
288944 289119 253723 277065
302317 277230 255086 266107
319051 272517 250269 261942
304762 292553 252187 259688
322139 270257 260501 256885
303300 281671 261850 254210
294969 279037 254602 268594
315647 271647 261640 255340
304483 278443 240689 279707
302114 281858 250851 267357
316973 278566 248111 264504
317082 286335 248766 256846
325124 269919 249423 264190
304480 276099 265227 260232
304387 269992 256168 271407
302530 285463 254096 263637
308283 278523 259055 257324
300819 285165 250665 270815
305242 293164 240908 261008
297495 275451 253289 279762
299629 279245 260124 255245
304437 272339 258920 268694
300270 279317 254292 262518
304587 278485 253631 266653
303874 279250 241180 264262
333000 281736 252369 264610
310935 293297 263227 256105
308451 272067 256760 272395
300911 291678 244233 299607
300906 306841 254649 265835
296402 292495 276234 262623
292927 293979 239574 274837
303336 277415 260797 281496
317034 287314 256054 259491
328231 282766 266675 256258
325807 275303 255133 274786
302926 300345 257137 261897
313444 276818 273426 262293
305931 281974 251700 277376
295714 295031 240659 272071
305218 289480 250340 266132
312149 272868 274091 265054
300996 300010 257103 264077
313122 285065 246664 263265
294132 293392 240769 273927
300938 279982 262625 257437
298408 275243 276233 263093
305014 294554 248658 266778
295360 283521 265948 273235
309735 283560 262227 259490
304139 293696 258930 269151
316020 283358 249045 272245
311562 276275 259722 270655
298461 283295 255119 275394
300728 283189 262674 256797
307454 284142 259166 270584
312951 283212 259369 268789
306984 284446 255623 272142
302158 284950 262279 261998
316048 290949 251016 267092
308448 290254 267731 256902
304319 281486 269079 261623
304139 284162 280386 264670
297414 295090 241396 284378
295601 293476 247095 289249
298765 293692 249205 274528
320386 282523 272645 267346
