22 12.5613
358489 322443 261226
343179 325961 254512
328649 338477 265601
326878 260590 311828
297039 286000 330975
286863 319982 319254
325416 274966 305821
356278 314958 263365
300619 319079 285606
345720 287249 274450
355419 266367 296815
290713 331978 293612
297039 286000 330975
292201 307888 310092
315991 306738 274507
303698 292679 314590
306599 293692 295031
302564 329822 278518
305501 312387 282877
348384 309698 270874
318237 280390 301822
355419 266367 296815
309218 300031 289774
320960 283131 294785
311942 290745 325409
326816 302809 276689
344085 269632 297604
311942 290745 325409
332481 304580 274035
301986 318786 292067
351217 282280 288731
344085 269632 297604
351217 282280 288731
289459 304044 310455
310685 291522 314110
311545 317593 282233
335576 297239 276171
358489 322443 261226
321174 276505 290593
331081 272392 300108
312726 286014 305223
337409 280532 289216
352466 313391 265412
326569 305992 273401
295156 311955 307897
341076 304045 274399
318277 322329 268348
302564 329822 278518
331593 317107 265335
335560 317096 266694
311942 290745 325409
313605 284584 281042
328856 319035 270098
338069 296718 275680
342155 279056 289121
348384 309698 270874
295156 311955 307897
321174 276505 290593
309218 300031 289774
338069 296718 275680
318277 322329 268348
290713 331978 293612
299408 303572 314398
288034 312395 299510
288034 312395 299510
352466 313391 265412
333916 316998 267736
321174 276505 290593
302643 309749 294148
313605 284584 281042
303229 308810 292444
313605 284584 281042
303875 294385 307959
303875 294385 307959
333916 316998 267736
342155 279056 289121
326569 305992 273401
312726 286014 305223
295156 311955 307897
310685 291522 314110
299408 303572 314398
330664 273175 300091
313533 298579 292411
330664 273175 300091
330664 273175 300091
318237 280390 301822
290713 331978 293612
312452 279757 309422
333916 316998 267736
312452 279757 309422
303875 294385 307959
303229 308810 292444
297039 286000 330975
313533 298579 292411
331081 272392 300108
312452 279757 309422
311942 290745 325409
338069 296718 275680
341076 304045 274399
302651 306343 297393
313533 298579 292411
328856 319035 270098
337409 280532 289216
302643 309749 294148
355419 266367 296815
302651 306343 297393
331081 272392 300108
302651 306343 297393
299408 303572 314398
328856 319035 270098
337409 280532 289216
302651 306343 297393
318237 280390 301822
318277 322329 268348
302643 309749 294148
341076 304045 274399
313533 298579 292411
331081 272392 300108
302643 309749 294148
358489 322443 261226
358489 322443 261226
355419 266367 296815
352466 313391 265412
352466 313391 265412
348384 309698 270874
341076 304045 274399
337409 280532 289216
331081 272392 300108
330664 273175 300091
328856 319035 270098
326569 305992 273401
321174 276505 290593
318277 322329 268348
318277 322329 268348
313605 284584 281042
312726 286014 305223
312452 279757 309422
311942 290745 325409
311942 290745 325409
310685 291522 314110
303875 294385 307959
303875 294385 307959
303229 308810 292444
302651 306343 297393
302643 309749 294148
302643 309749 294148
302643 309749 294148
297039 286000 330975
297039 286000 330975
297039 286000 330975
297039 286000 330975
295156 311955 307897
290713 331978 293612
290713 331978 293612
288034 312395 299510
366840 320196 270538
347412 326019 260631
344844 271480 305760
297052 311323 329702
296173 349191 307596
294049 332148 325938
353665 275133 301446
318868 337692 280167
317193 347133 281569
363506 290053 275773
340963 282195 314387
365539 321863 269931
336952 288286 290161
330519 330496 274107
341903 278252 300054
329252 273714 324125
310180 299081 318595
338895 336593 267113
313083 316413 285703
344509 333566 270803
305012 331649 300532
350345 296093 280958
300162 309663 319600
307330 308236 295569
294061 325413 325753
351830 289700 277947
310865 302365 293314
314626 290064 283318
312071 293156 318739
308882 304788 311655
328773 284899 309517
326010 290030 294961
312507 285425 321026
328118 290954 282739
332098 312970 281405
353665 275133 301446
343046 307614 276598
319307 302027 282476
308545 313125 287316
312866 297567 299073
338895 336593 267113
334487 290006 307740
321893 319646 276185
316511 314350 283082
321893 319646 276185
295765 329014 314355
300162 309663 319600
306383 311694 310293
294049 332148 325938
320547 315810 277575
306516 303596 311866
326299 286167 313093
343681 298688 282428
326299 286167 313093
311374 297516 319531
295765 329014 314355
338895 336593 267113
334593 315468 276793
307942 316125 288324
305813 314788 311711
350594 298826 276272
337294 302958 280169
307942 316125 288324
337294 302958 280169
334593 315468 276793
312866 297567 299073
360053 294076 286908
349194 276535 337199
349194 276535 337199
348457 332588 265029
300859 315360 322022
332536 291600 307926
340034 278477 325300
348457 332588 265029
325074 315811 278002
356128 284674 305659
322670 323681 279526
308742 308695 323926
345510 294721 290754
315511 286292 322395
312323 309147 318731
312645 303864 293543
337936 309994 282619
316815 292029 297765
319779 301056 293426
339865 297983 297282
350799 309784 282830
356226 309445 280433
311094 316743 301973
309479 321358 292558
310361 318098 301510
318826 313962 291921
349547 310319 278449
323928 298269 286114
323421 302323 285473
346504 308695 284239
309349 319267 306834
311729 313368 301628
311988 318564 294149
353459 337017 266606
327685 292324 301017
312270 319828 325633
301354 322459 322481
353459 337017 266606
330084 318409 278477
312247 323562 297255
311962 320703 308904
342144 300900 286428
350396 295324 291092
310456 322455 302506
345193 298014 299334
333210 299506 290751
324933 310805 285939
312667 304519 303575
312330 317448 308295
314967 314818 297716
326641 308785 296543
323652 310943 295284
319148 295618 299864
321437 314110 298173
329595 305554 286483
323904 312277 286849
329275 303219 298696
330978 303442 288294
318612 298940 302352
352040 300883 287662
322603 309711 296657
316865 299388 299504
352890 299896 290100
327065 310386 289622
330900 299327 297659
355388 327091 278521
340728 292342 315041
313244 308046 329045
310460 335709 311380
349780 319059 282674
347316 306716 292970
343769 294867 302286
327835 329621 288759
329312 324468 286297
317230 321573 303355
333948 293067 302547
321943 302601 308472
324679 302941 307820
330145 328791 281409
315607 313709 305897
340540 300061 294043
319575 296435 311549
326448 311622 290085
314844 315128 304625
336104 300690 297400
337531 307672 287937
336327 328695 283101
327469 311041 296475
336488 316769 286539
319541 309164 301246
324729 316349 296737
326835 309404 298804
320672 306730 303139
318576 309349 299697
326877 295912 300040
337036 302697 294364
329372 311386 289400
357654 329177 282613
354799 295815 303909
344284 295904 321667
334037 340584 281533
316279 328721 310913
329775 339564 286987
332559 330993 290435
334044 312713 289521
316818 324485 308534
318837 314735 319458
350563 302684 295821
341246 318381 287636
348463 306464 298338
321946 297061 315870
346049 311831 291635
354364 307546 294534
324027 306164 312126
339327 297324 304342
317408 328339 305560
324167 307007 310789
327215 299804 304373
319843 318365 307075
328848 316369 301726
328335 325970 293573
319913 301431 314519
341957 308099 297233
333623 299094 303689
331418 308441 304166
328450 316505 295998
320063 297932 312399
319917 310356 302309
327900 325060 297159
333073 311845 292369
320424 311892 302085
331659 298226 304636
316876 314796 315656
340198 296030 312308
332173 298001 310954
328732 310081 302105
328448 325566 295725
340117 301774 301893
331513 315449 301896
359146 295828 309285
346932 323114 288403
342956 338602 289322
319988 305734 323094
335683 313434 289918
334391 319090 296903
337145 300347 307333
321752 315324 317657
341475 312784 297776
330460 334961 303201
320787 301599 318279
328966 331565 303539
328037 328137 306754
332521 323282 300372
326342 305202 312666
332496 324960 297002
321000 321959 309665
343386 318433 289507
322616 312186 311526
330584 310814 306607
323636 316628 307952
334275 310097 302155
324628 311879 308211
346581 305664 304057
328501 311039 304440
334226 306856 303833
328839 303886 309246
326126 308995 312640
333619 305827 307971
326500 310390 306881
342752 303306 304224
325769 313175 307688
330474 308558 307722
334391 302962 304436
346740 300592 304316
361436 300385 307486
342944 314589 290207
323808 341265 310157
321361 311709 328746
331936 327327 307407
348982 311654 305252
324623 313870 327671
353327 313938 296486
328772 319615 318553
357622 303656 306880
323271 319671 320814
333262 324214 302252
340398 314400 295005
335241 324489 297451
338474 321542 291446
329702 309727 312697
335801 304257 310855
329491 309129 316543
326458 319928 309261
346755 307007 307162
339349 314870 301876
323123 325073 312642
329297 314943 309274
331850 306776 319389
338377 303029 319742
325164 308985 319233
337730 314592 306488
338922 321131 295935
332633 310799 307366
337893 307137 310422
323988 324809 309872
360720 304529 310861
349371 316433 291609
339378 341268 298637
338899 304482 319268
322713 318063 334471
328462 310671 320654
340699 336497 297628
342538 316001 304712
342218 329612 293682
327201 322843 313871
330820 318558 313511
336845 332877 304721
324226 326783 311322
333951 316970 314981
341547 326697 300692
335341 327794 306128
340093 322491 301096
341426 312504 313738
334452 320514 308098
333092 330806 307946
328341 320473 310780
339614 331579 303898
341251 319452 307291
338066 331889 304693
338784 322737 303995
335995 304502 313849
364834 306317 311875
357768 325073 293368
343090 337995 296671
328673 333105 324201
327002 335294 319070
351140 318567 306631
336444 311101 316341
347447 330867 294246
349845 325334 297788
328819 322118 320245
342237 324692 301841
343227 318776 311069
360951 322957 293572
333596 324325 314799
336712 321702 312313
342637 336343 300631
339141 331819 311801
336198 323446 317411
333322 322693 319312
346726 335663 297881
337478 335373 308989
345061 323999 307520
344723 323140 308124
358721 331307 293788
350838 340379 294577
347316 318092 316394
329879 326391 325481
343657 324854 302779
335886 337292 316906
349545 334552 298353
350400 321505 315715
342247 320230 321213
338053 321934 320499
346538 319599 320179
351632 337563 302091
350798 339175 300927
348648 326782 310484
339692 338058 333562
345637 331319 303545
345756 347817 309234
355169 300720 286664
331269 272861 324690
324911 323224 271538
309128 332229 283261
284089 318865 332139
279076 323172 298627
347135 275900 312984
287058 316907 325874
329467 306775 282772
315282 311711 280216
298992 303128 304044
318747 326465 274319
339829 278845 310498
309128 332229 283261
344579 290513 288213
321611 299157 293854
310282 303121 286001
279076 323172 298627
304849 301273 300962
288144 318331 324295
294108 313429 314383
296716 310999 330775
284089 318865 332139
309523 313218 275405
333556 279580 319408
331269 272861 324690
353984 288556 302586
335644 280860 305830
319592 282263 320351
308839 299232 309957
327929 302241 289349
318747 326465 274319
316014 290023 302709
295007 311370 316689
354828 293964 287277
290880 314195 323350
309090 309769 296207
290541 315582 297814
328824 289155 304434
339829 278845 310498
318311 294660 299679
290880 314195 323350
350475 278888 306689
335644 280860 305830
320898 285818 313808
325774 296307 295514
315282 311711 280216
324911 323224 271538
296118 320549 288550
350475 278888 306689
297570 296848 312365
350475 278888 306689
306254 311704 297337
296118 320549 288550
319592 282263 320351
315669 287970 321232
329620 292534 297261
284089 318865 332139
325774 296307 295514
333925 298430 292002
297570 296848 312365
333925 298430 292002
296716 310999 330775
320898 285818 313808
329620 292534 297261
327929 302241 289349
298992 303128 304044
315309 294246 316203
304849 301273 300962
318556 287809 319043
318556 287809 319043
329520 290993 300495
308839 299232 309957
317811 294591 302225
310282 303121 286001
290541 315582 297814
317811 294591 302225
333925 298430 292002
320898 285818 313808
297094 310043 302696
333925 298430 292002
284089 318865 332139
315669 287970 321232
329520 290993 300495
309523 313218 275405
305513 312700 298977
294724 313541 305366
305513 312700 298977
319960 302430 295699
309090 309769 296207
294724 313541 305366
305513 312700 298977
308839 299232 309957
279076 323172 298627
315309 294246 316203
305570 311422 297617
319960 302430 295699
318747 326465 274319
305570 311422 297617
294724 313541 305366
309523 313218 275405
320898 285818 313808
319960 302430 295699
319960 302430 295699
318556 287809 319043
279076 323172 298627
296118 320549 288550
297094 310043 302696
297094 310043 302696
294724 313541 305366
318556 287809 319043
318556 287809 319043
329520 290993 300495
315282 311711 280216
297094 310043 302696
315282 311711 280216
350475 278888 306689
339829 278845 310498
333925 298430 292002
333925 298430 292002
333925 298430 292002
329520 290993 300495
329520 290993 300495
324911 323224 271538
320898 285818 313808
320898 285818 313808
320898 285818 313808
319960 302430 295699
319960 302430 295699
319960 302430 295699
319960 302430 295699
319960 302430 295699
319960 302430 295699
318747 326465 274319
318747 326465 274319
318747 326465 274319
318556 287809 319043
318556 287809 319043
318556 287809 319043
315282 311711 280216
315282 311711 280216
315282 311711 280216
315282 311711 280216
309523 313218 275405
308839 299232 309957
308839 299232 309957
308839 299232 309957
305513 312700 298977
305513 312700 298977
304849 301273 300962
297570 296848 312365
297570 296848 312365
297094 310043 302696
297094 310043 302696
297094 310043 302696
297094 310043 302696
296716 310999 330775
296716 310999 330775
296716 310999 330775
296716 310999 330775
296716 310999 330775
296118 320549 288550
294724 313541 305366
294724 313541 305366
290880 314195 323350
290880 314195 323350
284089 318865 332139
284089 318865 332139
284089 318865 332139
284089 318865 332139
284089 318865 332139
279076 323172 298627
279076 323172 298627
279076 323172 298627
351083 305186 286493
338699 328571 274467
337157 277695 331313
287281 346386 326006
283338 337996 327818
298169 320408 301829
346941 312324 282379
313850 314614 276763
301270 323961 298448
319361 291453 323203
308162 338289 294691
290116 333239 325778
324011 308407 309102
342701 288289 320906
331667 295361 301058
304608 318073 306847
347247 286659 314226
326756 289505 315779
346964 281642 319790
348971 280071 311600
325142 294464 310708
304966 329341 295790
299610 309867 321425
290116 333239 325778
326216 303862 303748
329733 297465 295973
326452 299680 300538
312239 302907 317974
344937 296163 291365
311639 310733 292602
317016 307138 311554
311416 301126 324638
328141 307736 296407
307754 317263 297877
306893 316054 313515
304467 315800 319201
309887 303848 314560
317931 304088 312431
317288 301398 319126
329035 310454 291399
312673 303021 312993
344937 296163 291365
317729 305099 311157
310457 315859 300591
344937 296163 291365
349202 295669 302408
327285 291892 320339
322057 330301 283731
311118 306828 345750
306603 338211 299834
298219 321713 309182
312986 310026 325231
333592 297105 303975
343485 316239 288715
302749 310162 322155
306481 331339 300573
316808 318526 294016
308264 324902 308197
307817 324978 308882
328353 302335 320055
314544 304991 316471
345310 308032 296799
330195 301143 297715
317684 311590 305630
320353 311105 313468
348115 314084 290177
323126 317606 301429
310490 330851 298812
347964 312082 295115
324650 312380 304506
312963 316536 316821
326097 318365 289134
321043 310934 315447
331636 316648 288917
315644 313719 315732
328934 307624 310574
315191 315804 304593
348520 301651 296473
315223 313921 311975
313100 316166 310580
330529 307753 297569
373933 304523 306107
338866 295661 332528
328459 304266 347182
327361 344529 284559
312182 353230 301984
306844 344947 307019
346107 305246 300660
309615 339286 313327
309142 317111 336060
307196 330470 321938
341033 325708 294981
313031 332982 300072
326806 332683 287189
329103 300609 335758
345126 320716 292060
342378 298942 316004
311482 324611 311971
315720 318460 308141
313478 316113 327077
323972 331463 295739
318956 308852 318082
318068 323411 302468
332174 309854 309721
337447 306318 315820
333017 313508 302910
335271 308191 309481
314826 319589 320767
343859 317798 297888
330251 308940 313163
326107 306377 324670
333112 302757 325190
326778 311776 317204
341844 320845 294654
318903 320888 302373
327347 316467 304623
333955 306252 317690
325306 306737 326848
313732 319694 325877
338566 311205 301788
343354 310275 300990
321883 331246 298537
314566 315683 321186
343816 330606 292068
328705 314893 315998
325086 323744 298491
322520 331038 301942
343704 302932 306999
325173 308123 317262
321911 316224 306519
327348 320783 299001
332824 316553 301880
346636 323411 297153
346381 303613 309535
337537 335395 292917
327740 353550 301275
314823 325722 340774
312840 327478 314325
344252 305752 333294
343333 332650 296496
317379 346465 305703
332495 308899 328453
327868 325553 302246
324280 316304 320810
321595 318472 322685
332261 317870 306816
324215 341195 303631
318477 324554 307548
335832 322328 299627
316599 345223 312188
342573 306105 327233
324089 337346 303720
325696 313347 324412
340202 310093 311700
321956 323536 315019
323081 323073 318625
339224 313934 303980
317103 335485 312479
341779 314666 303502
335021 311128 314425
324074 320976 308838
341360 309189 310955
316482 319482 323293
338754 307744 323075
338431 312595 310452
318293 327164 316757
325429 319098 317991
326783 317476 309893
333568 317891 302492
342500 327452 299345
333989 311736 317574
325777 319746 308351
323262 317849 327396
326295 323532 307957
326611 327049 307414
327867 311771 317408
318332 326601 311762
323221 322609 311807
356700 308301 318686
352114 308006 321696
338282 337863 301730
329777 312269 339401
313496 334045 325096
333962 327098 305382
322811 321992 333135
316884 337615 318678
344855 318411 303206
341215 321735 307495
328049 324161 310400
318948 329796 313733
342109 311422 314981
325297 323250 327104
335798 311745 328389
349491 332645 303027
331129 314704 332053
338303 314932 316409
326732 316478 329173
329668 317023 319101
326794 320128 311051
332690 313968 318290
341376 329241 304364
348450 312786 311130
342772 315299 314363
332519 312448 323772
328184 331257 306468
322325 329671 328834
347535 314574 310654
325475 331534 312980
329962 331998 304941
324502 331434 313437
329234 333488 303137
328023 314931 332925
326059 321805 314868
349699 318193 314791
347576 312005 322293
329657 336590 303581
327532 317454 333700
318481 351835 333425
323926 341307 317762
333949 314827 332900
323252 334011 323575
327392 326321 328202
339196 331862 306154
347482 319829 308092
341586 324204 308450
343803 312391 320980
343316 318560 315838
335066 321395 319199
330097 331608 309870
339067 316250 320710
327021 327059 323755
328985 330726 322601
328154 336403 317360
329838 321533 312133
332323 318349 323241
336434 317661 321103
336258 323242 311423
336161 327286 309104
343715 315842 326665
336055 317142 325392
329333 320718 324889
348098 320954 312212
346195 312410 323057
335605 351527 305721
333592 318296 334014
324987 340223 330786
340488 334969 307243
343924 314538 329745
329153 332548 329227
336475 321808 313339
341784 331941 311370
330813 328442 316848
338819 320027 322133
336189 346031 309730
339091 316550 323495
335033 318644 326212
329211 329123 327368
331644 324830 319889
335861 348813 311780
330453 343005 317958
329554 345219 319977
333430 323615 312478
347913 319060 317873
339276 318262 322961
330288 343935 326388
331625 325564 317304
331477 323061 319907
363743 321640 318857
351958 312878 325555
345423 315676 332538
342037 336652 312763
331300 343741 317668
347142 318535 323173
331526 329810 328817
343640 320771 326224
332213 334196 316876
336778 323225 313805
335421 318794 328439
341976 333829 313050
338071 322268 318635
337587 322797 323217
332662 332814 318020
332752 327215 318078
334853 323903 318172
334432 325556 325747
334318 326312 318793
332131 326542 318141
369905 322016 322171
350024 342992 314111
340178 325009 337339
336183 361977 317759
332208 331659 325982
334311 326933 336704
340804 323486 315710
338933 340170 314963
337220 334172 315243
336384 329213 320711
334066 328812 324147
338357 332806 318129
338153 325112 325048
338563 328225 321241
347085 327423 322872
344860 329212 317638
337248 334856 331656
333753 339242 326943
333188 335507 330957
342943 336719 319732
340283 330702 329091
341347 332468 323611
339556 333507 320306
340969 329063 325839
338724 335550 322225
351968 332325 320739
345020 337242 318277
342873 335465 329981
345658 338799 321179
353402 341160 324702
346040 340041 336195
353155 272481 284433
325362 307073 267335
322814 266551 336616
297946 323840 287286
284000 309684 321081
347375 292417 281578
307038 283445 311183
312586 273696 327201
298959 317468 290676
284000 309684 321081
333055 299854 272719
311246 277021 328111
328936 286448 291785
326637 270206 298780
339132 290358 285622
315547 288760 289005
323959 281044 295669
293699 307766 305506
328202 300669 276522
336456 276768 297001
293699 307766 305506
337375 276175 292029
349274 282687 290738
311838 293236 277144
299620 316164 279262
324855 271662 315411
306058 313880 286275
288558 278083 320084
315221 281270 298033
284434 296794 319148
297436 300130 302737
284434 296794 319148
288703 316316 291982
301074 308709 290231
304993 315198 286567
320217 309496 271231
313144 275864 303358
288558 278083 320084
320217 309496 271231
348834 287354 285399
300199 297258 317813
311693 303541 283816
307995 288146 301055
310136 299383 286675
324855 271662 315411
326415 276898 300648
300199 297258 317813
339132 290358 285622
308277 306013 284894
313175 292821 284647
311693 303541 283816
309064 306510 284785
295188 304032 291461
327421 306925 274066
306058 313880 286275
304993 315198 286567
301004 290660 291162
327597 289309 287951
328339 304869 272111
320217 309496 271231
323959 281044 295669
310875 288065 303880
301074 308709 290231
327421 306925 274066
310136 299383 286675
328339 304869 272111
288703 316316 291982
311246 277021 328111
327597 289309 287951
295188 304032 291461
310875 288065 303880
295188 304032 291461
311838 293236 277144
320217 309496 271231
301004 290660 291162
284000 309684 321081
310875 288065 303880
301004 290660 291162
327421 306925 274066
328339 304869 272111
339132 290358 285622
328339 304869 272111
327421 306925 274066
327421 306925 274066
327421 306925 274066
324855 271662 315411
320217 309496 271231
320217 309496 271231
320217 309496 271231
311693 303541 283816
310875 288065 303880
310136 299383 286675
293699 307766 305506
293699 307766 305506
293699 307766 305506
360170 286449 291830
341272 349241 267766
328246 270651 307746
326787 362416 271349
320914 274545 336950
290209 340240 309146
325161 273197 331490
326787 362416 271349
354820 284172 292257
351193 289430 292316
327619 344258 274220
331782 295519 286737
343003 271501 307198
338237 314148 268968
294345 317890 320687
293302 322329 316878
333613 344824 271335
318962 277334 313813
296900 308164 311580
360170 286449 291830
324730 291842 289172
295772 313003 295935
341874 331653 268270
304475 299601 299793
325543 281653 307259
340981 327860 268438
332332 310016 276631
329053 315866 271385
299543 303590 311677
320199 315440 279466
317625 337399 279720
334410 295265 280700
311806 283315 327378
314408 276519 324045
300714 304670 302742
311806 283315 327378
301458 304025 304883
294989 317412 303713
309350 298253 307682
323628 330186 276137
291621 320027 321859
336711 324286 270080
311954 291130 315813
314124 306672 291095
341272 349241 267766
306814 322599 283713
315375 282568 301901
301421 285403 323013
315726 293062 296990
300496 310732 306689
316497 299768 285545
312188 300396 298407
351193 289430 292316
291031 322774 312895
303247 323650 284505
294132 335756 311221
323628 330186 276137
335735 313384 270122
308236 301825 294688
317246 303489 284946
317718 299391 293634
313277 290592 304280
329199 273105 300284
315967 320157 281762
342161 284848 292871
319418 301858 281916
314141 297386 297524
314358 286611 313352
340981 327860 268438
336711 324286 270080
307247 293034 307859
302864 302146 292744
312249 309701 284236
311029 292499 300552
324990 284134 301304
294132 335756 311221
313773 297855 297679
307519 319331 290690
317697 290454 294910
307519 319331 290690
351193 289430 292316
290571 315267 322098
293302 322329 316878
294132 335756 311221
318859 310080 283196
343003 271501 307198
300496 310732 306689
311029 292499 300552
325532 301637 283083
318090 291584 292814
327897 301606 280625
314408 276519 324045
335549 301421 275713
329199 273105 300284
343003 271501 307198
335549 301421 275713
302864 302146 292744
335549 301421 275713
314408 276519 324045
290571 315267 322098
312249 309701 284236
314358 286611 313352
315967 320157 281762
341272 349241 267766
335549 301421 275713
335549 301421 275713
335549 301421 275713
335549 301421 275713
335549 301421 275713
335549 301421 275713
335549 301421 275713
314358 286611 313352
353766 285444 297822
334301 275311 324997
332714 323604 279929
320365 280622 327830
309415 333415 283933
295430 331011 307486
343667 285664 297817
336167 289867 303431
329281 282743 307898
315396 311795 290044
298449 308739 326437
342846 287853 293785
322387 316247 289372
342094 285166 301863
310605 321341 296753
326227 282314 321511
325959 316699 282712
336110 298433 287547
312548 294004 307440
324034 279235 327355
323858 318945 280108
318009 304542 291892
310146 307329 299521
305572 304047 312049
316852 293749 310643
303956 329169 289920
319575 286011 304229
324703 301935 288723
308256 324102 289246
343663 296398 286342
300440 310281 311712
311277 293256 317667
325223 292235 292703
314955 281412 324686
316631 286992 314977
314939 294345 301780
295430 331011 307486
307246 323573 289846
332157 281261 315732
334433 289627 304174
318602 297076 301203
320312 321871 285090
320838 319380 287914
302846 308202 307816
309415 333415 283933
301181 310019 313824
305266 302046 327749
308668 297145 319178
332804 297241 288060
331820 282286 318894
319284 292963 298348
327754 292337 292145
301181 310019 313824
311149 329263 287883
327639 307447 285354
309037 310178 302071
327196 292780 289887
331820 282286 318894
308256 324102 289246
342094 285166 301863
303956 329169 289920
309415 333415 283933
362459 292945 292193
328837 283584 322647
328196 322921 282677
325596 283733 332492
317161 340551 284247
300995 319545 311873
350903 306712 290347
305559 337062 311471
348117 287306 313803
312001 329658 295391
327459 289931 309163
304477 312564 325907
335755 305129 292724
344540 311404 285516
340161 294750 295975
336536 293271 296719
307669 310878 316962
317723 294461 303740
324179 302726 300983
320924 339120 286796
304340 318554 311960
314231 300111 314233
312855 327953 299704
310673 313525 309316
325675 299451 293293
318241 316472 292909
312806 299606 319703
314246 326574 291169
308643 310160 309969
311321 309416 324550
318724 289713 322164
312101 307356 318066
327726 297153 302496
327839 324848 286342
321570 288606 309952
327580 307063 289398
322364 305539 293224
315516 318873 291826
311298 328110 301916
327556 295441 302919
328615 308710 285738
324344 293570 303673
313515 313008 301045
318708 312133 290194
317000 318589 291856
320059 311752 292148
319865 293143 309245
318317 307126 292627
351393 315634 291371
338819 319479 287869
333243 285177 325953
328694 332952 291808
304724 320232 332439
341345 305664 298047
307767 321860 315763
317491 310343 310097
332286 287836 330953
314327 314466 328959
326259 306962 293762
306687 328450 314244
313510 320482 318285
335170 294438 307204
320513 292594 323679
316284 329949 295341
337456 290770 314278
306557 320240 321558
321481 311218 298540
316681 303136 323209
321624 300392 311507
336840 298956 299484
339131 294020 301268
324508 298529 313608
330835 305347 303234
320676 297679 319316
331067 296473 311994
328059 297601 306700
313830 318129 312225
328169 305684 296188
328900 292964 323258
307370 320978 316528
333067 303819 301780
324353 299374 304765
323965 299723 310814
321097 297039 317587
337082 293985 314991
334459 306289 293230
320526 318141 302510
321214 316395 303643
315576 319467 303734
316613 321682 292809
322623 314799 293251
323379 303694 306830
337985 306226 293272
315272 320739 303580
321121 315379 304161
320661 305654 304485
368373 304403 303067
351883 330491 292945
335124 293197 324553
317799 312465 324700
315882 335702 305702
307910 330531 320485
345590 295533 317120
325092 301641 309920
318652 321739 294687
318961 315682 313984
339631 298797 313490
333729 307448 294646
321642 301435 324141
326338 311349 295421
315699 320941 306062
348118 298433 304747
326662 310694 303009
320825 306436 307637
339590 306764 299754
322075 298839 318244
322012 317204 300823
344997 305304 303976
328850 316830 293593
315797 320331 317921
326140 303796 305119
339420 312917 293609
335811 307348 304409
325132 313085 304266
328722 320942 294716
318842 321159 304151
342211 303432 311110
335809 298917 327429
334706 332445 293669
332646 336592 296003
325042 299449 330348
317165 330986 319990
317997 324622 324281
329281 313789 297644
320979 317953 327117
319953 326890 304578
338061 320462 293820
319540 330613 307729
341513 299863 318655
322320 319023 303667
333821 311524 307938
327820 302088 315392
337378 307166 305642
329685 318507 296888
339280 307449 305196
337995 309171 301093
327849 324253 297262
322205 305709 329959
325914 305066 320265
324504 308213 312899
326591 312003 299032
326509 304571 317805
327479 304069 314104
323954 311990 310776
335413 309398 297328
333124 303158 313359
334886 307410 310701
326040 312416 310740
321314 324369 297042
322289 305359 319022
325484 307332 313175
346192 298953 336167
333819 316097 297990
322523 339005 299626
321701 329583 305042
322957 315206 322288
339520 311757 300088
329950 309856 315029
328385 309112 316387
323896 330171 298688
341565 310112 307364
323073 321223 306086
328617 314943 307578
333348 319130 298786
326083 313914 315392
327067 320019 302112
322489 321167 320090
326978 311615 317492
347467 322017 300087
341170 333073 299851
329466 310252 317442
328089 313298 327792
321831 330690 326322
331032 320789 308439
334387 317414 302467
322291 330398 315599
328200 325953 304927
337766 322725 301161
338715 316404 306150
328535 310522 321257
344682 311228 307861
326412 317396 325824
324696 322229 311996
340687 312296 312348
347012 321779 302166
351854 312560 311132
348751 311513 315952
336091 318973 303176
330805 343681 306658
326433 327317 328970
323898 339362 315679
340103 315853 321232
331984 329950 313658
330162 319384 320583
334046 314021 321557
332592 325026 310719
342871 319155 309608
337924 324578 307407
333556 330794 312893
331041 323530 336559
336593 320307 319467
332564 329706 323021
331829 323780 330335
341281 324558 308751
350243 326100 309939
344611 340507 312182
344467 322030 318399
339485 332489 322747
340919 326627 313257
340175 333516 317332
344438 328242 314667
342171 338400 316339
350541 335092 316554
