332 80.3565
987367 1.31151e+06 1.33004e+06 1.45381e+06
1.41605e+06 924657 1.43221e+06 1.42598e+06
1.44793e+06 1.45117e+06 933453 1.45238e+06
1.42279e+06 1.45798e+06 1.43805e+06 924016
1.45025e+06 1.41629e+06 941781 1.41562e+06
1.41141e+06 921368 1.43348e+06 1.4234e+06
1.41978e+06 1.45945e+06 1.43533e+06 924551
1.00968e+06 1.40478e+06 1.2536e+06 1.35086e+06
1.41141e+06 921368 1.43348e+06 1.4234e+06
1.41141e+06 921368 1.43348e+06 1.4234e+06
1.42279e+06 1.45798e+06 1.43805e+06 924016
1.41018e+06 921429 1.43383e+06 1.4249e+06
1.41978e+06 1.45945e+06 1.43533e+06 924551
1.00629e+06 1.40506e+06 1.26516e+06 1.341e+06
1.01225e+06 1.28189e+06 1.30461e+06 1.43865e+06
1.44431e+06 1.41801e+06 938453 1.42023e+06
1.42685e+06 1.46042e+06 1.43251e+06 925109
1.01096e+06 1.40647e+06 1.25065e+06 1.35311e+06
1.46908e+06 1.43805e+06 955477 1.36445e+06
1.01346e+06 1.28826e+06 1.28897e+06 1.42647e+06
1.46527e+06 1.44231e+06 956219 1.36679e+06
1.42173e+06 1.46282e+06 1.42992e+06 927196
1.38493e+06 1.46892e+06 1.44924e+06 950078
987367 1.31151e+06 1.33004e+06 1.45381e+06
1.44755e+06 1.42122e+06 937865 1.42037e+06
1.40664e+06 929336 1.44518e+06 1.41227e+06
1.44431e+06 1.41801e+06 938453 1.42023e+06
1.45025e+06 1.41629e+06 941781 1.41562e+06
1.42173e+06 1.46282e+06 1.42992e+06 927196
1.00818e+06 1.40207e+06 1.26193e+06 1.34454e+06
1.42685e+06 1.46042e+06 1.43251e+06 925109
1.44671e+06 1.4207e+06 938320 1.42141e+06
1.40868e+06 928084 1.43424e+06 1.41332e+06
1.42084e+06 1.4576e+06 1.43833e+06 925226
1.01346e+06 1.28826e+06 1.28897e+06 1.42647e+06
1.41141e+06 921368 1.43348e+06 1.4234e+06
1.42027e+06 1.45959e+06 1.4352e+06 924559
1.00629e+06 1.40506e+06 1.26516e+06 1.341e+06
1.01332e+06 1.2906e+06 1.29464e+06 1.42411e+06
1.39846e+06 923301 1.44655e+06 1.43499e+06
1.42173e+06 1.46282e+06 1.42992e+06 927196
1.01346e+06 1.28826e+06 1.28897e+06 1.42647e+06
1.41959e+06 1.46173e+06 1.43817e+06 923072
1.00818e+06 1.40207e+06 1.26193e+06 1.34454e+06
1.39662e+06 922657 1.44094e+06 1.44656e+06
1.46908e+06 1.43805e+06 955477 1.36445e+06
1.41978e+06 1.45945e+06 1.43533e+06 924551
991745 1.30676e+06 1.31718e+06 1.4485e+06
1.44755e+06 1.42122e+06 937865 1.42037e+06
1.01096e+06 1.40647e+06 1.25065e+06 1.35311e+06
1.44755e+06 1.42122e+06 937865 1.42037e+06
1.44299e+06 1.42043e+06 937657 1.42432e+06
1.42279e+06 1.45798e+06 1.43805e+06 924016
1.00968e+06 1.40478e+06 1.2536e+06 1.35086e+06
1.40868e+06 928084 1.43424e+06 1.41332e+06
1.44301e+06 1.41932e+06 938550 1.42313e+06
1.46908e+06 1.43805e+06 955477 1.36445e+06
1.42279e+06 1.45798e+06 1.43805e+06 924016
1.00818e+06 1.40207e+06 1.26193e+06 1.34454e+06
987367 1.31151e+06 1.33004e+06 1.45381e+06
1.41959e+06 1.46173e+06 1.43817e+06 923072
1.01346e+06 1.28826e+06 1.28897e+06 1.42647e+06
1.01096e+06 1.40647e+06 1.25065e+06 1.35311e+06
1.41179e+06 923054 1.43272e+06 1.42665e+06
1.45025e+06 1.41629e+06 941781 1.41562e+06
1.40868e+06 928084 1.43424e+06 1.41332e+06
1.41959e+06 1.46173e+06 1.43817e+06 923072
1.00914e+06 1.40426e+06 1.25775e+06 1.34553e+06
1.41018e+06 921429 1.43383e+06 1.4249e+06
1.01346e+06 1.28826e+06 1.28897e+06 1.42647e+06
1.42279e+06 1.45798e+06 1.43805e+06 924016
1.39662e+06 922657 1.44094e+06 1.44656e+06
1.46914e+06 1.45237e+06 965256 1.35122e+06
1.00774e+06 1.40105e+06 1.26254e+06 1.34415e+06
1.39443e+06 924646 1.43676e+06 1.43855e+06
1.44755e+06 1.42122e+06 937865 1.42037e+06
1.42173e+06 1.46282e+06 1.42992e+06 927196
1.01346e+06 1.28826e+06 1.28897e+06 1.42647e+06
1.02133e+06 1.39608e+06 1.26004e+06 1.33536e+06
989519 1.30891e+06 1.32418e+06 1.44526e+06
1.44793e+06 1.45117e+06 933453 1.45238e+06
1.42279e+06 1.45798e+06 1.43805e+06 924016
1.41959e+06 1.46173e+06 1.43817e+06 923072
1.00818e+06 1.40207e+06 1.26193e+06 1.34454e+06
1.44299e+06 1.42043e+06 937657 1.42432e+06
1.40868e+06 928084 1.43424e+06 1.41332e+06
1.01907e+06 1.3933e+06 1.24961e+06 1.34935e+06
1.44799e+06 1.41665e+06 941061 1.41995e+06
1.40868e+06 928084 1.43424e+06 1.41332e+06
989519 1.30891e+06 1.32418e+06 1.44526e+06
1.42027e+06 1.45959e+06 1.4352e+06 924559
1.01167e+06 1.40556e+06 1.2498e+06 1.35356e+06
1.40806e+06 929347 1.43524e+06 1.41206e+06
1.41018e+06 921429 1.43383e+06 1.4249e+06
1.01167e+06 1.40556e+06 1.2498e+06 1.35356e+06
1.39662e+06 922657 1.44094e+06 1.44656e+06
1.42279e+06 1.45798e+06 1.43805e+06 924016
1.00629e+06 1.40506e+06 1.26516e+06 1.341e+06
1.39443e+06 924646 1.43676e+06 1.43855e+06
1.41141e+06 921368 1.43348e+06 1.4234e+06
1.42685e+06 1.46042e+06 1.43251e+06 925109
1.40806e+06 929347 1.43524e+06 1.41206e+06
1.41959e+06 1.46173e+06 1.43817e+06 923072
1.00968e+06 1.40478e+06 1.2536e+06 1.35086e+06
1.41141e+06 921368 1.43348e+06 1.4234e+06
1.42373e+06 1.46194e+06 1.43314e+06 924876
1.02308e+06 1.39524e+06 1.25876e+06 1.33505e+06
1.01225e+06 1.28189e+06 1.30461e+06 1.43865e+06
1.46908e+06 1.43805e+06 955477 1.36445e+06
1.01346e+06 1.28826e+06 1.28897e+06 1.42647e+06
1.40868e+06 928084 1.43424e+06 1.41332e+06
1.44431e+06 1.41801e+06 938453 1.42023e+06
1.42344e+06 1.4587e+06 1.43978e+06 923509
1.00629e+06 1.40506e+06 1.26516e+06 1.341e+06
1.44299e+06 1.42043e+06 937657 1.42432e+06
1.41106e+06 921432 1.43348e+06 1.42556e+06
1.44431e+06 1.41801e+06 938453 1.42023e+06
1.40868e+06 928084 1.43424e+06 1.41332e+06
1.00968e+06 1.40478e+06 1.2536e+06 1.35086e+06
987367 1.31151e+06 1.33004e+06 1.45381e+06
1.41959e+06 1.46173e+06 1.43817e+06 923072
1.00818e+06 1.40207e+06 1.26193e+06 1.34454e+06
1.01444e+06 1.28987e+06 1.28962e+06 1.42445e+06
1.39443e+06 924646 1.43676e+06 1.43855e+06
1.01457e+06 1.28914e+06 1.2885e+06 1.42749e+06
1.41141e+06 921368 1.43348e+06 1.4234e+06
1.42373e+06 1.46194e+06 1.43314e+06 924876
1.4336e+06 1.45178e+06 936990 1.44294e+06
1.41474e+06 923821 1.43328e+06 1.42198e+06
1.01444e+06 1.28987e+06 1.28962e+06 1.42445e+06
1.42685e+06 1.46042e+06 1.43251e+06 925109
1.39443e+06 924646 1.43676e+06 1.43855e+06
1.41959e+06 1.46173e+06 1.43817e+06 923072
1.00818e+06 1.40207e+06 1.26193e+06 1.34454e+06
1.39662e+06 922657 1.44094e+06 1.44656e+06
1.44755e+06 1.42122e+06 937865 1.42037e+06
1.42279e+06 1.45798e+06 1.43805e+06 924016
1.00629e+06 1.40506e+06 1.26516e+06 1.341e+06
1.46908e+06 1.43805e+06 955477 1.36445e+06
1.01101e+06 1.28482e+06 1.30385e+06 1.43492e+06
1.44431e+06 1.41801e+06 938453 1.42023e+06
1.01907e+06 1.3933e+06 1.24961e+06 1.34935e+06
1.00818e+06 1.40207e+06 1.26193e+06 1.34454e+06
987367 1.31151e+06 1.33004e+06 1.45381e+06
1.44532e+06 1.45686e+06 934098 1.44099e+06
1.42027e+06 1.45959e+06 1.4352e+06 924559
1.01907e+06 1.3933e+06 1.24961e+06 1.34935e+06
1.40868e+06 928084 1.43424e+06 1.41332e+06
1.40868e+06 928084 1.43424e+06 1.41332e+06
989519 1.30891e+06 1.32418e+06 1.44526e+06
1.42279e+06 1.45798e+06 1.43805e+06 924016
1.39443e+06 924646 1.43676e+06 1.43855e+06
1.44671e+06 1.4207e+06 938320 1.42141e+06
1.40664e+06 929336 1.44518e+06 1.41227e+06
1.01167e+06 1.40556e+06 1.2498e+06 1.35356e+06
1.41141e+06 921368 1.43348e+06 1.4234e+06
1.41959e+06 1.46173e+06 1.43817e+06 923072
1.00774e+06 1.40105e+06 1.26254e+06 1.34415e+06
1.01346e+06 1.28826e+06 1.28897e+06 1.42647e+06
1.39662e+06 922657 1.44094e+06 1.44656e+06
1.46791e+06 1.44247e+06 956758 1.3625e+06
1.44431e+06 1.41801e+06 938453 1.42023e+06
1.42279e+06 1.45798e+06 1.43805e+06 924016
1.01346e+06 1.28826e+06 1.28897e+06 1.42647e+06
1.41141e+06 921368 1.43348e+06 1.4234e+06
1.462e+06 1.44668e+06 960647 1.35916e+06
1.42027e+06 1.45959e+06 1.4352e+06 924559
989519 1.30891e+06 1.32418e+06 1.44526e+06
1.46908e+06 1.43805e+06 955477 1.36445e+06
1.01096e+06 1.40647e+06 1.25065e+06 1.35311e+06
1.44542e+06 1.41914e+06 938820 1.42003e+06
1.45025e+06 1.41629e+06 941781 1.41562e+06
1.42027e+06 1.45959e+06 1.4352e+06 924559
1.00818e+06 1.40207e+06 1.26193e+06 1.34454e+06
1.44671e+06 1.4207e+06 938320 1.42141e+06
1.41605e+06 924657 1.43221e+06 1.42598e+06
1.44431e+06 1.41801e+06 938453 1.42023e+06
1.42027e+06 1.45959e+06 1.4352e+06 924559
1.42344e+06 1.4587e+06 1.43978e+06 923509
987367 1.31151e+06 1.33004e+06 1.45381e+06
1.41959e+06 1.46173e+06 1.43817e+06 923072
1.02308e+06 1.39524e+06 1.25876e+06 1.33505e+06
1.00774e+06 1.40105e+06 1.26254e+06 1.34415e+06
1.39443e+06 924646 1.43676e+06 1.43855e+06
1.41106e+06 921432 1.43348e+06 1.42556e+06
1.41179e+06 923054 1.43272e+06 1.42665e+06
1.41959e+06 1.46173e+06 1.43817e+06 923072
1.00914e+06 1.40426e+06 1.25775e+06 1.34553e+06
1.39443e+06 924646 1.43676e+06 1.43855e+06
1.41141e+06 921368 1.43348e+06 1.4234e+06
1.42027e+06 1.45959e+06 1.4352e+06 924559
1.01346e+06 1.28826e+06 1.28897e+06 1.42647e+06
1.42173e+06 1.46282e+06 1.42992e+06 927196
1.00774e+06 1.40105e+06 1.26254e+06 1.34415e+06
1.39443e+06 924646 1.43676e+06 1.43855e+06
1.44299e+06 1.42043e+06 937657 1.42432e+06
1.42279e+06 1.45798e+06 1.43805e+06 924016
1.00968e+06 1.40478e+06 1.2536e+06 1.35086e+06
1.45025e+06 1.41629e+06 941781 1.41562e+06
1.39662e+06 922657 1.44094e+06 1.44656e+06
1.47011e+06 1.44181e+06 956844 1.36437e+06
1.42173e+06 1.46282e+06 1.42992e+06 927196
1.42027e+06 1.45959e+06 1.4352e+06 924559
989519 1.30891e+06 1.32418e+06 1.44526e+06
1.44542e+06 1.41914e+06 938820 1.42003e+06
1.41018e+06 921429 1.43383e+06 1.4249e+06
1.44431e+06 1.41801e+06 938453 1.42023e+06
1.45096e+06 1.41368e+06 942561 1.42073e+06
1.40806e+06 929347 1.43524e+06 1.41206e+06
989519 1.30891e+06 1.32418e+06 1.44526e+06
1.41959e+06 1.46173e+06 1.43817e+06 923072
1.01346e+06 1.28826e+06 1.28897e+06 1.42647e+06
1.45025e+06 1.41629e+06 941781 1.41562e+06
1.02682e+06 1.27855e+06 1.32072e+06 1.42044e+06
1.01346e+06 1.28826e+06 1.28897e+06 1.42647e+06
1.39662e+06 922657 1.44094e+06 1.44656e+06
1.41959e+06 1.46173e+06 1.43817e+06 923072
1.00818e+06 1.40207e+06 1.26193e+06 1.34454e+06
1.01332e+06 1.2906e+06 1.29464e+06 1.42411e+06
1.41141e+06 921368 1.43348e+06 1.4234e+06
1.41978e+06 1.45945e+06 1.43533e+06 924551
1.01346e+06 1.28826e+06 1.28897e+06 1.42647e+06
1.42084e+06 1.4576e+06 1.43833e+06 925226
991745 1.30676e+06 1.31718e+06 1.4485e+06
1.41358e+06 923075 1.43295e+06 1.42535e+06
1.46914e+06 1.45237e+06 965256 1.35122e+06
1.41959e+06 1.46173e+06 1.43817e+06 923072
1.01346e+06 1.28826e+06 1.28897e+06 1.42647e+06
1.462e+06 1.44668e+06 960647 1.35916e+06
1.00818e+06 1.40207e+06 1.26193e+06 1.34454e+06
1.45025e+06 1.41629e+06 941781 1.41562e+06
1.4336e+06 1.45178e+06 936990 1.44294e+06
1.40806e+06 929347 1.43524e+06 1.41206e+06
1.00968e+06 1.40478e+06 1.2536e+06 1.35086e+06
1.44299e+06 1.42043e+06 937657 1.42432e+06
1.45025e+06 1.41629e+06 941781 1.41562e+06
1.44671e+06 1.4207e+06 938320 1.42141e+06
1.01586e+06 1.29066e+06 1.28884e+06 1.42301e+06
1.00774e+06 1.40105e+06 1.26254e+06 1.34415e+06
987367 1.31151e+06 1.33004e+06 1.45381e+06
1.41959e+06 1.46173e+06 1.43817e+06 923072
1.00629e+06 1.40506e+06 1.26516e+06 1.341e+06
1.01492e+06 1.2908e+06 1.28701e+06 1.42722e+06
1.41474e+06 923821 1.43328e+06 1.42198e+06
1.44301e+06 1.41932e+06 938550 1.42313e+06
1.40656e+06 930099 1.44408e+06 1.41012e+06
1.42279e+06 1.45798e+06 1.43805e+06 924016
1.01167e+06 1.40556e+06 1.2498e+06 1.35356e+06
1.41018e+06 921429 1.43383e+06 1.4249e+06
1.39443e+06 924646 1.43676e+06 1.43855e+06
1.42279e+06 1.45798e+06 1.43805e+06 924016
1.41018e+06 921429 1.43383e+06 1.4249e+06
1.42279e+06 1.45798e+06 1.43805e+06 924016
1.00629e+06 1.40506e+06 1.26516e+06 1.341e+06
989519 1.30891e+06 1.32418e+06 1.44526e+06
1.44793e+06 1.45117e+06 933453 1.45238e+06
1.42279e+06 1.45798e+06 1.43805e+06 924016
1.00968e+06 1.40478e+06 1.2536e+06 1.35086e+06
1.02308e+06 1.39524e+06 1.25876e+06 1.33505e+06
989519 1.30891e+06 1.32418e+06 1.44526e+06
1.44055e+06 1.45508e+06 934207 1.44564e+06
1.46908e+06 1.43805e+06 955477 1.36445e+06
1.41959e+06 1.46173e+06 1.43817e+06 923072
1.00818e+06 1.40207e+06 1.26193e+06 1.34454e+06
1.44755e+06 1.42122e+06 937865 1.42037e+06
1.42279e+06 1.45798e+06 1.43805e+06 924016
1.4336e+06 1.45178e+06 936990 1.44294e+06
1.01907e+06 1.3933e+06 1.24961e+06 1.34935e+06
1.40806e+06 929347 1.43524e+06 1.41206e+06
987367 1.31151e+06 1.33004e+06 1.45381e+06
1.42685e+06 1.46042e+06 1.43251e+06 925109
1.4336e+06 1.45178e+06 936990 1.44294e+06
1.40868e+06 928084 1.43424e+06 1.41332e+06
1.40868e+06 928084 1.43424e+06 1.41332e+06
1.44482e+06 1.42339e+06 938235 1.42342e+06
1.41474e+06 923821 1.43328e+06 1.42198e+06
1.41959e+06 1.46173e+06 1.43817e+06 923072
1.00818e+06 1.40207e+06 1.26193e+06 1.34454e+06
1.01346e+06 1.28826e+06 1.28897e+06 1.42647e+06
1.41179e+06 923054 1.43272e+06 1.42665e+06
1.42273e+06 1.46341e+06 1.43231e+06 925277
1.40806e+06 929347 1.43524e+06 1.41206e+06
1.42027e+06 1.45959e+06 1.4352e+06 924559
1.00818e+06 1.40207e+06 1.26193e+06 1.34454e+06
1.41018e+06 921429 1.43383e+06 1.4249e+06
1.46908e+06 1.43805e+06 955477 1.36445e+06
1.41702e+06 1.45974e+06 1.43611e+06 926778
1.01112e+06 1.28457e+06 1.30344e+06 1.43567e+06
1.46791e+06 1.44247e+06 956758 1.3625e+06
1.01167e+06 1.40556e+06 1.2498e+06 1.35356e+06
1.46908e+06 1.43805e+06 955477 1.36445e+06
1.44542e+06 1.41914e+06 938820 1.42003e+06
1.42344e+06 1.4587e+06 1.43978e+06 923509
1.00818e+06 1.40207e+06 1.26193e+06 1.34454e+06
1.4336e+06 1.45178e+06 936990 1.44294e+06
1.41141e+06 921368 1.43348e+06 1.4234e+06
1.44755e+06 1.42122e+06 937865 1.42037e+06
1.40664e+06 929336 1.44518e+06 1.41227e+06
1.01167e+06 1.40556e+06 1.2498e+06 1.35356e+06
987367 1.31151e+06 1.33004e+06 1.45381e+06
1.41959e+06 1.46173e+06 1.43817e+06 923072
1.02133e+06 1.39608e+06 1.26004e+06 1.33536e+06
1.00968e+06 1.40478e+06 1.2536e+06 1.35086e+06
1.01346e+06 1.28826e+06 1.28897e+06 1.42647e+06
1.41141e+06 921368 1.43348e+06 1.4234e+06
1.41179e+06 923054 1.43272e+06 1.42665e+06
1.41959e+06 1.46173e+06 1.43817e+06 923072
1.00968e+06 1.40478e+06 1.2536e+06 1.35086e+06
1.40806e+06 929347 1.43524e+06 1.41206e+06
1.41179e+06 923054 1.43272e+06 1.42665e+06
1.42279e+06 1.45798e+06 1.43805e+06 924016
1.39662e+06 922657 1.44094e+06 1.44656e+06
1.42027e+06 1.45959e+06 1.4352e+06 924559
1.00818e+06 1.40207e+06 1.26193e+06 1.34454e+06
1.39846e+06 923301 1.44655e+06 1.43499e+06
1.44755e+06 1.42122e+06 937865 1.42037e+06
1.41959e+06 1.46173e+06 1.43817e+06 923072
989519 1.30891e+06 1.32418e+06 1.44526e+06
1.01586e+06 1.29066e+06 1.28884e+06 1.42301e+06
991265 1.30524e+06 1.32528e+06 1.44839e+06
1.44755e+06 1.42122e+06 937865 1.42037e+06
1.41959e+06 1.46173e+06 1.43817e+06 923072
1.40656e+06 930099 1.44408e+06 1.41012e+06
987367 1.31151e+06 1.33004e+06 1.45381e+06
1.44431e+06 1.41801e+06 938453 1.42023e+06
1.42685e+06 1.46042e+06 1.43251e+06 925109
1.02308e+06 1.39524e+06 1.25876e+06 1.33505e+06
1.44431e+06 1.41801e+06 938453 1.42023e+06
1.40868e+06 928084 1.43424e+06 1.41332e+06
989519 1.30891e+06 1.32418e+06 1.44526e+06
1.42279e+06 1.45798e+06 1.43805e+06 924016
1.01346e+06 1.28826e+06 1.28897e+06 1.42647e+06
1.44671e+06 1.4207e+06 938320 1.42141e+06
1.40868e+06 928084 1.43424e+06 1.41332e+06
1.01167e+06 1.40556e+06 1.2498e+06 1.35356e+06
1.41141e+06 921368 1.43348e+06 1.4234e+06
1.41959e+06 1.46173e+06 1.43817e+06 923072
1.01345e+06 1.40837e+06 1.26305e+06 1.33819e+06
1.39762e+06 926535 1.44314e+06 1.42955e+06
1.39443e+06 924646 1.43676e+06 1.43855e+06
1.46914e+06 1.45237e+06 965256 1.35122e+06
1.01346e+06 1.28826e+06 1.28897e+06 1.42647e+06
1.42279e+06 1.45798e+06 1.43805e+06 924016
1.01346e+06 1.28826e+06 1.28897e+06 1.42647e+06
1.41141e+06 921368 1.43348e+06 1.4234e+06
1.462e+06 1.44668e+06 960647 1.35916e+06
1.41959e+06 1.46173e+06 1.43817e+06 923072
989519 1.30891e+06 1.32418e+06 1.44526e+06
1.44299e+06 1.42043e+06 937657 1.42432e+06
992157 1.3073e+06 1.31564e+06 1.44799e+06
1.45174e+06 1.41513e+06 941766 1.4221e+06
1.44671e+06 1.4207e+06 938320 1.42141e+06
1.42279e+06 1.45798e+06 1.43805e+06 924016
1.00818e+06 1.40207e+06 1.26193e+06 1.34454e+06
1.44299e+06 1.42043e+06 937657 1.42432e+06
1.40868e+06 928084 1.43424e+06 1.41332e+06
1.44542e+06 1.41914e+06 938820 1.42003e+06
1.42084e+06 1.4576e+06 1.43833e+06 925226
1.00818e+06 1.40207e+06 1.26193e+06 1.34454e+06
987367 1.31151e+06 1.33004e+06 1.45381e+06
1.41959e+06 1.46173e+06 1.43817e+06 923072
1.41702e+06 1.45974e+06 1.43611e+06 926778
1.00818e+06 1.40207e+06 1.26193e+06 1.34454e+06
1.41106e+06 921432 1.43348e+06 1.42556e+06
1.44431e+06 1.41801e+06 938453 1.42023e+06
1.41141e+06 921368 1.43348e+06 1.4234e+06
1.42027e+06 1.45959e+06 1.4352e+06 924559
1.01096e+06 1.40647e+06 1.25065e+06 1.35311e+06
1.41141e+06 921368 1.43348e+06 1.4234e+06
1.41141e+06 921368 1.43348e+06 1.4234e+06
1.42027e+06 1.45959e+06 1.4352e+06 924559
1.01346e+06 1.28826e+06 1.28897e+06 1.42647e+06
1.462e+06 1.44668e+06 960647 1.35916e+06
1.00774e+06 1.40105e+06 1.26254e+06 1.34415e+06
1.01112e+06 1.28457e+06 1.30344e+06 1.43567e+06
1.44755e+06 1.42122e+06 937865 1.42037e+06
1.46908e+06 1.43805e+06 955477 1.36445e+06
1.01346e+06 1.28826e+06 1.28897e+06 1.42647e+06
1.42279e+06 1.45798e+06 1.43805e+06 924016
1.39443e+06 924646 1.43676e+06 1.43855e+06
1.46908e+06 1.43805e+06 955477 1.36445e+06
1.46791e+06 1.44247e+06 956758 1.3625e+06
1.38493e+06 1.46892e+06 1.44924e+06 950078
991745 1.30676e+06 1.31718e+06 1.4485e+06
1.44755e+06 1.42122e+06 937865 1.42037e+06
1.40806e+06 929347 1.43524e+06 1.41206e+06
1.4336e+06 1.45178e+06 936990 1.44294e+06
1.40868e+06 928084 1.43424e+06 1.41332e+06
1.42279e+06 1.45798e+06 1.43805e+06 924016
989519 1.30891e+06 1.32418e+06 1.44526e+06
1.42027e+06 1.45959e+06 1.4352e+06 924559
1.01907e+06 1.3933e+06 1.24961e+06 1.34935e+06
1.41179e+06 923054 1.43272e+06 1.42665e+06
1.01441e+06 1.29028e+06 1.29031e+06 1.42359e+06
1.01346e+06 1.28826e+06 1.28897e+06 1.42647e+06
1.39773e+06 923163 1.4393e+06 1.43814e+06
1.41959e+06 1.46173e+06 1.43817e+06 923072
1.00774e+06 1.40105e+06 1.26254e+06 1.34415e+06
1.01101e+06 1.28482e+06 1.30385e+06 1.43492e+06
1.39662e+06 922657 1.44094e+06 1.44656e+06
1.46914e+06 1.45237e+06 965256 1.35122e+06
1.01346e+06 1.28826e+06 1.28897e+06 1.42647e+06
1.41959e+06 1.46173e+06 1.43817e+06 923072
1.00774e+06 1.40105e+06 1.26254e+06 1.34415e+06
1.39662e+06 922657 1.44094e+06 1.44656e+06
1.46791e+06 1.44247e+06 956758 1.3625e+06
1.42027e+06 1.45959e+06 1.4352e+06 924559
1.01346e+06 1.28826e+06 1.28897e+06 1.42647e+06
1.462e+06 1.44668e+06 960647 1.35916e+06
1.00774e+06 1.40105e+06 1.26254e+06 1.34415e+06
1.45025e+06 1.41629e+06 941781 1.41562e+06
1.44431e+06 1.41801e+06 938453 1.42023e+06
1.42279e+06 1.45798e+06 1.43805e+06 924016
1.00818e+06 1.40207e+06 1.26193e+06 1.34454e+06
1.41605e+06 924657 1.43221e+06 1.42598e+06
1.44431e+06 1.41801e+06 938453 1.42023e+06
1.46908e+06 1.43805e+06 955477 1.36445e+06
1.42279e+06 1.45798e+06 1.43805e+06 924016
1.02218e+06 1.39623e+06 1.25701e+06 1.33603e+06
987367 1.31151e+06 1.33004e+06 1.45381e+06
1.41959e+06 1.46173e+06 1.43817e+06 923072
1.00818e+06 1.40207e+06 1.26193e+06 1.34454e+06
1.01346e+06 1.28826e+06 1.28897e+06 1.42647e+06
1.41141e+06 921368 1.43348e+06 1.4234e+06
1.44671e+06 1.4207e+06 938320 1.42141e+06
1.41018e+06 921429 1.43383e+06 1.4249e+06
1.41978e+06 1.45945e+06 1.43533e+06 924551
1.00968e+06 1.40478e+06 1.2536e+06 1.35086e+06
1.41106e+06 921432 1.43348e+06 1.42556e+06
1.39762e+06 926535 1.44314e+06 1.42955e+06
1.40868e+06 928084 1.43424e+06 1.41332e+06
1.39662e+06 922657 1.44094e+06 1.44656e+06
1.42273e+06 1.46341e+06 1.43231e+06 925277
1.00774e+06 1.40105e+06 1.26254e+06 1.34415e+06
1.01346e+06 1.28826e+06 1.28897e+06 1.42647e+06
1.44755e+06 1.42122e+06 937865 1.42037e+06
1.41959e+06 1.46173e+06 1.43817e+06 923072
1.00774e+06 1.40105e+06 1.26254e+06 1.34415e+06
1.02308e+06 1.39524e+06 1.25876e+06 1.33505e+06
989519 1.30891e+06 1.32418e+06 1.44526e+06
1.44055e+06 1.45508e+06 934207 1.44564e+06
1.42685e+06 1.46042e+06 1.43251e+06 925109
1.41702e+06 1.45974e+06 1.43611e+06 926778
1.00818e+06 1.40207e+06 1.26193e+06 1.34454e+06
1.44755e+06 1.42122e+06 937865 1.42037e+06
1.40806e+06 929347 1.43524e+06 1.41206e+06
1.01167e+06 1.40556e+06 1.2498e+06 1.35356e+06
1.01346e+06 1.28826e+06 1.28897e+06 1.42647e+06
