14 4.92634
3.26372e+06 3.21099e+06 3.10674e+06
3.24602e+06 3.23538e+06 3.0944e+06
3.2302e+06 3.12107e+06 3.19179e+06
3.21417e+06 3.25801e+06 3.11526e+06
3.14686e+06 3.19647e+06 3.25295e+06
3.12447e+06 3.22819e+06 3.19439e+06
3.19032e+06 3.13564e+06 3.1979e+06
3.16569e+06 3.22713e+06 3.12637e+06
3.16446e+06 3.24766e+06 3.12343e+06
3.14686e+06 3.19647e+06 3.25295e+06
3.2218e+06 3.14919e+06 3.17982e+06
3.164e+06 3.16282e+06 3.17096e+06
3.23369e+06 3.12754e+06 3.16418e+06
3.1426e+06 3.2219e+06 3.21353e+06
3.16321e+06 3.17972e+06 3.14633e+06
3.26372e+06 3.21099e+06 3.10674e+06
3.24602e+06 3.23538e+06 3.0944e+06
3.16321e+06 3.17972e+06 3.14633e+06
3.19349e+06 3.13262e+06 3.21389e+06
3.15802e+06 3.19684e+06 3.19013e+06
3.12856e+06 3.2122e+06 3.23068e+06
3.16276e+06 3.18802e+06 3.19448e+06
3.21428e+06 3.22416e+06 3.13434e+06
3.1516e+06 3.21258e+06 3.17368e+06
3.22916e+06 3.15248e+06 3.11968e+06
3.12856e+06 3.2122e+06 3.23068e+06
3.15144e+06 3.22563e+06 3.18895e+06
3.14327e+06 3.20529e+06 3.2249e+06
3.21873e+06 3.16027e+06 3.17629e+06
3.22011e+06 3.21171e+06 3.1135e+06
3.21646e+06 3.13373e+06 3.21165e+06
3.23781e+06 3.15391e+06 3.11507e+06
3.15409e+06 3.23255e+06 3.16418e+06
3.19349e+06 3.13262e+06 3.21389e+06
3.14327e+06 3.20529e+06 3.2249e+06
3.22783e+06 3.18541e+06 3.13899e+06
3.12856e+06 3.2122e+06 3.23068e+06
3.19032e+06 3.13564e+06 3.1979e+06
3.19349e+06 3.13262e+06 3.21389e+06
3.23781e+06 3.15391e+06 3.11507e+06
3.2218e+06 3.14919e+06 3.17982e+06
3.15021e+06 3.13424e+06 3.20244e+06
3.15409e+06 3.23255e+06 3.16418e+06
3.21873e+06 3.16027e+06 3.17629e+06
3.22783e+06 3.18541e+06 3.13899e+06
3.14327e+06 3.20529e+06 3.2249e+06
3.22783e+06 3.18541e+06 3.13899e+06
3.14327e+06 3.20529e+06 3.2249e+06
3.15021e+06 3.13424e+06 3.20244e+06
3.23369e+06 3.12754e+06 3.16418e+06
3.21646e+06 3.13373e+06 3.21165e+06
3.12506e+06 3.22654e+06 3.16815e+06
3.1479e+06 3.22367e+06 3.19601e+06
3.1479e+06 3.22367e+06 3.19601e+06
3.23369e+06 3.12754e+06 3.16418e+06
3.12506e+06 3.22654e+06 3.16815e+06
3.22783e+06 3.18541e+06 3.13899e+06
3.15021e+06 3.13424e+06 3.20244e+06
3.16569e+06 3.22713e+06 3.12637e+06
3.1426e+06 3.2219e+06 3.21353e+06
3.1516e+06 3.21258e+06 3.17368e+06
3.12506e+06 3.22654e+06 3.16815e+06
3.12447e+06 3.22819e+06 3.19439e+06
3.23781e+06 3.15391e+06 3.11507e+06
3.23781e+06 3.15391e+06 3.11507e+06
3.22783e+06 3.18541e+06 3.13899e+06
3.16569e+06 3.22713e+06 3.12637e+06
3.26372e+06 3.21099e+06 3.10674e+06
3.12856e+06 3.2122e+06 3.23068e+06
3.19349e+06 3.13262e+06 3.21389e+06
3.1516e+06 3.21258e+06 3.17368e+06
3.26372e+06 3.21099e+06 3.10674e+06
3.24602e+06 3.23538e+06 3.0944e+06
3.23781e+06 3.15391e+06 3.11507e+06
3.23781e+06 3.15391e+06 3.11507e+06
3.23369e+06 3.12754e+06 3.16418e+06
3.23369e+06 3.12754e+06 3.16418e+06
3.22783e+06 3.18541e+06 3.13899e+06
3.22783e+06 3.18541e+06 3.13899e+06
3.22783e+06 3.18541e+06 3.13899e+06
3.22783e+06 3.18541e+06 3.13899e+06
3.22783e+06 3.18541e+06 3.13899e+06
3.22783e+06 3.18541e+06 3.13899e+06
3.22783e+06 3.18541e+06 3.13899e+06
3.22783e+06 3.18541e+06 3.13899e+06
3.22783e+06 3.18541e+06 3.13899e+06
3.22783e+06 3.18541e+06 3.13899e+06
3.2218e+06 3.14919e+06 3.17982e+06
3.2218e+06 3.14919e+06 3.17982e+06
3.19349e+06 3.13262e+06 3.21389e+06
3.15409e+06 3.23255e+06 3.16418e+06
3.15409e+06 3.23255e+06 3.16418e+06
3.15409e+06 3.23255e+06 3.16418e+06
3.15409e+06 3.23255e+06 3.16418e+06
3.15409e+06 3.23255e+06 3.16418e+06
3.1516e+06 3.21258e+06 3.17368e+06
3.1516e+06 3.21258e+06 3.17368e+06
3.15021e+06 3.13424e+06 3.20244e+06
3.1479e+06 3.22367e+06 3.19601e+06
3.14327e+06 3.20529e+06 3.2249e+06
3.14327e+06 3.20529e+06 3.2249e+06
3.1426e+06 3.2219e+06 3.21353e+06
3.1426e+06 3.2219e+06 3.21353e+06
3.1426e+06 3.2219e+06 3.21353e+06
3.12856e+06 3.2122e+06 3.23068e+06
3.12856e+06 3.2122e+06 3.23068e+06
3.27992e+06 3.13556e+06 3.19344e+06
3.26093e+06 3.19003e+06 3.11735e+06
3.20329e+06 3.13527e+06 3.20325e+06
3.17602e+06 3.28267e+06 3.13575e+06
3.15407e+06 3.20342e+06 3.28369e+06
3.12566e+06 3.27735e+06 3.1985e+06
3.19817e+06 3.2616e+06 3.13491e+06
3.14938e+06 3.2455e+06 3.17162e+06
3.13768e+06 3.26274e+06 3.21883e+06
3.1584e+06 3.18076e+06 3.2579e+06
3.14348e+06 3.21611e+06 3.24488e+06
3.24246e+06 3.15449e+06 3.1821e+06
3.24971e+06 3.15134e+06 3.18472e+06
3.14352e+06 3.23531e+06 3.22467e+06
3.18502e+06 3.19374e+06 3.1758e+06
3.25757e+06 3.13958e+06 3.18887e+06
3.21426e+06 3.27227e+06 3.12008e+06
3.27992e+06 3.13556e+06 3.19344e+06
3.26093e+06 3.19003e+06 3.11735e+06
3.19063e+06 3.13792e+06 3.24872e+06
3.16728e+06 3.24365e+06 3.17506e+06
3.203e+06 3.18422e+06 3.15808e+06
3.15422e+06 3.18698e+06 3.2092e+06
3.17195e+06 3.16064e+06 3.21262e+06
3.19086e+06 3.17897e+06 3.1774e+06
3.17602e+06 3.28267e+06 3.13575e+06
3.16452e+06 3.20619e+06 3.18198e+06
3.22187e+06 3.21793e+06 3.13095e+06
3.21426e+06 3.27227e+06 3.12008e+06
3.18894e+06 3.23594e+06 3.13965e+06
3.24971e+06 3.15134e+06 3.18472e+06
3.12566e+06 3.27735e+06 3.1985e+06
3.22187e+06 3.21793e+06 3.13095e+06
3.17666e+06 3.17383e+06 3.1931e+06
3.14352e+06 3.23531e+06 3.22467e+06
3.14348e+06 3.21611e+06 3.24488e+06
3.22858e+06 3.19832e+06 3.14842e+06
3.26093e+06 3.19003e+06 3.11735e+06
3.15039e+06 3.22669e+06 3.21986e+06
3.1584e+06 3.18076e+06 3.2579e+06
3.13952e+06 3.24453e+06 3.21613e+06
3.21433e+06 3.18324e+06 3.1486e+06
3.16115e+06 3.21626e+06 3.20321e+06
3.13894e+06 3.23105e+06 3.24545e+06
3.20933e+06 3.17052e+06 3.18314e+06
3.19005e+06 3.17886e+06 3.18719e+06
3.18965e+06 3.1804e+06 3.16501e+06
3.17818e+06 3.23272e+06 3.14492e+06
3.23515e+06 3.16666e+06 3.15532e+06
3.22127e+06 3.16155e+06 3.18962e+06
3.21433e+06 3.18324e+06 3.1486e+06
3.16983e+06 3.16691e+06 3.19941e+06
3.22815e+06 3.16036e+06 3.19619e+06
3.17858e+06 3.17934e+06 3.19126e+06
3.23019e+06 3.18201e+06 3.14004e+06
3.23406e+06 3.15814e+06 3.16964e+06
3.15707e+06 3.22412e+06 3.19695e+06
3.23515e+06 3.16666e+06 3.15532e+06
3.16404e+06 3.22056e+06 3.19739e+06
3.23515e+06 3.16666e+06 3.15532e+06
3.25757e+06 3.13958e+06 3.18887e+06
3.20835e+06 3.18058e+06 3.15596e+06
3.16857e+06 3.17205e+06 3.20563e+06
3.22852e+06 3.16193e+06 3.18178e+06
3.23345e+06 3.18112e+06 3.14691e+06
3.23406e+06 3.15814e+06 3.16964e+06
3.16812e+06 3.20003e+06 3.15666e+06
3.12566e+06 3.27735e+06 3.1985e+06
3.16404e+06 3.22056e+06 3.19739e+06
3.18965e+06 3.1804e+06 3.16501e+06
3.18894e+06 3.23594e+06 3.13965e+06
3.20933e+06 3.17052e+06 3.18314e+06
3.15039e+06 3.22669e+06 3.21986e+06
3.16983e+06 3.16691e+06 3.19941e+06
3.23019e+06 3.18201e+06 3.14004e+06
3.16857e+06 3.17205e+06 3.20563e+06
3.22852e+06 3.16193e+06 3.18178e+06
3.15707e+06 3.22412e+06 3.19695e+06
3.20305e+06 3.22746e+06 3.15651e+06
3.13952e+06 3.24453e+06 3.21613e+06
3.22815e+06 3.16036e+06 3.19619e+06
3.17818e+06 3.23272e+06 3.14492e+06
3.16452e+06 3.20619e+06 3.18198e+06
3.23345e+06 3.18112e+06 3.14691e+06
3.16115e+06 3.21626e+06 3.20321e+06
3.13894e+06 3.23105e+06 3.24545e+06
3.27992e+06 3.13556e+06 3.19344e+06
3.16812e+06 3.20003e+06 3.15666e+06
3.22815e+06 3.16036e+06 3.19619e+06
3.23406e+06 3.15814e+06 3.16964e+06
3.1645e+06 3.18378e+06 3.18833e+06
3.169e+06 3.1822e+06 3.18304e+06
3.17858e+06 3.17934e+06 3.19126e+06
3.17818e+06 3.23272e+06 3.14492e+06
3.17858e+06 3.17934e+06 3.19126e+06
3.22127e+06 3.16155e+06 3.18962e+06
3.22127e+06 3.16155e+06 3.18962e+06
3.1584e+06 3.18076e+06 3.2579e+06
3.169e+06 3.1822e+06 3.18304e+06
3.17858e+06 3.17934e+06 3.19126e+06
3.15707e+06 3.22412e+06 3.19695e+06
3.20305e+06 3.22746e+06 3.15651e+06
3.22127e+06 3.16155e+06 3.18962e+06
3.19005e+06 3.17886e+06 3.18719e+06
3.20835e+06 3.18058e+06 3.15596e+06
3.1645e+06 3.18378e+06 3.18833e+06
3.23515e+06 3.16666e+06 3.15532e+06
3.12566e+06 3.27735e+06 3.1985e+06
3.20835e+06 3.18058e+06 3.15596e+06
3.19005e+06 3.17886e+06 3.18719e+06
3.22187e+06 3.21793e+06 3.13095e+06
3.13952e+06 3.24453e+06 3.21613e+06
3.20329e+06 3.13527e+06 3.20325e+06
3.22852e+06 3.16193e+06 3.18178e+06
3.20305e+06 3.22746e+06 3.15651e+06
3.1645e+06 3.18378e+06 3.18833e+06
3.23515e+06 3.16666e+06 3.15532e+06
3.23515e+06 3.16666e+06 3.15532e+06
3.23515e+06 3.16666e+06 3.15532e+06
3.23345e+06 3.18112e+06 3.14691e+06
3.23345e+06 3.18112e+06 3.14691e+06
3.22815e+06 3.16036e+06 3.19619e+06
3.22187e+06 3.21793e+06 3.13095e+06
3.21433e+06 3.18324e+06 3.1486e+06
3.21426e+06 3.27227e+06 3.12008e+06
3.20933e+06 3.17052e+06 3.18314e+06
3.20933e+06 3.17052e+06 3.18314e+06
3.20835e+06 3.18058e+06 3.15596e+06
3.20305e+06 3.22746e+06 3.15651e+06
3.18894e+06 3.23594e+06 3.13965e+06
3.18894e+06 3.23594e+06 3.13965e+06
3.18894e+06 3.23594e+06 3.13965e+06
3.18894e+06 3.23594e+06 3.13965e+06
3.17858e+06 3.17934e+06 3.19126e+06
3.17602e+06 3.28267e+06 3.13575e+06
3.16983e+06 3.16691e+06 3.19941e+06
3.16983e+06 3.16691e+06 3.19941e+06
3.16812e+06 3.20003e+06 3.15666e+06
3.16115e+06 3.21626e+06 3.20321e+06
3.1584e+06 3.18076e+06 3.2579e+06
3.1584e+06 3.18076e+06 3.2579e+06
3.1584e+06 3.18076e+06 3.2579e+06
3.14352e+06 3.23531e+06 3.22467e+06
3.12566e+06 3.27735e+06 3.1985e+06
3.29292e+06 3.17316e+06 3.16668e+06
3.26578e+06 3.1499e+06 3.21194e+06
3.24586e+06 3.21655e+06 3.14017e+06
3.17382e+06 3.26007e+06 3.18113e+06
3.15488e+06 3.20634e+06 3.26548e+06
3.15488e+06 3.20634e+06 3.26548e+06
3.24238e+06 3.25253e+06 3.15504e+06
3.19575e+06 3.16214e+06 3.26515e+06
3.1558e+06 3.18736e+06 3.23567e+06
3.23997e+06 3.23143e+06 3.16159e+06
3.27858e+06 3.18773e+06 3.1797e+06
3.17713e+06 3.22855e+06 3.16192e+06
3.24831e+06 3.18064e+06 3.1892e+06
3.19167e+06 3.16806e+06 3.20019e+06
3.22092e+06 3.19448e+06 3.18845e+06
3.23268e+06 3.22024e+06 3.16373e+06
3.17544e+06 3.25568e+06 3.20712e+06
3.20731e+06 3.21151e+06 3.18566e+06
3.24586e+06 3.21655e+06 3.14017e+06
3.2106e+06 3.20318e+06 3.17508e+06
3.23868e+06 3.16436e+06 3.22317e+06
3.22244e+06 3.16723e+06 3.21079e+06
3.15552e+06 3.20241e+06 3.21782e+06
3.15885e+06 3.19018e+06 3.22483e+06
3.19912e+06 3.21852e+06 3.19659e+06
3.23176e+06 3.19306e+06 3.19345e+06
3.15885e+06 3.19018e+06 3.22483e+06
3.20285e+06 3.214e+06 3.17548e+06
3.23926e+06 3.20715e+06 3.17157e+06
3.24715e+06 3.18721e+06 3.19053e+06
3.17138e+06 3.16776e+06 3.21462e+06
3.24183e+06 3.18111e+06 3.19373e+06
3.19211e+06 3.19367e+06 3.19983e+06
3.1558e+06 3.2135e+06 3.21574e+06
3.17138e+06 3.16776e+06 3.21462e+06
3.19167e+06 3.16806e+06 3.20019e+06
3.24586e+06 3.21655e+06 3.14017e+06
3.24586e+06 3.21655e+06 3.14017e+06
3.19167e+06 3.16806e+06 3.20019e+06
3.17138e+06 3.16776e+06 3.21462e+06
3.15885e+06 3.19018e+06 3.22483e+06
3.31476e+06 3.17257e+06 3.20956e+06
3.29904e+06 3.25154e+06 3.14218e+06
3.20202e+06 3.16855e+06 3.23278e+06
3.18063e+06 3.26867e+06 3.18479e+06
3.16601e+06 3.261e+06 3.26914e+06
3.26877e+06 3.1815e+06 3.20388e+06
3.25854e+06 3.25257e+06 3.15441e+06
3.23856e+06 3.21543e+06 3.1786e+06
3.1947e+06 3.23735e+06 3.17346e+06
3.17232e+06 3.17286e+06 3.23096e+06
3.24257e+06 3.22773e+06 3.16688e+06
3.25226e+06 3.22815e+06 3.15655e+06
3.18162e+06 3.24981e+06 3.18268e+06
3.22262e+06 3.22535e+06 3.1846e+06
3.22163e+06 3.18816e+06 3.20154e+06
3.21179e+06 3.20454e+06 3.18564e+06
3.19562e+06 3.19679e+06 3.22634e+06
3.21367e+06 3.19527e+06 3.21128e+06
3.20745e+06 3.22912e+06 3.20957e+06
3.20872e+06 3.18588e+06 3.222e+06
3.20984e+06 3.21848e+06 3.19431e+06
3.23913e+06 3.2213e+06 3.17728e+06
3.21629e+06 3.18288e+06 3.21523e+06
3.30356e+06 3.18266e+06 3.18536e+06
3.21202e+06 3.20361e+06 3.19057e+06
3.20857e+06 3.24409e+06 3.17137e+06
3.18078e+06 3.20024e+06 3.2147e+06
3.18093e+06 3.24138e+06 3.19787e+06
3.21587e+06 3.24062e+06 3.17008e+06
3.34337e+06 3.23613e+06 3.18017e+06
3.27411e+06 3.24882e+06 3.16916e+06
3.21285e+06 3.29248e+06 3.17865e+06
3.18737e+06 3.17708e+06 3.26962e+06
3.18264e+06 3.2493e+06 3.20271e+06
3.3067e+06 3.20276e+06 3.2033e+06
3.2582e+06 3.19942e+06 3.20693e+06
3.19101e+06 3.21236e+06 3.2523e+06
3.2114e+06 3.27346e+06 3.18909e+06
3.1843e+06 3.21461e+06 3.26417e+06
3.22783e+06 3.25433e+06 3.18572e+06
3.21666e+06 3.28606e+06 3.17324e+06
3.26754e+06 3.24577e+06 3.18203e+06
3.23764e+06 3.21367e+06 3.19674e+06
3.20451e+06 3.19319e+06 3.24273e+06
3.23272e+06 3.18834e+06 3.21479e+06
3.19213e+06 3.20611e+06 3.22289e+06
3.19819e+06 3.28034e+06 3.20003e+06
3.21414e+06 3.18287e+06 3.23941e+06
3.20675e+06 3.23761e+06 3.1948e+06
3.22173e+06 3.22944e+06 3.20672e+06
3.22858e+06 3.22261e+06 3.19139e+06
3.22576e+06 3.19849e+06 3.23003e+06
3.18572e+06 3.23224e+06 3.23628e+06
3.2222e+06 3.20989e+06 3.21962e+06
3.20259e+06 3.23537e+06 3.21557e+06
3.2092e+06 3.27632e+06 3.19135e+06
3.1993e+06 3.25319e+06 3.19223e+06
3.23017e+06 3.19653e+06 3.22066e+06
3.18556e+06 3.24767e+06 3.23146e+06
3.287e+06 3.24798e+06 3.19608e+06
3.24488e+06 3.19077e+06 3.21935e+06
3.23259e+06 3.30347e+06 3.17781e+06
3.21584e+06 3.32663e+06 3.21553e+06
3.19063e+06 3.22158e+06 3.29157e+06
3.18429e+06 3.28049e+06 3.2198e+06
3.21972e+06 3.19442e+06 3.25901e+06
3.26335e+06 3.21046e+06 3.21165e+06
3.25161e+06 3.20122e+06 3.21695e+06
3.21914e+06 3.29756e+06 3.21423e+06
3.21716e+06 3.2379e+06 3.2376e+06
3.2213e+06 3.22931e+06 3.22723e+06
3.25845e+06 3.24064e+06 3.1993e+06
3.20451e+06 3.22572e+06 3.24366e+06
3.20633e+06 3.24338e+06 3.22385e+06
3.1877e+06 3.24362e+06 3.24587e+06
3.24137e+06 3.22146e+06 3.21818e+06
3.2318e+06 3.2681e+06 3.20757e+06
3.22385e+06 3.25753e+06 3.21324e+06
3.22295e+06 3.19089e+06 3.25394e+06
3.24629e+06 3.2163e+06 3.21064e+06
3.19318e+06 3.25555e+06 3.24225e+06
3.19544e+06 3.24521e+06 3.23804e+06
3.24557e+06 3.21701e+06 3.20209e+06
3.22862e+06 3.22768e+06 3.213e+06
3.2227e+06 3.26966e+06 3.22076e+06
3.24393e+06 3.22204e+06 3.20707e+06
3.22158e+06 3.24994e+06 3.2212e+06
3.22047e+06 3.20786e+06 3.23849e+06
3.19542e+06 3.24243e+06 3.23916e+06
3.27261e+06 3.31259e+06 3.18464e+06
3.26391e+06 3.1959e+06 3.27421e+06
3.1888e+06 3.26066e+06 3.26831e+06
3.19563e+06 3.28813e+06 3.2523e+06
3.21642e+06 3.29527e+06 3.22272e+06
3.22242e+06 3.2182e+06 3.24466e+06
3.25678e+06 3.24786e+06 3.20825e+06
3.24984e+06 3.20991e+06 3.23124e+06
3.22852e+06 3.27162e+06 3.21728e+06
3.19174e+06 3.24701e+06 3.2645e+06
3.23534e+06 3.25277e+06 3.23162e+06
3.23035e+06 3.25465e+06 3.24376e+06
3.24229e+06 3.22734e+06 3.21947e+06
3.25258e+06 3.24368e+06 3.21396e+06
3.23925e+06 3.27721e+06 3.20854e+06
3.24939e+06 3.24985e+06 3.21274e+06
3.25829e+06 3.22979e+06 3.20872e+06
3.23997e+06 3.23206e+06 3.21982e+06
3.23944e+06 3.23681e+06 3.24378e+06
3.28666e+06 3.26604e+06 3.21554e+06
3.25096e+06 3.21508e+06 3.26195e+06
3.2287e+06 3.23365e+06 3.27199e+06
3.21612e+06 3.33058e+06 3.26708e+06
3.23173e+06 3.2878e+06 3.24039e+06
3.2447e+06 3.23846e+06 3.22194e+06
3.26286e+06 3.22985e+06 3.23858e+06
3.22619e+06 3.2569e+06 3.25166e+06
3.25691e+06 3.22931e+06 3.26032e+06
3.2447e+06 3.23706e+06 3.23534e+06
3.22545e+06 3.25214e+06 3.26166e+06
3.27842e+06 3.22954e+06 3.28373e+06
3.25852e+06 3.2669e+06 3.22967e+06
3.22766e+06 3.28942e+06 3.27302e+06
3.26987e+06 3.23585e+06 3.24092e+06
3.2556e+06 3.25072e+06 3.25728e+06
3.23654e+06 3.26514e+06 3.25484e+06
3.2458e+06 3.26431e+06 3.23985e+06
3.25006e+06 3.25312e+06 3.27632e+06
3.28188e+06 3.24969e+06 3.24804e+06
3.2548e+06 3.26772e+06 3.23996e+06
3.24201e+06 3.30912e+06 3.27173e+06
3.24943e+06 3.28204e+06 3.25436e+06
3.29136e+06 3.29087e+06 3.24656e+06
3.25752e+06 3.2859e+06 3.26744e+06
3.28734e+06 3.19237e+06 3.11976e+06
3.24269e+06 3.21264e+06 3.11652e+06
3.22164e+06 3.11336e+06 3.22251e+06
3.14405e+06 3.18876e+06 3.25496e+06
3.1275e+06 3.26318e+06 3.15919e+06
3.10548e+06 3.22712e+06 3.21528e+06
3.19852e+06 3.16363e+06 3.12646e+06
3.10548e+06 3.22712e+06 3.21528e+06
3.22442e+06 3.14298e+06 3.12618e+06
3.16458e+06 3.23574e+06 3.13061e+06
3.17314e+06 3.17591e+06 3.20493e+06
3.15543e+06 3.25143e+06 3.13186e+06
3.22164e+06 3.11336e+06 3.22251e+06
3.12712e+06 3.20739e+06 3.17608e+06
3.2146e+06 3.26244e+06 3.1262e+06
3.18667e+06 3.1946e+06 3.14253e+06
3.23738e+06 3.13588e+06 3.18943e+06
3.19732e+06 3.19968e+06 3.14009e+06
3.19365e+06 3.19224e+06 3.15011e+06
3.15691e+06 3.19714e+06 3.17676e+06
3.18762e+06 3.12895e+06 3.19167e+06
3.16923e+06 3.2346e+06 3.16073e+06
3.24269e+06 3.21264e+06 3.11652e+06
3.13012e+06 3.22606e+06 3.17419e+06
3.17908e+06 3.14248e+06 3.15187e+06
3.14893e+06 3.21998e+06 3.17458e+06
3.14827e+06 3.17151e+06 3.20638e+06
3.18762e+06 3.12895e+06 3.19167e+06
3.15543e+06 3.25143e+06 3.13186e+06
3.23738e+06 3.13588e+06 3.18943e+06
3.14417e+06 3.20162e+06 3.1926e+06
3.14678e+06 3.23112e+06 3.16977e+06
3.16034e+06 3.22197e+06 3.16386e+06
3.14827e+06 3.17151e+06 3.20638e+06
3.23738e+06 3.13588e+06 3.18943e+06
3.17314e+06 3.17591e+06 3.20493e+06
3.16034e+06 3.22197e+06 3.16386e+06
3.17861e+06 3.19324e+06 3.16983e+06
3.15366e+06 3.19616e+06 3.1923e+06
3.17908e+06 3.14248e+06 3.15187e+06
3.21997e+06 3.22105e+06 3.12389e+06
3.21997e+06 3.22105e+06 3.12389e+06
3.13012e+06 3.22606e+06 3.17419e+06
3.12712e+06 3.20739e+06 3.17608e+06
3.14417e+06 3.20162e+06 3.1926e+06
3.14678e+06 3.23112e+06 3.16977e+06
3.1574e+06 3.19069e+06 3.17198e+06
3.2146e+06 3.26244e+06 3.1262e+06
3.14417e+06 3.20162e+06 3.1926e+06
3.1574e+06 3.19069e+06 3.17198e+06
3.22442e+06 3.14298e+06 3.12618e+06
3.1275e+06 3.26318e+06 3.15919e+06
3.1574e+06 3.19069e+06 3.17198e+06
3.22442e+06 3.14298e+06 3.12618e+06
3.1275e+06 3.26318e+06 3.15919e+06
3.2146e+06 3.26244e+06 3.1262e+06
3.23738e+06 3.13588e+06 3.18943e+06
3.23738e+06 3.13588e+06 3.18943e+06
3.23738e+06 3.13588e+06 3.18943e+06
3.22442e+06 3.14298e+06 3.12618e+06
3.22442e+06 3.14298e+06 3.12618e+06
3.22164e+06 3.11336e+06 3.22251e+06
3.22164e+06 3.11336e+06 3.22251e+06
3.2146e+06 3.26244e+06 3.1262e+06
3.17314e+06 3.17591e+06 3.20493e+06
3.16034e+06 3.22197e+06 3.16386e+06
3.14678e+06 3.23112e+06 3.16977e+06
3.14417e+06 3.20162e+06 3.1926e+06
3.13012e+06 3.22606e+06 3.17419e+06
3.13012e+06 3.22606e+06 3.17419e+06
3.13012e+06 3.22606e+06 3.17419e+06
3.29013e+06 3.17746e+06 3.14946e+06
3.25673e+06 3.12318e+06 3.27048e+06
3.24825e+06 3.18964e+06 3.1282e+06
3.20501e+06 3.29246e+06 3.13757e+06
3.14796e+06 3.19854e+06 3.2982e+06
3.13036e+06 3.25587e+06 3.19764e+06
3.26918e+06 3.18115e+06 3.13138e+06
3.211e+06 3.13235e+06 3.27314e+06
3.22579e+06 3.12669e+06 3.26676e+06
3.25924e+06 3.1573e+06 3.15519e+06
3.29013e+06 3.17746e+06 3.14946e+06
3.21433e+06 3.13435e+06 3.21649e+06
3.16535e+06 3.17651e+06 3.24616e+06
3.18302e+06 3.17066e+06 3.2925e+06
3.13919e+06 3.2093e+06 3.24254e+06
3.1522e+06 3.18427e+06 3.22475e+06
3.20529e+06 3.17585e+06 3.17586e+06
3.17011e+06 3.24157e+06 3.15206e+06
3.24826e+06 3.15097e+06 3.18075e+06
3.18875e+06 3.14464e+06 3.18671e+06
3.1811e+06 3.17862e+06 3.22456e+06
3.25673e+06 3.12318e+06 3.27048e+06
3.19747e+06 3.28305e+06 3.1381e+06
3.22451e+06 3.15972e+06 3.16177e+06
3.18875e+06 3.14464e+06 3.18671e+06
3.17026e+06 3.21676e+06 3.18156e+06
3.20044e+06 3.1939e+06 3.14219e+06
3.21926e+06 3.283e+06 3.12878e+06
3.14796e+06 3.19854e+06 3.2982e+06
3.15481e+06 3.23367e+06 3.17338e+06
3.16432e+06 3.23151e+06 3.18866e+06
3.13694e+06 3.2347e+06 3.2332e+06
3.13919e+06 3.2093e+06 3.24254e+06
3.23654e+06 3.18241e+06 3.14013e+06
3.19544e+06 3.25935e+06 3.14396e+06
3.18302e+06 3.17066e+06 3.2925e+06
3.22579e+06 3.12669e+06 3.26676e+06
3.13402e+06 3.25055e+06 3.27275e+06
3.183e+06 3.18012e+06 3.20594e+06
3.19501e+06 3.26715e+06 3.14709e+06
3.17084e+06 3.27338e+06 3.14335e+06
3.13694e+06 3.2347e+06 3.2332e+06
3.19195e+06 3.16868e+06 3.18147e+06
3.16989e+06 3.20141e+06 3.19913e+06
3.24061e+06 3.19985e+06 3.1369e+06
3.13694e+06 3.2347e+06 3.2332e+06
3.18304e+06 3.18739e+06 3.16868e+06
3.1733e+06 3.19207e+06 3.20466e+06
3.16675e+06 3.22876e+06 3.17215e+06
3.17154e+06 3.21044e+06 3.1937e+06
3.19501e+06 3.26715e+06 3.14709e+06
3.21433e+06 3.13435e+06 3.21649e+06
3.15455e+06 3.18698e+06 3.21885e+06
3.24311e+06 3.24548e+06 3.1361e+06
3.24826e+06 3.15097e+06 3.18075e+06
3.1457e+06 3.2482e+06 3.20079e+06
3.13402e+06 3.25055e+06 3.27275e+06
3.17084e+06 3.27338e+06 3.14335e+06
3.2186e+06 3.19317e+06 3.14831e+06
3.15455e+06 3.18698e+06 3.21885e+06
3.198e+06 3.17796e+06 3.17155e+06
3.19544e+06 3.25935e+06 3.14396e+06
3.16698e+06 3.21203e+06 3.20462e+06
3.16918e+06 3.22206e+06 3.20087e+06
3.22298e+06 3.18964e+06 3.16847e+06
3.16462e+06 3.23032e+06 3.20016e+06
3.23826e+06 3.17946e+06 3.15794e+06
3.24311e+06 3.24548e+06 3.1361e+06
3.16535e+06 3.17651e+06 3.24616e+06
3.18266e+06 3.21425e+06 3.17843e+06
3.16432e+06 3.23151e+06 3.18866e+06
3.19195e+06 3.16868e+06 3.18147e+06
3.24311e+06 3.24548e+06 3.1361e+06
3.22451e+06 3.15972e+06 3.16177e+06
3.18266e+06 3.21425e+06 3.17843e+06
3.18934e+06 3.22508e+06 3.16368e+06
3.21974e+06 3.22232e+06 3.14148e+06
3.1706e+06 3.2322e+06 3.16592e+06
3.22298e+06 3.18964e+06 3.16847e+06
3.16918e+06 3.22206e+06 3.20087e+06
3.16698e+06 3.21203e+06 3.20462e+06
3.17154e+06 3.21044e+06 3.1937e+06
3.19247e+06 3.22572e+06 3.16263e+06
3.15028e+06 3.24421e+06 3.17981e+06
3.23826e+06 3.17946e+06 3.15794e+06
3.18934e+06 3.22508e+06 3.16368e+06
3.16989e+06 3.20141e+06 3.19913e+06
3.15028e+06 3.24421e+06 3.17981e+06
3.18304e+06 3.18739e+06 3.16868e+06
3.21974e+06 3.22232e+06 3.14148e+06
3.23826e+06 3.17946e+06 3.15794e+06
3.19501e+06 3.26715e+06 3.14709e+06
3.19915e+06 3.24445e+06 3.14064e+06
3.2186e+06 3.19317e+06 3.14831e+06
3.1733e+06 3.19207e+06 3.20466e+06
3.1706e+06 3.2322e+06 3.16592e+06
3.1457e+06 3.2482e+06 3.20079e+06
3.19247e+06 3.22572e+06 3.16263e+06
3.18177e+06 3.18269e+06 3.18048e+06
3.1733e+06 3.19207e+06 3.20466e+06
3.23654e+06 3.18241e+06 3.14013e+06
3.1457e+06 3.2482e+06 3.20079e+06
3.19199e+06 3.18199e+06 3.17387e+06
3.1457e+06 3.2482e+06 3.20079e+06
3.17154e+06 3.21044e+06 3.1937e+06
3.16918e+06 3.22206e+06 3.20087e+06
3.183e+06 3.18012e+06 3.20594e+06
3.15028e+06 3.24421e+06 3.17981e+06
3.15481e+06 3.23367e+06 3.17338e+06
3.18934e+06 3.22508e+06 3.16368e+06
3.19247e+06 3.22572e+06 3.16263e+06
3.19915e+06 3.24445e+06 3.14064e+06
3.18302e+06 3.17066e+06 3.2925e+06
3.18177e+06 3.18269e+06 3.18048e+06
3.19199e+06 3.18199e+06 3.17387e+06
3.23654e+06 3.18241e+06 3.14013e+06
3.1811e+06 3.17862e+06 3.22456e+06
3.16432e+06 3.23151e+06 3.18866e+06
3.21926e+06 3.283e+06 3.12878e+06
3.1733e+06 3.19207e+06 3.20466e+06
3.17084e+06 3.27338e+06 3.14335e+06
3.13919e+06 3.2093e+06 3.24254e+06
3.21974e+06 3.22232e+06 3.14148e+06
3.23654e+06 3.18241e+06 3.14013e+06
3.16432e+06 3.23151e+06 3.18866e+06
3.183e+06 3.18012e+06 3.20594e+06
3.18875e+06 3.14464e+06 3.18671e+06
3.1457e+06 3.2482e+06 3.20079e+06
3.17084e+06 3.27338e+06 3.14335e+06
3.24825e+06 3.18964e+06 3.1282e+06
3.183e+06 3.18012e+06 3.20594e+06
3.18266e+06 3.21425e+06 3.17843e+06
3.15481e+06 3.23367e+06 3.17338e+06
3.1706e+06 3.2322e+06 3.16592e+06
3.18304e+06 3.18739e+06 3.16868e+06
3.16918e+06 3.22206e+06 3.20087e+06
3.19199e+06 3.18199e+06 3.17387e+06
3.22298e+06 3.18964e+06 3.16847e+06
3.29013e+06 3.17746e+06 3.14946e+06
3.25673e+06 3.12318e+06 3.27048e+06
3.25673e+06 3.12318e+06 3.27048e+06
3.25673e+06 3.12318e+06 3.27048e+06
3.24825e+06 3.18964e+06 3.1282e+06
3.24825e+06 3.18964e+06 3.1282e+06
3.24311e+06 3.24548e+06 3.1361e+06
3.24311e+06 3.24548e+06 3.1361e+06
3.23654e+06 3.18241e+06 3.14013e+06
3.23654e+06 3.18241e+06 3.14013e+06
3.23654e+06 3.18241e+06 3.14013e+06
3.22579e+06 3.12669e+06 3.26676e+06
3.22579e+06 3.12669e+06 3.26676e+06
3.22451e+06 3.15972e+06 3.16177e+06
3.22451e+06 3.15972e+06 3.16177e+06
3.21974e+06 3.22232e+06 3.14148e+06
3.21974e+06 3.22232e+06 3.14148e+06
3.21974e+06 3.22232e+06 3.14148e+06
3.21926e+06 3.283e+06 3.12878e+06
3.21926e+06 3.283e+06 3.12878e+06
3.2186e+06 3.19317e+06 3.14831e+06
3.19501e+06 3.26715e+06 3.14709e+06
3.19199e+06 3.18199e+06 3.17387e+06
3.19199e+06 3.18199e+06 3.17387e+06
3.19195e+06 3.16868e+06 3.18147e+06
3.19195e+06 3.16868e+06 3.18147e+06
3.18304e+06 3.18739e+06 3.16868e+06
3.18304e+06 3.18739e+06 3.16868e+06
3.18302e+06 3.17066e+06 3.2925e+06
3.183e+06 3.18012e+06 3.20594e+06
3.183e+06 3.18012e+06 3.20594e+06
3.18266e+06 3.21425e+06 3.17843e+06
3.18266e+06 3.21425e+06 3.17843e+06
3.18266e+06 3.21425e+06 3.17843e+06
3.18266e+06 3.21425e+06 3.17843e+06
3.1811e+06 3.17862e+06 3.22456e+06
3.1811e+06 3.17862e+06 3.22456e+06
3.1733e+06 3.19207e+06 3.20466e+06
3.17154e+06 3.21044e+06 3.1937e+06
3.17154e+06 3.21044e+06 3.1937e+06
3.1706e+06 3.2322e+06 3.16592e+06
3.1706e+06 3.2322e+06 3.16592e+06
3.16989e+06 3.20141e+06 3.19913e+06
3.16918e+06 3.22206e+06 3.20087e+06
3.16698e+06 3.21203e+06 3.20462e+06
3.16698e+06 3.21203e+06 3.20462e+06
3.16432e+06 3.23151e+06 3.18866e+06
3.15481e+06 3.23367e+06 3.17338e+06
3.15481e+06 3.23367e+06 3.17338e+06
3.15481e+06 3.23367e+06 3.17338e+06
3.1457e+06 3.2482e+06 3.20079e+06
3.1457e+06 3.2482e+06 3.20079e+06
3.13402e+06 3.25055e+06 3.27275e+06
3.13402e+06 3.25055e+06 3.27275e+06
3.28244e+06 3.14158e+06 3.22087e+06
3.24948e+06 3.23806e+06 3.13508e+06
3.22236e+06 3.13408e+06 3.28583e+06
3.16237e+06 3.31523e+06 3.17534e+06
3.1596e+06 3.19701e+06 3.29319e+06
3.13657e+06 3.30278e+06 3.21204e+06
3.19048e+06 3.15397e+06 3.25555e+06
3.15167e+06 3.29386e+06 3.21275e+06
3.2516e+06 3.15259e+06 3.26909e+06
3.26359e+06 3.20387e+06 3.15295e+06
3.22672e+06 3.17215e+06 3.24435e+06
3.25818e+06 3.13529e+06 3.23698e+06
3.24794e+06 3.17275e+06 3.17145e+06
3.16586e+06 3.22994e+06 3.23147e+06
3.17803e+06 3.2668e+06 3.1985e+06
3.20309e+06 3.2817e+06 3.14922e+06
3.22236e+06 3.13408e+06 3.28583e+06
3.1727e+06 3.28733e+06 3.17221e+06
3.18632e+06 3.25096e+06 3.22141e+06
3.2368e+06 3.23373e+06 3.14101e+06
3.18496e+06 3.27032e+06 3.19548e+06
3.19359e+06 3.25871e+06 3.17294e+06
3.17951e+06 3.1921e+06 3.24114e+06
3.21876e+06 3.24048e+06 3.14601e+06
3.23954e+06 3.1936e+06 3.17371e+06
3.20061e+06 3.22315e+06 3.22776e+06
3.19629e+06 3.23615e+06 3.18712e+06
3.19651e+06 3.22718e+06 3.18024e+06
3.20588e+06 3.20586e+06 3.19112e+06
3.22939e+06 3.22749e+06 3.14545e+06
3.21419e+06 3.2137e+06 3.15428e+06
3.20384e+06 3.21696e+06 3.1756e+06
3.23407e+06 3.17913e+06 3.22125e+06
3.20876e+06 3.26545e+06 3.14716e+06
3.22207e+06 3.20634e+06 3.15935e+06
3.25228e+06 3.22497e+06 3.1472e+06
3.21071e+06 3.21394e+06 3.16091e+06
3.22199e+06 3.18845e+06 3.18849e+06
3.19372e+06 3.17608e+06 3.24172e+06
3.18492e+06 3.18394e+06 3.24296e+06
3.20005e+06 3.23821e+06 3.17796e+06
3.21871e+06 3.1843e+06 3.22282e+06
3.20905e+06 3.22482e+06 3.15563e+06
3.22888e+06 3.18277e+06 3.22198e+06
3.21839e+06 3.20435e+06 3.188e+06
3.17533e+06 3.19439e+06 3.228e+06
3.20039e+06 3.1876e+06 3.2289e+06
3.18563e+06 3.26805e+06 3.19615e+06
3.23693e+06 3.1948e+06 3.17891e+06
3.23432e+06 3.21598e+06 3.14868e+06
3.21287e+06 3.21412e+06 3.1599e+06
3.21287e+06 3.21412e+06 3.1599e+06
3.23432e+06 3.21598e+06 3.14868e+06
3.21071e+06 3.21394e+06 3.16091e+06
3.21071e+06 3.21394e+06 3.16091e+06
3.21419e+06 3.2137e+06 3.15428e+06
3.21419e+06 3.2137e+06 3.15428e+06
3.21071e+06 3.21394e+06 3.16091e+06
3.21287e+06 3.21412e+06 3.1599e+06
3.22236e+06 3.13408e+06 3.28583e+06
3.21287e+06 3.21412e+06 3.1599e+06
3.21071e+06 3.21394e+06 3.16091e+06
3.21071e+06 3.21394e+06 3.16091e+06
3.21071e+06 3.21394e+06 3.16091e+06
3.27159e+06 3.17695e+06 3.20277e+06
3.24038e+06 3.23525e+06 3.14797e+06
3.18743e+06 3.30288e+06 3.21032e+06
3.17338e+06 3.21366e+06 3.30948e+06
3.24862e+06 3.19226e+06 3.18749e+06
3.19859e+06 3.19929e+06 3.29455e+06
3.22287e+06 3.27301e+06 3.15686e+06
3.18257e+06 3.24643e+06 3.23673e+06
3.1966e+06 3.2093e+06 3.25877e+06
3.26101e+06 3.19911e+06 3.18511e+06
3.2295e+06 3.22442e+06 3.16111e+06
3.22301e+06 3.25801e+06 3.14828e+06
3.19566e+06 3.26966e+06 3.21454e+06
3.23942e+06 3.21564e+06 3.16349e+06
3.21466e+06 3.23079e+06 3.20219e+06
3.22266e+06 3.22736e+06 3.18049e+06
3.23275e+06 3.20048e+06 3.25251e+06
3.23491e+06 3.20762e+06 3.20584e+06
3.22128e+06 3.2008e+06 3.22764e+06
3.24076e+06 3.1949e+06 3.20744e+06
3.20322e+06 3.22847e+06 3.23135e+06
3.20599e+06 3.21688e+06 3.21576e+06
3.21059e+06 3.21206e+06 3.20357e+06
3.1884e+06 3.25795e+06 3.227e+06
3.21576e+06 3.2174e+06 3.20343e+06
3.18988e+06 3.27191e+06 3.20769e+06
3.19821e+06 3.25333e+06 3.18534e+06
3.19691e+06 3.23367e+06 3.2428e+06
3.19778e+06 3.24848e+06 3.18708e+06
3.20567e+06 3.22837e+06 3.24222e+06
3.19785e+06 3.23316e+06 3.20896e+06
3.29375e+06 3.2254e+06 3.17066e+06
3.25685e+06 3.24549e+06 3.16054e+06
3.20269e+06 3.29882e+06 3.18537e+06
3.19896e+06 3.21082e+06 3.26873e+06
3.18414e+06 3.2507e+06 3.24387e+06
3.19897e+06 3.27876e+06 3.2032e+06
3.20419e+06 3.252e+06 3.21431e+06
3.20834e+06 3.23992e+06 3.22719e+06
3.23081e+06 3.29668e+06 3.18952e+06
3.20972e+06 3.21928e+06 3.23553e+06
3.2178e+06 3.21284e+06 3.21034e+06
3.24158e+06 3.24547e+06 3.16431e+06
3.23205e+06 3.22974e+06 3.1956e+06
3.22898e+06 3.2247e+06 3.20933e+06
3.21516e+06 3.24507e+06 3.2078e+06
3.21092e+06 3.24872e+06 3.1898e+06
3.23583e+06 3.22694e+06 3.16452e+06
3.232e+06 3.2317e+06 3.1898e+06
3.23774e+06 3.21453e+06 3.20808e+06
3.23102e+06 3.21581e+06 3.20874e+06
3.23122e+06 3.24527e+06 3.18598e+06
3.28637e+06 3.23055e+06 3.1658e+06
3.27399e+06 3.21421e+06 3.21752e+06
3.2585e+06 3.31048e+06 3.18262e+06
3.21424e+06 3.22541e+06 3.24432e+06
3.20509e+06 3.30439e+06 3.22373e+06
3.22614e+06 3.27712e+06 3.19115e+06
3.23924e+06 3.24617e+06 3.19675e+06
3.21259e+06 3.25254e+06 3.21766e+06
3.28486e+06 3.24075e+06 3.18234e+06
3.27395e+06 3.29653e+06 3.18438e+06
3.2221e+06 3.28976e+06 3.20366e+06
3.23367e+06 3.2369e+06 3.20301e+06
3.22643e+06 3.21829e+06 3.2116e+06
3.27529e+06 3.24266e+06 3.18869e+06
3.20982e+06 3.30058e+06 3.19865e+06
3.23475e+06 3.22867e+06 3.20905e+06
3.21937e+06 3.21681e+06 3.21431e+06
3.21027e+06 3.30608e+06 3.18781e+06
3.26397e+06 3.27454e+06 3.2068e+06
3.25159e+06 3.21743e+06 3.23118e+06
3.21933e+06 3.24578e+06 3.27535e+06
3.21064e+06 3.31354e+06 3.22117e+06
3.22565e+06 3.22871e+06 3.25815e+06
3.21289e+06 3.26194e+06 3.22674e+06
3.22416e+06 3.23837e+06 3.2438e+06
3.2339e+06 3.22156e+06 3.21445e+06
3.21978e+06 3.22571e+06 3.26489e+06
3.24103e+06 3.21822e+06 3.23937e+06
3.22308e+06 3.24774e+06 3.22043e+06
3.24222e+06 3.21937e+06 3.2125e+06
3.25142e+06 3.23931e+06 3.21541e+06
3.25008e+06 3.23231e+06 3.2235e+06
3.23792e+06 3.2374e+06 3.28502e+06
3.21412e+06 3.26768e+06 3.22763e+06
3.22905e+06 3.25004e+06 3.25813e+06
3.23752e+06 3.25968e+06 3.22967e+06
3.23106e+06 3.24998e+06 3.26737e+06
3.24315e+06 3.23897e+06 3.24445e+06
3.26175e+06 3.24608e+06 3.23967e+06
3.24348e+06 3.24603e+06 3.25838e+06
3.23843e+06 3.25586e+06 3.2796e+06
3.21898e+06 3.26829e+06 3.2476e+06
3.24319e+06 3.26629e+06 3.24543e+06
3.28072e+06 3.24745e+06 3.24409e+06
3.26921e+06 3.25287e+06 3.24125e+06
