18 23.3654
3.3057e+06 3.17312e+06 3.14884e+06
3.27649e+06 3.23918e+06 3.09642e+06
3.2595e+06 3.11215e+06 3.19878e+06
3.19845e+06 3.15283e+06 3.26743e+06
3.1579e+06 3.28725e+06 3.1535e+06
3.13193e+06 3.25914e+06 3.19054e+06
3.24712e+06 3.23991e+06 3.11258e+06
3.27649e+06 3.23918e+06 3.09642e+06
3.16978e+06 3.28608e+06 3.13675e+06
3.2595e+06 3.11215e+06 3.19878e+06
3.19496e+06 3.15673e+06 3.25904e+06
3.28853e+06 3.16835e+06 3.15922e+06
3.25781e+06 3.12646e+06 3.18968e+06
3.22104e+06 3.12475e+06 3.23186e+06
3.14551e+06 3.19825e+06 3.23781e+06
3.3057e+06 3.17312e+06 3.14884e+06
3.13995e+06 3.2179e+06 3.16946e+06
3.19529e+06 3.19346e+06 3.11819e+06
3.21226e+06 3.16344e+06 3.17409e+06
3.23464e+06 3.13593e+06 3.18429e+06
3.17763e+06 3.23493e+06 3.15251e+06
3.24896e+06 3.17496e+06 3.16126e+06
3.14788e+06 3.18085e+06 3.26568e+06
3.23118e+06 3.13532e+06 3.20614e+06
3.14104e+06 3.24976e+06 3.16716e+06
3.18875e+06 3.23665e+06 3.13399e+06
3.13193e+06 3.25914e+06 3.19054e+06
3.22185e+06 3.17113e+06 3.16301e+06
3.19933e+06 3.14138e+06 3.21062e+06
3.16456e+06 3.18761e+06 3.17842e+06
3.14104e+06 3.24976e+06 3.16716e+06
3.16456e+06 3.18761e+06 3.17842e+06
3.13995e+06 3.2179e+06 3.16946e+06
3.14977e+06 3.16513e+06 3.21707e+06
3.20854e+06 3.13798e+06 3.17581e+06
3.19529e+06 3.19346e+06 3.11819e+06
3.15759e+06 3.21496e+06 3.16402e+06
3.19845e+06 3.15283e+06 3.26743e+06
3.18066e+06 3.18038e+06 3.13772e+06
3.22104e+06 3.12475e+06 3.23186e+06
3.20062e+06 3.17107e+06 3.1643e+06
3.14956e+06 3.1997e+06 3.21855e+06
3.19496e+06 3.15673e+06 3.25904e+06
3.17441e+06 3.16237e+06 3.22262e+06
3.23118e+06 3.13532e+06 3.20614e+06
3.19684e+06 3.17603e+06 3.19879e+06
3.17763e+06 3.23493e+06 3.15251e+06
3.20854e+06 3.13798e+06 3.17581e+06
3.28201e+06 3.17888e+06 3.13508e+06
3.18681e+06 3.17619e+06 3.21018e+06
3.27649e+06 3.23918e+06 3.09642e+06
3.14551e+06 3.19825e+06 3.23781e+06
3.13193e+06 3.25914e+06 3.19054e+06
3.28201e+06 3.17888e+06 3.13508e+06
3.1579e+06 3.28725e+06 3.1535e+06
3.23464e+06 3.13593e+06 3.18429e+06
3.17653e+06 3.1848e+06 3.21494e+06
3.17604e+06 3.20586e+06 3.17497e+06
3.19188e+06 3.17784e+06 3.19657e+06
3.17604e+06 3.20586e+06 3.17497e+06
3.1592e+06 3.2126e+06 3.19834e+06
3.28853e+06 3.16835e+06 3.15922e+06
3.19845e+06 3.15283e+06 3.26743e+06
3.18681e+06 3.17619e+06 3.21018e+06
3.18882e+06 3.15985e+06 3.2346e+06
3.18066e+06 3.18038e+06 3.13772e+06
3.1592e+06 3.2126e+06 3.19834e+06
3.28853e+06 3.16835e+06 3.15922e+06
3.19369e+06 3.17774e+06 3.186e+06
3.19188e+06 3.17784e+06 3.19657e+06
3.23118e+06 3.13532e+06 3.20614e+06
3.19801e+06 3.16058e+06 3.21252e+06
3.17441e+06 3.16237e+06 3.22262e+06
3.16978e+06 3.28608e+06 3.13675e+06
3.18066e+06 3.18038e+06 3.13772e+06
3.14551e+06 3.19825e+06 3.23781e+06
3.17441e+06 3.16237e+06 3.22262e+06
3.18882e+06 3.15985e+06 3.2346e+06
3.19933e+06 3.14138e+06 3.21062e+06
3.14977e+06 3.16513e+06 3.21707e+06
3.18875e+06 3.23665e+06 3.13399e+06
3.23118e+06 3.13532e+06 3.20614e+06
3.19369e+06 3.17774e+06 3.186e+06
3.14956e+06 3.1997e+06 3.21855e+06
3.1592e+06 3.2126e+06 3.19834e+06
3.20062e+06 3.17107e+06 3.1643e+06
3.17653e+06 3.1848e+06 3.21494e+06
3.18882e+06 3.15985e+06 3.2346e+06
3.15759e+06 3.21496e+06 3.16402e+06
3.17604e+06 3.20586e+06 3.17497e+06
3.19924e+06 3.16385e+06 3.1901e+06
3.17653e+06 3.1848e+06 3.21494e+06
3.14551e+06 3.19825e+06 3.23781e+06
3.1592e+06 3.2126e+06 3.19834e+06
3.16978e+06 3.28608e+06 3.13675e+06
3.19801e+06 3.16058e+06 3.21252e+06
3.18875e+06 3.23665e+06 3.13399e+06
3.19188e+06 3.17784e+06 3.19657e+06
3.18875e+06 3.23665e+06 3.13399e+06
3.17441e+06 3.16237e+06 3.22262e+06
3.19369e+06 3.17774e+06 3.186e+06
3.14956e+06 3.1997e+06 3.21855e+06
3.17441e+06 3.16237e+06 3.22262e+06
3.20062e+06 3.17107e+06 3.1643e+06
3.19684e+06 3.17603e+06 3.19879e+06
3.18066e+06 3.18038e+06 3.13772e+06
3.19684e+06 3.17603e+06 3.19879e+06
3.19801e+06 3.16058e+06 3.21252e+06
3.28201e+06 3.17888e+06 3.13508e+06
3.17441e+06 3.16237e+06 3.22262e+06
3.19924e+06 3.16385e+06 3.1901e+06
3.22104e+06 3.12475e+06 3.23186e+06
3.19801e+06 3.16058e+06 3.21252e+06
3.17653e+06 3.1848e+06 3.21494e+06
3.1592e+06 3.2126e+06 3.19834e+06
3.15759e+06 3.21496e+06 3.16402e+06
3.20062e+06 3.17107e+06 3.1643e+06
3.3057e+06 3.17312e+06 3.14884e+06
3.3057e+06 3.17312e+06 3.14884e+06
3.3057e+06 3.17312e+06 3.14884e+06
3.3057e+06 3.17312e+06 3.14884e+06
3.3057e+06 3.17312e+06 3.14884e+06
3.3057e+06 3.17312e+06 3.14884e+06
3.28853e+06 3.16835e+06 3.15922e+06
3.28853e+06 3.16835e+06 3.15922e+06
3.28853e+06 3.16835e+06 3.15922e+06
3.28853e+06 3.16835e+06 3.15922e+06
3.28853e+06 3.16835e+06 3.15922e+06
3.27649e+06 3.23918e+06 3.09642e+06
3.27649e+06 3.23918e+06 3.09642e+06
3.27649e+06 3.23918e+06 3.09642e+06
3.27649e+06 3.23918e+06 3.09642e+06
3.27649e+06 3.23918e+06 3.09642e+06
3.23464e+06 3.13593e+06 3.18429e+06
3.23118e+06 3.13532e+06 3.20614e+06
3.23118e+06 3.13532e+06 3.20614e+06
3.23118e+06 3.13532e+06 3.20614e+06
3.23118e+06 3.13532e+06 3.20614e+06
3.23118e+06 3.13532e+06 3.20614e+06
3.22104e+06 3.12475e+06 3.23186e+06
3.22104e+06 3.12475e+06 3.23186e+06
3.22104e+06 3.12475e+06 3.23186e+06
3.22104e+06 3.12475e+06 3.23186e+06
3.19933e+06 3.14138e+06 3.21062e+06
3.19924e+06 3.16385e+06 3.1901e+06
3.19845e+06 3.15283e+06 3.26743e+06
3.19845e+06 3.15283e+06 3.26743e+06
3.19845e+06 3.15283e+06 3.26743e+06
3.19845e+06 3.15283e+06 3.26743e+06
3.19801e+06 3.16058e+06 3.21252e+06
3.19801e+06 3.16058e+06 3.21252e+06
3.19801e+06 3.16058e+06 3.21252e+06
3.19801e+06 3.16058e+06 3.21252e+06
3.19801e+06 3.16058e+06 3.21252e+06
3.19684e+06 3.17603e+06 3.19879e+06
3.19529e+06 3.19346e+06 3.11819e+06
3.19529e+06 3.19346e+06 3.11819e+06
3.19496e+06 3.15673e+06 3.25904e+06
3.19496e+06 3.15673e+06 3.25904e+06
3.19369e+06 3.17774e+06 3.186e+06
3.19369e+06 3.17774e+06 3.186e+06
3.19188e+06 3.17784e+06 3.19657e+06
3.19188e+06 3.17784e+06 3.19657e+06
3.18882e+06 3.15985e+06 3.2346e+06
3.18882e+06 3.15985e+06 3.2346e+06
3.18875e+06 3.23665e+06 3.13399e+06
3.18066e+06 3.18038e+06 3.13772e+06
3.18066e+06 3.18038e+06 3.13772e+06
3.18066e+06 3.18038e+06 3.13772e+06
3.18066e+06 3.18038e+06 3.13772e+06
3.17653e+06 3.1848e+06 3.21494e+06
3.17653e+06 3.1848e+06 3.21494e+06
3.17653e+06 3.1848e+06 3.21494e+06
3.17604e+06 3.20586e+06 3.17497e+06
3.17604e+06 3.20586e+06 3.17497e+06
3.17441e+06 3.16237e+06 3.22262e+06
3.17441e+06 3.16237e+06 3.22262e+06
3.17441e+06 3.16237e+06 3.22262e+06
3.17441e+06 3.16237e+06 3.22262e+06
3.17441e+06 3.16237e+06 3.22262e+06
3.17441e+06 3.16237e+06 3.22262e+06
3.17441e+06 3.16237e+06 3.22262e+06
3.17441e+06 3.16237e+06 3.22262e+06
3.17441e+06 3.16237e+06 3.22262e+06
3.17441e+06 3.16237e+06 3.22262e+06
3.17441e+06 3.16237e+06 3.22262e+06
3.17441e+06 3.16237e+06 3.22262e+06
3.17441e+06 3.16237e+06 3.22262e+06
3.16978e+06 3.28608e+06 3.13675e+06
3.16978e+06 3.28608e+06 3.13675e+06
3.16978e+06 3.28608e+06 3.13675e+06
3.16456e+06 3.18761e+06 3.17842e+06
3.1592e+06 3.2126e+06 3.19834e+06
3.1592e+06 3.2126e+06 3.19834e+06
3.1592e+06 3.2126e+06 3.19834e+06
3.1592e+06 3.2126e+06 3.19834e+06
3.15759e+06 3.21496e+06 3.16402e+06
3.14977e+06 3.16513e+06 3.21707e+06
3.14977e+06 3.16513e+06 3.21707e+06
3.14956e+06 3.1997e+06 3.21855e+06
3.14551e+06 3.19825e+06 3.23781e+06
3.14551e+06 3.19825e+06 3.23781e+06
3.14551e+06 3.19825e+06 3.23781e+06
3.13995e+06 3.2179e+06 3.16946e+06
3.13193e+06 3.25914e+06 3.19054e+06
3.27757e+06 3.1864e+06 3.16418e+06
3.24817e+06 3.13631e+06 3.23858e+06
3.24529e+06 3.23303e+06 3.12146e+06
3.20678e+06 3.15762e+06 3.27136e+06
3.15236e+06 3.33564e+06 3.21283e+06
3.21391e+06 3.29761e+06 3.13966e+06
3.19353e+06 3.23802e+06 3.15125e+06
3.23341e+06 3.14298e+06 3.24624e+06
3.18273e+06 3.20979e+06 3.20621e+06
3.2636e+06 3.14632e+06 3.18333e+06
3.21739e+06 3.16782e+06 3.21869e+06
3.16067e+06 3.22687e+06 3.19824e+06
3.23582e+06 3.21556e+06 3.16146e+06
3.15861e+06 3.19449e+06 3.26647e+06
3.18796e+06 3.19996e+06 3.17321e+06
3.19663e+06 3.17748e+06 3.21185e+06
3.15635e+06 3.21315e+06 3.2337e+06
3.22448e+06 3.23642e+06 3.13681e+06
3.17012e+06 3.23458e+06 3.18175e+06
3.25369e+06 3.1843e+06 3.17727e+06
3.21039e+06 3.16984e+06 3.18602e+06
3.22594e+06 3.15286e+06 3.18141e+06
3.15839e+06 3.22865e+06 3.19123e+06
3.21679e+06 3.19911e+06 3.17691e+06
3.29653e+06 3.1537e+06 3.22032e+06
3.26719e+06 3.14712e+06 3.30019e+06
3.22794e+06 3.25203e+06 3.16464e+06
3.21536e+06 3.29607e+06 3.17447e+06
3.15714e+06 3.21934e+06 3.26462e+06
3.17322e+06 3.26337e+06 3.20797e+06
3.1894e+06 3.20276e+06 3.2722e+06
3.18306e+06 3.2839e+06 3.18294e+06
3.27134e+06 3.21813e+06 3.17207e+06
3.25297e+06 3.24831e+06 3.17251e+06
3.24555e+06 3.1697e+06 3.2474e+06
3.16746e+06 3.2871e+06 3.24922e+06
3.20026e+06 3.18994e+06 3.21403e+06
3.28555e+06 3.19666e+06 3.19052e+06
3.23762e+06 3.2052e+06 3.19249e+06
3.22725e+06 3.18196e+06 3.21916e+06
3.23624e+06 3.17689e+06 3.22697e+06
3.2466e+06 3.16136e+06 3.19216e+06
3.28394e+06 3.19868e+06 3.1872e+06
3.20423e+06 3.18049e+06 3.25509e+06
3.20827e+06 3.23016e+06 3.18188e+06
3.18777e+06 3.22245e+06 3.23703e+06
3.19054e+06 3.22247e+06 3.19869e+06
3.1862e+06 3.23636e+06 3.19726e+06
3.1718e+06 3.22846e+06 3.25731e+06
3.18431e+06 3.23587e+06 3.23233e+06
3.23529e+06 3.22748e+06 3.18248e+06
3.21063e+06 3.18749e+06 3.19647e+06
3.19112e+06 3.22851e+06 3.1872e+06
3.246e+06 3.20346e+06 3.17451e+06
3.2102e+06 3.20039e+06 3.19476e+06
3.18703e+06 3.22818e+06 3.23313e+06
3.19106e+06 3.22875e+06 3.19563e+06
3.287e+06 3.26496e+06 3.17491e+06
3.25818e+06 3.26824e+06 3.17414e+06
3.25265e+06 3.29118e+06 3.18239e+06
3.24766e+06 3.17912e+06 3.29983e+06
3.21067e+06 3.18338e+06 3.33144e+06
3.18646e+06 3.22844e+06 3.28428e+06
3.23779e+06 3.19028e+06 3.20041e+06
3.25185e+06 3.25705e+06 3.18651e+06
3.20648e+06 3.22026e+06 3.26959e+06
3.21818e+06 3.24605e+06 3.20703e+06
3.18812e+06 3.27772e+06 3.19819e+06
3.22661e+06 3.19204e+06 3.22043e+06
3.2464e+06 3.21122e+06 3.19479e+06
3.1882e+06 3.27116e+06 3.25512e+06
3.233e+06 3.26465e+06 3.18468e+06
3.19262e+06 3.2636e+06 3.26451e+06
3.21377e+06 3.19905e+06 3.2215e+06
3.2034e+06 3.2204e+06 3.23752e+06
3.20848e+06 3.2038e+06 3.22323e+06
3.20799e+06 3.2128e+06 3.25226e+06
3.2559e+06 3.22157e+06 3.18132e+06
3.19508e+06 3.26878e+06 3.23223e+06
3.19304e+06 3.2309e+06 3.24741e+06
3.2168e+06 3.23788e+06 3.22034e+06
3.20062e+06 3.22712e+06 3.249e+06
3.19197e+06 3.27362e+06 3.1921e+06
3.25507e+06 3.24471e+06 3.19048e+06
3.22004e+06 3.20475e+06 3.21368e+06
3.22272e+06 3.23493e+06 3.19337e+06
3.2025e+06 3.24268e+06 3.22152e+06
3.19619e+06 3.22806e+06 3.26624e+06
3.2577e+06 3.18034e+06 3.2136e+06
3.2004e+06 3.27321e+06 3.22158e+06
3.22415e+06 3.18091e+06 3.26623e+06
3.21434e+06 3.26892e+06 3.21794e+06
3.2197e+06 3.20971e+06 3.2205e+06
3.21969e+06 3.23349e+06 3.21754e+06
3.21969e+06 3.23042e+06 3.21589e+06
3.30727e+06 3.23998e+06 3.18406e+06
3.28926e+06 3.18082e+06 3.25336e+06
3.26924e+06 3.2809e+06 3.17486e+06
3.19606e+06 3.2366e+06 3.3078e+06
3.19131e+06 3.30428e+06 3.29526e+06
3.25924e+06 3.22504e+06 3.18452e+06
3.27751e+06 3.27853e+06 3.18392e+06
3.2187e+06 3.23605e+06 3.27002e+06
3.26667e+06 3.1883e+06 3.24517e+06
3.24866e+06 3.23278e+06 3.19653e+06
3.20888e+06 3.2086e+06 3.3041e+06
3.20005e+06 3.29108e+06 3.2091e+06
3.2417e+06 3.19322e+06 3.26772e+06
3.213e+06 3.26507e+06 3.22272e+06
3.23078e+06 3.2159e+06 3.21393e+06
3.23823e+06 3.19521e+06 3.26172e+06
3.2037e+06 3.26261e+06 3.24247e+06
3.21305e+06 3.28436e+06 3.19282e+06
3.23296e+06 3.2377e+06 3.20718e+06
3.21791e+06 3.27607e+06 3.19321e+06
3.22877e+06 3.21502e+06 3.21869e+06
3.22806e+06 3.24453e+06 3.22654e+06
3.22682e+06 3.25466e+06 3.19691e+06
3.22166e+06 3.20401e+06 3.25487e+06
3.22531e+06 3.22697e+06 3.2482e+06
3.22257e+06 3.24926e+06 3.22996e+06
3.23891e+06 3.19624e+06 3.20926e+06
3.19564e+06 3.28091e+06 3.22498e+06
3.2088e+06 3.23993e+06 3.23216e+06
3.20558e+06 3.25035e+06 3.23924e+06
3.22623e+06 3.20244e+06 3.25375e+06
3.21423e+06 3.27688e+06 3.19567e+06
3.23121e+06 3.25088e+06 3.20096e+06
3.23975e+06 3.22629e+06 3.20082e+06
3.2389e+06 3.19569e+06 3.23805e+06
3.19875e+06 3.26335e+06 3.25417e+06
3.22838e+06 3.22816e+06 3.23884e+06
3.22102e+06 3.25325e+06 3.23012e+06
3.22877e+06 3.25184e+06 3.19404e+06
3.22001e+06 3.25149e+06 3.23177e+06
3.21968e+06 3.23696e+06 3.25347e+06
3.29389e+06 3.19137e+06 3.25248e+06
3.27606e+06 3.29265e+06 3.19181e+06
3.23203e+06 3.30409e+06 3.19711e+06
3.2299e+06 3.23428e+06 3.27621e+06
3.20302e+06 3.29323e+06 3.23243e+06
3.23908e+06 3.22369e+06 3.26927e+06
3.22351e+06 3.28038e+06 3.20662e+06
3.2402e+06 3.20341e+06 3.25003e+06
3.25895e+06 3.19544e+06 3.26694e+06
3.24162e+06 3.19944e+06 3.21272e+06
3.22899e+06 3.25526e+06 3.2183e+06
3.20989e+06 3.27046e+06 3.24748e+06
3.22255e+06 3.23443e+06 3.25976e+06
3.21073e+06 3.26849e+06 3.23662e+06
3.21261e+06 3.24372e+06 3.25327e+06
3.21458e+06 3.24245e+06 3.27591e+06
3.22142e+06 3.2632e+06 3.24105e+06
3.26076e+06 3.23068e+06 3.19977e+06
3.25358e+06 3.2401e+06 3.20379e+06
3.27077e+06 3.22696e+06 3.20495e+06
3.21915e+06 3.25707e+06 3.24305e+06
3.2655e+06 3.23567e+06 3.19447e+06
3.2503e+06 3.22875e+06 3.20499e+06
3.22683e+06 3.26351e+06 3.21476e+06
3.2508e+06 3.252e+06 3.20376e+06
3.23444e+06 3.22568e+06 3.21762e+06
3.26416e+06 3.19875e+06 3.24588e+06
3.22469e+06 3.24887e+06 3.24983e+06
3.21818e+06 3.25616e+06 3.24634e+06
3.26549e+06 3.25032e+06 3.1986e+06
3.23404e+06 3.25555e+06 3.19571e+06
3.30321e+06 3.23113e+06 3.20016e+06
3.26896e+06 3.23654e+06 3.19525e+06
3.25452e+06 3.20018e+06 3.26728e+06
3.22635e+06 3.31629e+06 3.22311e+06
3.21574e+06 3.26893e+06 3.30532e+06
3.29516e+06 3.20187e+06 3.21552e+06
3.27487e+06 3.23592e+06 3.21307e+06
3.23519e+06 3.29552e+06 3.20477e+06
3.21864e+06 3.28376e+06 3.25451e+06
3.24842e+06 3.21467e+06 3.23206e+06
3.24166e+06 3.21611e+06 3.21846e+06
3.2631e+06 3.20289e+06 3.24242e+06
3.25489e+06 3.24201e+06 3.20782e+06
3.22728e+06 3.23496e+06 3.26024e+06
3.21686e+06 3.25015e+06 3.25488e+06
3.23156e+06 3.26967e+06 3.24131e+06
3.23093e+06 3.2756e+06 3.21726e+06
3.22518e+06 3.265e+06 3.2429e+06
3.23705e+06 3.25824e+06 3.22186e+06
3.24065e+06 3.23955e+06 3.2476e+06
3.25062e+06 3.21158e+06 3.2131e+06
3.26692e+06 3.24476e+06 3.19875e+06
3.23656e+06 3.26166e+06 3.20343e+06
3.25347e+06 3.26794e+06 3.19966e+06
3.26754e+06 3.2392e+06 3.20583e+06
3.28628e+06 3.23765e+06 3.19674e+06
3.27154e+06 3.21169e+06 3.24049e+06
3.2315e+06 3.25143e+06 3.28913e+06
3.23072e+06 3.28896e+06 3.27134e+06
3.21813e+06 3.25388e+06 3.27154e+06
3.23911e+06 3.27152e+06 3.25259e+06
3.25272e+06 3.25442e+06 3.21334e+06
3.24328e+06 3.24522e+06 3.24332e+06
3.24672e+06 3.26942e+06 3.207e+06
3.24665e+06 3.28155e+06 3.22814e+06
3.28116e+06 3.22439e+06 3.21423e+06
3.22473e+06 3.25171e+06 3.27472e+06
3.24369e+06 3.23831e+06 3.2796e+06
3.26392e+06 3.2708e+06 3.20194e+06
3.26123e+06 3.21856e+06 3.21885e+06
3.23299e+06 3.28756e+06 3.22594e+06
3.27099e+06 3.25032e+06 3.21447e+06
3.25711e+06 3.22195e+06 3.22708e+06
3.24692e+06 3.22634e+06 3.22347e+06
3.24536e+06 3.21652e+06 3.27637e+06
3.24638e+06 3.23776e+06 3.23392e+06
3.24997e+06 3.25121e+06 3.223e+06
3.24765e+06 3.27126e+06 3.20578e+06
3.29533e+06 3.23454e+06 3.22379e+06
3.29085e+06 3.25062e+06 3.20534e+06
3.27689e+06 3.21809e+06 3.26955e+06
3.24416e+06 3.27442e+06 3.28547e+06
3.21964e+06 3.31319e+06 3.2717e+06
3.24718e+06 3.28717e+06 3.25461e+06
3.23489e+06 3.29389e+06 3.26972e+06
3.26537e+06 3.30098e+06 3.21471e+06
3.24153e+06 3.29518e+06 3.26712e+06
3.26139e+06 3.26494e+06 3.22234e+06
3.24291e+06 3.31005e+06 3.24472e+06
3.27084e+06 3.21927e+06 3.22732e+06
3.25269e+06 3.24258e+06 3.22462e+06
3.26884e+06 3.29911e+06 3.21696e+06
3.24972e+06 3.25894e+06 3.23042e+06
3.24964e+06 3.2301e+06 3.23597e+06
3.24848e+06 3.25908e+06 3.23664e+06
3.25709e+06 3.25237e+06 3.2241e+06
3.24785e+06 3.24697e+06 3.24663e+06
3.25977e+06 3.23098e+06 3.22686e+06
3.2452e+06 3.24642e+06 3.27168e+06
3.34114e+06 3.25152e+06 3.21327e+06
3.29711e+06 3.22053e+06 3.32232e+06
3.24777e+06 3.30394e+06 3.28249e+06
3.24695e+06 3.25266e+06 3.28614e+06
3.25994e+06 3.27154e+06 3.22624e+06
3.31236e+06 3.22529e+06 3.28055e+06
3.27894e+06 3.23783e+06 3.25094e+06
3.25e+06 3.2621e+06 3.23922e+06
3.26787e+06 3.24449e+06 3.24539e+06
3.27415e+06 3.25127e+06 3.24476e+06
3.25166e+06 3.23558e+06 3.27476e+06
3.25608e+06 3.23159e+06 3.28348e+06
3.25429e+06 3.2569e+06 3.22897e+06
3.2533e+06 3.2429e+06 3.26192e+06
3.25237e+06 3.23386e+06 3.26327e+06
3.2489e+06 3.25379e+06 3.25373e+06
3.25399e+06 3.25936e+06 3.22781e+06
3.29225e+06 3.26446e+06 3.23761e+06
3.2828e+06 3.27238e+06 3.22886e+06
3.25514e+06 3.24004e+06 3.32608e+06
3.2541e+06 3.32355e+06 3.23621e+06
3.25144e+06 3.30376e+06 3.25793e+06
3.25603e+06 3.27644e+06 3.29887e+06
3.27451e+06 3.24368e+06 3.27768e+06
3.25875e+06 3.31001e+06 3.234e+06
3.2679e+06 3.27344e+06 3.22947e+06
3.25488e+06 3.29963e+06 3.27125e+06
3.2743e+06 3.2607e+06 3.24987e+06
3.281e+06 3.25789e+06 3.25878e+06
3.25751e+06 3.25682e+06 3.26753e+06
3.25737e+06 3.27637e+06 3.2409e+06
3.32855e+06 3.25984e+06 3.27297e+06
3.30387e+06 3.29198e+06 3.2361e+06
3.29656e+06 3.33747e+06 3.24104e+06
3.27746e+06 3.24579e+06 3.28541e+06
3.25798e+06 3.31248e+06 3.24679e+06
3.29204e+06 3.30032e+06 3.25514e+06
3.27726e+06 3.31216e+06 3.27884e+06
3.28212e+06 3.30921e+06 3.28454e+06
3.29494e+06 3.25329e+06 3.28012e+06
3.30512e+06 3.24946e+06 3.29452e+06
3.27837e+06 3.2624e+06 3.29281e+06
3.29258e+06 3.27148e+06 3.2948e+06
3.26564e+06 3.16904e+06 3.16606e+06
3.25234e+06 3.10113e+06 3.19022e+06
3.22454e+06 3.24584e+06 3.09452e+06
3.17353e+06 3.34999e+06 3.14669e+06
3.12251e+06 3.25621e+06 3.24569e+06
3.12251e+06 3.25621e+06 3.24569e+06
3.15017e+06 3.28851e+06 3.17796e+06
3.26078e+06 3.24007e+06 3.11688e+06
3.21713e+06 3.13087e+06 3.209e+06
3.22454e+06 3.24584e+06 3.09452e+06
3.17414e+06 3.15277e+06 3.2128e+06
3.12829e+06 3.24186e+06 3.20061e+06
3.12251e+06 3.25621e+06 3.24569e+06
3.15017e+06 3.28851e+06 3.17796e+06
3.14738e+06 3.17822e+06 3.19396e+06
3.17849e+06 3.13602e+06 3.23004e+06
3.18609e+06 3.21816e+06 3.13118e+06
3.16199e+06 3.20778e+06 3.14953e+06
3.12638e+06 3.25007e+06 3.23449e+06
3.24823e+06 3.19258e+06 3.14114e+06
3.18798e+06 3.21462e+06 3.13915e+06
3.25655e+06 3.24032e+06 3.12163e+06
3.22121e+06 3.21739e+06 3.13816e+06
3.12251e+06 3.25621e+06 3.24569e+06
3.12638e+06 3.25007e+06 3.23449e+06
3.15597e+06 3.2186e+06 3.1816e+06
3.20786e+06 3.1835e+06 3.16409e+06
3.17849e+06 3.13602e+06 3.23004e+06
3.24823e+06 3.19258e+06 3.14114e+06
3.19913e+06 3.18994e+06 3.15993e+06
3.19254e+06 3.19918e+06 3.15107e+06
3.24012e+06 3.15198e+06 3.18889e+06
3.19936e+06 3.2026e+06 3.14244e+06
3.15376e+06 3.22991e+06 3.17434e+06
3.23845e+06 3.20037e+06 3.12385e+06
3.19748e+06 3.17775e+06 3.17744e+06
3.17849e+06 3.13602e+06 3.23004e+06
3.15813e+06 3.1606e+06 3.20667e+06
3.24012e+06 3.15198e+06 3.18889e+06
3.21713e+06 3.13087e+06 3.209e+06
3.25966e+06 3.16575e+06 3.16624e+06
3.23358e+06 3.13706e+06 3.19772e+06
3.20528e+06 3.15222e+06 3.1777e+06
3.1577e+06 3.17162e+06 3.17904e+06
3.23362e+06 3.20943e+06 3.13103e+06
3.23797e+06 3.2458e+06 3.12355e+06
3.22142e+06 3.18235e+06 3.17537e+06
3.22021e+06 3.25047e+06 3.12902e+06
3.24012e+06 3.15198e+06 3.18889e+06
3.21926e+06 3.14282e+06 3.18956e+06
3.15376e+06 3.22991e+06 3.17434e+06
3.26078e+06 3.24007e+06 3.11688e+06
3.22851e+06 3.21283e+06 3.12786e+06
3.12829e+06 3.24186e+06 3.20061e+06
3.15424e+06 3.22098e+06 3.16215e+06
3.19913e+06 3.18994e+06 3.15993e+06
3.12797e+06 3.20418e+06 3.21101e+06
3.19615e+06 3.15447e+06 3.19067e+06
3.256e+06 3.18326e+06 3.16453e+06
3.26564e+06 3.16904e+06 3.16606e+06
3.23047e+06 3.17841e+06 3.16549e+06
3.19254e+06 3.19918e+06 3.15107e+06
3.23358e+06 3.13706e+06 3.19772e+06
3.18689e+06 3.20773e+06 3.17176e+06
3.20731e+06 3.14011e+06 3.19153e+06
3.15597e+06 3.2186e+06 3.1816e+06
3.19936e+06 3.2026e+06 3.14244e+06
3.16009e+06 3.22028e+06 3.14686e+06
3.1577e+06 3.17162e+06 3.17904e+06
3.15376e+06 3.22991e+06 3.17434e+06
3.19254e+06 3.19918e+06 3.15107e+06
3.22851e+06 3.21283e+06 3.12786e+06
3.19609e+06 3.16521e+06 3.19403e+06
3.15424e+06 3.22098e+06 3.16215e+06
3.19254e+06 3.19918e+06 3.15107e+06
3.19465e+06 3.18399e+06 3.17035e+06
3.15813e+06 3.1606e+06 3.20667e+06
3.22901e+06 3.16229e+06 3.16996e+06
3.22932e+06 3.18347e+06 3.14905e+06
3.19913e+06 3.18994e+06 3.15993e+06
3.19609e+06 3.16521e+06 3.19403e+06
3.23797e+06 3.2458e+06 3.12355e+06
3.16009e+06 3.22028e+06 3.14686e+06
3.25966e+06 3.16575e+06 3.16624e+06
3.19449e+06 3.18128e+06 3.17676e+06
3.17849e+06 3.13602e+06 3.23004e+06
3.14738e+06 3.17822e+06 3.19396e+06
3.12797e+06 3.20418e+06 3.21101e+06
3.20731e+06 3.14011e+06 3.19153e+06
3.19449e+06 3.18128e+06 3.17676e+06
3.22021e+06 3.25047e+06 3.12902e+06
3.15424e+06 3.22098e+06 3.16215e+06
3.15813e+06 3.1606e+06 3.20667e+06
3.21926e+06 3.14282e+06 3.18956e+06
3.22901e+06 3.16229e+06 3.16996e+06
3.18689e+06 3.20773e+06 3.17176e+06
3.21926e+06 3.14282e+06 3.18956e+06
3.1583e+06 3.20202e+06 3.17497e+06
3.20731e+06 3.14011e+06 3.19153e+06
3.20528e+06 3.15222e+06 3.1777e+06
3.23362e+06 3.20943e+06 3.13103e+06
3.16199e+06 3.20778e+06 3.14953e+06
3.26564e+06 3.16904e+06 3.16606e+06
3.19615e+06 3.15447e+06 3.19067e+06
3.20786e+06 3.1835e+06 3.16409e+06
3.23047e+06 3.17841e+06 3.16549e+06
3.1583e+06 3.20202e+06 3.17497e+06
3.24012e+06 3.15198e+06 3.18889e+06
3.19465e+06 3.18399e+06 3.17035e+06
3.26564e+06 3.16904e+06 3.16606e+06
3.19465e+06 3.18399e+06 3.17035e+06
3.22901e+06 3.16229e+06 3.16996e+06
3.18609e+06 3.21816e+06 3.13118e+06
3.23362e+06 3.20943e+06 3.13103e+06
3.22851e+06 3.21283e+06 3.12786e+06
3.256e+06 3.18326e+06 3.16453e+06
3.18689e+06 3.20773e+06 3.17176e+06
3.22851e+06 3.21283e+06 3.12786e+06
3.21926e+06 3.14282e+06 3.18956e+06
3.23047e+06 3.17841e+06 3.16549e+06
3.12829e+06 3.24186e+06 3.20061e+06
3.22932e+06 3.18347e+06 3.14905e+06
3.19449e+06 3.18128e+06 3.17676e+06
3.23358e+06 3.13706e+06 3.19772e+06
3.20786e+06 3.1835e+06 3.16409e+06
3.26564e+06 3.16904e+06 3.16606e+06
3.22851e+06 3.21283e+06 3.12786e+06
3.16199e+06 3.20778e+06 3.14953e+06
3.20786e+06 3.1835e+06 3.16409e+06
3.20528e+06 3.15222e+06 3.1777e+06
3.1583e+06 3.20202e+06 3.17497e+06
3.12829e+06 3.24186e+06 3.20061e+06
3.12797e+06 3.20418e+06 3.21101e+06
3.22901e+06 3.16229e+06 3.16996e+06
3.20786e+06 3.1835e+06 3.16409e+06
3.19465e+06 3.18399e+06 3.17035e+06
3.19936e+06 3.2026e+06 3.14244e+06
3.19913e+06 3.18994e+06 3.15993e+06
3.15813e+06 3.1606e+06 3.20667e+06
3.25966e+06 3.16575e+06 3.16624e+06
3.19449e+06 3.18128e+06 3.17676e+06
3.19609e+06 3.16521e+06 3.19403e+06
3.26564e+06 3.16904e+06 3.16606e+06
3.26564e+06 3.16904e+06 3.16606e+06
3.26564e+06 3.16904e+06 3.16606e+06
3.26564e+06 3.16904e+06 3.16606e+06
3.26078e+06 3.24007e+06 3.11688e+06
3.25966e+06 3.16575e+06 3.16624e+06
3.25966e+06 3.16575e+06 3.16624e+06
3.24012e+06 3.15198e+06 3.18889e+06
3.24012e+06 3.15198e+06 3.18889e+06
3.24012e+06 3.15198e+06 3.18889e+06
3.23362e+06 3.20943e+06 3.13103e+06
3.23362e+06 3.20943e+06 3.13103e+06
3.23362e+06 3.20943e+06 3.13103e+06
3.23358e+06 3.13706e+06 3.19772e+06
3.23358e+06 3.13706e+06 3.19772e+06
3.23358e+06 3.13706e+06 3.19772e+06
3.23358e+06 3.13706e+06 3.19772e+06
3.23358e+06 3.13706e+06 3.19772e+06
3.23047e+06 3.17841e+06 3.16549e+06
3.22901e+06 3.16229e+06 3.16996e+06
3.22901e+06 3.16229e+06 3.16996e+06
3.22851e+06 3.21283e+06 3.12786e+06
3.22851e+06 3.21283e+06 3.12786e+06
3.22851e+06 3.21283e+06 3.12786e+06
3.22454e+06 3.24584e+06 3.09452e+06
3.22021e+06 3.25047e+06 3.12902e+06
3.22021e+06 3.25047e+06 3.12902e+06
3.21926e+06 3.14282e+06 3.18956e+06
3.21926e+06 3.14282e+06 3.18956e+06
3.21926e+06 3.14282e+06 3.18956e+06
3.21926e+06 3.14282e+06 3.18956e+06
3.21926e+06 3.14282e+06 3.18956e+06
3.21713e+06 3.13087e+06 3.209e+06
3.20786e+06 3.1835e+06 3.16409e+06
3.20786e+06 3.1835e+06 3.16409e+06
3.20786e+06 3.1835e+06 3.16409e+06
3.20731e+06 3.14011e+06 3.19153e+06
3.20528e+06 3.15222e+06 3.1777e+06
3.19936e+06 3.2026e+06 3.14244e+06
3.19936e+06 3.2026e+06 3.14244e+06
3.19936e+06 3.2026e+06 3.14244e+06
3.19913e+06 3.18994e+06 3.15993e+06
3.19609e+06 3.16521e+06 3.19403e+06
3.19465e+06 3.18399e+06 3.17035e+06
3.19465e+06 3.18399e+06 3.17035e+06
3.19465e+06 3.18399e+06 3.17035e+06
3.19465e+06 3.18399e+06 3.17035e+06
3.19449e+06 3.18128e+06 3.17676e+06
3.19254e+06 3.19918e+06 3.15107e+06
3.19254e+06 3.19918e+06 3.15107e+06
3.19254e+06 3.19918e+06 3.15107e+06
3.18689e+06 3.20773e+06 3.17176e+06
3.18689e+06 3.20773e+06 3.17176e+06
3.16199e+06 3.20778e+06 3.14953e+06
3.16199e+06 3.20778e+06 3.14953e+06
3.16009e+06 3.22028e+06 3.14686e+06
3.16009e+06 3.22028e+06 3.14686e+06
3.15813e+06 3.1606e+06 3.20667e+06
3.15813e+06 3.1606e+06 3.20667e+06
3.15813e+06 3.1606e+06 3.20667e+06
3.15813e+06 3.1606e+06 3.20667e+06
3.15424e+06 3.22098e+06 3.16215e+06
3.15376e+06 3.22991e+06 3.17434e+06
3.15017e+06 3.28851e+06 3.17796e+06
3.15017e+06 3.28851e+06 3.17796e+06
3.14738e+06 3.17822e+06 3.19396e+06
3.14738e+06 3.17822e+06 3.19396e+06
3.12829e+06 3.24186e+06 3.20061e+06
3.12829e+06 3.24186e+06 3.20061e+06
3.12829e+06 3.24186e+06 3.20061e+06
3.12797e+06 3.20418e+06 3.21101e+06
3.12797e+06 3.20418e+06 3.21101e+06
3.12251e+06 3.25621e+06 3.24569e+06
3.12251e+06 3.25621e+06 3.24569e+06
3.12251e+06 3.25621e+06 3.24569e+06
3.12251e+06 3.25621e+06 3.24569e+06
3.2674e+06 3.22439e+06 3.15497e+06
3.24411e+06 3.24912e+06 3.1051e+06
3.22793e+06 3.15122e+06 3.27998e+06
3.17942e+06 3.28976e+06 3.1527e+06
3.14921e+06 3.24669e+06 3.20832e+06
3.22942e+06 3.2834e+06 3.12727e+06
3.2075e+06 3.23313e+06 3.16391e+06
3.21984e+06 3.27478e+06 3.14031e+06
3.15231e+06 3.24039e+06 3.23764e+06
3.24316e+06 3.15233e+06 3.21981e+06
3.15547e+06 3.18663e+06 3.2647e+06
3.199e+06 3.19036e+06 3.1919e+06
3.17151e+06 3.2039e+06 3.17594e+06
3.24847e+06 3.17076e+06 3.19446e+06
3.18525e+06 3.27024e+06 3.15163e+06
3.19661e+06 3.25428e+06 3.15765e+06
3.26196e+06 3.17784e+06 3.18195e+06
3.19875e+06 3.16678e+06 3.25511e+06
3.18541e+06 3.22427e+06 3.16993e+06
3.16887e+06 3.28414e+06 3.17329e+06
3.2163e+06 3.15874e+06 3.24321e+06
3.19351e+06 3.21364e+06 3.17426e+06
3.25644e+06 3.15141e+06 3.21506e+06
3.23208e+06 3.18515e+06 3.17699e+06
3.18199e+06 3.18382e+06 3.27637e+06
3.21613e+06 3.17488e+06 3.2101e+06
3.1843e+06 3.15941e+06 3.26155e+06
3.22307e+06 3.21105e+06 3.17311e+06
3.22583e+06 3.17936e+06 3.19299e+06
3.19358e+06 3.25266e+06 3.16526e+06
3.29884e+06 3.3253e+06 3.14603e+06
3.26528e+06 3.15348e+06 3.27985e+06
3.15823e+06 3.26015e+06 3.24797e+06
3.29109e+06 3.24983e+06 3.15424e+06
3.26544e+06 3.17221e+06 3.21366e+06
3.17888e+06 3.27881e+06 3.21288e+06
3.26076e+06 3.26808e+06 3.17116e+06
3.24936e+06 3.17946e+06 3.21073e+06
3.19464e+06 3.22225e+06 3.26678e+06
3.21819e+06 3.18872e+06 3.25965e+06
3.16955e+06 3.25678e+06 3.25194e+06
3.25544e+06 3.27466e+06 3.16091e+06
3.17811e+06 3.22795e+06 3.25206e+06
3.24014e+06 3.19024e+06 3.22308e+06
3.1996e+06 3.22342e+06 3.19887e+06
3.23634e+06 3.21449e+06 3.1762e+06
3.16445e+06 3.25805e+06 3.21768e+06
3.1807e+06 3.22572e+06 3.2369e+06
3.18629e+06 3.27785e+06 3.15714e+06
3.23597e+06 3.19644e+06 3.22777e+06
3.20728e+06 3.20804e+06 3.21638e+06
3.22051e+06 3.17401e+06 3.26192e+06
3.25616e+06 3.20036e+06 3.18717e+06
3.23165e+06 3.1868e+06 3.24052e+06
3.18797e+06 3.2365e+06 3.19831e+06
3.20796e+06 3.20709e+06 3.24089e+06
3.17926e+06 3.23953e+06 3.22401e+06
3.18081e+06 3.26018e+06 3.21091e+06
3.2298e+06 3.27379e+06 3.17936e+06
3.22166e+06 3.20398e+06 3.24299e+06
3.23335e+06 3.21974e+06 3.19206e+06
3.19771e+06 3.23534e+06 3.18092e+06
3.22566e+06 3.20118e+06 3.22477e+06
3.24954e+06 3.2047e+06 3.19578e+06
3.23575e+06 3.2054e+06 3.18503e+06
3.23881e+06 3.19528e+06 3.21724e+06
3.22735e+06 3.23282e+06 3.19479e+06
3.22775e+06 3.22015e+06 3.19393e+06
3.1994e+06 3.22402e+06 3.24227e+06
3.23379e+06 3.20036e+06 3.21446e+06
3.29434e+06 3.17225e+06 3.22146e+06
3.27629e+06 3.17404e+06 3.27883e+06
3.24754e+06 3.28011e+06 3.17646e+06
3.19524e+06 3.29316e+06 3.19016e+06
3.18058e+06 3.23e+06 3.26244e+06
3.22463e+06 3.1936e+06 3.26645e+06
3.28521e+06 3.18822e+06 3.21094e+06
3.2449e+06 3.19736e+06 3.2318e+06
3.24241e+06 3.19722e+06 3.24686e+06
3.1924e+06 3.26665e+06 3.21808e+06
3.21782e+06 3.20987e+06 3.22504e+06
3.2587e+06 3.22094e+06 3.21737e+06
3.19074e+06 3.23741e+06 3.25195e+06
3.24899e+06 3.2427e+06 3.18404e+06
3.23778e+06 3.23471e+06 3.2009e+06
3.20948e+06 3.21497e+06 3.2298e+06
3.28168e+06 3.18221e+06 3.25006e+06
3.25219e+06 3.18395e+06 3.24944e+06
3.20228e+06 3.26134e+06 3.18597e+06
3.24557e+06 3.19255e+06 3.25733e+06
3.21858e+06 3.25548e+06 3.18966e+06
3.26644e+06 3.22844e+06 3.19178e+06
3.24046e+06 3.22235e+06 3.2026e+06
3.20384e+06 3.23562e+06 3.25979e+06
3.27278e+06 3.20313e+06 3.20248e+06
3.27353e+06 3.22254e+06 3.19343e+06
3.2311e+06 3.24653e+06 3.19181e+06
3.27215e+06 3.21517e+06 3.2146e+06
3.22118e+06 3.22434e+06 3.2126e+06
3.23309e+06 3.23946e+06 3.1888e+06
3.22079e+06 3.24799e+06 3.19068e+06
3.21011e+06 3.23758e+06 3.21609e+06
3.23714e+06 3.26022e+06 3.18472e+06
3.26801e+06 3.21013e+06 3.21676e+06
3.19779e+06 3.24043e+06 3.19268e+06
3.27699e+06 3.1831e+06 3.25074e+06
3.29387e+06 3.1971e+06 3.21272e+06
3.29234e+06 3.19279e+06 3.21781e+06
3.28595e+06 3.29843e+06 3.18636e+06
3.21612e+06 3.30606e+06 3.18896e+06
3.18228e+06 3.23609e+06 3.27999e+06
3.23831e+06 3.20798e+06 3.27827e+06
3.24946e+06 3.2126e+06 3.26318e+06
3.27003e+06 3.24577e+06 3.19458e+06
3.20424e+06 3.24051e+06 3.20217e+06
3.22074e+06 3.27506e+06 3.18653e+06
3.19742e+06 3.26944e+06 3.22306e+06
3.25048e+06 3.20004e+06 3.23517e+06
3.25531e+06 3.228e+06 3.2132e+06
3.21123e+06 3.23046e+06 3.25459e+06
3.19882e+06 3.25437e+06 3.24781e+06
3.21086e+06 3.2336e+06 3.24052e+06
3.28653e+06 3.26175e+06 3.1905e+06
3.21364e+06 3.21917e+06 3.24669e+06
3.28348e+06 3.22184e+06 3.21051e+06
3.23135e+06 3.213e+06 3.22597e+06
3.22936e+06 3.23783e+06 3.22772e+06
3.27753e+06 3.21224e+06 3.22328e+06
3.22079e+06 3.25802e+06 3.19713e+06
3.27992e+06 3.22463e+06 3.21061e+06
3.22727e+06 3.27142e+06 3.19318e+06
3.22352e+06 3.27175e+06 3.19663e+06
3.22354e+06 3.25607e+06 3.19361e+06
3.29772e+06 3.19296e+06 3.21837e+06
3.21923e+06 3.32056e+06 3.18906e+06
3.18828e+06 3.27011e+06 3.32317e+06
3.26538e+06 3.20285e+06 3.26046e+06
3.21396e+06 3.23919e+06 3.29359e+06
3.19882e+06 3.27962e+06 3.31403e+06
3.19997e+06 3.2867e+06 3.25621e+06
3.28001e+06 3.20746e+06 3.25361e+06
3.21838e+06 3.21988e+06 3.25815e+06
3.22206e+06 3.23302e+06 3.25769e+06
3.20587e+06 3.24363e+06 3.24388e+06
3.26063e+06 3.21148e+06 3.2373e+06
3.23789e+06 3.21451e+06 3.23043e+06
3.22242e+06 3.27934e+06 3.19562e+06
3.25259e+06 3.26178e+06 3.20106e+06
3.22627e+06 3.25596e+06 3.20615e+06
3.26304e+06 3.27026e+06 3.1972e+06
3.25062e+06 3.21341e+06 3.22653e+06
3.27937e+06 3.24194e+06 3.20351e+06
3.25761e+06 3.20768e+06 3.24195e+06
3.21488e+06 3.2576e+06 3.2151e+06
3.24356e+06 3.24069e+06 3.21837e+06
3.20874e+06 3.2851e+06 3.22432e+06
3.21226e+06 3.2685e+06 3.21651e+06
3.21343e+06 3.25162e+06 3.21948e+06
3.20453e+06 3.25279e+06 3.25596e+06
3.23025e+06 3.24323e+06 3.20356e+06
3.23583e+06 3.24206e+06 3.24278e+06
3.2399e+06 3.25857e+06 3.20295e+06
3.21054e+06 3.26103e+06 3.22212e+06
3.22551e+06 3.25983e+06 3.2045e+06
3.31101e+06 3.20432e+06 3.23388e+06
3.24705e+06 3.29452e+06 3.19592e+06
3.22022e+06 3.24359e+06 3.27365e+06
3.20571e+06 3.31439e+06 3.25723e+06
3.29008e+06 3.2101e+06 3.24373e+06
3.27987e+06 3.22437e+06 3.22854e+06
3.22669e+06 3.23205e+06 3.26325e+06
3.27154e+06 3.28212e+06 3.19923e+06
3.24109e+06 3.30616e+06 3.19697e+06
3.2875e+06 3.28306e+06 3.19662e+06
3.26981e+06 3.27015e+06 3.20581e+06
3.23143e+06 3.2449e+06 3.22692e+06
3.26316e+06 3.21488e+06 3.24957e+06
3.21798e+06 3.25838e+06 3.21578e+06
3.24254e+06 3.21732e+06 3.25719e+06
3.23989e+06 3.25538e+06 3.21372e+06
3.2569e+06 3.27128e+06 3.21064e+06
3.24083e+06 3.23683e+06 3.23828e+06
3.25864e+06 3.24582e+06 3.2074e+06
3.24952e+06 3.25087e+06 3.22185e+06
3.21097e+06 3.26635e+06 3.22387e+06
3.20839e+06 3.25125e+06 3.25235e+06
3.21443e+06 3.26538e+06 3.22e+06
3.25643e+06 3.21559e+06 3.23244e+06
3.26517e+06 3.24161e+06 3.21962e+06
3.24595e+06 3.23256e+06 3.23541e+06
3.24665e+06 3.22883e+06 3.25123e+06
3.22773e+06 3.25748e+06 3.21453e+06
3.24078e+06 3.2395e+06 3.23443e+06
3.2406e+06 3.2512e+06 3.21133e+06
3.26348e+06 3.24576e+06 3.22158e+06
3.31766e+06 3.21901e+06 3.2525e+06
3.2887e+06 3.25754e+06 3.20946e+06
3.2403e+06 3.32968e+06 3.21658e+06
3.22621e+06 3.24866e+06 3.28046e+06
3.20882e+06 3.26162e+06 3.26747e+06
3.24987e+06 3.30123e+06 3.21154e+06
3.21215e+06 3.27241e+06 3.2309e+06
3.27953e+06 3.22888e+06 3.24299e+06
3.27495e+06 3.23918e+06 3.2386e+06
3.27912e+06 3.22497e+06 3.26398e+06
3.23118e+06 3.28506e+06 3.22598e+06
3.22236e+06 3.25249e+06 3.27351e+06
3.29322e+06 3.22082e+06 3.27768e+06
3.23478e+06 3.29101e+06 3.22248e+06
3.30456e+06 3.24162e+06 3.22907e+06
3.30267e+06 3.22547e+06 3.24739e+06
3.25299e+06 3.25142e+06 3.23369e+06
3.23505e+06 3.24812e+06 3.24925e+06
3.24433e+06 3.25365e+06 3.21626e+06
3.25995e+06 3.22561e+06 3.27792e+06
3.25869e+06 3.24517e+06 3.22761e+06
3.26821e+06 3.24955e+06 3.22362e+06
3.25027e+06 3.25238e+06 3.2207e+06
3.25375e+06 3.24934e+06 3.24063e+06
3.26997e+06 3.24302e+06 3.22465e+06
3.25937e+06 3.25557e+06 3.21339e+06
3.26981e+06 3.24878e+06 3.21385e+06
3.3277e+06 3.28066e+06 3.21826e+06
3.28371e+06 3.23356e+06 3.24627e+06
3.26358e+06 3.23476e+06 3.29346e+06
3.23936e+06 3.33384e+06 3.23396e+06
3.22261e+06 3.27712e+06 3.24352e+06
3.23341e+06 3.27146e+06 3.27097e+06
3.24646e+06 3.2918e+06 3.23032e+06
3.2726e+06 3.25097e+06 3.28108e+06
3.30155e+06 3.25118e+06 3.23495e+06
3.23547e+06 3.26656e+06 3.25185e+06
3.28359e+06 3.24312e+06 3.24733e+06
3.26335e+06 3.25931e+06 3.22356e+06
3.25351e+06 3.28671e+06 3.23433e+06
3.2792e+06 3.25157e+06 3.22895e+06
3.26085e+06 3.25752e+06 3.2432e+06
3.24847e+06 3.26408e+06 3.23601e+06
3.24359e+06 3.25361e+06 3.24993e+06
3.24484e+06 3.26845e+06 3.23793e+06
3.26991e+06 3.25178e+06 3.23211e+06
3.25657e+06 3.26688e+06 3.23284e+06
3.33309e+06 3.28725e+06 3.22978e+06
3.28324e+06 3.25302e+06 3.24709e+06
3.28069e+06 3.30072e+06 3.22801e+06
3.25362e+06 3.25692e+06 3.25121e+06
3.24658e+06 3.27639e+06 3.23845e+06
3.27946e+06 3.26683e+06 3.23314e+06
3.25186e+06 3.27104e+06 3.24094e+06
3.25288e+06 3.26828e+06 3.23702e+06
3.28413e+06 3.25862e+06 3.24752e+06
3.26634e+06 3.28538e+06 3.23756e+06
3.24991e+06 3.29375e+06 3.26486e+06
3.25911e+06 3.2688e+06 3.25533e+06
3.28228e+06 3.26032e+06 3.26292e+06
3.26686e+06 3.26857e+06 3.24357e+06
3.25478e+06 3.27967e+06 3.24836e+06
3.29372e+06 3.25922e+06 3.25046e+06
3.27667e+06 3.31423e+06 3.26908e+06
3.25754e+06 3.30356e+06 3.29935e+06
3.28118e+06 3.27055e+06 3.28514e+06
3.28912e+06 3.26661e+06 3.26522e+06
3.26681e+06 3.26964e+06 3.2868e+06
3.31159e+06 3.29702e+06 3.26038e+06
3.30686e+06 3.30718e+06 3.27807e+06
3.26759e+06 3.27301e+06 3.30061e+06
