312 27.1371
844720 1.38068e+06
1.4475e+06 827229
1.42761e+06 830302
876976 1.23141e+06
1.44507e+06 827298
991020 1.01106e+06
1.04223e+06 961593
845085 1.37709e+06
1.44836e+06 826380
991020 1.01106e+06
1.04258e+06 960825
876825 1.23194e+06
1.42761e+06 830302
877830 1.23004e+06
1.04223e+06 961593
844256 1.37728e+06
1.4475e+06 827229
995256 1.00676e+06
1.04258e+06 960825
876825 1.23194e+06
1.42571e+06 830511
989464 1.01593e+06
1.04223e+06 961593
844881 1.37802e+06
1.43951e+06 827640
990720 1.01249e+06
1.04258e+06 960825
845085 1.37709e+06
1.42761e+06 830302
876976 1.23141e+06
1.0423e+06 961697
844720 1.38068e+06
1.4475e+06 827229
995111 1.00784e+06
1.04258e+06 960825
876976 1.23141e+06
1.44335e+06 827578
989464 1.01593e+06
1.04223e+06 961593
844892 1.3771e+06
1.44008e+06 827620
991020 1.01106e+06
1.0423e+06 961697
845085 1.37709e+06
1.42761e+06 830302
876976 1.23141e+06
1.04214e+06 961643
844892 1.3771e+06
1.44507e+06 827298
991020 1.01106e+06
1.04258e+06 960825
876825 1.23194e+06
1.42761e+06 830302
877830 1.23004e+06
1.04171e+06 960905
844892 1.3771e+06
1.44008e+06 827620
991020 1.01106e+06
1.04223e+06 961593
845085 1.37709e+06
1.42761e+06 830302
876976 1.23141e+06
1.0423e+06 961697
844384 1.38363e+06
1.44836e+06 826380
995111 1.00784e+06
1.04258e+06 960825
876976 1.23141e+06
1.44507e+06 827298
991020 1.01106e+06
1.04223e+06 961593
844892 1.3771e+06
1.43951e+06 827640
991020 1.01106e+06
1.04258e+06 960825
876825 1.23194e+06
1.42761e+06 830302
876976 1.23141e+06
1.04223e+06 961593
844256 1.37728e+06
1.44836e+06 826380
995256 1.00676e+06
1.04258e+06 960825
876825 1.23194e+06
1.42571e+06 830511
877830 1.23004e+06
1.04171e+06 960905
844892 1.3771e+06
1.44008e+06 827620
991020 1.01106e+06
1.04258e+06 960825
845085 1.37709e+06
1.42761e+06 830302
876976 1.23141e+06
1.0423e+06 961697
844892 1.3771e+06
1.4475e+06 827229
991431 1.01155e+06
1.0423e+06 961697
876976 1.23141e+06
1.42571e+06 830511
989464 1.01593e+06
1.04223e+06 961593
844892 1.3771e+06
1.43951e+06 827640
991020 1.01106e+06
1.04258e+06 960825
845085 1.37709e+06
1.42761e+06 830302
876976 1.23141e+06
1.04214e+06 961643
844720 1.38068e+06
1.44836e+06 826380
991020 1.01106e+06
1.04258e+06 960825
876825 1.23194e+06
1.42761e+06 830302
876976 1.23141e+06
1.04171e+06 960905
844256 1.37728e+06
1.44008e+06 827620
991020 1.01106e+06
1.04223e+06 961593
845085 1.37709e+06
1.42761e+06 830302
876976 1.23141e+06
1.0423e+06 961697
844862 1.38012e+06
1.4475e+06 827229
991356 1.01144e+06
1.04258e+06 960825
876976 1.23141e+06
1.44008e+06 827620
991020 1.01106e+06
1.04223e+06 961593
845085 1.37709e+06
1.43951e+06 827640
991020 1.01106e+06
1.0423e+06 961697
876825 1.23194e+06
1.42761e+06 830302
876976 1.23141e+06
1.04223e+06 961593
844892 1.3771e+06
1.44507e+06 827298
995256 1.00676e+06
1.04258e+06 960825
876825 1.23194e+06
1.42761e+06 830302
877830 1.23004e+06
1.04223e+06 961593
844881 1.37802e+06
1.43951e+06 827640
991020 1.01106e+06
1.04258e+06 960825
845085 1.37709e+06
1.42761e+06 830302
876976 1.23141e+06
1.0423e+06 961697
844384 1.38363e+06
1.4475e+06 827229
995111 1.00784e+06
1.04258e+06 960825
876976 1.23141e+06
1.44335e+06 827578
989464 1.01593e+06
1.04223e+06 961593
845085 1.37709e+06
1.44836e+06 826380
991020 1.01106e+06
1.04258e+06 960825
845085 1.37709e+06
1.42761e+06 830302
876976 1.23141e+06
1.04223e+06 961593
844720 1.38068e+06
1.44507e+06 827298
991020 1.01106e+06
1.04258e+06 960825
876825 1.23194e+06
1.42761e+06 830302
877830 1.23004e+06
1.04223e+06 961593
844892 1.3771e+06
1.44008e+06 827620
990201 1.01474e+06
1.04258e+06 960825
845085 1.37709e+06
1.42761e+06 830302
876976 1.23141e+06
1.0423e+06 961697
844384 1.38363e+06
1.44836e+06 826380
991356 1.01144e+06
1.04258e+06 960825
876976 1.23141e+06
1.44507e+06 827298
989464 1.01593e+06
1.04223e+06 961593
844892 1.3771e+06
1.43951e+06 827640
991020 1.01106e+06
1.04258e+06 960825
845085 1.37709e+06
1.42761e+06 830302
876976 1.23141e+06
1.04214e+06 961643
844892 1.3771e+06
1.44507e+06 827298
991020 1.01106e+06
1.04258e+06 960825
876825 1.23194e+06
1.42761e+06 830302
877830 1.23004e+06
1.04223e+06 961593
844892 1.3771e+06
1.44008e+06 827620
991020 1.01106e+06
1.04223e+06 961593
845085 1.37709e+06
1.42761e+06 830302
876976 1.23141e+06
1.0423e+06 961697
844720 1.38068e+06
1.4475e+06 827229
991431 1.01155e+06
1.0423e+06 961697
876976 1.23141e+06
1.42571e+06 830511
989464 1.01593e+06
1.04223e+06 961593
845085 1.37709e+06
1.44008e+06 827620
991020 1.01106e+06
1.0423e+06 961697
845085 1.37709e+06
1.42761e+06 830302
876976 1.23141e+06
1.04214e+06 961643
844720 1.38068e+06
1.43951e+06 827640
991020 1.01106e+06
1.04258e+06 960825
876825 1.23194e+06
1.42761e+06 830302
876976 1.23141e+06
1.04171e+06 960905
844892 1.3771e+06
1.44008e+06 827620
989464 1.01593e+06
1.04258e+06 960825
845085 1.37709e+06
1.42761e+06 830302
876976 1.23141e+06
1.0423e+06 961697
844881 1.37802e+06
1.44523e+06 827392
991356 1.01144e+06
1.42761e+06 830302
876976 1.23141e+06
1.44507e+06 827298
989464 1.01593e+06
1.04258e+06 960825
845085 1.37709e+06
1.44836e+06 826380
991356 1.01144e+06
1.04258e+06 960825
876825 1.23194e+06
1.42761e+06 830302
876976 1.23141e+06
1.04214e+06 961643
844256 1.37728e+06
1.44836e+06 826380
991020 1.01106e+06
1.04258e+06 960825
876825 1.23194e+06
1.42761e+06 830302
877830 1.23004e+06
1.04223e+06 961593
844881 1.37802e+06
1.44008e+06 827620
991020 1.01106e+06
1.04258e+06 960825
845085 1.37709e+06
1.42761e+06 830302
876976 1.23141e+06
1.04214e+06 961643
844892 1.3771e+06
1.44523e+06 827392
995111 1.00784e+06
1.04258e+06 960825
876976 1.23141e+06
1.44008e+06 827620
991020 1.01106e+06
1.04223e+06 961593
845085 1.37709e+06
1.43951e+06 827640
991020 1.01106e+06
1.04258e+06 960825
845085 1.37709e+06
1.42761e+06 830302
876976 1.23141e+06
1.04171e+06 960905
844720 1.38068e+06
1.44507e+06 827298
995111 1.00784e+06
1.0423e+06 961697
876825 1.23194e+06
1.42571e+06 830511
877830 1.23004e+06
1.04223e+06 961593
844892 1.3771e+06
1.44008e+06 827620
991020 1.01106e+06
1.04223e+06 961593
845085 1.37709e+06
1.42761e+06 830302
876976 1.23141e+06
1.0423e+06 961697
844720 1.38068e+06
1.44836e+06 826380
991356 1.01144e+06
1.0423e+06 961697
876976 1.23141e+06
1.44008e+06 827620
991020 1.01106e+06
1.04223e+06 961593
845085 1.37709e+06
1.44836e+06 826380
990720 1.01249e+06
1.04258e+06 960825
845085 1.37709e+06
1.42761e+06 830302
876976 1.23141e+06
1.04223e+06 961593
844892 1.3771e+06
1.44507e+06 827298
991020 1.01106e+06
1.04258e+06 960825
876825 1.23194e+06
1.42571e+06 830511
877830 1.23004e+06
1.04223e+06 961593
844256 1.37728e+06
1.43951e+06 827640
993331 1.0099e+06
1.04223e+06 961593
845085 1.37709e+06
1.42761e+06 830302
876976 1.23141e+06
1.0423e+06 961697
844384 1.38363e+06
1.44523e+06 827392
995256 1.00676e+06
1.04258e+06 960825
876976 1.23141e+06
1.42761e+06 830302
989464 1.01593e+06
1.04223e+06 961593
845085 1.37709e+06
1.44836e+06 826380
990720 1.01249e+06
1.04258e+06 960825
845085 1.37709e+06
1.42761e+06 830302
876976 1.23141e+06
1.04171e+06 960905
844892 1.3771e+06
1.44836e+06 826380
991356 1.01144e+06
1.04258e+06 960825
876825 1.23194e+06
1.42761e+06 830302
876976 1.23141e+06
1.04223e+06 961593
844256 1.37728e+06
1.44507e+06 827298
991020 1.01106e+06
1.04223e+06 961593
845085 1.37709e+06
1.42761e+06 830302
876976 1.23141e+06
1.0423e+06 961697
844862 1.38012e+06
1.44836e+06 826380
995111 1.00784e+06
1.04258e+06 960825
876976 1.23141e+06
1.44507e+06 827298
991020 1.01106e+06
1.04258e+06 960825
845085 1.37709e+06
1.43951e+06 827640
991020 1.01106e+06
1.04258e+06 960825
876825 1.23194e+06
1.42571e+06 830511
876976 1.23141e+06
1.04223e+06 961593
844892 1.3771e+06
1.44507e+06 827298
995256 1.00676e+06
1.04258e+06 960825
876825 1.23194e+06
1.42761e+06 830302
877830 1.23004e+06
1.04223e+06 961593
844892 1.3771e+06
1.43951e+06 827640
991020 1.01106e+06
1.04223e+06 961593
845085 1.37709e+06
1.42761e+06 830302
876976 1.23141e+06
1.0423e+06 961697
844384 1.38363e+06
1.44836e+06 826380
991356 1.01144e+06
1.04258e+06 960825
876976 1.23141e+06
1.44008e+06 827620
989464 1.01593e+06
1.04223e+06 961593
845085 1.37709e+06
1.44008e+06 827620
991020 1.01106e+06
1.04258e+06 960825
845085 1.37709e+06
1.42761e+06 830302
876976 1.23141e+06
1.04171e+06 960905
844384 1.38363e+06
1.44507e+06 827298
991020 1.01106e+06
1.04258e+06 960825
876825 1.23194e+06
1.42761e+06 830302
876976 1.23141e+06
1.04214e+06 961643
844256 1.37728e+06
1.44507e+06 827298
991020 1.01106e+06
1.04258e+06 960825
845085 1.37709e+06
1.42761e+06 830302
876976 1.23141e+06
1.0423e+06 961697
844881 1.37802e+06
