16845 107.496
130333 141773 131086
117070 112352 110182
138138 122393 122383
131882 111605 108495
108850 105124 97608
120022 119760 99375
148194 126513 118712
128710 116922 100192
121762 118514 94449
108808 122412 118081
128697 119733 119107
142923 103657 99153
148401 126291 126359
126249 121126 114010
133181 109412 102061
115659 112774 100178
142043 112202 101616
133436 115374 108628
112799 110401 108942
116875 141070 104784
134489 109162 113284
129665 114966 108485
98037 123638 104878
117260 113630 107382
135326 99880 118642
134538 94450 109010
139354 139821 125443
107270 123109 112422
125760 107774 102353
139937 138956 137334
145966 104949 116906
127866 101632 120350
131389 112998 98708
112647 121433 105614
136782 95111 98662
123841 112270 103976
119156 103076 108709
126296 114471 107624
109853 126304 99505
127751 130549 99141
145158 136408 138420
113854 122548 106260
132909 110476 103878
128923 130745 103834
128714 131472 93231
127659 120965 91138
134816 112727 106785
119461 118625 119023
117159 133346 124622
143607 110277 127750
110002 108541 105575
135854 107092 97917
111781 108826 97247
139900 96667 106757
131181 129923 122507
147295 142894 107039
125003 111400 111646
129706 120253 115700
109155 124878 106093
119568 130751 117353
112284 115722 106309
117889 125164 102006
118754 100998 105264
126050 112613 99683
122856 110490 113006
119745 109924 116804
114480 123733 101678
125582 128777 104480
141944 106410 107662
131174 138966 99779
128859 128011 115355
141153 103764 105740
114587 101401 98458
110079 116718 108508
123086 106912 91902
143776 106311 107842
142387 101571 100735
135084 148965 119789
119702 131953 101918
119571 111912 111194
119446 114890 119132
98747 122644 114366
124317 118685 88362
130153 108404 106744
126836 105514 113530
125884 110375 117319
137615 99523 104509
152376 145020 109352
137986 125255 95613
126417 112436 101353
112702 119562 107486
137665 96944 100581
124028 123108 90517
146988 113649 134670
140015 104788 103916
110792 139380 120993
108475 137610 120727
137792 123361 121927
144932 137093 140866
126097 104245 105163
133926 111998 105237
127707 109645 104640
130642 103930 112995
125006 115619 94875
124611 118556 102029
125432 116746 103990
116432 105360 106099
145335 97615 101615
125029 108594 112947
121397 113180 102746
148236 139248 90557
124684 105429 103121
115990 101570 103836
136368 111991 98891
114704 126076 104927
103397 114198 114454
147873 110181 105261
107274 104242 92807
132812 107440 103395
122085 108308 97633
102418 115635 122228
142119 122163 126305
128595 117080 107564
117922 109908 96218
105227 116391 101579
141805 123235 131297
113559 110225 106768
146711 95393 105277
127069 111952 101608
141196 110224 107851
121118 110372 100816
131219 106408 114096
151298 141055 107470
112266 121205 101262
126469 114988 111758
118057 102829 113357
108805 104717 95129
139288 100268 115872
132765 126307 134958
120271 132058 125984
109239 119173 102462
127131 111440 109938
119376 123849 98284
118505 112245 115150
129928 116069 96682
140611 114064 104244
135617 105254 109180
116992 112610 115155
122125 111348 101296
113254 111445 114107
133220 112062 105263
110131 124204 98708
139623 93601 107855
117677 120852 105285
106498 121156 109716
136296 102563 102429
130230 122459 102413
141285 132618 99234
140132 117954 101292
135430 94642 104464
93112 123243 108702
145929 109084 100194
139178 141197 103231
131638 109861 95855
111672 97590 106846
131784 110759 111867
108179 106665 101734
151403 137985 102445
110274 121227 103503
111935 102889 102867
113489 120073 107847
125011 125062 91503
111787 148533 107690
132578 118086 99568
103873 121050 104637
125682 122706 100666
135106 93544 111859
122232 107715 103284
127597 128231 95671
118347 102581 103066
144199 135730 140346
132603 107401 113716
104736 120246 106187
128790 107405 100342
122491 124773 100950
112075 141719 120531
124008 112594 104090
126720 134561 128213
122953 140982 115981
126443 122399 120834
132156 146263 106606
128718 113509 95767
133716 112161 94310
133584 114189 89393
123561 153095 133613
127208 123630 122124
111480 120796 100397
129256 147796 130539
105128 110256 100408
137140 136417 119975
127888 99575 107872
108295 113702 97845
107553 116554 105580
110384 117450 107184
134454 96320 103679
115017 113296 105565
125426 137457 120009
146359 100506 104352
123560 104034 103301
149918 121570 105162
112283 116536 122335
106900 122210 116498
140684 106694 99379
124966 121923 100641
104313 120509 101961
131056 108949 95869
142973 106227 108040
109635 122506 115889
121932 113380 102212
134187 112502 109364
130168 115227 105530
117472 101016 110452
127835 119354 84336
89536 122591 106082
127093 124829 114415
126760 116506 105209
112638 108172 108317
101897 119554 109337
125689 117453 83351
127609 113602 108458
112621 126495 109263
121421 108748 107751
128096 111999 102260
104555 112531 99685
117502 104715 112872
111431 138731 112481
127823 110716 104239
142756 113696 102265
106984 118231 116188
117511 111098 90272
121031 123895 124084
119400 113261 103935
129455 112000 87200
131805 114041 108146
121642 143316 111864
128132 133023 104452
134136 108817 97547
128180 109808 111456
