9 0.0158348
149444 159229
149444 159229
149444 159229
149444 159229
150542 157585
149444 159229
150542 157585
149444 159229
147156 160153
150026 158517
149340 159738
144455 161155
149444 159229
150003 159208
142272 162835
149444 159229
149444 159229
146876 160482
150542 157585
149444 159229
150542 157585
149444 159229
151052 144833
150542 157585
146876 160482
147156 160153
142459 161521
149444 159229
149444 159229
149444 159229
149340 159738
149340 159738
142272 162835
146876 160482
150003 159208
150542 157585
149444 159229
154115 145335
153998 149140
154115 145335
157109 145052
154115 145335
154115 145335
157109 145052
154115 145335
157109 145052
153998 149140
154115 145335
154115 145335
152141 151969
154115 145335
153998 149140
143156 162732
142312 177035
142312 177035
142312 177035
142312 177035
142312 177035
149490 159833
153293 152868
152240 159267
153293 152868
153623 152605
152389 155522
154615 146588
160626 146012
160626 146012
143749 166930
144387 165604
144387 165604
144387 165604
145679 163634
145679 163634
144463 165001
144387 165604
143749 166930
144387 165604
144387 165604
147129 163243
143749 166930
151004 160220
151004 160220
151004 160220
151004 160220
151004 160220
149670 160463
151004 160220
151004 160220
149670 160463
151004 160220
151004 160220
151004 160220
151200 159889
151004 160220
151004 160220
151004 160220
149670 160463
151004 160220
144379 166935
144379 166935
