643 16.3268
353575 273305
280428 318188
280428 318188
353575 273305
309060 273604
290469 298052
307396 289980
309060 273604
296328 295270
290469 298052
280428 318188
301886 291803
300937 293608
296328 295270
290469 298052
301886 291803
300937 293608
309060 273604
301886 291803
300937 293608
309060 273604
353575 273305
353575 273305
309060 273604
309060 273604
309060 273604
309060 273604
309060 273604
309060 273604
309060 273604
309060 273604
309060 273604
309060 273604
301886 291803
301886 291803
301886 291803
301886 291803
300937 293608
300937 293608
300937 293608
300937 293608
300937 293608
300937 293608
300937 293608
300937 293608
296328 295270
290469 298052
290469 298052
290469 298052
290469 298052
280428 318188
280428 318188
280428 318188
280428 318188
280428 318188
280428 318188
280428 318188
280428 318188
342841 278960
291388 308455
291388 308455
309778 290223
313335 282929
304127 308026
343271 287722
292168 313238
307981 312917
313386 295561
326709 288799
325503 292053
314266 294886
336897 290155
299593 326182
328626 293112
304575 320507
311175 314883
317240 296119
313863 307107
315362 303368
316487 296192
314151 304365
334180 295361
309426 321669
321096 296987
316007 306486
312238 317275
328550 297469
310163 326317
314121 322237
316663 318916
322852 306445
319145 310309
316966 310770
325614 301507
324871 305485
326795 298575
347866 297782
316712 321879
343740 303021
327353 303667
319765 312828
321293 310314
325669 304489
354894 303427
317563 326286
338375 303737
319790 317506
317624 322101
322337 312895
331755 309078
336259 307423
327787 309936
327405 312168
324922 312754
337512 305554
317596 324480
336932 306473
317595 324943
352620 304436
319687 323529
342386 304843
320136 317991
334047 311011
328037 312549
322627 313411
341027 310568
340947 310600
323466 313046
344966 306764
320317 327119
339065 311569
323612 317680
328555 312553
321279 324139
325930 314074
344164 310911
344738 310645
349056 307719
322133 325273
345513 308980
330772 313161
326232 322218
327241 315008
330678 314263
350208 311202
326808 325544
333225 314227
326858 322327
328409 316418
330219 315245
351563 314895
328921 331368
333054 315335
329306 323484
330393 321341
332374 316598
332386 315958
333018 316090
329197 334050
330663 324929
332807 318603
329756 328794
332871 317139
337406 316167
331364 343105
333202 341315
333432 319117
333380 323376
343540 318070
333845 328138
341934 319804
334167 329480
340911 329724
335698 335132
335859 334787
352744 333862
336574 340199
343273 338379
342933 342914
344933 344908
247994 181763
247994 181763
247994 181763
247994 181763
247994 181763
247994 181763
247994 181763
247994 181763
247994 181763
247994 181763
247994 181763
247994 181763
247994 181763
247994 181763
247994 181763
247994 181763
247994 181763
247994 181763
247994 181763
247994 181763
247994 181763
247994 181763
247994 181763
247994 181763
247994 181763
247994 181763
247994 181763
247994 181763
247994 181763
247994 181763
247994 181763
247994 181763
247994 181763
247994 181763
247994 181763
247994 181763
247994 181763
247994 181763
247994 181763
247994 181763
247994 181763
247994 181763
247994 181763
247994 181763
247994 181763
247994 181763
247994 181763
247994 181763
247994 181763
247994 181763
247994 181763
247994 181763
247994 181763
247994 181763
247994 181763
247994 181763
253017 192281
253017 192281
248929 201188
329453 281207
300770 309428
304272 300286
320756 282203
314101 292496
308800 296465
317392 287259
350429 284568
306289 315435
318893 287869
335538 284989
312105 302448
309100 315217
310910 303151
324384 289244
306304 324194
308911 315731
322139 292376
312889 309245
319589 303469
313479 305863
319315 304414
330910 290771
312282 322140
316997 306572
324669 293765
322744 303290
315608 315035
330230 291989
323060 301874
315908 314695
337118 293159
316614 319043
318911 307564
323365 307139
325212 296255
330676 294304
335476 293801
328651 294665
348490 293205
317710 323177
322099 309223
325516 297001
319056 312959
330133 295914
337323 294703
340704 293209
344490 295419
319668 332807
325696 297012
321726 313200
319808 329297
323258 310278
341450 297275
323782 315631
329819 297617
326185 309632
326643 302799
325391 313250
327904 300379
328088 299100
330326 298130
324402 321052
327175 308568
325424 318433
327926 303082
330646 298147
324920 325558
326305 319122
329384 305446
327273 312880
328336 308429
327992 309970
327624 312098
337458 298949
327669 314309
329503 308249
327830 312896
332058 304295
334426 301241
331266 304854
334889 300383
348163 299475
327806 315890
330535 308979
330235 315448
342515 299694
331318 306442
333908 304366
339504 300261
336442 301454
335753 302843
347890 299974
329329 329295
339171 303916
330685 312009
332142 308401
335533 306385
335147 307254
357734 300485
331786 318448
343455 306435
333224 310656
337422 309070
340776 307765
339713 310387
333627 319791
336257 310752
334754 316131
346579 311957
334950 342883
336474 318747
337847 311977
347895 313129
337660 321022
339552 315650
340123 313355
344862 314452
340822 327545
350793 317079
345197 320270
243978 188581
243978 188581
243978 188581
243978 188581
243978 188581
243978 188581
243978 188581
243978 188581
243978 188581
243978 188581
243978 188581
243978 188581
243978 188581
243978 188581
243978 188581
243978 188581
243978 188581
243978 188581
243978 188581
243978 188581
243978 188581
243978 188581
243978 188581
243978 188581
243978 188581
243978 188581
243978 188581
243978 188581
243978 188581
243978 188581
243978 188581
243978 188581
243978 188581
243978 188581
243978 188581
243978 188581
243978 188581
243978 188581
243978 188581
243978 188581
243978 188581
243978 188581
243978 188581
243978 188581
243978 188581
243978 188581
243978 188581
243978 188581
243978 188581
243978 188581
243978 188581
243978 188581
243978 188581
243978 188581
243978 188581
243978 188581
253017 192281
253017 192281
248929 201188
339285 278053
307250 320340
331469 284013
325592 288114
308872 304168
316075 288822
307341 313511
312750 300819
314437 292061
312981 296138
333985 286145
312752 305919
317908 295631
326648 288159
314316 301222
320506 293116
324805 290310
313354 303395
312760 304630
336124 286730
312845 305795
317945 295837
327025 292742
328142 290079
355897 289319
312986 324189
329817 293133
318443 301255
314433 310160
313574 312988
319908 296021
318730 297099
348453 293263
314197 315203
330289 297076
319494 305342
315342 314627
320479 299221
320027 303921
326400 297113
321058 297117
331702 297113
317449 328137
322685 298963
330737 297749
319807 312959
319083 326140
322252 312084
322410 304273
336855 297129
317562 335133
321040 315355
331870 299515
323927 302760
322710 303470
334846 297237
332860 299382
323599 303176
363160 298369
321903 320561
335398 298521
322542 315876
323092 306717
332952 301884
331965 303428
327578 303875
326915 306169
327131 305285
345561 298947
322082 324944
325209 307981
335278 302347
323419 316875
342202 301112
337943 301372
338506 301699
324097 322194
329223 310398
325259 311157
335632 304758
335761 303371
339137 302223
325812 314694
336646 309196
331368 310598
326085 312007
339732 304160
326213 312124
338919 310610
336507 311303
351165 305304
326397 319596
328071 312154
341657 308594
327092 315682
346187 305589
344876 307499
334799 312785
327269 317033
328627 313038
339969 313117
327342 338394
329065 325932
336600 313916
330477 314872
328466 329797
331831 314518
344631 313653
331050 318536
336957 314943
332860 317605
360359 314048
331097 320661
343159 315814
341352 317487
332085 319783
347804 316210
333321 332199
336328 324351
339843 320077
345173 316964
245667 190251
245667 190251
245667 190251
245667 190251
245667 190251
245667 190251
245667 190251
245667 190251
245667 190251
245667 190251
245667 190251
245667 190251
245667 190251
245667 190251
245667 190251
245667 190251
245667 190251
245667 190251
245667 190251
245667 190251
245667 190251
245667 190251
245667 190251
245667 190251
245667 190251
245667 190251
245667 190251
245667 190251
245667 190251
245667 190251
245667 190251
245667 190251
245667 190251
245667 190251
245667 190251
245667 190251
245667 190251
245667 190251
245667 190251
245667 190251
245667 190251
245667 190251
245667 190251
245667 190251
245667 190251
245667 190251
245667 190251
245667 190251
245667 190251
245667 190251
245667 190251
245667 190251
245667 190251
245667 190251
245667 190251
245667 190251
253017 192281
253017 192281
248929 201188
325749 273756
302140 301389
321241 277428
320720 293158
316002 296058
308421 297085
305030 297514
328507 287198
303448 321593
321304 291617
312807 300850
305623 318283
309386 304825
325480 290546
311354 303666
333821 288363
307324 321162
325629 293496
316216 302387
311008 320573
332991 289803
311407 309635
313243 309265
322505 298640
321765 301354
333643 289340
345487 288367
311116 325223
311909 310288
326596 295120
334757 292221
335264 289025
317218 304083
323638 301445
319079 303212
325650 298731
339704 290089
311950 311601
321236 307107
316374 310318
327240 298763
336131 294076
327639 295381
323678 301600
334518 295327
322667 303415
312886 310336
346817 294245
314115 314350
329537 295703
340803 294676
316334 311104
321959 307995
329244 301886
323918 304591
328159 302264
325105 302651
324525 302882
324127 304290
335433 297674
314508 315579
317459 311170
325499 304247
331567 298053
329617 301085
315014 314684
328084 303228
325577 303824
339385 297743
317472 317872
330824 301704
326915 306316
323252 313275
318032 313811
329262 305501
322800 313698
340574 299067
319005 314829
328833 311005
331047 305515
339561 303729
323869 313771
327565 313235
335939 303846
332528 304530
350109 300760
321383 315253
333864 306023
347773 304283
342046 304651
335600 305852
349551 304948
323287 324786
336204 310906
326738 316103
337415 306866
323731 317878
344912 306977
324118 320053
340819 313911
342528 306990
338337 316560
327226 317277
326886 317617
339871 316537
359805 307107
324228 327649
349451 309611
345853 316792
342748 320265
328057 320478
327212 324630
350272 312686
329189 321944
351383 312852
329497 330728
329757 324444
333491 325636
344193 328283
340204 331133
344830 330216
