159 158.201
689178 603816 563936
670836 571504 591011
668847 609564 538212
618644 669939 558968
594298 644787 642699
589955 644917 615545
618644 669939 558968
661052 576431 589876
689178 603816 563936
594298 644787 642699
670604 586097 567359
622117 642297 544724
632388 594809 600744
602119 598427 607611
632558 590384 575832
597406 628386 631362
659029 609031 546876
630892 597136 620241
667252 604862 570483
609709 629580 577413
598803 614680 626723
651492 605849 567041
635063 634963 555180
594302 639622 613078
661578 617254 539987
630892 597136 620241
647887 624968 550114
605619 624959 594929
597406 628386 631362
606600 626614 583347
616625 625109 572624
654883 611384 565925
597069 631823 612539
627354 641377 556542
598803 614680 626723
601333 631366 580445
635063 634963 555180
644338 640687 552816
637043 627223 553112
643058 609641 572671
631485 604153 583435
636163 613517 564894
626123 620035 572189
648426 622079 546413
626123 620035 572189
612887 627712 568646
647029 623410 558231
661928 602573 574116
600948 614620 598014
618553 597435 589433
604266 630305 597052
654883 611384 565925
599714 609016 609195
619384 619205 573118
600445 632393 592356
594302 639622 613078
618518 601638 586702
640128 612630 558911
640128 612630 558911
646130 608541 574678
664784 600469 573385
611719 613408 577824
627949 626433 555380
649760 616291 552258
628822 619110 566398
618518 601638 586702
611339 603481 599561
650014 603001 572997
661578 617254 539987
612887 627712 568646
664784 600469 573385
649760 616291 552258
617659 623518 562208
631330 615325 561370
628822 619110 566398
646130 608541 574678
627676 612568 569518
631370 607118 578585
618869 610468 579630
617137 611736 594145
600445 632393 592356
664784 600469 573385
604266 630305 597052
599714 609016 609195
637043 627223 553112
617659 623518 562208
628192 622685 569130
618225 619390 576261
648426 622079 546413
617137 611736 594145
618225 619390 576261
631330 615325 561370
611339 603481 599561
618869 610468 579630
618677 606691 580065
604266 630305 597052
628192 622685 569130
631370 607118 578585
689178 603816 563936
606600 626614 583347
618518 601638 586702
631330 615325 561370
597069 631823 612539
597069 631823 612539
599714 609016 609195
618677 606691 580065
611339 603481 599561
661928 602573 574116
600445 632393 592356
604266 630305 597052
627666 611607 574184
664784 600469 573385
617659 623518 562208
617137 611736 594145
594302 639622 613078
600445 632393 592356
627666 611607 574184
664784 600469 573385
627666 611607 574184
618644 669939 558968
594298 644787 642699
664784 600469 573385
664784 600469 573385
640128 612630 558911
637043 627223 553112
635063 634963 555180
631330 615325 561370
627666 611607 574184
618644 669939 558968
618644 669939 558968
618644 669939 558968
618644 669939 558968
618518 601638 586702
618518 601638 586702
618225 619390 576261
617137 611736 594145
617137 611736 594145
617137 611736 594145
617137 611736 594145
617137 611736 594145
604266 630305 597052
604266 630305 597052
600445 632393 592356
600445 632393 592356
599714 609016 609195
597069 631823 612539
597069 631823 612539
594302 639622 613078
594302 639622 613078
594302 639622 613078
691591 595025 582343
685234 585672 591396
663662 642823 543794
612934 658228 579439
599143 631793 626895
614256 618737 617876
651379 648259 545688
658119 630987 555204
627290 623266 573442
644457 620793 560240
677499 586427 588349
657967 631481 549004
672614 589488 588809
602119 618862 610073
641149 601079 592401
639605 632834 556631
612934 658228 579439
636626 603704 603840
668067 602507 576489
611862 641285 582583
675417 589549 587187
627783 610115 598152
636875 638532 555405
685234 585672 591396
605448 640548 608410
629838 615262 572074
639830 592126 599406
621141 631970 569903
664160 612177 563575
622117 644656 562900
652222 615593 563019
606598 631669 586394
620671 609531 608323
634785 611324 591013
652083 607731 567228
642595 606938 579514
639994 617006 565006
629929 613021 580231
636296 616060 566299
617487 619811 578180
605615 643982 582144
639830 592126 599406
663691 638749 546802
619324 611618 584541
643207 597865 577099
634646 613621 577288
643207 597865 577099
637510 608928 577409
616557 623083 583622
627797 607672 591397
632560 645623 555306
661188 645391 545798
614984 613440 583682
617085 620363 580689
661188 645391 545798
602014 647181 588048
643178 618922 564664
640724 601525 584360
618664 645409 566665
624220 620189 575205
639597 609979 577116
632560 645623 555306
624220 620189 575205
640799 603333 583141
640350 605311 583380
640350 605311 583380
620263 621756 575654
620263 621756 575654
640750 647484 547739
606598 631669 586394
602014 647181 588048
624220 620189 575205
640750 647484 547739
651379 648259 545688
637510 608928 577409
602014 647181 588048
620263 621756 575654
624220 620189 575205
661188 645391 545798
651379 648259 545688
624220 620189 575205
624220 620189 575205
606598 631669 586394
602014 647181 588048
602014 647181 588048
602014 647181 588048
675135 590191 592319
659429 657643 546151
602087 634440 633888
660172 643123 556226
668309 599566 592031
607581 639210 624528
673545 592032 602349
659429 657643 546151
613676 627453 619676
604491 649562 604417
608926 628514 612382
611434 654071 598901
655702 631289 563834
652843 603451 583422
652267 604853 609996
604491 649562 604417
665938 621783 568186
658771 654156 559669
623353 626769 581483
636559 615629 580852
638815 611404 593698
621409 617781 588105
641397 609025 596451
643258 607008 593385
662214 607789 568710
628814 613277 600326
626402 626087 585099
615179 621815 606928
631707 620162 585555
608512 635027 622008
618222 618991 596860
648597 610716 579364
665193 628010 561276
644904 628549 569909
651259 607457 589629
620323 624062 594030
628413 625640 575857
634572 618304 583588
645802 622318 572835
648747 633301 559960
612176 636642 601627
628338 614643 588913
621253 632157 574000
632624 625252 580623
657593 631832 561483
631857 637268 571714
647655 619652 572750
645419 635831 562401
641601 633687 563545
654767 619120 571347
629751 610716 596534
616455 628528 583972
651513 624013 571097
648361 624540 570333
644989 608197 584632
615385 634411 589173
673816 632110 565247
665698 605701 608279
660204 646145 561359
616274 625066 631884
605872 651194 624021
616068 635746 616770
652110 642763 564824
670600 611027 569171
629300 616129 596267
645869 607868 603942
659162 607674 602917
619344 644041 609476
621737 620834 611790
619574 639150 584825
656027 611262 581757
651261 614648 587497
628103 618022 588544
661276 633519 571276
625826 650234 578898
621770 621552 597738
622575 646071 581170
633203 634675 576777
646957 630632 575422
668985 622958 577560
620867 632897 607528
651251 618839 583380
639687 622274 583107
627062 637792 592245
635060 627851 582241
637233 615983 591695
642181 634378 576347
621562 648117 583053
648935 625001 571456
636522 627782 581417
637379 647043 572497
635642 629998 578031
656772 624115 572121
626067 637905 585587
659208 623783 579508
644416 636779 571382
635675 637419 573614
643602 634397 572955
673255 623535 579150
665032 636955 571276
651948 611350 624688
620008 650819 601994
618774 633653 635404
651260 612134 614718
631450 644001 591707
629520 625723 593820
672642 631130 577502
623416 650390 586029
620574 639660 612999
624447 624676 601602
655187 615031 590581
624270 635793 597825
660106 616719 588998
634260 617430 608708
621645 641799 605017
648969 634708 576120
659386 637877 574202
639953 633198 580911
637307 616032 606119
647721 622430 584282
635683 633148 583430
634479 628467 593178
633458 622631 595148
650108 620666 592498
636607 642436 573747
649277 629198 579149
658730 619607 585085
656506 618590 589191
646229 631573 585903
640705 617677 604400
632293 620196 603192
643852 628650 590103
642756 631852 586452
641839 631833 588284
632841 643320 589660
638003 631157 590172
655476 618848 585648
642791 623821 590575
672922 611396 604963
677174 619093 600164
659533 638086 575132
652499 665568 576433
640501 616093 613507
635675 621177 616946
624555 643941 609569
651971 654129 576500
625267 657369 590970
675246 623745 580820
638647 646721 590672
644617 639128 582914
665556 631940 581301
626563 642613 612411
660563 623989 586386
632746 631534 598442
627827 637972 598508
639448 646433 580119
648598 622071 606658
664841 636473 580290
642856 629435 594442
654375 623297 602182
651668 635654 581306
657342 627594 587380
625452 627357 616442
659631 616433 605678
658930 633270 584750
634727 627822 610607
637938 638241 592836
649795 626286 593787
627059 632851 604832
647697 629145 593214
652513 626736 588323
650139 632831 591473
640018 633849 583328
655306 623545 596797
633395 628843 594534
652824 628075 585911
640001 628410 595926
640241 623536 602402
665321 621989 597336
676560 623645 608501
656560 649629 580432
650593 661514 581738
647553 619320 616289
625110 651233 624227
631655 648036 600088
665807 627696 586899
664554 621930 611515
640437 638893 585736
653268 629766 607120
627858 632243 620157
659079 636587 583299
639438 621508 617747
644459 631632 604311
658309 625328 599374
643399 628679 614574
655626 632535 589777
634518 638005 595085
650664 633715 595518
629405 638819 601081
655281 628076 592526
641882 635059 584486
636876 628099 615930
647129 631904 602199
636203 632202 603153
648635 632288 597138
656004 649737 581343
641044 636243 594192
654975 634427 594252
640771 634833 597244
656626 631840 586628
640428 635685 595074
647851 634683 600241
683749 634581 587889
663214 621399 616790
649353 647925 584945
634751 640776 618916
634072 642137 601430
663953 626890 602428
668544 634420 593564
655999 643310 589830
649951 646013 591818
642383 637229 606941
639023 632981 612995
657223 631193 609862
657900 628589 598601
662371 628716 594152
641500 639252 597739
638475 634280 612808
642963 635394 609711
661694 639045 587495
644588 638028 598241
643956 638213 591964
649005 634570 598076
663917 628875 617875
654175 654380 590950
643569 634217 627599
634432 650077 609753
660651 631535 601681
645645 643202 606235
639183 649408 620738
648938 633852 617567
637339 641993 622434
643062 638911 610474
656685 639030 596043
655749 636072 606336
650515 641719 599691
641705 640023 607630
651956 639904 597166
668020 632339 611234
655332 642204 600133
636565 666052 621933
650533 658202 617618
663249 632805 609159
652183 645437 603465
653145 644718 605186
664779 633824 609460
658258 583400 531160
616421 554552 599096
574247 605174 601622
571187 632702 575865
566050 613778 594496
588547 578878 589363
572412 613774 580605
645335 597200 536896
574684 624940 557148
637068 592132 541715
628892 597506 537234
587073 573280 596942
593928 619797 549755
597429 562331 567104
605413 571047 561549
623451 598693 534765
632504 565827 543913
656418 609427 533660
573386 621075 570212
612420 557854 576440
614711 582293 543456
612420 557854 576440
625630 596718 541210
621222 564556 556090
580233 620026 561270
595402 572973 555028
583298 586516 563831
650061 586140 538626
597429 562331 567104
581859 590947 559882
599634 623990 545404
592948 574924 559232
616881 580279 543200
656933 615894 532536
599053 609449 552804
571917 622754 577095
585026 581466 571890
611276 606570 536428
578923 624448 563045
601482 615868 551732
633541 593524 542917
607160 571988 559232
572412 613774 580605
654041 585222 539676
658258 583400 531160
585779 587225 561997
584602 604489 553523
621222 564556 556090
635779 590518 542579
604338 587976 554764
586298 574063 591587
588547 578878 589363
602959 600959 548165
585026 581466 571890
611276 606570 536428
607966 588578 547407
654041 585222 539676
651296 592898 538464
607966 588578 547407
588181 585109 567941
586298 574063 591587
609225 585596 553618
651296 592898 538464
588181 585109 567941
574684 624940 557148
574247 605174 601622
625630 596718 541210
574489 585910 569915
624639 576444 552564
597270 591253 553076
607444 600112 550525
635033 577684 542587
588398 603069 552933
631711 565354 554530
571917 622754 577095
583298 586516 563831
592948 574924 559232
624639 576444 552564
635033 577684 542587
608881 599325 544269
574247 605174 601622
616881 580279 543200
602959 600959 548165
601995 622250 549410
656933 615894 532536
608881 599325 544269
607444 600112 550525
632504 565827 543913
633541 593524 542917
631711 565354 554530
588398 603069 552933
656418 609427 533660
599798 590728 553899
578923 624448 563045
599053 609449 552804
650061 586140 538626
605413 571047 561549
611537 581654 553113
602959 600959 548165
601995 622250 549410
601482 615868 551732
601995 622250 549410
586298 574063 591587
599593 598364 552523
607160 571988 559232
621222 564556 556090
631711 565354 554530
578923 624448 563045
656933 615894 532536
599798 590728 553899
625630 596718 541210
605413 571047 561549
599593 598364 552523
574247 605174 601622
611537 581654 553113
635779 590518 542579
574489 585910 569915
597270 591253 553076
599593 598364 552523
599798 590728 553899
574684 624940 557148
658258 583400 531160
656418 609427 533660
656418 609427 533660
656418 609427 533660
635033 577684 542587
632504 565827 543913
631711 565354 554530
624639 576444 552564
621222 564556 556090
612420 557854 576440
605413 571047 561549
602959 600959 548165
601995 622250 549410
599593 598364 552523
588547 578878 589363
586298 574063 591587
574684 624940 557148
574684 624940 557148
574247 605174 601622
574247 605174 601622
571917 622754 577095
665999 605070 538266
653206 616253 535378
625363 555907 607188
599734 573336 622184
579972 633333 573724
571187 633076 577921
606233 563717 597015
654917 575278 547342
602079 569070 591086
625363 555907 607188
577137 625748 580901
575099 614967 595910
644023 593034 542828
588334 616551 560290
665999 605070 538266
613862 568581 590170
647397 576229 562037
630569 561004 585903
582409 623895 561209
642876 581327 544716
608975 609312 545173
592226 605778 565498
631485 568127 582725
619330 607839 538664
632743 574783 577749
582223 591763 567399
630569 561004 585903
619888 584251 551823
641009 564001 577904
638987 576600 570224
579842 619302 580405
598086 594009 558321
572605 616798 583227
614413 602966 548727
638095 609308 536216
607260 619450 549055
601053 586418 578450
614939 583474 563586
639293 599341 549682
580578 596479 585641
616318 596978 552780
623837 612027 536306
594341 598192 562490
596924 600908 556093
608099 583616 577051
618349 578032 556288
615494 579264 561266
625363 555907 607188
600645 587467 556341
596305 624766 557670
595206 590756 581592
592727 590098 583969
581336 611229 583172
623837 612027 536306
625363 555907 607188
606932 606293 553766
639776 576684 554681
598561 584343 580805
654272 608666 535462
608621 589176 554240
601291 615386 556044
606342 589217 555333
598475 589994 577541
571187 633076 577921
653206 616253 535378
582409 623895 561209
582409 623895 561209
625363 555907 607188
625363 555907 607188
582409 623895 561209
582409 623895 561209
571187 633076 577921
654508 604606 553256
625191 564277 598314
619343 576156 602418
609546 616795 546784
583406 625420 566328
582391 617184 591581
613950 587493 583653
592205 622643 571089
602162 608390 562188
642633 577162 597139
597375 610375 557733
638808 590015 558951
585573 604517 579088
616524 613825 550975
633969 595548 555433
629619 600443 556326
622843 584434 565879
644280 604344 553591
617083 580674 566913
608736 588763 577302
583121 624852 571331
618483 591440 563171
613431 604797 555603
643117 582280 555186
620829 604114 556376
605232 600444 557983
605893 592837 556930
591663 592334 571311
607530 590119 578269
620399 613411 553282
633437 592632 555909
604282 592303 577810
656285 595698 559706
638921 636826 547425
632209 572328 603929
583191 646181 592899
612616 618884 549210
643976 589777 560855
638136 578674 603170
592196 624334 578003
590333 609656 587777
597475 630279 570468
631094 614909 555002
620121 582541 598013
587460 617264 579214
584195 633766 569210
625639 582768 583712
623816 588704 581041
595870 604557 575777
605931 607490 574351
628484 581725 600450
633146 583964 568550
633445 580982 574238
606115 602428 569839
601363 616498 561940
626028 596516 557048
607787 592944 566560
618583 589557 572733
615241 592520 573519
599109 613407 567095
622144 588466 587002
602801 594091 576983
602616 611501 564259
606560 603136 558683
598832 594795 586968
611538 596116 557426
593112 595559 576384
629631 590954 568773
598212 612363 575110
607586 616143 557521
628924 610722 556079
619014 594431 564987
627485 594245 561058
622005 589469 575511
626089 581966 573676
619334 611303 556137
619259 592273 569073
652833 592508 562500
644044 621336 551662
642036 576556 607278
629119 584612 614399
585494 636491 573417
609587 593094 598646
619627 590005 608009
587819 630212 583856
647390 591108 566272
588597 628408 587250
632258 601323 557265
607555 615751 574833
596941 605018 594361
637221 598623 563392
588135 626417 590086
594235 606211 582864
614432 619811 560837
601385 608136 582332
639913 596357 559752
627031 587767 585181
615728 610853 561457
624378 592708 584203
629557 593572 570105
598908 597103 586532
594895 605986 595865
632059 625992 552439
627060 595635 565519
621264 593565 581793
631968 587548 582636
615039 604927 563449
603370 626680 568949
596608 613165 579641
616886 600464 558669
614003 613739 561383
609076 594052 577916
611438 597543 575992
616221 622760 560130
605554 621253 563382
609539 606813 567806
612511 605891 575252
602084 601924 579779
605783 599009 579841
643508 624245 551969
602269 625436 574186
603032 599936 579440
616845 623841 558203
601901 627223 575637
619816 593668 578931
601503 601599 580575
643629 593170 576092
605655 594708 586650
616740 593770 566962
615180 600980 562496
602375 601055 578116
615010 601347 574538
664131 595173 566148
646726 623724 555023
618452 593317 612008
610825 635955 569105
595676 625355 583408
651715 615564 557582
603596 625799 576457
635604 595299 595793
628568 599484 565843
607136 598276 602829
615490 613207 574886
609532 621255 569412
608713 609430 578408
637796 593573 575802
612111 615029 571761
643247 598310 564419
596597 617526 583048
617602 602016 561975
598786 605807 601832
623984 601905 558844
616831 598548 588513
598181 608125 584401
607477 596908 599651
621006 595404 584930
651029 599751 563828
619867 596148 593650
610063 616577 574405
622577 597673 568830
600210 614489 582369
603554 604678 592070
603967 604925 580651
607906 596759 590607
602416 615282 581922
605345 598401 591978
617333 600129 577709
617969 601444 576967
623416 596357 583544
608346 601777 581385
654142 593737 584210
629707 620003 562296
611776 600292 595817
611751 641255 576530
597845 633891 584853
600157 626384 590492
629217 613014 569852
641662 598422 578743
625044 619873 564634
617590 623446 570993
647178 602726 563442
632642 596694 591357
605867 610869 592414
611431 634916 577483
614383 618703 579435
621689 603119 573760
610641 607172 580664
618070 610480 573531
601224 611827 585805
614546 615114 577052
607758 605695 583077
609496 604711 582717
618420 600428 578936
622544 598946 588283
624134 602478 578099
616138 597532 591825
624668 598892 586312
632153 598939 581293
629327 597055 588558
612323 604263 588398
632507 603626 563216
630045 599978 584993
630550 599981 580872
615171 611648 578797
624462 598556 588421
643148 597783 591364
641286 612405 563454
624713 633486 573894
603515 616183 604759
636370 626880 566181
633059 608501 572174
608476 621946 592960
626800 603216 574682
638687 603742 567597
608996 621229 583119
620888 617078 578261
613015 602813 597556
618726 603108 584206
637470 617567 564994
615257 614033 579770
611196 613407 593455
618476 601256 603816
612748 604638 602588
611766 608415 581532
626542 598025 599011
623781 599409 592455
624816 610621 579797
624987 605637 584038
622616 613151 579346
625717 600497 584121
657206 616550 566515
647546 602042 594397
607138 640754 612445
612347 628698 582577
612691 621716 592289
622120 604709 587905
650645 610116 568570
638898 611518 571462
635026 607062 575566
637009 619580 574794
627829 614965 580696
642547 606600 570386
618571 619888 581482
628118 605524 581148
613721 610319 582664
641354 606686 577918
613356 620178 585375
625849 615808 581440
635290 604713 580875
652113 607164 583808
650293 604511 601615
644225 612517 572890
616622 627681 592917
638652 605754 600347
644407 610413 580097
616625 618341 586910
629089 606973 594766
617056 618041 589022
624725 607934 588214
618060 613997 583178
632965 609316 582780
640964 607230 594097
620360 610508 588519
632244 618262 582443
622723 613730 584690
621956 610335 585696
656661 623897 577805
638390 607725 602059
618849 633410 592443
644456 632237 577812
627894 610904 585711
633408 617540 583999
623667 618786 594543
620741 621890 593683
638063 632610 584728
627925 611683 593972
628399 631106 586216
628202 619500 596449
681484 560208 588586
652352 640403 540350
635967 553678 608807
606083 614926 641231
603599 623894 639965
668939 580455 565231
661943 630639 541002
652550 605319 550273
656376 561176 593245
627423 607990 546889
606431 618080 634688
643078 584042 563761
619374 579390 622527
611504 612348 612102
625910 610308 569275
643566 582371 567110
603599 623894 639965
636160 600528 555448
608800 581390 624293
631817 557358 618957
640924 565166 602435
608289 595868 631559
647849 616271 543613
623530 601810 571518
622547 575992 577869
661320 562698 587698
661201 594036 543775
650504 568588 584616
606431 618080 634688
633733 573871 584938
625183 598593 575934
614465 589935 615002
611363 636677 611590
660489 555927 607491
614327 591120 595042
666414 581410 560306
657593 576447 571794
623538 574492 604891
608682 637211 616388
606083 614926 641231
608289 595868 631559
628243 580094 567904
636446 567612 590836
620989 599868 576045
636713 596260 561504
616144 615145 585979
603599 623894 639965
610455 599830 619202
640924 565166 602435
626495 572228 616468
666414 581410 560306
629787 570936 611811
657593 576447 571794
664294 555376 600526
634855 606277 553098
664294 555376 600526
611475 615790 582927
630565 571121 598514
652352 640403 540350
611363 636677 611590
641268 557028 597274
614465 589935 615002
649384 591760 563162
619173 601315 578852
620399 590728 603341
648627 595046 551636
635967 553678 608807
660489 555927 607491
634855 606277 553098
664878 567634 580607
649384 591760 563162
636713 596260 561504
664878 567634 580607
648627 595046 551636
650214 570943 573367
642270 571251 582035
612919 605365 611828
641268 557028 597274
618366 605773 589957
642270 571251 582035
620011 581205 615003
650214 570943 573367
627532 597735 561034
631432 568356 598805
610455 599830 619202
662886 582993 565408
626495 572228 616468
627532 597735 561034
662886 582993 565408
647849 616271 543613
631432 568356 598805
616144 615145 585979
614465 589935 615002
608800 581390 624293
613156 599201 603477
662886 582993 565408
618366 605773 589957
618366 605773 589957
619173 601315 578852
623538 574492 604891
613156 599201 603477
634855 606277 553098
662038 574183 567647
636446 567612 590836
636713 596260 561504
606083 614926 641231
603599 623894 639965
620011 581205 615003
616144 615145 585979
629787 570936 611811
647849 616271 543613
611363 636677 611590
662038 574183 567647
613156 599201 603477
652352 640403 540350
649384 591760 563162
618366 605773 589957
662038 574183 567647
613156 599201 603477
616144 615145 585979
666414 581410 560306
664294 555376 600526
662038 574183 567647
649384 591760 563162
647849 616271 543613
634855 606277 553098
626495 572228 616468
616144 615145 585979
616144 615145 585979
616144 615145 585979
616144 615145 585979
616144 615145 585979
613156 599201 603477
611363 636677 611590
611363 636677 611590
611363 636677 611590
611363 636677 611590
611363 636677 611590
611363 636677 611590
610455 599830 619202
608289 595868 631559
608289 595868 631559
606083 614926 641231
603599 623894 639965
603599 623894 639965
687223 586738 562407
663638 643391 541405
648735 559645 608488
621926 590284 635939
609305 594306 629030
614151 628847 616710
610849 599665 624511
677481 602022 554831
623405 608529 584688
670005 564036 596589
664231 585472 564123
672632 575509 579755
658654 624578 544555
650631 615293 553130
642082 617455 557211
633138 571087 611330
640235 568050 627103
636141 622399 552476
682718 601010 550094
651003 589822 572313
617358 600184 606353
672004 563755 590603
654622 562308 604938
658231 571878 582238
624843 581365 602322
629335 604493 575930
625980 585624 582422
648615 575871 593727
655514 568515 594639
637517 605095 559387
644737 589450 575905
641491 579979 587483
621565 590895 614088
640754 572947 598721
642840 602247 558286
620738 607394 595047
631518 600718 568578
682718 601010 550094
661079 563970 597520
645757 589311 576173
658576 586599 567240
649972 597108 560872
659299 582339 570973
653649 570107 588826
619003 593977 628578
630762 578997 588340
625688 581938 593632
639083 622903 550602
641053 603183 563958
623421 598865 596424
625803 578355 597424
634923 588750 577213
619752 592231 600313
621149 607855 589353
672230 592556 561483
659555 616161 547977
637510 569902 600391
618294 598159 600664
621829 590752 604412
659555 616161 547977
659299 582339 570973
639083 622903 550602
635804 590893 568239
659555 616161 547977
618294 598159 600664
634923 588750 577213
636035 581549 576385
672417 570277 588509
621683 596017 598285
634923 588750 577213
619723 596928 607934
621683 596017 598285
619723 596928 607934
619723 596928 607934
634923 588750 577213
621683 596017 598285
621683 596017 598285
634923 588750 577213
621683 596017 598285
621683 596017 598285
618294 598159 600664
698750 604389 551141
655687 572215 605457
644749 638895 556867
615314 606236 641154
612322 622744 624599
674635 608574 559143
694081 583279 574659
623705 591316 628071
625114 587186 619630
636965 632435 564283
651828 627687 554395
647972 600298 569671
650592 635028 556691
620839 613040 598932
618821 618765 601686
668408 589208 565512
657225 578142 593746
640288 573193 615049
656078 580349 587866
654537 575463 608124
651030 630139 552468
640529 592908 590560
646464 574389 610224
628958 595272 593143
612959 620576 628060
631502 616393 591448
667610 573499 597578
639158 597690 572306
635731 597163 579596
670625 588110 571994
633781 602143 586214
643826 584719 578957
625988 587918 603063
642248 590937 585340
643726 605029 560232
663262 575072 584345
648716 620109 558972
659364 583935 576001
640080 625385 572093
632585 617133 573705
660322 577534 583252
620952 605881 609929
661887 622292 551676
628423 603501 601781
666543 584419 572194
632518 582740 590651
631758 608249 575837
656112 576611 601931
662430 596656 571873
634071 596201 583403
647445 613888 560187
639906 614585 572258
659783 577496 601697
687091 574922 610464
654735 632324 557699
642385 647700 565966
624590 599412 634465
619812 626102 602562
641139 638286 566555
670842 580034 616123
623734 619028 621012
678363 590497 566424
673152 577777 597027
632644 611236 593911
676084 595467 577165
628868 588142 604690
655860 581051 620560
621047 610160 624036
649035 610220 560664
648284 609466 567398
665258 591381 580454
624290 609365 627876
628010 625787 610855
645587 624683 565652
641637 607345 573899
637723 603927 595374
660504 595570 581379
644180 598974 572496
627126 608320 626495
639152 584426 598907
643585 593034 588916
646641 593884 583444
670235 594091 579951
657872 586023 584822
629876 621884 603953
651291 585917 592034
663489 584505 595855
631342 597904 598187
640653 601075 586033
633749 624410 578825
659358 585619 596280
637411 590855 600554
636358 610117 586676
635010 606096 592443
636522 605985 594360
638779 600055 591195
644130 588690 590815
633588 596540 602857
627534 591899 627292
634296 622017 580573
645030 598911 579649
633630 619570 580959
640572 590865 593438
656167 580770 602699
644082 594122 585422
649104 597595 581167
650092 585976 594031
639087 608492 584656
643640 590164 592080
634215 584607 604097
691765 584720 598772
663386 620228 562769
620260 644283 637882
620312 636183 619470
635519 626087 592678
687746 592192 579348
677161 585081 600812
667387 602253 576258
629279 612489 628665
654250 610659 565035
624751 614362 637268
626804 614413 633962
633676 620312 605067
639850 616751 585161
671253 589079 592165
656162 608094 580337
637304 619755 597716
630694 598739 613804
659631 607174 577338
630847 591189 629918
630261 592527 618969
643689 600821 589461
665436 596290 583954
631305 594087 609485
644072 607498 588939
641602 612728 594736
646802 604657 584132
647812 607083 583011
662505 586946 599397
637675 606089 600909
670716 589327 593715
648722 601805 583618
650917 585849 603996
654345 587536 598735
634004 620067 606221
642239 586774 612314
630173 614911 607891
653530 609451 576652
653588 585334 603020
639217 602276 604156
641710 596776 594120
652977 611402 579790
652241 612721 564372
646368 586227 600754
638417 594046 610048
638822 615065 599175
646999 585105 610402
652522 590018 592373
641990 598880 593781
642778 607886 585155
639428 607425 600717
676088 621167 571957
664603 586246 615964
663022 622160 566085
624973 633418 642423
657006 610822 581001
634671 601647 627058
634890 627040 605110
630980 623528 617916
653364 631006 567362
671690 607294 583709
659717 615203 572184
643616 596990 599929
659917 591002 597308
657423 621373 574014
667987 601720 587469
649261 588740 602831
653702 602654 592391
650955 588157 622758
642081 600300 594848
632136 605331 620639
638855 618849 610583
647459 608100 589600
645204 593656 614856
648499 609080 586478
640604 604613 610108
637090 604714 612081
638678 598206 623382
646406 593190 610193
633779 606035 617111
641050 619020 594620
644322 610068 594160
645687 597898 596696
637301 604074 617195
645182 606444 593479
638445 601737 623170
676703 602926 591173
675386 590070 604181
663832 641071 566721
631627 638841 647944
670878 628991 571117
633534 636968 631673
643076 607557 616687
659638 621735 586722
646135 594649 624102
634475 613678 633755
634872 619504 633394
660477 617510 576580
654403 610262 596647
658215 611663 596617
651289 618238 590363
643730 598519 606021
647070 601683 601589
666695 591938 599176
661355 614933 592085
656605 593711 610667
643499 604487 619183
669891 603359 591252
655015 599916 605172
656601 593832 612604
649141 597683 617178
676089 606179 588554
664787 591648 599683
660535 597558 601069
650414 605218 597796
661264 614978 587440
660001 590709 603450
658652 592689 605912
643668 621001 598120
677367 603086 595191
671746 593485 602930
666781 627698 587164
644042 637976 619460
643984 619128 648416
661894 616164 596403
662820 628413 593908
647550 619906 611494
651781 619479 595107
649822 606230 603426
668368 612284 599762
648517 610287 607646
669654 608310 600215
667955 598093 611350
665186 616128 600774
651046 603293 605083
667865 599114 607210
647899 615012 606893
687042 602693 604178
668696 600432 628491
667438 619965 598729
667325 608076 634748
646476 638257 632878
655042 608624 612254
654641 610291 626729
674020 617027 598806
660614 611082 604374
659980 628773 600236
654945 629299 599766
666739 614454 604728
660958 620357 615560
659556 610451 618273
662261 612892 608670
678014 629457 609655
669785 614969 612402
667423 617818 613612
674658 634322 613014
