665 300.452
3.06081e+06 3.00299e+06 2.95281e+06 3.08528e+06
3.12228e+06 2.98487e+06 3.07244e+06 2.97449e+06
2.99303e+06 2.9843e+06 3.11922e+06 2.99938e+06
2.98931e+06 3.09411e+06 2.89996e+06 3.0462e+06
3.06604e+06 3.0703e+06 2.94376e+06 2.97901e+06
3.12578e+06 2.9874e+06 3.0068e+06 3.00504e+06
3.07208e+06 3.02171e+06 3.0012e+06 2.95818e+06
3.07587e+06 3.01505e+06 3.01925e+06 3.01672e+06
3.14924e+06 3.08015e+06 2.86626e+06 3.04642e+06
3.10723e+06 2.94854e+06 3.02378e+06 3.01872e+06
3.08194e+06 3.01324e+06 3.07136e+06 2.96593e+06
3.00526e+06 2.96789e+06 3.14307e+06 2.95623e+06
3.00533e+06 2.96846e+06 3.09344e+06 3.01849e+06
3.01856e+06 3.15929e+06 3.10564e+06 2.93471e+06
3.04948e+06 2.96138e+06 3.05304e+06 3.07757e+06
3.05066e+06 2.98772e+06 3.13544e+06 2.95319e+06
3.07505e+06 2.98233e+06 2.99138e+06 3.09039e+06
3.13692e+06 3.01141e+06 3.01502e+06 2.98746e+06
3.07597e+06 3.03994e+06 2.93088e+06 3.03426e+06
3.14171e+06 3.04447e+06 3.0474e+06 2.92905e+06
3.07024e+06 2.99494e+06 3.06711e+06 3.02902e+06
2.99394e+06 3.03122e+06 3.09365e+06 2.93987e+06
2.95465e+06 3.05122e+06 3.03693e+06 3.06554e+06
3.03177e+06 2.96795e+06 3.02671e+06 3.1219e+06
3.032e+06 2.96843e+06 3.07778e+06 3.11286e+06
3.04459e+06 2.96695e+06 3.07364e+06 3.01906e+06
3.11063e+06 3.02123e+06 2.96217e+06 3.05783e+06
3.00667e+06 3.07544e+06 3.06251e+06 2.96725e+06
3.13823e+06 3.08206e+06 2.98019e+06 2.95782e+06
3.042e+06 2.99574e+06 3.13076e+06 2.94094e+06
2.94723e+06 3.08393e+06 3.09033e+06 3.02568e+06
3.05525e+06 3.04711e+06 2.96318e+06 3.03029e+06
3.12149e+06 2.98166e+06 3.0686e+06 2.98139e+06
2.99751e+06 3.01166e+06 3.03071e+06 3.11173e+06
3.04919e+06 3.01088e+06 3.09792e+06 2.9708e+06
2.9921e+06 3.02486e+06 3.05294e+06 3.0402e+06
3.03235e+06 3.21111e+06 2.90566e+06 3.04404e+06
2.98914e+06 3.09457e+06 3.03078e+06 2.9735e+06
3.12498e+06 2.9922e+06 3.01519e+06 3.00453e+06
2.99484e+06 2.98918e+06 3.10689e+06 3.00595e+06
3.02381e+06 2.9898e+06 3.09464e+06 2.99336e+06
3.02172e+06 2.97579e+06 2.98887e+06 3.1462e+06
2.96184e+06 3.06597e+06 3.0971e+06 3.03682e+06
3.00407e+06 3.02559e+06 2.95045e+06 3.07974e+06
3.00048e+06 2.98325e+06 3.10001e+06 2.99216e+06
3.02351e+06 3.07511e+06 2.94058e+06 3.01311e+06
3.06527e+06 3.03106e+06 3.0367e+06 2.96434e+06
2.95603e+06 3.03053e+06 3.12762e+06 3.05091e+06
2.99154e+06 2.97932e+06 3.12138e+06 2.99898e+06
3.0216e+06 3.06553e+06 2.93094e+06 3.03077e+06
3.04741e+06 2.97762e+06 3.0736e+06 3.05744e+06
2.99859e+06 3.00824e+06 3.10305e+06 2.98588e+06
3.09697e+06 2.97138e+06 3.10295e+06 3.01228e+06
3.05533e+06 2.9972e+06 3.07901e+06 3.01187e+06
3.06822e+06 2.98102e+06 3.03975e+06 3.10323e+06
3.03178e+06 3.15093e+06 3.08395e+06 2.93406e+06
2.96873e+06 3.16105e+06 2.94882e+06 3.05553e+06
2.95703e+06 3.07709e+06 3.07598e+06 2.98464e+06
3.03456e+06 2.98182e+06 3.09396e+06 3.0047e+06
3.12088e+06 3.00776e+06 2.96476e+06 3.07752e+06
3.04476e+06 2.99364e+06 3.11477e+06 2.982e+06
2.95221e+06 3.03502e+06 3.082e+06 3.06505e+06
3.03711e+06 3.02116e+06 3.08544e+06 2.9591e+06
3.10446e+06 2.98053e+06 3.02782e+06 3.07573e+06
3.0175e+06 3.11049e+06 2.92393e+06 3.01703e+06
2.94073e+06 3.09544e+06 3.022e+06 3.12539e+06
3.05947e+06 2.97552e+06 3.11369e+06 3.01746e+06
3.04487e+06 3.21792e+06 2.90258e+06 3.03379e+06
2.99895e+06 2.97952e+06 3.11984e+06 2.99976e+06
3.05651e+06 3.07874e+06 3.02636e+06 2.92678e+06
3.13924e+06 3.06665e+06 2.89894e+06 3.06134e+06
3.00632e+06 2.97802e+06 3.0574e+06 3.09659e+06
3.02208e+06 3.12122e+06 3.01577e+06 2.95245e+06
2.9918e+06 3.16354e+06 2.94481e+06 3.02794e+06
3.06598e+06 2.98266e+06 3.14865e+06 2.95076e+06
2.98992e+06 3.02351e+06 3.04636e+06 3.06389e+06
3.04088e+06 3.03604e+06 2.94255e+06 3.08119e+06
3.05941e+06 3.21608e+06 2.90249e+06 3.0316e+06
2.95631e+06 3.05954e+06 3.14341e+06 3.02246e+06
3.01174e+06 2.98133e+06 3.05506e+06 3.10366e+06
2.99554e+06 2.97832e+06 3.11273e+06 2.99992e+06
3.06777e+06 2.95326e+06 3.11739e+06 3.02354e+06
3.03267e+06 3.05503e+06 2.96117e+06 3.01066e+06
3.08297e+06 2.97897e+06 3.05126e+06 3.07837e+06
3.0027e+06 3.04176e+06 3.03437e+06 3.03895e+06
2.98964e+06 2.99556e+06 3.10601e+06 3.06967e+06
3.02489e+06 3.05917e+06 3.03798e+06 2.95439e+06
3.09207e+06 2.98466e+06 3.04859e+06 3.06136e+06
2.98791e+06 2.99184e+06 3.12282e+06 3.00268e+06
3.11112e+06 3.02489e+06 2.93813e+06 3.03818e+06
2.96998e+06 3.03024e+06 2.99898e+06 3.09952e+06
2.96751e+06 3.04415e+06 3.06608e+06 2.97725e+06
3.03066e+06 3.03319e+06 3.02849e+06 3.02804e+06
3.09078e+06 2.98977e+06 3.02082e+06 3.02785e+06
3.04233e+06 2.99528e+06 3.12646e+06 2.937e+06
2.96011e+06 3.0585e+06 3.01244e+06 3.1106e+06
3.00703e+06 3.13096e+06 3.05783e+06 2.95806e+06
3.0156e+06 3.09507e+06 2.91744e+06 3.0415e+06
3.09592e+06 2.97837e+06 3.04364e+06 3.07444e+06
3.01139e+06 3.13155e+06 2.94133e+06 2.99717e+06
3.08883e+06 3.03863e+06 3.13061e+06 2.92454e+06
2.98561e+06 2.98138e+06 3.10634e+06 3.07537e+06
2.95082e+06 3.05983e+06 3.10521e+06 2.9992e+06
3.0622e+06 3.00017e+06 3.12585e+06 2.94975e+06
2.98826e+06 3.02717e+06 3.0315e+06 3.1042e+06
3.08559e+06 2.98132e+06 3.03668e+06 3.07962e+06
3.05043e+06 3.0939e+06 2.92316e+06 3.04637e+06
3.02973e+06 3.15531e+06 3.13341e+06 2.93471e+06
3.05135e+06 3.12402e+06 2.93621e+06 2.9999e+06
3.03076e+06 3.02176e+06 3.06869e+06 2.97866e+06
3.00619e+06 2.98144e+06 3.11356e+06 2.99863e+06
2.94945e+06 3.08006e+06 3.01652e+06 3.11186e+06
3.09046e+06 3.10483e+06 2.87273e+06 3.07353e+06
3.06011e+06 2.98756e+06 3.04422e+06 3.04583e+06
2.95852e+06 3.09742e+06 2.99915e+06 3.09398e+06
3.09347e+06 3.01714e+06 2.96998e+06 3.01229e+06
3.00048e+06 3.04451e+06 3.07949e+06 2.94338e+06
3.05783e+06 2.97885e+06 3.09062e+06 2.97021e+06
2.95706e+06 3.14514e+06 3.04213e+06 2.99485e+06
3.08685e+06 2.96477e+06 3.04419e+06 3.1056e+06
3.00163e+06 3.02e+06 3.10718e+06 2.9789e+06
3.05292e+06 2.99561e+06 3.07698e+06 3.01449e+06
2.95833e+06 3.12048e+06 3.05434e+06 3.02304e+06
2.99854e+06 2.97924e+06 3.12343e+06 2.99608e+06
2.99607e+06 3.01801e+06 3.04091e+06 3.11772e+06
2.9574e+06 3.07847e+06 3.03437e+06 3.04824e+06
2.99833e+06 3.13093e+06 2.92618e+06 3.04579e+06
2.9974e+06 2.97821e+06 3.11522e+06 3.00916e+06
3.00961e+06 3.07718e+06 2.94259e+06 3.03415e+06
2.99679e+06 3.05484e+06 2.99873e+06 3.02721e+06
3.00457e+06 2.98866e+06 2.96502e+06 3.02966e+06
3.05505e+06 3.11421e+06 3.02491e+06 2.93952e+06
3.03338e+06 3.00653e+06 3.10518e+06 2.97518e+06
3.01004e+06 3.09315e+06 3.01587e+06 2.98322e+06
3.01316e+06 3.0903e+06 2.90848e+06 3.05159e+06
3.02422e+06 3.05079e+06 3.0345e+06 2.97081e+06
3.09058e+06 2.9745e+06 3.04237e+06 3.09786e+06
2.94328e+06 3.0177e+06 3.12746e+06 3.05857e+06
2.98483e+06 3.03001e+06 3.05432e+06 3.02114e+06
2.98825e+06 3.05324e+06 2.9569e+06 3.05662e+06
2.98061e+06 3.0123e+06 3.09256e+06 3.09767e+06
2.99622e+06 3.03044e+06 3.0336e+06 3.07345e+06
3.13875e+06 3.02428e+06 2.99921e+06 2.95735e+06
3.03647e+06 3.09103e+06 3.10338e+06 2.91648e+06
3.09696e+06 2.99439e+06 3.02868e+06 3.02685e+06
2.9671e+06 3.08623e+06 3.00272e+06 3.08619e+06
3.00762e+06 3.21826e+06 2.92994e+06 3.02823e+06
3.08185e+06 3.00686e+06 3.07213e+06 2.9691e+06
3.02066e+06 3.07306e+06 2.97468e+06 2.98231e+06
3.00421e+06 3.0252e+06 3.0287e+06 3.0751e+06
2.99983e+06 3.05828e+06 3.07694e+06 2.96227e+06
2.95721e+06 3.04072e+06 3.08411e+06 3.04104e+06
3.0879e+06 3.14487e+06 2.89638e+06 3.03523e+06
2.9433e+06 3.1475e+06 3.09087e+06 2.99614e+06
3.08867e+06 2.99248e+06 3.0351e+06 3.02715e+06
3.02242e+06 3.0135e+06 3.1059e+06 2.94662e+06
2.96763e+06 3.08958e+06 3.00183e+06 3.09207e+06
3.09996e+06 3.10874e+06 2.94884e+06 2.95835e+06
3.00755e+06 3.21543e+06 2.9227e+06 3.02991e+06
3.05216e+06 3.10644e+06 3.01815e+06 2.94094e+06
3.01924e+06 3.02729e+06 3.10334e+06 2.94233e+06
3.12409e+06 3.05564e+06 2.89828e+06 3.06593e+06
2.95625e+06 3.06148e+06 3.00324e+06 3.05833e+06
3.03985e+06 2.97854e+06 3.07135e+06 3.04936e+06
3.10317e+06 3.03763e+06 2.97638e+06 2.96993e+06
3.03205e+06 3.10735e+06 2.92603e+06 3.00579e+06
2.95921e+06 3.03424e+06 3.09042e+06 3.08644e+06
3.12687e+06 3.03382e+06 3.02072e+06 2.95633e+06
3.02033e+06 3.09383e+06 2.94085e+06 3.01451e+06
2.99865e+06 3.04281e+06 3.03148e+06 3.02327e+06
3.02202e+06 3.00828e+06 3.10461e+06 2.97766e+06
2.98969e+06 3.16375e+06 3.0531e+06 2.9659e+06
2.97416e+06 3.03268e+06 3.10048e+06 3.03122e+06
2.97486e+06 3.16258e+06 2.94931e+06 3.04467e+06
3.06877e+06 3.05363e+06 2.91919e+06 3.06719e+06
3.1148e+06 3.07058e+06 2.90016e+06 3.02471e+06
3.00017e+06 3.01027e+06 3.09888e+06 3.00024e+06
3.01442e+06 3.12889e+06 3.04236e+06 2.95879e+06
3.11529e+06 3.1103e+06 3.02262e+06 2.92478e+06
3.08859e+06 3.0132e+06 3.00345e+06 3.00996e+06
3.00612e+06 3.09149e+06 3.05555e+06 2.97578e+06
2.948e+06 3.0994e+06 3.06284e+06 3.05056e+06
3.01563e+06 3.10754e+06 2.92783e+06 3.03583e+06
2.93606e+06 3.03546e+06 3.04733e+06 3.11587e+06
3.04006e+06 3.06287e+06 3.0297e+06 2.95216e+06
2.99648e+06 3.0233e+06 3.03318e+06 3.1117e+06
3.02429e+06 3.01132e+06 3.09704e+06 2.9717e+06
3.00816e+06 3.21567e+06 2.92381e+06 3.02676e+06
3.01877e+06 3.07282e+06 2.94358e+06 3.03696e+06
2.95465e+06 3.13419e+06 3.04379e+06 3.01175e+06
3.02762e+06 3.11771e+06 3.06985e+06 2.949e+06
2.97554e+06 3.10857e+06 2.9172e+06 3.04683e+06
3.02103e+06 3.06266e+06 2.95853e+06 3.0202e+06
3.07262e+06 3.00736e+06 3.0854e+06 2.98312e+06
3.09912e+06 3.01584e+06 3.01347e+06 2.9902e+06
2.97741e+06 3.14755e+06 3.03137e+06 2.98094e+06
2.94389e+06 3.09317e+06 3.08858e+06 3.07449e+06
3.04839e+06 3.03773e+06 2.97961e+06 2.97295e+06
2.99244e+06 3.12307e+06 2.94303e+06 3.02216e+06
2.97609e+06 3.18106e+06 3.07248e+06 2.96632e+06
2.97872e+06 3.04799e+06 2.98541e+06 3.0531e+06
3.04238e+06 3.01091e+06 3.02466e+06 3.0029e+06
2.98939e+06 3.0097e+06 3.10737e+06 2.96591e+06
3.02021e+06 3.07217e+06 2.93044e+06 3.02809e+06
3.1014e+06 3.04287e+06 2.96541e+06 2.97116e+06
3.12291e+06 3.02549e+06 3.03458e+06 2.9579e+06
3.03878e+06 3.21734e+06 2.9059e+06 3.03338e+06
2.98613e+06 3.06641e+06 3.03226e+06 3.04161e+06
2.96339e+06 3.1517e+06 2.95931e+06 3.07619e+06
3.11831e+06 3.03804e+06 2.9669e+06 3.00155e+06
3.10078e+06 3.00562e+06 3.02037e+06 3.02717e+06
3.04334e+06 3.00392e+06 3.1221e+06 2.95282e+06
2.97734e+06 3.19564e+06 3.03386e+06 2.97991e+06
2.9924e+06 3.0801e+06 3.02873e+06 3.00238e+06
3.12937e+06 3.0992e+06 2.98775e+06 2.9349e+06
3.04143e+06 3.01472e+06 3.0262e+06 3.01043e+06
3.01541e+06 3.17871e+06 3.06429e+06 2.95152e+06
3.01554e+06 3.04105e+06 3.0378e+06 3.0256e+06
3.03456e+06 3.04421e+06 2.92101e+06 3.06268e+06
2.98395e+06 3.08604e+06 3.00347e+06 2.9904e+06
3.03452e+06 3.21314e+06 2.90744e+06 3.03641e+06
3.06556e+06 3.05678e+06 3.01265e+06 2.95204e+06
2.99757e+06 3.01281e+06 3.0768e+06 2.99198e+06
2.99955e+06 3.18718e+06 3.0584e+06 2.96013e+06
3.03649e+06 3.01122e+06 3.03482e+06 2.98986e+06
3.03757e+06 3.21514e+06 2.88239e+06 3.03544e+06
2.97378e+06 3.05245e+06 2.93615e+06 3.05876e+06
3.02525e+06 3.02245e+06 3.06952e+06 3.01648e+06
3.09304e+06 3.11941e+06 2.89459e+06 3.03314e+06
2.97248e+06 3.07131e+06 3.03367e+06 3.05029e+06
3.05776e+06 3.05496e+06 3.072e+06 2.95314e+06
3.04356e+06 3.1074e+06 3.08447e+06 2.93211e+06
2.95078e+06 3.1688e+06 2.9766e+06 3.02191e+06
3.04028e+06 3.0324e+06 3.07566e+06 2.96435e+06
2.97826e+06 3.0813e+06 3.01983e+06 3.00515e+06
3.0306e+06 3.09147e+06 2.92697e+06 3.04694e+06
3.0511e+06 3.21211e+06 2.90322e+06 3.04503e+06
3.11922e+06 3.00312e+06 3.03951e+06 3.01666e+06
2.953e+06 3.065e+06 3.02057e+06 3.09289e+06
3.13198e+06 3.06138e+06 2.97524e+06 2.96416e+06
2.97896e+06 3.02212e+06 3.05128e+06 3.07124e+06
2.99811e+06 3.09344e+06 2.91741e+06 3.0846e+06
2.99926e+06 3.02928e+06 3.08261e+06 2.9396e+06
3.04634e+06 3.05802e+06 2.94237e+06 3.01929e+06
2.95319e+06 3.10161e+06 3.05075e+06 3.04553e+06
3.05144e+06 3.11662e+06 3.05237e+06 2.92973e+06
2.96389e+06 3.11124e+06 3.05522e+06 3.01954e+06
3.02517e+06 2.99764e+06 3.08708e+06 2.98908e+06
2.98527e+06 3.10064e+06 2.92797e+06 3.08854e+06
2.94627e+06 3.03287e+06 3.11917e+06 3.05786e+06
2.97908e+06 3.08234e+06 3.02675e+06 2.9815e+06
2.96252e+06 3.08854e+06 3.06618e+06 3.03204e+06
2.99474e+06 3.06422e+06 2.95031e+06 2.98511e+06
3.01815e+06 3.05312e+06 2.98906e+06 3.02806e+06
2.99611e+06 3.17378e+06 3.07469e+06 2.96478e+06
3.03038e+06 3.0099e+06 3.0885e+06 2.9766e+06
3.03054e+06 3.04673e+06 3.02094e+06 3.02229e+06
3.05543e+06 3.0553e+06 3.0191e+06 2.9571e+06
3.07335e+06 3.06282e+06 2.93484e+06 3.02762e+06
3.03652e+06 3.21241e+06 2.90789e+06 3.03503e+06
2.98516e+06 3.0269e+06 3.0335e+06 3.10577e+06
3.00838e+06 3.13467e+06 3.03029e+06 2.96227e+06
3.1252e+06 3.13816e+06 2.97184e+06 2.94142e+06
2.94062e+06 3.16357e+06 3.07065e+06 2.98799e+06
2.99662e+06 3.01886e+06 3.12129e+06 2.95018e+06
2.95826e+06 3.12475e+06 3.01192e+06 3.03864e+06
3.03078e+06 3.02248e+06 3.0454e+06 3.00456e+06
3.08711e+06 3.04062e+06 3.04814e+06 2.94505e+06
2.96589e+06 3.0605e+06 3.06644e+06 3.02864e+06
3.03313e+06 3.03746e+06 2.92193e+06 3.06018e+06
2.97835e+06 3.01455e+06 3.0672e+06 3.0245e+06
3.09163e+06 3.04755e+06 2.92041e+06 2.99475e+06
3.02946e+06 3.0052e+06 3.04915e+06 2.99365e+06
2.96478e+06 3.08401e+06 3.048e+06 3.0416e+06
3.00791e+06 3.13987e+06 3.04773e+06 2.95925e+06
3.01708e+06 3.08821e+06 2.92312e+06 3.0686e+06
3.05142e+06 3.10067e+06 3.10221e+06 2.93274e+06
2.96748e+06 3.06575e+06 3.06566e+06 3.05204e+06
2.98257e+06 3.12107e+06 2.96567e+06 3.03362e+06
3.12979e+06 3.01219e+06 3.05773e+06 2.97549e+06
2.99184e+06 3.15754e+06 3.05546e+06 2.96842e+06
3.06799e+06 3.04154e+06 3.0721e+06 2.94771e+06
2.98378e+06 3.02318e+06 3.05545e+06 3.06868e+06
3.01206e+06 3.05933e+06 2.97643e+06 3.02486e+06
2.99212e+06 3.04587e+06 3.02544e+06 3.00335e+06
2.9692e+06 3.03948e+06 3.11814e+06 3.02554e+06
3.0029e+06 3.02269e+06 3.04165e+06 3.06328e+06
3.0317e+06 3.11137e+06 3.04344e+06 2.94537e+06
2.95872e+06 3.09557e+06 2.97581e+06 3.05865e+06
2.92118e+06 3.09415e+06 3.05119e+06 3.05216e+06
2.96844e+06 3.11381e+06 3.00884e+06 3.05351e+06
2.94856e+06 3.07594e+06 3.14454e+06 3.05235e+06
3.02996e+06 3.16444e+06 3.08128e+06 2.93404e+06
3.08358e+06 3.00844e+06 3.09462e+06 2.94884e+06
3.04751e+06 3.0451e+06 3.04303e+06 2.98905e+06
3.00444e+06 3.02429e+06 3.03079e+06 3.11001e+06
3.00705e+06 3.07248e+06 2.94398e+06 3.03384e+06
3.03977e+06 3.09907e+06 2.9792e+06 2.95595e+06
2.94989e+06 3.08124e+06 3.05392e+06 3.03971e+06
3.018e+06 3.01136e+06 3.0812e+06 2.97705e+06
3.08583e+06 3.04519e+06 2.92679e+06 3.04535e+06
3.0377e+06 3.04754e+06 3.07171e+06 2.96479e+06
3.03879e+06 3.05009e+06 2.94446e+06 2.99545e+06
2.97679e+06 3.04069e+06 3.08021e+06 3.09798e+06
2.9777e+06 3.08218e+06 3.0381e+06 3.03557e+06
3.07259e+06 3.00827e+06 3.08922e+06 2.9791e+06
2.99785e+06 3.08608e+06 2.9482e+06 3.04172e+06
2.98625e+06 3.03021e+06 3.05088e+06 3.1049e+06
3.10695e+06 3.04184e+06 2.96362e+06 2.98922e+06
3.02643e+06 3.04076e+06 3.05891e+06 2.98347e+06
2.94808e+06 3.14359e+06 3.01138e+06 3.11243e+06
3.04579e+06 3.0634e+06 3.04649e+06 2.94432e+06
2.98481e+06 3.03062e+06 3.10372e+06 2.97469e+06
3.02583e+06 3.09045e+06 2.95388e+06 2.98133e+06
2.98252e+06 3.04074e+06 3.00663e+06 3.09778e+06
3.03476e+06 3.01536e+06 2.97006e+06 3.00347e+06
3.09122e+06 3.04212e+06 2.97515e+06 2.99337e+06
2.9721e+06 3.0378e+06 3.14887e+06 3.00656e+06
3.02938e+06 3.07703e+06 2.92955e+06 3.00098e+06
2.98105e+06 3.08291e+06 2.97992e+06 3.05381e+06
3.03001e+06 3.03384e+06 3.02478e+06 3.02148e+06
3.02537e+06 3.0386e+06 3.03567e+06 3.0164e+06
3.14004e+06 3.06792e+06 2.90297e+06 3.05451e+06
2.94924e+06 3.06579e+06 3.02271e+06 3.08166e+06
2.97255e+06 3.15514e+06 3.03265e+06 2.98961e+06
2.98184e+06 3.02151e+06 3.05826e+06 3.0692e+06
3.10588e+06 3.0026e+06 3.0761e+06 2.98118e+06
3.12633e+06 3.05909e+06 2.99059e+06 2.95952e+06
2.96896e+06 3.01717e+06 3.09029e+06 3.06864e+06
2.94942e+06 3.06333e+06 3.1119e+06 3.04685e+06
2.98419e+06 3.09516e+06 2.9755e+06 2.97547e+06
3.06689e+06 3.0028e+06 3.1097e+06 2.95825e+06
3.15503e+06 3.06167e+06 3.03548e+06 2.94165e+06
3.08074e+06 3.07203e+06 2.91315e+06 3.03467e+06
2.99604e+06 3.01788e+06 3.10785e+06 2.96554e+06
3.09143e+06 3.1074e+06 2.9744e+06 2.93957e+06
3.14197e+06 3.05768e+06 2.90872e+06 3.05491e+06
2.96571e+06 3.0837e+06 3.06667e+06 3.0343e+06
3.05801e+06 3.03577e+06 3.0187e+06 2.99924e+06
3.03583e+06 3.02186e+06 3.09898e+06 2.96316e+06
3.01755e+06 3.08316e+06 3.0951e+06 2.93744e+06
2.96441e+06 3.06839e+06 3.04215e+06 3.0442e+06
2.97258e+06 3.09537e+06 2.98174e+06 3.03128e+06
3.00304e+06 3.05152e+06 2.97637e+06 3.06535e+06
3.11093e+06 3.02297e+06 2.99901e+06 2.9956e+06
3.01079e+06 3.05385e+06 3.01664e+06 3.0228e+06
2.99438e+06 3.10361e+06 2.95304e+06 3.03524e+06
3.02368e+06 3.04759e+06 2.92018e+06 3.06702e+06
2.99334e+06 3.03692e+06 3.08773e+06 3.01798e+06
3.04452e+06 3.04173e+06 2.98669e+06 2.99092e+06
3.08609e+06 3.05042e+06 3.12356e+06 2.9188e+06
3.07611e+06 3.079e+06 2.90837e+06 3.03484e+06
3.02236e+06 3.18298e+06 2.96895e+06 2.98319e+06
3.04524e+06 3.08349e+06 2.91766e+06 3.0483e+06
3.05337e+06 3.12712e+06 2.92344e+06 3.01961e+06
3.04278e+06 3.03859e+06 3.06628e+06 2.97235e+06
2.98203e+06 3.03174e+06 3.11581e+06 3.01638e+06
3.07323e+06 3.06661e+06 2.9329e+06 2.97587e+06
3.12796e+06 3.02927e+06 2.92815e+06 3.05754e+06
3.0139e+06 3.06031e+06 3.02381e+06 3.01297e+06
3.05131e+06 3.04513e+06 2.96596e+06 3.0134e+06
3.03687e+06 3.07072e+06 3.10337e+06 2.91496e+06
3.07378e+06 3.1015e+06 2.98036e+06 2.93011e+06
3.15014e+06 3.07235e+06 2.89784e+06 3.06107e+06
2.97059e+06 3.13995e+06 3.04338e+06 3.02652e+06
3.11385e+06 3.10986e+06 2.89974e+06 3.02907e+06
3.07391e+06 3.03429e+06 2.9433e+06 3.03461e+06
3.07486e+06 3.06277e+06 2.91325e+06 3.0344e+06
3.05269e+06 3.08953e+06 3.00815e+06 2.94494e+06
2.99388e+06 3.07479e+06 2.99625e+06 3.0332e+06
3.03709e+06 3.06067e+06 2.93679e+06 2.99467e+06
2.96454e+06 3.1214e+06 2.9909e+06 3.04816e+06
2.96177e+06 3.07429e+06 2.96014e+06 3.09303e+06
2.94619e+06 3.1357e+06 3.00326e+06 3.11321e+06
2.98529e+06 3.11651e+06 2.95204e+06 3.04262e+06
3.0702e+06 3.04669e+06 2.96506e+06 3.00382e+06
3.01797e+06 3.07666e+06 2.94343e+06 3.01495e+06
3.03998e+06 3.06072e+06 2.96922e+06 2.98542e+06
3.07576e+06 3.06202e+06 2.91188e+06 3.04619e+06
2.96126e+06 3.14738e+06 3.03913e+06 3.02221e+06
3.02738e+06 3.04716e+06 2.99596e+06 3.02894e+06
3.10041e+06 3.0606e+06 2.91768e+06 3.09043e+06
3.0353e+06 3.05844e+06 2.95744e+06 2.99306e+06
3.08894e+06 3.08278e+06 2.92947e+06 3.02906e+06
