449 6.39384
247668 221332 178134 196318
240466 198696 189473 197268
237386 221645 196935 181476
219856 215640 218598 192145
218508 249379 182567 194244
218384 227891 172444 203160
215140 215234 182614 221415
203374 223004 205717 215145
211593 240524 194041 198981
218508 249379 182567 194244
247668 221332 178134 196318
234303 203533 194974 210599
210925 232190 208323 194028
228173 211817 213715 187661
210242 219332 183916 217299
205802 226460 200945 220889
238371 204135 190856 213628
228451 224045 203526 183882
211593 240524 194041 198981
232419 236627 177932 196773
210432 211985 215156 201854
219856 215640 218598 192145
224589 234952 186719 188254
211686 232372 206877 194431
223613 201594 203842 203411
214104 214392 183025 216212
240466 198696 189473 197268
209335 235845 197734 195103
208712 212886 201172 201145
223478 201004 192497 212260
215329 229905 208051 186472
223478 201004 192497 212260
204939 227323 199650 205313
214791 230635 198102 190195
228173 211817 213715 187661
238027 216016 187342 187303
226712 199285 197102 191790
215597 217539 196083 190346
210432 211985 215156 201854
211327 224955 182336 217196
206314 224028 190779 209676
235104 221138 175683 202225
212444 219644 173906 214012
209749 221955 199621 200409
222166 204796 191871 207590
205759 223978 206496 203220
222668 235077 183670 189451
236782 220997 178132 201215
203374 223004 205717 215145
213170 204374 197744 199360
216182 206870 190158 196113
212001 227412 179254 209330
209518 226878 187559 207360
226834 206633 188443 197939
232836 212975 176757 204159
221432 206735 205346 194101
217678 209851 181206 202160
233682 213972 180999 190005
235104 221138 175683 202225
220448 208365 202421 187821
206815 229557 200715 199234
223061 224789 203033 184933
231661 213832 185205 187453
220734 210668 179908 197718
225202 212518 194932 185410
232419 236627 177932 196773
219906 206783 200316 192893
230122 227403 180168 192991
219159 225089 174489 201784
220203 209213 182051 208438
218331 228193 182483 197603
225449 222619 190511 187905
223850 223663 180566 190942
220992 227077 186141 188516
229876 224054 186885 186335
205202 229868 196727 196340
216918 221584 194823 186636
228018 216968 182423 197068
207794 219278 208199 201466
211686 232372 206877 194431
217516 214846 191284 193011
209218 219797 197366 202660
231194 220565 187805 189221
212520 220607 203577 192343
227067 208649 182120 201573
215023 214912 183053 204421
227354 222585 175090 205391
215180 231599 205575 190068
222744 213481 176004 202653
206460 219527 194591 215001
220203 209213 182051 208438
226311 217970 189227 188850
216375 210241 184815 195299
205178 217851 205961 214810
216944 213382 194001 192681
218014 223381 183369 197687
207794 219278 208199 201466
212391 227865 182994 199860
214252 223141 177211 201031
225386 203912 198900 206661
223491 231363 190228 187379
218169 213576 178992 208030
224307 207865 192067 189102
211219 211067 185174 200837
220869 217009 176213 201356
215924 222339 202888 189795
220601 224015 175239 207395
229236 218952 183453 191690
222286 205292 189582 198642
205802 226460 200945 220889
214348 210425 189025 214406
227409 214955 193098 187470
222376 205600 191140 197660
232791 210137 184648 191973
209951 214677 201122 212842
218426 225778 193663 190066
227268 219081 187902 184860
226373 203564 202459 196959
217375 209239 196509 194159
214157 218311 190499 193625
220775 214804 201708 192306
218140 207624 184417 203437
219383 209442 184397 203095
217488 226040 183901 198436
212444 219644 173906 214012
216688 219965 185085 192665
217318 206776 199104 196579
210760 221119 189222 209366
217234 207948 185918 202462
224017 218044 187761 190658
222056 215748 198152 186027
221671 207399 182552 192142
212979 229437 180900 202675
214579 217137 186987 199321
233929 207125 190671 187534
213839 216728 203592 196445
216414 222867 184110 193445
219549 215097 180743 197332
215316 223730 201930 191335
238083 215037 181679 184555
210859 224357 198598 196717
209951 214677 201122 212842
218169 213576 178992 208030
221846 214018 200799 190401
231450 211955 181479 191268
223038 212404 193818 187734
217234 207948 185918 202462
213562 217247 177241 204416
209636 226506 191268 205857
221514 209482 189426 199303
219159 225089 174489 201784
223685 220016 191016 190125
223230 210814 192600 190642
229575 218940 180956 194405
215270 212182 181881 206339
210185 210894 193447 204880
216578 215206 178530 205535
222251 227271 194546 184822
206787 227472 182940 201612
224152 219381 180623 189427
223632 228786 190550 186505
214348 210425 189025 214406
219624 205755 195492 203904
215270 212182 181881 206339
223613 201594 203842 203411
212345 220008 188776 196503
221906 209437 195066 188440
232554 212375 192847 188909
215140 215234 182614 221415
226712 199285 197102 191790
216488 210104 192659 193788
210925 232190 208323 194028
225202 212518 194932 185410
218904 218971 181428 190181
215924 222339 202888 189795
211219 211067 185174 200837
219345 219920 178221 193514
226421 211840 188459 191328
212276 210181 190787 199971
232296 205755 193259 192306
217432 218755 195593 191498
228919 204892 180067 198289
215901 208559 190264 196489
211755 223315 192021 191553
217432 218755 195593 191498
216578 215206 178530 205535
210859 224357 198598 196717
236782 220997 178132 201215
205178 217851 205961 214810
229666 210746 198961 184886
209676 224719 182586 201745
231194 220565 187805 189221
232238 216354 194376 187345
212979 229437 180900 202675
206377 220923 192059 203401
211012 216214 200401 198417
224589 234952 186719 188254
225386 203912 198900 206661
213882 206330 193498 201175
211806 221083 189245 193596
213424 207135 189555 205123
213823 206896 195374 196859
213757 225888 186430 198936
224052 205033 205823 188784
216375 210241 184815 195299
223632 228786 190550 186505
222191 206669 201910 191238
232836 212975 176757 204159
238083 215037 181679 184555
209464 220335 197162 204100
232065 217353 200436 183986
216101 216077 185928 191708
209464 220335 197162 204100
220911 205111 200948 198413
209636 226506 191268 205857
218619 217175 193120 185762
217674 219318 178215 204233
227345 219814 201048 184122
228919 204892 180067 198289
214050 219627 192170 196135
214152 215894 192671 196799
234058 214666 193590 185831
213424 207135 189555 205123
210185 210894 193447 204880
232238 216354 194376 187345
220778 215304 187788 195178
206376 224764 195217 199961
213757 225888 186430 198936
219624 205755 195492 203904
212001 227412 179254 209330
231841 214607 182438 188361
221284 213957 192533 190455
218619 217175 193120 185762
213882 206330 193498 201175
213051 215455 182900 201612
204939 227323 199650 205313
230122 227403 180168 192991
218940 212388 182371 201232
209870 219886 193367 207363
227122 206874 182935 198843
232065 217353 200436 183986
206815 229557 200715 199234
215277 221523 186945 196880
222056 215748 198152 186027
228919 204892 180067 198289
213562 217247 177241 204416
214286 211834 192398 194406
221146 206676 190508 200189
216414 222867 184110 193445
232554 212375 192847 188909
222286 205292 189582 198642
221432 206735 205346 194101
227186 217017 190316 190990
213051 215455 182900 201612
221146 206676 190508 200189
227345 219814 201048 184122
231841 214607 182438 188361
225386 203912 198900 206661
216842 215053 199644 193755
234058 214666 193590 185831
227186 217017 190316 190990
214050 219627 192170 196135
224052 205033 205823 188784
218140 207624 184417 203437
221284 213957 192533 190455
225449 222619 190511 187905
232296 205755 193259 192306
212979 229437 180900 202675
216101 216077 185928 191708
216842 215053 199644 193755
232065 217353 200436 183986
226421 211840 188459 191328
227186 217017 190316 190990
209636 226506 191268 205857
235104 221138 175683 202225
228173 211817 213715 187661
223632 228786 190550 186505
222286 205292 189582 198642
221432 206735 205346 194101
214348 210425 189025 214406
211686 232372 206877 194431
211219 211067 185174 200837
251126 220137 204574 190695
228989 203415 199517 204172
228757 225448 194544 184950
218858 229959 175254 212607
215051 211575 210952 199096
215045 232597 203370 190354
209429 223554 201241 212616
237843 217567 184280 192742
225557 223549 181137 198637
229415 224519 188131 188373
214452 208964 189881 206436
212178 215030 201570 202643
220817 206124 207393 200301
225510 225603 193812 193154
224293 221512 187921 196103
216130 215986 184704 206091
234792 211646 194486 194527
231146 219139 188668 195481
235918 217818 190389 191069
220927 211008 195051 197219
232200 213208 185756 200439
219012 230289 190589 197835
228750 214405 196849 192647
218022 219478 198883 191455
227444 209290 199053 192718
223261 209282 191349 203789
217291 216928 199479 196484
230006 206982 191107 199972
221815 215195 189414 193391
218578 220337 185295 199462
215436 211038 205004 201376
229143 205623 196959 200311
220213 215694 202679 201116
232517 211185 187635 202461
226488 208215 197128 200730
214163 212029 206373 198099
218122 223728 186764 200863
214862 220117 194029 202129
224959 219592 184305 198171
225892 208741 202739 197262
226729 207392 192504 202245
223139 208813 197565 193338
226618 213946 193801 196315
221769 214470 192624 196959
222533 217215 185055 197784
220229 211267 189762 197736
229162 214192 186956 200183
215423 217294 192356 200767
230651 208910 187699 204081
226656 219164 193127 193249
214163 212029 206373 198099
214163 212029 206373 198099
218293 220123 193812 196939
242632 218993 187342 195348
232457 206111 200662 200824
230111 231052 207842 186051
229381 223822 183865 201080
227333 218093 190674 212190
225223 211944 217167 198221
223468 235197 194914 197453
212731 231216 204273 205106
240487 226230 198332 192062
215037 211077 196403 209989
227675 209877 208555 202091
223521 210460 216204 212172
236656 220453 186385 199197
235713 216549 205593 192842
232677 207878 194288 202317
220644 224241 213504 198383
219193 214978 208229 207199
223777 218486 214173 201949
233864 225395 188816 197537
220495 228599 191812 203504
221521 230571 192507 198430
234753 219967 185148 200882
215369 227628 194656 203658
222823 213365 191770 205308
220770 220981 191958 207320
225217 213167 201883 198945
229063 211750 203472 193199
217781 224089 203377 199318
216955 222107 200893 202481
231604 216529 193336 198883
216569 223530 193214 203887
227382 222992 195024 194918
218629 224365 195333 201009
219798 220624 197256 203003
226210 220370 201510 193696
225652 210038 199496 195950
224684 223682 199161 192211
215596 215979 203654 204193
226299 214335 196277 204880
230487 217961 191992 199783
220151 220806 205416 199098
229366 218944 194232 196188
222354 213859 201613 204057
230768 223123 200195 192722
220782 221438 201260 201389
225949 221765 185809 197913
231176 215616 198605 194945
222058 224027 186208 200694
226950 219760 198621 197600
233709 213399 196429 197957
230699 210946 196559 203021
230453 214452 193902 199323
230789 215675 188368 201201
221655 222012 189933 203767
230015 218437 201500 195606
218757 221160 195787 202720
223244 218911 199189 195296
227057 220110 192011 200120
225875 230938 190041 199561
229116 219545 195712 199459
227148 215898 191497 201318
224865 215715 196444 204565
221755 221197 197045 201150
229411 220874 192227 199188
225286 215689 203701 195409
221225 223066 195180 197530
241084 224654 197418 197734
235193 227348 184124 203041
235042 220885 199525 195262
233639 236805 204432 195724
229959 215440 196767 212349
227850 210363 201643 197620
227376 212092 216786 209782
216280 223851 210064 207808
220262 232296 203112 204567
225880 215889 208265 207186
232842 225090 186025 197937
228022 217699 209924 196837
222719 229536 192107 204244
222041 236206 195061 201885
238681 217582 188627 201824
232351 222193 188556 204335
230600 217259 196825 202852
238720 221983 194795 199394
223443 226188 193832 204862
221115 220151 205452 207822
217857 217463 205567 205859
239709 215537 195784 201119
224502 220857 201274 206140
218206 220635 205232 211376
219511 221622 196046 207495
240737 215046 198032 202227
229696 227546 192244 204865
227382 213926 196789 207288
233013 218767 189199 211725
234590 219737 191038 203821
233067 217358 190531 205844
221549 228237 198646 199892
229523 220629 200046 200356
226327 227056 198634 197582
228569 221053 199973 203740
222909 219070 198547 212139
229170 226686 198225 203865
226914 223717 199638 202517
224453 215444 195987 210644
229819 222342 189812 202163
222043 223132 195141 204796
221227 228233 195786 203359
229780 221796 195765 210012
227737 225053 191880 212273
227851 217672 200356 199756
224329 222971 205472 203857
234829 223644 192066 199991
239432 218687 199234 202724
236474 225604 187514 200414
231208 223780 203154 199464
229502 212004 201881 210085
227372 216822 204563 218654
225663 218013 209736 207520
223658 236278 193277 210793
219911 233963 206223 205942
223919 223026 209143 218521
220467 228908 201120 216923
222527 229235 197441 213067
235539 216630 199284 208625
222882 226499 201609 215289
231555 214190 201966 201062
228267 232217 194963 204419
230429 220796 206676 204993
233551 230582 195849 201730
232819 219942 196981 205206
233785 225893 190251 203966
228073 228979 192946 216751
226648 226229 196152 212525
237348 212662 204579 207082
230358 226270 190245 206491
237030 218817 198472 211205
238567 223843 201476 199702
228871 212957 209461 203669
229895 224110 198453 203477
227463 225062 198825 207872
222742 233901 198892 210581
227457 229192 199855 201356
229520 224647 201628 202840
236135 218692 198954 204812
243397 225701 197126 204046
240036 222143 204578 214408
238444 246383 192997 211231
237054 224710 211118 200349
233169 231215 206557 200242
233070 212444 208282 210569
224619 230718 201072 213231
242827 219330 200269 208109
230374 236503 202578 205442
235257 235582 203280 210397
237418 227873 204984 203381
231682 229277 204446 205676
237779 214786 207447 203983
243013 221427 200667 204813
241324 238252 213364 206400
233308 231413 217434 204472
