1759 14.6921
143989 97108
115941 122563
118314 107042
128467 103670
130943 97114
116154 115657
155017 114106
120352 128658
132765 127187
144541 117856
133279 119243
136649 117863
148872 118447
129106 131275
136014 120121
135224 129591
146944 119683
129488 130118
159575 119963
131520 143508
151336 121626
142130 122236
137714 127650
137000 132980
133672 137293
156987 120819
135135 134962
139998 124813
134180 137097
140928 124134
140382 124169
149065 122330
135264 138400
145940 126822
138032 129098
147746 124885
142059 127657
137287 133155
140535 128600
137191 135256
135778 136985
150032 123559
135463 140917
138357 131210
141514 128771
137628 134822
135860 137305
143901 128181
148008 126292
147405 128177
147776 128000
153950 124325
136044 148896
149241 126873
137973 137484
137494 147581
143965 128195
138713 134656
142078 130317
140180 132706
140206 131625
143030 130038
155331 124332
137051 155741
137051 155741
137976 139796
150160 128432
153222 128003
143267 132194
146900 131564
138648 137871
140467 133908
144245 131586
139706 135256
154282 125970
147492 128594
147181 128824
154898 125033
140431 134310
147492 128594
140431 134310
159549 124581
138179 139968
147611 129111
156737 127738
143432 132271
150351 128865
154680 128030
142947 135759
140064 136846
143432 132271
141633 136481
140064 136846
142645 136228
161805 124595
138444 143712
160374 128413
152461 129571
143185 137504
143567 133228
147093 132275
149049 129793
140779 139547
161403 125776
139028 142340
140719 141250
165239 125653
138504 145165
156772 129890
147067 138441
147365 132636
162888 127607
144437 140650
150797 131130
152027 130015
139813 142618
141838 142041
142882 141529
163962 127277
164850 125801
163206 130199
138769 154276
138769 154276
151986 131991
160935 130877
146084 141206
147383 134834
140140 146936
144471 143718
149578 133568
141818 144851
141099 146167
168492 131278
143096 145084
147876 136165
159770 132193
147552 142689
152093 132575
150562 134111
146004 144190
146640 143549
146425 143849
153034 132607
143172 147584
148590 136196
148123 141269
145639 146720
147992 145432
162417 133235
145008 147974
147274 146900
148304 141527
152336 136196
157194 134023
157231 133874
150173 136859
148653 140434
149348 138943
149862 138094
152101 136454
164315 134502
148324 143934
151521 140163
157284 135008
153840 136739
149712 142490
154952 136278
158313 135676
148789 146617
151724 141363
156120 136491
153151 140566
159010 135876
152542 142761
156751 142110
157295 136837
161509 136813
158921 141411
171936 143582
160361 144461
91173 76054
87629 77687
87629 77687
89619 77297
89929 77140
87629 77687
90674 76265
90674 76265
89929 77140
89619 77297
91173 76054
90674 76265
91173 76054
90674 76265
91173 76054
91173 76054
91173 76054
91173 76054
91173 76054
91173 76054
91173 76054
91173 76054
91173 76054
91173 76054
91173 76054
91173 76054
91173 76054
90674 76265
90674 76265
90674 76265
90674 76265
90674 76265
90674 76265
90674 76265
90674 76265
90674 76265
90674 76265
90674 76265
90674 76265
90674 76265
90674 76265
90674 76265
90674 76265
90674 76265
90674 76265
90674 76265
90674 76265
90674 76265
90674 76265
90674 76265
90674 76265
90674 76265
90674 76265
90674 76265
90674 76265
90674 76265
90674 76265
90674 76265
90674 76265
90674 76265
90674 76265
90674 76265
90674 76265
90674 76265
90674 76265
90674 76265
90674 76265
90674 76265
90674 76265
90674 76265
90674 76265
90674 76265
90674 76265
90674 76265
90674 76265
90674 76265
90674 76265
90674 76265
90674 76265
90674 76265
90674 76265
90674 76265
90674 76265
90674 76265
90674 76265
90674 76265
90674 76265
90674 76265
90674 76265
123328 102278
121659 143302
121717 116947
125174 102552
122283 122531
133891 104381
124831 129710
127400 112321
133829 104454
127303 128686
134348 110333
127425 118359
131431 117318
132748 114975
134118 112619
147298 110481
127527 126100
142062 113723
134751 114175
133280 116669
131617 119787
127638 121596
129281 120904
152353 110784
128132 131752
148637 112200
139791 114222
130389 123538
129038 129131
132116 120493
133566 117938
135831 115150
135464 115226
142518 114768
129383 132325
133714 119932
131279 126060
137337 115681
145049 114993
129883 137115
131686 128766
134572 123446
137913 121047
142359 116994
141297 118743
135774 121721
141734 118554
136549 121498
137190 121280
143822 117295
134111 137352
134164 129536
137261 123900
141566 123198
135168 126062
142990 121294
135750 124227
141759 121928
142948 121886
135520 124869
156567 120399
136402 124450
143776 123566
153780 123173
154098 121750
155528 122328
136634 133312
142133 124610
137867 128503
138169 125574
137934 126435
163639 122383
136702 136985
141538 125691
158993 125079
138142 133556
150636 126026
137395 138141
142508 126461
140344 137908
149017 127213
142655 127215
143357 127689
144302 128194
152389 130752
144419 131247
147828 132607
145797 133002
156010 135645
149952 139483
156521 141082
89435 75540
89435 75540
87629 77687
87629 77687
89435 75540
87629 77687
89435 75540
89435 75540
89435 75540
89435 75540
89435 75540
89435 75540
89435 75540
89435 75540
89435 75540
89435 75540
89435 75540
89435 75540
89435 75540
90674 76265
90674 76265
89619 77297
89619 77297
89929 77140
90674 76265
90674 76265
89929 77140
90674 76265
90674 76265
90674 76265
90674 76265
90674 76265
90674 76265
90674 76265
90674 76265
90674 76265
90674 76265
90674 76265
90674 76265
90674 76265
90674 76265
90674 76265
90674 76265
90674 76265
90674 76265
90674 76265
90674 76265
90674 76265
90674 76265
90674 76265
90674 76265
90674 76265
90674 76265
90674 76265
90674 76265
90674 76265
90674 76265
90674 76265
90674 76265
90674 76265
90674 76265
90674 76265
135256 102770
117389 105149
140408 106846
122392 111616
132386 107688
126517 110410
139185 109032
124198 119369
132943 111925
128188 119153
134403 110165
128750 114325
128456 114932
140253 109503
125703 120230
135580 112248
130096 114917
128761 115966
143084 109610
126759 128105
135788 115026
129494 117074
136333 112362
141425 110826
128007 124025
128434 120679
129319 119562
142701 109986
128995 120159
152819 109762
128858 132511
144016 111794
129242 124863
136309 117492
140234 114787
140714 113373
130980 122063
132279 118714
133893 118146
131549 121466
147639 111941
130074 126742
132693 123900
141905 114602
133916 120377
137866 117817
141099 115676
137493 120124
151151 112938
131245 129432
134603 120688
132947 129179
140077 118153
136662 120581
146561 115488
142101 116491
144167 116084
145897 115503
146021 115663
135352 135035
140983 120137
135704 121424
135624 124981
145609 118982
148042 117412
135883 121655
142047 120445
146890 120037
153154 117637
136138 126979
145508 120887
152883 119723
137767 121661
136679 122347
137082 121930
147824 121106
136479 127540
139131 122657
143787 122324
137562 125844
162230 122646
136998 130052
139536 126265
154878 122682
148311 123307
142357 123428
141230 124394
141804 124382
148835 123573
137390 130561
143409 124746
140262 127370
140373 126324
150084 126288
140448 132863
146748 126370
140784 126853
140511 129721
140532 127945
142846 126853
140478 137872
141042 129719
141926 127448
141288 129550
147551 127913
141610 132332
143464 130201
149304 129601
143786 132248
147584 130464
145294 131428
144557 131618
153987 130858
144432 137351
148796 133571
150263 131142
156320 135784
149023 142030
90517 76163
87629 77687
87629 77687
89619 77297
87629 77687
90517 76163
89929 77140
89619 77297
90517 76163
89929 77140
89929 77140
89929 77140
90517 76163
90517 76163
90517 76163
90517 76163
90517 76163
90517 76163
90517 76163
90517 76163
90517 76163
90517 76163
90517 76163
90517 76163
90517 76163
89929 77140
89929 77140
89929 77140
89929 77140
89929 77140
89929 77140
89929 77140
89929 77140
89929 77140
89929 77140
89929 77140
89929 77140
89929 77140
89929 77140
89929 77140
89929 77140
89929 77140
89929 77140
89929 77140
89929 77140
89929 77140
89929 77140
89929 77140
89929 77140
89929 77140
89929 77140
89929 77140
89929 77140
89929 77140
89929 77140
89929 77140
89929 77140
89929 77140
89929 77140
89929 77140
89929 77140
89929 77140
89929 77140
89929 77140
89929 77140
89929 77140
89929 77140
89929 77140
89929 77140
89929 77140
89929 77140
89929 77140
89929 77140
89929 77140
89929 77140
89929 77140
89929 77140
89929 77140
89929 77140
89929 77140
89929 77140
89929 77140
89929 77140
89929 77140
89929 77140
89929 77140
89929 77140
89929 77140
89929 77140
144137 102658
124522 114365
131716 102819
124705 107140
149208 108324
125711 118892
130376 116416
131937 111458
138912 108992
137555 110833
141392 109670
127097 119753
133129 112741
133177 112266
134842 113531
129408 120301
137268 113770
130270 138885
131588 128867
134556 121466
135238 117790
134953 118856
150747 114813
132246 137491
134281 132236
135100 124438
137470 118318
136221 123111
143017 116662
140187 117205
147820 115928
146640 116441
140313 117465
134487 147352
135403 135127
135406 124515
137784 118995
137515 123016
147584 117508
136341 128500
138334 119217
145556 118091
142963 118713
141185 119154
148936 119180
136377 131482
139642 121774
143333 120490
139284 128449
137873 129640
140170 123195
138750 139210
139455 130146
138868 133165
142836 123389
138990 140135
140249 137323
140391 126866
140864 124696
142148 124302
149809 124010
140460 130294
148193 127146
143874 127560
141307 127960
151672 126548
141331 135244
142239 130908
164974 128434
142277 133946
152398 130846
143532 133373
161115 129249
157224 131155
142411 139995
152393 133430
143071 134376
142475 137764
154637 133604
143245 141918
143457 135794
150996 135556
158856 137073
144549 140324
149004 137738
146740 140102
150664 139620
145482 141059
154982 145264
148019 145731
149357 148523
