329 15.8809
267919 240367 217714
267919 240367 217714
267742 242562 216086
266772 243170 216156
266772 243170 216156
267229 241016 216849
267742 242562 216086
267766 241996 216089
267229 241016 216849
267229 241016 216849
266772 243170 216156
267229 241016 216849
266772 243170 216156
267919 240367 217714
267766 241996 216089
267229 241016 216849
266772 243170 216156
267742 242562 216086
266772 243170 216156
267742 242562 216086
267742 242562 216086
267919 240367 217714
267919 240367 217714
267766 241996 216089
267766 241996 216089
267766 241996 216089
267742 242562 216086
267742 242562 216086
267229 241016 216849
267229 241016 216849
267229 241016 216849
267229 241016 216849
267229 241016 216849
267229 241016 216849
267229 241016 216849
267229 241016 216849
267229 241016 216849
267229 241016 216849
267229 241016 216849
267229 241016 216849
267229 241016 216849
267229 241016 216849
267229 241016 216849
267229 241016 216849
266772 243170 216156
266772 243170 216156
266772 243170 216156
266772 243170 216156
266772 243170 216156
266772 243170 216156
266772 243170 216156
266772 243170 216156
266772 243170 216156
266772 243170 216156
266772 243170 216156
266772 243170 216156
266772 243170 216156
266772 243170 216156
266772 243170 216156
266772 243170 216156
266772 243170 216156
266772 243170 216156
266772 243170 216156
266772 243170 216156
266772 243170 216156
266772 243170 216156
266772 243170 216156
266772 243170 216156
266772 243170 216156
266772 243170 216156
266772 243170 216156
266772 243170 216156
266772 243170 216156
266772 243170 216156
266772 243170 216156
266772 243170 216156
266772 243170 216156
266772 243170 216156
266772 243170 216156
266772 243170 216156
266772 243170 216156
266772 243170 216156
266772 243170 216156
266772 243170 216156
266772 243170 216156
266772 243170 216156
266772 243170 216156
266772 243170 216156
266772 243170 216156
266772 243170 216156
266772 243170 216156
266772 243170 216156
266772 243170 216156
266772 243170 216156
266772 243170 216156
266772 243170 216156
266772 243170 216156
266772 243170 216156
266772 243170 216156
266772 243170 216156
266772 243170 216156
266772 243170 216156
266772 243170 216156
266772 243170 216156
266772 243170 216156
266772 243170 216156
266772 243170 216156
273864 252342 233168
273864 252342 233168
273864 252342 233168
273864 252342 233168
278808 256705 246426
278808 256705 246426
278438 257948 249163
278438 257948 249163
278438 257948 249163
278808 256705 246426
278808 256705 246426
278438 257948 249163
278438 257948 249163
278438 257948 249163
278808 256705 246426
278808 256705 246426
278808 256705 246426
278808 256705 246426
278808 256705 246426
278808 256705 246426
278808 256705 246426
278808 256705 246426
278808 256705 246426
278808 256705 246426
278808 256705 246426
278808 256705 246426
278808 256705 246426
278808 256705 246426
278808 256705 246426
278808 256705 246426
278438 257948 249163
278438 257948 249163
278438 257948 249163
278438 257948 249163
278438 257948 249163
278438 257948 249163
278438 257948 249163
278438 257948 249163
278438 257948 249163
278438 257948 249163
278438 257948 249163
278438 257948 249163
278438 257948 249163
278438 257948 249163
278438 257948 249163
278438 257948 249163
278438 257948 249163
278438 257948 249163
278438 257948 249163
278438 257948 249163
278438 257948 249163
278438 257948 249163
278438 257948 249163
278438 257948 249163
278438 257948 249163
278438 257948 249163
278438 257948 249163
278438 257948 249163
278438 257948 249163
278438 257948 249163
290571 267191 256992
290571 267191 256992
290571 267191 256992
284366 333224 312981
284366 333224 312981
290571 267191 256992
290571 267191 256992
290571 267191 256992
284366 333224 312981
290571 267191 256992
290571 267191 256992
290571 267191 256992
290571 267191 256992
290571 267191 256992
290571 267191 256992
290571 267191 256992
290571 267191 256992
290571 267191 256992
290571 267191 256992
290571 267191 256992
290571 267191 256992
290571 267191 256992
290571 267191 256992
290571 267191 256992
290571 267191 256992
290571 267191 256992
290571 267191 256992
290571 267191 256992
290571 267191 256992
290571 267191 256992
290571 267191 256992
290571 267191 256992
290571 267191 256992
290571 267191 256992
290571 267191 256992
290571 267191 256992
290571 267191 256992
290571 267191 256992
290571 267191 256992
290571 267191 256992
290571 267191 256992
290571 267191 256992
290571 267191 256992
290571 267191 256992
290571 267191 256992
290571 267191 256992
290571 267191 256992
290571 267191 256992
290571 267191 256992
290571 267191 256992
290571 267191 256992
290571 267191 256992
290571 267191 256992
290571 267191 256992
290571 267191 256992
284366 333224 312981
342237 324224 268284
301324 271989 269400
300778 306034 330028
298087 344026 304743
292748 328642 313604
299704 333282 295069
326855 332550 269110
301324 271989 269400
300778 306034 330028
301324 271989 269400
301324 271989 269400
326855 332550 269110
342237 324224 268284
299174 317553 317673
294802 310894 326546
293948 343652 307744
296208 338460 305494
298087 344026 304743
292748 328642 313604
293354 327527 310677
300787 311953 300237
294802 310894 326546
300787 311953 300237
295142 337630 307246
293354 327527 310677
295820 318272 316514
298383 319149 295968
300787 311953 300237
300156 317792 296056
342237 324224 268284
300778 306034 330028
326855 332550 269110
295142 337630 307246
296208 338460 305494
295820 318272 316514
293948 343652 307744
299174 317553 317673
298383 319149 295968
298383 319149 295968
299174 317553 317673
300156 317792 296056
298383 319149 295968
301324 271989 269400
300787 311953 300237
326855 332550 269110
300156 317792 296056
300156 317792 296056
298383 319149 295968
326855 332550 269110
301324 271989 269400
300156 317792 296056
300156 317792 296056
300778 306034 330028
342237 324224 268284
342237 324224 268284
342237 324224 268284
326855 332550 269110
326855 332550 269110
326855 332550 269110
326855 332550 269110
326855 332550 269110
326855 332550 269110
326855 332550 269110
326855 332550 269110
326855 332550 269110
326855 332550 269110
326855 332550 269110
326855 332550 269110
326855 332550 269110
326855 332550 269110
326855 332550 269110
326855 332550 269110
326855 332550 269110
326855 332550 269110
326855 332550 269110
326855 332550 269110
326855 332550 269110
326855 332550 269110
326855 332550 269110
326855 332550 269110
326855 332550 269110
326855 332550 269110
326855 332550 269110
326855 332550 269110
326855 332550 269110
326855 332550 269110
326855 332550 269110
326855 332550 269110
326855 332550 269110
326855 332550 269110
301324 271989 269400
301324 271989 269400
301324 271989 269400
301324 271989 269400
301324 271989 269400
301324 271989 269400
301324 271989 269400
301324 271989 269400
301324 271989 269400
301324 271989 269400
301324 271989 269400
301324 271989 269400
301324 271989 269400
301324 271989 269400
301324 271989 269400
301324 271989 269400
301324 271989 269400
301324 271989 269400
301324 271989 269400
301324 271989 269400
301324 271989 269400
301324 271989 269400
301324 271989 269400
301324 271989 269400
301324 271989 269400
301324 271989 269400
301324 271989 269400
301324 271989 269400
301324 271989 269400
301324 271989 269400
301324 271989 269400
301324 271989 269400
301324 271989 269400
301324 271989 269400
301324 271989 269400
301324 271989 269400
301324 271989 269400
301324 271989 269400
301324 271989 269400
301324 271989 269400
301324 271989 269400
301324 271989 269400
301324 271989 269400
301324 271989 269400
301324 271989 269400
301324 271989 269400
301324 271989 269400
301324 271989 269400
301324 271989 269400
301324 271989 269400
301324 271989 269400
301324 271989 269400
301324 271989 269400
301324 271989 269400
301324 271989 269400
301324 271989 269400
301324 271989 269400
301324 271989 269400
301324 271989 269400
301324 271989 269400
301324 271989 269400
301324 271989 269400
300787 311953 300237
300787 311953 300237
300787 311953 300237
300787 311953 300237
300787 311953 300237
300787 311953 300237
300787 311953 300237
300787 311953 300237
300787 311953 300237
300787 311953 300237
300787 311953 300237
300787 311953 300237
300787 311953 300237
300787 311953 300237
300787 311953 300237
300787 311953 300237
300787 311953 300237
300787 311953 300237
300787 311953 300237
300778 306034 330028
300778 306034 330028
300778 306034 330028
300778 306034 330028
300778 306034 330028
300156 317792 296056
300156 317792 296056
300156 317792 296056
300156 317792 296056
300156 317792 296056
300156 317792 296056
300156 317792 296056
300156 317792 296056
300156 317792 296056
300156 317792 296056
300156 317792 296056
300156 317792 296056
300156 317792 296056
300156 317792 296056
300156 317792 296056
300156 317792 296056
300156 317792 296056
300156 317792 296056
300156 317792 296056
299174 317553 317673
299174 317553 317673
298383 319149 295968
298383 319149 295968
298383 319149 295968
298383 319149 295968
298383 319149 295968
298383 319149 295968
298383 319149 295968
298383 319149 295968
298383 319149 295968
298383 319149 295968
298383 319149 295968
298383 319149 295968
298383 319149 295968
298383 319149 295968
298383 319149 295968
298383 319149 295968
298383 319149 295968
298383 319149 295968
298383 319149 295968
298383 319149 295968
298383 319149 295968
298383 319149 295968
298383 319149 295968
298383 319149 295968
298383 319149 295968
298383 319149 295968
298383 319149 295968
298383 319149 295968
298383 319149 295968
298383 319149 295968
298383 319149 295968
364482 306946 309326
335859 308446 283790
330682 313583 318863
321033 338647 290640
309341 335573 304378
335590 325716 299127
309679 335316 309773
341948 312301 294297
333017 326037 325680
328399 342514 291676
310555 349470 307489
322726 339371 321590
339294 315406 308879
325195 335435 313416
334459 335226 323441
332317 338519 308439
340026 336225 308737
333160 339702 307744
354111 324318 305388
340330 320685 318680
338641 359020 305680
336424 330777 325996
345184 343834 311779
336988 343804 323078
343144 324560 313400
350718 341940 314426
349314 328486 323059
345314 334846 327358
341317 335632 325206
344906 337797 320938
346346 333632 317763
350320 333597 315454
357168 338818 315607
359642 343189 277668
359642 343189 277668
328034 287247 313554
309728 307890 338521
302371 352775 300702
287790 316857 316891
298513 327201 311114
347937 290241 300870
327644 287795 331701
334414 335556 278579
318731 295480 319146
287790 316857 316891
335365 309795 282408
304403 313609 323351
345748 307685 293312
347937 290241 300870
327644 287795 331701
301443 322507 307991
302430 349385 294962
315617 321005 282993
320067 302001 308822
308789 337803 297103
307307 331040 304076
307874 308831 316861
332607 330059 280869
302430 349385 294962
302371 352775 300702
304403 313609 323351
318363 295494 318084
305674 326368 307874
330865 320928 291031
309252 315937 303788
317779 310714 299842
307205 329811 304551
311197 311777 312080
334013 319361 287417
298513 327201 311114
347684 300970 286438
310540 313984 297245
308789 337803 297103
326355 306914 296155
319354 305284 307869
315670 311497 307386
323143 330966 280076
324577 301031 297725
326630 298569 304468
324378 313011 291103
323143 330966 280076
304221 321995 310756
310174 300792 314512
319354 305284 307869
310174 300792 314512
313439 312596 306739
320727 319269 295284
326355 306914 296155
332304 309249 290751
328034 287247 313554
309252 315937 303788
345748 307685 293312
310301 316840 298644
304490 312568 309376
326630 298569 304468
323652 317925 296855
317779 310714 299842
326613 320980 288790
320313 288585 308654
332304 309249 290751
334013 319361 287417
308891 318423 303881
305674 326368 307874
311197 311777 312080
314039 313438 304815
302460 322432 308694
345748 307685 293312
326613 320980 288790
347684 300970 286438
345748 307685 293312
318731 295480 319146
304221 321995 310756
304490 312568 309376
318363 295494 318084
320313 288585 308654
335365 309795 282408
310501 310001 314355
306252 319210 304602
320131 309471 305285
314039 313438 304815
330865 320928 291031
323652 317925 296855
320727 319269 295284
326630 298569 304468
311169 312740 306248
313439 312596 306739
324577 301031 297725
310301 316840 298644
347684 300970 286438
301443 322507 307991
324378 313011 291103
306252 319210 304602
308889 322068 282558
335365 309795 282408
320131 309471 305285
345748 307685 293312
315670 311497 307386
311169 312740 306248
319354 305284 307869
310501 310001 314355
315617 321005 282993
311169 312740 306248
302460 322432 308694
307307 331040 304076
315670 311497 307386
308889 322068 282558
347684 300970 286438
335365 309795 282408
345748 307685 293312
347684 300970 286438
335365 309795 282408
311169 312740 306248
347684 300970 286438
311169 312740 306248
326630 298569 304468
319354 305284 307869
359642 343189 277668
359642 343189 277668
359642 343189 277668
359642 343189 277668
359642 343189 277668
347937 290241 300870
347937 290241 300870
347684 300970 286438
347684 300970 286438
347684 300970 286438
347684 300970 286438
347684 300970 286438
347684 300970 286438
347684 300970 286438
347684 300970 286438
347684 300970 286438
347684 300970 286438
347684 300970 286438
347684 300970 286438
347684 300970 286438
347684 300970 286438
347684 300970 286438
347684 300970 286438
347684 300970 286438
347684 300970 286438
347684 300970 286438
347684 300970 286438
347684 300970 286438
347684 300970 286438
347684 300970 286438
347684 300970 286438
347684 300970 286438
347684 300970 286438
347684 300970 286438
347684 300970 286438
347684 300970 286438
347684 300970 286438
347684 300970 286438
347684 300970 286438
347684 300970 286438
347684 300970 286438
347684 300970 286438
347684 300970 286438
347684 300970 286438
347684 300970 286438
347684 300970 286438
347684 300970 286438
347684 300970 286438
347684 300970 286438
347684 300970 286438
347684 300970 286438
347684 300970 286438
347684 300970 286438
347684 300970 286438
347684 300970 286438
347684 300970 286438
347684 300970 286438
347684 300970 286438
347684 300970 286438
347684 300970 286438
347684 300970 286438
347684 300970 286438
347684 300970 286438
347684 300970 286438
347684 300970 286438
347684 300970 286438
347684 300970 286438
347684 300970 286438
347684 300970 286438
347684 300970 286438
347684 300970 286438
347684 300970 286438
347684 300970 286438
347684 300970 286438
347684 300970 286438
347684 300970 286438
347684 300970 286438
347684 300970 286438
347684 300970 286438
347684 300970 286438
347684 300970 286438
347684 300970 286438
347684 300970 286438
347684 300970 286438
347684 300970 286438
347684 300970 286438
347684 300970 286438
347684 300970 286438
347684 300970 286438
347684 300970 286438
347684 300970 286438
347684 300970 286438
347684 300970 286438
347684 300970 286438
347684 300970 286438
347684 300970 286438
347684 300970 286438
347684 300970 286438
347684 300970 286438
347684 300970 286438
347684 300970 286438
347684 300970 286438
347684 300970 286438
347684 300970 286438
347684 300970 286438
347684 300970 286438
347684 300970 286438
345748 307685 293312
345748 307685 293312
345748 307685 293312
345748 307685 293312
345748 307685 293312
345748 307685 293312
345748 307685 293312
345748 307685 293312
345748 307685 293312
345748 307685 293312
345748 307685 293312
345748 307685 293312
345748 307685 293312
345748 307685 293312
345748 307685 293312
345748 307685 293312
345748 307685 293312
345748 307685 293312
345748 307685 293312
345748 307685 293312
345748 307685 293312
345748 307685 293312
345748 307685 293312
345748 307685 293312
345748 307685 293312
345748 307685 293312
345748 307685 293312
345748 307685 293312
345748 307685 293312
345748 307685 293312
345748 307685 293312
345748 307685 293312
345748 307685 293312
345748 307685 293312
345748 307685 293312
345748 307685 293312
345748 307685 293312
345748 307685 293312
345748 307685 293312
345748 307685 293312
345748 307685 293312
345748 307685 293312
345748 307685 293312
345748 307685 293312
345748 307685 293312
345748 307685 293312
345748 307685 293312
345748 307685 293312
345748 307685 293312
345748 307685 293312
345748 307685 293312
345748 307685 293312
345748 307685 293312
345748 307685 293312
345748 307685 293312
345748 307685 293312
345748 307685 293312
345748 307685 293312
345748 307685 293312
345748 307685 293312
345748 307685 293312
345748 307685 293312
345748 307685 293312
345748 307685 293312
345748 307685 293312
345748 307685 293312
345748 307685 293312
345748 307685 293312
345748 307685 293312
345748 307685 293312
345748 307685 293312
345748 307685 293312
345748 307685 293312
345748 307685 293312
345748 307685 293312
345748 307685 293312
345748 307685 293312
345748 307685 293312
345748 307685 293312
345748 307685 293312
345748 307685 293312
345748 307685 293312
345748 307685 293312
345748 307685 293312
345748 307685 293312
345748 307685 293312
345748 307685 293312
345748 307685 293312
345748 307685 293312
345748 307685 293312
345748 307685 293312
345748 307685 293312
345748 307685 293312
345748 307685 293312
345748 307685 293312
345748 307685 293312
345748 307685 293312
345748 307685 293312
345748 307685 293312
345748 307685 293312
345748 307685 293312
345748 307685 293312
345748 307685 293312
345748 307685 293312
345748 307685 293312
345748 307685 293312
345748 307685 293312
345748 307685 293312
345748 307685 293312
345748 307685 293312
345748 307685 293312
345748 307685 293312
345748 307685 293312
345748 307685 293312
345748 307685 293312
345748 307685 293312
345748 307685 293312
345748 307685 293312
345748 307685 293312
345748 307685 293312
345748 307685 293312
345748 307685 293312
345748 307685 293312
345748 307685 293312
345748 307685 293312
345748 307685 293312
345748 307685 293312
345748 307685 293312
345748 307685 293312
345748 307685 293312
345748 307685 293312
345748 307685 293312
345748 307685 293312
335365 309795 282408
335365 309795 282408
335365 309795 282408
335365 309795 282408
335365 309795 282408
335365 309795 282408
335365 309795 282408
335365 309795 282408
335365 309795 282408
335365 309795 282408
335365 309795 282408
335365 309795 282408
326630 298569 304468
326630 298569 304468
326630 298569 304468
326630 298569 304468
319354 305284 307869
311169 312740 306248
311169 312740 306248
311169 312740 306248
311169 312740 306248
311169 312740 306248
311169 312740 306248
311169 312740 306248
311169 312740 306248
311169 312740 306248
311169 312740 306248
311169 312740 306248
311169 312740 306248
311169 312740 306248
311169 312740 306248
304490 312568 309376
304490 312568 309376
298513 327201 311114
356796 317279 283312
352534 337032 278772
342158 298979 306684
337907 300268 337624
320312 348899 296013
304741 320358 316176
329569 303946 321029
337907 300268 337624
326753 338319 292048
352534 337032 278772
342646 314231 284018
320312 348899 296013
318207 331007 296615
356796 317279 283312
341968 320211 287237
326753 338319 292048
329100 326184 290699
320003 306949 313213
318207 331007 296615
312836 317573 299194
310057 334210 304485
330631 336716 287564
335177 316146 306380
336144 309195 301072
312836 317573 299194
329569 303946 321029
330536 325609 298993
310057 334210 304485
335904 311122 310388
304741 320358 316176
306798 314775 314079
337249 304653 315023
309976 335014 307611
309976 335014 307611
306798 314775 314079
338248 307364 299105
326825 304250 319503
337572 300688 307264
335904 311122 310388
336144 309195 301072
330536 325609 298993
335177 316146 306380
336067 312244 289275
326825 304250 319503
342646 314231 284018
336067 312244 289275
342158 298979 306684
338248 307364 299105
329100 326184 290699
330631 336716 287564
337249 304653 315023
337572 300688 307264
341968 320211 287237
320312 348899 296013
330631 336716 287564
352534 337032 278772
335177 316146 306380
330631 336716 287564
371805 318337 310266
340016 349256 288512
331795 309820 313317
318129 332787 315770
349490 331734 291464
352771 329723 310872
325030 347142 311671
349830 310133 312731
345315 315714 330787
344606 335602 316430
328598 339495 337694
341222 326085 321723
334095 316512 337139
333262 338707 319311
329604 334435 324500
337186 323201 326519
343020 321820 325762
335801 331622 326118
334094 332107 328121
344825 315985 320553
355918 321128 322068
351687 319399 329739
344082 339499 320210
336390 333587 329230
348755 336880 325623
351526 324068 321579
355817 325719 323429
344525 335036 342044
359214 337210 324754
