98 1.64712
328811 276184 273320
311629 256355 283803
285417 302522 250117
282902 317076 262814
280747 295383 307759
277167 300275 278316
290091 275068 295267
307443 268273 278181
278821 304684 275980
279652 298545 284079
318960 280119 261159
296949 262097 282976
312560 294869 254143
293031 287235 275056
293619 289949 264720
303541 285093 267816
288223 288001 277110
297049 293710 258424
299706 286576 272947
282153 280661 279716
318960 280119 261159
315215 294248 257647
315215 294248 257647
313687 259604 283194
311042 279042 271991
297186 288593 268621
301408 285225 266987
288436 297381 259533
288636 278827 275684
285416 304233 263364
295931 300140 252319
311629 256355 283803
309026 282500 275321
309160 286372 265662
313687 259604 283194
294124 289318 265729
295931 300140 252319
281927 294936 269551
288615 287776 270707
304712 282735 272053
294814 288768 266951
280196 297388 275383
300841 282904 269342
304712 282735 272053
288372 284196 279550
285416 304233 263364
294918 282605 275579
300841 282904 269342
288372 284196 279550
282328 289792 265267
282328 289792 265267
318960 280119 261159
311629 256355 283803
288372 284196 279550
318960 280119 261159
315215 294248 257647
285416 304233 263364
349128 269147 281124
315452 258998 284775
305619 312377 252953
292060 276899 326923
284531 314356 268279
279962 302571 282150
302493 266497 294027
294538 279245 309953
292060 276899 326923
292494 277108 312212
315452 258998 284775
300034 269803 288839
338852 288142 270442
302870 295468 265238
289875 300051 259975
320685 288548 270076
297551 306006 256123
293200 293098 266020
294433 280641 277715
299654 297796 261993
313668 306971 255492
336214 286629 270688
329637 288791 266280
323455 287141 270640
315261 311917 254141
289710 304298 263800
333155 284994 274676
282359 309607 269474
308531 287388 275633
287977 290966 268265
290875 279527 290516
312968 267884 293535
293635 303871 259375
289051 283447 276692
317412 305550 255422
292814 309594 257870
329378 279409 275095
306635 284065 276145
298842 289853 268183
302485 277527 283734
333155 284994 274676
301922 286291 276112
311678 286716 273902
286475 296857 271374
285167 302293 272004
315245 287072 272711
317412 305550 255422
283979 305729 270860
326270 286976 271603
326270 286976 271603
311118 284284 275653
286260 288848 280906
300883 288010 271728
312734 279290 278013
292494 277108 312212
338852 288142 270442
286353 298567 279389
300034 269803 288839
282359 309607 269474
290875 279527 290516
305619 312377 252953
286277 288106 286287
289051 283447 276692
286353 298567 279389
302493 266497 294027
292097 306454 259466
312968 267884 293535
286875 287347 280275
298842 289853 268183
285167 302293 272004
292814 309594 257870
288208 288050 280237
286524 287329 283483
286277 288106 286287
311118 284284 275653
315452 258998 284775
286524 287329 283483
292814 309594 257870
312968 267884 293535
326270 286976 271603
326270 286976 271603
317412 305550 255422
315452 258998 284775
292814 309594 257870
290875 279527 290516
286524 287329 283483
286524 287329 283483
340231 300369 261757
319640 261155 288016
311425 306922 259090
305538 322215 259509
302336 278443 322420
281403 316616 310875
316361 270712 285486
330550 299644 264215
305159 271133 299549
302456 276389 307556
302336 278443 322420
322714 300569 261284
336374 286933 273861
287587 319421 271308
309571 272674 294160
281403 316616 310875
301136 280193 294447
288781 295845 268539
307315 312741 259224
285771 302855 274714
288167 290279 282089
314824 278507 291445
297146 293475 270877
336374 286933 273861
292618 308497 262088
305992 286727 276431
284690 303329 286148
308540 275739 292150
291974 314336 261446
313832 288415 273154
313056 298403 265903
302949 274823 293572
322714 300569 261284
301339 290180 268776
295101 304695 263253
290845 316613 261754
290545 283594 277850
309418 282481 279364
315285 277221 289011
307633 310472 260127
313241 280374 286623
290269 310563 266029
301627 292044 268575
291987 279846 297289
303481 298381 267165
306495 277826 292090
291950 305166 264249
299473 300728 262869
288475 304565 272228
286659 288508 291699
305949 279548 288207
296658 289166 277670
295557 294425 271322
307439 282657 279318
288421 309472 273534
298102 280923 280428
290545 283594 277850
299157 301615 260753
291987 279846 297289
315285 277221 289011
297752 301620 261560
298743 300846 263406
305992 286727 276431
289690 290684 281710
295714 302772 267041
292618 308497 262088
288381 292676 281533
292118 304636 267659
302949 274823 293572
291950 305166 264249
298102 280923 280428
308851 288697 273222
303481 298381 267165
284690 303329 286148
298571 299351 266762
289078 292535 271987
296658 289166 277670
307494 293950 267229
290788 304845 266081
298139 298940 267170
289690 290684 281710
284690 303329 286148
314958 294305 266935
307447 299651 262962
299456 299225 266886
289078 292535 271987
305286 294421 266024
288381 292676 281533
295714 302772 267041
305286 294421 266024
302336 278443 322420
307447 299651 262962
339226 287264 275793
320599 271356 287336
303239 277614 324825
300767 321494 261208
287021 301987 298775
307688 271397 308765
331687 286793 278727
309039 275265 295278
289289 315530 274074
328793 290029 275015
304756 277193 302737
322846 296508 266152
291724 320203 269084
307365 274644 305056
311559 272744 296437
288174 314171 279307
303291 279503 297307
312887 295189 266854
296755 284511 286016
316568 281161 282718
301773 309253 263673
294649 282548 307795
299205 292162 278140
309551 297450 268292
316568 281161 282718
321653 282615 280478
293436 293967 287192
305013 290214 270071
302707 299725 267855
312142 306029 262091
297721 303862 267823
295831 292573 282031
289503 305037 285686
297545 311285 263893
296421 289294 278679
295919 286467 279847
295228 308111 265167
306482 302471 262391
290235 297232 283353
290669 307461 270918
290669 307461 270918
289310 305090 278126
290655 295390 276126
307841 300321 266987
307688 271397 308765
297545 311285 263893
292511 300419 269747
292971 295875 276021
296504 302967 268668
303106 301736 266950
309059 302340 264182
301061 302384 265774
321163 302611 262205
290132 301955 275216
295112 296714 274610
294959 297021 269604
292511 300419 269747
340752 283057 281817
312925 274781 300390
307508 304222 264178
302816 328104 269455
291422 298433 277062
295736 310209 270983
323157 298323 268510
300070 285038 295327
296519 290093 288033
322541 278157 287447
316615 296455 272317
310085 301919 267735
311696 287216 287264
309047 292310 279194
295211 296799 274693
311300 295024 273111
300246 287816 280789
293647 296104 279790
298071 303617 270546
305389 298374 270961
300068 303589 270800
329073 302059 273910
324659 283156 299495
311899 306618 264291
302531 314723 271751
297645 297205 310202
293742 308641 298035
319703 291353 284781
319584 303192 268656
312535 298983 277814
311815 287782 294227
306093 295848 286247
304717 308695 274236
301668 288775 287566
321718 296397 274453
294791 297285 289036
294398 301413 278796
309877 302387 272719
297752 297952 285699
310802 306206 270365
293756 304643 288790
311771 300330 278470
322654 294454 287971
319855 304170 270786
316755 290219 293739
309035 332106 274596
296097 320965 306957
297072 297498 296377
312400 309389 278406
300708 302197 292665
309331 310289 275581
303936 301278 289063
315373 302419 285929
297152 306566 283287
307889 316594 281575
307575 318993 279734
304240 295099 288848
307799 318876 282018
309313 304583 282869
339434 295567 289320
324374 313911 275829
320789 291978 299101
311606 297863 316436
297521 317984 285933
318810 298927 299857
311920 302224 290547
306022 299103 296180
333844 297571 296747
337819 304733 279390
326090 307454 284150
317695 310522 277243
301497 311233 285456
327074 305721 277365
321311 294011 297666
297803 306743 286069
304192 303966 296466
343992 324796 278433
325577 295893 300178
320151 330343 286051
303205 307104 313123
301685 326513 311755
308459 304103 307687
313004 299979 298888
313039 320961 287898
321420 315922 283126
316738 302763 292134
305644 307514 302003
312480 310631 289120
322683 311666 280213
321210 313019 285975
317162 307384 289951
302329 311230 291929
301760 311938 301563
334502 297915 307194
329962 316454 283734
319164 333194 289462
304007 308766 322470
303213 314019 301238
303952 321398 300271
328429 301065 309401
326278 313575 289278
315705 306684 317202
314949 309550 307873
316456 301797 305294
310548 313997 295165
320184 304326 298091
322296 313780 293506
307344 319196 293380
306453 318660 299191
316510 314739 291399
316750 307111 294452
308768 317822 297567
309538 308743 307885
320709 306943 296557
337331 302077 309128
330491 339883 287567
328425 303536 311973
311287 314895 305909
321305 321812 294234
318152 320355 300133
326071 309954 295200
323193 306088 302116
323144 306459 304646
321079 306188 308520
331359 317210 296268
323537 310117 304199
318284 327795 314545
360871 319133 303658
335810 325369 300031
327973 311821 319741
327173 314627 310987
326427 241079 309119
303322 275484 250385
273267 303578 298501
273267 303578 298501
315267 245722 304436
304759 247978 291557
322705 258226 288351
285377 288078 277922
294269 281587 253698
278065 293913 306756
297743 267647 280331
321296 258014 290987
326427 241079 309119
307326 272191 260506
313688 271594 255932
287695 285581 270570
289798 274424 283960
320870 246155 295742
284877 284688 284897
278971 293587 253851
278065 293913 306756
315738 262000 263908
299824 270771 266017
318732 270727 258739
291134 277360 270669
303620 266185 261247
278326 292426 270749
320849 273107 255702
273267 303578 298501
306864 261050 275844
291130 283789 269072
304759 247978 291557
282946 290606 275966
295007 276100 268412
301354 269171 274082
317334 270858 257653
291134 272442 288715
300720 270162 262447
298247 261065 274457
315738 262000 263908
290227 276223 272386
273267 303578 298501
290227 276223 272386
300720 270162 262447
292618 283845 268947
295934 272315 256314
295934 272315 256314
303620 266185 261247
282946 290606 275966
321296 258014 290987
282946 290606 275966
301354 269171 274082
298247 261065 274457
282946 290606 275966
306864 261050 275844
292618 283845 268947
317334 270858 257653
282946 290606 275966
301354 269171 274082
317334 270858 257653
320849 273107 255702
295007 276100 268412
295007 276100 268412
321296 258014 290987
292618 283845 268947
290227 276223 272386
321296 258014 290987
321296 258014 290987
282946 290606 275966
321296 258014 290987
321296 258014 290987
321296 258014 290987
321296 258014 290987
321296 258014 290987
321296 258014 290987
301354 269171 274082
300720 270162 262447
295007 276100 268412
295007 276100 268412
290227 276223 272386
282946 290606 275966
282946 290606 275966
278065 293913 306756
278065 293913 306756
273267 303578 298501
273267 303578 298501
273267 303578 298501
273267 303578 298501
273267 303578 298501
273267 303578 298501
273267 303578 298501
335991 242083 311346
317691 247553 325745
307621 276454 251687
279047 349602 291802
278732 308539 298224
290116 308881 275723
279047 349602 291802
319173 261296 287939
283700 298633 278109
326851 246027 307445
328812 242896 317004
311213 249687 296034
302594 269764 274794
309645 274730 260322
309291 254805 320337
300064 277471 262244
321402 247382 311372
317691 247553 325745
307621 276454 251687
318957 254852 292496
280347 307026 291414
306214 272774 265978
321108 247749 298472
294339 286095 274647
289255 287077 278043
293784 296312 273411
297117 294840 265287
298230 273651 263968
291937 304447 267196
291317 303875 271938
294716 302841 268862
299270 272566 272122
295876 292810 267347
307737 270168 274099
294716 302841 268862
289255 287077 278043
280347 307026 291414
295876 292810 267347
321108 247749 298472
289255 287077 278043
321108 247749 298472
295876 292810 267347
289255 287077 278043
321108 247749 298472
321108 247749 298472
321108 247749 298472
321108 247749 298472
321108 247749 298472
321108 247749 298472
289255 287077 278043
289255 287077 278043
337881 260828 293185
327070 247106 317960
319094 280860 252285
315678 250892 318272
292806 332741 276574
284555 299544 292000
313262 255730 304587
288724 306124 286775
292807 327414 270941
306568 271802 286804
321640 261355 292042
302904 281490 262790
314141 251401 300032
308560 272851 267875
299287 282406 271151
296283 291062 275235
299175 303010 264671
294757 287736 280483
294849 291929 278531
294657 297341 284382
302091 276694 280286
314835 277956 267504
291471 301119 279857
293234 296364 285300
291486 289888 285682
326447 260015 308808
318876 268020 308933
303989 288994 263952
292555 306996 287336
289310 306264 300332
294208 295373 291221
298011 298762 279546
323330 270930 300235
321234 263621 305613
308180 281005 289740
311323 278242 267908
299333 285079 277621
302895 288759 271806
312906 283556 265984
319727 273445 304452
316499 276700 269675
316732 276601 274319
300206 282925 273739
325941 273913 288443
331130 272526 303509
326931 260802 319799
315104 284669 266636
296291 306409 293065
295944 300555 304427
299540 297949 287132
330459 277269 312996
311353 279822 294033
303836 292809 275220
301150 305622 282837
305545 290441 266964
298310 304571 301367
324173 277388 307744
319609 281287 268014
322254 279461 298746
312445 282510 269415
302338 287189 275769
321174 278713 309369
305405 284335 276581
304205 300652 268939
312975 284755 267785
349066 278700 316690
345351 274401 321134
305803 294911 267839
302676 325985 279797
303383 300812 293318
330908 282646 304397
311671 287421 282780
326673 281890 314449
310522 289316 295811
317330 282912 277792
310262 291181 304879
310388 290203 291209
324552 282825 275241
320240 294531 269966
309944 292447 271108
326570 284406 273244
314327 282222 314768
302742 294477 293493
341098 281993 329666
317069 295548 269670
308747 305538 276127
303689 299965 302381
328601 284267 305013
320162 284817 311535
313230 290922 283904
323519 284845 289709
326375 286561 279237
305861 301057 299189
316226 303718 283779
316438 294779 275066
311204 297414 287463
307103 297188 293531
320216 286861 298916
314247 304674 274603
311843 288675 285375
327609 284307 309934
319047 287629 302276
307918 299350 293004
314208 288095 292680
311350 299428 285324
335947 288757 285699
334249 286270 297802
320360 305750 274236
312320 292549 315646
312204 320047 277724
303714 318130 302569
305838 312470 303126
326208 296979 281419
330928 288066 290793
310442 306500 278340
308497 316419 297772
318531 288148 313885
312570 291207 309259
317250 301250 277274
316270 297471 285271
309236 304376 296207
320796 295262 283938
328402 293129 287568
306484 304818 307173
306791 305440 300543
321375 289080 287884
313933 289362 288763
312588 302597 288915
311566 303065 315587
328379 287545 302596
321264 304048 274793
317179 306008 279313
313873 297288 285413
343836 318424 277518
336970 286855 332201
320173 324153 282885
307425 313160 304422
312713 296858 320620
311056 307369 307488
332231 311532 280363
338003 289882 289538
334779 291087 313879
321368 293675 292750
325012 292365 298360
328074 301447 283232
314178 305250 291917
315669 314598 283546
314066 320228 283235
318065 293249 301203
335464 298052 283131
313091 293285 316325
321031 295933 284551
315395 300331 292180
320288 307623 289287
319696 308428 282963
326557 297055 284285
309473 312918 299323
313281 311256 303627
315596 295887 289733
307500 313042 302309
318985 291783 303589
309833 312395 298768
352379 294442 298499
344906 291490 298797
328053 339968 283264
309109 314981 324834
312335 318395 309952
311347 312400 321017
338413 307971 283458
319230 315939 289619
314395 310218 305763
319119 294197 313319
316354 296385 292613
316153 305399 301393
332709 295025 299137
325157 296170 298267
325974 298243 285604
331839 300037 284655
315950 302966 307773
315314 312980 297294
330687 292976 308072
328649 291814 312575
315965 306438 290517
316288 298153 311555
326978 295529 300520
312534 313257 298979
315439 307022 300201
354998 296381 298789
350652 319062 284618
335013 292180 326605
317466 325350 292085
315520 309998 308096
337983 298288 291129
331116 295972 315712
320153 316045 291723
330372 312743 288645
317618 299141 312650
319155 303317 293490
327502 307344 289624
331222 293547 313105
326485 297307 293769
317177 304516 313370
316848 308336 294654
336194 296844 296412
327477 296925 297798
317979 297428 293658
350026 315299 289383
332580 293697 324484
328705 297300 327567
315847 310609 312849
339259 307970 292415
335297 295943 320605
318852 303361 300907
331095 299923 298109
317100 313686 296065
324889 298019 309635
335938 302086 294560
323718 298422 302183
318619 311942 304312
328067 309204 289968
327273 312365 294349
315873 313205 308340
321562 301004 301264
329282 308691 293344
329247 297765 306402
321933 310580 295876
319521 302496 295909
331842 298262 304454
323754 310044 294408
320900 298265 309124
346231 299077 307863
341239 309918 290455
332860 294443 329378
329459 321520 293542
320046 312673 309263
321091 299596 315347
330565 316917 297464
322624 317688 302887
327006 302151 311068
324867 304803 314225
338519 308477 303822
335607 303033 306932
330312 298197 312692
321544 307832 307715
321321 318233 295926
331824 314175 294865
326051 309208 305408
333567 298220 309621
325101 303986 306320
321037 310141 309930
331163 311617 304277
332380 313518 294523
329662 312008 304090
331120 318119 294959
343783 303763 309229
333156 314660 297087
328709 299601 316936
324145 325291 303164
321443 302657 324916
320194 313773 310171
325378 319242 305374
328646 311537 308956
332773 304597 312275
339706 303460 311160
329881 321127 299224
322608 304376 324166
330298 304510 316190
342754 317374 307029
337916 302248 323911
330909 322355 301490
329885 339275 306906
326883 319296 308008
331740 303142 318045
339858 311994 316520
327623 316394 319412
340693 313014 311238
340683 316014 311960
328442 314739 317415
341910 304615 329285
336418 303239 336767
329455 318134 319660
343876 322227 323228
