1459 67.4827
137496 96324 92865 86078
99431 95941 113841 94754
97983 112663 88204 108091
125979 118694 76935 100726
90171 129814 99936 95596
100413 83128 105645 122115
105908 127006 88342 85132
112394 114300 101739 83251
103510 122666 78586 126646
125795 119093 105189 75638
97770 93733 102954 107101
90221 116992 108497 116254
89081 118677 91418 127096
88478 117443 128060 87970
89850 138363 91179 111019
86593 116517 119350 97975
86580 96975 115000 106131
90061 98706 100925 120389
93474 98480 90191 132267
122974 97736 102033 84475
97726 122951 100339 84002
108553 94901 112169 84422
78123 114985 103664 123216
89120 140859 92687 100677
100288 96878 87919 120277
99819 98740 131472 86949
88527 99378 131261 95571
99999 128211 87861 94967
110586 97293 90075 107212
87253 130856 113557 86331
110400 111484 89226 96226
97976 110258 101095 94695
114710 85852 99722 93090
127173 119081 89774 83435
108477 96079 100190 95122
120195 96280 86135 92206
97626 108878 109306 82901
100728 122799 86609 100043
119488 94078 92555 93918
108334 96977 106748 88092
98721 109939 101212 107076
122808 97657 99738 87464
105967 98136 103023 90920
91304 121352 110872 88928
110966 111031 87682 93776
91734 101985 123683 95367
126557 100802 90675 88489
92003 119484 95407 112285
111927 101019 81620 104824
98963 129440 95420 89882
117728 125492 84994 90703
92239 135790 92089 103588
95187 97655 90668 127326
122158 123467 86880 89424
89830 101245 110042 115117
88792 127176 101436 98340
91483 117567 90965 113840
98073 87403 108475 118112
106390 118558 78659 128016
91383 114645 104614 96157
89369 104286 113000 112753
113922 85597 100000 93857
117609 121077 107877 76771
97978 113754 96079 104741
94140 116772 109691 85469
93832 96468 95434 130809
111977 116670 103062 82881
91766 110389 128377 87606
102543 103541 109131 98279
122237 120327 82506 93853
97800 103709 125339 86826
82626 115424 101999 127666
93917 118866 110273 91006
91850 131519 91382 111019
121436 123971 86934 85094
122011 110047 105071 83587
106286 105307 112215 85908
97312 121917 86179 111610
91175 102025 94091 127365
93377 107527 125845 90301
94963 100782 118150 87602
125862 93717 102864 86427
96411 132414 91646 100954
89246 119942 110982 89978
103240 91063 112260 111552
121407 117093 97207 79797
91369 100104 106861 116949
100152 120745 109190 85530
91267 101758 127608 92178
86497 97624 118707 101253
81945 120937 99235 123700
97540 104076 115208 91202
113798 122469 90338 84201
93340 121107 104296 88051
114764 85635 106151 92432
111984 109514 89439 95475
131593 125100 78332 96193
110346 111962 75257 117245
135477 101704 92776 84873
86994 114705 115043 105652
102372 98765 90166 110407
98945 119429 97492 100610
95251 129871 98652 99433
88020 113382 96695 126947
102497 84531 106234 113182
106604 104694 86432 104341
89710 119494 103839 109765
109167 100844 96123 97871
121323 96250 91711 90661
92436 99354 126831 91378
91214 100132 99341 114743
122481 116251 82213 96575
100917 99877 114774 92092
93462 117957 87433 115305
115474 90863 100504 90254
81334 120741 104260 110057
89872 105370 93413 132970
99114 107404 112149 86623
86941 101247 119598 100691
92004 102005 92059 115976
102101 123443 100235 87265
101622 127294 91696 90975
105659 90031 98495 113929
94265 106730 113874 98024
103913 118957 89601 96582
112701 95036 106541 88680
104059 114331 88888 102811
92924 128021 99610 98950
113449 126026 96292 83932
107751 93741 109850 89538
95168 134398 92635 106606
120424 122400 82613 90856
101515 86678 99105 118794
108861 104601 90894 107391
86871 126247 111048 88194
119971 117506 101421 79132
89349 111892 127444 92158
83510 116017 102428 121848
109992 104292 93945 87858
93944 115338 103781 100225
96645 105008 122450 86073
115259 96815 94562 90424
100817 125163 81183 118284
119026 86814 96900 93376
135845 95882 90562 93102
92243 109608 123882 88757
101845 123061 91011 91133
103449 96821 89070 123337
88535 99623 102375 117245
96402 103335 117221 90135
121844 108700 85344 100230
103583 105725 89239 108930
108770 105885 99187 90673
116390 87764 102409 90915
95023 114179 114383 88128
100896 97954 117816 85070
101737 84468 109080 116157
118864 98567 101615 86744
89468 130924 107971 96246
89975 103254 124503 93948
122523 100894 92277 85222
92084 122627 106917 88489
94976 120904 97822 101045
109171 105302 85433 112472
110346 111962 75257 117245
122628 110503 80063 100565
81690 113040 105582 126685
113197 131609 92588 84818
86405 113359 110804 109050
93864 105505 95608 114460
104309 115590 89241 93658
103553 120699 100447 86129
101510 100524 100801 102297
92894 112958 113666 94703
105269 104684 99951 95482
89201 106281 94025 131161
118502 126937 104904 75475
91742 101201 114904 106668
109841 94260 118494 87249
123524 105415 87517 86265
94723 126372 94815 103248
97169 111639 115136 85460
120317 105345 105385 82438
88078 117794 92983 121076
102664 106626 102854 86796
116523 86764 98581 96303
89140 114505 121818 92444
100288 96878 87919 120277
91541 102042 110074 106078
102715 101573 112425 88785
93041 114382 122140 87241
100611 99161 130460 90089
87367 125318 92245 113840
91175 102025 94091 127365
109046 108512 88446 103521
119671 107720 78588 105485
92538 97999 110000 120220
95945 124735 105198 85852
94261 100209 116767 95320
116286 102115 92194 88617
83681 118295 100442 117542
107103 99599 86414 114255
100527 95401 111490 105384
86345 124030 113297 90468
99317 129920 91576 99030
124276 96671 90877 85369
95837 106699 108365 102012
88752 116237 110857 105269
101707 106905 79793 117921
107434 110624 84452 111560
99443 85890 102934 113692
121914 123737 100241 77141
88962 137191 99311 92918
107782 123348 92165 88300
91872 104121 129993 92011
120090 98776 92735 92864
110019 94758 106951 89616
109033 111515 78214 118496
116116 93142 95966 92419
115617 119163 96705 80935
111564 94258 95948 111598
116950 89166 99330 91190
109860 96611 96509 95476
82189 119001 103398 124867
90263 119737 111977 88245
93607 133356 92954 103958
91924 99241 105925 114106
110583 116069 89992 92423
100728 122799 86609 100043
112922 95306 110993 86172
125256 112710 97738 80112
92666 97277 90880 116722
106191 85687 101088 119229
89853 130728 100646 100486
135845 95882 90562 93102
86206 102288 123660 102747
100694 126786 98374 87369
92716 113616 125765 87845
112553 107397 90304 87247
83425 126725 97103 121722
98916 101293 101281 107384
95334 120145 96378 109329
92473 103123 115690 100283
97374 100767 117265 91797
86285 119494 100397 117084
95891 113093 111718 83849
95948 93512 90989 132464
90518 99074 118241 98926
108954 124157 96676 85609
118672 95296 96984 90461
123195 128851 77929 105655
97791 100173 127743 88697
97109 124780 97308 100302
128367 95702 98349 87249
86467 123261 116270 89324
94963 100782 118150 87602
95581 117901 106762 86995
105661 109370 81436 112141
90428 105673 91692 132788
96913 88142 105044 113923
86087 144842 95723 109433
116474 89036 101713 92800
102736 101503 89025 111363
87472 102987 115216 102377
128663 110949 79184 99530
91815 122129 102907 97566
101349 125809 81018 128457
104965 125667 103507 83640
85032 113789 101849 127764
93227 111744 89668 129123
86701 108707 102780 124553
114529 102106 84937 102740
114935 123257 87928 86599
98337 95461 116208 93486
106043 101398 110806 88454
117958 99529 86753 101194
91259 116676 99255 109543
103452 85111 101285 118339
97508 125609 91240 101164
111245 92031 108680 93910
90338 109472 123305 90638
88527 99378 131261 95571
86067 111596 123474 99117
118340 120548 86619 94785
131311 118302 88410 80442
122586 119802 106386 73191
98542 105270 102806 88485
105108 113343 96922 90232
105582 122169 87712 90618
91347 124180 100909 98688
118937 115467 87650 84164
99490 113341 95804 96117
96338 130187 98105 95950
113247 91223 112093 89982
105726 117115 98481 89854
89742 99322 126329 99882
97335 110193 125378 85644
112858 104871 91201 94771
117169 84365 105938 94282
103375 100215 110947 91553
107563 116217 84021 105700
95136 117199 98105 110445
89606 122808 112281 87380
96895 104524 106132 104788
117888 94831 92815 92543
79727 119017 104840 120109
90928 100539 100573 113763
118394 108900 80251 103999
91127 94534 127547 107083
100817 125163 81183 118284
104369 99013 87820 113741
123101 91237 96227 89290
104914 102000 100225 96797
91336 114340 124834 87489
93937 97340 89691 132655
103358 97420 131023 91560
92691 115296 89252 131843
120002 112965 107401 79054
90634 109322 113630 99329
103553 120699 100447 86129
108751 95475 91987 115583
89676 136792 95911 111252
122346 101627 99607 82381
101711 102998 95069 110740
102182 119156 91026 90190
88470 105866 125090 94612
112590 97293 103712 88272
121075 123200 102842 78354
111104 107644 92736 93787
85846 112634 125224 99157
129045 127101 76474 104054
101005 115381 81945 119032
93278 130606 95031 105446
116058 86143 104626 92669
96740 105732 113198 92746
89895 116598 99638 124902
92811 120807 90626 113392
102588 99857 88693 111783
97529 113550 110648 81541
90987 101081 94608 128037
109209 101443 96837 86087
96027 113107 103301 100606
91619 129770 97813 99512
86538 111507 104606 117638
99555 99528 132619 89985
89200 102518 114576 114864
104437 97462 117083 87983
81945 120937 99235 123700
92763 96424 106879 113773
103621 99939 94537 100657
96025 115144 101967 86143
118119 101236 88274 98088
93301 121132 109867 87136
89064 113914 123012 90126
103413 120983 93127 88595
118105 113644 87560 91011
97514 128285 94352 93551
98993 124983 81569 123534
87687 99671 116246 101966
90987 101081 94608 128037
83352 109538 105914 119650
91681 115309 95479 110720
114478 98478 111242 84540
93678 116889 121157 88472
93103 121548 108898 89772
96087 101946 112887 92911
90490 115500 125400 89965
121857 88269 98510 89977
97643 100506 107133 104576
96893 107609 89982 114713
115662 89400 105200 93025
92785 132578 94022 107485
117811 97572 92426 95381
121846 108594 98459 85458
117609 121077 107877 76771
86544 101480 106341 119937
108102 120031 100289 88044
104363 128384 94952 87023
102838 116766 92096 96052
100592 117658 98153 95131
90792 126417 100562 99604
95864 108497 87730 116799
90053 110031 118972 94456
103208 91344 94209 119568
