4090 196.908
3.11265e+06 3.18108e+06 3.12944e+06 3.14624e+06
3.21803e+06 3.08943e+06 3.21516e+06 3.20994e+06
3.19427e+06 3.30922e+06 3.18328e+06 3.09946e+06
3.1561e+06 3.12474e+06 3.27187e+06 3.22156e+06
3.17928e+06 3.19736e+06 3.24256e+06 3.07191e+06
3.13972e+06 3.16984e+06 3.2124e+06 3.22981e+06
3.17647e+06 3.21092e+06 3.11727e+06 3.17186e+06
3.28096e+06 3.15247e+06 3.17624e+06 3.11259e+06
3.18104e+06 3.28118e+06 3.16631e+06 3.10335e+06
3.19067e+06 3.21764e+06 3.16922e+06 3.11099e+06
3.11265e+06 3.18108e+06 3.12944e+06 3.14624e+06
3.1561e+06 3.12474e+06 3.27187e+06 3.22156e+06
3.21306e+06 3.10229e+06 3.21549e+06 3.19715e+06
3.19427e+06 3.30922e+06 3.18328e+06 3.09946e+06
3.1561e+06 3.12474e+06 3.27187e+06 3.22156e+06
3.19427e+06 3.30922e+06 3.18328e+06 3.09946e+06
3.1983e+06 3.2137e+06 3.18207e+06 3.10424e+06
3.27035e+06 3.14933e+06 3.14176e+06 3.1894e+06
3.15302e+06 3.17483e+06 3.22744e+06 3.16342e+06
3.19427e+06 3.30922e+06 3.18328e+06 3.09946e+06
3.21261e+06 3.14475e+06 3.20395e+06 3.09332e+06
3.27035e+06 3.14933e+06 3.14176e+06 3.1894e+06
3.17255e+06 3.14696e+06 3.23486e+06 3.15233e+06
3.24692e+06 3.19144e+06 3.13872e+06 3.13255e+06
3.19427e+06 3.30922e+06 3.18328e+06 3.09946e+06
3.16172e+06 3.15588e+06 3.21949e+06 3.1264e+06
3.21871e+06 3.20067e+06 3.18608e+06 3.08181e+06
3.27035e+06 3.14933e+06 3.14176e+06 3.1894e+06
3.25992e+06 3.14063e+06 3.16636e+06 3.1741e+06
3.27035e+06 3.14933e+06 3.14176e+06 3.1894e+06
3.16172e+06 3.15588e+06 3.21949e+06 3.1264e+06
3.20583e+06 3.19118e+06 3.17072e+06 3.11856e+06
3.21803e+06 3.08943e+06 3.21516e+06 3.20994e+06
3.14472e+06 3.175e+06 3.1481e+06 3.19248e+06
3.24692e+06 3.19144e+06 3.13872e+06 3.13255e+06
3.24201e+06 3.20213e+06 3.15366e+06 3.12787e+06
3.17255e+06 3.14696e+06 3.23486e+06 3.15233e+06
3.24692e+06 3.19144e+06 3.13872e+06 3.13255e+06
3.23536e+06 3.14638e+06 3.16672e+06 3.14466e+06
3.19772e+06 3.11439e+06 3.18963e+06 3.15545e+06
3.16172e+06 3.15588e+06 3.21949e+06 3.1264e+06
3.21871e+06 3.20067e+06 3.18608e+06 3.08181e+06
3.25992e+06 3.14063e+06 3.16636e+06 3.1741e+06
3.28096e+06 3.15247e+06 3.17624e+06 3.11259e+06
3.21167e+06 3.14278e+06 3.20041e+06 3.1394e+06
3.18824e+06 3.15917e+06 3.15089e+06 3.17018e+06
3.19772e+06 3.11439e+06 3.18963e+06 3.15545e+06
3.13972e+06 3.16984e+06 3.2124e+06 3.22981e+06
3.24433e+06 3.09733e+06 3.20867e+06 3.16255e+06
3.1691e+06 3.13524e+06 3.25555e+06 3.167e+06
3.246e+06 3.14051e+06 3.19449e+06 3.08457e+06
3.24201e+06 3.20213e+06 3.15366e+06 3.12787e+06
3.14472e+06 3.175e+06 3.1481e+06 3.19248e+06
3.23508e+06 3.14165e+06 3.19856e+06 3.10863e+06
3.24433e+06 3.09733e+06 3.20867e+06 3.16255e+06
3.20583e+06 3.19118e+06 3.17072e+06 3.11856e+06
3.28096e+06 3.15247e+06 3.17624e+06 3.11259e+06
3.22605e+06 3.18203e+06 3.16779e+06 3.13692e+06
3.18824e+06 3.15917e+06 3.15089e+06 3.17018e+06
3.23177e+06 3.15378e+06 3.17254e+06 3.13304e+06
3.21167e+06 3.14278e+06 3.20041e+06 3.1394e+06
3.21306e+06 3.10229e+06 3.21549e+06 3.19715e+06
3.15993e+06 3.18739e+06 3.19197e+06 3.09084e+06
3.21871e+06 3.20067e+06 3.18608e+06 3.08181e+06
3.1561e+06 3.12474e+06 3.27187e+06 3.22156e+06
3.20583e+06 3.19118e+06 3.17072e+06 3.11856e+06
3.1597e+06 3.17579e+06 3.21071e+06 3.10164e+06
3.27035e+06 3.14933e+06 3.14176e+06 3.1894e+06
3.27035e+06 3.14933e+06 3.14176e+06 3.1894e+06
3.24201e+06 3.20213e+06 3.15366e+06 3.12787e+06
3.23177e+06 3.15378e+06 3.17254e+06 3.13304e+06
3.24433e+06 3.09733e+06 3.20867e+06 3.16255e+06
3.24201e+06 3.20213e+06 3.15366e+06 3.12787e+06
3.19067e+06 3.21764e+06 3.16922e+06 3.11099e+06
3.24433e+06 3.09733e+06 3.20867e+06 3.16255e+06
3.21871e+06 3.20067e+06 3.18608e+06 3.08181e+06
3.22539e+06 3.17944e+06 3.19359e+06 3.12893e+06
3.18824e+06 3.15917e+06 3.15089e+06 3.17018e+06
3.22605e+06 3.18203e+06 3.16779e+06 3.13692e+06
3.19427e+06 3.30922e+06 3.18328e+06 3.09946e+06
3.21167e+06 3.14278e+06 3.20041e+06 3.1394e+06
3.15302e+06 3.17483e+06 3.22744e+06 3.16342e+06
3.22539e+06 3.17944e+06 3.19359e+06 3.12893e+06
3.23177e+06 3.15378e+06 3.17254e+06 3.13304e+06
3.21803e+06 3.08943e+06 3.21516e+06 3.20994e+06
3.25992e+06 3.14063e+06 3.16636e+06 3.1741e+06
3.15302e+06 3.17483e+06 3.22744e+06 3.16342e+06
3.19772e+06 3.11439e+06 3.18963e+06 3.15545e+06
3.15302e+06 3.17483e+06 3.22744e+06 3.16342e+06
3.20583e+06 3.19118e+06 3.17072e+06 3.11856e+06
3.21871e+06 3.20067e+06 3.18608e+06 3.08181e+06
3.21261e+06 3.14475e+06 3.20395e+06 3.09332e+06
3.19067e+06 3.21764e+06 3.16922e+06 3.11099e+06
3.28096e+06 3.15247e+06 3.17624e+06 3.11259e+06
3.21871e+06 3.20067e+06 3.18608e+06 3.08181e+06
3.18824e+06 3.15917e+06 3.15089e+06 3.17018e+06
3.28096e+06 3.15247e+06 3.17624e+06 3.11259e+06
3.20583e+06 3.19118e+06 3.17072e+06 3.11856e+06
3.1561e+06 3.12474e+06 3.27187e+06 3.22156e+06
3.15302e+06 3.17483e+06 3.22744e+06 3.16342e+06
3.13972e+06 3.16984e+06 3.2124e+06 3.22981e+06
3.24692e+06 3.19144e+06 3.13872e+06 3.13255e+06
3.25992e+06 3.14063e+06 3.16636e+06 3.1741e+06
3.25992e+06 3.14063e+06 3.16636e+06 3.1741e+06
3.22605e+06 3.18203e+06 3.16779e+06 3.13692e+06
3.21871e+06 3.20067e+06 3.18608e+06 3.08181e+06
3.23177e+06 3.15378e+06 3.17254e+06 3.13304e+06
3.23508e+06 3.14165e+06 3.19856e+06 3.10863e+06
3.1597e+06 3.17579e+06 3.21071e+06 3.10164e+06
3.19427e+06 3.30922e+06 3.18328e+06 3.09946e+06
3.15302e+06 3.17483e+06 3.22744e+06 3.16342e+06
3.28096e+06 3.15247e+06 3.17624e+06 3.11259e+06
3.13972e+06 3.16984e+06 3.2124e+06 3.22981e+06
3.23177e+06 3.15378e+06 3.17254e+06 3.13304e+06
3.28096e+06 3.15247e+06 3.17624e+06 3.11259e+06
3.27035e+06 3.14933e+06 3.14176e+06 3.1894e+06
3.11265e+06 3.18108e+06 3.12944e+06 3.14624e+06
3.11265e+06 3.18108e+06 3.12944e+06 3.14624e+06
3.19427e+06 3.30922e+06 3.18328e+06 3.09946e+06
3.21167e+06 3.14278e+06 3.20041e+06 3.1394e+06
3.28096e+06 3.15247e+06 3.17624e+06 3.11259e+06
3.17647e+06 3.21092e+06 3.11727e+06 3.17186e+06
3.19772e+06 3.11439e+06 3.18963e+06 3.15545e+06
3.22539e+06 3.17944e+06 3.19359e+06 3.12893e+06
3.17255e+06 3.14696e+06 3.23486e+06 3.15233e+06
3.16172e+06 3.15588e+06 3.21949e+06 3.1264e+06
3.27035e+06 3.14933e+06 3.14176e+06 3.1894e+06
3.24692e+06 3.19144e+06 3.13872e+06 3.13255e+06
3.24201e+06 3.20213e+06 3.15366e+06 3.12787e+06
3.19772e+06 3.11439e+06 3.18963e+06 3.15545e+06
3.1691e+06 3.13524e+06 3.25555e+06 3.167e+06
3.246e+06 3.14051e+06 3.19449e+06 3.08457e+06
3.14472e+06 3.175e+06 3.1481e+06 3.19248e+06
3.22605e+06 3.18203e+06 3.16779e+06 3.13692e+06
3.21167e+06 3.14278e+06 3.20041e+06 3.1394e+06
3.20583e+06 3.19118e+06 3.17072e+06 3.11856e+06
3.1597e+06 3.17579e+06 3.21071e+06 3.10164e+06
3.24433e+06 3.09733e+06 3.20867e+06 3.16255e+06
3.21306e+06 3.10229e+06 3.21549e+06 3.19715e+06
3.22605e+06 3.18203e+06 3.16779e+06 3.13692e+06
3.15302e+06 3.17483e+06 3.22744e+06 3.16342e+06
3.22539e+06 3.17944e+06 3.19359e+06 3.12893e+06
3.21871e+06 3.20067e+06 3.18608e+06 3.08181e+06
3.19067e+06 3.21764e+06 3.16922e+06 3.11099e+06
3.28096e+06 3.15247e+06 3.17624e+06 3.11259e+06
3.1983e+06 3.2137e+06 3.18207e+06 3.10424e+06
3.25992e+06 3.14063e+06 3.16636e+06 3.1741e+06
3.21871e+06 3.20067e+06 3.18608e+06 3.08181e+06
3.15302e+06 3.17483e+06 3.22744e+06 3.16342e+06
3.27035e+06 3.14933e+06 3.14176e+06 3.1894e+06
3.1561e+06 3.12474e+06 3.27187e+06 3.22156e+06
3.21261e+06 3.16239e+06 3.16379e+06 3.16554e+06
