17 2.91401
3.20323e+06 3.11035e+06
3.21216e+06 3.10664e+06
3.14965e+06 3.14845e+06
3.19701e+06 3.1232e+06
3.10842e+06 3.21924e+06
3.11594e+06 3.15119e+06
3.10815e+06 3.23187e+06
3.1701e+06 3.14124e+06
3.2285e+06 3.11104e+06
3.21838e+06 3.13752e+06
3.22011e+06 3.12415e+06
3.21182e+06 3.14099e+06
3.11126e+06 3.22712e+06
3.14903e+06 3.1553e+06
3.13512e+06 3.16015e+06
3.11715e+06 3.1692e+06
3.16295e+06 3.1522e+06
3.15205e+06 3.15496e+06
3.18272e+06 3.1419e+06
3.25153e+06 3.11707e+06
3.22351e+06 3.12456e+06
3.21887e+06 3.14133e+06
3.11149e+06 3.27502e+06
3.11335e+06 3.26772e+06
3.11631e+06 3.25998e+06
3.1468e+06 3.16537e+06
3.11778e+06 3.17482e+06
3.12517e+06 3.17292e+06
3.16739e+06 3.15287e+06
3.2023e+06 3.14543e+06
3.19748e+06 3.14552e+06
3.21233e+06 3.14219e+06
3.22515e+06 3.12908e+06
3.23304e+06 3.12599e+06
3.11774e+06 3.32652e+06
3.16523e+06 3.16953e+06
3.15487e+06 3.17228e+06
3.16702e+06 3.16621e+06
3.11999e+06 3.19864e+06
3.11992e+06 3.24221e+06
3.12841e+06 3.18926e+06
3.15042e+06 3.17542e+06
3.14349e+06 3.17558e+06
3.16743e+06 3.16145e+06
3.17086e+06 3.15549e+06
3.18888e+06 3.15322e+06
3.20778e+06 3.15174e+06
3.21124e+06 3.1508e+06
3.20913e+06 3.15137e+06
3.19832e+06 3.15206e+06
3.22138e+06 3.14361e+06
3.22005e+06 3.14943e+06
3.22583e+06 3.13211e+06
3.27788e+06 3.12813e+06
3.2691e+06 3.12905e+06
3.25545e+06 3.13063e+06
3.15492e+06 3.17454e+06
3.12045e+06 3.22301e+06
3.13253e+06 3.21853e+06
3.13673e+06 3.19919e+06
3.13436e+06 3.21747e+06
3.13492e+06 3.21674e+06
3.13573e+06 3.20159e+06
3.15157e+06 3.1918e+06
3.15323e+06 3.17558e+06
3.15264e+06 3.17634e+06
3.16778e+06 3.1656e+06
3.18351e+06 3.16026e+06
3.18382e+06 3.15833e+06
3.18967e+06 3.15412e+06
3.2023e+06 3.15368e+06
3.21241e+06 3.15266e+06
3.22313e+06 3.15073e+06
3.23496e+06 3.13787e+06
3.24138e+06 3.13303e+06
3.22705e+06 3.14743e+06
3.12615e+06 3.23058e+06
3.13372e+06 3.22487e+06
3.13614e+06 3.20618e+06
3.14658e+06 3.20271e+06
3.15478e+06 3.19339e+06
3.15583e+06 3.18176e+06
3.1645e+06 3.17909e+06
3.16792e+06 3.17016e+06
3.17655e+06 3.16598e+06
3.18123e+06 3.16563e+06
3.1861e+06 3.15852e+06
3.18401e+06 3.1627e+06
3.19021e+06 3.1582e+06
3.19631e+06 3.15553e+06
3.20312e+06 3.15433e+06
3.2153e+06 3.1528e+06
3.23885e+06 3.14064e+06
3.24827e+06 3.13393e+06
3.2474e+06 3.13837e+06
3.2816e+06 3.13355e+06
3.22875e+06 3.14824e+06
3.23218e+06 3.14788e+06
3.13173e+06 3.29126e+06
3.1333e+06 3.24128e+06
3.13308e+06 3.24473e+06
3.1338e+06 3.23316e+06
3.13654e+06 3.20953e+06
3.14196e+06 3.20838e+06
3.14231e+06 3.20796e+06
3.15001e+06 3.20582e+06
3.15372e+06 3.2036e+06
3.14688e+06 3.20658e+06
3.15531e+06 3.20024e+06
3.15948e+06 3.19678e+06
3.15982e+06 3.19345e+06
3.16361e+06 3.18568e+06
3.16121e+06 3.18604e+06
3.16462e+06 3.18342e+06
3.1724e+06 3.18251e+06
3.17392e+06 3.17392e+06
3.17622e+06 3.17229e+06
3.18084e+06 3.16943e+06
3.18013e+06 3.17217e+06
3.18297e+06 3.16821e+06
3.18716e+06 3.16037e+06
3.18882e+06 3.1596e+06
3.1852e+06 3.16694e+06
3.19896e+06 3.15843e+06
3.20527e+06 3.1583e+06
3.20757e+06 3.15577e+06
3.20916e+06 3.15561e+06
3.21671e+06 3.15386e+06
3.23984e+06 3.14686e+06
3.24897e+06 3.13594e+06
3.26137e+06 3.13506e+06
3.26439e+06 3.13452e+06
3.23088e+06 3.15114e+06
3.23303e+06 3.14893e+06
3.23234e+06 3.14937e+06
3.13578e+06 3.23389e+06
3.13475e+06 3.23798e+06
3.13396e+06 3.32281e+06
3.14095e+06 3.22469e+06
3.14048e+06 3.22841e+06
3.14269e+06 3.21106e+06
3.14869e+06 3.21012e+06
3.16006e+06 3.19484e+06
3.16258e+06 3.1869e+06
3.16143e+06 3.18831e+06
3.16779e+06 3.18409e+06
3.16679e+06 3.1843e+06
3.17374e+06 3.18331e+06
3.17514e+06 3.17587e+06
3.17899e+06 3.17372e+06
3.18501e+06 3.172e+06
3.19228e+06 3.16022e+06
3.19048e+06 3.16315e+06
3.18828e+06 3.16904e+06
3.18531e+06 3.17002e+06
3.18832e+06 3.16761e+06
3.20179e+06 3.15843e+06
3.21395e+06 3.15832e+06
3.22479e+06 3.15571e+06
3.25012e+06 3.13607e+06
3.2496e+06 3.13978e+06
3.27308e+06 3.13598e+06
3.24111e+06 3.14935e+06
3.23452e+06 3.15078e+06
3.23319e+06 3.15541e+06
3.13478e+06 3.26169e+06
3.13765e+06 3.24275e+06
3.13661e+06 3.25354e+06
3.14033e+06 3.24079e+06
3.13826e+06 3.24172e+06
3.14168e+06 3.22938e+06
3.14354e+06 3.21889e+06
3.14406e+06 3.2146e+06
3.15315e+06 3.21052e+06
3.16059e+06 3.19969e+06
3.16113e+06 3.19826e+06
3.1651e+06 3.18792e+06
3.16238e+06 3.19235e+06
3.16192e+06 3.19619e+06
3.16163e+06 3.19703e+06
3.172e+06 3.18545e+06
3.17796e+06 3.17681e+06
3.17586e+06 3.17727e+06
3.17574e+06 3.18288e+06
3.18215e+06 3.1741e+06
3.19758e+06 3.16287e+06
3.19861e+06 3.16258e+06
3.19526e+06 3.16471e+06
3.18606e+06 3.17202e+06
3.18875e+06 3.1713e+06
3.19297e+06 3.1692e+06
3.21085e+06 3.15936e+06
3.20788e+06 3.16193e+06
3.22683e+06 3.15687e+06
3.25527e+06 3.13835e+06
3.25097e+06 3.1477e+06
3.24601e+06 3.15047e+06
3.24941e+06 3.1494e+06
3.24503e+06 3.15134e+06
3.23331e+06 3.15602e+06
3.13777e+06 3.25431e+06
3.14005e+06 3.24581e+06
3.14332e+06 3.23634e+06
3.143e+06 3.23757e+06
3.1437e+06 3.22506e+06
3.1453e+06 3.21862e+06
3.1527e+06 3.21527e+06
3.15891e+06 3.21174e+06
3.15328e+06 3.21331e+06
3.16067e+06 3.20249e+06
3.17008e+06 3.18941e+06
3.16533e+06 3.19259e+06
3.16164e+06 3.19773e+06
3.17348e+06 3.18558e+06
3.17748e+06 3.17856e+06
3.18181e+06 3.17794e+06
3.18587e+06 3.17657e+06
3.19907e+06 3.16662e+06
3.20544e+06 3.16491e+06
3.18669e+06 3.17231e+06
3.22588e+06 3.15993e+06
3.21127e+06 3.16449e+06
3.21646e+06 3.16361e+06
3.2188e+06 3.16219e+06
3.21852e+06 3.16271e+06
3.23268e+06 3.1577e+06
3.2744e+06 3.14012e+06
3.25572e+06 3.14693e+06
3.28979e+06 3.13955e+06
3.30711e+06 3.13884e+06
3.26933e+06 3.14128e+06
3.25301e+06 3.15053e+06
3.25028e+06 3.15507e+06
3.24619e+06 3.15641e+06
3.23448e+06 3.15763e+06
3.24569e+06 3.15666e+06
3.14004e+06 3.25512e+06
3.13843e+06 3.27671e+06
3.14085e+06 3.25201e+06
3.1434e+06 3.24886e+06
3.14476e+06 3.23543e+06
3.1455e+06 3.22342e+06
3.14661e+06 3.22184e+06
3.1478e+06 3.21881e+06
3.16038e+06 3.21278e+06
3.15602e+06 3.21453e+06
3.15592e+06 3.21763e+06
3.15938e+06 3.21431e+06
3.15752e+06 3.21434e+06
3.16103e+06 3.20329e+06
3.16112e+06 3.2026e+06
3.17239e+06 3.19194e+06
3.1705e+06 3.19276e+06
3.16476e+06 3.19846e+06
3.17617e+06 3.18759e+06
3.17471e+06 3.19165e+06
3.18073e+06 3.18748e+06
3.18288e+06 3.17966e+06
3.18279e+06 3.18476e+06
3.18257e+06 3.18542e+06
3.18305e+06 3.17892e+06
3.20353e+06 3.16691e+06
3.20235e+06 3.16878e+06
3.20217e+06 3.16929e+06
3.18714e+06 3.17491e+06
3.18938e+06 3.17374e+06
3.1979e+06 3.17279e+06
3.19505e+06 3.17283e+06
3.19052e+06 3.17317e+06
3.22698e+06 3.1604e+06
3.21128e+06 3.16594e+06
3.215e+06 3.16509e+06
3.22238e+06 3.16301e+06
3.22105e+06 3.16421e+06
3.33559e+06 3.14029e+06
3.27704e+06 3.14298e+06
3.25514e+06 3.15315e+06
3.25034e+06 3.15621e+06
3.24033e+06 3.1593e+06
3.14054e+06 3.30406e+06
3.14099e+06 3.25521e+06
3.1462e+06 3.22468e+06
3.14553e+06 3.22609e+06
3.15019e+06 3.2202e+06
3.15846e+06 3.21732e+06
3.15907e+06 3.21442e+06
3.16189e+06 3.20514e+06
3.17074e+06 3.19765e+06
3.17316e+06 3.19501e+06
3.17458e+06 3.19457e+06
3.1698e+06 3.2028e+06
3.17067e+06 3.20071e+06
3.17045e+06 3.20151e+06
3.17898e+06 3.18869e+06
3.178e+06 3.1896e+06
3.17591e+06 3.19269e+06
3.1754e+06 3.19332e+06
3.18266e+06 3.18652e+06
3.18314e+06 3.18289e+06
3.20565e+06 3.16733e+06
3.20324e+06 3.16927e+06
3.20298e+06 3.16988e+06
3.18775e+06 3.1773e+06
3.18754e+06 3.18087e+06
3.19292e+06 3.17363e+06
3.19117e+06 3.17701e+06
3.19136e+06 3.17529e+06
3.22966e+06 3.16185e+06
3.21216e+06 3.1666e+06
3.21527e+06 3.16566e+06
3.22485e+06 3.16342e+06
3.2836e+06 3.14883e+06
3.28381e+06 3.14729e+06
3.30293e+06 3.14389e+06
3.29001e+06 3.14428e+06
3.27718e+06 3.15112e+06
3.26719e+06 3.15358e+06
3.27221e+06 3.15344e+06
3.25992e+06 3.15458e+06
3.25243e+06 3.15843e+06
3.25607e+06 3.15684e+06
3.14189e+06 3.26687e+06
3.14102e+06 3.28763e+06
3.14569e+06 3.22718e+06
3.15227e+06 3.22311e+06
3.15359e+06 3.22157e+06
3.15998e+06 3.21705e+06
3.16129e+06 3.21659e+06
3.1637e+06 3.20521e+06
3.17298e+06 3.19765e+06
3.17115e+06 3.19829e+06
3.18044e+06 3.18958e+06
3.17895e+06 3.19095e+06
3.17709e+06 3.19312e+06
3.18291e+06 3.18862e+06
3.20418e+06 3.16937e+06
3.20356e+06 3.17296e+06
3.18938e+06 3.17756e+06
3.18782e+06 3.18618e+06
3.18788e+06 3.18295e+06
3.19562e+06 3.17654e+06
3.19972e+06 3.17567e+06
3.19805e+06 3.17654e+06
3.20075e+06 3.17559e+06
3.2411e+06 3.16322e+06
3.24627e+06 3.16302e+06
3.21655e+06 3.16688e+06
3.22211e+06 3.16666e+06
3.22838e+06 3.164e+06
3.23584e+06 3.16385e+06
3.22769e+06 3.16578e+06
3.16045e+06 3.22019e+06
3.16537e+06 3.20643e+06
3.15805e+06 3.22243e+06
3.1701e+06 3.20612e+06
3.145e+06 3.27511e+06
3.14718e+06 3.23191e+06
3.15288e+06 3.22403e+06
3.14569e+06 3.23203e+06
3.18388e+06 3.19109e+06
3.17789e+06 3.19553e+06
3.1795e+06 3.19447e+06
3.1897e+06 3.18351e+06
3.19807e+06 3.17788e+06
3.17714e+06 3.19809e+06
3.19379e+06 3.17898e+06
3.18852e+06 3.18612e+06
3.188e+06 3.18616e+06
3.19562e+06 3.17813e+06
3.19271e+06 3.18157e+06
3.17969e+06 3.19124e+06
3.18215e+06 3.19119e+06
3.18997e+06 3.18254e+06
3.17369e+06 3.20131e+06
3.19405e+06 3.17884e+06
3.17968e+06 3.19404e+06
3.1996e+06 3.17737e+06
3.20059e+06 3.17594e+06
3.18742e+06 3.19022e+06
3.17484e+06 3.19871e+06
3.20491e+06 3.17139e+06
3.22041e+06 3.16917e+06
3.18909e+06 3.18411e+06
3.21135e+06 3.16965e+06
