12 1.10341
3.18067e+06 3.11082e+06
3.08878e+06 3.20959e+06
3.18534e+06 3.10428e+06
3.1697e+06 3.11595e+06
3.15436e+06 3.13725e+06
3.18735e+06 3.10267e+06
3.15865e+06 3.12426e+06
3.09142e+06 3.19752e+06
3.08368e+06 3.21634e+06
3.09351e+06 3.19692e+06
3.1701e+06 3.11199e+06
3.15773e+06 3.13642e+06
3.1e+06 3.18642e+06
3.10274e+06 3.14472e+06
3.08888e+06 3.21451e+06
3.15462e+06 3.13895e+06
3.1882e+06 3.10981e+06
3.16125e+06 3.12802e+06
3.09982e+06 3.203e+06
3.09518e+06 3.21041e+06
3.09423e+06 3.21415e+06
3.17395e+06 3.12076e+06
3.17981e+06 3.1163e+06
3.17229e+06 3.12435e+06
3.11312e+06 3.17314e+06
3.11831e+06 3.17089e+06
3.14606e+06 3.15218e+06
3.14669e+06 3.15115e+06
3.12647e+06 3.15461e+06
3.12434e+06 3.16111e+06
3.10326e+06 3.18284e+06
3.12308e+06 3.1708e+06
3.09352e+06 3.21941e+06
3.09305e+06 3.23056e+06
3.09327e+06 3.22421e+06
3.16104e+06 3.1468e+06
3.15943e+06 3.1478e+06
3.19208e+06 3.10997e+06
3.1681e+06 3.1333e+06
3.16406e+06 3.13981e+06
3.10256e+06 3.21319e+06
3.18518e+06 3.11693e+06
3.17366e+06 3.13125e+06
3.17692e+06 3.12965e+06
3.17788e+06 3.12514e+06
3.11556e+06 3.17937e+06
3.1197e+06 3.17349e+06
3.15902e+06 3.15282e+06
3.15454e+06 3.1537e+06
3.13853e+06 3.15776e+06
3.14391e+06 3.15511e+06
3.13597e+06 3.16057e+06
3.14014e+06 3.157e+06
3.12944e+06 3.16298e+06
3.10382e+06 3.19645e+06
3.10525e+06 3.18468e+06
3.10481e+06 3.18658e+06
3.09575e+06 3.23099e+06
3.09617e+06 3.23091e+06
3.0969e+06 3.2251e+06
3.16108e+06 3.1508e+06
3.19228e+06 3.11303e+06
3.19457e+06 3.11007e+06
3.17154e+06 3.13796e+06
3.16422e+06 3.14835e+06
3.16889e+06 3.1472e+06
3.18885e+06 3.11783e+06
3.18557e+06 3.11946e+06
3.17572e+06 3.13426e+06
3.18042e+06 3.12725e+06
3.11646e+06 3.18313e+06
3.12651e+06 3.17629e+06
3.1592e+06 3.15465e+06
3.15227e+06 3.15545e+06
3.14444e+06 3.15578e+06
3.14356e+06 3.16008e+06
3.1306e+06 3.17166e+06
3.13415e+06 3.16986e+06
3.13532e+06 3.168e+06
3.13808e+06 3.16316e+06
3.12954e+06 3.17616e+06
3.13027e+06 3.17284e+06
3.10389e+06 3.21081e+06
3.11126e+06 3.1854e+06
3.10509e+06 3.20172e+06
3.10848e+06 3.18911e+06
3.10593e+06 3.19112e+06
3.09659e+06 3.25507e+06
3.19682e+06 3.11354e+06
3.09747e+06 3.23048e+06
3.10452e+06 3.213e+06
3.1557e+06 3.1577e+06
3.10604e+06 3.19443e+06
3.18218e+06 3.12895e+06
3.14448e+06 3.16027e+06
3.11573e+06 3.18613e+06
3.18719e+06 3.12071e+06
3.10985e+06 3.19182e+06
3.12696e+06 3.18521e+06
3.17986e+06 3.13634e+06
