771 4.91052
162369 128025 113739
150355 157807 100058
163485 121235 119232
143387 141479 109929
162088 141416 123434
172645 153638 120845
145156 140295 106940
151048 141910 143219
151147 128579 122334
174423 151148 114337
160630 126208 110592
153314 122258 129868
160942 156814 110675
147051 136382 125196
176991 151328 107504
154542 131996 116175
146635 125013 116108
152858 155578 122305
153567 129965 130857
143203 149840 118352
154383 138277 131027
148018 147315 99913
144129 151934 104808
155901 141317 113250
147628 140428 115463
154408 122562 125028
144382 141091 150209
153446 142941 112262
174597 157847 113363
155529 132697 132294
155282 121741 129829
142666 161556 98153
159919 149116 110025
149577 149760 122851
144359 153586 103280
155375 149680 110062
169034 144080 132799
148793 148704 113386
163965 165518 111916
180215 153276 126789
161515 130427 123755
160305 142837 128244
157823 139803 110762
151361 142183 113513
146613 137215 121243
168763 160525 141314
160554 131439 114976
153726 127113 114519
152403 130311 105396
158585 139731 114771
153411 122840 117408
151669 143450 104801
167297 157092 118613
150248 134102 136532
160992 152611 119409
151087 130237 123546
143552 140404 125882
151958 140242 113838
154800 158795 102320
161034 127899 113043
154045 150001 109482
152996 145444 124442
160564 136923 113779
159992 131478 106845
153478 139089 104337
180468 160830 108664
150919 133615 124556
142919 127897 124013
170921 160228 118963
155288 136220 106158
169949 133069 102491
153261 140690 111887
156715 137710 132643
142815 137371 119842
151531 156213 109665
151130 134831 125702
152331 137933 114413
169881 155921 98549
165422 140903 143168
165468 155958 111145
169626 139509 97829
172199 138659 115267
142940 131111 128096
145960 154292 115383
159633 135925 101786
162194 166852 127814
160941 173405 111364
164242 153648 107413
162224 138209 115607
170343 148865 111436
158411 150321 123157
155098 167154 101700
147565 162227 104179
158820 145570 106848
148512 142629 111804
159282 135361 118913
160467 138714 136962
147352 143684 120631
148554 124939 135296
160019 161348 104652
162476 128762 133078
153616 153156 99664
149938 141031 110491
163826 158721 124391
164314 138615 135488
140636 142976 101861
131320 130799 119771
155220 147304 123952
164027 170250 130816
140175 131797 133051
150090 119241 116555
160797 167619 112497
162403 152161 119429
162631 131395 116317
154984 163343 96407
155810 158269 118571
152607 126004 114480
138035 153253 108946
171669 132222 139836
149663 141431 113551
144254 152017 123537
168668 155801 96796
158508 151424 119858
154538 150100 136099
158898 142046 119188
158171 158275 117172
152400 144385 105389
154389 126987 124300
148603 150982 107702
162267 151069 110439
171896 162401 121563
150315 150513 112352
165147 120756 127438
149386 160575 112281
145924 145947 122465
171777 134156 119812
156241 146793 106604
155874 169566 111478
160690 144442 142368
138435 137327 113562
165266 147979 101428
162527 157040 109694
158583 147144 122324
155217 141414 133862
158681 153237 110716
153707 135101 110349
157832 129931 118360
158714 163665 123838
135015 142726 122238
161996 142507 137031
160103 123387 113527
155812 143477 103272
150216 130593 110815
162157 131564 119307
144414 149404 112834
169510 166963 135649
155781 138464 112737
144736 129603 129763
157877 143072 106161
158112 142842 127322
157520 134593 116642
162722 134710 131043
146798 143843 130911
159551 149385 104480
148260 166053 114703
166693 156402 108835
159998 148149 139048
131084 119759 124409
151911 123805 124020
165786 135876 107049
144612 124989 119662
151968 137428 118760
168756 130781 159664
156158 155261 101581
149695 147307 121416
137165 141583 121857
154697 119207 136053
162766 154969 106853
149125 125920 118728
155871 132300 108740
153131 124668 115597
161472 141756 114869
151712 162531 111868
162990 135420 111957
147050 129331 113862
172001 155526 105321
135123 130444 124352
155044 135706 135911
141829 159776 120343
159065 137536 115409
142068 127728 109497
147955 148786 101129
157775 126302 110604
157257 150810 111045
147578 122010 124495
145120 121147 128304
151117 139414 123478
149383 140113 111931
132356 126125 115705
142202 135939 109536
156953 167172 124090
152875 142108 128897
155789 145205 114486
150300 135508 113502
164417 128920 111191
158819 145991 118116
160789 170320 117837
160829 152607 105384
151318 143367 130083
150247 155672 124196
171081 138521 118366
142970 160514 139959
161022 162364 108354
161676 148240 122643
171655 143973 108036
162194 137616 110984
150844 141297 122635
163135 138186 133186
132139 124449 148184
161743 143893 111315
155284 125271 138928
170027 161961 108978
162500 139069 100851
150292 154197 108525
163043 152071 99727
169077 155201 132358
149317 132101 128808
165045 127338 112364
187292 145697 134222
145177 145585 107727
159859 137323 109413
147432 145953 105299
169416 140634 142880
154923 123714 120953
142760 157168 129741
137780 132461 108085
141594 147019 114578
154669 141343 123801
147205 161905 126576
157476 144023 102156
152298 142949 112716
144287 141357 114741
166680 161880 105305
173221 146081 111006
163195 150994 108842
158504 144956 120360
151379 167904 142252
167666 152958 116960
