6 0.0503671
774423 789180
791411 770705
798446 766890
774503 784533
799711 766718
802138 762904
777487 780988
786605 777602
794088 769178
806602 752769
779616 780348
763104 799634
768384 793219
798215 767533
770566 790872
812422 752693
791879 776766
791648 777121
792162 776517
792638 774474
775635 786657
804332 765854
802818 767461
791247 778255
790870 779171
794229 770271
796527 769890
783387 782025
783365 784185
768982 800625
771247 793760
771154 794899
775093 791464
772646 791980
770998 796173
812884 756328
824219 754284
792486 776943
792355 777998
793849 775852
776366 787110
805061 767860
790904 781693
794698 774768
797943 772256
798397 771426
799233 770085
785672 782311
784605 784515
772775 793051
774109 792185
771949 798007
771598 799927
813836 760482
813387 767591
822301 759254
826454 755322
793522 778428
777879 787616
780258 787169
777431 789432
805585 769095
794791 775051
805245 771161
799805 772174
791426 782878
786174 783585
786774 783142
773821 796296
774719 794144
775795 792565
772558 799135
817686 761552
814488 764158
823342 759753
828905 756346
773016 802436
832395 756915
788041 784792
818292 767031
831543 757673
782505 789516
828923 764566
789522 783191
827801 766972
793948 779855
815745 768453
777945 790512
809911 769181
774562 797786
775993 793416
806649 769768
775759 794883
804232 772236
781187 789798
801413 774426
795942 779077
799688 776439
803426 773428
774806 797308
