1380 300.153
2.9963e+06 2.48015e+06 2.45198e+06
2.95348e+06 2.60341e+06 2.31441e+06
2.8495e+06 2.44786e+06 2.59932e+06
2.81901e+06 2.68788e+06 2.4467e+06
2.71374e+06 2.55053e+06 2.65519e+06
2.71144e+06 2.57445e+06 2.6162e+06
2.71144e+06 2.57445e+06 2.6162e+06
2.71374e+06 2.55053e+06 2.65519e+06
2.9651e+06 2.56291e+06 2.34697e+06
2.84329e+06 2.62811e+06 2.41081e+06
2.87795e+06 2.59259e+06 2.36692e+06
2.93834e+06 2.65658e+06 2.35132e+06
2.94165e+06 2.59825e+06 2.34287e+06
2.83123e+06 2.61887e+06 2.45227e+06
2.91427e+06 2.61384e+06 2.3518e+06
2.83342e+06 2.64143e+06 2.41807e+06
2.86809e+06 2.67428e+06 2.37768e+06
2.95142e+06 2.5845e+06 2.33138e+06
2.93338e+06 2.66311e+06 2.34306e+06
2.72358e+06 2.57229e+06 2.54832e+06
2.85085e+06 2.63834e+06 2.39259e+06
2.72959e+06 2.51428e+06 2.56283e+06
2.97894e+06 2.51444e+06 2.36502e+06
2.92712e+06 2.64757e+06 2.3515e+06
2.82716e+06 2.4531e+06 2.58369e+06
2.85913e+06 2.51458e+06 2.47174e+06
2.88666e+06 2.55587e+06 2.36327e+06
2.7934e+06 2.45571e+06 2.55784e+06
2.81459e+06 2.4657e+06 2.53856e+06
2.88666e+06 2.55587e+06 2.36327e+06
2.91568e+06 2.67127e+06 2.34328e+06
2.94795e+06 2.5081e+06 2.44183e+06
2.90473e+06 2.52355e+06 2.39705e+06
2.95348e+06 2.60341e+06 2.31441e+06
2.94579e+06 2.59035e+06 2.32645e+06
2.95623e+06 2.48796e+06 2.43554e+06
2.74111e+06 2.50723e+06 2.5363e+06
2.83791e+06 2.61087e+06 2.4621e+06
2.94579e+06 2.59035e+06 2.32645e+06
2.84521e+06 2.60998e+06 2.41196e+06
2.82481e+06 2.49588e+06 2.48698e+06
2.77803e+06 2.46712e+06 2.60347e+06
2.93568e+06 2.51651e+06 2.43139e+06
2.95491e+06 2.50344e+06 2.42242e+06
2.86639e+06 2.54863e+06 2.44938e+06
2.78816e+06 2.56695e+06 2.48528e+06
2.94579e+06 2.51709e+06 2.40148e+06
2.82716e+06 2.4531e+06 2.58369e+06
2.75362e+06 2.50813e+06 2.53466e+06
2.89092e+06 2.53333e+06 2.43674e+06
2.84559e+06 2.60221e+06 2.44703e+06
2.71426e+06 2.58201e+06 2.59275e+06
2.95142e+06 2.5845e+06 2.33138e+06
2.8495e+06 2.44786e+06 2.59932e+06
2.7578e+06 2.50108e+06 2.59155e+06
2.81459e+06 2.4657e+06 2.53856e+06
2.795e+06 2.54185e+06 2.48347e+06
2.87211e+06 2.53489e+06 2.39079e+06
2.76802e+06 2.47359e+06 2.57738e+06
2.89118e+06 2.51948e+06 2.41823e+06
2.95396e+06 2.57701e+06 2.34787e+06
2.85361e+06 2.57849e+06 2.38526e+06
2.79111e+06 2.4786e+06 2.5278e+06
2.74978e+06 2.5813e+06 2.50531e+06
2.75313e+06 2.56292e+06 2.515e+06
2.90078e+06 2.50526e+06 2.47046e+06
2.9963e+06 2.48015e+06 2.45198e+06
2.98727e+06 2.48478e+06 2.46557e+06
2.91568e+06 2.67127e+06 2.34328e+06
2.83693e+06 2.48219e+06 2.50355e+06
2.89603e+06 2.57824e+06 2.36147e+06
2.93372e+06 2.52778e+06 2.35723e+06
2.7413e+06 2.50503e+06 2.57277e+06
2.92712e+06 2.64757e+06 2.3515e+06
2.9211e+06 2.52748e+06 2.38932e+06
2.80058e+06 2.47242e+06 2.5286e+06
2.91441e+06 2.52282e+06 2.40909e+06
2.8107e+06 2.50147e+06 2.49074e+06
2.7443e+06 2.46869e+06 2.59373e+06
2.98078e+06 2.49592e+06 2.42198e+06
2.7934e+06 2.45571e+06 2.55784e+06
2.89603e+06 2.57824e+06 2.36147e+06
2.87162e+06 2.5379e+06 2.39629e+06
2.86809e+06 2.67428e+06 2.37768e+06
2.74375e+06 2.49873e+06 2.61185e+06
2.79894e+06 2.45455e+06 2.5514e+06
2.77808e+06 2.47596e+06 2.56731e+06
2.72923e+06 2.50975e+06 2.57647e+06
2.83188e+06 2.49141e+06 2.48312e+06
2.90078e+06 2.50526e+06 2.47046e+06
2.8055e+06 2.50246e+06 2.50343e+06
2.79208e+06 2.47199e+06 2.54511e+06
2.9211e+06 2.52748e+06 2.38932e+06
2.86537e+06 2.48286e+06 2.48982e+06
2.85085e+06 2.63834e+06 2.39259e+06
2.83188e+06 2.49141e+06 2.48312e+06
2.74375e+06 2.49873e+06 2.61185e+06
2.85361e+06 2.57849e+06 2.38526e+06
2.9395e+06 2.5172e+06 2.37314e+06
2.83123e+06 2.61887e+06 2.45227e+06
2.75652e+06 2.50403e+06 2.52343e+06
2.83791e+06 2.61087e+06 2.4621e+06
2.78816e+06 2.56695e+06 2.48528e+06
2.9395e+06 2.5172e+06 2.37314e+06
2.7608e+06 2.53883e+06 2.50748e+06
2.98727e+06 2.48478e+06 2.46557e+06
2.95623e+06 2.48796e+06 2.43554e+06
2.72358e+06 2.57229e+06 2.54832e+06
2.84461e+06 2.513e+06 2.47908e+06
2.94174e+06 2.51483e+06 2.41425e+06
2.80311e+06 2.515e+06 2.47403e+06
2.72722e+06 2.52596e+06 2.51894e+06
2.795e+06 2.54185e+06 2.48347e+06
2.93156e+06 2.55136e+06 2.35587e+06
2.76188e+06 2.53908e+06 2.49211e+06
2.92608e+06 2.55175e+06 2.37898e+06
2.79625e+06 2.46938e+06 2.54852e+06
2.93156e+06 2.55136e+06 2.35587e+06
2.76332e+06 2.49871e+06 2.54965e+06
2.74784e+06 2.52371e+06 2.53544e+06
2.79208e+06 2.47199e+06 2.54511e+06
2.76176e+06 2.48574e+06 2.57324e+06
2.77467e+06 2.53143e+06 2.50962e+06
2.93308e+06 2.48611e+06 2.44625e+06
2.72722e+06 2.52596e+06 2.51894e+06
2.76376e+06 2.53057e+06 2.51314e+06
2.86639e+06 2.54863e+06 2.44938e+06
2.84898e+06 2.48455e+06 2.49139e+06
2.77803e+06 2.46712e+06 2.60347e+06
2.78479e+06 2.50449e+06 2.5099e+06
2.78848e+06 2.48332e+06 2.53716e+06
2.78372e+06 2.52457e+06 2.49371e+06
2.81723e+06 2.48302e+06 2.4991e+06
2.77299e+06 2.53702e+06 2.50171e+06
2.98078e+06 2.49592e+06 2.42198e+06
2.80384e+06 2.58211e+06 2.46234e+06
2.76802e+06 2.47359e+06 2.57738e+06
2.79815e+06 2.52126e+06 2.49367e+06
2.78021e+06 2.52123e+06 2.50068e+06
2.81178e+06 2.49736e+06 2.50471e+06
2.77299e+06 2.53702e+06 2.50171e+06
2.7787e+06 2.53799e+06 2.49518e+06
2.80403e+06 2.46868e+06 2.51029e+06
2.90473e+06 2.52355e+06 2.39705e+06
2.85045e+06 2.67401e+06 2.38394e+06
2.79955e+06 2.52927e+06 2.49245e+06
2.92599e+06 2.53301e+06 2.38089e+06
2.80529e+06 2.50249e+06 2.50798e+06
2.98727e+06 2.48478e+06 2.46557e+06
2.92459e+06 2.50767e+06 2.44761e+06
2.74859e+06 2.52376e+06 2.52166e+06
2.77808e+06 2.47596e+06 2.56731e+06
2.79094e+06 2.51509e+06 2.50593e+06
2.8157e+06 2.52887e+06 2.46231e+06
2.7578e+06 2.50108e+06 2.59155e+06
2.93568e+06 2.51651e+06 2.43139e+06
2.77057e+06 2.48737e+06 2.51855e+06
2.78969e+06 2.50384e+06 2.5065e+06
2.77984e+06 2.52392e+06 2.51478e+06
2.74912e+06 2.50194e+06 2.56675e+06
2.79829e+06 2.49949e+06 2.51541e+06
2.78448e+06 2.5206e+06 2.5117e+06
2.76482e+06 2.52314e+06 2.52253e+06
2.78019e+06 2.47915e+06 2.55968e+06
2.94579e+06 2.51709e+06 2.40148e+06
2.85045e+06 2.67401e+06 2.38394e+06
2.78388e+06 2.52045e+06 2.51547e+06
2.77467e+06 2.53143e+06 2.50962e+06
2.81178e+06 2.49736e+06 2.50471e+06
2.95351e+06 2.512e+06 2.43672e+06
2.86537e+06 2.48286e+06 2.48982e+06
2.77022e+06 2.5289e+06 2.51745e+06
2.80126e+06 2.50798e+06 2.49107e+06
2.87211e+06 2.53489e+06 2.39079e+06
2.79894e+06 2.45455e+06 2.5514e+06
2.94174e+06 2.51483e+06 2.41425e+06
2.92459e+06 2.50767e+06 2.44761e+06
2.97894e+06 2.51444e+06 2.36502e+06
2.74111e+06 2.50723e+06 2.5363e+06
2.84461e+06 2.513e+06 2.47908e+06
2.72959e+06 2.51428e+06 2.56283e+06
2.92599e+06 2.53301e+06 2.38089e+06
2.72923e+06 2.50975e+06 2.57647e+06
2.82481e+06 2.49588e+06 2.48698e+06
2.81723e+06 2.48302e+06 2.4991e+06
2.80311e+06 2.515e+06 2.47403e+06
2.80047e+06 2.5331e+06 2.46444e+06
2.91451e+06 2.50382e+06 2.47996e+06
2.80549e+06 2.5145e+06 2.48764e+06
2.79933e+06 2.52118e+06 2.50011e+06
2.92608e+06 2.55175e+06 2.37898e+06
2.75652e+06 2.50403e+06 2.52343e+06
2.78019e+06 2.47915e+06 2.55968e+06
2.80377e+06 2.5019e+06 2.51305e+06
2.7787e+06 2.53799e+06 2.49518e+06
2.9963e+06 2.48015e+06 2.45198e+06
2.91451e+06 2.50382e+06 2.47996e+06
2.76482e+06 2.52314e+06 2.52253e+06
2.79206e+06 2.50198e+06 2.51785e+06
2.79625e+06 2.46938e+06 2.54852e+06
2.78461e+06 2.51799e+06 2.51828e+06
2.7443e+06 2.46869e+06 2.59373e+06
2.9963e+06 2.48015e+06 2.45198e+06
2.93308e+06 2.48611e+06 2.44625e+06
2.71426e+06 2.58201e+06 2.59275e+06
2.78372e+06 2.52457e+06 2.49371e+06
2.98727e+06 2.48478e+06 2.46557e+06
2.91441e+06 2.52282e+06 2.40909e+06
2.93568e+06 2.51651e+06 2.43139e+06
2.76944e+06 2.51453e+06 2.5222e+06
2.95351e+06 2.512e+06 2.43672e+06
2.89118e+06 2.51948e+06 2.41823e+06
2.77057e+06 2.48737e+06 2.51855e+06
2.78461e+06 2.51799e+06 2.51828e+06
2.80047e+06 2.5331e+06 2.46444e+06
2.76944e+06 2.51453e+06 2.5222e+06
2.87162e+06 2.5379e+06 2.39629e+06
2.9963e+06 2.48015e+06 2.45198e+06
2.84898e+06 2.48455e+06 2.49139e+06
2.74912e+06 2.50194e+06 2.56675e+06
2.92608e+06 2.55175e+06 2.37898e+06
2.98078e+06 2.49592e+06 2.42198e+06
2.92599e+06 2.53301e+06 2.38089e+06
2.9963e+06 2.48015e+06 2.45198e+06
2.9963e+06 2.48015e+06 2.45198e+06
2.9963e+06 2.48015e+06 2.45198e+06
2.9963e+06 2.48015e+06 2.45198e+06
2.9963e+06 2.48015e+06 2.45198e+06
2.9963e+06 2.48015e+06 2.45198e+06
2.9963e+06 2.48015e+06 2.45198e+06
2.9963e+06 2.48015e+06 2.45198e+06
2.9963e+06 2.48015e+06 2.45198e+06
2.9963e+06 2.48015e+06 2.45198e+06
2.9963e+06 2.48015e+06 2.45198e+06
2.9963e+06 2.48015e+06 2.45198e+06
2.9963e+06 2.48015e+06 2.45198e+06
2.9963e+06 2.48015e+06 2.45198e+06
2.9963e+06 2.48015e+06 2.45198e+06
2.9963e+06 2.48015e+06 2.45198e+06
2.9963e+06 2.48015e+06 2.45198e+06
2.9963e+06 2.48015e+06 2.45198e+06
2.9963e+06 2.48015e+06 2.45198e+06
2.9963e+06 2.48015e+06 2.45198e+06
2.9963e+06 2.48015e+06 2.45198e+06
2.98727e+06 2.48478e+06 2.46557e+06
2.98078e+06 2.49592e+06 2.42198e+06
2.99008e+06 2.52862e+06 2.3749e+06
2.97008e+06 2.50062e+06 2.47429e+06
2.92378e+06 2.65642e+06 2.40354e+06
2.87186e+06 2.65077e+06 2.54598e+06
2.93541e+06 2.54334e+06 2.443e+06
2.88126e+06 2.6395e+06 2.53058e+06
2.88807e+06 2.59074e+06 2.4692e+06
2.96419e+06 2.57793e+06 2.42302e+06
2.88416e+06 2.61209e+06 2.49082e+06
2.90613e+06 2.61468e+06 2.43702e+06
2.9503e+06 2.62392e+06 2.40965e+06
2.92791e+06 2.54039e+06 2.47469e+06
2.94895e+06 2.59754e+06 2.42951e+06
2.95254e+06 2.60462e+06 2.42504e+06
2.97631e+06 2.51337e+06 2.42762e+06
2.97631e+06 2.51337e+06 2.42762e+06
2.96284e+06 2.5062e+06 2.43159e+06
2.96284e+06 2.5062e+06 2.43159e+06
2.96284e+06 2.5062e+06 2.43159e+06
2.97631e+06 2.51337e+06 2.42762e+06
2.97631e+06 2.51337e+06 2.42762e+06
2.96284e+06 2.5062e+06 2.43159e+06
2.96981e+06 2.54447e+06 2.44353e+06
2.96627e+06 2.52545e+06 2.48404e+06
2.95759e+06 2.66586e+06 2.41247e+06
2.89546e+06 2.6288e+06 2.55033e+06
2.90948e+06 2.61517e+06 2.49409e+06
2.94732e+06 2.57558e+06 2.45886e+06
2.92559e+06 2.64647e+06 2.46152e+06
2.93762e+06 2.58503e+06 2.46999e+06
2.89908e+06 2.64427e+06 2.48488e+06
2.95554e+06 2.60666e+06 2.43581e+06
2.91114e+06 2.60306e+06 2.48017e+06
2.93714e+06 2.59508e+06 2.47806e+06
2.92549e+06 2.61079e+06 2.4769e+06
2.95016e+06 2.54161e+06 2.4823e+06
2.94976e+06 2.54363e+06 2.45473e+06
2.99666e+06 2.54365e+06 2.46419e+06
2.99145e+06 2.53484e+06 2.53051e+06
2.96505e+06 2.63486e+06 2.43931e+06
2.93238e+06 2.67688e+06 2.46558e+06
2.91602e+06 2.62387e+06 2.54511e+06
2.89996e+06 2.66391e+06 2.52064e+06
2.90664e+06 2.65378e+06 2.49385e+06
2.95433e+06 2.55158e+06 2.46891e+06
2.95924e+06 2.58489e+06 2.45672e+06
2.94332e+06 2.60352e+06 2.48034e+06
2.97258e+06 2.57206e+06 2.46488e+06
2.95611e+06 2.66557e+06 2.45044e+06
2.94003e+06 2.60129e+06 2.53604e+06
2.92148e+06 2.61761e+06 2.49337e+06
2.95254e+06 2.57242e+06 2.48253e+06
2.98173e+06 2.61289e+06 2.45629e+06
2.94211e+06 2.59884e+06 2.48915e+06
2.91908e+06 2.65688e+06 2.4859e+06
2.98267e+06 2.60042e+06 2.45462e+06
2.96844e+06 2.63168e+06 2.45667e+06
3.03243e+06 2.62043e+06 2.45584e+06
2.96763e+06 2.55568e+06 2.4966e+06
2.96725e+06 2.69412e+06 2.4637e+06
2.93359e+06 2.63583e+06 2.53315e+06
2.92124e+06 2.66776e+06 2.5042e+06
2.92963e+06 2.64934e+06 2.5196e+06
3.00705e+06 2.60969e+06 2.45977e+06
2.9945e+06 2.57339e+06 2.49435e+06
2.95978e+06 2.621e+06 2.48096e+06
2.93635e+06 2.6739e+06 2.49698e+06
2.95809e+06 2.5969e+06 2.51313e+06
2.92198e+06 2.63915e+06 2.5298e+06
2.9855e+06 2.5745e+06 2.46705e+06
2.972e+06 2.61269e+06 2.4773e+06
2.9755e+06 2.68501e+06 2.45864e+06
2.94776e+06 2.60778e+06 2.51665e+06
2.96759e+06 2.6143e+06 2.46851e+06
2.94439e+06 2.64266e+06 2.49626e+06
2.95456e+06 2.63658e+06 2.50556e+06
2.94929e+06 2.68845e+06 2.46615e+06
2.98312e+06 2.58819e+06 2.49648e+06
2.96538e+06 2.58942e+06 2.4776e+06
2.99468e+06 2.63969e+06 2.45642e+06
2.95394e+06 2.6419e+06 2.51474e+06
2.97799e+06 2.63976e+06 2.46201e+06
2.93375e+06 2.69377e+06 2.47912e+06
2.98045e+06 2.69408e+06 2.45602e+06
3.03002e+06 2.61084e+06 2.46349e+06
2.9695e+06 2.59036e+06 2.49809e+06
2.95099e+06 2.74646e+06 2.51226e+06
2.92849e+06 2.69324e+06 2.5833e+06
2.93498e+06 2.67439e+06 2.55481e+06
2.9831e+06 2.69407e+06 2.47946e+06
2.96251e+06 2.62535e+06 2.53981e+06
2.94304e+06 2.6523e+06 2.52841e+06
3.01507e+06 2.67096e+06 2.47191e+06
3.00705e+06 2.60036e+06 2.48603e+06
2.99865e+06 2.632e+06 2.49435e+06
3.02658e+06 2.63581e+06 2.46427e+06
2.98982e+06 2.64812e+06 2.47648e+06
2.95567e+06 2.66044e+06 2.51556e+06
2.98326e+06 2.687e+06 2.46946e+06
2.96814e+06 2.60172e+06 2.50898e+06
2.96495e+06 2.67867e+06 2.48147e+06
2.96363e+06 2.64451e+06 2.49133e+06
2.95631e+06 2.64716e+06 2.51939e+06
2.95593e+06 2.67731e+06 2.50083e+06
2.95589e+06 2.64544e+06 2.52357e+06
3.00996e+06 2.65184e+06 2.48327e+06
3.00844e+06 2.61371e+06 2.54032e+06
2.94169e+06 2.70138e+06 2.60274e+06
2.93663e+06 2.72623e+06 2.55677e+06
2.93558e+06 2.72352e+06 2.56673e+06
2.98307e+06 2.6177e+06 2.50286e+06
2.9532e+06 2.70732e+06 2.53225e+06
2.95725e+06 2.67047e+06 2.52477e+06
2.97852e+06 2.68574e+06 2.49898e+06
2.96412e+06 2.66134e+06 2.55752e+06
2.97896e+06 2.62426e+06 2.54466e+06
2.96561e+06 2.64617e+06 2.51629e+06
2.95559e+06 2.68634e+06 2.54897e+06
2.96629e+06 2.69964e+06 2.50593e+06
2.94432e+06 2.72572e+06 2.54492e+06
2.97059e+06 2.64857e+06 2.51621e+06
2.96764e+06 2.67016e+06 2.50337e+06
2.97268e+06 2.64634e+06 2.50061e+06
3.01352e+06 2.65943e+06 2.49206e+06
2.98705e+06 2.61934e+06 2.50368e+06
2.96048e+06 2.69467e+06 2.58985e+06
2.95851e+06 2.73497e+06 2.54806e+06
2.98745e+06 2.65894e+06 2.50248e+06
2.98324e+06 2.64288e+06 2.54082e+06
2.96059e+06 2.70954e+06 2.52653e+06
2.96209e+06 2.6744e+06 2.5866e+06
2.97611e+06 2.69286e+06 2.51125e+06
2.97018e+06 2.67018e+06 2.56781e+06
2.96405e+06 2.70147e+06 2.54476e+06
2.96826e+06 2.67206e+06 2.53772e+06
2.97883e+06 2.65868e+06 2.52118e+06
2.97697e+06 2.65145e+06 2.52228e+06
2.97578e+06 2.65643e+06 2.55404e+06
2.97295e+06 2.66911e+06 2.56282e+06
2.97176e+06 2.66231e+06 2.56358e+06
2.96563e+06 2.67178e+06 2.55773e+06
3.0268e+06 2.61975e+06 2.50546e+06
3.00832e+06 2.6316e+06 2.58998e+06
2.96893e+06 2.7237e+06 2.53776e+06
2.96863e+06 2.67503e+06 2.53809e+06
2.97809e+06 2.6981e+06 2.52255e+06
2.97241e+06 2.67211e+06 2.58508e+06
2.9847e+06 2.66943e+06 2.54864e+06
2.99504e+06 2.64837e+06 2.52895e+06
3.00174e+06 2.6852e+06 2.50882e+06
2.99589e+06 2.63498e+06 2.51224e+06
2.98551e+06 2.66419e+06 2.54505e+06
2.99126e+06 2.64542e+06 2.54005e+06
2.99128e+06 2.67603e+06 2.52377e+06
2.98943e+06 2.68486e+06 2.51074e+06
3.03693e+06 2.66032e+06 2.50922e+06
3.00698e+06 2.65555e+06 2.57234e+06
2.97304e+06 2.73997e+06 2.58278e+06
2.97593e+06 2.68398e+06 2.56186e+06
2.98894e+06 2.7027e+06 2.55578e+06
3.03629e+06 2.65605e+06 2.54016e+06
3.00814e+06 2.7146e+06 2.51942e+06
3.01544e+06 2.6631e+06 2.51533e+06
2.9971e+06 2.66673e+06 2.54828e+06
3.01305e+06 2.68783e+06 2.52277e+06
2.99366e+06 2.69055e+06 2.54037e+06
3.0004e+06 2.70721e+06 2.52256e+06
2.99767e+06 2.65724e+06 2.55039e+06
3.04237e+06 2.67555e+06 2.55047e+06
3.00235e+06 2.72651e+06 2.52689e+06
2.97603e+06 2.70166e+06 2.58214e+06
2.99496e+06 2.69025e+06 2.56946e+06
3.03324e+06 2.67665e+06 2.55928e+06
3.03067e+06 2.7276e+06 2.58195e+06
2.99059e+06 2.71256e+06 2.59478e+06
2.98191e+06 2.75914e+06 2.59455e+06
2.9994e+06 2.7191e+06 2.59052e+06
3.00072e+06 2.72372e+06 2.59554e+06
2.9963e+06 2.48015e+06 2.45198e+06
2.95348e+06 2.60341e+06 2.31441e+06
2.8495e+06 2.44786e+06 2.59932e+06
2.81901e+06 2.68788e+06 2.4467e+06
2.71374e+06 2.55053e+06 2.65519e+06
2.71144e+06 2.57445e+06 2.6162e+06
2.92712e+06 2.64757e+06 2.3515e+06
2.86809e+06 2.67428e+06 2.37768e+06
2.71374e+06 2.55053e+06 2.65519e+06
2.8495e+06 2.44786e+06 2.59932e+06
2.97894e+06 2.51444e+06 2.36502e+06
2.9963e+06 2.48015e+06 2.45198e+06
2.79208e+06 2.47199e+06 2.54511e+06
2.95142e+06 2.5845e+06 2.33138e+06
2.81459e+06 2.4657e+06 2.53856e+06
2.90473e+06 2.52355e+06 2.39705e+06
2.7934e+06 2.45571e+06 2.55784e+06
2.95348e+06 2.60341e+06 2.31441e+06
2.80818e+06 2.49076e+06 2.5274e+06
2.82716e+06 2.4531e+06 2.58369e+06
2.94579e+06 2.59035e+06 2.32645e+06
2.95517e+06 2.50084e+06 2.45005e+06
2.7578e+06 2.50108e+06 2.59155e+06
2.76944e+06 2.51453e+06 2.5222e+06
2.78816e+06 2.56695e+06 2.48528e+06
2.85361e+06 2.57849e+06 2.38526e+06
2.88666e+06 2.55587e+06 2.36327e+06
2.86809e+06 2.67428e+06 2.37768e+06
2.74375e+06 2.49873e+06 2.61185e+06
2.72358e+06 2.57229e+06 2.54832e+06
2.795e+06 2.54185e+06 2.48347e+06
2.71426e+06 2.58201e+06 2.59275e+06
2.91441e+06 2.52282e+06 2.40909e+06
2.82269e+06 2.6827e+06 2.46254e+06
2.72923e+06 2.50975e+06 2.57647e+06
2.83791e+06 2.61087e+06 2.4621e+06
2.94165e+06 2.59825e+06 2.34287e+06
2.7357e+06 2.5375e+06 2.56071e+06
2.94774e+06 2.49296e+06 2.45515e+06
2.86537e+06 2.48286e+06 2.48982e+06
2.73456e+06 2.56118e+06 2.55159e+06
2.94579e+06 2.59035e+06 2.32645e+06
2.72358e+06 2.57229e+06 2.54832e+06
2.9651e+06 2.56291e+06 2.34697e+06
2.87795e+06 2.59259e+06 2.36692e+06
2.82269e+06 2.6827e+06 2.46254e+06
2.89238e+06 2.52615e+06 2.42008e+06
2.79894e+06 2.45455e+06 2.5514e+06
2.78372e+06 2.52457e+06 2.49371e+06
2.81901e+06 2.68788e+06 2.4467e+06
2.74912e+06 2.50194e+06 2.56675e+06
2.87162e+06 2.5379e+06 2.39629e+06
2.96997e+06 2.48718e+06 2.4517e+06
2.91251e+06 2.55313e+06 2.374e+06
2.78372e+06 2.52457e+06 2.49371e+06
2.74111e+06 2.50723e+06 2.5363e+06
2.84521e+06 2.60998e+06 2.41196e+06
2.81459e+06 2.4657e+06 2.53856e+06
2.82822e+06 2.47572e+06 2.52301e+06
2.90078e+06 2.50526e+06 2.47046e+06
2.82716e+06 2.4531e+06 2.58369e+06
2.84329e+06 2.62811e+06 2.41081e+06
2.83342e+06 2.64143e+06 2.41807e+06
2.74375e+06 2.49873e+06 2.61185e+06
2.74912e+06 2.50194e+06 2.56675e+06
2.7643e+06 2.54797e+06 2.50902e+06
2.81723e+06 2.48302e+06 2.4991e+06
2.85085e+06 2.63834e+06 2.39259e+06
2.94165e+06 2.59825e+06 2.34287e+06
2.77438e+06 2.54228e+06 2.51079e+06
2.90078e+06 2.50526e+06 2.47046e+06
2.76721e+06 2.46709e+06 2.56291e+06
2.7934e+06 2.45571e+06 2.55784e+06
2.86084e+06 2.55117e+06 2.42205e+06
2.72959e+06 2.51428e+06 2.56283e+06
2.79111e+06 2.4786e+06 2.5278e+06
2.7793e+06 2.49197e+06 2.51251e+06
2.7643e+06 2.54797e+06 2.50902e+06
2.81253e+06 2.63356e+06 2.46403e+06
2.73456e+06 2.56118e+06 2.55159e+06
2.97265e+06 2.52347e+06 2.38674e+06
2.90635e+06 2.5233e+06 2.42983e+06
2.87162e+06 2.5379e+06 2.39629e+06
2.84461e+06 2.513e+06 2.47908e+06
2.8829e+06 2.56541e+06 2.37561e+06
2.80311e+06 2.515e+06 2.47403e+06
2.7443e+06 2.46869e+06 2.59373e+06
2.82892e+06 2.62582e+06 2.4635e+06
2.7443e+06 2.46869e+06 2.59373e+06
2.7413e+06 2.50503e+06 2.57277e+06
2.92768e+06 2.57181e+06 2.34801e+06
2.80553e+06 2.51398e+06 2.50611e+06
2.77438e+06 2.54228e+06 2.51079e+06
2.87795e+06 2.59259e+06 2.36692e+06
2.83123e+06 2.61887e+06 2.45227e+06
2.83818e+06 2.62208e+06 2.41841e+06
2.94774e+06 2.49296e+06 2.45515e+06
2.84094e+06 2.59937e+06 2.42928e+06
2.83123e+06 2.61887e+06 2.45227e+06
2.89132e+06 2.52818e+06 2.42435e+06
2.87896e+06 2.56194e+06 2.39156e+06
2.86544e+06 2.57671e+06 2.37935e+06
2.89075e+06 2.53574e+06 2.41071e+06
2.85753e+06 2.55394e+06 2.41761e+06
2.81723e+06 2.48302e+06 2.4991e+06
2.91427e+06 2.61384e+06 2.3518e+06
2.97842e+06 2.50506e+06 2.38858e+06
2.88811e+06 2.59473e+06 2.35552e+06
2.90788e+06 2.50946e+06 2.465e+06
2.83188e+06 2.49141e+06 2.48312e+06
2.85215e+06 2.58798e+06 2.42099e+06
2.8328e+06 2.47637e+06 2.5159e+06
2.81178e+06 2.49736e+06 2.50471e+06
2.7578e+06 2.50108e+06 2.59155e+06
2.91893e+06 2.55576e+06 2.3645e+06
2.82481e+06 2.49588e+06 2.48698e+06
2.75313e+06 2.56292e+06 2.515e+06
2.96997e+06 2.48718e+06 2.4517e+06
2.85913e+06 2.51458e+06 2.47174e+06
2.83818e+06 2.62208e+06 2.41841e+06
2.75364e+06 2.55064e+06 2.52986e+06
2.84476e+06 2.5694e+06 2.42791e+06
2.71144e+06 2.57445e+06 2.6162e+06
2.9374e+06 2.51789e+06 2.41233e+06
2.81253e+06 2.63356e+06 2.46403e+06
2.91536e+06 2.51553e+06 2.44761e+06
2.82448e+06 2.63655e+06 2.4374e+06
2.75362e+06 2.50813e+06 2.53466e+06
2.83448e+06 2.46981e+06 2.5356e+06
2.92143e+06 2.53416e+06 2.37647e+06
2.93372e+06 2.52778e+06 2.35723e+06
2.71426e+06 2.58201e+06 2.59275e+06
2.93372e+06 2.52778e+06 2.35723e+06
2.84521e+06 2.60998e+06 2.41196e+06
2.91427e+06 2.5201e+06 2.43585e+06
2.72923e+06 2.50975e+06 2.57647e+06
2.82481e+06 2.49588e+06 2.48698e+06
2.7785e+06 2.57687e+06 2.50607e+06
2.9293e+06 2.55332e+06 2.35435e+06
2.90708e+06 2.5484e+06 2.37599e+06
2.7413e+06 2.50503e+06 2.57277e+06
2.96595e+06 2.56582e+06 2.34658e+06
2.86544e+06 2.57671e+06 2.37935e+06
2.92703e+06 2.51752e+06 2.41641e+06
2.95142e+06 2.5845e+06 2.33138e+06
2.92437e+06 2.51617e+06 2.42002e+06
2.93881e+06 2.5077e+06 2.39432e+06
2.85215e+06 2.58798e+06 2.42099e+06
2.93679e+06 2.50276e+06 2.46678e+06
2.91384e+06 2.5198e+06 2.44428e+06
2.91205e+06 2.53181e+06 2.39233e+06
2.92764e+06 2.57442e+06 2.3528e+06
2.90494e+06 2.54454e+06 2.37794e+06
2.84461e+06 2.513e+06 2.47908e+06
2.75364e+06 2.55064e+06 2.52986e+06
2.83693e+06 2.48219e+06 2.50355e+06
2.93616e+06 2.48159e+06 2.47345e+06
2.90494e+06 2.54454e+06 2.37794e+06
2.84094e+06 2.59937e+06 2.42928e+06
2.92812e+06 2.53029e+06 2.38617e+06
2.91427e+06 2.61384e+06 2.3518e+06
2.78969e+06 2.50384e+06 2.5065e+06
2.92437e+06 2.51617e+06 2.42002e+06
2.75313e+06 2.56292e+06 2.515e+06
2.94016e+06 2.51158e+06 2.39355e+06
2.84476e+06 2.5694e+06 2.42791e+06
2.83693e+06 2.48219e+06 2.50355e+06
2.92703e+06 2.51752e+06 2.41641e+06
2.83342e+06 2.64143e+06 2.41807e+06
2.8328e+06 2.47637e+06 2.5159e+06
2.84269e+06 2.59338e+06 2.46324e+06
2.76721e+06 2.46709e+06 2.56291e+06
2.91039e+06 2.53703e+06 2.37462e+06
2.79933e+06 2.52118e+06 2.50011e+06
2.79933e+06 2.52118e+06 2.50011e+06
2.93316e+06 2.50629e+06 2.45281e+06
2.87799e+06 2.53113e+06 2.44277e+06
2.82892e+06 2.62582e+06 2.4635e+06
2.82448e+06 2.63655e+06 2.4374e+06
2.94071e+06 2.57767e+06 2.34573e+06
2.97086e+06 2.5193e+06 2.38955e+06
2.95151e+06 2.5024e+06 2.44541e+06
2.95396e+06 2.57701e+06 2.34787e+06
2.9153e+06 2.59671e+06 2.35175e+06
2.9203e+06 2.53625e+06 2.3866e+06
2.8829e+06 2.56541e+06 2.37561e+06
2.81178e+06 2.49736e+06 2.50471e+06
2.84329e+06 2.62811e+06 2.41081e+06
2.85753e+06 2.55394e+06 2.41761e+06
2.88811e+06 2.59473e+06 2.35552e+06
2.80047e+06 2.5331e+06 2.46444e+06
2.91963e+06 2.52606e+06 2.39219e+06
2.80311e+06 2.515e+06 2.47403e+06
2.85361e+06 2.57849e+06 2.38526e+06
2.79094e+06 2.51509e+06 2.50593e+06
2.97086e+06 2.5193e+06 2.38955e+06
2.90579e+06 2.58376e+06 2.35523e+06
2.80047e+06 2.5331e+06 2.46444e+06
2.90786e+06 2.518e+06 2.44828e+06
2.91039e+06 2.53703e+06 2.37462e+06
2.94016e+06 2.51158e+06 2.39355e+06
2.8325e+06 2.53112e+06 2.47084e+06
2.83448e+06 2.46981e+06 2.5356e+06
2.93846e+06 2.48116e+06 2.50819e+06
2.92763e+06 2.50726e+06 2.44028e+06
2.7793e+06 2.49197e+06 2.51251e+06
2.95517e+06 2.50084e+06 2.45005e+06
2.78969e+06 2.50384e+06 2.5065e+06
2.88499e+06 2.53605e+06 2.38909e+06
2.91441e+06 2.52282e+06 2.40909e+06
2.86084e+06 2.55117e+06 2.42205e+06
2.91965e+06 2.50814e+06 2.42935e+06
2.87896e+06 2.56194e+06 2.39156e+06
2.9293e+06 2.55332e+06 2.35435e+06
2.94071e+06 2.57767e+06 2.34573e+06
2.92763e+06 2.50726e+06 2.44028e+06
2.83335e+06 2.63748e+06 2.42252e+06
2.91263e+06 2.52062e+06 2.42884e+06
2.88666e+06 2.55587e+06 2.36327e+06
2.93356e+06 2.50625e+06 2.44707e+06
2.93679e+06 2.50276e+06 2.46678e+06
2.92143e+06 2.53416e+06 2.37647e+06
2.96595e+06 2.56582e+06 2.34658e+06
2.89132e+06 2.52818e+06 2.42435e+06
2.88499e+06 2.53605e+06 2.38909e+06
2.9651e+06 2.56291e+06 2.34697e+06
2.93846e+06 2.48116e+06 2.50819e+06
2.90579e+06 2.58376e+06 2.35523e+06
2.82822e+06 2.47572e+06 2.52301e+06
2.97842e+06 2.50506e+06 2.38858e+06
2.83335e+06 2.63748e+06 2.42252e+06
2.97265e+06 2.52347e+06 2.38674e+06
2.93316e+06 2.50629e+06 2.45281e+06
2.93316e+06 2.50629e+06 2.45281e+06
2.89238e+06 2.52615e+06 2.42008e+06
2.9153e+06 2.59671e+06 2.35175e+06
2.89092e+06 2.53333e+06 2.43674e+06
2.91893e+06 2.55576e+06 2.3645e+06
2.92812e+06 2.53029e+06 2.38617e+06
2.84269e+06 2.59338e+06 2.46324e+06
2.93616e+06 2.48159e+06 2.47345e+06
2.90786e+06 2.518e+06 2.44828e+06
2.95151e+06 2.5024e+06 2.44541e+06
2.87799e+06 2.53113e+06 2.44277e+06
2.91427e+06 2.5201e+06 2.43585e+06
2.89092e+06 2.53333e+06 2.43674e+06
2.91263e+06 2.52062e+06 2.42884e+06
2.87799e+06 2.53113e+06 2.44277e+06
2.97842e+06 2.50506e+06 2.38858e+06
2.9814e+06 2.55376e+06 2.39738e+06
2.9346e+06 2.51617e+06 2.42995e+06
2.92655e+06 2.59099e+06 2.413e+06
2.86033e+06 2.5623e+06 2.50362e+06
2.88194e+06 2.53376e+06 2.46292e+06
2.92536e+06 2.54131e+06 2.44629e+06
2.89538e+06 2.5468e+06 2.43694e+06
2.97568e+06 2.58307e+06 2.4231e+06
2.9526e+06 2.57852e+06 2.42916e+06
2.9403e+06 2.56924e+06 2.42985e+06
2.93317e+06 2.57061e+06 2.43587e+06
2.9766e+06 2.63646e+06 2.42301e+06
2.93572e+06 2.53603e+06 2.48623e+06
2.92552e+06 2.58074e+06 2.52985e+06
2.92266e+06 2.66931e+06 2.46304e+06
2.8826e+06 2.6142e+06 2.50484e+06
2.90628e+06 2.59522e+06 2.48648e+06
2.93045e+06 2.55869e+06 2.4445e+06
2.89092e+06 2.59986e+06 2.46489e+06
2.9721e+06 2.59486e+06 2.42378e+06
2.9472e+06 2.54991e+06 2.47727e+06
2.94066e+06 2.65887e+06 2.43737e+06
2.93288e+06 2.54944e+06 2.50874e+06
2.94456e+06 2.55546e+06 2.43296e+06
2.97222e+06 2.55288e+06 2.47165e+06
3.01819e+06 2.65402e+06 2.44333e+06
3.00986e+06 2.55329e+06 2.47686e+06
2.90278e+06 2.60306e+06 2.54992e+06
2.88706e+06 2.63864e+06 2.52081e+06
2.9054e+06 2.61224e+06 2.53136e+06
2.92225e+06 2.6365e+06 2.46694e+06
2.91992e+06 2.61614e+06 2.49648e+06
2.95843e+06 2.61551e+06 2.44511e+06
2.93505e+06 2.57596e+06 2.50933e+06
2.9421e+06 2.59954e+06 2.47864e+06
2.95519e+06 2.56408e+06 2.48746e+06
2.95292e+06 2.57842e+06 2.44572e+06
2.94055e+06 2.61609e+06 2.45426e+06
2.93505e+06 2.56936e+06 2.49476e+06
2.95199e+06 2.57695e+06 2.47965e+06
2.93578e+06 2.61443e+06 2.47106e+06
3.00255e+06 2.67126e+06 2.44528e+06
2.99204e+06 2.56526e+06 2.5364e+06
2.94726e+06 2.60721e+06 2.53912e+06
2.9238e+06 2.69219e+06 2.5145e+06
2.89528e+06 2.66722e+06 2.53059e+06
2.96292e+06 2.59975e+06 2.45771e+06
2.90064e+06 2.68349e+06 2.52088e+06
2.92644e+06 2.6599e+06 2.47282e+06
2.95367e+06 2.57888e+06 2.50381e+06
2.91365e+06 2.62662e+06 2.53529e+06
2.96108e+06 2.59243e+06 2.48127e+06
2.93802e+06 2.61266e+06 2.51672e+06
2.92404e+06 2.64167e+06 2.49721e+06
2.95576e+06 2.60679e+06 2.44962e+06
2.93896e+06 2.63719e+06 2.50087e+06
2.94944e+06 2.61033e+06 2.4851e+06
2.95921e+06 2.57104e+06 2.49863e+06
2.94835e+06 2.62434e+06 2.49443e+06
2.92502e+06 2.62125e+06 2.50887e+06
2.95544e+06 2.67051e+06 2.46926e+06
2.94483e+06 2.6278e+06 2.48153e+06
2.94508e+06 2.63804e+06 2.47618e+06
2.95467e+06 2.61805e+06 2.47106e+06
2.95042e+06 2.60727e+06 2.53184e+06
2.94665e+06 2.61226e+06 2.53871e+06
3.00428e+06 2.60958e+06 2.47013e+06
2.97903e+06 2.57838e+06 2.51807e+06
2.97287e+06 2.61936e+06 2.45314e+06
2.94544e+06 2.67644e+06 2.48266e+06
2.92376e+06 2.67325e+06 2.5627e+06
2.98334e+06 2.60635e+06 2.47078e+06
2.9636e+06 2.59267e+06 2.56262e+06
2.9575e+06 2.60951e+06 2.54126e+06
2.93686e+06 2.6607e+06 2.4879e+06
2.92937e+06 2.63406e+06 2.53005e+06
2.93403e+06 2.63428e+06 2.51855e+06
2.9645e+06 2.61384e+06 2.45664e+06
2.93574e+06 2.6516e+06 2.49849e+06
2.94271e+06 2.62908e+06 2.51021e+06
2.95072e+06 2.62131e+06 2.49811e+06
2.9493e+06 2.62399e+06 2.51497e+06
2.94617e+06 2.63005e+06 2.49913e+06
2.96077e+06 2.63105e+06 2.45546e+06
3.033e+06 2.61363e+06 2.50702e+06
2.98398e+06 2.5816e+06 2.52656e+06
2.97508e+06 2.62434e+06 2.46278e+06
2.97218e+06 2.6054e+06 2.56353e+06
2.95976e+06 2.72519e+06 2.49668e+06
2.93111e+06 2.64676e+06 2.54784e+06
2.93273e+06 2.67481e+06 2.5302e+06
2.96059e+06 2.72417e+06 2.4915e+06
2.97592e+06 2.61631e+06 2.47734e+06
2.94223e+06 2.6375e+06 2.55177e+06
2.95077e+06 2.6559e+06 2.49996e+06
2.9407e+06 2.66084e+06 2.50539e+06
2.96734e+06 2.63583e+06 2.46349e+06
2.95838e+06 2.65122e+06 2.51133e+06
2.96573e+06 2.6646e+06 2.48116e+06
2.95481e+06 2.64289e+06 2.51707e+06
2.96394e+06 2.62858e+06 2.53686e+06
2.96404e+06 2.63513e+06 2.48893e+06
2.94575e+06 2.649e+06 2.51931e+06
2.96682e+06 2.61528e+06 2.54029e+06
2.97076e+06 2.61465e+06 2.48275e+06
2.94591e+06 2.64266e+06 2.5182e+06
2.95932e+06 2.62877e+06 2.51851e+06
3.02221e+06 2.60071e+06 2.52704e+06
2.99378e+06 2.6437e+06 2.46541e+06
2.95949e+06 2.70019e+06 2.50378e+06
2.95719e+06 2.64296e+06 2.5761e+06
2.93759e+06 2.65199e+06 2.56067e+06
2.99563e+06 2.64152e+06 2.47386e+06
2.93855e+06 2.68115e+06 2.53701e+06
2.94211e+06 2.68733e+06 2.52451e+06
2.98505e+06 2.61882e+06 2.48435e+06
2.9502e+06 2.66781e+06 2.53013e+06
2.97206e+06 2.61976e+06 2.51001e+06
2.97709e+06 2.61801e+06 2.48909e+06
2.97601e+06 2.6571e+06 2.46788e+06
2.94923e+06 2.6983e+06 2.50785e+06
2.94462e+06 2.67646e+06 2.51785e+06
2.97669e+06 2.61662e+06 2.52826e+06
2.97228e+06 2.64784e+06 2.47525e+06
2.95582e+06 2.64513e+06 2.51722e+06
2.9666e+06 2.6738e+06 2.48755e+06
2.96689e+06 2.6723e+06 2.51218e+06
2.97057e+06 2.65498e+06 2.51066e+06
3.00611e+06 2.6428e+06 2.4888e+06
2.99571e+06 2.64371e+06 2.4747e+06
2.98235e+06 2.6181e+06 2.52602e+06
2.97935e+06 2.70551e+06 2.48787e+06
2.94491e+06 2.6617e+06 2.62857e+06
2.95178e+06 2.67208e+06 2.56965e+06
2.96152e+06 2.64649e+06 2.5539e+06
2.94886e+06 2.69097e+06 2.56853e+06
2.97745e+06 2.6338e+06 2.53147e+06
2.97327e+06 2.65314e+06 2.50592e+06
2.9538e+06 2.70271e+06 2.56218e+06
2.99506e+06 2.68063e+06 2.48414e+06
2.98812e+06 2.67174e+06 2.49486e+06
2.98968e+06 2.62725e+06 2.51836e+06
2.98088e+06 2.63003e+06 2.50748e+06
2.97853e+06 2.6542e+06 2.50001e+06
2.95691e+06 2.64775e+06 2.51793e+06
2.97899e+06 2.67948e+06 2.49027e+06
2.95702e+06 2.64731e+06 2.52588e+06
3.00081e+06 2.64754e+06 2.48081e+06
2.99032e+06 2.61941e+06 2.53786e+06
2.96118e+06 2.73677e+06 2.57074e+06
2.95987e+06 2.6957e+06 2.57757e+06
2.99954e+06 2.69332e+06 2.49626e+06
2.97947e+06 2.65206e+06 2.55292e+06
2.96869e+06 2.68953e+06 2.54379e+06
2.98674e+06 2.65297e+06 2.51525e+06
2.97418e+06 2.68067e+06 2.52396e+06
2.97185e+06 2.66278e+06 2.52473e+06
2.99021e+06 2.63937e+06 2.53588e+06
2.98267e+06 2.64336e+06 2.51998e+06
2.9736e+06 2.6543e+06 2.52851e+06
2.96231e+06 2.6952e+06 2.51931e+06
3.01452e+06 2.70618e+06 2.4926e+06
2.99162e+06 2.63404e+06 2.55107e+06
2.98782e+06 2.71925e+06 2.55592e+06
2.98021e+06 2.67635e+06 2.56556e+06
3.0026e+06 2.66785e+06 2.51098e+06
2.99399e+06 2.6673e+06 2.5307e+06
2.999e+06 2.68674e+06 2.51961e+06
2.98579e+06 2.64732e+06 2.56397e+06
3.02967e+06 2.72006e+06 2.51876e+06
3.02822e+06 2.65382e+06 2.56358e+06
2.99474e+06 2.67927e+06 2.59792e+06
3.00489e+06 2.69487e+06 2.554e+06
3.02772e+06 2.67973e+06 2.53685e+06
3.03014e+06 2.70135e+06 2.54634e+06
