457 143.372
2.59479e+06 2.42336e+06
2.44352e+06 2.58149e+06
2.44861e+06 2.54394e+06
2.51573e+06 2.45598e+06
2.54402e+06 2.43319e+06
2.44352e+06 2.58149e+06
2.53076e+06 2.43553e+06
2.50803e+06 2.46906e+06
2.45551e+06 2.52753e+06
2.48627e+06 2.48813e+06
2.45551e+06 2.52753e+06
2.48299e+06 2.49276e+06
2.53076e+06 2.43553e+06
2.47361e+06 2.5059e+06
2.54402e+06 2.43319e+06
2.46907e+06 2.51414e+06
2.49728e+06 2.48699e+06
2.50349e+06 2.47653e+06
2.48002e+06 2.50153e+06
2.46389e+06 2.51596e+06
2.54402e+06 2.43319e+06
2.48002e+06 2.50153e+06
2.49831e+06 2.4791e+06
2.46389e+06 2.51596e+06
2.50349e+06 2.47653e+06
2.49831e+06 2.4791e+06
2.49728e+06 2.48699e+06
2.46907e+06 2.51414e+06
2.46389e+06 2.51596e+06
2.47524e+06 2.50557e+06
2.47524e+06 2.50557e+06
2.53076e+06 2.43553e+06
2.46389e+06 2.51596e+06
2.47524e+06 2.50557e+06
2.49728e+06 2.48699e+06
2.54402e+06 2.43319e+06
2.54402e+06 2.43319e+06
2.54402e+06 2.43319e+06
2.54402e+06 2.43319e+06
2.54402e+06 2.43319e+06
2.54402e+06 2.43319e+06
2.54402e+06 2.43319e+06
2.54402e+06 2.43319e+06
2.54402e+06 2.43319e+06
2.54402e+06 2.43319e+06
2.54402e+06 2.43319e+06
2.53076e+06 2.43553e+06
2.53076e+06 2.43553e+06
2.53076e+06 2.43553e+06
2.53076e+06 2.43553e+06
2.50349e+06 2.47653e+06
2.50349e+06 2.47653e+06
2.49728e+06 2.48699e+06
2.49728e+06 2.48699e+06
2.49728e+06 2.48699e+06
2.49728e+06 2.48699e+06
2.49728e+06 2.48699e+06
2.49728e+06 2.48699e+06
2.47524e+06 2.50557e+06
2.47524e+06 2.50557e+06
2.47524e+06 2.50557e+06
2.47524e+06 2.50557e+06
2.46389e+06 2.51596e+06
2.45551e+06 2.52753e+06
2.45551e+06 2.52753e+06
2.45551e+06 2.52753e+06
2.44352e+06 2.58149e+06
2.44352e+06 2.58149e+06
2.44352e+06 2.58149e+06
2.44352e+06 2.58149e+06
2.44352e+06 2.58149e+06
2.44352e+06 2.58149e+06
2.44352e+06 2.58149e+06
2.44352e+06 2.58149e+06
2.552e+06 2.43329e+06
2.44448e+06 2.60096e+06
2.44879e+06 2.54575e+06
2.53545e+06 2.43855e+06
2.51396e+06 2.46945e+06
2.45888e+06 2.54544e+06
2.45991e+06 2.53244e+06
2.50329e+06 2.48298e+06
2.49162e+06 2.48821e+06
2.53545e+06 2.43855e+06
2.53206e+06 2.45597e+06
2.46623e+06 2.51969e+06
2.53206e+06 2.45597e+06
2.52055e+06 2.45825e+06
2.48446e+06 2.49458e+06
2.52e+06 2.46055e+06
2.50513e+06 2.47982e+06
2.49162e+06 2.48821e+06
2.48446e+06 2.49458e+06
2.47727e+06 2.508e+06
2.47586e+06 2.51912e+06
2.50891e+06 2.47413e+06
2.47996e+06 2.50651e+06
2.46616e+06 2.53078e+06
2.46616e+06 2.53078e+06
2.47306e+06 2.51964e+06
2.44879e+06 2.54575e+06
2.47996e+06 2.50651e+06
2.50329e+06 2.48298e+06
2.50891e+06 2.47413e+06
2.47996e+06 2.50651e+06
2.47727e+06 2.508e+06
2.50891e+06 2.47413e+06
2.47306e+06 2.51964e+06
2.47586e+06 2.51912e+06
2.52e+06 2.46055e+06
2.52055e+06 2.45825e+06
2.45888e+06 2.54544e+06
2.52055e+06 2.45825e+06
2.47586e+06 2.51912e+06
2.46623e+06 2.51969e+06
2.46623e+06 2.51969e+06
2.53545e+06 2.43855e+06
2.53545e+06 2.43855e+06
2.53545e+06 2.43855e+06
2.53545e+06 2.43855e+06
2.52055e+06 2.45825e+06
2.52e+06 2.46055e+06
2.50891e+06 2.47413e+06
2.50329e+06 2.48298e+06
2.48446e+06 2.49458e+06
2.48446e+06 2.49458e+06
2.47996e+06 2.50651e+06
2.47996e+06 2.50651e+06
2.47996e+06 2.50651e+06
2.47727e+06 2.508e+06
2.47727e+06 2.508e+06
2.47727e+06 2.508e+06
2.47727e+06 2.508e+06
2.47727e+06 2.508e+06
2.47586e+06 2.51912e+06
2.47586e+06 2.51912e+06
2.46623e+06 2.51969e+06
2.46623e+06 2.51969e+06
2.46623e+06 2.51969e+06
2.46616e+06 2.53078e+06
2.46616e+06 2.53078e+06
2.45888e+06 2.54544e+06
2.45888e+06 2.54544e+06
2.45888e+06 2.54544e+06
2.45888e+06 2.54544e+06
2.45888e+06 2.54544e+06
2.45888e+06 2.54544e+06
2.45888e+06 2.54544e+06
2.57234e+06 2.43399e+06
2.45432e+06 2.59763e+06
2.55408e+06 2.44139e+06
2.48348e+06 2.51476e+06
2.47217e+06 2.53068e+06
2.53567e+06 2.45438e+06
2.48801e+06 2.49655e+06
2.48039e+06 2.52694e+06
2.52354e+06 2.45846e+06
2.568e+06 2.43461e+06
2.5398e+06 2.44192e+06
2.45651e+06 2.5506e+06
2.45638e+06 2.57472e+06
2.50081e+06 2.49357e+06
2.461e+06 2.53511e+06
2.5071e+06 2.48061e+06
2.51977e+06 2.47558e+06
2.53721e+06 2.4424e+06
2.51108e+06 2.47756e+06
2.49266e+06 2.49576e+06
2.45602e+06 2.57706e+06
2.45453e+06 2.58838e+06
2.46066e+06 2.54366e+06
2.45651e+06 2.5506e+06
2.45453e+06 2.58838e+06
2.46066e+06 2.54366e+06
2.50081e+06 2.49357e+06
2.51108e+06 2.47756e+06
2.5071e+06 2.48061e+06
2.49266e+06 2.49576e+06
2.568e+06 2.43461e+06
2.52105e+06 2.47099e+06
2.52321e+06 2.46357e+06
2.52105e+06 2.47099e+06
2.52223e+06 2.46708e+06
2.52223e+06 2.46708e+06
2.461e+06 2.53511e+06
2.52321e+06 2.46357e+06
2.45638e+06 2.57472e+06
2.45602e+06 2.57706e+06
2.50081e+06 2.49357e+06
2.568e+06 2.43461e+06
2.52321e+06 2.46357e+06
2.52223e+06 2.46708e+06
2.52105e+06 2.47099e+06
2.52105e+06 2.47099e+06
2.51108e+06 2.47756e+06
2.51108e+06 2.47756e+06
2.51108e+06 2.47756e+06
2.49266e+06 2.49576e+06
2.49266e+06 2.49576e+06
2.49266e+06 2.49576e+06
2.49266e+06 2.49576e+06
2.49266e+06 2.49576e+06
2.49266e+06 2.49576e+06
2.49266e+06 2.49576e+06
2.46066e+06 2.54366e+06
2.45651e+06 2.5506e+06
2.45651e+06 2.5506e+06
2.45602e+06 2.57706e+06
2.55274e+06 2.44238e+06
2.45449e+06 2.60109e+06
2.45449e+06 2.60109e+06
2.46479e+06 2.54097e+06
2.45592e+06 2.59647e+06
2.48607e+06 2.52101e+06
2.52498e+06 2.47276e+06
2.5315e+06 2.45911e+06
2.50223e+06 2.49404e+06
2.48954e+06 2.52035e+06
2.53651e+06 2.45745e+06
2.5103e+06 2.48605e+06
2.51683e+06 2.47757e+06
2.54675e+06 2.45583e+06
2.49175e+06 2.50267e+06
2.50934e+06 2.48994e+06
2.54673e+06 2.45635e+06
2.49518e+06 2.49592e+06
2.52004e+06 2.47741e+06
2.49331e+06 2.49712e+06
2.49268e+06 2.50032e+06
2.52004e+06 2.47741e+06
2.49502e+06 2.49625e+06
2.49226e+06 2.50253e+06
2.55702e+06 2.44771e+06
2.46822e+06 2.56816e+06
2.53196e+06 2.46168e+06
2.47584e+06 2.54963e+06
2.48054e+06 2.54139e+06
2.52901e+06 2.4758e+06
2.4867e+06 2.52948e+06
2.52856e+06 2.48719e+06
2.49468e+06 2.51336e+06
2.48782e+06 2.52259e+06
2.50387e+06 2.49596e+06
2.51728e+06 2.48732e+06
2.51608e+06 2.49533e+06
2.49729e+06 2.50836e+06
2.50141e+06 2.50195e+06
2.50017e+06 2.5057e+06
2.51632e+06 2.49388e+06
2.56583e+06 2.457e+06
2.47705e+06 2.57527e+06
2.53554e+06 2.46895e+06
2.56338e+06 2.4665e+06
2.49518e+06 2.51408e+06
2.50634e+06 2.50221e+06
2.53079e+06 2.48633e+06
2.48878e+06 2.54444e+06
2.51735e+06 2.49046e+06
2.51099e+06 2.49734e+06
2.49145e+06 2.54011e+06
2.4837e+06 2.56056e+06
2.48293e+06 2.56206e+06
2.5252e+06 2.48814e+06
2.49309e+06 2.52393e+06
2.56393e+06 2.46145e+06
2.49368e+06 2.52386e+06
2.56626e+06 2.46244e+06
2.48198e+06 2.5824e+06
2.53557e+06 2.47503e+06
2.56147e+06 2.47375e+06
2.51902e+06 2.4917e+06
2.49284e+06 2.54033e+06
2.48832e+06 2.56153e+06
2.49945e+06 2.515e+06
2.48616e+06 2.56857e+06
2.50892e+06 2.50676e+06
2.4937e+06 2.52428e+06
2.49667e+06 2.51952e+06
2.51309e+06 2.50541e+06
2.51672e+06 2.50059e+06
2.51736e+06 2.49425e+06
2.5702e+06 2.46757e+06
2.48713e+06 2.60609e+06
2.49664e+06 2.55625e+06
2.49038e+06 2.60389e+06
2.54901e+06 2.47543e+06
2.53706e+06 2.48134e+06
2.49713e+06 2.52463e+06
2.50561e+06 2.52118e+06
2.52694e+06 2.49327e+06
2.51108e+06 2.51341e+06
2.52296e+06 2.49882e+06
2.49818e+06 2.52432e+06
2.54458e+06 2.47566e+06
2.51688e+06 2.50799e+06
2.51284e+06 2.50865e+06
2.52675e+06 2.49366e+06
2.54132e+06 2.47987e+06
2.52013e+06 2.50518e+06
2.52059e+06 2.50258e+06
2.54067e+06 2.48098e+06
2.5205e+06 2.50342e+06
2.57373e+06 2.46899e+06
2.49738e+06 2.55388e+06
2.54644e+06 2.48236e+06
2.5256e+06 2.50008e+06
2.49836e+06 2.54215e+06
2.53923e+06 2.48296e+06
2.51524e+06 2.51113e+06
2.51333e+06 2.52328e+06
2.53064e+06 2.49428e+06
2.49984e+06 2.52696e+06
2.49982e+06 2.5277e+06
2.52832e+06 2.49504e+06
2.51504e+06 2.51911e+06
2.54618e+06 2.4829e+06
2.51519e+06 2.51478e+06
2.54981e+06 2.48681e+06
2.49952e+06 2.55907e+06
2.51682e+06 2.51203e+06
2.51412e+06 2.52466e+06
2.52822e+06 2.50475e+06
2.50054e+06 2.54262e+06
2.50334e+06 2.52816e+06
2.54316e+06 2.48939e+06
2.54047e+06 2.49413e+06
2.53267e+06 2.49463e+06
2.53004e+06 2.49778e+06
2.5015e+06 2.53518e+06
2.50307e+06 2.53515e+06
2.52907e+06 2.50271e+06
2.57403e+06 2.48941e+06
2.50335e+06 2.54694e+06
2.56338e+06 2.49057e+06
2.54156e+06 2.49679e+06
2.52994e+06 2.51175e+06
2.51659e+06 2.52939e+06
2.53142e+06 2.50066e+06
2.51944e+06 2.52276e+06
2.50747e+06 2.52974e+06
2.53361e+06 2.49883e+06
2.50463e+06 2.54022e+06
2.52575e+06 2.51694e+06
2.52185e+06 2.5183e+06
2.50635e+06 2.53622e+06
2.50489e+06 2.53662e+06
2.52507e+06 2.51806e+06
2.54832e+06 2.49729e+06
2.50347e+06 2.55372e+06
2.52228e+06 2.52109e+06
2.5083e+06 2.53257e+06
2.52717e+06 2.5174e+06
2.53606e+06 2.50496e+06
2.50364e+06 2.54744e+06
2.5082e+06 2.53718e+06
2.54456e+06 2.5032e+06
2.53943e+06 2.50432e+06
2.57475e+06 2.49864e+06
2.50586e+06 2.56722e+06
2.50925e+06 2.5366e+06
2.54404e+06 2.50691e+06
2.55797e+06 2.4999e+06
2.53815e+06 2.51748e+06
2.52368e+06 2.5337e+06
2.52926e+06 2.51887e+06
2.54982e+06 2.5006e+06
2.52418e+06 2.52517e+06
2.55238e+06 2.50088e+06
2.50848e+06 2.57299e+06
2.52054e+06 2.54333e+06
2.54579e+06 2.50728e+06
2.51096e+06 2.54752e+06
2.53922e+06 2.51748e+06
2.52587e+06 2.52594e+06
2.5335e+06 2.52371e+06
2.51296e+06 2.54348e+06
2.53096e+06 2.52515e+06
2.56424e+06 2.50316e+06
2.51e+06 2.60332e+06
2.54669e+06 2.51322e+06
2.51244e+06 2.57895e+06
2.5348e+06 2.52474e+06
2.51813e+06 2.54595e+06
2.52872e+06 2.52957e+06
2.5139e+06 2.55068e+06
2.52933e+06 2.52722e+06
2.51414e+06 2.54823e+06
2.5682e+06 2.50655e+06
2.51555e+06 2.57182e+06
2.51844e+06 2.54798e+06
2.53246e+06 2.53256e+06
2.54681e+06 2.52398e+06
2.56167e+06 2.51407e+06
2.54853e+06 2.51594e+06
2.56862e+06 2.50674e+06
2.5178e+06 2.5989e+06
2.52086e+06 2.56814e+06
2.55207e+06 2.53049e+06
2.5596e+06 2.52293e+06
2.53692e+06 2.5375e+06
2.52906e+06 2.56294e+06
2.56836e+06 2.51779e+06
2.52956e+06 2.5513e+06
2.53414e+06 2.53998e+06
2.57031e+06 2.52493e+06
2.52549e+06 2.6014e+06
2.53118e+06 2.56952e+06
2.55271e+06 2.53514e+06
2.54239e+06 2.53751e+06
2.53388e+06 2.55304e+06
2.56401e+06 2.5334e+06
2.53536e+06 2.54198e+06
2.56498e+06 2.52524e+06
2.57012e+06 2.53867e+06
2.53765e+06 2.56153e+06
2.56195e+06 2.55407e+06
2.56272e+06 2.54018e+06
2.5504e+06 2.55415e+06
2.54179e+06 2.55602e+06
2.54088e+06 2.55783e+06
2.5674e+06 2.5424e+06
2.54232e+06 2.57701e+06
2.57473e+06 2.55431e+06
2.57475e+06 2.56724e+06
2.57075e+06 2.424e+06
2.40816e+06 2.57332e+06
2.40816e+06 2.57332e+06
2.53346e+06 2.43334e+06
2.57075e+06 2.424e+06
2.41534e+06 2.53654e+06
2.46158e+06 2.47111e+06
2.4148e+06 2.56841e+06
2.42716e+06 2.51404e+06
2.48787e+06 2.45455e+06
2.42682e+06 2.52043e+06
2.44521e+06 2.49061e+06
2.43452e+06 2.49857e+06
2.46158e+06 2.47111e+06
2.51107e+06 2.44772e+06
2.44521e+06 2.49061e+06
2.43452e+06 2.49857e+06
2.48058e+06 2.46649e+06
2.41534e+06 2.53654e+06
2.52691e+06 2.43928e+06
2.4148e+06 2.56841e+06
2.44521e+06 2.49061e+06
2.48787e+06 2.45455e+06
2.51941e+06 2.4439e+06
2.51435e+06 2.44659e+06
2.52691e+06 2.43928e+06
2.51107e+06 2.44772e+06
2.42682e+06 2.52043e+06
2.4854e+06 2.46067e+06
2.40816e+06 2.57332e+06
2.51941e+06 2.4439e+06
2.48058e+06 2.46649e+06
2.51435e+06 2.44659e+06
2.52345e+06 2.44297e+06
2.48356e+06 2.46538e+06
2.52345e+06 2.44297e+06
2.52345e+06 2.44297e+06
2.51107e+06 2.44772e+06
2.48395e+06 2.46282e+06
2.48356e+06 2.46538e+06
2.48058e+06 2.46649e+06
2.4854e+06 2.46067e+06
2.4854e+06 2.46067e+06
2.48395e+06 2.46282e+06
2.4854e+06 2.46067e+06
2.48395e+06 2.46282e+06
2.51107e+06 2.44772e+06
2.48058e+06 2.46649e+06
2.57075e+06 2.424e+06
2.52691e+06 2.43928e+06
2.52345e+06 2.44297e+06
2.52345e+06 2.44297e+06
2.52345e+06 2.44297e+06
2.52345e+06 2.44297e+06
2.52345e+06 2.44297e+06
2.52345e+06 2.44297e+06
2.52345e+06 2.44297e+06
2.52345e+06 2.44297e+06
2.51941e+06 2.4439e+06
2.51107e+06 2.44772e+06
2.51107e+06 2.44772e+06
2.51107e+06 2.44772e+06
2.48787e+06 2.45455e+06
2.48787e+06 2.45455e+06
2.48787e+06 2.45455e+06
2.48787e+06 2.45455e+06
2.4854e+06 2.46067e+06
2.4854e+06 2.46067e+06
2.4854e+06 2.46067e+06
2.4854e+06 2.46067e+06
2.4854e+06 2.46067e+06
2.4854e+06 2.46067e+06
2.4854e+06 2.46067e+06
2.48395e+06 2.46282e+06
2.48395e+06 2.46282e+06
2.48395e+06 2.46282e+06
2.48395e+06 2.46282e+06
2.48395e+06 2.46282e+06
2.48395e+06 2.46282e+06
2.48395e+06 2.46282e+06
2.48395e+06 2.46282e+06
2.48395e+06 2.46282e+06
2.48356e+06 2.46538e+06
2.48356e+06 2.46538e+06
2.48356e+06 2.46538e+06
2.48356e+06 2.46538e+06
2.48058e+06 2.46649e+06
2.48058e+06 2.46649e+06
2.48058e+06 2.46649e+06
2.48058e+06 2.46649e+06
2.48058e+06 2.46649e+06
2.48058e+06 2.46649e+06
2.48058e+06 2.46649e+06
2.44521e+06 2.49061e+06
2.44521e+06 2.49061e+06
2.44521e+06 2.49061e+06
2.44521e+06 2.49061e+06
2.44521e+06 2.49061e+06
2.44521e+06 2.49061e+06
2.42682e+06 2.52043e+06
2.42682e+06 2.52043e+06
2.42682e+06 2.52043e+06
2.42682e+06 2.52043e+06
2.42682e+06 2.52043e+06
2.42682e+06 2.52043e+06
2.42682e+06 2.52043e+06
2.41534e+06 2.53654e+06
2.41534e+06 2.53654e+06
2.4148e+06 2.56841e+06
2.40816e+06 2.57332e+06
2.40816e+06 2.57332e+06
2.40816e+06 2.57332e+06
2.40816e+06 2.57332e+06
2.40816e+06 2.57332e+06
2.40816e+06 2.57332e+06
2.40816e+06 2.57332e+06
2.40816e+06 2.57332e+06
2.54567e+06 2.4361e+06
2.41765e+06 2.55107e+06
2.41765e+06 2.55107e+06
2.45295e+06 2.49431e+06
2.4289e+06 2.51966e+06
2.46405e+06 2.4712e+06
2.46405e+06 2.4712e+06
2.46133e+06 2.49087e+06
2.48535e+06 2.46741e+06
2.42667e+06 2.53731e+06
2.5402e+06 2.4404e+06
2.44368e+06 2.50312e+06
2.51343e+06 2.45622e+06
2.49843e+06 2.45763e+06
2.42079e+06 2.53968e+06
2.51891e+06 2.44804e+06
2.43716e+06 2.50886e+06
2.53066e+06 2.44676e+06
2.44368e+06 2.50312e+06
2.49175e+06 2.45776e+06
2.54567e+06 2.4361e+06
2.53134e+06 2.44142e+06
2.43484e+06 2.51494e+06
2.43716e+06 2.50886e+06
2.42079e+06 2.53968e+06
2.49843e+06 2.45763e+06
2.53134e+06 2.44142e+06
2.53066e+06 2.44676e+06
2.51533e+06 2.45066e+06
2.43484e+06 2.51494e+06
2.45891e+06 2.49154e+06
2.42667e+06 2.53731e+06
2.48888e+06 2.46288e+06
2.45891e+06 2.49154e+06
2.43388e+06 2.51948e+06
2.48535e+06 2.46741e+06
2.43388e+06 2.51948e+06
2.51533e+06 2.45066e+06
2.51445e+06 2.45494e+06
2.48813e+06 2.46338e+06
2.51891e+06 2.44804e+06
2.48888e+06 2.46288e+06
2.48612e+06 2.46504e+06
2.46133e+06 2.49087e+06
2.49175e+06 2.45776e+06
2.42667e+06 2.53731e+06
2.51343e+06 2.45622e+06
2.51445e+06 2.45494e+06
2.48612e+06 2.46504e+06
2.48612e+06 2.46504e+06
2.51891e+06 2.44804e+06
2.48813e+06 2.46338e+06
2.51445e+06 2.45494e+06
2.43388e+06 2.51948e+06
2.51533e+06 2.45066e+06
2.48888e+06 2.46288e+06
2.45891e+06 2.49154e+06
2.43388e+06 2.51948e+06
2.49175e+06 2.45776e+06
2.54567e+06 2.4361e+06
2.53134e+06 2.44142e+06
2.51891e+06 2.44804e+06
2.51891e+06 2.44804e+06
2.51891e+06 2.44804e+06
2.51891e+06 2.44804e+06
2.51891e+06 2.44804e+06
2.51533e+06 2.45066e+06
2.51533e+06 2.45066e+06
2.51533e+06 2.45066e+06
2.51533e+06 2.45066e+06
2.51533e+06 2.45066e+06
2.51533e+06 2.45066e+06
2.51533e+06 2.45066e+06
2.51533e+06 2.45066e+06
2.51533e+06 2.45066e+06
2.51533e+06 2.45066e+06
2.51533e+06 2.45066e+06
2.51533e+06 2.45066e+06
2.51533e+06 2.45066e+06
2.51533e+06 2.45066e+06
2.51343e+06 2.45622e+06
2.49843e+06 2.45763e+06
2.49175e+06 2.45776e+06
2.49175e+06 2.45776e+06
2.48888e+06 2.46288e+06
2.48888e+06 2.46288e+06
2.48888e+06 2.46288e+06
2.48888e+06 2.46288e+06
2.48888e+06 2.46288e+06
2.48888e+06 2.46288e+06
2.48888e+06 2.46288e+06
2.48888e+06 2.46288e+06
2.48888e+06 2.46288e+06
2.48888e+06 2.46288e+06
2.48888e+06 2.46288e+06
2.48813e+06 2.46338e+06
2.48813e+06 2.46338e+06
2.48813e+06 2.46338e+06
2.48813e+06 2.46338e+06
2.48813e+06 2.46338e+06
2.48813e+06 2.46338e+06
2.48612e+06 2.46504e+06
2.48612e+06 2.46504e+06
2.48612e+06 2.46504e+06
2.48612e+06 2.46504e+06
2.48612e+06 2.46504e+06
2.48612e+06 2.46504e+06
2.48612e+06 2.46504e+06
2.48612e+06 2.46504e+06
2.48612e+06 2.46504e+06
2.46405e+06 2.4712e+06
2.46405e+06 2.4712e+06
2.46405e+06 2.4712e+06
2.46405e+06 2.4712e+06
2.46405e+06 2.4712e+06
2.45891e+06 2.49154e+06
2.45891e+06 2.49154e+06
2.44368e+06 2.50312e+06
2.43484e+06 2.51494e+06
2.43388e+06 2.51948e+06
2.43388e+06 2.51948e+06
2.43388e+06 2.51948e+06
2.43388e+06 2.51948e+06
2.43388e+06 2.51948e+06
2.43388e+06 2.51948e+06
2.43388e+06 2.51948e+06
2.43388e+06 2.51948e+06
2.43388e+06 2.51948e+06
2.43388e+06 2.51948e+06
2.43388e+06 2.51948e+06
2.43388e+06 2.51948e+06
2.43388e+06 2.51948e+06
2.43388e+06 2.51948e+06
2.43388e+06 2.51948e+06
2.43388e+06 2.51948e+06
2.43388e+06 2.51948e+06
2.43388e+06 2.51948e+06
2.42079e+06 2.53968e+06
2.42079e+06 2.53968e+06
2.42079e+06 2.53968e+06
2.42079e+06 2.53968e+06
2.42079e+06 2.53968e+06
2.42079e+06 2.53968e+06
2.42079e+06 2.53968e+06
2.55781e+06 2.43757e+06
2.41877e+06 2.58936e+06
2.41877e+06 2.58936e+06
2.52459e+06 2.44858e+06
2.42688e+06 2.55401e+06
2.50334e+06 2.46244e+06
2.45655e+06 2.50007e+06
2.50016e+06 2.47334e+06
2.55781e+06 2.43757e+06
2.47019e+06 2.47366e+06
2.46761e+06 2.48323e+06
2.44423e+06 2.50583e+06
2.43213e+06 2.52325e+06
2.43962e+06 2.52116e+06
2.43962e+06 2.52116e+06
2.43213e+06 2.52325e+06
2.43213e+06 2.52325e+06
2.52945e+06 2.45628e+06
2.41936e+06 2.59801e+06
2.43437e+06 2.54332e+06
2.50154e+06 2.47376e+06
2.47487e+06 2.47423e+06
2.4547e+06 2.50735e+06
2.43805e+06 2.53495e+06
2.46312e+06 2.50046e+06
2.52902e+06 2.46402e+06
2.56662e+06 2.4645e+06
2.44193e+06 2.58524e+06
2.51948e+06 2.47401e+06
2.44846e+06 2.54074e+06
2.54967e+06 2.47151e+06
2.48781e+06 2.47513e+06
2.46327e+06 2.50949e+06
2.46021e+06 2.53813e+06
2.47746e+06 2.49365e+06
2.4681e+06 2.50363e+06
2.48459e+06 2.48696e+06
2.4551e+06 2.54055e+06
2.57048e+06 2.47196e+06
2.45142e+06 2.55315e+06
2.52335e+06 2.47702e+06
2.46842e+06 2.5353e+06
2.55401e+06 2.47695e+06
2.47343e+06 2.50525e+06
2.46934e+06 2.5097e+06
2.48797e+06 2.48838e+06
2.49344e+06 2.4808e+06
2.45428e+06 2.54217e+06
2.45297e+06 2.54575e+06
2.49096e+06 2.48556e+06
2.54341e+06 2.47772e+06
2.4663e+06 2.55465e+06
2.47002e+06 2.51433e+06
2.50095e+06 2.48422e+06
2.52068e+06 2.4829e+06
2.46888e+06 2.54329e+06
2.534e+06 2.47881e+06
2.48093e+06 2.50922e+06
2.4928e+06 2.49659e+06
2.48996e+06 2.50647e+06
2.46724e+06 2.54472e+06
2.49085e+06 2.4992e+06
2.53195e+06 2.48643e+06
2.46887e+06 2.55359e+06
2.50032e+06 2.51016e+06
2.47038e+06 2.53598e+06
2.47642e+06 2.51443e+06
2.505e+06 2.49205e+06
2.51376e+06 2.48832e+06
2.47044e+06 2.51519e+06
2.56231e+06 2.48761e+06
2.47054e+06 2.51723e+06
2.50507e+06 2.49796e+06
2.53931e+06 2.48897e+06
2.51533e+06 2.49304e+06
2.53334e+06 2.49276e+06
2.56246e+06 2.48928e+06
2.47058e+06 2.55394e+06
2.47121e+06 2.52684e+06
2.52785e+06 2.49379e+06
2.55388e+06 2.4917e+06
2.4986e+06 2.52046e+06
2.47644e+06 2.52179e+06
2.50911e+06 2.51314e+06
2.51041e+06 2.5026e+06
2.50659e+06 2.51843e+06
2.51727e+06 2.49628e+06
2.47428e+06 2.5222e+06
2.51265e+06 2.49935e+06
2.51487e+06 2.49888e+06
2.55124e+06 2.49544e+06
2.472e+06 2.54505e+06
2.51003e+06 2.51575e+06
2.48862e+06 2.53757e+06
2.51295e+06 2.50389e+06
2.53142e+06 2.49656e+06
2.49821e+06 2.52179e+06
2.47575e+06 2.54213e+06
2.48874e+06 2.52787e+06
2.4897e+06 2.52282e+06
2.52123e+06 2.50196e+06
2.52738e+06 2.50102e+06
2.53909e+06 2.49827e+06
2.47236e+06 2.55033e+06
2.50377e+06 2.52273e+06
2.51891e+06 2.51186e+06
2.53038e+06 2.50452e+06
2.50019e+06 2.5296e+06
2.52017e+06 2.50455e+06
2.48868e+06 2.54236e+06
2.47854e+06 2.54554e+06
2.49322e+06 2.53159e+06
2.48897e+06 2.53208e+06
2.48882e+06 2.53906e+06
2.47578e+06 2.54921e+06
2.47832e+06 2.54657e+06
2.54202e+06 2.49984e+06
2.4811e+06 2.54613e+06
2.5287e+06 2.50715e+06
2.49612e+06 2.53288e+06
2.50593e+06 2.52594e+06
2.51535e+06 2.52522e+06
2.51972e+06 2.51545e+06
2.49073e+06 2.53951e+06
2.52217e+06 2.5093e+06
2.49155e+06 2.53895e+06
2.51978e+06 2.51241e+06
2.51077e+06 2.52538e+06
2.57264e+06 2.50034e+06
2.49228e+06 2.57361e+06
2.50676e+06 2.52865e+06
2.50559e+06 2.55871e+06
2.54582e+06 2.50533e+06
2.52496e+06 2.52795e+06
2.49576e+06 2.56626e+06
2.53805e+06 2.51319e+06
2.52894e+06 2.52138e+06
2.5326e+06 2.5136e+06
2.53036e+06 2.51829e+06
2.55808e+06 2.50846e+06
2.50818e+06 2.55487e+06
2.51969e+06 2.54305e+06
2.5354e+06 2.51577e+06
2.55753e+06 2.51006e+06
2.52941e+06 2.53524e+06
2.53116e+06 2.52414e+06
2.53085e+06 2.52841e+06
2.5585e+06 2.51028e+06
2.52839e+06 2.5541e+06
2.53225e+06 2.54984e+06
2.53496e+06 2.52728e+06
2.53706e+06 2.5194e+06
2.55309e+06 2.51904e+06
2.55331e+06 2.51872e+06
2.53572e+06 2.52124e+06
2.54359e+06 2.52194e+06
2.52952e+06 2.56826e+06
2.5412e+06 2.53544e+06
2.55653e+06 2.52209e+06
2.55077e+06 2.5853e+06
2.55284e+06 2.54778e+06
2.57514e+06 2.52562e+06
2.55954e+06 2.53649e+06
