1325 5.13802
102846 55791
102846 55791
65050 84309
67805 70636
67738 74252
66234 76735
66140 80170
71190 65893
71073 68406
101434 55946
98157 55972
65627 82076
65472 84204
66140 80170
65732 81774
71393 65029
96572 56198
92398 56588
90870 56647
71870 64123
95094 56304
89092 57025
87683 57082
71393 65029
71190 65893
66581 76061
66234 76735
98157 55972
97173 56118
87255 57091
86271 57237
81415 58321
80431 58467
84392 57881
83356 57891
66702 75385
66581 76061
68808 70268
101862 55937
102846 55791
71870 64123
79261 58742
73239 62664
72912 63035
76129 59872
75769 60215
73906 61890
73770 62362
68178 70554
90504 56870
89846 56936
68178 70554
97173 56118
96572 56198
85131 57611
93089 56584
92398 56588
72747 63394
72364 63614
75058 60811
79830 58547
90870 56647
90504 56870
72912 63035
72747 63394
76487 59664
76129 59872
72222 63826
67452 74398
67331 74780
85732 57531
101862 55937
67103 75221
66702 75385
74933 61183
69441 69264
69371 69669
68927 69900
68808 70268
94666 56313
94241 56445
82332 58180
81803 58232
75436 60219
75079 60400
86233 57439
85742 57512
75079 60400
74045 61569
73906 61890
65472 84204
70312 68923
69838 68970
72222 63826
71010 68520
70714 68700
73435 62421
73239 62664
75058 60811
81803 58232
81415 58321
67331 74780
67226 75082
65732 81774
65627 82076
87683 57082
69242 69761
68927 69900
77588 59153
77559 59504
78189 59073
77776 59126
67805 70636
82558 58154
69838 68970
69714 69210
101434 55946
94666 56313
87255 57091
80431 58467
80003 58476
78617 59064
78189 59073
76915 59655
76487 59664
83356 57891
83159 58074
74926 61185
74503 61193
79830 58547
95094 56304
72364 63614
65050 84309
67722 74287
67452 74398
82933 58100
89833 56951
84705 57816
84392 57881
89520 57016
78902 58987
78617 59064
77559 59504
77204 59511
79261 58742
79216 58979
84927 57715
84705 57816
73770 62362
73482 62409
69714 69210
69441 69264
75769 60215
75436 60219
79216 58979
78902 58987
89520 57016
89211 57023
67226 75082
67103 75221
86271 57237
86233 57439
93509 56530
94110 56450
93813 56454
82933 58100
70539 68883
70312 68923
74305 61554
74045 61569
93682 56459
85131 57611
84958 57682
80003 58476
77088 59584
76915 59655
83159 58074
82558 58154
82332 58180
93298 56563
69371 69669
69242 69761
74503 61193
74383 61290
74316 61379
74305 61554
93298 56563
93089 56584
70714 68700
70654 68833
77776 59126
77588 59153
93509 56530
71073 68406
71010 68520
77204 59511
77088 59584
102846 55791
74383 61290
74316 61379
70654 68833
70539 68883
95094 56304
65050 84309
94241 56445
94110 56450
93813 56454
93682 56459
89211 57023
89092 57025
85732 57531
84958 57682
84927 57715
73482 62409
73435 62421
67738 74252
67723 74279
85742 57512
89846 56936
89833 56951
67723 74279
67722 74287
74933 61183
74926 61185
102846 55791
102846 55791
102846 55791
102846 55791
102846 55791
102846 55791
102846 55791
102846 55791
102846 55791
102846 55791
102846 55791
102846 55791
102846 55791
102846 55791
102846 55791
102846 55791
102846 55791
102846 55791
102846 55791
102846 55791
102846 55791
102846 55791
102846 55791
102846 55791
102846 55791
102846 55791
102846 55791
102846 55791
102846 55791
102846 55791
102846 55791
102846 55791
102846 55791
102846 55791
102846 55791
102846 55791
102846 55791
101862 55937
89092 57025
80003 58476
96216 56402
83584 61589
84427 58301
87955 57755
89026 57264
92577 56843
94042 56558
100187 56793
84729 61676
85518 58654
94923 57129
89990 57845
90647 57359
86511 58562
102592 56847
85912 63856
95691 57155
86178 59823
91205 57568
87358 59046
89240 58709
90069 58015
91125 57847
90362 57960
101091 57387
86203 60369
87528 59280
91165 58305
96733 57394
86554 59831
94403 57767
100597 57392
91827 57968
93359 57925
96777 57427
86273 63220
87372 60271
93457 57998
89266 59382
92338 59027
96540 57816
88091 59426
92742 58872
99596 57584
87574 61393
93397 59082
93768 58000
88910 59693
97176 57814
87587 60905
88242 59795
102197 57618
87653 63372
87897 61969
95934 58042
89063 60380
91224 59927
94599 59508
94767 58116
94622 59246
89133 60027
90683 60013
102516 58002
87973 63612
89381 63207
89525 61063
92054 60198
97919 58233
95489 58665
89905 60579
94776 59936
94856 59607
97239 58358
87986 63307
97859 58462
88319 65532
89310 63917
89923 60829
94303 60574
91144 60680
95178 59630
96999 59382
97815 59210
101323 58566
89019 68567
89989 62182
93588 61043
95406 60408
97945 58859
90311 61053
97250 59499
110985 59000
89568 70199
100347 59346
90013 65471
90566 63061
98582 59372
91671 61887
92867 61060
96945 60867
90376 64664
95788 60909
101250 59573
90948 65456
93271 61086
98908 59854
91355 63619
91811 62030
99053 59754
101004 59774
91113 65995
96118 61193
92074 63390
99365 60165
93439 62445
93998 61230
93664 61439
92248 62959
99394 59921
92083 63091
102778 59901
92065 70037
92850 63978
93776 61505
99344 61253
93645 63403
101042 60471
99597 60480
102519 60220
101784 60626
92920 64040
96634 61684
100444 61401
94410 62860
94443 62063
95546 61857
94170 63614
101388 60854
100846 61214
93960 63990
94021 63913
101072 61330
93080 64781
100735 61516
94060 63986
97379 61710
94806 63034
95537 62373
96001 62008
93737 64542
95143 62967
97112 61755
99590 61851
93660 65543
94862 63165
94280 64516
96887 62325
97278 62088
99498 62046
94061 65226
96974 62249
104665 62193
94037 65866
97658 63135
95077 65164
99844 62217
95558 63590
99390 62436
95880 63402
94411 65534
94773 65487
114020 62494
94526 68917
104409 62576
95475 65715
101082 62764
97733 63339
95950 64462
98922 63255
95748 64817
95554 65652
104658 62578
94767 69087
98312 63657
97363 65619
95811 67289
97867 63778
95802 67678
106275 63825
94920 72527
101379 63885
95263 69940
95959 68611
97516 66295
99267 64186
98421 65407
96922 67910
99668 64133
98243 65458
97314 67357
97030 67430
102651 64260
95424 75563
96036 73458
97190 68131
97646 66710
100182 65283
100297 64504
102978 64268
96295 74337
97686 67170
100332 65488
105252 64472
97721 69700
101536 66115
104093 65122
101771 65562
104918 64609
110681 64534
97942 70672
102467 65697
98706 69949
98700 70271
108480 67146
99166 78547
101615 71653
102532 69602
108130 69781
102121 79540
102944 71480
103343 70359
103181 74066
