125 0.180465
179345 165391 164759 135163
171190 178577 146301 176112
157138 187367 155694 160357
182816 176537 149282 157958
167600 178333 150203 193982
145142 158215 169721 160808
163688 157805 197513 159174
167600 178333 150203 193982
167600 178333 150203 193982
167600 178333 150203 193982
163688 157805 197513 159174
151170 166635 172187 157293
170058 163878 159840 140995
164483 156879 155122 162814
176286 165474 148411 167495
179345 165391 164759 135163
157138 187367 155694 160357
168888 168279 158234 157977
182816 176537 149282 157958
155113 164368 169677 161963
161173 172211 168020 157342
158806 182979 165771 160308
170058 163878 159840 140995
153283 174922 175211 156254
159511 173438 162756 161406
182816 176537 149282 157958
153283 174922 175211 156254
164483 156879 155122 162814
168097 148656 180975 173523
168097 148656 180975 173523
172603 151129 168349 160245
160394 160704 171161 155456
179898 154838 151493 167801
169547 181625 155337 153722
166009 159869 161828 146778
176286 165474 148411 167495
163688 157805 197513 159174
158806 182979 165771 160308
164034 167810 171589 150022
161173 172211 168020 157342
166009 159869 161828 146778
164483 156879 155122 162814
171190 178577 146301 176112
159630 157998 171762 152459
172603 151129 168349 160245
164034 167810 171589 150022
178564 154247 170508 159370
178564 154247 170508 159370
172603 151129 168349 160245
153283 174922 175211 156254
170635 155933 182050 161465
159090 172820 158337 163745
158775 159279 160325 164722
179898 154838 151493 167801
168683 152199 159731 169558
158775 159279 160325 164722
157138 187367 155694 160357
176286 165474 148411 167495
176286 165474 148411 167495
166009 159869 161828 146778
168097 148656 180975 173523
169131 158670 168687 159506
160394 160704 171161 155456
168683 152199 159731 169558
160394 160704 171161 155456
153283 174922 175211 156254
182816 176537 149282 157958
162049 165965 170005 154603
159630 157998 171762 152459
162049 165965 170005 154603
169547 181625 155337 153722
162805 164376 160468 159655
164483 156879 155122 162814
166009 159869 161828 146778
171190 178577 146301 176112
159630 157998 171762 152459
157138 187367 155694 160357
162460 182007 162282 154503
158806 182979 165771 160308
162805 164376 160468 159655
182816 176537 149282 157958
182816 176537 149282 157958
176286 165474 148411 167495
162049 165965 170005 154603
145142 158215 169721 160808
178564 154247 170508 159370
179405 158354 168738 158454
162049 165965 170005 154603
162460 182007 162282 154503
164131 150769 167339 162698
169547 181625 155337 153722
145142 158215 169721 160808
153283 174922 175211 156254
166009 159869 161828 146778
161173 172211 168020 157342
162049 165965 170005 154603
179898 154838 151493 167801
172603 151129 168349 160245
162460 182007 162282 154503
145142 158215 169721 160808
158775 159279 160325 164722
182816 176537 149282 157958
158775 159279 160325 164722
162049 165965 170005 154603
158806 182979 165771 160308
172603 151129 168349 160245
182816 176537 149282 157958
164131 150769 167339 162698
157138 187367 155694 160357
153283 174922 175211 156254
179898 154838 151493 167801
182816 176537 149282 157958
172603 151129 168349 160245
160394 160704 171161 155456
168097 148656 180975 173523
168683 152199 159731 169558
169131 158670 168687 159506
157138 187367 155694 160357
168888 168279 158234 157977
162460 182007 162282 154503
182816 176537 149282 157958
169547 181625 155337 153722
158775 159279 160325 164722
159090 172820 158337 163745
170635 155933 182050 161465
153283 174922 175211 156254
158806 182979 165771 160308
163688 157805 197513 159174
171190 178577 146301 176112
176286 165474 148411 167495
179898 154838 151493 167801
179345 165391 164759 135163
179405 158354 168738 158454
145142 158215 169721 160808
172603 151129 168349 160245
162460 182007 162282 154503
168097 148656 180975 173523
168683 152199 159731 169558
179898 154838 151493 167801
157138 187367 155694 160357
167600 178333 150203 193982
169547 181625 155337 153722
163688 157805 197513 159174
172603 151129 168349 160245
176286 165474 148411 167495
159090 172820 158337 163745
182816 176537 149282 157958
159630 157998 171762 152459
164483 156879 155122 162814
163688 157805 197513 159174
179345 165391 164759 135163
162049 165965 170005 154603
