62 5.50892
1.60221e+06 1.45783e+06
1.50482e+06 1.61196e+06
1.50482e+06 1.61196e+06
1.50528e+06 1.49851e+06
1.55566e+06 1.4583e+06
1.54304e+06 1.48861e+06
1.54863e+06 1.47989e+06
1.52209e+06 1.49013e+06
1.50528e+06 1.49851e+06
1.52209e+06 1.49013e+06
1.55566e+06 1.4583e+06
1.54786e+06 1.48199e+06
1.54786e+06 1.48199e+06
1.50482e+06 1.61196e+06
1.55566e+06 1.4583e+06
1.54786e+06 1.48199e+06
1.50482e+06 1.61196e+06
1.50482e+06 1.61196e+06
1.5944e+06 1.46167e+06
1.5055e+06 1.51596e+06
1.5055e+06 1.51596e+06
1.56376e+06 1.46368e+06
1.53009e+06 1.49117e+06
1.52528e+06 1.5132e+06
1.55818e+06 1.47132e+06
1.55627e+06 1.4834e+06
1.52528e+06 1.5132e+06
1.55408e+06 1.48411e+06
1.5055e+06 1.51596e+06
1.54476e+06 1.49093e+06
1.53009e+06 1.49117e+06
1.54489e+06 1.49066e+06
1.54489e+06 1.49066e+06
1.55408e+06 1.48411e+06
1.54489e+06 1.49066e+06
1.55408e+06 1.48411e+06
1.55408e+06 1.48411e+06
1.55408e+06 1.48411e+06
1.55408e+06 1.48411e+06
1.54489e+06 1.49066e+06
1.54489e+06 1.49066e+06
1.54489e+06 1.49066e+06
1.52528e+06 1.5132e+06
1.60868e+06 1.47298e+06
1.50564e+06 1.55074e+06
1.50564e+06 1.55074e+06
1.56818e+06 1.47383e+06
1.53117e+06 1.50189e+06
1.51112e+06 1.51621e+06
1.50799e+06 1.52453e+06
1.53866e+06 1.4949e+06
1.55601e+06 1.49106e+06
1.559e+06 1.49006e+06
1.56556e+06 1.47975e+06
1.53521e+06 1.49798e+06
1.51112e+06 1.51621e+06
1.50855e+06 1.52256e+06
1.56599e+06 1.4796e+06
1.53117e+06 1.50189e+06
1.53117e+06 1.50189e+06
1.50855e+06 1.52256e+06
1.50799e+06 1.52453e+06
1.50564e+06 1.55074e+06
1.53117e+06 1.50189e+06
1.53117e+06 1.50189e+06
1.50799e+06 1.52453e+06
1.50799e+06 1.52453e+06
1.60323e+06 1.47517e+06
1.50774e+06 1.61533e+06
1.50774e+06 1.61533e+06
1.50863e+06 1.56201e+06
1.5925e+06 1.47686e+06
1.51339e+06 1.53166e+06
1.57296e+06 1.48014e+06
1.54215e+06 1.50023e+06
1.5354e+06 1.50377e+06
1.55016e+06 1.49604e+06
1.56524e+06 1.4956e+06
1.52917e+06 1.51827e+06
1.51798e+06 1.52049e+06
1.53215e+06 1.50912e+06
1.52917e+06 1.51827e+06
1.55009e+06 1.49606e+06
1.56579e+06 1.48111e+06
1.56579e+06 1.48111e+06
1.51798e+06 1.52049e+06
1.51475e+06 1.52632e+06
1.5655e+06 1.49167e+06
1.53215e+06 1.50912e+06
1.51475e+06 1.52632e+06
1.5655e+06 1.49167e+06
1.56524e+06 1.4956e+06
1.55009e+06 1.49606e+06
1.50774e+06 1.61533e+06
1.5655e+06 1.49167e+06
1.55009e+06 1.49606e+06
1.5655e+06 1.49167e+06
1.5655e+06 1.49167e+06
1.5655e+06 1.49167e+06
1.55009e+06 1.49606e+06
1.55009e+06 1.49606e+06
1.53215e+06 1.50912e+06
1.52917e+06 1.51827e+06
1.51475e+06 1.52632e+06
1.50774e+06 1.61533e+06
1.6011e+06 1.47692e+06
1.5092e+06 1.59082e+06
1.5092e+06 1.59082e+06
1.51443e+06 1.5491e+06
1.51253e+06 1.58585e+06
1.58873e+06 1.48146e+06
1.51801e+06 1.53541e+06
1.58437e+06 1.48601e+06
1.56796e+06 1.48866e+06
1.54059e+06 1.5054e+06
1.51959e+06 1.52599e+06
1.6011e+06 1.47692e+06
1.53779e+06 1.5171e+06
1.56611e+06 1.49289e+06
1.51767e+06 1.54781e+06
1.56118e+06 1.49872e+06
1.54789e+06 1.50178e+06
1.53185e+06 1.52006e+06
1.53487e+06 1.51727e+06
1.5461e+06 1.50495e+06
1.55238e+06 1.50048e+06
1.51253e+06 1.58585e+06
1.56081e+06 1.49953e+06
1.55402e+06 1.50018e+06
1.52605e+06 1.52499e+06
1.53055e+06 1.52283e+06
1.52605e+06 1.52499e+06
1.51443e+06 1.5491e+06
1.58832e+06 1.48594e+06
1.58832e+06 1.48594e+06
1.58437e+06 1.48601e+06
1.53055e+06 1.52283e+06
1.56796e+06 1.48866e+06
1.5092e+06 1.59082e+06
1.5461e+06 1.50495e+06
1.55402e+06 1.50018e+06
1.56796e+06 1.48866e+06
1.56081e+06 1.49953e+06
1.6011e+06 1.47692e+06
1.58832e+06 1.48594e+06
1.58832e+06 1.48594e+06
1.58437e+06 1.48601e+06
1.58437e+06 1.48601e+06
1.58437e+06 1.48601e+06
1.58437e+06 1.48601e+06
1.56081e+06 1.49953e+06
1.55402e+06 1.50018e+06
1.55402e+06 1.50018e+06
1.53055e+06 1.52283e+06
1.52605e+06 1.52499e+06
1.51253e+06 1.58585e+06
1.5092e+06 1.59082e+06
1.5092e+06 1.59082e+06
1.5092e+06 1.59082e+06
1.5092e+06 1.59082e+06
1.5092e+06 1.59082e+06
1.5092e+06 1.59082e+06
1.5092e+06 1.59082e+06
1.5092e+06 1.59082e+06
1.61515e+06 1.48047e+06
1.51649e+06 1.55819e+06
1.51649e+06 1.55819e+06
1.52874e+06 1.52692e+06
1.59156e+06 1.49114e+06
1.51928e+06 1.53758e+06
1.5939e+06 1.48543e+06
1.5727e+06 1.49359e+06
1.51928e+06 1.53758e+06
1.61014e+06 1.48398e+06
1.56755e+06 1.49682e+06
1.53827e+06 1.52517e+06
1.54602e+06 1.50934e+06
1.54035e+06 1.51778e+06
1.5547e+06 1.50057e+06
1.61014e+06 1.48398e+06
1.54097e+06 1.51256e+06
1.5547e+06 1.50057e+06
1.55145e+06 1.50208e+06
1.54804e+06 1.50518e+06
1.54804e+06 1.50518e+06
1.54097e+06 1.51256e+06
1.56755e+06 1.49682e+06
1.539e+06 1.52162e+06
1.539e+06 1.52162e+06
1.55145e+06 1.50208e+06
1.57106e+06 1.4948e+06
1.57106e+06 1.4948e+06
1.51649e+06 1.55819e+06
1.5547e+06 1.50057e+06
1.57106e+06 1.4948e+06
1.57106e+06 1.4948e+06
1.57106e+06 1.4948e+06
1.57106e+06 1.4948e+06
1.56755e+06 1.49682e+06
1.56755e+06 1.49682e+06
1.56755e+06 1.49682e+06
1.51928e+06 1.53758e+06
1.51649e+06 1.55819e+06
1.51649e+06 1.55819e+06
1.6176e+06 1.48124e+06
1.51676e+06 1.56058e+06
1.51676e+06 1.56058e+06
1.521e+06 1.55844e+06
1.57659e+06 1.49487e+06
1.53866e+06 1.5281e+06
1.52123e+06 1.54374e+06
1.59213e+06 1.4941e+06
1.59204e+06 1.49467e+06
1.54685e+06 1.5153e+06
1.5311e+06 1.535e+06
1.54211e+06 1.5195e+06
1.55249e+06 1.50622e+06
1.55597e+06 1.50352e+06
1.60586e+06 1.49256e+06
1.61104e+06 1.48517e+06
1.52836e+06 1.53963e+06
1.52123e+06 1.54374e+06
1.55074e+06 1.51425e+06
1.56605e+06 1.50109e+06
1.57121e+06 1.49514e+06
1.54211e+06 1.5195e+06
1.5637e+06 1.5025e+06
1.52836e+06 1.53963e+06
1.53418e+06 1.53285e+06
1.57076e+06 1.4991e+06
1.55434e+06 1.50599e+06
1.60958e+06 1.48569e+06
1.60663e+06 1.48858e+06
1.60663e+06 1.48858e+06
1.57076e+06 1.4991e+06
1.53419e+06 1.52854e+06
1.55074e+06 1.51425e+06
1.60586e+06 1.49256e+06
1.53419e+06 1.52854e+06
1.51676e+06 1.56058e+06
1.5637e+06 1.5025e+06
1.53418e+06 1.53285e+06
1.60586e+06 1.49256e+06
1.60958e+06 1.48569e+06
1.59204e+06 1.49467e+06
1.60958e+06 1.48569e+06
1.60663e+06 1.48858e+06
1.60663e+06 1.48858e+06
1.60663e+06 1.48858e+06
1.60663e+06 1.48858e+06
1.60663e+06 1.48858e+06
1.59204e+06 1.49467e+06
1.55074e+06 1.51425e+06
1.55074e+06 1.51425e+06
1.55074e+06 1.51425e+06
1.53418e+06 1.53285e+06
1.52836e+06 1.53963e+06
1.52836e+06 1.53963e+06
1.52836e+06 1.53963e+06
1.52836e+06 1.53963e+06
1.52123e+06 1.54374e+06
1.63306e+06 1.48429e+06
1.52289e+06 1.55567e+06
1.58439e+06 1.49638e+06
1.61071e+06 1.49113e+06
1.53473e+06 1.52918e+06
1.54297e+06 1.521e+06
1.55102e+06 1.51633e+06
1.56246e+06 1.50552e+06
1.57631e+06 1.49842e+06
1.5321e+06 1.53877e+06
1.57013e+06 1.50198e+06
1.54757e+06 1.51842e+06
1.53049e+06 1.54526e+06
1.52685e+06 1.5525e+06
1.62254e+06 1.48679e+06
1.55276e+06 1.50831e+06
1.55289e+06 1.50652e+06
1.62254e+06 1.48679e+06
1.61169e+06 1.48882e+06
1.56674e+06 1.50351e+06
1.5321e+06 1.53877e+06
1.53049e+06 1.54526e+06
1.52555e+06 1.55472e+06
1.58016e+06 1.49661e+06
1.52685e+06 1.5525e+06
1.58016e+06 1.49661e+06
1.61169e+06 1.48882e+06
1.55276e+06 1.50831e+06
1.62254e+06 1.48679e+06
1.55276e+06 1.50831e+06
1.64342e+06 1.49344e+06
1.52391e+06 1.58384e+06
1.58857e+06 1.49763e+06
1.56461e+06 1.50645e+06
1.58322e+06 1.49831e+06
1.52408e+06 1.56558e+06
1.53122e+06 1.55642e+06
1.5358e+06 1.5319e+06
1.53283e+06 1.54186e+06
1.54375e+06 1.52762e+06
1.52855e+06 1.56064e+06
1.55309e+06 1.51502e+06
1.54866e+06 1.52154e+06
1.53473e+06 1.5385e+06
1.54551e+06 1.52172e+06
1.5586e+06 1.50732e+06
1.55457e+06 1.50965e+06
1.5559e+06 1.5079e+06
1.53417e+06 1.54101e+06
1.55357e+06 1.5123e+06
1.55357e+06 1.5123e+06
1.59678e+06 1.49986e+06
1.52928e+06 1.59142e+06
1.56522e+06 1.50655e+06
1.52934e+06 1.57593e+06
1.53559e+06 1.54254e+06
1.54073e+06 1.53409e+06
1.55089e+06 1.5275e+06
1.55764e+06 1.51744e+06
1.55436e+06 1.5222e+06
1.55894e+06 1.50788e+06
1.55938e+06 1.50742e+06
1.55894e+06 1.50788e+06
1.55938e+06 1.50742e+06
1.58163e+06 1.50733e+06
1.53118e+06 1.58341e+06
1.54166e+06 1.56337e+06
1.55938e+06 1.5104e+06
1.54373e+06 1.5601e+06
1.54629e+06 1.54289e+06
1.56904e+06 1.50977e+06
1.57309e+06 1.50836e+06
1.55889e+06 1.52336e+06
1.55257e+06 1.53673e+06
1.54743e+06 1.54059e+06
1.55492e+06 1.5241e+06
1.55316e+06 1.53051e+06
1.55452e+06 1.52891e+06
1.54739e+06 1.54159e+06
1.57423e+06 1.50846e+06
1.53933e+06 1.58484e+06
1.54757e+06 1.54926e+06
1.55443e+06 1.53906e+06
1.55977e+06 1.5107e+06
1.55899e+06 1.52374e+06
1.548e+06 1.54891e+06
1.58501e+06 1.50864e+06
1.54815e+06 1.57987e+06
1.57077e+06 1.51112e+06
1.54838e+06 1.55684e+06
1.55622e+06 1.54403e+06
1.56042e+06 1.52361e+06
1.56288e+06 1.51148e+06
1.55445e+06 1.5516e+06
1.56207e+06 1.52338e+06
1.55451e+06 1.54629e+06
1.55459e+06 1.54483e+06
1.61784e+06 1.50871e+06
1.55082e+06 1.56725e+06
1.58688e+06 1.51042e+06
1.56477e+06 1.51282e+06
1.56043e+06 1.53451e+06
1.56345e+06 1.52269e+06
1.55882e+06 1.54798e+06
1.55698e+06 1.55791e+06
1.55853e+06 1.5516e+06
1.55758e+06 1.55482e+06
1.61296e+06 1.51106e+06
1.5529e+06 1.56751e+06
1.58795e+06 1.51169e+06
1.55762e+06 1.55624e+06
1.56077e+06 1.53933e+06
1.57089e+06 1.51398e+06
1.56461e+06 1.52382e+06
1.56054e+06 1.54455e+06
1.5661e+06 1.51412e+06
1.56582e+06 1.52226e+06
1.56528e+06 1.52252e+06
1.61917e+06 1.51369e+06
1.55781e+06 1.558e+06
1.5774e+06 1.51472e+06
1.56504e+06 1.52894e+06
1.56439e+06 1.54647e+06
1.56252e+06 1.54978e+06
1.56613e+06 1.52059e+06
1.56697e+06 1.51641e+06
1.57363e+06 1.51572e+06
1.60975e+06 1.51551e+06
1.55788e+06 1.58191e+06
1.57516e+06 1.51658e+06
1.56221e+06 1.56525e+06
1.56553e+06 1.54035e+06
1.56349e+06 1.5527e+06
1.56644e+06 1.52503e+06
1.57192e+06 1.51712e+06
1.56665e+06 1.5208e+06
1.59405e+06 1.51667e+06
1.55788e+06 1.59664e+06
1.56266e+06 1.56689e+06
1.57281e+06 1.51789e+06
1.5675e+06 1.54311e+06
1.56932e+06 1.52808e+06
1.56756e+06 1.53939e+06
1.56955e+06 1.5213e+06
1.60714e+06 1.51795e+06
1.56145e+06 1.59883e+06
1.57704e+06 1.51819e+06
1.56841e+06 1.57092e+06
1.56688e+06 1.59494e+06
1.57011e+06 1.52879e+06
1.56871e+06 1.54791e+06
1.56863e+06 1.55052e+06
1.57407e+06 1.52614e+06
1.57444e+06 1.52327e+06
1.57749e+06 1.51943e+06
1.56725e+06 1.59972e+06
1.56902e+06 1.5825e+06
1.57364e+06 1.5301e+06
1.56939e+06 1.54872e+06
1.5732e+06 1.54398e+06
1.57065e+06 1.54686e+06
1.58414e+06 1.51945e+06
1.57038e+06 1.58854e+06
1.5796e+06 1.52781e+06
1.57138e+06 1.5677e+06
1.57488e+06 1.53191e+06
1.57214e+06 1.55089e+06
1.57418e+06 1.54252e+06
1.58965e+06 1.51946e+06
1.57261e+06 1.5657e+06
1.57426e+06 1.56292e+06
1.57671e+06 1.54396e+06
1.58267e+06 1.5313e+06
1.5855e+06 1.52752e+06
1.58802e+06 1.52455e+06
1.5811e+06 1.53932e+06
1.57798e+06 1.54263e+06
1.57973e+06 1.54025e+06
1.59267e+06 1.51996e+06
1.57643e+06 1.57034e+06
1.58343e+06 1.54255e+06
1.57744e+06 1.55435e+06
1.57871e+06 1.54684e+06
1.58766e+06 1.53273e+06
1.592e+06 1.52559e+06
1.5888e+06 1.53019e+06
1.60169e+06 1.52041e+06
1.5778e+06 1.55568e+06
1.596e+06 1.52121e+06
1.59088e+06 1.53148e+06
1.58524e+06 1.54858e+06
1.58555e+06 1.54592e+06
1.58773e+06 1.53732e+06
1.58895e+06 1.53394e+06
1.58829e+06 1.53674e+06
1.60962e+06 1.52176e+06
1.57906e+06 1.58523e+06
1.58301e+06 1.55594e+06
1.58914e+06 1.53516e+06
1.60133e+06 1.53084e+06
1.58775e+06 1.54781e+06
1.60289e+06 1.52387e+06
1.62004e+06 1.52326e+06
1.58516e+06 1.55895e+06
1.60392e+06 1.52432e+06
1.59849e+06 1.53656e+06
1.59233e+06 1.54961e+06
1.59642e+06 1.54025e+06
1.59027e+06 1.55669e+06
1.62679e+06 1.52374e+06
1.5854e+06 1.56222e+06
1.60646e+06 1.53841e+06
1.59639e+06 1.5512e+06
1.5915e+06 1.56157e+06
1.62985e+06 1.52501e+06
1.58783e+06 1.57572e+06
1.60663e+06 1.54078e+06
1.6053e+06 1.55539e+06
1.59318e+06 1.57022e+06
1.59774e+06 1.56113e+06
1.595e+06 1.56359e+06
1.59736e+06 1.562e+06
1.62183e+06 1.54264e+06
1.58997e+06 1.57664e+06
1.61589e+06 1.55403e+06
1.60398e+06 1.56236e+06
1.59621e+06 1.56923e+06
1.62387e+06 1.5488e+06
1.59235e+06 1.58989e+06
1.61098e+06 1.56509e+06
1.60485e+06 1.57396e+06
1.62027e+06 1.56625e+06
1.60329e+06 1.59776e+06
1.60886e+06 1.57905e+06
1.61488e+06 1.57214e+06
