27 1.98552
1.66848e+06 1.5894e+06 1.57738e+06 1.56802e+06
1.64329e+06 1.61648e+06 1.59607e+06 1.53774e+06
1.6426e+06 1.60702e+06 1.52565e+06 1.61828e+06
1.63454e+06 1.51222e+06 1.60604e+06 1.63473e+06
1.62272e+06 1.54505e+06 1.57658e+06 1.67158e+06
1.56858e+06 1.63499e+06 1.56692e+06 1.59208e+06
1.55501e+06 1.554e+06 1.66686e+06 1.58406e+06
1.5344e+06 1.60791e+06 1.6558e+06 1.65218e+06
1.54167e+06 1.56369e+06 1.58274e+06 1.66744e+06
1.60458e+06 1.61905e+06 1.54546e+06 1.63669e+06
1.6426e+06 1.60702e+06 1.52565e+06 1.61828e+06
1.65952e+06 1.51855e+06 1.59612e+06 1.62168e+06
1.55501e+06 1.554e+06 1.66686e+06 1.58406e+06
1.64388e+06 1.52677e+06 1.61586e+06 1.59975e+06
1.64329e+06 1.61648e+06 1.59607e+06 1.53774e+06
1.57986e+06 1.58076e+06 1.65738e+06 1.56304e+06
1.64874e+06 1.56608e+06 1.54757e+06 1.57966e+06
1.5844e+06 1.59958e+06 1.62882e+06 1.54651e+06
1.54674e+06 1.57267e+06 1.62094e+06 1.66014e+06
1.65952e+06 1.51855e+06 1.59612e+06 1.62168e+06
1.62936e+06 1.57059e+06 1.54857e+06 1.6319e+06
1.61289e+06 1.53674e+06 1.6052e+06 1.64888e+06
1.66767e+06 1.57322e+06 1.59737e+06 1.55703e+06
1.56829e+06 1.62187e+06 1.58103e+06 1.64247e+06
1.59233e+06 1.62807e+06 1.62452e+06 1.56458e+06
1.60025e+06 1.63463e+06 1.56816e+06 1.59769e+06
1.60373e+06 1.53259e+06 1.60445e+06 1.65706e+06
1.55237e+06 1.55725e+06 1.61974e+06 1.63792e+06
1.63062e+06 1.57833e+06 1.55782e+06 1.624e+06
1.54779e+06 1.59851e+06 1.64927e+06 1.60732e+06
1.63433e+06 1.59047e+06 1.56133e+06 1.5947e+06
1.61537e+06 1.62791e+06 1.5749e+06 1.57146e+06
1.59888e+06 1.62512e+06 1.61833e+06 1.56884e+06
1.5844e+06 1.59958e+06 1.62882e+06 1.54651e+06
1.57206e+06 1.55018e+06 1.65242e+06 1.62464e+06
1.56937e+06 1.58482e+06 1.60736e+06 1.63315e+06
1.6129e+06 1.57624e+06 1.62172e+06 1.5539e+06
1.6251e+06 1.60081e+06 1.57277e+06 1.55206e+06
1.56463e+06 1.56753e+06 1.65064e+06 1.59892e+06
1.58308e+06 1.59376e+06 1.55361e+06 1.65651e+06
1.60524e+06 1.5755e+06 1.63893e+06 1.56046e+06
1.624e+06 1.56035e+06 1.59066e+06 1.56035e+06
1.57361e+06 1.57678e+06 1.59715e+06 1.64587e+06
1.65879e+06 1.52904e+06 1.60243e+06 1.64892e+06
1.57443e+06 1.5924e+06 1.58592e+06 1.63338e+06
1.55237e+06 1.55725e+06 1.61974e+06 1.63792e+06
1.59618e+06 1.61888e+06 1.55904e+06 1.61471e+06
1.59209e+06 1.58404e+06 1.59702e+06 1.58832e+06
1.63035e+06 1.5899e+06 1.55512e+06 1.60835e+06
1.60851e+06 1.56251e+06 1.58239e+06 1.59069e+06
1.63827e+06 1.581e+06 1.55566e+06 1.61147e+06
1.64607e+06 1.59702e+06 1.58741e+06 1.56453e+06
1.57553e+06 1.5643e+06 1.57534e+06 1.60198e+06
1.6409e+06 1.53163e+06 1.59622e+06 1.60944e+06
1.58477e+06 1.53235e+06 1.63107e+06 1.59813e+06
1.60458e+06 1.61905e+06 1.54546e+06 1.63669e+06
1.58551e+06 1.598e+06 1.5909e+06 1.59986e+06
1.56859e+06 1.59437e+06 1.62745e+06 1.57828e+06
1.54779e+06 1.59851e+06 1.64927e+06 1.60732e+06
1.59074e+06 1.61165e+06 1.56987e+06 1.5869e+06
1.5846e+06 1.55089e+06 1.56787e+06 1.6227e+06
1.61499e+06 1.53903e+06 1.6512e+06 1.58141e+06
1.55814e+06 1.6121e+06 1.59639e+06 1.58085e+06
1.59618e+06 1.61888e+06 1.55904e+06 1.61471e+06
1.5923e+06 1.63065e+06 1.58054e+06 1.58047e+06
1.56674e+06 1.59068e+06 1.58914e+06 1.64091e+06
1.65369e+06 1.59454e+06 1.56911e+06 1.57651e+06
1.58942e+06 1.56275e+06 1.6177e+06 1.57165e+06
1.63777e+06 1.56403e+06 1.56882e+06 1.60619e+06
1.56388e+06 1.5656e+06 1.58758e+06 1.65019e+06
1.54674e+06 1.57267e+06 1.62094e+06 1.66014e+06
1.65051e+06 1.55696e+06 1.5847e+06 1.57735e+06
1.5653e+06 1.58157e+06 1.61169e+06 1.59962e+06
1.65879e+06 1.52904e+06 1.60243e+06 1.64892e+06
1.60255e+06 1.57202e+06 1.57228e+06 1.6161e+06
1.65488e+06 1.55473e+06 1.57764e+06 1.59138e+06
1.62137e+06 1.57089e+06 1.57154e+06 1.61864e+06
1.59454e+06 1.57575e+06 1.56111e+06 1.5995e+06
1.57166e+06 1.58804e+06 1.59539e+06 1.60398e+06
1.56994e+06 1.57069e+06 1.64039e+06 1.62058e+06
1.6363e+06 1.5432e+06 1.62554e+06 1.5604e+06
1.62272e+06 1.54505e+06 1.57658e+06 1.67158e+06
1.59437e+06 1.58261e+06 1.57251e+06 1.57544e+06
1.58246e+06 1.549e+06 1.64638e+06 1.61285e+06
1.62267e+06 1.54505e+06 1.64023e+06 1.56264e+06
1.64388e+06 1.52677e+06 1.61586e+06 1.59975e+06
1.65039e+06 1.56054e+06 1.5888e+06 1.60319e+06
1.57361e+06 1.57678e+06 1.59715e+06 1.64587e+06
1.54513e+06 1.55034e+06 1.62652e+06 1.62163e+06
1.63366e+06 1.55842e+06 1.59099e+06 1.60152e+06
1.57663e+06 1.57916e+06 1.60948e+06 1.6013e+06
1.62596e+06 1.54665e+06 1.58275e+06 1.6136e+06
1.60731e+06 1.54518e+06 1.5827e+06 1.61809e+06
1.57764e+06 1.55473e+06 1.6137e+06 1.60053e+06
1.60008e+06 1.55538e+06 1.57259e+06 1.61276e+06
1.57699e+06 1.53946e+06 1.64512e+06 1.61303e+06
1.57236e+06 1.62359e+06 1.63549e+06 1.57788e+06
1.61391e+06 1.56743e+06 1.58228e+06 1.5837e+06
1.61749e+06 1.54208e+06 1.5914e+06 1.62184e+06
1.61868e+06 1.57889e+06 1.60395e+06 1.58237e+06
1.57166e+06 1.58804e+06 1.59539e+06 1.60398e+06
1.59048e+06 1.59983e+06 1.59545e+06 1.59577e+06
1.58383e+06 1.5437e+06 1.61975e+06 1.62828e+06
1.59419e+06 1.5969e+06 1.57853e+06 1.57397e+06
1.66767e+06 1.57322e+06 1.59737e+06 1.55703e+06
1.56027e+06 1.58889e+06 1.59788e+06 1.62704e+06
1.6304e+06 1.5675e+06 1.55148e+06 1.65208e+06
1.5818e+06 1.58878e+06 1.64383e+06 1.57723e+06
1.6047e+06 1.6133e+06 1.54874e+06 1.62553e+06
1.60784e+06 1.59067e+06 1.60052e+06 1.55708e+06
1.56485e+06 1.61175e+06 1.59844e+06 1.60445e+06
1.59888e+06 1.62512e+06 1.61833e+06 1.56884e+06
1.6239e+06 1.57612e+06 1.62489e+06 1.5671e+06
1.58136e+06 1.55938e+06 1.6035e+06 1.62296e+06
1.57702e+06 1.57388e+06 1.62982e+06 1.58555e+06
1.60883e+06 1.54419e+06 1.58919e+06 1.61361e+06
1.56378e+06 1.57634e+06 1.59763e+06 1.64202e+06
1.61581e+06 1.55266e+06 1.5792e+06 1.60334e+06
1.56742e+06 1.63485e+06 1.58595e+06 1.6198e+06
1.63449e+06 1.54018e+06 1.6198e+06 1.58372e+06
1.57986e+06 1.58076e+06 1.65738e+06 1.56304e+06
1.60432e+06 1.61441e+06 1.55044e+06 1.60587e+06
1.65369e+06 1.59454e+06 1.56911e+06 1.57651e+06
1.59571e+06 1.54795e+06 1.58227e+06 1.60572e+06
1.5923e+06 1.63065e+06 1.58054e+06 1.58047e+06
1.60814e+06 1.56285e+06 1.58047e+06 1.59336e+06
1.63974e+06 1.5895e+06 1.5578e+06 1.60492e+06
1.57949e+06 1.6033e+06 1.6018e+06 1.58433e+06
1.58158e+06 1.55663e+06 1.60835e+06 1.58641e+06
1.56276e+06 1.58226e+06 1.60916e+06 1.60352e+06
1.54362e+06 1.5993e+06 1.61815e+06 1.58497e+06
1.60676e+06 1.59606e+06 1.58606e+06 1.56731e+06
1.61966e+06 1.55491e+06 1.57633e+06 1.61471e+06
1.61234e+06 1.59977e+06 1.58567e+06 1.57207e+06
1.59141e+06 1.56084e+06 1.60148e+06 1.59925e+06
1.5593e+06 1.59156e+06 1.60235e+06 1.59403e+06
1.5928e+06 1.58107e+06 1.60102e+06 1.59736e+06
1.6251e+06 1.60081e+06 1.57277e+06 1.55206e+06
1.60255e+06 1.57202e+06 1.57228e+06 1.6161e+06
1.62512e+06 1.54626e+06 1.59264e+06 1.58725e+06
1.64213e+06 1.60425e+06 1.554e+06 1.58794e+06
1.61126e+06 1.53802e+06 1.63414e+06 1.59731e+06
1.57273e+06 1.60741e+06 1.58337e+06 1.61602e+06
1.57277e+06 1.57309e+06 1.61309e+06 1.61832e+06
1.56893e+06 1.5816e+06 1.5869e+06 1.6542e+06
1.62174e+06 1.60192e+06 1.55393e+06 1.60136e+06
1.64607e+06 1.59702e+06 1.58741e+06 1.56453e+06
1.61246e+06 1.55293e+06 1.6096e+06 1.59748e+06
1.54598e+06 1.60658e+06 1.60376e+06 1.6321e+06
1.56027e+06 1.58889e+06 1.59788e+06 1.62704e+06
1.56674e+06 1.59068e+06 1.58914e+06 1.64091e+06
1.61573e+06 1.54773e+06 1.61691e+06 1.5921e+06
1.56893e+06 1.5816e+06 1.5869e+06 1.6542e+06
1.60765e+06 1.5429e+06 1.621e+06 1.63507e+06
1.61521e+06 1.5298e+06 1.59153e+06 1.61161e+06
1.5641e+06 1.5709e+06 1.61796e+06 1.62579e+06
1.61225e+06 1.6152e+06 1.57965e+06 1.57336e+06
1.57236e+06 1.62359e+06 1.63549e+06 1.57788e+06
1.59076e+06 1.62037e+06 1.56711e+06 1.60283e+06
1.5843e+06 1.5995e+06 1.63774e+06 1.57418e+06
1.6175e+06 1.59015e+06 1.58988e+06 1.56974e+06
1.6129e+06 1.57624e+06 1.62172e+06 1.5539e+06
1.56276e+06 1.58226e+06 1.60916e+06 1.60352e+06
1.61752e+06 1.59978e+06 1.55632e+06 1.59469e+06
1.62791e+06 1.54335e+06 1.61823e+06 1.59101e+06
1.57542e+06 1.54466e+06 1.59282e+06 1.63734e+06
1.59076e+06 1.62037e+06 1.56711e+06 1.60283e+06
1.60784e+06 1.59067e+06 1.60052e+06 1.55708e+06
1.59577e+06 1.57841e+06 1.58005e+06 1.58742e+06
1.58403e+06 1.60499e+06 1.5939e+06 1.58172e+06
1.57949e+06 1.6033e+06 1.6018e+06 1.58433e+06
1.5906e+06 1.5416e+06 1.6459e+06 1.58431e+06
1.64213e+06 1.60425e+06 1.554e+06 1.58794e+06
1.58136e+06 1.55938e+06 1.6035e+06 1.62296e+06
1.59562e+06 1.54987e+06 1.61466e+06 1.58681e+06
1.61126e+06 1.53802e+06 1.63414e+06 1.59731e+06
1.62902e+06 1.58411e+06 1.55608e+06 1.63446e+06
1.61631e+06 1.57099e+06 1.62602e+06 1.5687e+06
1.6101e+06 1.53756e+06 1.61114e+06 1.62808e+06
1.58151e+06 1.61521e+06 1.57788e+06 1.60101e+06
1.60432e+06 1.61441e+06 1.55044e+06 1.60587e+06
1.61587e+06 1.54131e+06 1.59334e+06 1.5946e+06
1.5818e+06 1.58878e+06 1.64383e+06 1.57723e+06
1.56994e+06 1.57069e+06 1.64039e+06 1.62058e+06
1.63379e+06 1.53755e+06 1.57321e+06 1.60417e+06
1.65488e+06 1.55473e+06 1.57764e+06 1.59138e+06
1.54362e+06 1.5993e+06 1.61815e+06 1.58497e+06
1.61505e+06 1.59831e+06 1.57201e+06 1.58043e+06
1.63366e+06 1.55842e+06 1.59099e+06 1.60152e+06
1.55814e+06 1.6121e+06 1.59639e+06 1.58085e+06
1.65051e+06 1.55696e+06 1.5847e+06 1.57735e+06
1.60371e+06 1.54359e+06 1.61043e+06 1.61213e+06
1.58385e+06 1.62304e+06 1.62519e+06 1.57472e+06
1.5593e+06 1.59156e+06 1.60235e+06 1.59403e+06
1.61521e+06 1.5298e+06 1.59153e+06 1.61161e+06
1.6128e+06 1.56598e+06 1.61102e+06 1.58546e+06
1.62448e+06 1.53697e+06 1.61757e+06 1.60502e+06
1.6047e+06 1.6133e+06 1.54874e+06 1.62553e+06
1.6101e+06 1.53756e+06 1.61114e+06 1.62808e+06
1.58303e+06 1.56426e+06 1.60098e+06 1.59839e+06
1.54598e+06 1.60658e+06 1.60376e+06 1.6321e+06
1.59054e+06 1.56104e+06 1.57316e+06 1.62103e+06
1.61833e+06 1.54944e+06 1.59806e+06 1.58329e+06
1.59078e+06 1.58191e+06 1.59693e+06 1.591e+06
1.58207e+06 1.60511e+06 1.59096e+06 1.59253e+06
1.59028e+06 1.53783e+06 1.62657e+06 1.62031e+06
1.57725e+06 1.5478e+06 1.63256e+06 1.61829e+06
1.59074e+06 1.61165e+06 1.56987e+06 1.5869e+06
1.60635e+06 1.5441e+06 1.60727e+06 1.63476e+06
1.60524e+06 1.5755e+06 1.63893e+06 1.56046e+06
1.6175e+06 1.59015e+06 1.58988e+06 1.56974e+06
1.6409e+06 1.53163e+06 1.59622e+06 1.60944e+06
1.58551e+06 1.598e+06 1.5909e+06 1.59986e+06
1.57702e+06 1.57388e+06 1.62982e+06 1.58555e+06
1.5843e+06 1.5995e+06 1.63774e+06 1.57418e+06
1.61225e+06 1.6152e+06 1.57965e+06 1.57336e+06
1.6086e+06 1.53802e+06 1.61011e+06 1.59235e+06
1.58963e+06 1.60115e+06 1.5866e+06 1.58465e+06
1.60373e+06 1.53259e+06 1.60445e+06 1.65706e+06
1.60372e+06 1.53918e+06 1.62542e+06 1.63278e+06
1.61833e+06 1.54944e+06 1.59806e+06 1.58329e+06
1.58408e+06 1.59661e+06 1.5966e+06 1.58553e+06
1.62902e+06 1.58411e+06 1.55608e+06 1.63446e+06
1.59562e+06 1.54987e+06 1.61466e+06 1.58681e+06
1.57725e+06 1.5478e+06 1.63256e+06 1.61829e+06
1.63974e+06 1.5895e+06 1.5578e+06 1.60492e+06
1.58246e+06 1.549e+06 1.64638e+06 1.61285e+06
1.62553e+06 1.56392e+06 1.57229e+06 1.61458e+06
1.58385e+06 1.62304e+06 1.62519e+06 1.57472e+06
1.60765e+06 1.5429e+06 1.621e+06 1.63507e+06
1.58158e+06 1.55663e+06 1.60835e+06 1.58641e+06
1.60635e+06 1.5441e+06 1.60727e+06 1.63476e+06
1.61631e+06 1.57099e+06 1.62602e+06 1.5687e+06
1.58308e+06 1.59376e+06 1.55361e+06 1.65651e+06
1.57273e+06 1.60741e+06 1.58337e+06 1.61602e+06
1.62591e+06 1.54996e+06 1.58101e+06 1.6042e+06
1.57986e+06 1.58076e+06 1.65738e+06 1.56304e+06
1.57292e+06 1.6118e+06 1.58279e+06 1.59385e+06
1.62791e+06 1.54335e+06 1.61823e+06 1.59101e+06
1.57764e+06 1.55473e+06 1.6137e+06 1.60053e+06
1.60676e+06 1.59606e+06 1.58606e+06 1.56731e+06
1.61966e+06 1.55491e+06 1.57633e+06 1.61471e+06
1.62332e+06 1.5458e+06 1.5963e+06 1.57147e+06
1.58207e+06 1.60511e+06 1.59096e+06 1.59253e+06
1.6304e+06 1.5675e+06 1.55148e+06 1.65208e+06
1.57542e+06 1.54466e+06 1.59282e+06 1.63734e+06
1.66848e+06 1.5894e+06 1.57738e+06 1.56802e+06
1.60371e+06 1.54359e+06 1.61043e+06 1.61213e+06
1.62137e+06 1.57089e+06 1.57154e+06 1.61864e+06
1.62174e+06 1.60192e+06 1.55393e+06 1.60136e+06
1.61587e+06 1.54131e+06 1.59334e+06 1.5946e+06
1.62332e+06 1.5458e+06 1.5963e+06 1.57147e+06
1.56388e+06 1.5656e+06 1.58758e+06 1.65019e+06
1.59054e+06 1.56104e+06 1.57316e+06 1.62103e+06
1.62448e+06 1.53697e+06 1.61757e+06 1.60502e+06
1.6409e+06 1.53163e+06 1.59622e+06 1.60944e+06
1.61126e+06 1.53802e+06 1.63414e+06 1.59731e+06
1.58403e+06 1.60499e+06 1.5939e+06 1.58172e+06
1.6426e+06 1.60702e+06 1.52565e+06 1.61828e+06
1.58975e+06 1.59964e+06 1.59551e+06 1.58196e+06
1.58383e+06 1.5437e+06 1.61975e+06 1.62828e+06
1.58963e+06 1.60115e+06 1.5866e+06 1.58465e+06
1.62267e+06 1.54505e+06 1.64023e+06 1.56264e+06
1.57292e+06 1.6118e+06 1.58279e+06 1.59385e+06
1.58975e+06 1.59964e+06 1.59551e+06 1.58196e+06
1.66848e+06 1.5894e+06 1.57738e+06 1.56802e+06
1.63379e+06 1.53755e+06 1.57321e+06 1.60417e+06
1.62553e+06 1.56392e+06 1.57229e+06 1.61458e+06
1.59028e+06 1.53783e+06 1.62657e+06 1.62031e+06
1.61573e+06 1.54773e+06 1.61691e+06 1.5921e+06
1.58151e+06 1.61521e+06 1.57788e+06 1.60101e+06
1.58942e+06 1.56275e+06 1.6177e+06 1.57165e+06
1.65369e+06 1.59454e+06 1.56911e+06 1.57651e+06
1.6239e+06 1.57612e+06 1.62489e+06 1.5671e+06
1.6086e+06 1.53802e+06 1.61011e+06 1.59235e+06
1.56388e+06 1.5656e+06 1.58758e+06 1.65019e+06
1.61631e+06 1.57099e+06 1.62602e+06 1.5687e+06
1.56893e+06 1.5816e+06 1.5869e+06 1.6542e+06
1.5818e+06 1.58878e+06 1.64383e+06 1.57723e+06
1.57236e+06 1.62359e+06 1.63549e+06 1.57788e+06
1.56858e+06 1.63499e+06 1.56692e+06 1.59208e+06
1.66767e+06 1.57322e+06 1.59737e+06 1.55703e+06
1.62272e+06 1.54505e+06 1.57658e+06 1.67158e+06
1.62448e+06 1.53697e+06 1.61757e+06 1.60502e+06
1.66848e+06 1.5894e+06 1.57738e+06 1.56802e+06
1.61587e+06 1.54131e+06 1.59334e+06 1.5946e+06
1.58207e+06 1.60511e+06 1.59096e+06 1.59253e+06
1.57542e+06 1.54466e+06 1.59282e+06 1.63734e+06
1.56994e+06 1.57069e+06 1.64039e+06 1.62058e+06
1.5593e+06 1.59156e+06 1.60235e+06 1.59403e+06
1.67457e+06 1.58634e+06 1.58616e+06 1.57555e+06
1.67112e+06 1.56812e+06 1.55057e+06 1.65571e+06
1.63774e+06 1.59158e+06 1.5668e+06 1.67478e+06
1.63723e+06 1.62562e+06 1.65283e+06 1.56659e+06
1.62443e+06 1.53806e+06 1.65807e+06 1.61643e+06
1.60108e+06 1.6376e+06 1.64381e+06 1.57775e+06
1.55809e+06 1.58566e+06 1.63762e+06 1.64407e+06
1.63088e+06 1.62698e+06 1.56671e+06 1.62152e+06
1.65017e+06 1.54779e+06 1.59957e+06 1.66977e+06
1.5926e+06 1.5485e+06 1.63284e+06 1.6514e+06
1.5746e+06 1.58001e+06 1.61393e+06 1.63986e+06
1.55965e+06 1.59872e+06 1.64726e+06 1.62749e+06
1.58624e+06 1.56546e+06 1.61134e+06 1.65938e+06
1.63567e+06 1.59368e+06 1.55682e+06 1.63165e+06
1.56496e+06 1.62441e+06 1.6082e+06 1.6107e+06
1.61575e+06 1.54174e+06 1.60692e+06 1.6465e+06
1.59529e+06 1.61256e+06 1.58982e+06 1.61555e+06
1.59742e+06 1.61924e+06 1.6055e+06 1.59197e+06
1.58363e+06 1.61718e+06 1.62262e+06 1.5829e+06
1.64506e+06 1.60739e+06 1.55423e+06 1.63848e+06
1.65942e+06 1.59286e+06 1.59985e+06 1.58736e+06
1.56193e+06 1.55895e+06 1.63729e+06 1.63428e+06
1.6173e+06 1.58304e+06 1.5832e+06 1.5887e+06
1.66317e+06 1.57524e+06 1.58019e+06 1.59341e+06
1.58976e+06 1.55562e+06 1.56818e+06 1.62897e+06
1.61914e+06 1.56084e+06 1.61136e+06 1.6016e+06
1.60464e+06 1.58826e+06 1.57896e+06 1.61934e+06
1.61597e+06 1.60334e+06 1.62046e+06 1.59736e+06
1.57961e+06 1.61864e+06 1.59547e+06 1.63807e+06
1.64225e+06 1.60684e+06 1.57144e+06 1.61665e+06
1.61835e+06 1.59181e+06 1.57406e+06 1.60678e+06
1.57744e+06 1.5931e+06 1.62743e+06 1.59506e+06
1.65165e+06 1.61828e+06 1.56766e+06 1.63092e+06
1.60586e+06 1.55809e+06 1.62902e+06 1.59827e+06
1.60319e+06 1.57017e+06 1.61641e+06 1.6284e+06
1.63969e+06 1.57071e+06 1.59353e+06 1.61206e+06
1.63585e+06 1.59027e+06 1.61021e+06 1.58721e+06
1.59014e+06 1.56776e+06 1.64388e+06 1.59993e+06
1.60962e+06 1.57461e+06 1.59326e+06 1.59845e+06
1.58839e+06 1.61457e+06 1.60728e+06 1.60265e+06
1.58319e+06 1.57407e+06 1.62844e+06 1.61711e+06
1.62437e+06 1.57414e+06 1.61065e+06 1.60301e+06
1.66545e+06 1.57224e+06 1.56778e+06 1.60544e+06
1.60359e+06 1.6017e+06 1.64388e+06 1.5777e+06
1.60951e+06 1.62506e+06 1.59416e+06 1.59861e+06
1.66545e+06 1.57224e+06 1.56778e+06 1.60544e+06
1.68546e+06 1.6249e+06 1.62953e+06 1.58535e+06
1.66282e+06 1.63047e+06 1.57276e+06 1.64514e+06
1.65556e+06 1.55716e+06 1.65522e+06 1.6613e+06
1.63036e+06 1.6097e+06 1.67028e+06 1.58043e+06
1.61052e+06 1.5634e+06 1.59421e+06 1.70994e+06
1.58737e+06 1.66391e+06 1.62263e+06 1.58666e+06
1.56952e+06 1.62373e+06 1.65025e+06 1.63798e+06
1.61395e+06 1.65601e+06 1.61425e+06 1.60416e+06
1.66548e+06 1.60345e+06 1.58838e+06 1.60342e+06
1.59008e+06 1.63791e+06 1.61942e+06 1.63198e+06
1.59629e+06 1.5637e+06 1.57948e+06 1.65228e+06
1.67769e+06 1.56737e+06 1.60403e+06 1.6347e+06
1.59282e+06 1.58678e+06 1.66019e+06 1.62516e+06
1.60989e+06 1.55902e+06 1.64076e+06 1.62507e+06
1.63561e+06 1.57447e+06 1.61486e+06 1.62205e+06
1.6271e+06 1.56852e+06 1.63771e+06 1.63228e+06
1.6138e+06 1.57936e+06 1.65319e+06 1.60075e+06
1.64374e+06 1.62163e+06 1.60245e+06 1.59484e+06
1.65434e+06 1.58433e+06 1.60959e+06 1.6114e+06
1.64621e+06 1.57617e+06 1.6022e+06 1.62911e+06
1.58873e+06 1.62383e+06 1.63346e+06 1.6467e+06
1.59895e+06 1.58296e+06 1.60967e+06 1.64308e+06
1.66216e+06 1.59415e+06 1.59868e+06 1.61579e+06
1.60139e+06 1.57107e+06 1.58864e+06 1.64636e+06
1.60296e+06 1.61687e+06 1.62352e+06 1.62595e+06
1.59006e+06 1.595e+06 1.63218e+06 1.6096e+06
1.59056e+06 1.59405e+06 1.57884e+06 1.63352e+06
1.62326e+06 1.58804e+06 1.61138e+06 1.59093e+06
1.62197e+06 1.59008e+06 1.60263e+06 1.6024e+06
1.61279e+06 1.61425e+06 1.60596e+06 1.6263e+06
1.63172e+06 1.56711e+06 1.61528e+06 1.62078e+06
1.63939e+06 1.61608e+06 1.59469e+06 1.62989e+06
1.60662e+06 1.59935e+06 1.62192e+06 1.62035e+06
1.61583e+06 1.62415e+06 1.59537e+06 1.619e+06
1.65897e+06 1.61024e+06 1.59967e+06 1.63093e+06
1.65878e+06 1.56182e+06 1.62472e+06 1.62042e+06
1.60583e+06 1.60064e+06 1.6208e+06 1.63003e+06
1.64295e+06 1.56198e+06 1.62677e+06 1.61016e+06
1.61872e+06 1.59325e+06 1.61087e+06 1.6166e+06
1.64384e+06 1.5806e+06 1.60107e+06 1.61157e+06
1.61284e+06 1.59961e+06 1.59097e+06 1.63252e+06
1.61523e+06 1.58279e+06 1.60845e+06 1.62845e+06
1.62256e+06 1.57765e+06 1.59406e+06 1.63696e+06
1.61571e+06 1.59312e+06 1.61239e+06 1.60163e+06
1.62659e+06 1.58689e+06 1.61146e+06 1.59264e+06
1.64232e+06 1.56702e+06 1.60175e+06 1.63573e+06
1.61764e+06 1.56563e+06 1.62104e+06 1.63329e+06
1.60192e+06 1.58102e+06 1.64024e+06 1.63002e+06
1.62664e+06 1.59567e+06 1.60037e+06 1.62051e+06
1.61776e+06 1.61302e+06 1.60256e+06 1.59169e+06
1.61109e+06 1.5779e+06 1.60877e+06 1.62886e+06
1.68486e+06 1.57319e+06 1.636e+06 1.6303e+06
1.65165e+06 1.60234e+06 1.65206e+06 1.59171e+06
1.62708e+06 1.64859e+06 1.61215e+06 1.60365e+06
1.62417e+06 1.58392e+06 1.6131e+06 1.6879e+06
1.62352e+06 1.56027e+06 1.65443e+06 1.66268e+06
1.61226e+06 1.59451e+06 1.58662e+06 1.64026e+06
1.59463e+06 1.5962e+06 1.66389e+06 1.64056e+06
1.59206e+06 1.60259e+06 1.63935e+06 1.64723e+06
1.60089e+06 1.57507e+06 1.63044e+06 1.67292e+06
1.66244e+06 1.60027e+06 1.62594e+06 1.60648e+06
1.64176e+06 1.63143e+06 1.6379e+06 1.59962e+06
1.64912e+06 1.56461e+06 1.65091e+06 1.6535e+06
1.62574e+06 1.64561e+06 1.60662e+06 1.6095e+06
1.65706e+06 1.60464e+06 1.6012e+06 1.63013e+06
1.6161e+06 1.59855e+06 1.6572e+06 1.61301e+06
1.61188e+06 1.58669e+06 1.62881e+06 1.66587e+06
1.65995e+06 1.59418e+06 1.59693e+06 1.66265e+06
1.59862e+06 1.61443e+06 1.63278e+06 1.62969e+06
1.62178e+06 1.62828e+06 1.59139e+06 1.63516e+06
1.60479e+06 1.57902e+06 1.64475e+06 1.64756e+06
1.62744e+06 1.58761e+06 1.62441e+06 1.61865e+06
1.59614e+06 1.63017e+06 1.61941e+06 1.64363e+06
1.61825e+06 1.6204e+06 1.60431e+06 1.6368e+06
1.64589e+06 1.62461e+06 1.63732e+06 1.60145e+06
1.6357e+06 1.56947e+06 1.61905e+06 1.63237e+06
1.64256e+06 1.60332e+06 1.60721e+06 1.62362e+06
1.62994e+06 1.59408e+06 1.60912e+06 1.6456e+06
1.64044e+06 1.58265e+06 1.62401e+06 1.6305e+06
1.62393e+06 1.61023e+06 1.61597e+06 1.62587e+06
1.61081e+06 1.59931e+06 1.59671e+06 1.64155e+06
1.61554e+06 1.62972e+06 1.5936e+06 1.63945e+06
1.64514e+06 1.56605e+06 1.63697e+06 1.61352e+06
1.62106e+06 1.58175e+06 1.64773e+06 1.6427e+06
1.60517e+06 1.60077e+06 1.59682e+06 1.65076e+06
1.62075e+06 1.61309e+06 1.63232e+06 1.62094e+06
1.62472e+06 1.58941e+06 1.63471e+06 1.62556e+06
1.61449e+06 1.60458e+06 1.63961e+06 1.63846e+06
1.61238e+06 1.59551e+06 1.64385e+06 1.63842e+06
1.60776e+06 1.60198e+06 1.65061e+06 1.6292e+06
1.62154e+06 1.62657e+06 1.60378e+06 1.60991e+06
1.62614e+06 1.5975e+06 1.62663e+06 1.63395e+06
1.63915e+06 1.60127e+06 1.60362e+06 1.62786e+06
1.6304e+06 1.59033e+06 1.60338e+06 1.62806e+06
1.6335e+06 1.59184e+06 1.61668e+06 1.61522e+06
1.6583e+06 1.5786e+06 1.61328e+06 1.63973e+06
1.63305e+06 1.56916e+06 1.62989e+06 1.63649e+06
1.61405e+06 1.58142e+06 1.65375e+06 1.61536e+06
1.61824e+06 1.58398e+06 1.63072e+06 1.64307e+06
1.62227e+06 1.60207e+06 1.61744e+06 1.60731e+06
1.61848e+06 1.6234e+06 1.63851e+06 1.61436e+06
1.621e+06 1.62301e+06 1.60534e+06 1.63278e+06
1.63192e+06 1.60463e+06 1.60838e+06 1.60446e+06
1.61272e+06 1.61306e+06 1.61492e+06 1.63651e+06
1.61117e+06 1.61058e+06 1.60623e+06 1.63964e+06
1.6349e+06 1.58088e+06 1.60843e+06 1.63786e+06
1.62488e+06 1.5823e+06 1.63204e+06 1.63134e+06
1.60775e+06 1.5968e+06 1.59683e+06 1.64407e+06
1.61345e+06 1.59703e+06 1.61413e+06 1.63987e+06
1.63013e+06 1.58034e+06 1.65064e+06 1.64631e+06
1.69798e+06 1.61619e+06 1.60295e+06 1.64082e+06
1.6574e+06 1.59605e+06 1.58787e+06 1.64609e+06
1.65132e+06 1.57613e+06 1.653e+06 1.62784e+06
1.63948e+06 1.6277e+06 1.62673e+06 1.60681e+06
1.62174e+06 1.64063e+06 1.66308e+06 1.61302e+06
1.61152e+06 1.61966e+06 1.61052e+06 1.66996e+06
1.60413e+06 1.60713e+06 1.66756e+06 1.66083e+06
1.60151e+06 1.62329e+06 1.64152e+06 1.63554e+06
1.66045e+06 1.62152e+06 1.61298e+06 1.62249e+06
1.65052e+06 1.58555e+06 1.638e+06 1.62205e+06
1.6166e+06 1.62474e+06 1.61873e+06 1.65334e+06
1.64392e+06 1.61264e+06 1.62275e+06 1.60786e+06
1.63833e+06 1.60395e+06 1.63617e+06 1.61606e+06
1.61255e+06 1.59132e+06 1.64935e+06 1.66497e+06
1.61924e+06 1.58649e+06 1.65845e+06 1.62692e+06
1.63025e+06 1.63433e+06 1.62708e+06 1.63091e+06
1.62483e+06 1.63321e+06 1.61675e+06 1.66605e+06
1.6505e+06 1.60858e+06 1.59606e+06 1.64653e+06
1.63601e+06 1.62007e+06 1.60017e+06 1.64348e+06
1.61415e+06 1.62056e+06 1.619e+06 1.63961e+06
1.64801e+06 1.58693e+06 1.61492e+06 1.64984e+06
1.62631e+06 1.60968e+06 1.60276e+06 1.65242e+06
1.64938e+06 1.59688e+06 1.63889e+06 1.62485e+06
1.63279e+06 1.59159e+06 1.6301e+06 1.66328e+06
1.64488e+06 1.59304e+06 1.60855e+06 1.64792e+06
1.64177e+06 1.60083e+06 1.60392e+06 1.63371e+06
1.62339e+06 1.60503e+06 1.63259e+06 1.63205e+06
1.633e+06 1.61144e+06 1.62564e+06 1.63268e+06
1.65989e+06 1.59413e+06 1.60705e+06 1.6461e+06
1.6427e+06 1.58924e+06 1.63679e+06 1.62892e+06
1.6363e+06 1.60708e+06 1.62593e+06 1.62438e+06
1.6443e+06 1.60072e+06 1.61554e+06 1.62812e+06
1.63988e+06 1.6049e+06 1.63553e+06 1.63013e+06
1.64103e+06 1.61745e+06 1.61652e+06 1.62884e+06
1.66031e+06 1.59538e+06 1.60983e+06 1.62984e+06
1.63137e+06 1.61211e+06 1.61658e+06 1.62867e+06
1.69884e+06 1.61152e+06 1.65468e+06 1.63352e+06
1.66038e+06 1.64019e+06 1.63473e+06 1.61741e+06
1.65808e+06 1.61084e+06 1.60144e+06 1.65493e+06
1.64857e+06 1.59305e+06 1.62162e+06 1.66068e+06
1.64408e+06 1.6018e+06 1.68129e+06 1.65079e+06
1.62964e+06 1.59576e+06 1.65257e+06 1.66519e+06
1.61443e+06 1.65647e+06 1.67178e+06 1.66293e+06
1.63367e+06 1.64466e+06 1.6661e+06 1.62385e+06
1.66458e+06 1.59565e+06 1.63041e+06 1.64469e+06
1.63715e+06 1.61813e+06 1.65729e+06 1.65325e+06
1.65023e+06 1.63474e+06 1.60881e+06 1.63387e+06
1.65456e+06 1.60725e+06 1.6143e+06 1.63541e+06
1.65006e+06 1.61444e+06 1.60947e+06 1.63746e+06
1.65692e+06 1.61048e+06 1.60606e+06 1.64653e+06
