1 0.0149653
371494 303119 316258 330820
358113 336721 327059 284435
356681 300017 325473 318308
354914 310176 338223 302754
329220 354150 295558 323849
325505 336729 275617 329374
315578 322359 314975 342245
300459 330813 331600 315292
344486 314039 283923 300631
360678 308863 300798 324815
342508 339454 294234 322041
318780 323161 311201 288448
325505 336729 275617 329374
311545 307841 317101 332477
332483 348780 332855 285487
307520 344714 309136 314481
328673 322068 305118 310467
343174 315741 323698 300153
350748 318451 330539 299294
330985 344969 298394 328292
332483 348780 332855 285487
321529 340108 306762 301521
329220 354150 295558 323849
300459 330813 331600 315292
314946 305008 320927 320305
332427 338622 300865 292028
311072 329501 304164 325544
347837 343414 298517 294778
327020 337784 300896 297707
312584 329311 299739 314507
323870 327225 302313 309351
334273 327169 302581 323052
333993 335623 309601 293952
338509 324782 301024 293035
346916 311724 337754 300890
359321 302661 316789 317099
346636 302084 330011 332190
307520 344714 309136 314481
317849 333364 325434 293529
340035 308152 306355 318367
316179 320527 321553 308933
314331 323039 320247 316449
346636 302084 330011 332190
329961 305831 316777 304848
336756 320077 314845 300982
315088 333020 311933 295938
331535 313304 305262 301079
333302 309689 310531 327327
331342 331687 310444 306881
311545 307841 317101 332477
336525 337356 307827 300034
326300 317219 332141 307113
342129 311561 313491 308480
321545 330234 303073 309494
352235 311262 305587 305192
347499 321000 321071 294754
352235 311262 305587 305192
340224 317191 303818 321742
322857 320675 318001 307832
315088 333020 311933 295938
326502 319058 317694 306753
354914 310176 338223 302754
358113 336721 327059 284435
333232 329662 319372 285059
339490 320651 327424 299822
340065 334333 297052 322002
317136 312153 306990 309554
318281 330861 319888 308867
347837 343414 298517 294778
338509 324782 301024 293035
326202 329519 308507 309154
340224 317191 303818 321742
329961 305831 316777 304848
313791 337304 306946 301515
337932 334198 303989 303648
337932 334198 303989 303648
337811 310478 313556 322549
339490 320651 327424 299822
322857 320675 318001 307832
337811 310478 313556 322549
333302 309689 310531 327327
317136 312153 306990 309554
340065 334333 297052 322002
331357 310618 299850 323417
329318 310728 307547 322928
326502 319058 317694 306753
346916 311724 337754 300890
342129 311561 313491 308480
333232 329662 319372 285059
329318 310728 307547 322928
313791 337304 306946 301515
331357 310618 299850 323417
361706 306014 326729 320681
350047 318869 286528 315639
347430 328380 321195 291306
338232 317351 306668 338503
324450 324579 344384 304863
320069 347660 323828 318284
311742 322790 332309 335853
346464 334461 293612 302464
334077 319967 337515 306810
340803 336109 341926 294974
358579 312201 316866 320167
330682 320599 310756 331965
349486 334144 298548 327308
347430 328380 321195 291306
321421 320742 341046 315022
335431 314676 318195 336565
342443 344852 300420 318066
351969 342201 301435 301839
315463 330846 320719 329251
355632 331309 289933 308426
332593 311827 325800 327728
338115 338970 305911 299078
342875 345923 300156 321421
317459 330711 330426 309587
313561 340272 318011 320360
322473 327313 314215 303087
318816 337554 304298 322888
361706 306014 326729 320681
341219 310024 321812 313867
356416 313966 314261 315496
351775 324622 322279 298382
330170 307087 327362 320015
333759 320644 306672 325158
332454 311684 319786 330877
324047 340410 304090 316980
327826 333667 317970 297588
353860 328275 299191 314102
344195 342598 305530 297490
330169 321302 307461 328991
355632 331309 289933 308426
326818 312824 326470 313511
329083 323870 313065 310495
340922 321440 331335 304175
320069 347660 323828 318284
344580 318719 299984 307960
335987 315013 319348 305291
355269 316192 299118 310996
331439 315951 320586 325712
349954 306926 321001 318794
335611 317015 316259 311698
318816 337554 304298 322888
334266 337015 300193 318301
331812 323623 309920 307662
324550 328466 305095 326962
337107 329008 315528 299058
327971 339482 314453 296758
317176 330739 310083 319792
320156 326474 329007 313839
328108 341208 307557 315217
352882 332650 301700 297071
334168 347126 310481 302198
339901 336549 312460 297415
330350 329846 313885 303883
326619 318285 315687 322591
335986 325096 309120 319491
340970 342307 328121 296566
337440 326017 313982 298785
324968 321323 311876 314033
324276 326627 312117 306337
340203 331309 301039 316270
342197 317577 311728 313201
340803 336109 341926 294974
344004 328782 305721 305216
323486 323572 319231 326120
337668 332402 305887 312437
320265 326269 315627 298482
335786 310102 322207 314834
342498 332301 310030 304075
323486 323572 319231 326120
335812 331121 306780 310112
326619 318285 315687 322591
335592 347200 302247 314720
345743 324144 315869 304268
328379 330568 303150 316121
349486 334144 298548 327308
321762 319360 320436 311969
330921 328155 305400 321226
323906 330978 306194 331030
352882 332650 301700 297071
321762 319360 320436 311969
330233 317443 317645 312085
342197 317577 311728 313201
345743 324144 315869 304268
328108 341208 307557 315217
324001 336347 312500 307834
335986 325096 309120 319491
328379 330568 303150 316121
323695 339298 309155 304444
334142 313297 327327 310599
340970 342307 328121 296566
336885 313522 310062 316091
336885 313522 310062 316091
330350 329846 313885 303883
330921 328155 305400 321226
355269 316192 299118 310996
328607 331207 313929 305967
323695 339298 309155 304444
328607 331207 313929 305967
332454 311684 319786 330877
340777 332609 317205 297420
341219 310024 321812 313867
335592 347200 302247 314720
323906 330978 306194 331030
334142 313297 327327 310599
335786 310102 322207 314834
340777 332609 317205 297420
339901 336549 312460 297415
370862 336280 310986 307819
354397 346484 295558 324004
352059 343746 333524 297391
351804 310478 321944 324841
348161 333985 300646 338861
340952 315533 335876 323874
334752 369731 308912 315918
318129 331794 329383 323539
348975 360199 311425 304317
359695 316855 306715 331842
321193 357315 325476 309220
355436 338178 296271 310994
334752 369731 308912 315918
331091 333566 311538 332776
335452 343397 300561 337291
332792 337450 309713 321523
318480 347917 321529 324025
335452 343397 300561 337291
338733 325718 316920 327103
321456 338589 332239 301459
324654 324376 324006 314575
351804 310478 321944 324841
329323 351623 311008 318230
344426 334430 307025 317619
338039 315557 329909 323849
327039 344559 311101 322969
336516 345243 305675 319594
355877 326009 319788 306478
322635 349281 319121 315219
325598 330754 316652 302189
333279 313610 334126 323885
341929 319244 324106 320912
347813 326712 302830 331832
324044 333569 319387 316336
346978 321186 313212 331446
327856 321825 321113 313880
345912 339238 307833 313449
346817 313553 324947 320636
346677 320647 313877 330393
344249 342217 307203 314899
352790 332639 303756 318980
338119 330681 335261 298488
342724 328940 305921 323124
339822 320407 322908 320680
339839 324652 317595 318131
322678 345071 327385 310600
357261 319558 328340 307966
331309 325719 315083 331089
329742 348929 318128 299934
352444 330116 314354 308532
353418 326288 306267 332585
339641 338263 301840 329463
359695 316855 306715 331842
350724 319916 310853 324785
345731 326835 301729 328082
350257 325829 318275 312273
353313 317380 320740 315866
341459 326391 311317 309793
329323 351623 311008 318230
339273 320777 332633 315767
337491 327645 314946 312843
334696 329712 316129 303100
331238 331008 312818 329578
333638 340552 333575 300569
343943 344314 308327 311665
346831 322407 308156 318143
345731 326835 301729 328082
323144 329095 328186 323991
337464 333799 309021 317785
343466 334362 308982 318304
335694 329377 329036 303708
321737 349178 321496 313648
356997 322225 304304 315730
344031 336137 312076 308017
328187 334056 314215 304990
334696 329712 316129 303100
346350 318267 326574 310453
356730 325370 318604 305924
333638 340552 333575 300569
346070 329039 317956 300983
346350 318267 326574 310453
356730 325370 318604 305924
338119 330681 335261 298488
337974 344293 310284 308015
329742 348929 318128 299934
344135 332293 312197 306272
349296 332206 305305 308322
336314 342599 303649 323444
338258 326916 326193 302224
346817 313553 324947 320636
335250 322313 319151 331078
353224 315087 333622 307959
334739 327924 309923 309172
352059 343746 333524 297391
351029 331203 309498 311944
349296 332206 305305 308322
328187 334056 314215 304990
338258 326916 326193 302224
318129 331794 329383 323539
335694 329377 329036 303708
336314 342599 303649 323444
351029 331203 309498 311944
353174 326092 311930 312957
356997 322225 304304 315730
323049 333143 319371 320881
353174 326092 311930 312957
323049 333143 319371 320881
334739 327924 309923 309172
357261 319558 328340 307966
339641 338263 301840 329463
353224 315087 333622 307959
373171 316898 337206 317633
361014 343332 299852 329687
341494 369427 314734 309462
337713 330419 320075 304742
335900 315848 339389 339324
335900 315848 339389 339324
329226 326992 324916 339676
325904 325292 327129 329267
348951 322714 332625 313990
364710 341228 309139 323409
355998 330988 305036 333196
337287 353962 317159 313745
354382 335441 304344 326652
361014 343332 299852 329687
342874 348913 307347 331252
350598 328792 323287 312841
362635 350100 316175 307546
344975 329926 327601 308211
339396 324622 339275 321769
333908 331992 312999 337635
334784 340809 315366 326916
343107 336161 307620 334821
344058 351748 312025 313533
339307 333193 318111 315905
329157 326327 326554 319936
326484 343432 335079 308950
334255 327487 322344 321630
347111 335387 311123 325234
326506 336251 336115 310489
327612 333948 317306 305612
341442 338678 314315 319728
350205 330726 309521 331794
337524 329102 315507 337168
337804 327474 321173 326128
339141 328414 314191 338029
342957 325121 319320 318833
331183 331225 325637 308340
349905 323263 319597 330759
345283 337148 307947 326788
341041 328450 319328 328855
345386 349997 316696 313646
337239 333480 336992 305557
340699 332484 315901 331530
348446 322887 319725 325864
349540 333500 311196 324688
326484 343432 335079 308950
339376 328656 318279 323483
343432 329710 311762 325000
330693 335097 317272 324788
326269 334913 326847 331385
337287 353962 317159 313745
326506 336251 336115 310489
331183 331225 325637 308340
327612 333948 317306 305612
348744 328339 317010 313031
348744 328339 317010 313031
373542 328268 329858 323117
355622 338100 308960 329401
346287 325818 321061 337245
345116 334484 330411 305141
342676 343645 315722 342270
331579 335157 334532 317459
328469 354384 321622 317853
344436 351943 311929 333411
328710 347050 332864 309695
342894 343510 316691 322174
361778 334854 320762 309363
354169 353833 320348 306264
349079 330021 312851 337162
332218 337135 333778 315305
336255 339937 320599 307357
351308 335588 315492 335340
337431 330847 325286 329514
348091 332658 323657 327796
333879 333724 328082 322858
337857 333289 328613 317170
356404 327255 322389 331756
344264 333942 320708 319841
354822 343591 314569 325723
361052 333215 324855 310533
336090 334565 323972 307729
355845 336029 314845 329931
330380 337661 320411 311994
358357 327003 322506 328380
331408 335753 324851 325846
358093 326849 334277 317417
354682 353957 316163 315985
346589 333332 321915 328628
330380 337661 320411 311994
364501 337505 323946 313671
350789 341816 335489 307346
348646 332537 335392 331182
346158 338285 322785 341077
340683 357775 320789 310270
339060 362736 322154 309814
336216 335659 338943 321241
333601 335505 334977 329889
361837 332895 332967 333563
351936 333460 336782 323371
342002 339660 327320 328676
343390 334022 331008 320681
350672 334496 325605 339175
339644 334221 337437 319716
338369 340223 323276 336406
340044 341087 323578 308933
373886 346002 324533 334665
358428 336003 342616 328747
344403 342106 334261 319423
341379 358846 321955 322382
340847 347842 326260 331705
353503 341318 327061 320194
345232 341943 333832 323925
