7 0.760561
1.68775e+06 1.63737e+06 1.57194e+06 1.61508e+06
1.6638e+06 1.5823e+06 1.55951e+06 1.69416e+06
1.65768e+06 1.51599e+06 1.64899e+06 1.62336e+06
1.64835e+06 1.57889e+06 1.61929e+06 1.56054e+06
1.62302e+06 1.54151e+06 1.66077e+06 1.59432e+06
1.6021e+06 1.59286e+06 1.5446e+06 1.64555e+06
1.58374e+06 1.64484e+06 1.58239e+06 1.61751e+06
1.56209e+06 1.61103e+06 1.62237e+06 1.62054e+06
1.65429e+06 1.6287e+06 1.55466e+06 1.6225e+06
1.66717e+06 1.5501e+06 1.61222e+06 1.61992e+06
1.59522e+06 1.56538e+06 1.63897e+06 1.62431e+06
1.67101e+06 1.56729e+06 1.5842e+06 1.6043e+06
1.6241e+06 1.54241e+06 1.64938e+06 1.61302e+06
1.60296e+06 1.5594e+06 1.62253e+06 1.66146e+06
1.5965e+06 1.56791e+06 1.59261e+06 1.67824e+06
1.61108e+06 1.527e+06 1.63187e+06 1.62426e+06
1.59009e+06 1.55755e+06 1.63648e+06 1.6329e+06
1.61218e+06 1.55144e+06 1.57675e+06 1.66612e+06
1.59717e+06 1.56898e+06 1.5964e+06 1.57082e+06
1.62347e+06 1.60845e+06 1.55255e+06 1.63847e+06
1.57147e+06 1.56311e+06 1.61665e+06 1.63019e+06
1.65092e+06 1.56033e+06 1.58741e+06 1.64975e+06
1.56961e+06 1.59708e+06 1.61354e+06 1.57565e+06
1.59016e+06 1.61557e+06 1.60131e+06 1.61025e+06
1.68231e+06 1.56935e+06 1.58902e+06 1.5848e+06
1.65696e+06 1.56219e+06 1.61504e+06 1.59926e+06
1.59016e+06 1.61557e+06 1.60131e+06 1.61025e+06
1.68231e+06 1.56935e+06 1.58902e+06 1.5848e+06
1.61611e+06 1.52855e+06 1.60664e+06 1.6421e+06
1.60592e+06 1.56708e+06 1.62612e+06 1.60018e+06
1.58603e+06 1.53698e+06 1.60826e+06 1.67466e+06
1.65768e+06 1.51599e+06 1.64899e+06 1.62336e+06
1.56209e+06 1.61103e+06 1.62237e+06 1.62054e+06
1.65996e+06 1.58048e+06 1.58188e+06 1.63438e+06
1.60782e+06 1.57504e+06 1.56115e+06 1.64098e+06
1.62954e+06 1.58355e+06 1.57511e+06 1.57721e+06
1.61306e+06 1.56832e+06 1.61957e+06 1.62883e+06
1.65728e+06 1.57038e+06 1.59508e+06 1.60979e+06
1.58171e+06 1.58138e+06 1.60167e+06 1.63946e+06
1.57983e+06 1.58502e+06 1.6372e+06 1.59162e+06
1.61841e+06 1.55594e+06 1.59045e+06 1.64921e+06
1.64023e+06 1.59094e+06 1.57925e+06 1.57604e+06
1.57983e+06 1.58502e+06 1.6372e+06 1.59162e+06
1.59376e+06 1.61294e+06 1.55519e+06 1.6439e+06
1.58563e+06 1.58675e+06 1.61318e+06 1.59173e+06
1.61611e+06 1.52855e+06 1.60664e+06 1.6421e+06
1.58038e+06 1.60217e+06 1.57363e+06 1.67015e+06
1.60911e+06 1.60018e+06 1.58855e+06 1.56506e+06
1.5821e+06 1.56599e+06 1.62954e+06 1.60588e+06
1.64731e+06 1.56601e+06 1.60741e+06 1.58484e+06
1.62187e+06 1.59164e+06 1.57861e+06 1.60332e+06
1.58038e+06 1.60217e+06 1.57363e+06 1.67015e+06
1.58257e+06 1.59369e+06 1.60754e+06 1.62058e+06
1.64731e+06 1.56601e+06 1.60741e+06 1.58484e+06
1.6362e+06 1.55621e+06 1.61857e+06 1.61228e+06
1.6362e+06 1.55621e+06 1.61857e+06 1.61228e+06
1.64015e+06 1.56306e+06 1.61562e+06 1.64182e+06
1.60911e+06 1.60018e+06 1.58855e+06 1.56506e+06
1.59717e+06 1.56898e+06 1.5964e+06 1.57082e+06
1.63017e+06 1.59336e+06 1.6085e+06 1.5608e+06
1.58049e+06 1.6054e+06 1.59302e+06 1.61642e+06
1.59376e+06 1.61294e+06 1.55519e+06 1.6439e+06
1.58603e+06 1.53698e+06 1.60826e+06 1.67466e+06
1.56864e+06 1.58926e+06 1.57578e+06 1.62918e+06
1.59672e+06 1.57677e+06 1.60908e+06 1.62895e+06
1.65166e+06 1.53876e+06 1.5808e+06 1.64753e+06
1.62184e+06 1.56577e+06 1.59535e+06 1.61372e+06
1.62347e+06 1.60845e+06 1.55255e+06 1.63847e+06
1.58408e+06 1.58231e+06 1.63069e+06 1.60548e+06
1.58134e+06 1.57522e+06 1.58995e+06 1.64581e+06
1.60552e+06 1.57758e+06 1.58693e+06 1.64386e+06
1.60313e+06 1.59792e+06 1.5751e+06 1.63608e+06
1.62658e+06 1.5858e+06 1.61694e+06 1.56215e+06
1.61841e+06 1.55594e+06 1.59045e+06 1.64921e+06
1.65092e+06 1.56033e+06 1.58741e+06 1.64975e+06
1.61422e+06 1.53988e+06 1.62739e+06 1.62331e+06
1.60782e+06 1.57504e+06 1.56115e+06 1.64098e+06
1.6101e+06 1.57274e+06 1.5753e+06 1.66331e+06
1.58049e+06 1.6054e+06 1.59302e+06 1.61642e+06
1.61422e+06 1.53988e+06 1.62739e+06 1.62331e+06
1.65166e+06 1.53876e+06 1.5808e+06 1.64753e+06
1.5965e+06 1.56791e+06 1.59261e+06 1.67824e+06
1.62658e+06 1.5858e+06 1.61694e+06 1.56215e+06
1.60782e+06 1.57504e+06 1.56115e+06 1.64098e+06
1.56864e+06 1.58926e+06 1.57578e+06 1.62918e+06
1.58603e+06 1.53698e+06 1.60826e+06 1.67466e+06
1.56864e+06 1.58926e+06 1.57578e+06 1.62918e+06
1.64023e+06 1.59094e+06 1.57925e+06 1.57604e+06
1.60384e+06 1.58428e+06 1.58397e+06 1.61725e+06
1.60384e+06 1.58428e+06 1.58397e+06 1.61725e+06
1.60313e+06 1.59792e+06 1.5751e+06 1.63608e+06
1.61108e+06 1.527e+06 1.63187e+06 1.62426e+06
1.62462e+06 1.57621e+06 1.57792e+06 1.63494e+06
1.6101e+06 1.57274e+06 1.5753e+06 1.66331e+06
1.57147e+06 1.56311e+06 1.61665e+06 1.63019e+06
1.60583e+06 1.5654e+06 1.63155e+06 1.61383e+06
1.6101e+06 1.57274e+06 1.5753e+06 1.66331e+06
1.60552e+06 1.57758e+06 1.58693e+06 1.64386e+06
1.63017e+06 1.59336e+06 1.6085e+06 1.5608e+06
1.62462e+06 1.57621e+06 1.57792e+06 1.63494e+06
1.65292e+06 1.58093e+06 1.58698e+06 1.62396e+06
1.62658e+06 1.5858e+06 1.61694e+06 1.56215e+06
1.6241e+06 1.54241e+06 1.64938e+06 1.61302e+06
1.62954e+06 1.58355e+06 1.57511e+06 1.57721e+06
1.65292e+06 1.58093e+06 1.58698e+06 1.62396e+06
1.6297e+06 1.55656e+06 1.63084e+06 1.62002e+06
1.6297e+06 1.55656e+06 1.63084e+06 1.62002e+06
1.62462e+06 1.57621e+06 1.57792e+06 1.63494e+06
1.59376e+06 1.61294e+06 1.55519e+06 1.6439e+06
1.69109e+06 1.60625e+06 1.61378e+06 1.58213e+06
1.64138e+06 1.54958e+06 1.65426e+06 1.62558e+06
1.63535e+06 1.64113e+06 1.59037e+06 1.59099e+06
1.62075e+06 1.65537e+06 1.59099e+06 1.65169e+06
1.6116e+06 1.59389e+06 1.60735e+06 1.67631e+06
1.58503e+06 1.59554e+06 1.65606e+06 1.61298e+06
1.57896e+06 1.59772e+06 1.62423e+06 1.60535e+06
1.67501e+06 1.55945e+06 1.65052e+06 1.67283e+06
1.67871e+06 1.55888e+06 1.61518e+06 1.63992e+06
1.64719e+06 1.5733e+06 1.61018e+06 1.5955e+06
1.58524e+06 1.5815e+06 1.64406e+06 1.62974e+06
1.59156e+06 1.57579e+06 1.61668e+06 1.65995e+06
1.61139e+06 1.62978e+06 1.60004e+06 1.5866e+06
1.60608e+06 1.56864e+06 1.65146e+06 1.60997e+06
1.58214e+06 1.58892e+06 1.61786e+06 1.64852e+06
1.618e+06 1.61858e+06 1.62678e+06 1.59512e+06
1.63897e+06 1.61132e+06 1.59747e+06 1.61771e+06
1.62795e+06 1.60404e+06 1.62532e+06 1.59751e+06
1.63981e+06 1.56357e+06 1.6058e+06 1.66395e+06
1.589e+06 1.59136e+06 1.63653e+06 1.60811e+06
1.61724e+06 1.58256e+06 1.63525e+06 1.60899e+06
1.61471e+06 1.62097e+06 1.61406e+06 1.61279e+06
1.6215e+06 1.57927e+06 1.61089e+06 1.62298e+06
1.61048e+06 1.59731e+06 1.60442e+06 1.61367e+06
1.61655e+06 1.59826e+06 1.60167e+06 1.61781e+06
1.62327e+06 1.5935e+06 1.60899e+06 1.62805e+06
1.63742e+06 1.58817e+06 1.60687e+06 1.62799e+06
1.63592e+06 1.59919e+06 1.61259e+06 1.61358e+06
1.6913e+06 1.56262e+06 1.69552e+06 1.64592e+06
1.68502e+06 1.6513e+06 1.6101e+06 1.61645e+06
1.66722e+06 1.64104e+06 1.60395e+06 1.62436e+06
1.61218e+06 1.64837e+06 1.64051e+06 1.61142e+06
1.59769e+06 1.6122e+06 1.66246e+06 1.68104e+06
1.59536e+06 1.6293e+06 1.62461e+06 1.66782e+06
1.60501e+06 1.61576e+06 1.65709e+06 1.62299e+06
1.66065e+06 1.57509e+06 1.65816e+06 1.6265e+06
1.60588e+06 1.62236e+06 1.63124e+06 1.65631e+06
1.6437e+06 1.58822e+06 1.6168e+06 1.64567e+06
1.63964e+06 1.59794e+06 1.61221e+06 1.63724e+06
1.65591e+06 1.60113e+06 1.636e+06 1.61178e+06
1.62458e+06 1.5852e+06 1.6192e+06 1.65447e+06
1.6347e+06 1.61378e+06 1.60638e+06 1.6283e+06
1.61558e+06 1.6313e+06 1.6084e+06 1.62622e+06
1.62566e+06 1.58536e+06 1.63106e+06 1.63042e+06
1.65014e+06 1.59427e+06 1.60702e+06 1.63525e+06
1.61845e+06 1.60543e+06 1.61968e+06 1.63279e+06
1.61903e+06 1.60892e+06 1.62686e+06 1.63201e+06
1.60896e+06 1.60659e+06 1.62793e+06 1.62558e+06
1.6237e+06 1.59559e+06 1.62945e+06 1.62506e+06
1.68779e+06 1.60599e+06 1.6053e+06 1.63554e+06
1.6246e+06 1.59144e+06 1.62991e+06 1.63504e+06
1.66397e+06 1.60565e+06 1.61048e+06 1.65638e+06
1.64446e+06 1.61442e+06 1.6256e+06 1.63322e+06
1.63962e+06 1.61967e+06 1.60849e+06 1.64433e+06
1.6388e+06 1.59193e+06 1.63036e+06 1.65599e+06
1.63735e+06 1.64577e+06 1.62134e+06 1.6622e+06
1.61318e+06 1.60963e+06 1.65274e+06 1.66847e+06
1.61237e+06 1.64462e+06 1.66344e+06 1.65825e+06
1.64748e+06 1.60289e+06 1.63395e+06 1.63718e+06
1.61831e+06 1.62719e+06 1.63248e+06 1.64283e+06
1.62867e+06 1.60344e+06 1.63336e+06 1.65392e+06
1.64078e+06 1.60433e+06 1.65876e+06 1.64697e+06
1.63243e+06 1.6173e+06 1.62722e+06 1.63946e+06
1.63433e+06 1.6058e+06 1.65784e+06 1.64339e+06
1.66207e+06 1.60683e+06 1.65576e+06 1.64885e+06
1.65224e+06 1.62112e+06 1.64277e+06 1.6356e+06
1.64924e+06 1.62967e+06 1.6314e+06 1.66031e+06
1.64381e+06 1.61693e+06 1.63082e+06 1.6787e+06
1.63782e+06 1.61106e+06 1.65876e+06 1.67523e+06
1.63912e+06 1.62441e+06 1.64585e+06 1.65532e+06
1.66022e+06 1.60895e+06 1.63413e+06 1.6426e+06
1.66684e+06 1.56908e+06 1.54898e+06 1.65398e+06
1.66684e+06 1.56908e+06 1.54898e+06 1.65398e+06
1.6404e+06 1.62713e+06 1.6539e+06 1.56245e+06
1.63356e+06 1.52141e+06 1.64396e+06 1.63078e+06
1.6065e+06 1.56602e+06 1.61169e+06 1.66774e+06
1.58016e+06 1.63637e+06 1.61185e+06 1.59946e+06
1.55564e+06 1.57383e+06 1.67019e+06 1.63334e+06
1.55545e+06 1.61548e+06 1.59519e+06 1.62838e+06
1.57148e+06 1.61642e+06 1.59163e+06 1.65595e+06
1.6481e+06 1.53181e+06 1.6146e+06 1.6066e+06
1.56289e+06 1.63096e+06 1.58226e+06 1.62138e+06
1.65436e+06 1.53789e+06 1.56216e+06 1.59403e+06
1.641e+06 1.55734e+06 1.63968e+06 1.58935e+06
1.63025e+06 1.53596e+06 1.65764e+06 1.64468e+06
1.57768e+06 1.56901e+06 1.63737e+06 1.65724e+06
1.60439e+06 1.58277e+06 1.59914e+06 1.66411e+06
1.59698e+06 1.55568e+06 1.63615e+06 1.63984e+06
1.64023e+06 1.57805e+06 1.57814e+06 1.59372e+06
1.5668e+06 1.60663e+06 1.63663e+06 1.62618e+06
1.55564e+06 1.57383e+06 1.67019e+06 1.63334e+06
1.57992e+06 1.61144e+06 1.60232e+06 1.62111e+06
1.62176e+06 1.57672e+06 1.58796e+06 1.59591e+06
1.6559e+06 1.61334e+06 1.5968e+06 1.57623e+06
1.61473e+06 1.57134e+06 1.61464e+06 1.60376e+06
1.63292e+06 1.56902e+06 1.60852e+06 1.57099e+06
1.63356e+06 1.52141e+06 1.64396e+06 1.63078e+06
1.5894e+06 1.60258e+06 1.58913e+06 1.59944e+06
1.65407e+06 1.53162e+06 1.62828e+06 1.61526e+06
1.59256e+06 1.58032e+06 1.62729e+06 1.64392e+06
1.6358e+06 1.55099e+06 1.58292e+06 1.62449e+06
1.62203e+06 1.58021e+06 1.57102e+06 1.62236e+06
1.6186e+06 1.61273e+06 1.55741e+06 1.61308e+06
1.60137e+06 1.59733e+06 1.6489e+06 1.58553e+06
1.57297e+06 1.58966e+06 1.61464e+06 1.61682e+06
1.58568e+06 1.63423e+06 1.60744e+06 1.61977e+06
1.59944e+06 1.5828e+06 1.58132e+06 1.59489e+06
1.58618e+06 1.60462e+06 1.5902e+06 1.6322e+06
1.55928e+06 1.60044e+06 1.63115e+06 1.64625e+06
1.60621e+06 1.56465e+06 1.61859e+06 1.63414e+06
1.58275e+06 1.57309e+06 1.64475e+06 1.62238e+06
1.6191e+06 1.57833e+06 1.56591e+06 1.65955e+06
1.62489e+06 1.60566e+06 1.59488e+06 1.58392e+06
1.60046e+06 1.56026e+06 1.6185e+06 1.65439e+06
1.58247e+06 1.60636e+06 1.62322e+06 1.56868e+06
1.61589e+06 1.58642e+06 1.65176e+06 1.59139e+06
1.59813e+06 1.59132e+06 1.57632e+06 1.6271e+06
1.62426e+06 1.59335e+06 1.61969e+06 1.592e+06
1.5846e+06 1.5851e+06 1.6512e+06 1.60708e+06
1.59321e+06 1.58652e+06 1.60035e+06 1.6104e+06
1.60347e+06 1.58206e+06 1.61792e+06 1.60322e+06
1.61939e+06 1.61346e+06 1.55115e+06 1.61717e+06
1.63456e+06 1.54801e+06 1.58654e+06 1.63689e+06
1.61178e+06 1.56911e+06 1.60163e+06 1.60527e+06
1.65407e+06 1.53162e+06 1.62828e+06 1.61526e+06
1.63025e+06 1.53596e+06 1.65764e+06 1.64468e+06
1.6123e+06 1.54347e+06 1.63042e+06 1.61338e+06
1.60301e+06 1.56607e+06 1.60698e+06 1.62312e+06
1.6186e+06 1.61273e+06 1.55741e+06 1.61308e+06
1.55928e+06 1.60044e+06 1.63115e+06 1.64625e+06
1.63456e+06 1.54801e+06 1.58654e+06 1.63689e+06
1.56688e+06 1.58787e+06 1.60726e+06 1.64516e+06
1.6559e+06 1.61334e+06 1.5968e+06 1.57623e+06
1.63142e+06 1.57614e+06 1.62685e+06 1.56473e+06
1.62606e+06 1.54746e+06 1.59843e+06 1.61503e+06
1.6228e+06 1.56858e+06 1.57685e+06 1.61547e+06
1.59103e+06 1.60457e+06 1.63312e+06 1.58988e+06
1.58899e+06 1.59958e+06 1.63316e+06 1.58058e+06
1.62524e+06 1.55513e+06 1.61025e+06 1.62304e+06
1.59692e+06 1.59455e+06 1.59962e+06 1.61484e+06
1.64299e+06 1.53669e+06 1.60016e+06 1.62749e+06
1.6559e+06 1.61334e+06 1.5968e+06 1.57623e+06
1.60992e+06 1.56276e+06 1.63454e+06 1.60245e+06
1.59425e+06 1.61575e+06 1.57692e+06 1.62161e+06
1.58552e+06 1.58536e+06 1.62328e+06 1.6591e+06
1.63142e+06 1.57614e+06 1.62685e+06 1.56473e+06
1.58521e+06 1.55299e+06 1.64236e+06 1.59473e+06
1.64278e+06 1.56188e+06 1.63362e+06 1.60099e+06
1.58395e+06 1.59288e+06 1.62266e+06 1.61439e+06
1.6029e+06 1.55321e+06 1.61876e+06 1.65021e+06
1.58899e+06 1.59958e+06 1.63316e+06 1.58058e+06
1.61296e+06 1.60453e+06 1.57458e+06 1.60153e+06
1.6418e+06 1.57417e+06 1.56716e+06 1.58257e+06
1.61392e+06 1.58023e+06 1.56485e+06 1.61829e+06
1.6127e+06 1.60179e+06 1.57432e+06 1.62304e+06
1.63249e+06 1.54506e+06 1.61428e+06 1.6251e+06
1.6015e+06 1.5691e+06 1.62823e+06 1.60896e+06
1.61939e+06 1.61346e+06 1.55115e+06 1.61717e+06
1.60137e+06 1.59733e+06 1.6489e+06 1.58553e+06
1.6029e+06 1.55321e+06 1.61876e+06 1.65021e+06
1.5805e+06 1.58981e+06 1.64099e+06 1.60572e+06
1.61358e+06 1.57484e+06 1.62192e+06 1.59154e+06
1.63356e+06 1.52141e+06 1.64396e+06 1.63078e+06
1.57148e+06 1.61642e+06 1.59163e+06 1.65595e+06
1.6358e+06 1.55099e+06 1.58292e+06 1.62449e+06
1.60276e+06 1.57502e+06 1.60347e+06 1.61847e+06
1.63025e+06 1.53596e+06 1.65764e+06 1.64468e+06
1.6418e+06 1.57417e+06 1.56716e+06 1.58257e+06
1.55564e+06 1.57383e+06 1.67019e+06 1.63334e+06
1.61893e+06 1.59676e+06 1.59965e+06 1.56966e+06
1.60992e+06 1.56276e+06 1.63454e+06 1.60245e+06
1.64295e+06 1.58568e+06 1.56619e+06 1.59984e+06
1.60276e+06 1.57502e+06 1.60347e+06 1.61847e+06
1.6123e+06 1.54347e+06 1.63042e+06 1.61338e+06
1.63249e+06 1.54506e+06 1.61428e+06 1.6251e+06
1.62606e+06 1.54746e+06 1.59843e+06 1.61503e+06
1.5805e+06 1.58981e+06 1.64099e+06 1.60572e+06
1.56688e+06 1.58787e+06 1.60726e+06 1.64516e+06
1.61893e+06 1.59676e+06 1.59965e+06 1.56966e+06
1.64299e+06 1.53669e+06 1.60016e+06 1.62749e+06
1.6358e+06 1.55099e+06 1.58292e+06 1.62449e+06
1.60992e+06 1.56276e+06 1.63454e+06 1.60245e+06
1.65407e+06 1.53162e+06 1.62828e+06 1.61526e+06
1.5805e+06 1.58981e+06 1.64099e+06 1.60572e+06
1.67427e+06 1.57477e+06 1.61527e+06 1.6013e+06
1.63681e+06 1.55168e+06 1.63953e+06 1.66718e+06
1.62872e+06 1.57416e+06 1.58457e+06 1.69234e+06
1.62338e+06 1.64527e+06 1.58787e+06 1.62431e+06
1.62327e+06 1.62576e+06 1.57578e+06 1.62942e+06
1.61675e+06 1.6146e+06 1.63042e+06 1.58428e+06
1.59422e+06 1.585e+06 1.6491e+06 1.61204e+06
1.6583e+06 1.57319e+06 1.63519e+06 1.61928e+06
1.61408e+06 1.64022e+06 1.63979e+06 1.58921e+06
1.62505e+06 1.56892e+06 1.59334e+06 1.64671e+06
1.66132e+06 1.57799e+06 1.58367e+06 1.65622e+06
1.63352e+06 1.61328e+06 1.61961e+06 1.59498e+06
1.62872e+06 1.57416e+06 1.58457e+06 1.69234e+06
1.60454e+06 1.60218e+06 1.58714e+06 1.66427e+06
1.61619e+06 1.59446e+06 1.58671e+06 1.65341e+06
1.59785e+06 1.60525e+06 1.61369e+06 1.62376e+06
1.63067e+06 1.59014e+06 1.58379e+06 1.63536e+06
1.631e+06 1.57847e+06 1.61115e+06 1.6223e+06
1.59776e+06 1.60455e+06 1.6239e+06 1.64719e+06
1.60588e+06 1.57624e+06 1.62549e+06 1.65377e+06
1.62449e+06 1.5786e+06 1.58761e+06 1.64129e+06
1.61018e+06 1.58518e+06 1.58768e+06 1.6495e+06
1.60881e+06 1.58366e+06 1.60293e+06 1.62102e+06
1.60039e+06 1.58851e+06 1.59108e+06 1.62996e+06
1.60832e+06 1.59253e+06 1.60445e+06 1.59534e+06
1.60832e+06 1.59253e+06 1.60445e+06 1.59534e+06
1.62436e+06 1.58362e+06 1.591e+06 1.62157e+06
1.60484e+06 1.58474e+06 1.63828e+06 1.65524e+06
1.60039e+06 1.58851e+06 1.59108e+06 1.62996e+06
1.60881e+06 1.58366e+06 1.60293e+06 1.62102e+06
1.70982e+06 1.63925e+06 1.63532e+06 1.5966e+06
1.63722e+06 1.57462e+06 1.5974e+06 1.6965e+06
1.63506e+06 1.63062e+06 1.57894e+06 1.6327e+06
1.62808e+06 1.58024e+06 1.66056e+06 1.65627e+06
1.61166e+06 1.63928e+06 1.61093e+06 1.62306e+06
1.60302e+06 1.62557e+06 1.61854e+06 1.64326e+06
1.6517e+06 1.57767e+06 1.59447e+06 1.66083e+06
1.67238e+06 1.62009e+06 1.60249e+06 1.65411e+06
1.69324e+06 1.59623e+06 1.63385e+06 1.62412e+06
1.62846e+06 1.60143e+06 1.60625e+06 1.60766e+06
1.61135e+06 1.61501e+06 1.64621e+06 1.61019e+06
1.61211e+06 1.5888e+06 1.64497e+06 1.6568e+06
1.61051e+06 1.61552e+06 1.64897e+06 1.62058e+06
1.6307e+06 1.59735e+06 1.62603e+06 1.62936e+06
1.66228e+06 1.59017e+06 1.61243e+06 1.66001e+06
1.62191e+06 1.59593e+06 1.63562e+06 1.6315e+06
1.66786e+06 1.59277e+06 1.60858e+06 1.63892e+06
1.60336e+06 1.62357e+06 1.65415e+06 1.65701e+06
1.60635e+06 1.63219e+06 1.60676e+06 1.63109e+06
1.6359e+06 1.6006e+06 1.59948e+06 1.65896e+06
1.6261e+06 1.59784e+06 1.60916e+06 1.66047e+06
1.64456e+06 1.62526e+06 1.61462e+06 1.69526e+06
1.64378e+06 1.65944e+06 1.61572e+06 1.63236e+06
1.63206e+06 1.63005e+06 1.64354e+06 1.61315e+06
1.62921e+06 1.60224e+06 1.67011e+06 1.64518e+06
1.62748e+06 1.63615e+06 1.61306e+06 1.64699e+06
1.61725e+06 1.59408e+06 1.65827e+06 1.67317e+06
1.60944e+06 1.62944e+06 1.63844e+06 1.65768e+06
1.63382e+06 1.61598e+06 1.64673e+06 1.61699e+06
1.64209e+06 1.60668e+06 1.62215e+06 1.68527e+06
1.62981e+06 1.62671e+06 1.629e+06 1.6389e+06
1.63207e+06 1.60697e+06 1.61913e+06 1.61932e+06
1.62894e+06 1.63159e+06 1.62055e+06 1.62523e+06
1.6466e+06 1.61123e+06 1.64459e+06 1.63672e+06
1.64493e+06 1.63502e+06 1.62553e+06 1.6419e+06
1.6343e+06 1.61388e+06 1.67942e+06 1.62775e+06
1.65576e+06 1.63512e+06 1.63554e+06 1.65224e+06
1.67533e+06 1.57116e+06 1.57302e+06 1.63925e+06
1.66595e+06 1.56558e+06 1.54966e+06 1.63978e+06
1.64861e+06 1.64515e+06 1.57734e+06 1.57099e+06
1.64471e+06 1.61536e+06 1.64017e+06 1.56496e+06
1.63062e+06 1.56258e+06 1.68057e+06 1.58872e+06
1.61215e+06 1.5222e+06 1.63406e+06 1.635e+06
1.58838e+06 1.58012e+06 1.60118e+06 1.68783e+06
1.55908e+06 1.59686e+06 1.65521e+06 1.63028e+06
1.59164e+06 1.53587e+06 1.62032e+06 1.67146e+06
1.62017e+06 1.64046e+06 1.56542e+06 1.62496e+06
1.6068e+06 1.56958e+06 1.6731e+06 1.59368e+06
1.58838e+06 1.58012e+06 1.60118e+06 1.68783e+06
1.61679e+06 1.54326e+06 1.60823e+06 1.60654e+06
1.6283e+06 1.6236e+06 1.55365e+06 1.66976e+06
1.64504e+06 1.53454e+06 1.62902e+06 1.63538e+06
1.66223e+06 1.52239e+06 1.61752e+06 1.61964e+06
1.59051e+06 1.64087e+06 1.61072e+06 1.59146e+06
1.5644e+06 1.60001e+06 1.61876e+06 1.65067e+06
1.58433e+06 1.59308e+06 1.58648e+06 1.65427e+06
1.6283e+06 1.6236e+06 1.55365e+06 1.66976e+06
1.64443e+06 1.60679e+06 1.57571e+06 1.61981e+06
1.63303e+06 1.57282e+06 1.56245e+06 1.65468e+06
1.67405e+06 1.57836e+06 1.56852e+06 1.58847e+06
1.62093e+06 1.58182e+06 1.64636e+06 1.5809e+06
1.60329e+06 1.58246e+06 1.6253e+06 1.60106e+06
1.6068e+06 1.56958e+06 1.6731e+06 1.59368e+06
1.5954e+06 1.57497e+06 1.59469e+06 1.63375e+06
1.62154e+06 1.58803e+06 1.55624e+06 1.65783e+06
1.65323e+06 1.57585e+06 1.59977e+06 1.59822e+06
1.61144e+06 1.6423e+06 1.55452e+06 1.58749e+06
1.61358e+06 1.61821e+06 1.58254e+06 1.6177e+06
1.62478e+06 1.56596e+06 1.63251e+06 1.56941e+06
1.64789e+06 1.61253e+06 1.55768e+06 1.62211e+06
1.58503e+06 1.62224e+06 1.57004e+06 1.63617e+06
1.57648e+06 1.60944e+06 1.5744e+06 1.63471e+06
1.66595e+06 1.56558e+06 1.54966e+06 1.63978e+06
1.56886e+06 1.58052e+06 1.62303e+06 1.6091e+06
1.64167e+06 1.55641e+06 1.59615e+06 1.6034e+06
1.56983e+06 1.55694e+06 1.60784e+06 1.60279e+06
1.55908e+06 1.59686e+06 1.65521e+06 1.63028e+06
1.66223e+06 1.52239e+06 1.61752e+06 1.61964e+06
1.64699e+06 1.55914e+06 1.60211e+06 1.57328e+06
1.57186e+06 1.61024e+06 1.62109e+06 1.58412e+06
1.60448e+06 1.58368e+06 1.62016e+06 1.57366e+06
1.63675e+06 1.55124e+06 1.60597e+06 1.61224e+06
1.63235e+06 1.61188e+06 1.58139e+06 1.61124e+06
1.57648e+06 1.60944e+06 1.5744e+06 1.63471e+06
1.65311e+06 1.5895e+06 1.57124e+06 1.62814e+06
1.62228e+06 1.61733e+06 1.56484e+06 1.64056e+06
1.61187e+06 1.56064e+06 1.60001e+06 1.62709e+06
1.64525e+06 1.58464e+06 1.59401e+06 1.62381e+06
1.61024e+06 1.5918e+06 1.5897e+06 1.61969e+06
1.5644e+06 1.60001e+06 1.61876e+06 1.65067e+06
1.59103e+06 1.55116e+06 1.56575e+06 1.64374e+06
1.59368e+06 1.56718e+06 1.63816e+06 1.59396e+06
1.56006e+06 1.57707e+06 1.62987e+06 1.61395e+06
1.61601e+06 1.54848e+06 1.63957e+06 1.63178e+06
1.62347e+06 1.56296e+06 1.59778e+06 1.63502e+06
1.65884e+06 1.57722e+06 1.58738e+06 1.62294e+06
1.63693e+06 1.61146e+06 1.59721e+06 1.57522e+06
1.64861e+06 1.64515e+06 1.57734e+06 1.57099e+06
1.63517e+06 1.57769e+06 1.59931e+06 1.60893e+06
1.64155e+06 1.54813e+06 1.59984e+06 1.6364e+06
1.62844e+06 1.5856e+06 1.5834e+06 1.61087e+06
1.59136e+06 1.59616e+06 1.59927e+06 1.56578e+06
1.60329e+06 1.58246e+06 1.6253e+06 1.60106e+06
1.61493e+06 1.57419e+06 1.60318e+06 1.61279e+06
1.67533e+06 1.57116e+06 1.57302e+06 1.63925e+06
1.61565e+06 1.61918e+06 1.59086e+06 1.60676e+06
1.59368e+06 1.56718e+06 1.63816e+06 1.59396e+06
1.6198e+06 1.59753e+06 1.56573e+06 1.6217e+06
1.62093e+06 1.58182e+06 1.64636e+06 1.5809e+06
1.59103e+06 1.55116e+06 1.56575e+06 1.64374e+06
1.64056e+06 1.5858e+06 1.59503e+06 1.59693e+06
1.64619e+06 1.57021e+06 1.58801e+06 1.62845e+06
1.62154e+06 1.58803e+06 1.55624e+06 1.65783e+06
1.5924e+06 1.58724e+06 1.59715e+06 1.5845e+06
1.62651e+06 1.59437e+06 1.58453e+06 1.61342e+06
1.62734e+06 1.59325e+06 1.56696e+06 1.62924e+06
1.60945e+06 1.55498e+06 1.63166e+06 1.62098e+06
1.64056e+06 1.5858e+06 1.59503e+06 1.59693e+06
1.56006e+06 1.57707e+06 1.62987e+06 1.61395e+06
1.63131e+06 1.55261e+06 1.60308e+06 1.6369e+06
1.63046e+06 1.5936e+06 1.56786e+06 1.62107e+06
1.57186e+06 1.61024e+06 1.62109e+06 1.58412e+06
1.65884e+06 1.57722e+06 1.58738e+06 1.62294e+06
1.61807e+06 1.575e+06 1.59447e+06 1.63008e+06
1.60945e+06 1.55498e+06 1.63166e+06 1.62098e+06
1.5644e+06 1.60001e+06 1.61876e+06 1.65067e+06
1.61565e+06 1.61918e+06 1.59086e+06 1.60676e+06
1.58803e+06 1.58102e+06 1.58777e+06 1.63213e+06
1.6217e+06 1.62351e+06 1.56544e+06 1.60942e+06
1.62093e+06 1.58182e+06 1.64636e+06 1.5809e+06
1.63693e+06 1.61146e+06 1.59721e+06 1.57522e+06
1.65311e+06 1.5895e+06 1.57124e+06 1.62814e+06
1.63131e+06 1.55261e+06 1.60308e+06 1.6369e+06
1.62651e+06 1.59437e+06 1.58453e+06 1.61342e+06
1.64861e+06 1.64515e+06 1.57734e+06 1.57099e+06
1.58803e+06 1.58102e+06 1.58777e+06 1.63213e+06
1.58838e+06 1.58012e+06 1.60118e+06 1.68783e+06
1.5924e+06 1.58724e+06 1.59715e+06 1.5845e+06
1.62154e+06 1.58803e+06 1.55624e+06 1.65783e+06
1.63693e+06 1.61146e+06 1.59721e+06 1.57522e+06
1.62228e+06 1.61733e+06 1.56484e+06 1.64056e+06
1.61724e+06 1.57402e+06 1.59948e+06 1.63975e+06
1.59136e+06 1.59616e+06 1.59927e+06 1.56578e+06
1.61724e+06 1.57402e+06 1.59948e+06 1.63975e+06
1.62228e+06 1.61733e+06 1.56484e+06 1.64056e+06
1.67533e+06 1.57116e+06 1.57302e+06 1.63925e+06
1.59103e+06 1.55116e+06 1.56575e+06 1.64374e+06
1.68335e+06 1.61028e+06 1.57671e+06 1.61748e+06
1.65516e+06 1.55236e+06 1.61938e+06 1.60905e+06
1.64533e+06 1.6371e+06 1.59604e+06 1.62953e+06
1.64389e+06 1.59982e+06 1.57178e+06 1.67159e+06
1.63772e+06 1.63512e+06 1.61082e+06 1.5691e+06
1.6357e+06 1.58134e+06 1.68592e+06 1.609e+06
1.58512e+06 1.56604e+06 1.64761e+06 1.68169e+06
1.57314e+06 1.58796e+06 1.64393e+06 1.63603e+06
1.59941e+06 1.6235e+06 1.67509e+06 1.62066e+06
1.67485e+06 1.58888e+06 1.61625e+06 1.63868e+06
1.63318e+06 1.59563e+06 1.60828e+06 1.58769e+06
1.62845e+06 1.57201e+06 1.61938e+06 1.65028e+06
1.59338e+06 1.58592e+06 1.59094e+06 1.64112e+06
1.6567e+06 1.58616e+06 1.63e+06 1.59518e+06
1.60639e+06 1.63028e+06 1.62885e+06 1.62971e+06
1.63011e+06 1.61614e+06 1.63919e+06 1.60154e+06
1.59069e+06 1.56104e+06 1.63365e+06 1.62142e+06
1.61079e+06 1.62364e+06 1.60012e+06 1.61392e+06
1.62237e+06 1.5874e+06 1.63576e+06 1.61869e+06
1.68335e+06 1.61028e+06 1.57671e+06 1.61748e+06
1.61209e+06 1.58415e+06 1.64253e+06 1.61842e+06
1.60507e+06 1.58144e+06 1.61783e+06 1.65027e+06
1.64514e+06 1.59299e+06 1.60461e+06 1.60905e+06
1.61079e+06 1.56421e+06 1.61947e+06 1.62037e+06
1.6066e+06 1.60313e+06 1.63159e+06 1.62643e+06
1.63218e+06 1.609e+06 1.61842e+06 1.59751e+06
1.63624e+06 1.55542e+06 1.63143e+06 1.61179e+06
1.60649e+06 1.60434e+06 1.6312e+06 1.60251e+06
1.5863e+06 1.57198e+06 1.6322e+06 1.62119e+06
1.68335e+06 1.61028e+06 1.57671e+06 1.61748e+06
1.69449e+06 1.59552e+06 1.59914e+06 1.65374e+06
1.65303e+06 1.56589e+06 1.62027e+06 1.66045e+06
1.64075e+06 1.64259e+06 1.61353e+06 1.60336e+06
1.61231e+06 1.65616e+06 1.65426e+06 1.60647e+06
1.6121e+06 1.61616e+06 1.59569e+06 1.64573e+06
1.60573e+06 1.56992e+06 1.6858e+06 1.6379e+06
1.60157e+06 1.59073e+06 1.65139e+06 1.62965e+06
1.61554e+06 1.62365e+06 1.62959e+06 1.61636e+06
1.6541e+06 1.59834e+06 1.67781e+06 1.60569e+06
1.66237e+06 1.60998e+06 1.63984e+06 1.60862e+06
1.66598e+06 1.60037e+06 1.61674e+06 1.62112e+06
1.6262e+06 1.6075e+06 1.63603e+06 1.61217e+06
1.66538e+06 1.63713e+06 1.60554e+06 1.6293e+06
1.61652e+06 1.58352e+06 1.65208e+06 1.62982e+06
1.65636e+06 1.60768e+06 1.60804e+06 1.63789e+06
1.63021e+06 1.58706e+06 1.61999e+06 1.62587e+06
1.63746e+06 1.61222e+06 1.61804e+06 1.64091e+06
1.65239e+06 1.63975e+06 1.60103e+06 1.62163e+06
1.60578e+06 1.58539e+06 1.63486e+06 1.65272e+06
1.64287e+06 1.5865e+06 1.63183e+06 1.63152e+06
1.60952e+06 1.6009e+06 1.6022e+06 1.64336e+06
1.64438e+06 1.58898e+06 1.6523e+06 1.62033e+06
1.60378e+06 1.59743e+06 1.61873e+06 1.64404e+06
1.68613e+06 1.58631e+06 1.63446e+06 1.69099e+06
1.63705e+06 1.61264e+06 1.63686e+06 1.61498e+06
1.62086e+06 1.61306e+06 1.62003e+06 1.65851e+06
1.61711e+06 1.61617e+06 1.67204e+06 1.64444e+06
1.60993e+06 1.60251e+06 1.68722e+06 1.63782e+06
1.67474e+06 1.601e+06 1.62588e+06 1.62291e+06
1.62556e+06 1.58986e+06 1.66648e+06 1.65094e+06
1.64561e+06 1.58798e+06 1.62764e+06 1.64244e+06
1.62727e+06 1.60345e+06 1.64198e+06 1.6514e+06
1.63218e+06 1.60281e+06 1.65024e+06 1.63926e+06
1.69643e+06 1.63416e+06 1.63467e+06 1.62559e+06
1.66396e+06 1.60666e+06 1.63321e+06 1.64274e+06
1.65816e+06 1.60768e+06 1.64301e+06 1.64813e+06
1.6251e+06 1.62135e+06 1.62066e+06 1.66826e+06
1.64779e+06 1.62034e+06 1.62929e+06 1.66325e+06
1.66413e+06 1.60868e+06 1.6379e+06 1.67425e+06
1.64747e+06 1.62703e+06 1.6272e+06 1.67443e+06
1.64978e+06 1.54e+06 1.6219e+06 1.647e+06
1.64381e+06 1.5193e+06 1.62192e+06 1.65678e+06
1.61294e+06 1.64489e+06 1.56863e+06 1.61271e+06
1.60503e+06 1.54369e+06 1.55654e+06 1.62594e+06
1.59884e+06 1.56848e+06 1.62184e+06 1.55396e+06
1.59724e+06 1.57886e+06 1.66504e+06 1.60104e+06
1.59087e+06 1.5968e+06 1.58395e+06 1.65948e+06
1.54674e+06 1.6337e+06 1.61376e+06 1.61645e+06
1.55745e+06 1.61833e+06 1.65568e+06 1.64171e+06
1.60294e+06 1.60766e+06 1.61336e+06 1.57669e+06
1.59884e+06 1.56848e+06 1.62184e+06 1.55396e+06
1.58978e+06 1.61242e+06 1.5632e+06 1.61441e+06
1.59362e+06 1.6255e+06 1.57851e+06 1.58278e+06
1.54674e+06 1.6337e+06 1.61376e+06 1.61645e+06
1.60052e+06 1.57743e+06 1.59882e+06 1.59048e+06
1.60503e+06 1.54369e+06 1.55654e+06 1.62594e+06
1.62734e+06 1.55306e+06 1.64338e+06 1.58559e+06
1.59882e+06 1.56951e+06 1.591e+06 1.63519e+06
1.62746e+06 1.52361e+06 1.63366e+06 1.63609e+06
1.57259e+06 1.56317e+06 1.6022e+06 1.60179e+06
1.56544e+06 1.64271e+06 1.64952e+06 1.61308e+06
1.61915e+06 1.58511e+06 1.57972e+06 1.57924e+06
1.61852e+06 1.61955e+06 1.57672e+06 1.60685e+06
1.57893e+06 1.59066e+06 1.59889e+06 1.58667e+06
1.56448e+06 1.57978e+06 1.63626e+06 1.62166e+06
1.61663e+06 1.58497e+06 1.61706e+06 1.58729e+06
1.56544e+06 1.64271e+06 1.64952e+06 1.61308e+06
1.60901e+06 1.53212e+06 1.62643e+06 1.62424e+06
1.64849e+06 1.55547e+06 1.59438e+06 1.59945e+06
1.59665e+06 1.60736e+06 1.58445e+06 1.61367e+06
1.62746e+06 1.52361e+06 1.63366e+06 1.63609e+06
1.60438e+06 1.55938e+06 1.6411e+06 1.60737e+06
1.64978e+06 1.54e+06 1.6219e+06 1.647e+06
1.59724e+06 1.57886e+06 1.66504e+06 1.60104e+06
1.6032e+06 1.56386e+06 1.5822e+06 1.64067e+06
1.61539e+06 1.59867e+06 1.60857e+06 1.57861e+06
1.60679e+06 1.59288e+06 1.58255e+06 1.61577e+06
1.57259e+06 1.56317e+06 1.6022e+06 1.60179e+06
1.6088e+06 1.54994e+06 1.5907e+06 1.61076e+06
1.64381e+06 1.5193e+06 1.62192e+06 1.65678e+06
1.61616e+06 1.53707e+06 1.63579e+06 1.6208e+06
1.5856e+06 1.54186e+06 1.60667e+06 1.62194e+06
1.63655e+06 1.61519e+06 1.57371e+06 1.61427e+06
1.64381e+06 1.5193e+06 1.62192e+06 1.65678e+06
1.58478e+06 1.56747e+06 1.59471e+06 1.61055e+06
1.58368e+06 1.6292e+06 1.58619e+06 1.64427e+06
1.61884e+06 1.54893e+06 1.60903e+06 1.60061e+06
1.61294e+06 1.64489e+06 1.56863e+06 1.61271e+06
1.61839e+06 1.5464e+06 1.62833e+06 1.60942e+06
1.58368e+06 1.6292e+06 1.58619e+06 1.64427e+06
1.59824e+06 1.58233e+06 1.63018e+06 1.59205e+06
1.57896e+06 1.55038e+06 1.64127e+06 1.6383e+06
1.61864e+06 1.5339e+06 1.62348e+06 1.59112e+06
1.58316e+06 1.58542e+06 1.59381e+06 1.5876e+06
1.60988e+06 1.55306e+06 1.63829e+06 1.60069e+06
1.59655e+06 1.57934e+06 1.60462e+06 1.60015e+06
1.64583e+06 1.64438e+06 1.5725e+06 1.59379e+06
1.59856e+06 1.60989e+06 1.57229e+06 1.6451e+06
1.63827e+06 1.5605e+06 1.62796e+06 1.58032e+06
1.58123e+06 1.5456e+06 1.62653e+06 1.64309e+06
1.63655e+06 1.61519e+06 1.57371e+06 1.61427e+06
1.59824e+06 1.58233e+06 1.63018e+06 1.59205e+06
1.56492e+06 1.5963e+06 1.64556e+06 1.61422e+06
1.6024e+06 1.58653e+06 1.57592e+06 1.61612e+06
1.63827e+06 1.5605e+06 1.62796e+06 1.58032e+06
1.56492e+06 1.5963e+06 1.64556e+06 1.61422e+06
1.60901e+06 1.53212e+06 1.62643e+06 1.62424e+06
1.61641e+06 1.5627e+06 1.59462e+06 1.59339e+06
1.64583e+06 1.64438e+06 1.5725e+06 1.59379e+06
1.61539e+06 1.59867e+06 1.60857e+06 1.57861e+06
1.57896e+06 1.55038e+06 1.64127e+06 1.6383e+06
1.64849e+06 1.55547e+06 1.59438e+06 1.59945e+06
1.59856e+06 1.60989e+06 1.57229e+06 1.6451e+06
1.60708e+06 1.61488e+06 1.59109e+06 1.6012e+06
1.58123e+06 1.5456e+06 1.62653e+06 1.64309e+06
1.61616e+06 1.53707e+06 1.63579e+06 1.6208e+06
1.59126e+06 1.56037e+06 1.5822e+06 1.64242e+06
1.5856e+06 1.54186e+06 1.60667e+06 1.62194e+06
1.63827e+06 1.5605e+06 1.62796e+06 1.58032e+06
1.61864e+06 1.5339e+06 1.62348e+06 1.59112e+06
1.58316e+06 1.58542e+06 1.59381e+06 1.5876e+06
1.54674e+06 1.6337e+06 1.61376e+06 1.61645e+06
1.64583e+06 1.64438e+06 1.5725e+06 1.59379e+06
1.60708e+06 1.61488e+06 1.59109e+06 1.6012e+06
1.60988e+06 1.55306e+06 1.63829e+06 1.60069e+06
1.6024e+06 1.58653e+06 1.57592e+06 1.61612e+06
1.57893e+06 1.59066e+06 1.59889e+06 1.58667e+06
1.59655e+06 1.57934e+06 1.60462e+06 1.60015e+06
1.59783e+06 1.54058e+06 1.60793e+06 1.64498e+06
1.64978e+06 1.54e+06 1.6219e+06 1.647e+06
1.59783e+06 1.54058e+06 1.60793e+06 1.64498e+06
1.61839e+06 1.5464e+06 1.62833e+06 1.60942e+06
1.63655e+06 1.61519e+06 1.57371e+06 1.61427e+06
1.6024e+06 1.58653e+06 1.57592e+06 1.61612e+06
1.58478e+06 1.56747e+06 1.59471e+06 1.61055e+06
1.60988e+06 1.55306e+06 1.63829e+06 1.60069e+06
1.59126e+06 1.56037e+06 1.5822e+06 1.64242e+06
1.60503e+06 1.54369e+06 1.55654e+06 1.62594e+06
1.61539e+06 1.59867e+06 1.60857e+06 1.57861e+06
1.57259e+06 1.56317e+06 1.6022e+06 1.60179e+06
1.56492e+06 1.5963e+06 1.64556e+06 1.61422e+06
1.59655e+06 1.57934e+06 1.60462e+06 1.60015e+06
1.57896e+06 1.55038e+06 1.64127e+06 1.6383e+06
1.64583e+06 1.64438e+06 1.5725e+06 1.59379e+06
1.63827e+06 1.5605e+06 1.62796e+06 1.58032e+06
1.63655e+06 1.61519e+06 1.57371e+06 1.61427e+06
1.61539e+06 1.59867e+06 1.60857e+06 1.57861e+06
1.60988e+06 1.55306e+06 1.63829e+06 1.60069e+06
1.60988e+06 1.55306e+06 1.63829e+06 1.60069e+06
1.60901e+06 1.53212e+06 1.62643e+06 1.62424e+06
1.59884e+06 1.56848e+06 1.62184e+06 1.55396e+06
1.59824e+06 1.58233e+06 1.63018e+06 1.59205e+06
1.5856e+06 1.54186e+06 1.60667e+06 1.62194e+06
1.5856e+06 1.54186e+06 1.60667e+06 1.62194e+06
1.66884e+06 1.60369e+06 1.60295e+06 1.63976e+06
1.65804e+06 1.60051e+06 1.58199e+06 1.65338e+06
1.65599e+06 1.54282e+06 1.65252e+06 1.6383e+06
1.65501e+06 1.60842e+06 1.63755e+06 1.58168e+06
1.62858e+06 1.6329e+06 1.60794e+06 1.60657e+06
1.62706e+06 1.62356e+06 1.59129e+06 1.67283e+06
1.5847e+06 1.60606e+06 1.65461e+06 1.6339e+06
1.57749e+06 1.6092e+06 1.65292e+06 1.66165e+06
1.61435e+06 1.5544e+06 1.62301e+06 1.64066e+06
1.58631e+06 1.56774e+06 1.63536e+06 1.64363e+06
1.60095e+06 1.5998e+06 1.61982e+06 1.59162e+06
1.6428e+06 1.61879e+06 1.596e+06 1.60849e+06
1.6027e+06 1.58476e+06 1.61868e+06 1.6076e+06
1.66779e+06 1.56077e+06 1.60434e+06 1.63692e+06
1.61797e+06 1.62116e+06 1.5957e+06 1.62428e+06
1.62392e+06 1.5708e+06 1.60024e+06 1.64873e+06
1.61071e+06 1.5733e+06 1.60718e+06 1.61908e+06
1.65193e+06 1.61677e+06 1.61239e+06 1.58822e+06
1.58956e+06 1.57639e+06 1.60674e+06 1.63924e+06
1.61332e+06 1.59535e+06 1.618e+06 1.61706e+06
1.64947e+06 1.61293e+06 1.60321e+06 1.61527e+06
1.59221e+06 1.61429e+06 1.59621e+06 1.61767e+06
1.61411e+06 1.62874e+06 1.65396e+06 1.58647e+06
1.62672e+06 1.5704e+06 1.62191e+06 1.65691e+06
1.65234e+06 1.60195e+06 1.61744e+06 1.61772e+06
1.61908e+06 1.61573e+06 1.60369e+06 1.61541e+06
1.67101e+06 1.58217e+06 1.66538e+06 1.6211e+06
1.64506e+06 1.64802e+06 1.6616e+06 1.58941e+06
1.64225e+06 1.57512e+06 1.62355e+06 1.64273e+06
1.63597e+06 1.61825e+06 1.60047e+06 1.62677e+06
1.63253e+06 1.5982e+06 1.61253e+06 1.67829e+06
1.60466e+06 1.60564e+06 1.65521e+06 1.65164e+06
1.64509e+06 1.60017e+06 1.6025e+06 1.66518e+06
1.60468e+06 1.62789e+06 1.60458e+06 1.62449e+06
1.61785e+06 1.61339e+06 1.64449e+06 1.62773e+06
1.62119e+06 1.58765e+06 1.62383e+06 1.60776e+06
1.61029e+06 1.59165e+06 1.63165e+06 1.64221e+06
1.60775e+06 1.59631e+06 1.64934e+06 1.63813e+06
1.62857e+06 1.60488e+06 1.63957e+06 1.60661e+06
1.62474e+06 1.58241e+06 1.61842e+06 1.64851e+06
1.63634e+06 1.60384e+06 1.60924e+06 1.65515e+06
1.63727e+06 1.61018e+06 1.61257e+06 1.65244e+06
1.63699e+06 1.58152e+06 1.63871e+06 1.66217e+06
1.62e+06 1.60789e+06 1.6342e+06 1.6257e+06
1.61977e+06 1.59576e+06 1.66089e+06 1.62714e+06
1.6335e+06 1.57952e+06 1.61597e+06 1.66334e+06
1.64433e+06 1.57656e+06 1.6125e+06 1.62512e+06
1.63478e+06 1.60592e+06 1.61625e+06 1.62457e+06
1.67554e+06 1.59594e+06 1.66087e+06 1.62489e+06
1.66983e+06 1.59289e+06 1.61437e+06 1.67046e+06
1.66847e+06 1.60619e+06 1.64184e+06 1.61513e+06
1.63096e+06 1.64275e+06 1.63156e+06 1.64531e+06
1.60718e+06 1.64126e+06 1.67413e+06 1.6705e+06
1.636e+06 1.61896e+06 1.6283e+06 1.66441e+06
1.62395e+06 1.59753e+06 1.64512e+06 1.63584e+06
1.64556e+06 1.59802e+06 1.63609e+06 1.6487e+06
1.65043e+06 1.61643e+06 1.61715e+06 1.66605e+06
1.63298e+06 1.60644e+06 1.65334e+06 1.62112e+06
1.63842e+06 1.61331e+06 1.63569e+06 1.62057e+06
1.70088e+06 1.61939e+06 1.64854e+06 1.64023e+06
1.67185e+06 1.62154e+06 1.62946e+06 1.67856e+06
1.65654e+06 1.65079e+06 1.64153e+06 1.62809e+06
1.64125e+06 1.63145e+06 1.63838e+06 1.67992e+06
1.64096e+06 1.60851e+06 1.65955e+06 1.6738e+06
1.6415e+06 1.62623e+06 1.65879e+06 1.65574e+06
1.66173e+06 1.62917e+06 1.64492e+06 1.64068e+06
