5 0.646777
1.50572e+06 1.56381e+06 1.61401e+06
1.59787e+06 1.46793e+06 1.64727e+06
1.58685e+06 1.53746e+06 1.5193e+06
1.58098e+06 1.49291e+06 1.55581e+06
1.58323e+06 1.51956e+06 1.52057e+06
1.50392e+06 1.55641e+06 1.59321e+06
1.57268e+06 1.52742e+06 1.51835e+06
1.50259e+06 1.55813e+06 1.59291e+06
1.59181e+06 1.46653e+06 1.63613e+06
1.582e+06 1.49029e+06 1.55821e+06
1.57389e+06 1.5261e+06 1.51868e+06
1.51001e+06 1.56457e+06 1.57601e+06
1.57392e+06 1.53314e+06 1.51966e+06
1.51516e+06 1.55739e+06 1.56734e+06
1.5826e+06 1.49259e+06 1.54608e+06
1.5914e+06 1.46943e+06 1.64415e+06
1.57463e+06 1.49711e+06 1.55195e+06
1.50903e+06 1.54612e+06 1.60237e+06
1.56896e+06 1.52646e+06 1.5204e+06
1.5826e+06 1.49259e+06 1.54608e+06
1.58137e+06 1.48998e+06 1.55608e+06
1.5918e+06 1.48569e+06 1.546e+06
1.52269e+06 1.55358e+06 1.56339e+06
1.50253e+06 1.56448e+06 1.61092e+06
1.57054e+06 1.52414e+06 1.51955e+06
1.51696e+06 1.56054e+06 1.56355e+06
1.58429e+06 1.47366e+06 1.63623e+06
1.60139e+06 1.46627e+06 1.63696e+06
1.57389e+06 1.5261e+06 1.51868e+06
1.51212e+06 1.55862e+06 1.57602e+06
1.58024e+06 1.52555e+06 1.52306e+06
1.56617e+06 1.48537e+06 1.64362e+06
1.59857e+06 1.48692e+06 1.56491e+06
1.57096e+06 1.53376e+06 1.52147e+06
1.58323e+06 1.51956e+06 1.52057e+06
1.50621e+06 1.54765e+06 1.60348e+06
1.57348e+06 1.52575e+06 1.51807e+06
1.5247e+06 1.56826e+06 1.55544e+06
1.5826e+06 1.49259e+06 1.54608e+06
1.59616e+06 1.4634e+06 1.63683e+06
1.57626e+06 1.52287e+06 1.52445e+06
1.50315e+06 1.56801e+06 1.57369e+06
1.57348e+06 1.52575e+06 1.51807e+06
1.50315e+06 1.56801e+06 1.57369e+06
1.59297e+06 1.46429e+06 1.63777e+06
1.58109e+06 1.49283e+06 1.55764e+06
1.52708e+06 1.56138e+06 1.55038e+06
1.50621e+06 1.54765e+06 1.60348e+06
1.57017e+06 1.5239e+06 1.51932e+06
1.52708e+06 1.56138e+06 1.55038e+06
1.59386e+06 1.46912e+06 1.63758e+06
1.58905e+06 1.48482e+06 1.54965e+06
1.58905e+06 1.48482e+06 1.54965e+06
1.50733e+06 1.54873e+06 1.6062e+06
1.58323e+06 1.51956e+06 1.52057e+06
1.56617e+06 1.48537e+06 1.64362e+06
1.57331e+06 1.49297e+06 1.54778e+06
1.58635e+06 1.48517e+06 1.55194e+06
1.58103e+06 1.53525e+06 1.52431e+06
1.50475e+06 1.55389e+06 1.59706e+06
1.57582e+06 1.53044e+06 1.52348e+06
1.50304e+06 1.55622e+06 1.59569e+06
1.50812e+06 1.55202e+06 1.60529e+06
1.59787e+06 1.46793e+06 1.64727e+06
1.57626e+06 1.52287e+06 1.52445e+06
1.50566e+06 1.55685e+06 1.59356e+06
1.56808e+06 1.52315e+06 1.51864e+06
1.50431e+06 1.55484e+06 1.59394e+06
1.59294e+06 1.46523e+06 1.63514e+06
1.58742e+06 1.48347e+06 1.54749e+06
1.5104e+06 1.55831e+06 1.55776e+06
1.50253e+06 1.56448e+06 1.61092e+06
1.56808e+06 1.52315e+06 1.51864e+06
1.51696e+06 1.56054e+06 1.56355e+06
1.58672e+06 1.48546e+06 1.54956e+06
1.59616e+06 1.4634e+06 1.63683e+06
1.59041e+06 1.4861e+06 1.54748e+06
1.50621e+06 1.54765e+06 1.60348e+06
1.58103e+06 1.53525e+06 1.52431e+06
1.50697e+06 1.54793e+06 1.6051e+06
1.59787e+06 1.46793e+06 1.64727e+06
1.58109e+06 1.49283e+06 1.55764e+06
1.57389e+06 1.5261e+06 1.51868e+06
1.50964e+06 1.56152e+06 1.57606e+06
1.57979e+06 1.53421e+06 1.51808e+06
1.51696e+06 1.56054e+06 1.56355e+06
1.5826e+06 1.49259e+06 1.54608e+06
1.59297e+06 1.46429e+06 1.63777e+06
1.5918e+06 1.48569e+06 1.546e+06
1.50259e+06 1.55813e+06 1.59291e+06
1.56896e+06 1.52646e+06 1.5204e+06
1.57622e+06 1.49262e+06 1.55442e+06
1.57331e+06 1.49297e+06 1.54778e+06
1.57331e+06 1.49297e+06 1.54778e+06
1.51696e+06 1.56054e+06 1.56355e+06
1.50621e+06 1.54765e+06 1.60348e+06
1.57392e+06 1.53314e+06 1.51966e+06
1.51696e+06 1.56054e+06 1.56355e+06
1.5914e+06 1.46943e+06 1.64415e+06
1.59857e+06 1.48692e+06 1.56491e+06
1.57975e+06 1.52208e+06 1.52197e+06
1.51001e+06 1.56457e+06 1.57601e+06
1.56896e+06 1.52646e+06 1.5204e+06
1.50903e+06 1.54612e+06 1.60237e+06
1.59294e+06 1.46523e+06 1.63514e+06
1.58348e+06 1.52169e+06 1.52577e+06
1.58672e+06 1.48546e+06 1.54956e+06
1.50253e+06 1.56448e+06 1.61092e+06
1.57138e+06 1.52605e+06 1.5213e+06
1.58672e+06 1.48546e+06 1.54956e+06
1.51516e+06 1.55739e+06 1.56734e+06
1.60139e+06 1.46627e+06 1.63696e+06
1.58687e+06 1.51976e+06 1.52651e+06
1.50259e+06 1.55813e+06 1.59291e+06
1.57979e+06 1.53421e+06 1.51808e+06
1.50315e+06 1.56801e+06 1.57369e+06
1.59386e+06 1.46912e+06 1.63758e+06
1.58098e+06 1.49291e+06 1.55581e+06
1.53529e+06 1.58568e+06 1.54928e+06
1.50259e+06 1.55813e+06 1.59291e+06
1.57054e+06 1.52414e+06 1.51955e+06
1.5104e+06 1.55831e+06 1.55776e+06
1.57643e+06 1.48696e+06 1.55547e+06
1.58429e+06 1.47366e+06 1.63623e+06
1.58742e+06 1.48347e+06 1.54749e+06
1.50259e+06 1.55813e+06 1.59291e+06
1.57626e+06 1.52287e+06 1.52445e+06
1.56636e+06 1.4864e+06 1.64804e+06
1.59857e+06 1.48692e+06 1.56491e+06
1.57186e+06 1.52998e+06 1.52314e+06
1.57975e+06 1.52208e+06 1.52197e+06
1.5028e+06 1.55308e+06 1.6084e+06
1.57054e+06 1.52414e+06 1.51955e+06
1.51212e+06 1.55862e+06 1.57602e+06
1.59594e+06 1.46137e+06 1.63088e+06
1.60335e+06 1.46856e+06 1.63747e+06
1.57626e+06 1.52287e+06 1.52445e+06
1.52269e+06 1.55358e+06 1.56339e+06
1.57054e+06 1.52414e+06 1.51955e+06
1.50431e+06 1.55484e+06 1.59394e+06
1.58349e+06 1.49289e+06 1.56161e+06
1.58672e+06 1.48546e+06 1.54956e+06
1.52708e+06 1.56138e+06 1.55038e+06
1.50347e+06 1.56321e+06 1.61108e+06
1.57054e+06 1.52414e+06 1.51955e+06
1.51696e+06 1.56054e+06 1.56355e+06
1.58905e+06 1.48482e+06 1.54965e+06
1.59587e+06 1.46229e+06 1.63615e+06
1.57186e+06 1.52998e+06 1.52314e+06
1.5036e+06 1.5577e+06 1.59136e+06
1.58018e+06 1.53416e+06 1.51979e+06
1.50304e+06 1.55622e+06 1.59569e+06
1.60139e+06 1.46627e+06 1.63696e+06
1.59041e+06 1.4861e+06 1.54748e+06
1.58103e+06 1.53525e+06 1.52431e+06
1.50475e+06 1.55389e+06 1.59706e+06
1.56808e+06 1.52315e+06 1.51864e+06
1.50557e+06 1.55758e+06 1.59418e+06
1.50903e+06 1.54612e+06 1.60237e+06
1.59297e+06 1.46429e+06 1.63777e+06
1.57643e+06 1.48696e+06 1.55547e+06
1.50903e+06 1.54612e+06 1.60237e+06
1.57017e+06 1.5239e+06 1.51932e+06
1.58672e+06 1.48546e+06 1.54956e+06
1.5918e+06 1.48569e+06 1.546e+06
1.59041e+06 1.4861e+06 1.54748e+06
1.52708e+06 1.56138e+06 1.55038e+06
1.50475e+06 1.55389e+06 1.59706e+06
1.57054e+06 1.52414e+06 1.51955e+06
1.51696e+06 1.56054e+06 1.56355e+06
1.59594e+06 1.46137e+06 1.63088e+06
1.58937e+06 1.47068e+06 1.63589e+06
1.57975e+06 1.52208e+06 1.52197e+06
1.51212e+06 1.55862e+06 1.57602e+06
1.58024e+06 1.52555e+06 1.52306e+06
1.50903e+06 1.54612e+06 1.60237e+06
1.59181e+06 1.46653e+06 1.63613e+06
1.57975e+06 1.52208e+06 1.52197e+06
1.58672e+06 1.48546e+06 1.54956e+06
1.5028e+06 1.55308e+06 1.6084e+06
1.56808e+06 1.52315e+06 1.51864e+06
1.50858e+06 1.55921e+06 1.58238e+06
1.58672e+06 1.48546e+06 1.54956e+06
1.59587e+06 1.46229e+06 1.63615e+06
1.5918e+06 1.48569e+06 1.546e+06
1.50259e+06 1.55813e+06 1.59291e+06
1.57348e+06 1.52575e+06 1.51807e+06
1.50259e+06 1.55813e+06 1.59291e+06
1.59616e+06 1.4634e+06 1.63683e+06
1.59857e+06 1.48692e+06 1.56491e+06
1.58402e+06 1.53447e+06 1.52082e+06
1.50259e+06 1.55813e+06 1.59291e+06
1.57392e+06 1.53314e+06 1.51966e+06
1.52708e+06 1.56138e+06 1.55038e+06
1.57622e+06 1.49262e+06 1.55442e+06
1.58472e+06 1.48952e+06 1.55486e+06
1.59041e+06 1.4861e+06 1.54748e+06
1.50259e+06 1.55813e+06 1.59291e+06
1.56896e+06 1.52646e+06 1.5204e+06
1.5754e+06 1.49175e+06 1.55211e+06
1.582e+06 1.49029e+06 1.55821e+06
1.58635e+06 1.48517e+06 1.55194e+06
1.57268e+06 1.52742e+06 1.51835e+06
1.50475e+06 1.55389e+06 1.59706e+06
1.57389e+06 1.5261e+06 1.51868e+06
1.51516e+06 1.55739e+06 1.56734e+06
1.56636e+06 1.4864e+06 1.64804e+06
1.59787e+06 1.46793e+06 1.64727e+06
1.57626e+06 1.52287e+06 1.52445e+06
1.50582e+06 1.55834e+06 1.59568e+06
1.57138e+06 1.52605e+06 1.5213e+06
1.50582e+06 1.55834e+06 1.59568e+06
1.59297e+06 1.46429e+06 1.63777e+06
1.58672e+06 1.48546e+06 1.54956e+06
1.5104e+06 1.55831e+06 1.55776e+06
1.50383e+06 1.5655e+06 1.61183e+06
1.57054e+06 1.52414e+06 1.51955e+06
1.51696e+06 1.56054e+06 1.56355e+06
1.58742e+06 1.48347e+06 1.54749e+06
1.60139e+06 1.46627e+06 1.63696e+06
1.58323e+06 1.51956e+06 1.52057e+06
1.50475e+06 1.55389e+06 1.59706e+06
1.58339e+06 1.53308e+06 1.51861e+06
1.50697e+06 1.54793e+06 1.6051e+06
1.60139e+06 1.46627e+06 1.63696e+06
1.58687e+06 1.51976e+06 1.52651e+06
1.57268e+06 1.52742e+06 1.51835e+06
1.51001e+06 1.56457e+06 1.57601e+06
1.56808e+06 1.52315e+06 1.51864e+06
1.51696e+06 1.56054e+06 1.56355e+06
1.57643e+06 1.48696e+06 1.55547e+06
1.59594e+06 1.46137e+06 1.63088e+06
1.5918e+06 1.48569e+06 1.546e+06
1.50903e+06 1.54612e+06 1.60237e+06
1.57054e+06 1.52414e+06 1.51955e+06
1.5754e+06 1.49175e+06 1.55211e+06
1.58098e+06 1.49291e+06 1.55581e+06
1.58672e+06 1.48546e+06 1.54956e+06
1.52708e+06 1.56138e+06 1.55038e+06
1.50347e+06 1.56321e+06 1.61108e+06
1.56896e+06 1.52646e+06 1.5204e+06
1.51696e+06 1.56054e+06 1.56355e+06
1.59386e+06 1.46912e+06 1.63758e+06
1.59181e+06 1.46653e+06 1.63613e+06
1.57268e+06 1.52742e+06 1.51835e+06
1.50858e+06 1.55921e+06 1.58238e+06
1.58323e+06 1.51956e+06 1.52057e+06
1.56617e+06 1.48537e+06 1.64362e+06
1.57643e+06 1.48696e+06 1.55547e+06
1.58672e+06 1.48546e+06 1.54956e+06
1.52708e+06 1.56138e+06 1.55038e+06
1.50347e+06 1.56321e+06 1.61108e+06
1.57054e+06 1.52414e+06 1.51955e+06
1.5754e+06 1.49175e+06 1.55211e+06
1.5104e+06 1.55831e+06 1.55776e+06
1.59787e+06 1.46793e+06 1.64727e+06
1.57348e+06 1.52575e+06 1.51807e+06
1.50259e+06 1.55813e+06 1.59291e+06
1.57979e+06 1.53421e+06 1.51808e+06
1.50315e+06 1.56801e+06 1.57369e+06
1.59181e+06 1.46653e+06 1.63613e+06
1.59075e+06 1.48866e+06 1.55278e+06
1.53529e+06 1.58568e+06 1.54928e+06
1.50287e+06 1.55325e+06 1.60334e+06
1.57054e+06 1.52414e+06 1.51955e+06
1.51696e+06 1.56054e+06 1.56355e+06
1.57622e+06 1.49262e+06 1.55442e+06
1.57331e+06 1.49297e+06 1.54778e+06
1.58742e+06 1.48347e+06 1.54749e+06
1.50733e+06 1.54873e+06 1.6062e+06
1.58687e+06 1.51976e+06 1.52651e+06
1.58429e+06 1.47366e+06 1.63623e+06
1.582e+06 1.49029e+06 1.55821e+06
1.58635e+06 1.48517e+06 1.55194e+06
1.57268e+06 1.52742e+06 1.51835e+06
1.50634e+06 1.55502e+06 1.59537e+06
1.57054e+06 1.52414e+06 1.51955e+06
1.50315e+06 1.56801e+06 1.57369e+06
1.57622e+06 1.49262e+06 1.55442e+06
1.60139e+06 1.46627e+06 1.63696e+06
1.56896e+06 1.52646e+06 1.5204e+06
1.50315e+06 1.56801e+06 1.57369e+06
1.57431e+06 1.5294e+06 1.52283e+06
1.50259e+06 1.55813e+06 1.59291e+06
1.59587e+06 1.46229e+06 1.63615e+06
1.58632e+06 1.4851e+06 1.54863e+06
1.51696e+06 1.56054e+06 1.56355e+06
1.50347e+06 1.56321e+06 1.61108e+06
1.56808e+06 1.52315e+06 1.51864e+06
1.52269e+06 1.55358e+06 1.56339e+06
1.58905e+06 1.48482e+06 1.54965e+06
1.57331e+06 1.49297e+06 1.54778e+06
1.59041e+06 1.4861e+06 1.54748e+06
1.50259e+06 1.55813e+06 1.59291e+06
1.57268e+06 1.52742e+06 1.51835e+06
1.50304e+06 1.55622e+06 1.59569e+06
1.60139e+06 1.46627e+06 1.63696e+06
1.582e+06 1.49029e+06 1.55821e+06
1.57389e+06 1.5261e+06 1.51868e+06
1.5036e+06 1.5577e+06 1.59136e+06
1.57392e+06 1.53314e+06 1.51966e+06
1.50392e+06 1.55641e+06 1.59321e+06
1.50259e+06 1.55813e+06 1.59291e+06
1.59294e+06 1.46523e+06 1.63514e+06
1.59075e+06 1.48866e+06 1.55278e+06
1.50903e+06 1.54612e+06 1.60237e+06
1.57583e+06 1.5327e+06 1.51954e+06
1.57622e+06 1.49262e+06 1.55442e+06
1.58471e+06 1.49353e+06 1.56319e+06
1.58632e+06 1.4851e+06 1.54863e+06
1.5104e+06 1.55831e+06 1.55776e+06
1.50347e+06 1.56321e+06 1.61108e+06
1.57138e+06 1.52605e+06 1.5213e+06
1.51256e+06 1.57742e+06 1.57819e+06
1.58429e+06 1.47366e+06 1.63623e+06
1.59594e+06 1.46137e+06 1.63088e+06
1.58018e+06 1.53416e+06 1.51979e+06
1.50964e+06 1.56152e+06 1.57606e+06
1.57096e+06 1.53376e+06 1.52147e+06
1.50903e+06 1.54612e+06 1.60237e+06
1.60335e+06 1.46856e+06 1.63747e+06
1.58018e+06 1.53416e+06 1.51979e+06
1.58632e+06 1.4851e+06 1.54863e+06
1.5028e+06 1.55308e+06 1.6084e+06
1.57017e+06 1.5239e+06 1.51932e+06
1.58742e+06 1.48347e+06 1.54749e+06
1.58323e+06 1.51956e+06 1.52057e+06
1.59616e+06 1.4634e+06 1.63683e+06
1.58687e+06 1.51976e+06 1.52651e+06
1.50431e+06 1.55484e+06 1.59394e+06
1.57431e+06 1.5294e+06 1.52283e+06
1.50259e+06 1.55813e+06 1.59291e+06
1.59587e+06 1.46229e+06 1.63615e+06
1.582e+06 1.49029e+06 1.55821e+06
1.58103e+06 1.53525e+06 1.52431e+06
1.50259e+06 1.55813e+06 1.59291e+06
1.57392e+06 1.53314e+06 1.51966e+06
1.52708e+06 1.56138e+06 1.55038e+06
1.58632e+06 1.4851e+06 1.54863e+06
1.58905e+06 1.48482e+06 1.54965e+06
1.58905e+06 1.48482e+06 1.54965e+06
1.50259e+06 1.55813e+06 1.59291e+06
1.58687e+06 1.51976e+06 1.52651e+06
1.57622e+06 1.49262e+06 1.55442e+06
1.58137e+06 1.48998e+06 1.55608e+06
1.58742e+06 1.48347e+06 1.54749e+06
1.58103e+06 1.53525e+06 1.52431e+06
1.50259e+06 1.55813e+06 1.59291e+06
1.57458e+06 1.53349e+06 1.52281e+06
1.51001e+06 1.56457e+06 1.57601e+06
1.56617e+06 1.48537e+06 1.64362e+06
1.59787e+06 1.46793e+06 1.64727e+06
1.56896e+06 1.52646e+06 1.5204e+06
1.5104e+06 1.55831e+06 1.55776e+06
1.57017e+06 1.5239e+06 1.51932e+06
1.50392e+06 1.55641e+06 1.59321e+06
1.59857e+06 1.48692e+06 1.56491e+06
1.58905e+06 1.48482e+06 1.54965e+06
1.52591e+06 1.56765e+06 1.55552e+06
1.50383e+06 1.5655e+06 1.61183e+06
1.57138e+06 1.52605e+06 1.5213e+06
1.52708e+06 1.56138e+06 1.55038e+06
1.57643e+06 1.48696e+06 1.55547e+06
1.59587e+06 1.46229e+06 1.63615e+06
1.57096e+06 1.53376e+06 1.52147e+06
1.50287e+06 1.55325e+06 1.60334e+06
1.58339e+06 1.53308e+06 1.51861e+06
1.50259e+06 1.55813e+06 1.59291e+06
1.60139e+06 1.46627e+06 1.63696e+06
1.57626e+06 1.52287e+06 1.52445e+06
1.58339e+06 1.53308e+06 1.51861e+06
1.50287e+06 1.55325e+06 1.60334e+06
1.57583e+06 1.5327e+06 1.51954e+06
1.52708e+06 1.56138e+06 1.55038e+06
1.57622e+06 1.49262e+06 1.55442e+06
1.58429e+06 1.47366e+06 1.63623e+06
1.59041e+06 1.4861e+06 1.54748e+06
1.50903e+06 1.54612e+06 1.60237e+06
1.57348e+06 1.52575e+06 1.51807e+06
1.57622e+06 1.49262e+06 1.55442e+06
1.58632e+06 1.4851e+06 1.54863e+06
1.57331e+06 1.49297e+06 1.54778e+06
1.53529e+06 1.58568e+06 1.54928e+06
1.50621e+06 1.54765e+06 1.60348e+06
1.57583e+06 1.5327e+06 1.51954e+06
1.51696e+06 1.56054e+06 1.56355e+06
1.59297e+06 1.46429e+06 1.63777e+06
1.59594e+06 1.46137e+06 1.63088e+06
1.57348e+06 1.52575e+06 1.51807e+06
1.50315e+06 1.56801e+06 1.57369e+06
1.57268e+06 1.52742e+06 1.51835e+06
1.50588e+06 1.55201e+06 1.59745e+06
1.59294e+06 1.46523e+06 1.63514e+06
1.58339e+06 1.53308e+06 1.51861e+06
1.58635e+06 1.48517e+06 1.55194e+06
1.5028e+06 1.55308e+06 1.6084e+06
1.57054e+06 1.52414e+06 1.51955e+06
1.51516e+06 1.55739e+06 1.56734e+06
1.50431e+06 1.55484e+06 1.59394e+06
1.59587e+06 1.46229e+06 1.63615e+06
1.59075e+06 1.48866e+06 1.55278e+06
1.50304e+06 1.55622e+06 1.59569e+06
1.57458e+06 1.53349e+06 1.52281e+06
1.5036e+06 1.5577e+06 1.59136e+06
1.59594e+06 1.46137e+06 1.63088e+06
1.58369e+06 1.49041e+06 1.55642e+06
1.58103e+06 1.53525e+06 1.52431e+06
1.5028e+06 1.55308e+06 1.6084e+06
1.57017e+06 1.5239e+06 1.51932e+06
1.5104e+06 1.55831e+06 1.55776e+06
1.5826e+06 1.49259e+06 1.54608e+06
1.59386e+06 1.46912e+06 1.63758e+06
1.58672e+06 1.48546e+06 1.54956e+06
1.50287e+06 1.55325e+06 1.60334e+06
1.58687e+06 1.51976e+06 1.52651e+06
1.59386e+06 1.46912e+06 1.63758e+06
1.59857e+06 1.48692e+06 1.56491e+06
1.59041e+06 1.4861e+06 1.54748e+06
1.58339e+06 1.53308e+06 1.51861e+06
1.51001e+06 1.56457e+06 1.57601e+06
1.57054e+06 1.52414e+06 1.51955e+06
1.51549e+06 1.56545e+06 1.57381e+06
1.56617e+06 1.48537e+06 1.64362e+06
1.59787e+06 1.46793e+06 1.64727e+06
1.57626e+06 1.52287e+06 1.52445e+06
1.50304e+06 1.55622e+06 1.59569e+06
1.57054e+06 1.52414e+06 1.51955e+06
1.50431e+06 1.55484e+06 1.59394e+06
1.59587e+06 1.46229e+06 1.63615e+06
1.58742e+06 1.48347e+06 1.54749e+06
1.51696e+06 1.56054e+06 1.56355e+06
1.50383e+06 1.5655e+06 1.61183e+06
1.57392e+06 1.53314e+06 1.51966e+06
1.58339e+06 1.53308e+06 1.51861e+06
1.58672e+06 1.48546e+06 1.54956e+06
1.57331e+06 1.49297e+06 1.54778e+06
1.57626e+06 1.52287e+06 1.52445e+06
1.5036e+06 1.5577e+06 1.59136e+06
1.57458e+06 1.53349e+06 1.52281e+06
1.50697e+06 1.54793e+06 1.6051e+06
1.60139e+06 1.46627e+06 1.63696e+06
1.58137e+06 1.48998e+06 1.55608e+06
1.53529e+06 1.58568e+06 1.54928e+06
1.5028e+06 1.55308e+06 1.6084e+06
1.56808e+06 1.52315e+06 1.51864e+06
1.51516e+06 1.55739e+06 1.56734e+06
1.50431e+06 1.55484e+06 1.59394e+06
1.5914e+06 1.46943e+06 1.64415e+06
