123 62.1367
2.47174e+06 3.04106e+06 3.01283e+06 3.00338e+06
3.07483e+06 2.54161e+06 3.10793e+06 3.14569e+06
3.0583e+06 3.04131e+06 2.51326e+06 3.10299e+06
3.01373e+06 2.98886e+06 2.9726e+06 2.44914e+06
3.05126e+06 2.88544e+06 2.92387e+06 2.49241e+06
3.07787e+06 2.53479e+06 3.12106e+06 3.13572e+06
3.00968e+06 2.99065e+06 2.97527e+06 2.45181e+06
2.48949e+06 3.03738e+06 2.96572e+06 2.9883e+06
3.07271e+06 2.54039e+06 3.10567e+06 3.14728e+06
3.07153e+06 2.54139e+06 3.10598e+06 3.14753e+06
3.05697e+06 2.90472e+06 2.92454e+06 2.47978e+06
2.49882e+06 2.99342e+06 2.97614e+06 3.01287e+06
3.00667e+06 2.98896e+06 2.93528e+06 2.46383e+06
2.47102e+06 3.04714e+06 3.00937e+06 2.99489e+06
2.49767e+06 2.99608e+06 2.9741e+06 3.01226e+06
3.06061e+06 3.04056e+06 2.513e+06 3.10204e+06
3.06e+06 2.90908e+06 2.9157e+06 2.47354e+06
2.49056e+06 3.04222e+06 2.96659e+06 2.99225e+06
3.06006e+06 2.91087e+06 2.91623e+06 2.47907e+06
2.49882e+06 2.99342e+06 2.97614e+06 3.01287e+06
3.05889e+06 3.03934e+06 2.51447e+06 3.10108e+06
3.0603e+06 2.90853e+06 2.91336e+06 2.47252e+06
2.96591e+06 2.99482e+06 2.95794e+06 2.47652e+06
2.47165e+06 3.04482e+06 3.01032e+06 2.99791e+06
3.05258e+06 3.02786e+06 2.51799e+06 3.10214e+06
3.05334e+06 2.88364e+06 2.91842e+06 2.49821e+06
3.05258e+06 3.02786e+06 2.51799e+06 3.10214e+06
3.06093e+06 3.03148e+06 2.51675e+06 3.09844e+06
3.04954e+06 2.91401e+06 2.91821e+06 2.4766e+06
2.47165e+06 3.04482e+06 3.01032e+06 2.99791e+06
3.05641e+06 2.91331e+06 2.91537e+06 2.47632e+06
3.05341e+06 3.04106e+06 2.51608e+06 3.10087e+06
3.05126e+06 2.88544e+06 2.92387e+06 2.49241e+06
3.03654e+06 2.89048e+06 2.93074e+06 2.49452e+06
2.49948e+06 2.99379e+06 2.97842e+06 3.00976e+06
3.07193e+06 2.53739e+06 3.11566e+06 3.1502e+06
3.01719e+06 2.98483e+06 2.97466e+06 2.45179e+06
2.96591e+06 2.99482e+06 2.95794e+06 2.47652e+06
2.49574e+06 2.99806e+06 2.97445e+06 3.0139e+06
3.07193e+06 2.53739e+06 3.11566e+06 3.1502e+06
3.05992e+06 2.9109e+06 2.91615e+06 2.4762e+06
2.49905e+06 2.99637e+06 2.97048e+06 3.0141e+06
2.96996e+06 2.9969e+06 2.95975e+06 2.47245e+06
2.47165e+06 3.04482e+06 3.01032e+06 2.99791e+06
3.07845e+06 2.5363e+06 3.12394e+06 3.13064e+06
3.0468e+06 3.04434e+06 2.53803e+06 3.05677e+06
2.96642e+06 3.00132e+06 2.96929e+06 2.47357e+06
2.47289e+06 3.04092e+06 3.00743e+06 3.00168e+06
3.06104e+06 3.03737e+06 2.51491e+06 3.10006e+06
2.49056e+06 3.04222e+06 2.96659e+06 2.99225e+06
3.05258e+06 3.02786e+06 2.51799e+06 3.10214e+06
3.0384e+06 3.04123e+06 2.52184e+06 3.10114e+06
3.0603e+06 2.90853e+06 2.91336e+06 2.47252e+06
2.49056e+06 3.04222e+06 2.96659e+06 2.99225e+06
3.05126e+06 2.88544e+06 2.92387e+06 2.49241e+06
3.05258e+06 3.02786e+06 2.51799e+06 3.10214e+06
3.06006e+06 2.91087e+06 2.91623e+06 2.47907e+06
3.0603e+06 2.90853e+06 2.91336e+06 2.47252e+06
2.96591e+06 2.99482e+06 2.95794e+06 2.47652e+06
2.47102e+06 3.04714e+06 3.00937e+06 2.99489e+06
3.00968e+06 2.99065e+06 2.97527e+06 2.45181e+06
3.03654e+06 2.89048e+06 2.93074e+06 2.49452e+06
2.48949e+06 3.03738e+06 2.96572e+06 2.9883e+06
3.0737e+06 2.54106e+06 3.10572e+06 3.14568e+06
3.06305e+06 3.03183e+06 2.51868e+06 3.09985e+06
3.05126e+06 2.88544e+06 2.92387e+06 2.49241e+06
3.01373e+06 2.98886e+06 2.9726e+06 2.44914e+06
2.48856e+06 3.04447e+06 2.96886e+06 2.98513e+06
3.07787e+06 2.53479e+06 3.12106e+06 3.13572e+06
2.50487e+06 2.99317e+06 2.97305e+06 3.01304e+06
3.05479e+06 2.91032e+06 2.91896e+06 2.47626e+06
2.49946e+06 2.99513e+06 2.97781e+06 3.01292e+06
3.06268e+06 2.91724e+06 2.91485e+06 2.48024e+06
2.4898e+06 3.03724e+06 2.96534e+06 2.98737e+06
2.49948e+06 2.99379e+06 2.97842e+06 3.00976e+06
3.06104e+06 3.03737e+06 2.51491e+06 3.10006e+06
3.00667e+06 2.98896e+06 2.93528e+06 2.46383e+06
2.49905e+06 2.99637e+06 2.97048e+06 3.0141e+06
2.96591e+06 2.99482e+06 2.95794e+06 2.47652e+06
2.47213e+06 3.03552e+06 3.00923e+06 3.00736e+06
3.0583e+06 3.04131e+06 2.51326e+06 3.10299e+06
3.05992e+06 2.9109e+06 2.91615e+06 2.4762e+06
2.97376e+06 3.00091e+06 2.96264e+06 2.46808e+06
2.47165e+06 3.04482e+06 3.01032e+06 2.99791e+06
3.06061e+06 3.04056e+06 2.513e+06 3.10204e+06
3.05126e+06 2.88544e+06 2.92387e+06 2.49241e+06
2.49236e+06 3.04103e+06 2.96447e+06 2.99225e+06
3.05401e+06 3.02787e+06 2.52487e+06 3.09695e+06
3.05126e+06 2.88544e+06 2.92387e+06 2.49241e+06
2.47072e+06 3.03218e+06 3.01067e+06 3.0058e+06
3.05992e+06 2.9109e+06 2.91615e+06 2.4762e+06
3.03111e+06 3.0379e+06 2.52806e+06 3.10298e+06
3.05126e+06 2.88544e+06 2.92387e+06 2.49241e+06
3.07787e+06 2.53479e+06 3.12106e+06 3.13572e+06
2.49056e+06 3.04222e+06 2.96659e+06 2.99225e+06
3.07193e+06 2.53739e+06 3.11566e+06 3.1502e+06
3.06164e+06 2.91082e+06 2.91648e+06 2.47667e+06
2.47607e+06 3.04295e+06 3.0113e+06 2.99675e+06
3.07081e+06 2.5393e+06 3.10606e+06 3.14793e+06
3.07081e+06 2.5393e+06 3.10606e+06 3.14793e+06
3.05992e+06 2.9109e+06 2.91615e+06 2.4762e+06
3.03654e+06 2.89048e+06 2.93074e+06 2.49452e+06
3.01373e+06 2.98886e+06 2.9726e+06 2.44914e+06
2.48823e+06 3.04077e+06 2.97085e+06 2.99036e+06
3.07845e+06 2.5363e+06 3.12394e+06 3.13064e+06
3.05992e+06 2.9109e+06 2.91615e+06 2.4762e+06
3.00667e+06 2.98896e+06 2.93528e+06 2.46383e+06
2.49838e+06 2.99508e+06 2.9739e+06 3.01171e+06
3.05641e+06 2.91331e+06 2.91537e+06 2.47632e+06
2.49838e+06 2.99508e+06 2.9739e+06 3.01171e+06
3.05126e+06 2.88544e+06 2.92387e+06 2.49241e+06
3.05258e+06 3.02786e+06 2.51799e+06 3.10214e+06
3.05792e+06 2.9055e+06 2.92359e+06 2.47642e+06
2.47102e+06 3.04714e+06 3.00937e+06 2.99489e+06
3.0384e+06 3.04123e+06 2.52184e+06 3.10114e+06
3.05126e+06 2.88544e+06 2.92387e+06 2.49241e+06
3.05258e+06 3.02786e+06 2.51799e+06 3.10214e+06
3.05126e+06 2.88544e+06 2.92387e+06 2.49241e+06
2.4898e+06 3.03724e+06 2.96534e+06 2.98737e+06
2.47202e+06 3.03898e+06 3.01204e+06 3.00155e+06
3.01373e+06 2.98886e+06 2.9726e+06 2.44914e+06
2.96591e+06 2.99482e+06 2.95794e+06 2.47652e+06
2.49574e+06 2.99806e+06 2.97445e+06 3.0139e+06
3.07787e+06 2.53479e+06 3.12106e+06 3.13572e+06
3.05215e+06 3.02705e+06 2.51947e+06 3.10394e+06
3.07869e+06 2.53936e+06 3.11128e+06 3.14501e+06
3.05641e+06 2.91331e+06 2.91537e+06 2.47632e+06
3.03832e+06 3.04076e+06 2.52422e+06 3.10044e+06
3.0803e+06 2.54061e+06 3.12257e+06 3.13453e+06
3.05126e+06 2.88544e+06 2.92387e+06 2.49241e+06
3.06e+06 2.90908e+06 2.9157e+06 2.47354e+06
3.07271e+06 2.54039e+06 3.10567e+06 3.14728e+06
3.05792e+06 2.9055e+06 2.92359e+06 2.47642e+06
2.47165e+06 3.04482e+06 3.01032e+06 2.99791e+06
2.49882e+06 2.99342e+06 2.97614e+06 3.01287e+06
3.05889e+06 3.03934e+06 2.51447e+06 3.10108e+06
3.05992e+06 2.9109e+06 2.91615e+06 2.4762e+06
2.47165e+06 3.04482e+06 3.01032e+06 2.99791e+06
3.06e+06 2.90908e+06 2.9157e+06 2.47354e+06
2.49767e+06 2.99608e+06 2.9741e+06 3.01226e+06
3.05889e+06 3.03934e+06 2.51447e+06 3.10108e+06
3.00553e+06 2.9952e+06 2.93017e+06 2.46801e+06
2.96591e+06 2.99482e+06 2.95794e+06 2.47652e+06
2.47213e+06 3.03552e+06 3.00923e+06 3.00736e+06
3.06061e+06 3.04056e+06 2.513e+06 3.10204e+06
3.05792e+06 2.9055e+06 2.92359e+06 2.47642e+06
3.00553e+06 2.9952e+06 2.93017e+06 2.46801e+06
3.05334e+06 2.88364e+06 2.91842e+06 2.49821e+06
3.05126e+06 2.88544e+06 2.92387e+06 2.49241e+06
2.47072e+06 3.03218e+06 3.01067e+06 3.0058e+06
3.05792e+06 2.9055e+06 2.92359e+06 2.47642e+06
3.0737e+06 2.54106e+06 3.10572e+06 3.14568e+06
3.05258e+06 3.02786e+06 2.51799e+06 3.10214e+06
3.04552e+06 2.8922e+06 2.94048e+06 2.48846e+06
2.48949e+06 3.03738e+06 2.96572e+06 2.9883e+06
3.07845e+06 2.5363e+06 3.12394e+06 3.13064e+06
3.01373e+06 2.98886e+06 2.9726e+06 2.44914e+06
2.48856e+06 3.04447e+06 2.96886e+06 2.98513e+06
2.48856e+06 3.04447e+06 2.96886e+06 2.98513e+06
3.06872e+06 2.54086e+06 3.11683e+06 3.15131e+06
3.05094e+06 3.04428e+06 2.53998e+06 3.05492e+06
3.03832e+06 3.04076e+06 2.52422e+06 3.10044e+06
3.05992e+06 2.9109e+06 2.91615e+06 2.4762e+06
2.49574e+06 2.99806e+06 2.97445e+06 3.0139e+06
3.07154e+06 2.5399e+06 3.10566e+06 3.14867e+06
3.00698e+06 2.98583e+06 2.9304e+06 2.47011e+06
2.97376e+06 3.00091e+06 2.96264e+06 2.46808e+06
2.47876e+06 3.02721e+06 3.00424e+06 2.99879e+06
3.04476e+06 3.04319e+06 2.53696e+06 3.05839e+06
2.48949e+06 3.03738e+06 2.96572e+06 2.9883e+06
3.05258e+06 3.02786e+06 2.51799e+06 3.10214e+06
3.06093e+06 3.03148e+06 2.51675e+06 3.09844e+06
3.05641e+06 2.91331e+06 2.91537e+06 2.47632e+06
2.47165e+06 3.04482e+06 3.01032e+06 2.99791e+06
3.05215e+06 3.02705e+06 2.51947e+06 3.10394e+06
3.06093e+06 3.03148e+06 2.51675e+06 3.09844e+06
3.05889e+06 3.03934e+06 2.51447e+06 3.10108e+06
2.96996e+06 2.9969e+06 2.95975e+06 2.47245e+06
3.03945e+06 2.89555e+06 2.93661e+06 2.48717e+06
2.47165e+06 3.04482e+06 3.01032e+06 2.99791e+06
3.01432e+06 2.98573e+06 2.97408e+06 2.45268e+06
3.04954e+06 2.91401e+06 2.91821e+06 2.4766e+06
2.49002e+06 3.04172e+06 2.96632e+06 2.9911e+06
3.07154e+06 2.5399e+06 3.10566e+06 3.14867e+06
3.05126e+06 2.88544e+06 2.92387e+06 2.49241e+06
3.07154e+06 2.5399e+06 3.10566e+06 3.14867e+06
2.97376e+06 3.00091e+06 2.96264e+06 2.46808e+06
2.4898e+06 3.03724e+06 2.96534e+06 2.98737e+06
3.0737e+06 2.54106e+06 3.10572e+06 3.14568e+06
3.07869e+06 2.53936e+06 3.11128e+06 3.14501e+06
3.05792e+06 2.9055e+06 2.92359e+06 2.47642e+06
2.49767e+06 2.99608e+06 2.9741e+06 3.01226e+06
3.05641e+06 2.91331e+06 2.91537e+06 2.47632e+06
2.48856e+06 3.04447e+06 2.96886e+06 2.98513e+06
3.07154e+06 2.5399e+06 3.10566e+06 3.14867e+06
3.0468e+06 3.04434e+06 2.53803e+06 3.05677e+06
3.0603e+06 2.90853e+06 2.91336e+06 2.47252e+06
2.48823e+06 3.04077e+06 2.97085e+06 2.99036e+06
3.05126e+06 2.88544e+06 2.92387e+06 2.49241e+06
2.49882e+06 2.99342e+06 2.97614e+06 3.01287e+06
3.06061e+06 3.04056e+06 2.513e+06 3.10204e+06
3.00553e+06 2.9952e+06 2.93017e+06 2.46801e+06
2.97376e+06 3.00091e+06 2.96264e+06 2.46808e+06
2.47072e+06 3.03218e+06 3.01067e+06 3.0058e+06
3.05258e+06 3.02786e+06 2.51799e+06 3.10214e+06
3.05255e+06 2.88657e+06 2.92209e+06 2.49484e+06
3.05258e+06 3.02786e+06 2.51799e+06 3.10214e+06
3.05258e+06 3.02786e+06 2.51799e+06 3.10214e+06
3.05126e+06 2.88544e+06 2.92387e+06 2.49241e+06
2.47072e+06 3.03218e+06 3.01067e+06 3.0058e+06
3.0145e+06 2.98937e+06 2.97084e+06 2.45004e+06
2.49574e+06 2.99806e+06 2.97445e+06 3.0139e+06
3.04444e+06 3.02552e+06 2.54267e+06 3.06036e+06
3.03654e+06 2.89048e+06 2.93074e+06 2.49452e+06
2.49767e+06 2.99608e+06 2.9741e+06 3.01226e+06
3.07193e+06 2.53739e+06 3.11566e+06 3.1502e+06
3.06164e+06 2.91082e+06 2.91648e+06 2.47667e+06
2.96591e+06 2.99482e+06 2.95794e+06 2.47652e+06
2.49574e+06 2.99806e+06 2.97445e+06 3.0139e+06
3.07193e+06 2.53739e+06 3.11566e+06 3.1502e+06
3.00627e+06 2.98914e+06 2.93314e+06 2.46684e+06
2.49574e+06 2.99806e+06 2.97445e+06 3.0139e+06
3.03872e+06 2.90041e+06 2.93417e+06 2.48477e+06
2.47213e+06 3.03552e+06 3.00923e+06 3.00736e+06
3.07869e+06 2.53936e+06 3.11128e+06 3.14501e+06
3.06314e+06 2.91318e+06 2.91832e+06 2.47685e+06
3.01373e+06 2.98886e+06 2.9726e+06 2.44914e+06
2.47876e+06 3.02721e+06 3.00424e+06 2.99879e+06
3.00553e+06 2.9952e+06 2.93017e+06 2.46801e+06
2.48856e+06 3.04447e+06 2.96886e+06 2.98513e+06
3.05215e+06 3.02705e+06 2.51947e+06 3.10394e+06
3.0384e+06 3.04123e+06 2.52184e+06 3.10114e+06
3.05126e+06 2.88544e+06 2.92387e+06 2.49241e+06
2.48856e+06 3.04447e+06 2.96886e+06 2.98513e+06
3.05258e+06 3.02786e+06 2.51799e+06 3.10214e+06
3.05215e+06 3.02705e+06 2.51947e+06 3.10394e+06
3.0468e+06 3.04434e+06 2.53803e+06 3.05677e+06
3.05126e+06 2.88544e+06 2.92387e+06 2.49241e+06
2.48856e+06 3.04447e+06 2.96886e+06 2.98513e+06
2.47174e+06 3.04106e+06 3.01283e+06 3.00338e+06
3.01373e+06 2.98886e+06 2.9726e+06 2.44914e+06
2.96591e+06 2.99482e+06 2.95794e+06 2.47652e+06
3.03832e+06 3.04076e+06 2.52422e+06 3.10044e+06
3.07845e+06 2.5363e+06 3.12394e+06 3.13064e+06
3.05258e+06 3.02786e+06 2.51799e+06 3.10214e+06
3.03654e+06 2.89048e+06 2.93074e+06 2.49452e+06
3.05792e+06 2.9055e+06 2.92359e+06 2.47642e+06
2.48949e+06 3.03738e+06 2.96572e+06 2.9883e+06
3.0803e+06 2.54061e+06 3.12257e+06 3.13453e+06
3.05215e+06 3.02705e+06 2.51947e+06 3.10394e+06
3.05473e+06 2.8914e+06 2.92663e+06 2.48684e+06
3.07193e+06 2.53739e+06 3.11566e+06 3.1502e+06
3.05992e+06 2.9109e+06 2.91615e+06 2.4762e+06
2.49574e+06 2.99806e+06 2.97445e+06 3.0139e+06
2.47876e+06 3.02721e+06 3.00424e+06 2.99879e+06
3.06061e+06 3.04056e+06 2.513e+06 3.10204e+06
3.06e+06 2.90908e+06 2.9157e+06 2.47354e+06
2.4898e+06 3.03724e+06 2.96534e+06 2.98737e+06
3.00553e+06 2.9952e+06 2.93017e+06 2.46801e+06
2.47102e+06 3.04714e+06 3.00937e+06 2.99489e+06
3.06061e+06 3.04056e+06 2.513e+06 3.10204e+06
3.06e+06 2.90908e+06 2.9157e+06 2.47354e+06
2.96996e+06 2.9969e+06 2.95975e+06 2.47245e+06
2.47102e+06 3.04714e+06 3.00937e+06 2.99489e+06
3.05889e+06 3.03934e+06 2.51447e+06 3.10108e+06
3.05473e+06 2.8914e+06 2.92663e+06 2.48684e+06
3.0384e+06 3.04123e+06 2.52184e+06 3.10114e+06
2.49721e+06 2.99916e+06 2.97826e+06 3.00923e+06
3.05126e+06 2.88544e+06 2.92387e+06 2.49241e+06
2.47213e+06 3.03552e+06 3.00923e+06 3.00736e+06
3.05992e+06 2.9109e+06 2.91615e+06 2.4762e+06
3.0384e+06 3.04123e+06 2.52184e+06 3.10114e+06
3.05126e+06 2.88544e+06 2.92387e+06 2.49241e+06
3.05126e+06 2.88544e+06 2.92387e+06 2.49241e+06
3.05258e+06 3.02786e+06 2.51799e+06 3.10214e+06
3.0803e+06 2.54061e+06 3.12257e+06 3.13453e+06
3.01373e+06 2.98886e+06 2.9726e+06 2.44914e+06
2.48712e+06 3.04131e+06 2.9731e+06 2.99178e+06
2.49905e+06 2.99637e+06 2.97048e+06 3.0141e+06
3.07845e+06 2.5363e+06 3.12394e+06 3.13064e+06
3.00815e+06 2.99388e+06 2.93147e+06 2.4667e+06
3.03654e+06 2.89048e+06 2.93074e+06 2.49452e+06
3.01373e+06 2.98886e+06 2.9726e+06 2.44914e+06
2.4898e+06 3.03724e+06 2.96534e+06 2.98737e+06
3.07193e+06 2.53739e+06 3.11566e+06 3.1502e+06
3.06006e+06 2.91087e+06 2.91623e+06 2.47907e+06
2.96591e+06 2.99482e+06 2.95794e+06 2.47652e+06
2.49882e+06 2.99342e+06 2.97614e+06 3.01287e+06
3.06104e+06 3.03737e+06 2.51491e+06 3.10006e+06
2.49236e+06 3.04103e+06 2.96447e+06 2.99225e+06
3.04476e+06 3.04319e+06 2.53696e+06 3.05839e+06
3.04476e+06 3.04319e+06 2.53696e+06 3.05839e+06
3.04298e+06 2.8941e+06 2.93403e+06 2.48698e+06
2.47102e+06 3.04714e+06 3.00937e+06 2.99489e+06
3.0384e+06 3.04123e+06 2.52184e+06 3.10114e+06
3.07082e+06 2.54301e+06 3.10426e+06 3.14394e+06
3.05258e+06 3.02786e+06 2.51799e+06 3.10214e+06
3.05192e+06 2.89001e+06 2.9221e+06 2.491e+06
2.49236e+06 3.04103e+06 2.96447e+06 2.99225e+06
2.47072e+06 3.03218e+06 3.01067e+06 3.0058e+06
3.01432e+06 2.98573e+06 2.97408e+06 2.45268e+06
3.0603e+06 2.90853e+06 2.91336e+06 2.47252e+06
2.49236e+06 3.04103e+06 2.96447e+06 2.99225e+06
2.49948e+06 2.99379e+06 2.97842e+06 3.00976e+06
3.07081e+06 2.5393e+06 3.10606e+06 3.14793e+06
3.0737e+06 2.54106e+06 3.10572e+06 3.14568e+06
3.01373e+06 2.98886e+06 2.9726e+06 2.44914e+06
2.49236e+06 3.04103e+06 2.96447e+06 2.99225e+06
3.03654e+06 2.89048e+06 2.93074e+06 2.49452e+06
3.07271e+06 2.54039e+06 3.10567e+06 3.14728e+06
3.05792e+06 2.9055e+06 2.92359e+06 2.47642e+06
3.07787e+06 2.53479e+06 3.12106e+06 3.13572e+06
3.05641e+06 2.91331e+06 2.91537e+06 2.47632e+06
2.47102e+06 3.04714e+06 3.00937e+06 2.99489e+06
3.06872e+06 2.54086e+06 3.11683e+06 3.15131e+06
3.0583e+06 3.04131e+06 2.51326e+06 3.10299e+06
3.01152e+06 2.9856e+06 2.97384e+06 2.44978e+06
2.47165e+06 3.04482e+06 3.01032e+06 2.99791e+06
3.05126e+06 2.88544e+06 2.92387e+06 2.49241e+06
2.49838e+06 2.99508e+06 2.9739e+06 3.01171e+06
3.06104e+06 3.03737e+06 2.51491e+06 3.10006e+06
2.97376e+06 3.00091e+06 2.96264e+06 2.46808e+06
3.03654e+06 2.89048e+06 2.93074e+06 2.49452e+06
2.46975e+06 3.04016e+06 3.0065e+06 3.01144e+06
3.06061e+06 3.04056e+06 2.513e+06 3.10204e+06
3.06e+06 2.90908e+06 2.9157e+06 2.47354e+06
3.04954e+06 2.91401e+06 2.91821e+06 2.4766e+06
3.05215e+06 3.02705e+06 2.51947e+06 3.10394e+06
3.05192e+06 2.89001e+06 2.9221e+06 2.491e+06
2.47072e+06 3.03218e+06 3.01067e+06 3.0058e+06
3.01869e+06 2.9905e+06 2.97352e+06 2.44933e+06
2.49948e+06 2.99379e+06 2.97842e+06 3.00976e+06
3.05215e+06 3.02705e+06 2.51947e+06 3.10394e+06
3.07845e+06 2.5363e+06 3.12394e+06 3.13064e+06
2.49236e+06 3.04103e+06 2.96447e+06 2.99225e+06
3.07081e+06 2.5393e+06 3.10606e+06 3.14793e+06
3.01869e+06 2.9905e+06 2.97352e+06 2.44933e+06
2.96642e+06 3.00132e+06 2.96929e+06 2.47357e+06
2.49905e+06 2.99637e+06 2.97048e+06 3.0141e+06
3.07787e+06 2.53479e+06 3.12106e+06 3.13572e+06
3.00627e+06 2.98914e+06 2.93314e+06 2.46684e+06
2.49948e+06 2.99379e+06 2.97842e+06 3.00976e+06
3.06e+06 2.90908e+06 2.9157e+06 2.47354e+06
2.49767e+06 2.99608e+06 2.9741e+06 3.01226e+06
3.07271e+06 2.54039e+06 3.10567e+06 3.14728e+06
3.00553e+06 2.9952e+06 2.93017e+06 2.46801e+06
2.96996e+06 2.9969e+06 2.95975e+06 2.47245e+06
2.47112e+06 3.04021e+06 3.01248e+06 3.0009e+06
3.0468e+06 3.04434e+06 2.53803e+06 3.05677e+06
2.47213e+06 3.03552e+06 3.00923e+06 3.00736e+06
3.06093e+06 3.03148e+06 2.51675e+06 3.09844e+06
3.06061e+06 3.04056e+06 2.513e+06 3.10204e+06
3.05792e+06 2.9055e+06 2.92359e+06 2.47642e+06
2.47165e+06 3.04482e+06 3.01032e+06 2.99791e+06
3.05258e+06 3.02786e+06 2.51799e+06 3.10214e+06
3.05126e+06 2.88544e+06 2.92387e+06 2.49241e+06
3.05258e+06 3.02786e+06 2.51799e+06 3.10214e+06
3.0603e+06 2.90853e+06 2.91336e+06 2.47252e+06
2.47876e+06 3.02721e+06 3.00424e+06 2.99879e+06
2.47174e+06 3.04106e+06 3.01283e+06 3.00338e+06
3.01373e+06 2.98886e+06 2.9726e+06 2.44914e+06
2.96591e+06 2.99482e+06 2.95794e+06 2.47652e+06
2.48712e+06 3.04131e+06 2.9731e+06 2.99178e+06
3.07081e+06 2.5393e+06 3.10606e+06 3.14793e+06
3.0544e+06 3.02962e+06 2.52206e+06 3.10008e+06
3.07787e+06 2.53479e+06 3.12106e+06 3.13572e+06
2.97376e+06 3.00091e+06 2.96264e+06 2.46808e+06
2.49056e+06 3.04222e+06 2.96659e+06 2.99225e+06
3.07193e+06 2.53739e+06 3.11566e+06 3.1502e+06
3.06093e+06 3.03148e+06 2.51675e+06 3.09844e+06
3.01152e+06 2.9856e+06 2.97384e+06 2.44978e+06
2.49838e+06 2.99508e+06 2.9739e+06 3.01171e+06
3.00553e+06 2.9952e+06 2.93017e+06 2.46801e+06
2.47102e+06 3.04714e+06 3.00937e+06 2.99489e+06
2.49882e+06 2.99342e+06 2.97614e+06 3.01287e+06
3.05258e+06 3.02786e+06 2.51799e+06 3.10214e+06
3.06e+06 2.90908e+06 2.9157e+06 2.47354e+06
2.49808e+06 3.0001e+06 2.97383e+06 3.01902e+06
3.06e+06 2.90908e+06 2.9157e+06 2.47354e+06
2.49882e+06 2.99342e+06 2.97614e+06 3.01287e+06
3.06e+06 2.90908e+06 2.9157e+06 2.47354e+06
3.04476e+06 3.04319e+06 2.53696e+06 3.05839e+06
2.96642e+06 3.00132e+06 2.96929e+06 2.47357e+06
2.46975e+06 3.04016e+06 3.0065e+06 3.01144e+06
3.06093e+06 3.03148e+06 2.51675e+06 3.09844e+06
3.05473e+06 2.8914e+06 2.92663e+06 2.48684e+06
3.06061e+06 3.04056e+06 2.513e+06 3.10204e+06
3.05126e+06 2.88544e+06 2.92387e+06 2.49241e+06
3.0603e+06 2.90853e+06 2.91336e+06 2.47252e+06
2.47102e+06 3.04714e+06 3.00937e+06 2.99489e+06
3.01373e+06 2.98886e+06 2.9726e+06 2.44914e+06
2.49236e+06 3.04103e+06 2.96447e+06 2.99225e+06
3.05126e+06 2.88544e+06 2.92387e+06 2.49241e+06
3.03654e+06 2.89048e+06 2.93074e+06 2.49452e+06
2.49905e+06 2.99637e+06 2.97048e+06 3.0141e+06
3.07081e+06 2.5393e+06 3.10606e+06 3.14793e+06
3.01373e+06 2.98886e+06 2.9726e+06 2.44914e+06
2.47102e+06 3.04714e+06 3.00937e+06 2.99489e+06
2.47876e+06 3.02721e+06 3.00424e+06 2.99879e+06
3.07193e+06 2.53739e+06 3.11566e+06 3.1502e+06
3.06268e+06 2.91724e+06 2.91485e+06 2.48024e+06
3.05215e+06 3.02705e+06 2.51947e+06 3.10394e+06
3.01152e+06 2.9856e+06 2.97384e+06 2.44978e+06
2.47165e+06 3.04482e+06 3.01032e+06 2.99791e+06
3.07081e+06 2.5393e+06 3.10606e+06 3.14793e+06
3.05889e+06 3.03934e+06 2.51447e+06 3.10108e+06
3.01152e+06 2.9856e+06 2.97384e+06 2.44978e+06
2.49905e+06 2.99637e+06 2.97048e+06 3.0141e+06
3.06268e+06 2.91724e+06 2.91485e+06 2.48024e+06
2.4898e+06 3.03724e+06 2.96534e+06 2.98737e+06
3.04444e+06 3.02552e+06 2.54267e+06 3.06036e+06
3.05015e+06 3.04196e+06 2.51669e+06 3.10424e+06
3.03999e+06 2.89565e+06 2.93429e+06 2.48664e+06
2.47102e+06 3.04714e+06 3.00937e+06 2.99489e+06
3.06093e+06 3.03148e+06 2.51675e+06 3.09844e+06
3.05258e+06 3.02786e+06 2.51799e+06 3.10214e+06
3.06e+06 2.90908e+06 2.9157e+06 2.47354e+06
3.04308e+06 2.89319e+06 2.93731e+06 2.48744e+06
3.03654e+06 2.89048e+06 2.93074e+06 2.49452e+06
2.47072e+06 3.03218e+06 3.01067e+06 3.0058e+06
3.01152e+06 2.9856e+06 2.97384e+06 2.44978e+06
2.96591e+06 2.99482e+06 2.95794e+06 2.47652e+06
2.49002e+06 3.04172e+06 2.96632e+06 2.9911e+06
3.07193e+06 2.53739e+06 3.11566e+06 3.1502e+06
3.05258e+06 3.02786e+06 2.51799e+06 3.10214e+06
3.05334e+06 2.88364e+06 2.91842e+06 2.49821e+06
3.0145e+06 2.98937e+06 2.97084e+06 2.45004e+06
2.4898e+06 3.03724e+06 2.96534e+06 2.98737e+06
3.07082e+06 2.54301e+06 3.10426e+06 3.14394e+06
2.49574e+06 2.99806e+06 2.97445e+06 3.0139e+06
3.05126e+06 2.88544e+06 2.92387e+06 2.49241e+06
3.06872e+06 2.54086e+06 3.11683e+06 3.15131e+06
3.06164e+06 2.91082e+06 2.91648e+06 2.47667e+06
2.96591e+06 2.99482e+06 2.95794e+06 2.47652e+06
2.49905e+06 2.99637e+06 2.97048e+06 3.0141e+06
3.05889e+06 3.03934e+06 2.51447e+06 3.10108e+06
3.01373e+06 2.98886e+06 2.9726e+06 2.44914e+06
2.47876e+06 3.02721e+06 3.00424e+06 2.99879e+06
3.04954e+06 2.91401e+06 2.91821e+06 2.4766e+06
2.47112e+06 3.04021e+06 3.01248e+06 3.0009e+06
3.06061e+06 3.04056e+06 2.513e+06 3.10204e+06
3.06e+06 2.90908e+06 2.9157e+06 2.47354e+06
2.96712e+06 3.00402e+06 2.96057e+06 2.47397e+06
2.47102e+06 3.04714e+06 3.00937e+06 2.99489e+06
3.0583e+06 3.04131e+06 2.51326e+06 3.10299e+06
3.05126e+06 2.88544e+06 2.92387e+06 2.49241e+06
2.49002e+06 3.04172e+06 2.96632e+06 2.9911e+06
3.05215e+06 3.02705e+06 2.51947e+06 3.10394e+06
