231 9.75899
1.6552e+06 1.58869e+06
1.66826e+06 1.54747e+06
1.61522e+06 1.58552e+06
1.67989e+06 1.61931e+06
1.65454e+06 1.56236e+06
1.64793e+06 1.62997e+06
1.5972e+06 1.63179e+06
1.65265e+06 1.5786e+06
1.59802e+06 1.60366e+06
1.62167e+06 1.58124e+06
1.593e+06 1.62515e+06
1.6184e+06 1.59346e+06
1.61801e+06 1.57753e+06
1.66077e+06 1.63602e+06
1.57742e+06 1.61575e+06
1.68299e+06 1.5923e+06
1.65976e+06 1.6183e+06
1.64941e+06 1.6082e+06
1.60951e+06 1.59835e+06
1.66949e+06 1.56512e+06
1.58822e+06 1.65496e+06
1.61961e+06 1.5987e+06
1.60126e+06 1.6031e+06
1.63382e+06 1.61575e+06
1.64794e+06 1.56118e+06
1.63223e+06 1.62639e+06
1.64319e+06 1.62993e+06
1.61855e+06 1.60123e+06
1.65982e+06 1.60002e+06
1.60887e+06 1.56942e+06
1.63585e+06 1.60196e+06
1.5821e+06 1.62191e+06
1.62826e+06 1.57083e+06
1.6312e+06 1.59909e+06
1.60838e+06 1.60583e+06
1.60206e+06 1.61016e+06
1.62419e+06 1.60251e+06
1.62781e+06 1.62247e+06
1.64604e+06 1.6537e+06
1.60128e+06 1.61953e+06
1.59912e+06 1.59369e+06
1.64912e+06 1.59065e+06
1.61361e+06 1.62513e+06
1.6844e+06 1.61683e+06
1.66182e+06 1.61429e+06
1.64005e+06 1.65711e+06
1.64197e+06 1.54356e+06
1.61214e+06 1.60652e+06
1.63481e+06 1.61727e+06
1.65309e+06 1.62169e+06
1.64193e+06 1.6156e+06
1.60926e+06 1.57461e+06
1.61496e+06 1.58676e+06
1.6711e+06 1.58362e+06
1.66137e+06 1.63992e+06
1.59183e+06 1.63812e+06
1.62781e+06 1.58761e+06
1.60775e+06 1.56311e+06
1.61971e+06 1.57902e+06
1.6447e+06 1.6013e+06
1.64898e+06 1.59491e+06
1.67227e+06 1.57004e+06
1.61384e+06 1.59551e+06
1.57713e+06 1.57114e+06
1.64391e+06 1.65163e+06
1.65274e+06 1.62163e+06
1.63487e+06 1.61006e+06
1.60654e+06 1.59211e+06
1.64769e+06 1.61837e+06
1.62184e+06 1.57884e+06
1.63895e+06 1.62458e+06
1.6197e+06 1.63482e+06
1.59839e+06 1.62736e+06
1.66425e+06 1.5995e+06
1.65181e+06 1.59518e+06
1.61868e+06 1.5615e+06
1.63337e+06 1.61326e+06
1.65455e+06 1.6042e+06
1.64736e+06 1.55398e+06
1.67533e+06 1.58569e+06
1.62411e+06 1.60324e+06
1.61287e+06 1.65787e+06
1.6046e+06 1.58819e+06
1.67682e+06 1.61971e+06
1.59751e+06 1.5812e+06
1.6253e+06 1.6064e+06
1.62672e+06 1.56505e+06
1.65129e+06 1.59765e+06
1.61979e+06 1.58664e+06
1.65793e+06 1.62547e+06
1.6116e+06 1.62755e+06
1.64764e+06 1.61071e+06
1.60446e+06 1.59359e+06
1.62175e+06 1.64518e+06
1.66953e+06 1.61467e+06
1.62563e+06 1.62876e+06
1.64909e+06 1.59106e+06
1.6537e+06 1.60306e+06
1.65945e+06 1.60077e+06
1.61332e+06 1.66644e+06
1.63273e+06 1.58633e+06
1.65585e+06 1.57352e+06
1.62113e+06 1.64745e+06
1.64408e+06 1.615e+06
1.60804e+06 1.59674e+06
1.6344e+06 1.64993e+06
1.63015e+06 1.60198e+06
1.6261e+06 1.59515e+06
1.63237e+06 1.60769e+06
1.60138e+06 1.59816e+06
1.65557e+06 1.61029e+06
1.61392e+06 1.64768e+06
1.59608e+06 1.54533e+06
1.60688e+06 1.61521e+06
1.6056e+06 1.58948e+06
1.63921e+06 1.61666e+06
1.61874e+06 1.58173e+06
1.61114e+06 1.59814e+06
1.64146e+06 1.58002e+06
1.63483e+06 1.61438e+06
1.62188e+06 1.61068e+06
1.57811e+06 1.57016e+06
1.61754e+06 1.58145e+06
1.61484e+06 1.64116e+06
1.5889e+06 1.56577e+06
1.62133e+06 1.62283e+06
1.6498e+06 1.61392e+06
1.60524e+06 1.63716e+06
1.6278e+06 1.6309e+06
1.63095e+06 1.64145e+06
1.6261e+06 1.60772e+06
1.62059e+06 1.617e+06
1.61638e+06 1.61295e+06
1.64732e+06 1.59808e+06
1.56998e+06 1.60142e+06
1.63683e+06 1.59341e+06
1.662e+06 1.63773e+06
1.63597e+06 1.59777e+06
1.63888e+06 1.62294e+06
1.63728e+06 1.66433e+06
1.62223e+06 1.6086e+06
1.65634e+06 1.57761e+06
1.65781e+06 1.63061e+06
1.62938e+06 1.63162e+06
1.61926e+06 1.59015e+06
1.64595e+06 1.61867e+06
1.65003e+06 1.62171e+06
1.61426e+06 1.59235e+06
1.6907e+06 1.58226e+06
1.6526e+06 1.53167e+06
1.6614e+06 1.60769e+06
1.67144e+06 1.59592e+06
1.65088e+06 1.63682e+06
1.60366e+06 1.59201e+06
1.61868e+06 1.64053e+06
1.63709e+06 1.58412e+06
1.61005e+06 1.633e+06
1.64888e+06 1.5821e+06
1.63036e+06 1.61008e+06
1.64392e+06 1.58138e+06
1.5961e+06 1.58929e+06
1.65302e+06 1.56319e+06
1.64807e+06 1.60779e+06
1.66551e+06 1.60998e+06
1.62964e+06 1.5652e+06
1.65061e+06 1.61715e+06
1.64428e+06 1.58872e+06
1.62671e+06 1.58076e+06
1.56034e+06 1.63915e+06
1.65025e+06 1.5997e+06
1.63643e+06 1.59992e+06
1.62717e+06 1.61175e+06
1.60364e+06 1.59065e+06
1.67713e+06 1.61911e+06
1.5953e+06 1.62212e+06
1.63034e+06 1.59558e+06
1.61547e+06 1.57977e+06
1.62492e+06 1.6182e+06
1.61636e+06 1.62294e+06
1.60872e+06 1.59673e+06
1.61394e+06 1.62971e+06
1.66508e+06 1.60423e+06
1.61873e+06 1.55825e+06
1.60973e+06 1.59831e+06
1.59196e+06 1.5768e+06
1.63188e+06 1.56465e+06
1.58649e+06 1.59747e+06
1.62866e+06 1.63254e+06
1.60205e+06 1.60472e+06
1.6232e+06 1.60166e+06
1.61942e+06 1.61435e+06
1.6832e+06 1.64412e+06
1.63294e+06 1.64649e+06
1.58577e+06 1.60266e+06
1.6393e+06 1.64842e+06
1.63608e+06 1.57962e+06
1.65813e+06 1.6087e+06
1.66902e+06 1.57405e+06
1.64306e+06 1.6486e+06
1.63969e+06 1.60595e+06
1.61913e+06 1.62594e+06
1.6358e+06 1.60293e+06
1.67794e+06 1.57653e+06
1.61991e+06 1.57193e+06
1.63967e+06 1.60451e+06
1.67058e+06 1.62624e+06
1.64191e+06 1.58245e+06
1.60519e+06 1.57071e+06
1.64829e+06 1.59577e+06
1.61842e+06 1.63579e+06
1.63385e+06 1.56591e+06
1.65179e+06 1.6452e+06
1.63728e+06 1.60582e+06
1.62062e+06 1.64592e+06
1.61986e+06 1.57699e+06
1.61685e+06 1.63294e+06
1.57408e+06 1.61852e+06
1.66501e+06 1.59794e+06
1.65202e+06 1.65659e+06
1.6545e+06 1.62654e+06
1.61321e+06 1.60965e+06
1.61309e+06 1.59811e+06
1.62696e+06 1.55737e+06
1.61501e+06 1.6093e+06
1.64412e+06 1.59109e+06
1.64402e+06 1.59194e+06
1.63179e+06 1.63833e+06
1.66477e+06 1.60592e+06
1.65354e+06 1.64144e+06
1.67552e+06 1.56562e+06
1.63384e+06 1.62621e+06
1.58155e+06 1.6112e+06
1.59169e+06 1.63951e+06
1.62172e+06 1.58619e+06
1.61664e+06 1.59208e+06
1.63597e+06 1.61271e+06
1.6242e+06 1.58574e+06
1.64755e+06 1.56073e+06
1.62845e+06 1.57904e+06
1.63171e+06 1.58744e+06
1.63778e+06 1.63756e+06
1.57117e+06 1.61204e+06
1.619e+06 1.61634e+06
1.64169e+06 1.57973e+06
1.64847e+06 1.60225e+06
1.61222e+06 1.60819e+06
1.61764e+06 1.63059e+06
1.6394e+06 1.60127e+06
