3 0.00957487
151186 171068 164874
183453 155037 162800
149456 169876 165088
161740 162280 155832
152305 162580 181080
178961 154611 168744
151186 171068 164874
149456 169876 165088
147857 167520 171171
183489 154524 163675
161740 162280 155832
178961 154611 168744
152305 162580 181080
151792 169284 163864
161740 162280 155832
168012 185528 146678
169607 155064 152893
184620 152989 167378
167606 161423 162641
151186 171068 164874
152305 162580 181080
182762 154921 166375
148028 173593 165748
152305 162580 181080
179279 153874 173059
152305 162580 181080
178961 154611 168744
161740 162280 155832
157339 162681 160610
151186 171068 164874
183489 154524 163675
194046 173495 144092
149456 169876 165088
150229 165391 181071
147857 167520 171171
178961 154611 168744
152273 165298 176725
167812 159649 167772
149456 169876 165088
159742 163140 156387
154769 168881 166191
168012 185528 146678
163944 158640 169663
181499 149843 172736
151792 169284 163864
149456 169876 165088
169607 155064 152893
158674 153069 183009
183609 153778 165033
169793 183911 146305
178961 154611 168744
152476 171656 161649
154687 176304 146911
149456 169876 165088
164980 182770 146877
194046 173495 144092
151792 169284 163864
181499 149843 172736
169607 155064 152893
166359 160677 167591
161740 162280 155832
183022 168887 144857
161740 162280 155832
160920 163157 150605
154429 178382 158106
168524 155319 149085
151447 169402 167422
149157 170822 165825
163523 160299 175030
167606 161423 162641
150229 165391 181071
157332 164493 161824
173908 154345 172068
152305 162580 181080
178961 154611 168744
159189 164040 155299
163944 158640 169663
180872 153349 166909
194046 173495 144092
169607 155064 152893
157339 162681 160610
167606 161423 162641
151186 171068 164874
192526 167959 147806
150721 172301 164467
154769 168881 166191
152045 165405 179066
152273 165298 176725
163944 158640 169663
168012 185528 146678
168012 185528 146678
148028 173593 165748
149073 163815 183768
157339 162681 160610
161740 162280 155832
147857 167520 171171
147857 167520 171171
183453 155037 162800
149631 169221 168945
152305 162580 181080
