20286 103.554
127346 114219 129256 114062
146819 125241 115281 111804
129590 131742 118908 98821
139523 106650 103420 119256
151035 129789 100933 118200
131904 130746 137392 120938
150214 121453 114435 102123
139057 112459 121790 110318
125742 135512 119749 114197
117040 113020 136083 113708
132124 117445 120233 113767
132606 106038 136487 125498
149665 146515 133202 120481
135256 117816 118726 115787
148330 147695 107846 105136
151954 145208 113134 121618
145557 122895 124795 115289
113556 131773 119603 111177
124189 127250 102581 124809
145513 129386 108560 119370
115629 113750 127578 109255
125907 128332 112346 107901
137733 130588 110691 106556
150243 131675 118533 114914
151023 133838 131046 111130
137488 143266 112883 94161
121713 120421 119164 106328
127091 139248 118891 121546
155128 132236 107130 103381
138997 112445 131779 108340
151407 132819 153491 136416
137100 127095 127239 123201
150452 128777 147315 123799
152417 118517 142810 111750
127109 123308 126396 117000
153250 133606 115701 103527
142210 130383 118896 96009
119954 124341 127895 121902
140439 136224 141284 123790
137243 117619 130616 116196
122414 110787 128580 117152
151890 158592 122363 118932
157095 136047 149463 146320
125477 126850 105417 122626
144274 138712 109071 110605
154500 140984 113389 113105
110739 124499 135693 121284
135384 133267 108780 126280
149415 129029 116000 119074
135001 127037 114099 115549
131694 130835 110701 114595
123604 121190 129376 127152
111286 135417 115858 125820
132094 116293 134095 120595
165375 132636 126062 122948
155803 156049 115845 117192
143066 125243 122253 108103
134780 122385 121380 111618
147910 143567 117280 111086
122665 119416 129115 124316
140576 128457 112697 111349
153533 162210 119156 122721
149859 134656 105680 107308
130341 142762 143232 123952
139578 131093 110198 100354
144560 120386 116920 103600
141687 128215 114787 119124
140441 156967 113777 116159
138363 147933 121646 112139
150443 121887 129600 119914
148292 136535 111989 121201
134736 123408 126165 124255
134597 131041 124339 116288
139039 134253 137834 123384
140338 130919 135867 126423
148649 117259 136979 140351
157816 128778 102525 112121
155864 138718 112684 111976
156628 147772 116138 112424
129385 126725 116100 114760
147554 138377 111303 112598
146241 138701 112327 105628
153178 123885 110452 113251
138026 113384 142646 118361
128542 113716 112662 120121
155649 124317 115515 108488
129060 131924 121324 112580
157265 139116 103358 111215
137123 116519 116269 113358
147251 127164 123220 107443
125784 118537 122907 106829
139822 142537 114574 119893
157652 141434 112121 122487
126629 111856 133525 120130
144543 128909 125345 118127
146278 134961 109670 95124
119401 109709 120164 107108
163801 131585 134990 125726
144637 120224 119670 115239
161237 150871 127027 124042
142522 146840 147920 126687
137037 140419 122932 120886
145964 138975 116118 117149
139703 123726 134619 114516
140340 137533 116753 106531
141538 129079 126101 106641
127696 127005 128157 112368
145622 141780 121101 118237
131308 128892 116811 121639
131714 117160 122234 120805
127547 144827 120290 117086
138112 134691 105552 111622
147038 120671 125441 113860
150860 128816 144533 115255
147748 135231 114132 112006
155879 139379 116960 115631
129429 127149 108159 128760
133080 116805 131897 112819
139529 130551 108299 102011
146111 132308 106763 96723
147854 138290 116888 98361
153584 138025 107331 116660
144383 127011 107594 118410
142868 118973 109712 112903
137658 126689 116951 120921
128743 121378 110175 103590
141425 156214 112396 113985
138414 132288 123760 114935
127455 131904 120956 115467
122132 115435 135003 114977
134959 123340 129075 120396
121367 127642 110582 129887
135790 125860 116863 124361
134462 130660 119939 107021
152227 131711 125517 110927
155814 137784 122432 119549
135749 127138 118246 121169
123926 142348 128780 124465
155767 153668 138346 116130
146203 118246 135654 126991
142829 111632 117974 102527
136035 124931 143153 120433
129787 116203 123599 115308
151000 118718 103259 119421
124872 132112 117777 113104
145260 157590 115031 127241
146270 127872 115232 103805
129714 130383 138411 126840
151274 127129 111433 118089
146455 123013 111057 101132
133244 118631 105643 116538
132927 115997 123970 129195
145097 145594 110528 120896
150261 167692 125161 123529
141060 132028 111103 123044
143293 130335 116437 101710
148585 157377 117017 108624
147301 141681 117475 107161
139420 126127 117336 116145
139826 139081 115339 125846
147366 119909 108028 109381
131176 130197 124404 134181
145777 141120 119107 112492
140622 135016 111839 116375
137869 122432 114476 115475
144734 120672 121207 118772
138744 135006 114809 101866
139743 116261 122959 110739
138469 133133 123752 128274
131795 125119 136780 114809
142271 129584 110687 112723
137398 121261 130821 116109
143624 135372 144083 131587
143064 146878 126365 109350
154674 138550 111898 113203
120264 120161 127131 120399
156615 158022 127251 127302
144261 129360 122131 106459
143839 117797 111435 109498
150815 138341 121071 117026
148353 140239 125252 107884
155437 148409 106592 120573
151523 139394 110002 109552
126296 129821 132201 119380
149418 133070 127603 111275
145735 144989 112506 127934
144717 151623 115870 97787
136040 138888 130486 113457
160554 124295 129756 106761
144583 124204 132473 120832
145771 147296 125103 126775
140129 144796 131925 116151
137408 118989 118585 118830
118020 115450 120820 116577
147872 120485 128529 105739
153299 133859 114525 102613
146992 110048 127467 120048
148013 159424 118604 116895
147603 119920 114638 124501
135316 122040 126898 104806
134315 111750 133663 109198
142362 132170 117314 113028
134552 120001 121988 121863
145242 135225 113458 106616
121217 138664 123299 125618
141511 122194 118738 107933
144246 139997 112105 129140
142399 123650 115910 127885
141547 138902 120066 120803
152805 117587 122074 112523
137218 111006 133800 121679
125946 125867 141519 118637
141710 111325 115451 108297
139696 108218 103853 114216
139880 127458 114800 119748
146268 159836 125444 110571
131037 133059 126483 112344
129932 128315 109139 124169
118294 109593 132739 114668
120211 128200 133317 133037
120582 125892 135341 115120
145283 129745 119168 118476
124054 123914 124306 118159
134204 117415 117637 118578
130237 124474 124339 125066
141965 113618 106207 113215
163471 137812 109013 107012
122118 127435 119562 122504
153322 145751 116660 110628
134354 132896 133197 107105
137731 105146 132404 108253
123763 126559 122078 115044
132490 125985 115209 122607
147260 133556 106886 115992
140158 156257 111775 119343
124185 120597 137782 123262
146750 129689 127090 118607
143767 126866 121460 115506
140223 134612 113126 111857
122113 122809 116678 109242
147311 119318 127047 114626
117326 116873 127998 108542
158893 151737 141491 132422
127955 128385 113769 110103
134671 119570 130995 110783
140439 135078 113789 120928
128148 142944 103961 135403
151787 149905 113102 126435
