11 0.0805843
179499 150601 164099 146151
171063 173605 166526 133497
165049 159967 138300 167789
163766 189587 169004 137063
157654 160548 187361 146090
157392 138408 184033 166729
155548 153610 155375 175561
138285 163328 182272 147788
142748 155400 177612 170879
169567 160447 181628 135260
169803 184187 143768 146270
162917 140689 161423 146670
151908 179643 153158 160817
138991 158532 158295 151161
173842 140668 171500 158829
142748 155400 177612 170879
165049 159967 138300 167789
175850 147470 156254 147297
148686 150394 177924 153069
158495 156756 174101 145458
166768 176818 172200 136264
155548 153610 155375 175561
164762 175997 175092 137999
154635 179288 155543 149432
144777 144624 155432 155221
178913 156386 156627 143572
150319 164929 173619 148427
162692 174456 140743 162154
163766 189587 169004 137063
146364 155704 154887 162040
165542 166610 143862 148188
178913 156386 156627 143572
151818 171762 176609 142251
170170 147448 150342 155382
175528 150206 171052 145051
171063 173605 166526 133497
161668 158541 151010 156309
164031 160643 159076 139481
172685 143788 158711 166313
150404 187937 153255 145381
148681 171340 158805 148615
144777 144624 155432 155221
168520 150466 155345 163110
170526 155042 172392 137638
156018 162588 150354 156384
166537 182621 146903 147185
163485 151833 142050 153501
157696 157722 152652 165028
168093 151154 158410 149411
166537 182621 146903 147185
173296 168997 146018 146989
171297 152586 150840 150646
151818 171762 176609 142251
151149 168193 170904 143766
162515 160118 148724 152114
161668 158541 151010 156309
154709 154072 185836 150624
162692 174456 140743 162154
156099 160749 152183 157850
150404 187937 153255 145381
149176 165320 164641 145459
163485 151833 142050 153501
154709 154072 185836 150624
162611 168580 164871 140942
146364 155704 154887 162040
157148 148404 165642 147601
163007 178831 151546 152094
148946 166973 154839 162530
155832 172958 146955 160290
158178 172448 151371 153391
157975 157527 153468 141066
175766 162483 162662 137779
170170 147448 150342 155382
157392 138408 184033 166729
172685 143788 158711 166313
155514 161715 167980 149552
155514 161715 167980 149552
157392 138408 184033 166729
173842 140668 171500 158829
166959 155759 147666 149841
171870 153821 175082 145342
163577 167653 172622 140250
148769 170616 155269 150484
175766 162483 162662 137779
157654 160548 187361 146090
162515 160118 148724 152114
173296 168997 146018 146989
162074 172646 170944 138219
156131 165276 152998 154798
155483 169555 151017 162790
156541 156889 165913 149182
164167 157110 165376 143902
156099 160749 152183 157850
163210 152262 154020 165907
157148 148404 165642 147601
163577 167653 172622 140250
157414 169272 153298 151892
155832 172958 146955 160290
156323 163782 164428 148825
157696 157722 152652 165028
166969 176684 154556 139755
138991 158532 158295 151161
151149 168193 170904 143766
155483 169555 151017 162790
163894 168876 152127 151602
148769 170616 155269 150484
163007 178831 151546 152094
158392 156810 171149 144403
166890 176671 154695 140098
171870 153821 175082 145342
164167 157110 165376 143902
151908 179643 153158 160817
156323 163782 164428 148825
166959 155759 147666 149841
165365 151392 152909 150856
165365 151392 152909 150856
172939 153948 173931 145995
157975 157527 153468 141066
168520 150466 155345 163110
163210 152262 154020 165907
156131 165276 152998 154798
156541 156889 165913 149182
158392 156810 171149 144403
166969 176684 154556 139755
155548 153610 155375 175561
162074 172646 170944 138219
165888 155649 155368 149738
165542 166610 143862 148188
148681 171340 158805 148615
165888 155649 155368 149738
163210 152262 154020 165907
164031 160643 159076 139481
149176 165320 164641 145459
172939 153948 173931 145995
175528 150206 171052 145051
163894 168876 152127 151602
157148 148404 165642 147601
155832 172958 146955 160290
175528 150206 171052 145051
156323 163782 164428 148825
149176 165320 164641 145459
162074 172646 170944 138219
157696 157722 152652 165028
166890 176671 154695 140098
151149 168193 170904 143766
166969 176684 154556 139755
163210 152262 154020 165907
172939 153948 173931 145995
172685 143788 158711 166313
171063 173605 166526 133497
155548 153610 155375 175561
154709 154072 185836 150624
164031 160643 159076 139481
163894 168876 152127 151602
155514 161715 167980 149552
156099 160749 152183 157850
166959 155759 147666 149841
149176 165320 164641 145459
175766 162483 162662 137779
175528 150206 171052 145051
175528 150206 171052 145051
173842 140668 171500 158829
172939 153948 173931 145995
171063 173605 166526 133497
171063 173605 166526 133497
171063 173605 166526 133497
171063 173605 166526 133497
171063 173605 166526 133497
170170 147448 150342 155382
166969 176684 154556 139755
166890 176671 154695 140098
165365 151392 152909 150856
163766 189587 169004 137063
163766 189587 169004 137063
163485 151833 142050 153501
163210 152262 154020 165907
163210 152262 154020 165907
162692 174456 140743 162154
162515 160118 148724 152114
161668 158541 151010 156309
158392 156810 171149 144403
157696 157722 152652 165028
157654 160548 187361 146090
157148 148404 165642 147601
156131 165276 152998 154798
151908 179643 153158 160817
179970 167254 153630 160072
171595 164805 147416 171811
170916 143303 175012 161733
166830 168864 144998 169877
161453 172230 171438 141512
157683 175320 188383 146494
144259 179465 165136 154978
162280 150839 168315 164631
147085 168903 182851 154945
177933 171539 147923 164127
178730 160345 146223 170144
163094 169896 153136 168731
155906 175571 176870 148923
170521 144494 163101 158092
165358 157431 185823 148305
159453 162017 172776 150688
166889 169671 163675 144008
163847 164741 152233 161887
174359 161361 178884 149379
169376 164229 154436 152666
148840 173085 155786 158202
176227 161604 179002 147959
151480 163734 156946 160699
146105 168151 157414 168818
170850 177915 156333 150435
156412 165035 170073 149139
167591 163934 162112 156393
175325 163453 167084 145211
172445 153996 163349 150765
155254 159116 162397 152863
170349 167108 159394 144955
167521 152280 163127 158334
153209 173667 172318 155680
150331 171078 172033 155724
153988 174303 159394 154115
157707 156828 161786 169034
172835 170359 153886 147856
174789 164571 174633 149865
157774 151132 170602 154202
169678 171603 153648 159695
170461 158508 160527 157557
172147 164814 161786 151569
164984 165801 174861 146538
163220 143354 172711 153896
170738 158400 156362 162884
150949 161761 175084 155878
162418 172022 168220 150038
151206 167511 166536 158070
158601 161749 160212 158046
161809 151829 164641 162186
165396 157861 164522 155424
166022 173126 163172 146189
164270 155254 164809 155464
167029 156929 156343 171368
171169 159303 156580 157701
177059 155050 163524 147772
150951 166281 159407 162176
155781 163232 156599 158159
165954 165581 160364 146302
164479 150988 156036 171409
177194 155244 157655 148668
177194 155244 157655 148668
177059 155050 163524 147772
170735 164724 162841 148469
170521 144494 163101 158092
163333 171601 172277 148023
177194 155244 157655 148668
170521 144494 163101 158092
177194 155244 157655 148668
170521 144494 163101 158092
188861 162438 160327 159428
179399 170716 153913 157079
176220 191503 178779 144132
164862 145930 179767 164047
159264 190603 156145 188254
156834 169908 188812 152517
154807 167541 174399 158398
163942 148643 182602 162173
161096 182511 159950 171042
183813 159476 161046 149623
166475 165932 159020 179499
171211 168367 157658 173802
166149 167614 176997 147158
163245 165872 184742 152463
159451 162888 170737 177662
162121 178713 171686 154164
181282 154919 174954 159281
171892 152251 170343 160389
159639 165688 172244 172529
181628 153697 174236 155236
155957 178014 161147 154456
173419 164964 156098 155745
172602 176786 161968 146531
177670 160882 159948 165741
174989 168545 162086 145481
165054 170477 180392 149869
169829 171997 160974 168942
179788 164009 165903 152133
176764 172590 154969 170004
170374 169189 158577 159950
155573 174058 169575 162424
160625 175317 165607 168678
157426 175797 168614 154964
157275 168737 167851 160782
158501 172755 162708 171201
175792 156038 165022 163349
163046 159274 167413 163401
167753 176236 163033 150748
167957 156651 166405 167593
164282 172842 169000 150438
176944 152317 164548 163008
165237 167253 166797 152890
159023 170877 167178 163677
168812 153307 163920 170169
163646 173286 169898 156317
171176 157887 164813 163568
163725 155115 170838 166631
169381 153374 173148 165359
167483 176642 171946 144564
167211 161387 166674 158779
170587 168519 162154 167445
161925 163551 174609 155831
176756 168555 160463 153825
160587 163689 170964 162608
166017 156833 173341 160514
173364 160854 162613 162401
166182 157373 172096 164604
168467 159323 179872 158965
166387 157479 168252 165357
161035 167086 170112 170888
172887 165912 160252 170204
166907 153534 173712 170048
179776 165766 160277 151543
167831 160022 166736 153841
168705 156856 171098 162436
166912 176748 159648 155556
166386 166107 164148 156858
166273 166868 162783 157006
166361 167489 165166 155251
163685 166323 165723 155596
162055 163399 162764 158635
166416 167044 180283 152455
183564 160711 175469 156487
182235 155669 165781 165676
181305 174306 154721 167359
179178 169627 164572 146448
176084 160910 163268 172870
165273 157215 187235 162678
155719 186216 180606 163783
159844 171410 177457 166441
170876 180744 170252 151640
156563 174773 181555 166849
169907 172442 184199 153746
175013 174091 165616 151224
162707 167029 177882 171124
162734 180087 183645 158444
173087 169918 158807 167945
175504 171700 156227 158852
174433 175492 159246 156584
179174 169254 160486 168849
177003 161061 168071 155534
178729 167097 162669 161325
175329 159894 166440 166829
169178 157257 173375 161084
172765 176760 165769 164348
174776 170606 161336 157429
181520 156743 165056 170299
164610 177842 166058 169462
174432 156948 173003 160571
164882 173587 179293 154290
169466 160772 179544 159612
171177 165587 167652 161835
164598 168672 170000 162104
171551 177766 171725 154022
167963 166793 174440 157589
169084 169927 168966 157784
176474 163523 174070 154470
172705 163602 168114 158829
175449 162633 166646 166371
164126 164354 173368 163041
163838 165708 166232 172404
163588 164572 165164 172481
167188 161959 175095 161411
167345 169814 171996 154795
170097 160660 172747 157371
167325 170044 163816 167344
166044 174263 170658 157928
170877 161529 171557 155503
163122 166202 172353 161336
169865 167478 175462 153784
169956 162286 171224 162152
164713 160549 170856 170691
166353 166371 171617 169104
166663 167202 165781 163988
169750 174758 170372 154313
172790 166651 165740 170689
189477 168296 169423 156501
179222 183611 169616 150709
176588 179476 160108 163660
176225 162293 172586 173864
171523 159060 176820 173313
170308 174027 191255 160368
157190 177035 182600 167312
181448 162261 169486 159390
179369 175424 160703 163789
168518 171114 166047 171463
169791 180452 178970 155198
176122 163852 183843 161733
187408 179436 167845 155530
165137 163321 174981 173383
173393 171815 182990 154089
173055 163906 174027 165628
168487 179431 166405 167253
174418 159386 175013 163599
180508 165126 169556 168345
171079 166983 176575 156147
174738 170518 173044 154801
178534 168577 170038 156446
170352 173803 170568 168978
170002 162869 171677 169767
170175 182472 169659 159835
179976 171073 169456 156754
166058 168305 174023 167648
173347 174447 168289 160764
174213 171723 170394 162447
170740 171788 173061 166928
176010 174238 170240 156097
174315 163329 173740 169685
184922 166857 170733 168001
177363 173795 175582 155461
173873 164045 174803 171516
171981 175335 183737 157974
171470 184630 167121 170565
169427 170778 176530 172453
181311 178667 169100 161465
173436 170661 176994 168818
179355 169152 170726 161864
179373 176590 173311 156959
176512 171754 175785 156346
181777 168851 170223 161493
185034 175043 175031 167487
179884 177994 174606 160033
177696 172071 176152 169373
177168 179368 183650 165543
177054 175519 177516 171573
175765 173298 187909 171463
