432 4.88069
324527 326046 318582 317779
346996 319594 298748 321689
360978 323826 309030 314753
343808 352881 336210 310184
323609 340435 295640 324796
321248 318065 329782 327165
333727 323958 310856 326574
351810 343724 314837 314762
346319 338761 297598 316750
340756 321968 334508 312063
367367 339519 326718 321898
336682 336094 321622 315843
338177 347176 310413 321119
331183 336250 322438 304556
336054 351483 320112 283580
345207 333865 318684 300800
327804 315373 323568 307003
324755 343652 297533 322337
314153 349400 329645 318414
322542 331299 318041 322372
315595 310103 325843 320105
353810 324809 308674 309349
339586 333099 324801 308175
337511 359502 325755 324926
341733 330383 303582 298093
328304 330069 297856 320949
330096 335066 321085 317440
332583 348817 320216 327113
337446 344561 319293 299680
332989 340255 304071 300618
331322 334481 329553 323359
331479 335136 307496 302885
317227 321520 303055 321121
322503 331975 307000 290707
337959 308790 322551 317561
321781 347802 306334 309847
326725 350328 330864 333918
338051 328973 329791 324554
340233 340031 306188 295771
349348 333553 319836 319587
350850 341720 328818 329059
338828 343715 322246 314116
322238 315883 320501 325768
334152 315287 311606 317678
312804 317790 315277 309383
358499 341356 314292 321406
330702 329785 307015 341297
353440 323088 315016 337223
350619 327136 299121 317448
328816 321878 323945 319607
349271 330635 313342 320788
338830 353309 315168 313387
331596 334722 315926 323464
338983 337204 330969 313818
322469 341195 312851 310053
340788 321178 325929 319875
336783 345166 307961 311783
365383 348527 323655 325153
370679 343798 319402 309711
335879 315639 299074 315454
339590 325028 304951 325765
334094 322375 323524 303553
344332 347226 312799 309456
348895 326095 336128 311250
335597 326337 323885 332565
331049 328479 310468 321159
347507 321231 319165 325625
314868 355224 313152 320462
350670 334669 314472 321432
350012 329770 318680 318350
349135 322216 300586 323628
337331 360270 307614 328697
331941 320505 308223 288546
331774 336285 326110 310407
347407 340520 325557 300407
343051 318310 312454 319579
334843 332563 322273 316542
334420 320333 328589 310595
338888 349184 330056 317989
351930 328656 327562 327172
329710 343954 297431 296805
333287 321088 327948 310114
353257 345542 318833 294660
336087 321915 326149 300582
349586 347211 317411 306211
345282 338751 304757 309476
330496 333333 303611 303081
351210 327129 315678 329593
335897 308229 330308 333533
315002 326655 319320 332480
328908 337780 329152 312833
325414 322802 317078 323420
338370 337439 321086 331125
341441 347763 314711 320173
337441 332635 326574 331272
339435 321245 296992 326964
320851 346003 327208 315628
328906 325115 318606 328906
331551 327343 322072 306674
358986 342992 315639 333280
346500 340281 315388 305387
333408 326610 283768 316474
341445 311065 298212 320225
339487 322899 318143 323469
342605 341713 315962 293230
366843 348466 322248 318687
339621 311272 302537 304777
338264 322154 327490 324873
340086 338824 331521 296886
345596 326293 318797 306283
329318 334573 313577 312798
326889 329032 338066 320129
338990 342084 325984 315612
369228 320410 302494 315597
329507 321751 307182 336139
341326 319038 319116 323768
350505 351545 299375 325308
321708 313243 327493 320444
303939 337051 317411 317978
354252 347425 291518 331700
346241 320607 323792 312332
344872 339398 316121 321003
356631 315809 302912 291060
334483 338630 322995 301900
341059 330857 324056 308706
325630 338332 318429 330966
350527 343268 321623 323442
337670 331669 329818 309615
335772 351544 311698 319950
349242 326061 319176 317937
319501 317475 319933 330966
348809 326383 327846 342482
342520 342199 342200 328513
310044 336850 321543 312127
350700 323762 339139 290993
319643 359682 316450 319826
363926 328932 323567 301880
342929 337027 320146 322128
339552 338194 299864 314515
347035 330787 323385 332828
315876 335985 315380 313859
333237 343245 304814 307701
333787 326685 321164 309829
317574 334019 330743 324143
324821 337969 325926 317844
342741 346266 323151 313597
349650 329409 320156 309881
324913 329365 303955 299749
316562 348194 311600 320138
325305 326709 329229 330025
329189 317077 306936 335601
339061 334208 315828 306145
344091 360189 322625 332418
346233 352591 320130 303377
340816 339756 338365 315542
343332 338744 331737 301212
336133 314873 327800 312276
360205 333880 324386 318333
324731 333615 310418 304633
338838 337549 317561 314324
333721 337917 325478 334868
344166 316090 328918 313438
351276 335459 310830 326864
368623 331709 326007 305136
336713 328453 328242 335440
343627 326068 340022 315997
334115 339403 319726 323928
329772 324352 311731 312206
318429 327132 312463 307318
350404 343151 305616 332021
337385 331279 318578 327955
336199 342499 322865 326301
340111 333876 326486 312211
332535 317772 299737 325752
353359 338752 323020 308300
353245 335862 319332 326176
338918 346994 297696 326329
333910 328847 314947 317632
346013 329989 308743 313055
332872 330900 309916 328939
333565 340623 331202 321777
364181 349752 325567 326701
316135 344539 309169 309293
329045 343355 321382 304867
341512 343058 324331 304211
338046 338913 308433 317769
350560 328688 313893 323139
332702 325246 304431 321128
322120 341221 309461 330585
353322 322802 318938 303491
327057 313872 320791 320020
340419 342485 318224 333284
319511 352147 319138 317752
342004 344892 323271 322471
349173 356800 319690 309661
324182 338997 318377 320618
346892 327736 336376 330715
343822 342499 307872 320344
338769 324051 331182 342461
329934 314678 304385 309915
306734 328290 333256 327989
342305 329170 304249 318209
337069 328510 320984 323678
347888 343241 315352 306764
334184 353382 325525 314068
333006 318448 315977 296373
338699 347094 323502 321165
325880 328422 317457 318831
330338 329019 326957 331046
337659 335828 320977 316567
350440 341323 334017 325258
348469 317901 314951 331236
327149 320042 321175 303963
349169 326825 315579 311607
337859 335282 313362 306136
355697 330767 298839 325003
356634 326943 320466 343134
315649 331520 312976 291776
340554 338149 331633 323746
309626 341279 313260 311692
322578 333058 316074 334767
339217 345420 320883 314340
340134 343992 299106 304571
332528 321468 338790 308172
303358 339972 300820 318556
332376 334029 297174 325377
347502 304651 338875 332693
339117 343780 307227 318975
328202 322649 306599 304912
318169 328261 309051 317533
320960 340726 335241 325312
322966 333984 298190 309102
325887 330558 296798 321031
336122 344013 323234 297009
348953 335288 341561 329660
349025 336789 315351 319779
326214 337359 328630 289210
318848 319618 335519 322243
331445 355315 320788 307640
337237 338529 318599 311845
338203 316919 330800 322348
336807 321771 343069 330200
331600 332852 307828 302668
334853 338560 309111 341026
332651 326001 325950 319801
325708 340730 324536 323664
339289 320292 305059 309132
314669 319924 316040 324449
