24 0.775722
791394 772630 797843 769983
786662 778485 760443 804976
826875 811083 816446 741264
807385 817781 734692 826295
812063 741475 800309 811199
747112 822728 818543 811780
787254 790282 823225 828920
823975 797453 796261 791349
819364 818096 844493 813565
797844 798292 782717 834373
811803 793355 794430 814514
799751 766848 794673 825591
816323 801155 801199 783036
819752 815353 807151 816275
802000 797844 801546 811771
775723 782182 836021 841134
811234 796386 801089 809075
797159 785968 819238 814670
791734 813494 796395 821978
812864 807607 798445 831571
819312 814561 813195 833273
828850 808138 825022 793731
844559 797200 756226 806358
807540 806453 850839 814248
822932 772891 799515 819792
810713 790149 790651 818915
787256 802069 804248 794491
825319 789269 814188 802383
827761 834841 789137 820660
805325 776292 785528 824532
818720 798116 823574 825383
789586 784385 831193 832062
785098 808416 803980 834555
848578 804308 810496 852519
782541 795388 825254 831420
826781 810090 824338 821531
806519 766692 831991 811193
787238 757531 808311 826098
819012 811798 778711 798405
820785 777193 791619 814351
816562 791950 783673 841574
812239 791826 797661 838268
804610 812751 805035 817024
807725 783174 787171 823541
825709 834179 797775 793246
815354 799314 797305 824605
809458 823424 784146 796891
820308 821664 794451 848254
828913 769425 794013 817527
818293 772222 764671 811027
814680 788893 803888 812431
813329 794392 820683 778777
797528 770643 839648 802350
820213 795966 808178 786945
814898 790722 805216 810754
796719 792550 814946 805883
762729 797140 823432 810110
812329 798204 800292 837213
811097 789904 810536 816912
837704 795228 803122 795929
797600 798617 776600 835798
819611 803188 798701 781563
802766 800604 800889 806718
818723 809225 803933 813660
777783 807209 797142 811388
829032 792726 799010 834891
836329 786840 826454 820030
804072 790036 815048 836584
795541 807186 802992 834664
803058 809954 841653 805732
822215 815906 818721 843582
829821 780415 836883 814618
809669 810167 774224 803468
816625 789988 801315 825799
796858 794173 811462 862449
791632 814874 798276 810950
829751 810436 823354 816199
809999 789083 811898 807418
815191 819730 810815 782469
834711 793055 812607 832812
831288 796766 805106 788389
790345 757121 787939 822622
824863 815875 834359 807647
798483 800397 800676 838637
804312 807241 821360 807356
784060 807330 801991 818023
814825 786364 796436 808751
802019 773185 847161 824156
840740 817932 815374 807741
823554 791236 786829 835417
788895 774994 796186 837169
801796 811012 774939 804325
842605 792411 789166 825924
809517 790308 812947 810180
821905 785195 783904 808606
808988 805692 773190 841936
810842 803175 825797 828069
795207 808861 799253 814062
840122 808385 764343 795678
800454 800257 795874 822233
817621 787957 810523 825232
786888 809055 799769 772739
823310 770668 807653 854640
820828 774133 822755 803493
828755 818537 834481 842666
810263 796757 795868 823902
815444 831813 798365 830049
807028 800664 819979 836618
809262 792277 823776 831376
808764 814985 818116 818672
811838 804752 820580 817826
796403 787284 812289 823059
807650 797172 800699 806977
825633 800835 820224 790067
820825 801054 809914 798310
829303 782631 802110 833598
831088 783962 798400 800239
795787 803695 806810 799767
828849 809456 778956 831764
808510 808649 773701 828243
843984 812497 817422 822697
830863 820075 822414 803578
815172 797092 812272 802451
806903 791791 792850 813881
825881 795727 810492 819762
829752 783190 804658 848728
830830 792848 811191 837412
809504 809057 782359 815026
803250 781328 816469 822180
810623 796923 821187 802894
820497 846256 803957 807735
816905 771782 821361 810539
819934 799310 814529 800699
791874 802942 819265 813081
826974 819470 798301 758164
804179 801049 824799 784244
798649 797159 766535 797244
815080 807554 805217 836984
818458 774925 811151 833800
834260 791342 804721 814219
799130 806099 835166 799313
809466 825907 824534 813690
814030 795824 805172 814674
837677 809071 797399 795298
840137 811310 803263 820306
792011 808683 806164 825375
812777 808286 810049 789398
776576 768858 813319 812252
820697 777807 790994 822369
801408 813226 814567 791466
819855 806844 797883 804604
806033 790517 818642 787457
801732 818320 803589 793637
826271 807175 793095 823418
790693 784391 806902 793038
795414 827402 817797 819247
813013 818250 813882 816219
829257 782118 818895 814459
814321 762179 815913 810938
792027 797535 779950 810943
830485 811565 804382 829260
839559 787146 820510 836102
825593 812453 812140 812659
806854 772629 839353 784951
825631 787554 817647 836267
803422 825213 844483 840448
806534 817855 809783 781709
788911 800474 794807 777346
817904 827515 787846 842408
822816 803436 825595 803622
799559 767376 807593 810014
806554 789045 803056 796927
809486 796252 814196 822648
794927 789993 772228 822996
836066 818144 840655 807295
833265 826258 816449 838608
