2 0.0465088
146189 166007 160022 163034
170607 145275 157688 159089
169970 174682 143669 174009
174021 157074 154594 144849
168478 153123 145738 148078
168705 144352 147983 160912
147023 177318 165047 140570
145450 162744 157924 158892
167267 146828 152578 160598
166338 147575 149294 160615
163880 144772 163617 140815
155477 145795 161631 150858
164832 159365 143945 147862
141632 164025 172966 144175
158295 148137 162065 159070
167977 170499 141874 169522
163678 151719 142384 148134
145450 162744 157924 158892
174992 155496 149912 147967
158295 148137 162065 159070
168721 155302 147857 146385
157624 146837 155794 150173
145634 169461 166447 139818
144585 173159 170823 144571
169678 147890 147827 162478
173794 147361 171896 143856
168167 155669 146225 145756
169678 147890 147827 162478
156391 148231 159193 147226
139689 176087 163049 142867
164234 159007 143448 147672
152886 162904 151629 168387
168478 153123 145738 148078
156391 148231 159193 147226
157395 149855 159750 148839
162803 143936 155801 166796
163754 150927 168220 141801
146699 166711 163930 143177
159318 155256 167289 139383
175493 144069 164833 157232
170260 154872 148721 143090
157624 146837 155794 150173
147972 171559 172972 140718
143863 170785 164223 138474
175493 144069 164833 157232
174614 150229 146585 150422
149891 171403 162613 142892
144681 165779 160743 165397
168721 155302 147857 146385
142138 163424 160025 160611
163685 143860 148899 162273
166067 155905 148082 144987
163678 151719 142384 148134
144561 166432 158668 163210
168478 153123 145738 148078
169678 147890 147827 162478
168721 155302 147857 146385
163880 144772 163617 140815
149500 171666 172263 141317
143020 173937 162438 139724
167259 152203 165512 138307
157624 146837 155794 150173
145450 162744 157924 158892
168705 144352 147983 160912
163685 143860 148899 162273
155878 144227 155897 149639
167259 152203 165512 138307
146699 166711 163930 143177
175493 144069 164833 157232
166338 147575 149294 160615
156391 148231 159193 147226
156638 148003 162769 157545
171587 158196 147447 149032
142138 163424 160025 160611
152012 153439 151754 167061
165233 153935 149988 146162
155615 149440 159534 146830
142138 163424 160025 160611
156391 148231 159193 147226
139689 176087 163049 142867
169970 174682 143669 174009
171738 152341 145851 142612
149500 171666 172263 141317
143020 173937 162438 139724
167977 170499 141874 169522
155878 144227 155897 149639
155615 149440 159534 146830
168478 153123 145738 148078
163292 151087 166124 139729
140363 178338 166744 140450
165233 153935 149988 146162
148363 164455 155772 167102
157624 146837 155794 150173
173794 147361 171896 143856
145998 165364 158224 166557
168705 144352 147983 160912
164009 149946 167311 141507
144854 176233 174583 142862
155477 145795 161631 150858
170607 145275 157688 159089
163678 151719 142384 148134
160728 150783 158575 145200
159318 155256 167289 139383
142138 163424 160025 160611
175493 144069 164833 157232
163678 151719 142384 148134
166067 155905 148082 144987
144561 166432 158668 163210
174992 155496 149912 147967
155932 153622 161007 147203
155878 144227 155897 149639
165203 145759 149937 161382
163880 144772 163617 140815
140363 178338 166744 140450
167977 170499 141874 169522
168478 153123 145738 148078
168167 155669 146225 145756
163880 144772 163617 140815
142138 163424 160025 160611
144561 166432 158668 163210
167259 152203 165512 138307
147972 171559 172972 140718
154921 148308 155930 151099
155477 145795 161631 150858
157403 155223 151459 164343
170607 145275 157688 159089
164832 159365 143945 147862
148363 164455 155772 167102
173794 147361 171896 143856
157624 146837 155794 150173
164832 159365 143945 147862
158295 148137 162065 159070
159318 155256 167289 139383
145634 169461 166447 139818
152012 153439 151754 167061
169970 174682 143669 174009
167259 152203 165512 138307
149500 171666 172263 141317
165233 153935 149988 146162
155477 145795 161631 150858
168721 155302 147857 146385
166067 155905 148082 144987
141632 164025 172966 144175
139689 176087 163049 142867
169970 174682 143669 174009
156681 157152 173918 136376
166067 155905 148082 144987
157624 146837 155794 150173
157624 146837 155794 150173
143020 173937 162438 139724
163594 151384 168408 139322
168478 153123 145738 148078
168478 153123 145738 148078
163880 144772 163617 140815
155615 149440 159534 146830
175493 144069 164833 157232
147023 177318 165047 140570
142138 163424 160025 160611
142138 163424 160025 160611
158847 145152 161497 157755
174614 150229 146585 150422
155147 153215 154337 168950
165233 153935 149988 146162
160728 150783 158575 145200
166338 147575 149294 160615
169140 156876 147581 147387
147972 171559 172972 140718
143863 170785 164223 138474
174614 150229 146585 150422
145998 165364 158224 166557
168478 153123 145738 148078
168478 153123 145738 148078
155615 149440 159534 146830
145634 169461 166447 139818
165203 145759 149937 161382
167267 146828 152578 160598
165233 153935 149988 146162
159318 155256 167289 139383
156152 152445 168887 139144
144167 163631 163875 167266
151203 172022 174758 139954
155615 149440 159534 146830
146699 166711 163930 143177
158688 148705 154793 162964
166338 147575 149294 160615
168705 144352 147983 160912
148717 169466 171991 143818
142138 163424 160025 160611
152012 153439 151754 167061
168705 144352 147983 160912
156681 157152 173918 136376
155147 153215 154337 168950
164234 159007 143448 147672
146189 166007 160022 163034
158688 148705 154793 162964
174614 150229 146585 150422
171738 152341 145851 142612
143020 173937 162438 139724
168478 153123 145738 148078
158847 145152 161497 157755
169140 156876 147581 147387
169140 156876 147581 147387
141632 164025 172966 144175
140363 178338 166744 140450
168721 155302 147857 146385
163292 151087 166124 139729
166338 147575 149294 160615
163685 143860 148899 162273
155878 144227 155897 149639
139689 176087 163049 142867
165881 155647 173190 138608
154921 148308 155930 151099
168478 153123 145738 148078
159318 155256 167289 139383
142138 163424 160025 160611
166257 146403 151908 162496
167259 152203 165512 138307
141632 164025 172966 144175
156152 152445 168887 139144
166257 146403 151908 162496
170260 154872 148721 143090
160728 150783 158575 145200
159318 155256 167289 139383
144681 165779 160743 165397
175493 144069 164833 157232
174614 150229 146585 150422
147972 171559 172972 140718
156152 152445 168887 139144
165233 153935 149988 146162
144681 165779 160743 165397
168478 153123 145738 148078
167977 170499 141874 169522
163880 144772 163617 140815
143020 173937 162438 139724
168478 153123 145738 148078
168478 153123 145738 148078
174614 150229 146585 150422
155878 144227 155897 149639
145634 169461 166447 139818
144293 178148 172306 157885
161763 149758 167731 142359
145634 169461 166447 139818
146322 160124 155866 167979
175493 144069 164833 157232
167977 170499 141874 169522
163880 144772 163617 140815
156681 157152 173918 136376
145853 158836 154465 169568
173794 147361 171896 143856
167267 146828 152578 160598
163880 144772 163617 140815
156095 149666 158474 159431
164009 149946 167311 141507
141632 164025 172966 144175
146699 166711 163930 143177
164284 163072 145344 164457
171738 152341 145851 142612
142138 163424 160025 160611
155615 149440 159534 146830
143020 173937 162438 139724
169970 174682 143669 174009
164832 159365 143945 147862
147972 171559 172972 140718
143020 173937 162438 139724
167977 170499 141874 169522
156152 152445 168887 139144
167977 170499 141874 169522
154921 148308 155930 151099
163292 151087 166124 139729
140363 178338 166744 140450
164234 159007 143448 147672
167977 170499 141874 169522
163880 144772 163617 140815
157624 146837 155794 150173
152886 162904 151629 168387
173794 147361 171896 143856
145634 169461 166447 139818
141632 164025 172966 144175
145853 158836 154465 169568
175493 144069 164833 157232
172945 157246 154029 144626
157624 146837 155794 150173
164009 149946 167311 141507
140363 178338 166744 140450
160143 148371 162665 156221
168721 155302 147857 146385
156152 152445 168887 139144
158847 145152 161497 157755
166805 153776 149336 150710
142138 163424 160025 160611
166912 158974 148585 150246
166067 155905 148082 144987
156152 152445 168887 139144
143020 173937 162438 139724
152886 162904 151629 168387
168705 144352 147983 160912
163685 143860 148899 162273
163880 144772 163617 140815
145450 162744 157924 158892
144681 165779 160743 165397
167259 152203 165512 138307
157624 146837 155794 150173
142138 163424 160025 160611
155720 155224 151487 166415
168705 144352 147983 160912
167267 146828 152578 160598
167259 152203 165512 138307
142138 163424 160025 160611
163594 151384 168408 139322
163709 147152 157190 158682
163292 151087 166124 139729
158847 145152 161497 157755
163678 151719 142384 148134
139689 176087 163049 142867
155477 145795 161631 150858
167977 170499 141874 169522
149891 171403 162613 142892
143863 170785 164223 138474
157624 146837 155794 150173
153338 154285 164877 158875
169678 147890 147827 162478
147972 171559 172972 140718
156681 157152 173918 136376
143020 173937 162438 139724
164284 163072 145344 164457
171738 152341 145851 142612
155615 149440 159534 146830
166338 147575 149294 160615
163880 144772 163617 140815
150662 157316 161042 153791
164009 149946 167311 141507
154921 148308 155930 151099
163685 143860 148899 162273
163880 144772 163617 140815
142138 163424 160025 160611
163709 147152 157190 158682
163754 150927 168220 141801
144854 176233 174583 142862
160728 150783 158575 145200
162803 143936 155801 166796
169585 153025 150534 147148
155720 155224 151487 166415
163880 144772 163617 140815
157062 149880 162902 154493
162803 143936 155801 166796
168167 155669 146225 145756
149891 171403 162613 142892
140363 178338 166744 140450
166067 155905 148082 144987
144561 166432 158668 163210
167267 146828 152578 160598
165203 145759 149937 161382
163594 151384 168408 139322
146699 166711 163930 143177
168721 155302 147857 146385
168478 153123 145738 148078
168721 155302 147857 146385
156391 148231 159193 147226
156152 152445 168887 139144
143020 173937 162438 139724
165824 150613 168752 142326
149500 171666 172263 141317
154921 148308 155930 151099
162803 143936 155801 166796
157395 149855 159750 148839
162803 143936 155801 166796
147972 171559 172972 140718
142138 163424 160025 160611
170607 145275 157688 159089
168478 153123 145738 148078
147023 177318 165047 140570
160728 150783 158575 145200
167573 152623 149646 148844
143020 173937 162438 139724
158847 145152 161497 157755
166338 147575 149294 160615
168721 155302 147857 146385
146322 160124 155866 167979
171738 152341 145851 142612
155477 145795 161631 150858
168478 153123 145738 148078
174614 150229 146585 150422
144854 176233 174583 142862
144681 165779 160743 165397
166338 147575 149294 160615
163292 151087 166124 139729
167977 170499 141874 169522
168478 153123 145738 148078
171738 152341 145851 142612
140363 178338 166744 140450
163678 151719 142384 148134
145853 158836 154465 169568
168478 153123 145738 148078
154921 148308 155930 151099
145853 158836 154465 169568
158688 148705 154793 162964
170260 154872 148721 143090
143863 170785 164223 138474
159318 155256 167289 139383
161598 148375 155502 158476
172234 164064 154173 142798
165233 153935 149988 146162
147023 177318 165047 140570
139689 176087 163049 142867
158688 148705 154793 162964
168610 161095 149218 149248
147023 177318 165047 140570
142138 163424 160025 160611
168721 155302 147857 146385
142138 163424 160025 160611
166805 153776 149336 150710
168721 155302 147857 146385
156681 157152 173918 136376
144561 166432 158668 163210
168478 153123 145738 148078
168478 153123 145738 148078
168478 153123 145738 148078
163880 144772 163617 140815
157624 146837 155794 150173
139689 176087 163049 142867
147023 177318 165047 140570
159318 155256 167289 139383
149754 163554 153625 165932
162803 143936 155801 166796
163685 143860 148899 162273
173794 147361 171896 143856
147972 171559 172972 140718
142138 163424 160025 160611
157395 149855 159750 148839
155477 145795 161631 150858
163292 151087 166124 139729
157680 148348 160626 155547
164832 159365 143945 147862
159318 155256 167289 139383
157680 148348 160626 155547
169140 156876 147581 147387
147023 177318 165047 140570
146699 166711 163930 143177
154921 148308 155930 151099
144561 166432 158668 163210
164284 163072 145344 164457
169585 153025 150534 147148
141632 164025 172966 144175
143020 173937 162438 139724
167977 170499 141874 169522
155878 144227 155897 149639
142138 163424 160025 160611
157403 155223 151459 164343
