605 6.08853
529861 727972
717445 545774
536155 693673
534472 724659
643858 566264
622701 569953
555961 648787
677340 552198
695394 551580
594472 589905
584778 598488
544466 684622
561845 638407
660679 557926
544694 677111
647160 565071
599227 587030
619375 575353
567249 628692
548593 672771
550256 667375
599125 589496
665739 557589
587581 596886
657901 559882
541891 688206
717100 548249
572063 623265
579093 613433
577716 614363
577443 618521
569509 625839
561252 643026
574915 622735
565910 630323
562110 633754
672828 554977
556323 644231
564892 632717
613916 581452
608872 583750
547589 675805
570914 625736
560616 643708
620560 573008
557326 644135
575462 620160
611634 582619
589718 596174
546811 677004
551713 665975
668394 556670
548083 672967
676008 554732
591113 596140
533318 725937
531254 726771
620973 570329
653163 563248
562676 633056
543738 687321
606783 584519
657188 561568
656397 562061
576072 619388
654058 562115
667386 556987
544017 686595
612111 582549
669999 555504
670581 555462
676517 554624
620893 572005
531784 725944
617096 579279
551611 666641
550675 667128
653869 563168
607829 584363
695437 551422
617843 578154
580291 601659
571114 624309
594373 591842
649583 563632
541696 689119
575676 619902
615246 579303
567596 626933
665974 557584
641839 567529
591893 594359
555555 657647
600411 584896
696354 550979
537909 692709
547957 673803
676873 554609
713377 549089
717333 549065
