10676 33.0829
108204 109734
107072 112615
107991 111090
113704 107560
113704 107560
105777 115565
109016 109786
108289 110250
107991 111090
111369 115043
108149 116156
108204 109734
108546 110595
107819 111059
108803 111142
110009 114717
108296 111954
108803 111142
108509 110598
108399 114797
108076 111606
108546 110595
107672 115261
107991 111090
111582 113687
109016 109786
110855 114151
108546 110595
108546 110595
108193 115548
108333 111951
107819 111059
111332 115046
108186 116153
108979 109789
108546 110595
108546 110595
111582 113687
108979 109789
109759 116076
108979 109789
107606 112415
108289 110250
108204 109734
108509 110598
108766 111145
108546 110595
110818 114154
108509 110598
108296 111954
107606 112415
108232 115744
109016 109786
107991 111090
107477 110198
108509 110598
108362 114800
108979 109789
108204 109734
108399 114797
107782 111062
108399 114797
108979 109789
111545 113690
108399 114797
108252 110253
108167 109737
108186 116153
111582 113687
110009 114717
107991 111090
108362 114800
108979 109789
108399 114797
108362 114800
108399 114797
108204 109734
109016 109786
108509 110598
107991 111090
109759 116076
107954 111093
109016 109786
107819 111059
108204 109734
108979 109789
108509 110598
107782 111062
108803 111142
108193 115548
108167 109737
108509 110598
108362 114800
108509 110598
107477 110198
108546 110595
107542 116205
111582 113687
108546 110595
111332 115046
108204 109734
108167 109737
108204 109734
108193 115548
108399 114797
108546 110595
108167 109737
108546 110595
108546 110595
108546 110595
108167 109737
108509 110598
107991 111090
107782 111062
107672 115261
108167 109737
108509 110598
108546 110595
110855 114151
109016 109786
108399 114797
108546 110595
108509 110598
108546 110595
108546 110595
107477 110198
109016 109786
108269 115741
107606 112415
107477 110198
108509 110598
108979 109789
108362 114800
108546 110595
108979 109789
109016 109786
108979 109789
108546 110595
108204 109734
108546 110595
108546 110595
109016 109786
108149 116156
108399 114797
108296 111954
108766 111145
107782 111062
108509 110598
108509 110598
111545 113690
107954 111093
111545 113690
108766 111145
107569 112418
108252 110253
107782 111062
108296 111954
108509 110598
108204 109734
111494 110842
108232 115744
108509 110598
108509 110598
107782 111062
108167 109737
108362 114800
108333 111951
107440 110201
108509 110598
108546 110595
108186 116153
108546 110595
108979 109789
108979 109789
108204 109734
107440 110201
