686 18.9629
53778 122954 109784
143532 47943 112965
114611 134743 55320
141682 55870 90110
113495 99812 57775
56094 119986 94803
95694 110761 60048
67039 71500 118577
143532 47943 112965
141682 55870 90110
91498 138538 57931
56094 119986 94803
92765 138024 57420
56094 119986 94803
68454 72309 111140
75123 65062 138156
141682 55870 90110
67039 71500 118577
114414 99849 57586
72239 69303 108529
139986 55529 92018
73412 69200 107595
93463 111179 60836
54008 124245 102917
114414 99849 57586
56015 122452 93975
75123 65062 138156
150388 48307 108550
95694 110761 60048
56015 122452 93975
113495 99812 57775
67039 71500 118577
150163 48390 108250
106053 102180 59140
94926 108089 61323
54294 118437 104755
113731 101143 57452
72239 69303 108529
72239 69303 108529
131397 50187 112190
115792 98847 58106
68389 72987 110365
92765 138024 57420
68389 72987 110365
128443 50177 117435
141025 55814 91023
91498 138538 57931
54771 112935 110615
114414 99849 57586
56015 122452 93975
73159 68788 108643
72239 69303 108529
141025 55814 91023
65784 72407 128557
115792 98847 58106
72239 69303 108529
141025 55814 91023
141025 55814 91023
93463 111179 60836
54008 124245 102917
92765 138024 57420
56094 119986 94803
67039 71500 118577
143532 47943 112965
115792 98847 58106
56094 119986 94803
93185 135177 57565
68389 72987 110365
134636 50000 109870
73412 69200 107595
93463 111179 60836
54004 121506 104818
111549 136328 55500
56144 121487 94035
72239 69303 108529
73159 68788 108643
109057 100459 58846
54678 115485 106547
93463 111179 60836
66871 71396 120296
143532 47943 112965
153166 56957 89272
91498 138538 57931
56094 119986 94803
92765 138024 57420
56094 119986 94803
72239 69303 108529
73159 68788 108643
141025 55814 91023
67039 71500 118577
114414 99849 57586
72239 69303 108529
73412 69200 107595
139986 55529 92018
91498 138538 57931
54513 113581 112277
114414 99849 57586
56015 122452 93975
73159 68788 108643
146292 48284 109367
113495 99812 57775
56015 122452 93975
106053 102180 59140
67039 71500 118577
146292 48284 109367
94926 108089 61323
72239 69303 108529
54513 113581 112277
114414 99849 57586
72239 69303 108529
56094 119986 94803
143532 47943 112965
115792 98847 58106
68389 72987 110365
92765 138024 57420
68389 72987 110365
128443 50177 117435
141682 55870 90110
91498 138538 57931
54771 112935 110615
92765 138024 57420
56144 121487 94035
72239 69303 108529
73159 68788 108643
73412 69200 107595
54771 112935 110615
115792 98847 58106
73235 66153 140608
150163 48390 108250
109057 100459 58846
94926 108089 61323
54294 118437 104755
112405 101015 57564
56015 122452 93975
73235 66153 140608
146292 48284 109367
114414 99849 57586
56144 121487 94035
112405 101015 57564
68454 72309 111140
74709 68564 107796
73412 69200 107595
56144 121487 94035
54008 124245 102917
114611 134743 55320
93463 111179 60836
72239 69303 108529
134636 50000 109870
113495 99812 57775
55976 116676 98581
93463 111179 60836
67039 71500 118577
143532 47943 112965
141025 55814 91023
91182 131994 58911
54008 124245 102917
92765 138024 57420
56094 119986 94803
67039 71500 118577
75123 65062 138156
141682 55870 90110
66678 71317 133616
114414 99849 57586
72239 69303 108529
141025 55814 91023
141025 55814 91023
91498 138538 57931
54294 118437 104755
112405 101015 57564
56015 122452 93975
72239 69303 108529
146292 48284 109367
95694 110761 60048
56015 122452 93975
113495 99812 57775
67039 71500 118577
146292 48284 109367
94926 108089 61323
94926 108089 61323
54389 116854 106631
112405 101015 57564
68389 72987 110365
72239 69303 108529
128443 50177 117435
113495 99812 57775
66369 73694 117306
91498 138538 57931
66369 73694 117306
75123 65062 138156
150163 48390 108250
93463 111179 60836
65784 72407 128557
114414 99849 57586
91004 137301 58427
73159 68788 108643
73159 68788 108643
141025 55814 91023
67039 71500 118577
114414 99849 57586
72239 69303 108529
141025 55814 91023
109252 99303 59774
93463 111179 60836
55178 127527 96279
93185 135177 57565
56015 122452 93975
67039 71500 118577
143532 47943 112965
115792 98847 58106
56094 119986 94803
93185 135177 57565
68389 72987 110365
131397 50187 112190
72239 69303 108529
68389 72987 110365
53778 122954 109784
113731 101143 57452
94926 108089 61323
72239 69303 108529
134636 50000 109870
106053 102180 59140
56015 122452 93975
94926 108089 61323
65784 72407 128557
143532 47943 112965
141025 55814 91023
93463 111179 60836
56015 122452 93975
92765 138024 57420
56144 121487 94035
72239 69303 108529
73159 68788 108643
141025 55814 91023
66871 71396 120296
114414 99849 57586
68454 72309 111140
73159 68788 108643
73412 69200 107595
56015 122452 93975
54004 121506 104818
114414 99849 57586
56144 121487 94035
75123 65062 138156
150388 48307 108550
104653 104206 58909
56015 122452 93975
113495 99812 57775
67039 71500 118577
134636 50000 109870
73412 69200 107595
93463 111179 60836
54008 124245 102917
114414 99849 57586
72239 69303 108529
56094 119986 94803
128443 50177 117435
153166 56957 89272
68454 72309 111140
92765 138024 57420
56094 119986 94803
143532 47943 112965
141025 55814 91023
91498 138538 57931
54294 118437 104755
112405 101015 57564
56015 122452 93975
72239 69303 108529
72239 69303 108529
73412 69200 107595
65362 73558 127700
147692 79927 70088
72239 69303 108529
141025 55814 91023
113495 99812 57775
93463 111179 60836
55178 127527 96279
93185 135177 57565
56015 122452 93975
67039 71500 118577
143532 47943 112965
114414 99849 57586
56144 121487 94035
112405 101015 57564
68454 72309 111140
73159 68788 108643
72239 69303 108529
56144 121487 94035
53778 122954 109784
113731 101143 57452
93463 111179 60836
72239 69303 108529
74709 68564 107796
113495 99812 57775
66369 73694 117306
91678 135396 58170
66369 73694 117306
143532 47943 112965
141025 55814 91023
91498 138538 57931
56094 119986 94803
93185 135177 57565
68389 72987 110365
68454 72309 111140
75123 65062 138156
141025 55814 91023
67039 71500 118577
114414 99849 57586
72239 69303 108529
139986 55529 92018
141025 55814 91023
90968 132686 58963
54294 118437 104755
112405 101015 57564
56015 122452 93975
67039 71500 118577
143532 47943 112965
95694 110761 60048
56015 122452 93975
106053 102180 59140
65784 72407 128557
150388 48307 108550
93463 111179 60836
73412 69200 107595
65362 73558 127700
114414 99849 57586
72239 69303 108529
72239 69303 108529
143532 47943 112965
114414 99849 57586
56094 119986 94803
95694 110761 60048
68454 72309 111140
128443 50177 117435
141025 55814 91023
90968 132686 58963
65362 73558 127700
114414 99849 57586
56015 122452 93975
72239 69303 108529
73159 68788 108643
141025 55814 91023
66871 71396 120296
114414 99849 57586
67039 71500 118577
141682 55870 90110
73412 69200 107595
93463 111179 60836
54008 124245 102917
93185 135177 57565
56015 122452 93975
67039 71500 118577
143532 47943 112965
114414 99849 57586
56094 119986 94803
112405 101015 57564
68454 72309 111140
134636 50000 109870
73412 69200 107595
93463 111179 60836
54008 124245 102917
114611 134743 55320
93463 111179 60836
72239 69303 108529
131397 50187 112190
109057 100459 58846
56094 119986 94803
93463 111179 60836
65784 72407 128557
143532 47943 112965
141025 55814 91023
93463 111179 60836
56015 122452 93975
92765 138024 57420
56094 119986 94803
68311 71175 114916
73159 68788 108643
141682 55870 90110
65784 72407 128557
114414 99849 57586
72239 69303 108529
73412 69200 107595
139986 55529 92018
91004 137301 58427
54513 113581 112277
114414 99849 57586
56015 122452 93975
73159 68788 108643
146292 48284 109367
113495 99812 57775
56144 121487 94035
112405 101015 57564
67039 71500 118577
146292 48284 109367
94926 108089 61323
73412 69200 107595
54513 113581 112277
112405 101015 57564
68389 72987 110365
68454 72309 111140
128443 50177 117435
141025 55814 91023
67039 71500 118577
92765 138024 57420
56094 119986 94803
128443 50177 117435
141025 55814 91023
91678 135396 58170
66369 73694 117306
92765 138024 57420
56144 121487 94035
72239 69303 108529
73159 68788 108643
109057 100459 58846
54678 114322 108425
147692 79927 70088
73235 66153 140608
150163 48390 108250
113495 99812 57775
94926 108089 61323
56015 122452 93975
112405 101015 57564
56015 122452 93975
67039 71500 118577
143532 47943 112965
114414 99849 57586
56094 119986 94803
95694 110761 60048
68454 72309 111140
73159 68788 108643
72239 69303 108529
56094 119986 94803
53778 122954 109784
114611 134743 55320
93463 111179 60836
72239 69303 108529
134636 50000 109870
109057 100459 58846
56094 119986 94803
93463 111179 60836
66871 71396 120296
143532 47943 112965
141025 55814 91023
91498 138538 57931
54294 118437 104755
93185 135177 57565
68389 72987 110365
68454 72309 111140
75123 65062 138156
