29 4.01633
1.65657e+06 1.5058e+06
1.53844e+06 1.58666e+06
1.53844e+06 1.58666e+06
1.6188e+06 1.51399e+06
1.58769e+06 1.53275e+06
1.65657e+06 1.5058e+06
1.6188e+06 1.51399e+06
1.55815e+06 1.56159e+06
1.55438e+06 1.58065e+06
1.58769e+06 1.53275e+06
1.57714e+06 1.55684e+06
1.57804e+06 1.55036e+06
1.55815e+06 1.56159e+06
1.55438e+06 1.58065e+06
1.53844e+06 1.58666e+06
1.55438e+06 1.58065e+06
1.6188e+06 1.51399e+06
1.57804e+06 1.55036e+06
1.57714e+06 1.55684e+06
1.58769e+06 1.53275e+06
1.57804e+06 1.55036e+06
1.55815e+06 1.56159e+06
1.55815e+06 1.56159e+06
1.65657e+06 1.5058e+06
1.65657e+06 1.5058e+06
1.65657e+06 1.5058e+06
1.65657e+06 1.5058e+06
1.65657e+06 1.5058e+06
1.6188e+06 1.51399e+06
1.6188e+06 1.51399e+06
1.6188e+06 1.51399e+06
1.58769e+06 1.53275e+06
1.58769e+06 1.53275e+06
1.58769e+06 1.53275e+06
1.58769e+06 1.53275e+06
1.58769e+06 1.53275e+06
1.58769e+06 1.53275e+06
1.58769e+06 1.53275e+06
1.58769e+06 1.53275e+06
1.57804e+06 1.55036e+06
1.57804e+06 1.55036e+06
1.57804e+06 1.55036e+06
1.57804e+06 1.55036e+06
1.57804e+06 1.55036e+06
1.57804e+06 1.55036e+06
1.57804e+06 1.55036e+06
1.57804e+06 1.55036e+06
1.57714e+06 1.55684e+06
1.57714e+06 1.55684e+06
1.55815e+06 1.56159e+06
1.55815e+06 1.56159e+06
1.55815e+06 1.56159e+06
1.55815e+06 1.56159e+06
1.55815e+06 1.56159e+06
1.55815e+06 1.56159e+06
1.55815e+06 1.56159e+06
1.55815e+06 1.56159e+06
1.55438e+06 1.58065e+06
1.55438e+06 1.58065e+06
1.53844e+06 1.58666e+06
1.53844e+06 1.58666e+06
1.53844e+06 1.58666e+06
1.53844e+06 1.58666e+06
1.53844e+06 1.58666e+06
1.53844e+06 1.58666e+06
1.53844e+06 1.58666e+06
1.63579e+06 1.53859e+06
1.56479e+06 1.62676e+06
1.5789e+06 1.58704e+06
1.60627e+06 1.53958e+06
1.60472e+06 1.56793e+06
1.59324e+06 1.57679e+06
1.59752e+06 1.57232e+06
1.64922e+06 1.54006e+06
1.58357e+06 1.59487e+06
1.60105e+06 1.57358e+06
1.62456e+06 1.55666e+06
1.62215e+06 1.56407e+06
1.65146e+06 1.55662e+06
1.58365e+06 1.60606e+06
1.63354e+06 1.56863e+06
1.6082e+06 1.57389e+06
1.60236e+06 1.57797e+06
1.5985e+06 1.60319e+06
1.60213e+06 1.59569e+06
1.60115e+06 1.59738e+06
1.63741e+06 1.57002e+06
1.59104e+06 1.60808e+06
1.60403e+06 1.58309e+06
1.59349e+06 1.6068e+06
1.61192e+06 1.57478e+06
1.62893e+06 1.57466e+06
1.61617e+06 1.57712e+06
1.597e+06 1.64656e+06
1.59715e+06 1.62024e+06
1.606e+06 1.59457e+06
1.6139e+06 1.57926e+06
1.61044e+06 1.58644e+06
1.60851e+06 1.58856e+06
1.60622e+06 1.58989e+06
1.64021e+06 1.57764e+06
1.59927e+06 1.62145e+06
1.60648e+06 1.59395e+06
1.62702e+06 1.58033e+06
1.61805e+06 1.58151e+06
1.61607e+06 1.58502e+06
1.61455e+06 1.59068e+06
1.61136e+06 1.59222e+06
1.66431e+06 1.57928e+06
1.60139e+06 1.62296e+06
1.60748e+06 1.60517e+06
1.61774e+06 1.58718e+06
1.63825e+06 1.58228e+06
1.63035e+06 1.58343e+06
1.68999e+06 1.57994e+06
1.61206e+06 1.6134e+06
1.63883e+06 1.58335e+06
1.62642e+06 1.59483e+06
1.62081e+06 1.60058e+06
1.61872e+06 1.61243e+06
1.64263e+06 1.58728e+06
1.61318e+06 1.66365e+06
1.61684e+06 1.62902e+06
1.62883e+06 1.59882e+06
1.62262e+06 1.60842e+06
1.64157e+06 1.59514e+06
1.62498e+06 1.60236e+06
1.62527e+06 1.60075e+06
1.64238e+06 1.58935e+06
1.65283e+06 1.59331e+06
1.61924e+06 1.65111e+06
1.62097e+06 1.64893e+06
1.62448e+06 1.61337e+06
1.63369e+06 1.59944e+06
1.6443e+06 1.59916e+06
1.62764e+06 1.60835e+06
1.63056e+06 1.60029e+06
1.65073e+06 1.59532e+06
1.64509e+06 1.59575e+06
1.6265e+06 1.61324e+06
1.67307e+06 1.59393e+06
1.62514e+06 1.61544e+06
1.66082e+06 1.59636e+06
1.64121e+06 1.59977e+06
1.63394e+06 1.60236e+06
1.63295e+06 1.60814e+06
1.62776e+06 1.61162e+06
1.63778e+06 1.60326e+06
1.6253e+06 1.62448e+06
1.63117e+06 1.61237e+06
1.62538e+06 1.61615e+06
1.63768e+06 1.60804e+06
1.64348e+06 1.60365e+06
1.62586e+06 1.63664e+06
1.63325e+06 1.61316e+06
1.63131e+06 1.63602e+06
1.63821e+06 1.60859e+06
1.63867e+06 1.60473e+06
1.65343e+06 1.60782e+06
1.62956e+06 1.63848e+06
1.64282e+06 1.6079e+06
1.63389e+06 1.62174e+06
1.63519e+06 1.61593e+06
1.64888e+06 1.60846e+06
1.63417e+06 1.64234e+06
1.64288e+06 1.62986e+06
1.64329e+06 1.60869e+06
1.63619e+06 1.6319e+06
1.66347e+06 1.60999e+06
1.63715e+06 1.63483e+06
1.64659e+06 1.61102e+06
1.64576e+06 1.62844e+06
1.66341e+06 1.61179e+06
1.63988e+06 1.66017e+06
1.6536e+06 1.61219e+06
1.64475e+06 1.64117e+06
1.64833e+06 1.63013e+06
1.66431e+06 1.61999e+06
1.64886e+06 1.65341e+06
1.65623e+06 1.62017e+06
1.64949e+06 1.52329e+06
1.53984e+06 1.59913e+06
1.53984e+06 1.59913e+06
1.55936e+06 1.54094e+06
1.55589e+06 1.5822e+06
1.58218e+06 1.52827e+06
1.62913e+06 1.52387e+06
1.58218e+06 1.52827e+06
1.55936e+06 1.54094e+06
1.55589e+06 1.5822e+06
1.62913e+06 1.52387e+06
1.64949e+06 1.52329e+06
1.55589e+06 1.5822e+06
1.53984e+06 1.59913e+06
1.62913e+06 1.52387e+06
1.64949e+06 1.52329e+06
1.64949e+06 1.52329e+06
1.64949e+06 1.52329e+06
1.64949e+06 1.52329e+06
1.64949e+06 1.52329e+06
1.64949e+06 1.52329e+06
1.64949e+06 1.52329e+06
1.62913e+06 1.52387e+06
1.62913e+06 1.52387e+06
1.62913e+06 1.52387e+06
1.62913e+06 1.52387e+06
1.58218e+06 1.52827e+06
1.58218e+06 1.52827e+06
1.58218e+06 1.52827e+06
1.58218e+06 1.52827e+06
1.58218e+06 1.52827e+06
1.58218e+06 1.52827e+06
1.58218e+06 1.52827e+06
1.55936e+06 1.54094e+06
1.55936e+06 1.54094e+06
1.55936e+06 1.54094e+06
1.55936e+06 1.54094e+06
1.55589e+06 1.5822e+06
1.55589e+06 1.5822e+06
1.55589e+06 1.5822e+06
1.55589e+06 1.5822e+06
1.55589e+06 1.5822e+06
1.55589e+06 1.5822e+06
1.55589e+06 1.5822e+06
1.55589e+06 1.5822e+06
1.55589e+06 1.5822e+06
1.55589e+06 1.5822e+06
1.55589e+06 1.5822e+06
1.53984e+06 1.59913e+06
1.53984e+06 1.59913e+06
1.53984e+06 1.59913e+06
1.53984e+06 1.59913e+06
1.62421e+06 1.52863e+06
1.54599e+06 1.61272e+06
1.54599e+06 1.61272e+06
1.56164e+06 1.58633e+06
1.56242e+06 1.56497e+06
1.57553e+06 1.54772e+06
1.55435e+06 1.61061e+06
1.59707e+06 1.53324e+06
1.61189e+06 1.52917e+06
1.5839e+06 1.53721e+06
1.58609e+06 1.53578e+06
1.6132e+06 1.54472e+06
1.56035e+06 1.61957e+06
1.59152e+06 1.54698e+06
1.5674e+06 1.57667e+06
1.57466e+06 1.56654e+06
1.62333e+06 1.55232e+06
1.56997e+06 1.61349e+06
1.58162e+06 1.5896e+06
1.60136e+06 1.56964e+06
1.61193e+06 1.55575e+06
1.58025e+06 1.59176e+06
1.60221e+06 1.56673e+06
1.602e+06 1.56912e+06
1.64216e+06 1.55523e+06
1.58011e+06 1.61466e+06
1.61627e+06 1.56171e+06
1.60158e+06 1.58444e+06
1.59737e+06 1.59768e+06
1.59998e+06 1.59301e+06
1.65099e+06 1.55634e+06
1.58843e+06 1.63245e+06
1.62191e+06 1.56482e+06
1.5954e+06 1.6151e+06
1.59803e+06 1.60258e+06
1.62166e+06 1.58241e+06
1.60668e+06 1.59229e+06
1.61337e+06 1.58444e+06
1.60871e+06 1.59039e+06
1.63242e+06 1.56821e+06
1.59033e+06 1.6352e+06
1.62276e+06 1.59074e+06
1.59897e+06 1.61821e+06
1.60754e+06 1.60281e+06
1.63098e+06 1.57364e+06
1.59989e+06 1.60932e+06
1.61265e+06 1.59407e+06
1.61473e+06 1.59231e+06
1.63203e+06 1.57305e+06
1.65491e+06 1.57483e+06
1.60135e+06 1.64552e+06
1.60282e+06 1.61959e+06
1.63395e+06 1.5837e+06
1.60879e+06 1.60324e+06
1.61742e+06 1.6021e+06
1.6268e+06 1.59186e+06
1.62022e+06 1.59355e+06
1.63328e+06 1.58767e+06
1.66e+06 1.57767e+06
1.60427e+06 1.62247e+06
1.63638e+06 1.58478e+06
1.63016e+06 1.59768e+06
1.61026e+06 1.60587e+06
1.60966e+06 1.6174e+06
1.61953e+06 1.60301e+06
1.62141e+06 1.59844e+06
1.62024e+06 1.5989e+06
1.66612e+06 1.58218e+06
1.60637e+06 1.63536e+06
1.61473e+06 1.62049e+06
1.63101e+06 1.5993e+06
1.60644e+06 1.62544e+06
1.63871e+06 1.58793e+06
1.65218e+06 1.58579e+06
1.61862e+06 1.60731e+06
1.62383e+06 1.60264e+06
1.64878e+06 1.58666e+06
1.64186e+06 1.58689e+06
1.62924e+06 1.60251e+06
1.61918e+06 1.60651e+06
1.67921e+06 1.58867e+06
1.60649e+06 1.6414e+06
1.65586e+06 1.5931e+06
1.6194e+06 1.61463e+06
1.61114e+06 1.62588e+06
1.62808e+06 1.6102e+06
1.64527e+06 1.59776e+06
1.61522e+06 1.62576e+06
1.6402e+06 1.60114e+06
1.63843e+06 1.60903e+06
1.63904e+06 1.60602e+06
1.65884e+06 1.59775e+06
1.61195e+06 1.63747e+06
1.62967e+06 1.61037e+06
1.61751e+06 1.62726e+06
1.64328e+06 1.60127e+06
1.64082e+06 1.60404e+06
1.62954e+06 1.62018e+06
1.61942e+06 1.62024e+06
1.65055e+06 1.60257e+06
1.6151e+06 1.64026e+06
1.62517e+06 1.62688e+06
1.6409e+06 1.60884e+06
1.62998e+06 1.6162e+06
1.62486e+06 1.63723e+06
1.63485e+06 1.61127e+06
1.61967e+06 1.63836e+06
1.63326e+06 1.6129e+06
1.62348e+06 1.6374e+06
1.67485e+06 1.60408e+06
1.61959e+06 1.64943e+06
1.62815e+06 1.6323e+06
1.65412e+06 1.61017e+06
1.65437e+06 1.6057e+06
1.63611e+06 1.61704e+06
1.63028e+06 1.6284e+06
1.63481e+06 1.61709e+06
1.66087e+06 1.6102e+06
1.64269e+06 1.6691e+06
1.64495e+06 1.63414e+06
1.6587e+06 1.62015e+06
1.65169e+06 1.62807e+06
1.6493e+06 1.63031e+06
1.68104e+06 1.61974e+06
1.65149e+06 1.63173e+06
1.67335e+06 1.61991e+06
1.6562e+06 1.63968e+06
1.66145e+06 1.65789e+06
1.65436e+06 1.51274e+06
1.53316e+06 1.55963e+06
1.53316e+06 1.55963e+06
1.65436e+06 1.51274e+06
1.60505e+06 1.52178e+06
1.59679e+06 1.52448e+06
1.57703e+06 1.54028e+06
1.57592e+06 1.55415e+06
1.56116e+06 1.5553e+06
1.53316e+06 1.55963e+06
1.56116e+06 1.5553e+06
1.60505e+06 1.52178e+06
1.57971e+06 1.5333e+06
1.57971e+06 1.5333e+06
1.57703e+06 1.54028e+06
1.57971e+06 1.5333e+06
1.59679e+06 1.52448e+06
1.57592e+06 1.55415e+06
1.60505e+06 1.52178e+06
1.57592e+06 1.55415e+06
1.56116e+06 1.5553e+06
1.57592e+06 1.55415e+06
1.65436e+06 1.51274e+06
1.65436e+06 1.51274e+06
1.65436e+06 1.51274e+06
1.65436e+06 1.51274e+06
1.65436e+06 1.51274e+06
1.60505e+06 1.52178e+06
1.60505e+06 1.52178e+06
1.60505e+06 1.52178e+06
1.60505e+06 1.52178e+06
1.57971e+06 1.5333e+06
1.57971e+06 1.5333e+06
1.57971e+06 1.5333e+06
1.57971e+06 1.5333e+06
1.57971e+06 1.5333e+06
1.57971e+06 1.5333e+06
1.57971e+06 1.5333e+06
1.57971e+06 1.5333e+06
1.57971e+06 1.5333e+06
1.57971e+06 1.5333e+06
1.57971e+06 1.5333e+06
1.57971e+06 1.5333e+06
1.57971e+06 1.5333e+06
1.57971e+06 1.5333e+06
1.57971e+06 1.5333e+06
1.57971e+06 1.5333e+06
1.57971e+06 1.5333e+06
1.57971e+06 1.5333e+06
1.57971e+06 1.5333e+06
1.57971e+06 1.5333e+06
1.57971e+06 1.5333e+06
1.57971e+06 1.5333e+06
1.57971e+06 1.5333e+06
1.57971e+06 1.5333e+06
1.57971e+06 1.5333e+06
1.57971e+06 1.5333e+06
1.57971e+06 1.5333e+06
1.57592e+06 1.55415e+06
1.57592e+06 1.55415e+06
1.57592e+06 1.55415e+06
1.57592e+06 1.55415e+06
1.57592e+06 1.55415e+06
1.57592e+06 1.55415e+06
1.56116e+06 1.5553e+06
1.56116e+06 1.5553e+06
1.56116e+06 1.5553e+06
1.56116e+06 1.5553e+06
1.56116e+06 1.5553e+06
1.56116e+06 1.5553e+06
1.53316e+06 1.55963e+06
1.53316e+06 1.55963e+06
1.53316e+06 1.55963e+06
1.6451e+06 1.53215e+06
1.55634e+06 1.60245e+06
1.61947e+06 1.54794e+06
1.57453e+06 1.58844e+06
1.58605e+06 1.56592e+06
1.58262e+06 1.58324e+06
1.59616e+06 1.55416e+06
1.59349e+06 1.55671e+06
1.65651e+06 1.53808e+06
1.58468e+06 1.62637e+06
1.58939e+06 1.60919e+06
1.59575e+06 1.56183e+06
1.6303e+06 1.54989e+06
1.64647e+06 1.54338e+06
1.60917e+06 1.5554e+06
1.60525e+06 1.55941e+06
1.64793e+06 1.54458e+06
1.59665e+06 1.58365e+06
1.5975e+06 1.56577e+06
1.63528e+06 1.5558e+06
1.63815e+06 1.55461e+06
1.66313e+06 1.54767e+06
1.60052e+06 1.6011e+06
1.62388e+06 1.56729e+06
1.60088e+06 1.5697e+06
1.64832e+06 1.54918e+06
1.63818e+06 1.5588e+06
1.60173e+06 1.56863e+06
1.63994e+06 1.55576e+06
1.66224e+06 1.55692e+06
1.60686e+06 1.6013e+06
1.63069e+06 1.56732e+06
1.64227e+06 1.56206e+06
1.61802e+06 1.57061e+06
1.60728e+06 1.58725e+06
1.65131e+06 1.56043e+06
1.60918e+06 1.58137e+06
1.61295e+06 1.57638e+06
1.61225e+06 1.57697e+06
1.63628e+06 1.56972e+06
1.60832e+06 1.59574e+06
1.62141e+06 1.57553e+06
1.61576e+06 1.58382e+06
1.60986e+06 1.58831e+06
1.61807e+06 1.57991e+06
1.6098e+06 1.59058e+06
1.61902e+06 1.57586e+06
1.65933e+06 1.56996e+06
1.60924e+06 1.62743e+06
1.6416e+06 1.57036e+06
1.61937e+06 1.57701e+06
1.6105e+06 1.60819e+06
1.61181e+06 1.59074e+06
1.61732e+06 1.58623e+06
1.67481e+06 1.57628e+06
1.61135e+06 1.6233e+06
1.62472e+06 1.57778e+06
1.61195e+06 1.6e+06
1.61569e+06 1.59254e+06
1.61874e+06 1.58649e+06
1.62024e+06 1.57964e+06
1.63448e+06 1.57903e+06
1.61617e+06 1.60535e+06
1.62428e+06 1.58062e+06
1.62311e+06 1.58559e+06
1.623e+06 1.59904e+06
1.62146e+06 1.6026e+06
1.61685e+06 1.60264e+06
1.63527e+06 1.58015e+06
1.61946e+06 1.61028e+06
1.62406e+06 1.58815e+06
1.62866e+06 1.58379e+06
1.65644e+06 1.58171e+06
1.62055e+06 1.61106e+06
1.62597e+06 1.59108e+06
1.64367e+06 1.5852e+06
1.63296e+06 1.58638e+06
1.66425e+06 1.5854e+06
1.62066e+06 1.61638e+06
1.63901e+06 1.59087e+06
1.62684e+06 1.60509e+06
1.62556e+06 1.61172e+06
1.63069e+06 1.59482e+06
1.63096e+06 1.59234e+06
1.63993e+06 1.59216e+06
1.62464e+06 1.62646e+06
1.63109e+06 1.60525e+06
1.62685e+06 1.62038e+06
1.63741e+06 1.59724e+06
1.63291e+06 1.59869e+06
1.63364e+06 1.59849e+06
1.62592e+06 1.62393e+06
1.63956e+06 1.59599e+06
1.6557e+06 1.59508e+06
1.62549e+06 1.63237e+06
1.63229e+06 1.61965e+06
1.64048e+06 1.59627e+06
1.63374e+06 1.60214e+06
1.63428e+06 1.59964e+06
1.67129e+06 1.60201e+06
1.63108e+06 1.64186e+06
1.64739e+06 1.60981e+06
1.63743e+06 1.62215e+06
1.65467e+06 1.61697e+06
1.64353e+06 1.63678e+06
1.64983e+06 1.62954e+06
1.6561e+06 1.63572e+06
1.61355e+06 1.51514e+06
1.53353e+06 1.63368e+06
1.55392e+06 1.58025e+06
1.54637e+06 1.61612e+06
1.54637e+06 1.61612e+06
1.5961e+06 1.5405e+06
1.56898e+06 1.55692e+06
1.61355e+06 1.51514e+06
1.55392e+06 1.58025e+06
1.58252e+06 1.55536e+06
1.53353e+06 1.63368e+06
1.53353e+06 1.63368e+06
1.60355e+06 1.53768e+06
1.56511e+06 1.57564e+06
1.60964e+06 1.53074e+06
1.5667e+06 1.56706e+06
1.58252e+06 1.55536e+06
1.59048e+06 1.55443e+06
1.6053e+06 1.53678e+06
1.59243e+06 1.55236e+06
1.60964e+06 1.53074e+06
1.5667e+06 1.56706e+06
1.56511e+06 1.57564e+06
1.60964e+06 1.53074e+06
1.59243e+06 1.55236e+06
1.59243e+06 1.55236e+06
1.59048e+06 1.55443e+06
1.56511e+06 1.57564e+06
1.6053e+06 1.53678e+06
1.56898e+06 1.55692e+06
1.56898e+06 1.55692e+06
1.58252e+06 1.55536e+06
1.61355e+06 1.51514e+06
1.61355e+06 1.51514e+06
1.61355e+06 1.51514e+06
1.61355e+06 1.51514e+06
1.61355e+06 1.51514e+06
1.60964e+06 1.53074e+06
1.60964e+06 1.53074e+06
1.60964e+06 1.53074e+06
1.60964e+06 1.53074e+06
1.60964e+06 1.53074e+06
1.60964e+06 1.53074e+06
1.6053e+06 1.53678e+06
1.6053e+06 1.53678e+06
1.6053e+06 1.53678e+06
1.59243e+06 1.55236e+06
1.59243e+06 1.55236e+06
1.59243e+06 1.55236e+06
1.59243e+06 1.55236e+06
1.59243e+06 1.55236e+06
1.59243e+06 1.55236e+06
1.59243e+06 1.55236e+06
1.59243e+06 1.55236e+06
1.59243e+06 1.55236e+06
1.59243e+06 1.55236e+06
1.59243e+06 1.55236e+06
1.59243e+06 1.55236e+06
1.59243e+06 1.55236e+06
1.59243e+06 1.55236e+06
1.59243e+06 1.55236e+06
1.59243e+06 1.55236e+06
1.59243e+06 1.55236e+06
1.59243e+06 1.55236e+06
1.59243e+06 1.55236e+06
1.59243e+06 1.55236e+06
1.59243e+06 1.55236e+06
1.59243e+06 1.55236e+06
1.59243e+06 1.55236e+06
1.59243e+06 1.55236e+06
1.59243e+06 1.55236e+06
1.59243e+06 1.55236e+06
1.59243e+06 1.55236e+06
1.59048e+06 1.55443e+06
1.58252e+06 1.55536e+06
1.58252e+06 1.55536e+06
1.58252e+06 1.55536e+06
1.58252e+06 1.55536e+06
1.58252e+06 1.55536e+06
1.58252e+06 1.55536e+06
1.58252e+06 1.55536e+06
1.58252e+06 1.55536e+06
1.58252e+06 1.55536e+06
1.56898e+06 1.55692e+06
1.56898e+06 1.55692e+06
1.56898e+06 1.55692e+06
1.5667e+06 1.56706e+06
1.5667e+06 1.56706e+06
1.5667e+06 1.56706e+06
1.5667e+06 1.56706e+06
1.5667e+06 1.56706e+06
1.56511e+06 1.57564e+06
1.55392e+06 1.58025e+06
1.53353e+06 1.63368e+06
1.64273e+06 1.54865e+06
1.5838e+06 1.56375e+06
1.63638e+06 1.55274e+06
1.66478e+06 1.55903e+06
1.58555e+06 1.62595e+06
1.58736e+06 1.57945e+06
1.61954e+06 1.56536e+06
1.64683e+06 1.55958e+06
1.59801e+06 1.5708e+06
1.64828e+06 1.56026e+06
1.59063e+06 1.64658e+06
1.5915e+06 1.59121e+06
1.60065e+06 1.57806e+06
1.63115e+06 1.56705e+06
1.62077e+06 1.57541e+06
1.59914e+06 1.5908e+06
1.62392e+06 1.56846e+06
1.62713e+06 1.56752e+06
1.62281e+06 1.57476e+06
1.66286e+06 1.56993e+06
1.59198e+06 1.60628e+06
1.63823e+06 1.57262e+06
1.61999e+06 1.58049e+06
1.61465e+06 1.5901e+06
1.60495e+06 1.5969e+06
1.60111e+06 1.60036e+06
1.61514e+06 1.58386e+06
1.64047e+06 1.5729e+06
1.5923e+06 1.60949e+06
1.61488e+06 1.59461e+06
1.62371e+06 1.58416e+06
1.63828e+06 1.57923e+06
1.61804e+06 1.59233e+06
1.64416e+06 1.57669e+06
1.60666e+06 1.6303e+06
1.63136e+06 1.59101e+06
1.61488e+06 1.61807e+06
1.61522e+06 1.60479e+06
1.62194e+06 1.59844e+06
1.62516e+06 1.59327e+06
1.6221e+06 1.59356e+06
1.65089e+06 1.58416e+06
1.61675e+06 1.61451e+06
1.63218e+06 1.59128e+06
1.64603e+06 1.58856e+06
1.62593e+06 1.59626e+06
1.6233e+06 1.60602e+06
1.61825e+06 1.60702e+06
1.66116e+06 1.59075e+06
1.61744e+06 1.64184e+06
1.64022e+06 1.59251e+06
1.61847e+06 1.62066e+06
1.62188e+06 1.60896e+06
1.63399e+06 1.60029e+06
1.62595e+06 1.605e+06
1.63195e+06 1.6025e+06
1.66405e+06 1.59421e+06
1.62132e+06 1.62175e+06
1.62997e+06 1.60668e+06
1.65473e+06 1.59748e+06
1.6433e+06 1.60021e+06
1.63983e+06 1.60666e+06
1.6423e+06 1.60345e+06
1.69073e+06 1.59555e+06
1.62906e+06 1.62838e+06
1.66324e+06 1.59927e+06
1.64645e+06 1.60476e+06
1.66186e+06 1.60297e+06
1.63747e+06 1.62228e+06
1.63981e+06 1.61397e+06
1.64338e+06 1.61115e+06
1.63402e+06 1.62323e+06
1.64066e+06 1.6123e+06
1.65208e+06 1.60609e+06
1.63721e+06 1.6413e+06
1.6479e+06 1.62371e+06
1.64874e+06 1.61554e+06
1.66296e+06 1.61319e+06
1.64322e+06 1.64938e+06
1.65675e+06 1.61623e+06
1.66196e+06 1.61445e+06
1.68176e+06 1.62254e+06
1.65991e+06 1.64025e+06
1.67484e+06 1.62854e+06
1.68726e+06 1.63312e+06
1.66206e+06 1.64587e+06
