1467 19.5658
488789 392036
461957 418724
462656 404550
461957 418724
482333 392794
488789 392036
469948 397241
467500 400832
466322 402820
462656 404550
477033 394378
473822 395844
480223 394207
476944 395571
469948 397241
472316 396682
480223 394207
466750 401294
466322 402820
482060 393987
473822 395844
472389 396577
467500 400832
466750 401294
482060 393987
476944 395571
482333 392794
473822 395844
472389 396577
461957 418724
472316 396682
482060 393987
476944 395571
482333 392794
477033 394378
472389 396577
477033 394378
472389 396577
488789 392036
488789 392036
488789 392036
488789 392036
482333 392794
482333 392794
482333 392794
482060 393987
482060 393987
482060 393987
482060 393987
482060 393987
482060 393987
482060 393987
482060 393987
482060 393987
482060 393987
482060 393987
482060 393987
480223 394207
477033 394378
477033 394378
477033 394378
477033 394378
477033 394378
477033 394378
477033 394378
477033 394378
476944 395571
476944 395571
476944 395571
476944 395571
476944 395571
476944 395571
476944 395571
476944 395571
476944 395571
476944 395571
476944 395571
476944 395571
476944 395571
476944 395571
476944 395571
476944 395571
476944 395571
476944 395571
476944 395571
476944 395571
476944 395571
473822 395844
473822 395844
473822 395844
473822 395844
473822 395844
473822 395844
473822 395844
473822 395844
473822 395844
473822 395844
472389 396577
472389 396577
472389 396577
472389 396577
472389 396577
472389 396577
472389 396577
472389 396577
472389 396577
472389 396577
472389 396577
472389 396577
472389 396577
472389 396577
472389 396577
472389 396577
472389 396577
472389 396577
472389 396577
472389 396577
472389 396577
472389 396577
472389 396577
472389 396577
472389 396577
472389 396577
472389 396577
472389 396577
472389 396577
472389 396577
472389 396577
472389 396577
472389 396577
472389 396577
494135 392309
469357 401608
469357 401608
471465 399148
474224 397187
471465 399148
480453 395318
483366 393890
480167 396533
474898 396757
481067 394363
494135 392309
490684 392756
484884 393304
480167 396533
487763 393169
484740 393526
488937 392973
490684 392756
469357 401608
481067 394363
474898 396757
474224 397187
488669 393124
487763 393169
471465 399148
491167 393371
473792 403463
489378 396760
474207 399286
479504 398144
479329 398686
485801 398364
474756 403905
476800 399689
484437 398795
475033 400100
486899 398782
477131 403696
480140 399857
478090 400321
490066 400812
478639 410320
482632 401327
481348 402589
480874 406347
478768 407032
479989 406794
493846 401393
478973 407164
484704 401412
481772 404344
483260 404283
490871 401409
487020 401587
479496 420465
480498 407879
484864 405493
479752 413952
485964 403191
486318 402707
488837 401833
482003 416191
482281 408725
486220 404585
484991 408149
488385 402070
498249 401866
482621 419083
489040 402874
482669 412381
483307 409131
486225 409093
487424 405631
486327 405872
498661 402414
483114 412973
490478 403584
486411 409334
488492 406231
484206 412962
489553 405978
486199 410897
486225 410525
501186 402518
484621 418293
493214 405152
488627 406425
499834 402980
485746 415450
487579 410398
486372 411186
484719 417638
501806 403363
484700 418930
494953 406095
489291 406579
500072 404921
487076 414705
489284 410696
487743 410855
486704 417460
487016 417036
488212 410846
506194 404505
487379 415005
501624 406334
491339 406914
489457 408745
488831 411971
503028 404611
488743 413140
489858 407443
505043 405061
487456 421890
488776 414750
496854 406942
489943 408702
488678 421883
494034 407497
491652 407910
510286 406992
487946 423181
502484 407223
489197 416714
488856 421704
495240 407656
490207 413753
491999 409464
491320 411698
494116 407997
497414 407976
488171 425201
489421 420313
492046 410182
491195 415034
495231 408770
493478 409920
494395 409719
490703 416806
490072 419214
490204 416847
490121 418342
500591 408492
490259 438254
495130 410537
499180 409492
490412 426042
490583 418406
492542 411308
492071 415013
490547 423417
492202 413804
510336 409054
490831 436673
503329 410191
491023 420112
495222 410569
492538 418772
492639 413614
493967 411721
493640 412950
519935 409937
491169 421963
509450 410628
497598 411104
492688 416586
492153 421407
494139 414055
493063 415433
495605 412198
494694 412416
503705 411741
491330 429012
493096 416430
492185 424854
500375 412300
496971 413305
495621 415030
491850 425807
495874 414124
505680 412603
492251 428969
493220 420067
501557 413986
493435 417883
496936 417352
498611 415495
497109 415704
499781 414974
500403 414079
512242 412753
492474 432070
493459 420043
507682 413614
505643 416399
497154 417687
501061 417603
505997 413809
502211 416432
496043 419028
496514 418997
501223 416502
506212 413876
493115 433843
498973 417962
493589 426172
494499 423173
496422 420584
497313 419326
495671 422755
498953 418683
514455 414254
493738 431166
496050 426163
497146 422222
501564 418318
494649 428719
508618 414552
498325 419783
507021 416943
505101 418274
507484 414995
498256 420249
506044 418240
520196 415029
496930 433229
508043 418531
497241 422508
498809 419827
505093 419443
505386 420440
497275 424620
497326 423189
499028 420662
499235 420567
500403 420920
497475 432404
500229 423617
498414 428013
498201 431956
498377 428573
506317 421177
497986 436845
501492 422060
501367 431903
499079 433224
512809 422252
500140 441690
500432 433482
505958 422891
501671 429289
502775 425687
504793 423285
501959 426945
510280 423212
502375 430264
503047 425824
505159 423500
515304 423780
502569 433640
503229 428809
507155 426516
511159 423816
511088 424642
508803 425884
504398 427264
504030 427476
508165 425976
512562 424263
502576 435957
503465 429841
507953 428212
510247 425955
509887 427073
505296 428609
504772 428989
510555 425993
503574 430160
505066 429767
511621 426397
503922 442650
507064 432836
504163 435834
510411 430545
511459 426932
511472 429498
507186 433738
516303 429837
508979 435295
512997 431319
515298 430434
521766 431393
511156 438095
514031 432056
523609 435573
512985 439555
516655 441538
521922 442555
523313 444351
525739 446446
