2250 27.1165
173950 121302
136562 152530
145386 134933
136956 145840
136955 149101
136955 149101
136691 151756
146987 131052
145518 132376
163151 122737
147200 129031
165396 122722
146002 131936
156657 124403
155049 124633
141641 137255
140939 138006
148125 128664
147200 129031
161501 123289
160307 123360
146987 131052
169006 121874
167960 122037
172024 121367
170992 121540
137133 144963
136956 145840
167960 122037
166903 122094
149447 127561
149310 128376
140845 138737
140771 139602
172024 121367
149981 127116
149447 127561
170992 121540
170174 121742
148992 128504
148125 128664
137997 144048
137684 144670
136691 151756
162829 123115
161884 123203
173073 121329
142816 136593
142265 136981
146002 131936
145518 132376
143931 136376
140939 138006
140845 138737
142265 136981
141641 137255
136562 152530
137684 144670
137133 144963
143188 136493
173950 121302
173073 121329
145324 135634
144577 135732
138690 143190
138103 143416
145338 135605
151096 126634
150473 126805
151662 126418
151096 126634
154843 124759
154436 125105
140690 139719
140473 140223
169006 121874
158057 123897
157399 124028
139719 140941
139712 141611
138976 142093
138961 142740
140125 140636
139719 140941
153940 125513
153243 125560
158994 123822
158302 123833
159739 123742
159053 123750
140407 140307
140125 140636
166903 122094
166465 122287
169664 121743
169664 121743
157105 124232
156657 124403
166465 122287
165974 122371
152751 125871
152590 126227
162970 123065
139104 141721
138976 142093
138094 143651
137997 144048
138961 142740
138872 143123
157399 124028
157105 124232
144143 136184
152445 126327
152024 126416
144143 136184
165498 122375
165396 122722
170174 121742
139591 141661
139118 141692
144442 135922
143188 136493
142816 136593
161884 123203
161501 123289
165974 122371
165498 122375
149310 128376
148992 128504
144442 135922
160307 123360
160262 123634
152024 126416
151662 126418
150146 127092
155049 124633
154843 124759
154312 125284
154106 125410
153243 125560
153037 125686
150473 126805
150267 126931
143931 136376
154436 125105
154312 125284
158302 123833
158057 123897
150267 126931
144563 135761
138103 143416
138094 143651
159974 123710
159739 123742
152590 126227
152445 126327
138872 143123
138690 143190
160262 123634
160063 123683
162970 123065
162829 123115
152916 125847
149981 127116
152751 125871
163151 122737
140757 139631
140690 139719
152957 125745
152916 125847
150146 127092
159053 123750
158994 123822
136562 152530
160063 123683
159974 123710
154098 125429
154026 125469
153029 125705
152957 125745
139683 141638
139591 141661
140473 140223
140421 140278
154018 125488
153940 125513
139712 141611
139683 141638
145338 135605
145324 135634
144577 135732
144563 135761
140771 139602
140757 139631
140421 140278
140407 140307
139118 141692
139104 141721
173073 121329
173950 121302
173073 121329
154106 125410
154098 125429
154026 125469
154018 125488
153037 125686
153029 125705
163151 122737
173950 121302
173950 121302
173950 121302
173950 121302
173950 121302
173950 121302
173950 121302
173950 121302
173950 121302
173950 121302
173950 121302
173950 121302
173950 121302
173950 121302
173950 121302
173950 121302
173950 121302
173950 121302
173950 121302
173950 121302
173950 121302
173950 121302
173950 121302
173950 121302
173950 121302
173073 121329
173073 121329
173073 121329
173073 121329
173073 121329
173073 121329
173073 121329
173073 121329
173073 121329
173073 121329
173073 121329
173073 121329
173073 121329
173073 121329
173073 121329
173073 121329
173073 121329
173073 121329
173073 121329
173073 121329
173073 121329
173073 121329
173073 121329
173073 121329
173073 121329
170562 123750
158296 126647
168439 124050
170679 123964
158505 126843
166911 126659
170089 125466
172863 124254
159968 132372
162386 128717
172298 126100
169588 126668
167759 127527
165137 128457
166045 127563
163514 128582
173094 124982
160396 135113
166761 127683
162910 129064
161036 133334
173485 126101
160588 138274
168021 127809
163725 133312
162383 136720
164133 130776
167352 129203
165704 129952
163617 135691
161496 138095
163635 134737
165597 130719
167655 128558
161377 138259
173951 126442
160815 143357
163967 135056
161791 138188
165649 131468
161103 139848
166683 130410
170653 129478
168502 130378
173259 128293
169717 130281
172553 129389
173021 129270
178515 127733
161171 140230
164496 138426
165769 131548
165632 135324
176113 128121
170451 130937
171925 129569
171737 129935
176675 128704
162752 142134
165979 135529
174784 131395
170862 131542
166056 132649
175486 130825
167574 132158
169208 131630
169628 131562
193261 129380
163953 143463
166079 135519
180588 130370
170812 131562
166629 132660
178762 130583
170336 132235
179156 130502
180534 130473
171325 131578
164790 148228
166117 137641
166718 132962
170862 132184
166668 136482
181683 131834
166748 138506
173389 131852
166974 134538
166789 138222
170637 133074
168706 133177
179864 131946
167066 149426
167339 138657
167474 134543
171408 133842
173575 132919
173532 132983
180399 132460
167482 138236
178230 132939
167582 136988
173967 132954
170507 134635
167780 135335
173728 134462
168744 135071
173908 134030
174563 132981
167636 139035
168278 135862
171077 134839
174361 133121
170226 135389
175950 133902
167788 140505
171482 135318
172429 134853
168592 137099
168609 136874
178789 133961
167810 142691
169032 139757
170230 137426
176823 134578
174188 134967
168209 142271
172356 135426
171895 136312
171445 137201
178612 134059
183000 134119
168583 144584
173018 137706
175605 135097
182421 134771
168630 143360
169470 140005
170234 139501
174609 135506
182897 135116
169450 154077
169477 143386
175658 135304
173247 138199
174908 136103
171408 139979
169840 141385
170418 140441
178225 136078
169799 147926
176125 136422
171226 140710
174673 138951
169932 145205
173790 139610
169978 142400
177973 136362
170617 141689
174197 139523
170158 141854
188004 136191
170866 143840
178800 136406
173187 141645
175795 139848
174348 140922
176429 138671
176932 137181
176447 137621
189688 136357
171032 144561
180779 137061
173683 142890
174526 141175
179729 138691
176765 139743
177387 139425
181028 137120
171169 147814
176913 141625
179650 141205
173626 144634
172174 145042
182049 137826
172395 148653
181082 137979
173924 145719
179855 141683
177409 143993
179748 141945
174422 145271
177308 144499
182181 138642
172844 149320
174557 145487
176871 145322
179922 143773
181646 142302
182003 138736
181001 143171
197017 138874
174468 154652
184755 138938
180576 145699
174932 149761
182423 142645
175115 146800
183699 139772
183851 141354
176206 149096
181107 145704
182923 143374
177562 147019
177044 147270
185810 144140
177472 152842
181231 145879
179666 151454
179812 149597
180443 147051
180051 148214
188607 145212
178320 161320
183682 147085
180534 154233
181308 151509
181185 151835
189645 145783
181959 152420
185707 147963
187167 147537
191231 146334
182258 153926
187151 149476
194600 148727
184884 155981
185932 154889
187515 169464
