864 145.699
3.01184e+06 2.84897e+06 2.79246e+06 2.7619e+06
2.91184e+06 2.84162e+06 2.73259e+06 2.82672e+06
2.88442e+06 2.91357e+06 2.99701e+06 2.70385e+06
2.85629e+06 2.73609e+06 2.92507e+06 2.87793e+06
2.8557e+06 2.91613e+06 2.90291e+06 2.69199e+06
2.81448e+06 2.82291e+06 2.83324e+06 2.9586e+06
2.77799e+06 2.98445e+06 2.90914e+06 2.80529e+06
2.73894e+06 2.82561e+06 2.88174e+06 2.84417e+06
2.82045e+06 2.80168e+06 2.7989e+06 2.93392e+06
2.78292e+06 2.93577e+06 2.8458e+06 2.9187e+06
2.81448e+06 2.82291e+06 2.83324e+06 2.9586e+06
2.80214e+06 2.97318e+06 2.86686e+06 2.77437e+06
2.98195e+06 2.76381e+06 2.8323e+06 2.80217e+06
2.75144e+06 2.94509e+06 2.98737e+06 2.82533e+06
3.00146e+06 2.82936e+06 2.83924e+06 2.72366e+06
2.76067e+06 2.87823e+06 2.96243e+06 2.83764e+06
2.75144e+06 2.94509e+06 2.98737e+06 2.82533e+06
2.85333e+06 2.95244e+06 2.85384e+06 2.76481e+06
2.87843e+06 2.82755e+06 2.75623e+06 2.89977e+06
2.87543e+06 2.90942e+06 2.97267e+06 2.70579e+06
2.81455e+06 2.84945e+06 2.82103e+06 2.92862e+06
2.77646e+06 2.94944e+06 2.9045e+06 2.81387e+06
2.79546e+06 2.82807e+06 2.82164e+06 2.90262e+06
2.83772e+06 2.80244e+06 2.81586e+06 2.8908e+06
2.85571e+06 2.98325e+06 2.84866e+06 2.75975e+06
2.73894e+06 2.82561e+06 2.88174e+06 2.84417e+06
2.76829e+06 2.83524e+06 2.91842e+06 2.76841e+06
2.93767e+06 2.82306e+06 2.9655e+06 2.7348e+06
2.95159e+06 2.74176e+06 2.89671e+06 2.81284e+06
2.89544e+06 2.86513e+06 2.91319e+06 2.71521e+06
2.97503e+06 2.83985e+06 2.78926e+06 2.77747e+06
2.78326e+06 2.93306e+06 2.86756e+06 2.87078e+06
2.8557e+06 2.91613e+06 2.90291e+06 2.69199e+06
2.92238e+06 2.7498e+06 2.8886e+06 2.81552e+06
2.92232e+06 2.8332e+06 2.96064e+06 2.73392e+06
2.86038e+06 2.86408e+06 2.92875e+06 2.7138e+06
2.9147e+06 2.86407e+06 2.95231e+06 2.7066e+06
2.76077e+06 2.91928e+06 2.92898e+06 2.77989e+06
2.81723e+06 2.91712e+06 2.97047e+06 2.73098e+06
2.94207e+06 2.7732e+06 2.7987e+06 2.87947e+06
2.96292e+06 2.82833e+06 2.91946e+06 2.72463e+06
2.88369e+06 2.83176e+06 2.9497e+06 2.73832e+06
2.97924e+06 2.9044e+06 2.77521e+06 2.7606e+06
3.00146e+06 2.82936e+06 2.83924e+06 2.72366e+06
2.77305e+06 2.91055e+06 2.87059e+06 2.82546e+06
2.84659e+06 2.89331e+06 2.95317e+06 2.72421e+06
2.88717e+06 2.86747e+06 2.92493e+06 2.7225e+06
2.78445e+06 2.92784e+06 2.81855e+06 2.79816e+06
2.90775e+06 2.79898e+06 2.76548e+06 2.85384e+06
2.84969e+06 2.7569e+06 2.88898e+06 2.83265e+06
2.92408e+06 2.96132e+06 2.82799e+06 2.74542e+06
2.86923e+06 2.88511e+06 2.8983e+06 2.74966e+06
2.97105e+06 2.76048e+06 2.84045e+06 2.84713e+06
2.76966e+06 2.81769e+06 2.93952e+06 2.78659e+06
2.86615e+06 2.83276e+06 2.80987e+06 2.80736e+06
2.90341e+06 2.96752e+06 2.82726e+06 2.74097e+06
2.78664e+06 2.8699e+06 2.98586e+06 2.72368e+06
2.93292e+06 2.84611e+06 2.90278e+06 2.72653e+06
2.89633e+06 2.8831e+06 2.80436e+06 2.78561e+06
2.83979e+06 2.92262e+06 2.9056e+06 2.75494e+06
2.92716e+06 2.92039e+06 2.84422e+06 2.73426e+06
2.95695e+06 2.74058e+06 2.88498e+06 2.81561e+06
2.87144e+06 2.79783e+06 2.98072e+06 2.80969e+06
2.83492e+06 2.87664e+06 2.85837e+06 2.79428e+06
2.84472e+06 2.76449e+06 2.93293e+06 2.9324e+06
2.91868e+06 2.85092e+06 2.92305e+06 2.73047e+06
2.84124e+06 2.79632e+06 2.87771e+06 2.90928e+06
2.84586e+06 2.86273e+06 2.74334e+06 2.85878e+06
2.80761e+06 2.83719e+06 2.8776e+06 2.79932e+06
2.90341e+06 2.96752e+06 2.82726e+06 2.74097e+06
2.81982e+06 2.79282e+06 2.90779e+06 2.83603e+06
2.9116e+06 2.84196e+06 2.94149e+06 2.73156e+06
2.88889e+06 2.78948e+06 2.74844e+06 2.85785e+06
2.94233e+06 2.82584e+06 2.83441e+06 2.74558e+06
2.80806e+06 2.87988e+06 2.81827e+06 2.88295e+06
2.92353e+06 2.78286e+06 2.767e+06 2.86748e+06
2.97184e+06 2.77427e+06 2.87108e+06 2.77117e+06
2.93018e+06 2.85912e+06 2.77098e+06 2.78487e+06
2.96789e+06 2.78318e+06 2.87776e+06 2.78907e+06
2.94758e+06 2.81946e+06 2.74644e+06 2.84115e+06
2.90475e+06 2.75426e+06 2.81281e+06 2.85705e+06
2.88426e+06 2.73883e+06 2.93769e+06 2.78956e+06
2.78039e+06 2.92721e+06 2.9078e+06 2.80182e+06
2.77229e+06 2.88454e+06 2.8732e+06 2.82128e+06
2.81873e+06 2.8461e+06 2.94388e+06 2.76109e+06
2.87078e+06 2.73721e+06 2.86287e+06 2.8603e+06
2.8605e+06 2.81448e+06 2.83002e+06 2.7948e+06
2.92546e+06 2.94218e+06 2.83626e+06 2.76046e+06
2.78509e+06 2.90601e+06 2.85274e+06 2.80818e+06
2.93605e+06 2.88942e+06 2.82645e+06 2.76201e+06
2.8517e+06 2.88726e+06 2.86411e+06 2.73022e+06
2.93407e+06 2.8453e+06 2.73369e+06 2.81086e+06
2.95359e+06 2.78417e+06 2.75259e+06 2.84288e+06
2.78261e+06 2.87152e+06 2.90944e+06 2.82525e+06
2.81067e+06 2.91545e+06 2.81603e+06 2.86191e+06
2.97694e+06 2.8323e+06 2.81623e+06 2.74702e+06
2.80814e+06 2.86434e+06 2.91485e+06 2.77686e+06
2.8432e+06 2.88839e+06 2.77708e+06 2.87352e+06
2.87658e+06 2.82417e+06 2.77927e+06 2.82218e+06
2.82469e+06 2.85254e+06 2.86052e+06 2.77348e+06
2.79104e+06 2.80104e+06 2.92998e+06 2.78217e+06
2.9089e+06 2.80832e+06 2.84283e+06 2.79656e+06
2.94015e+06 2.79042e+06 2.78273e+06 2.8233e+06
2.96106e+06 2.78418e+06 2.83543e+06 2.81197e+06
2.89435e+06 2.85505e+06 2.78015e+06 2.81787e+06
2.79604e+06 2.84424e+06 2.86452e+06 2.80368e+06
2.85545e+06 2.8926e+06 2.78709e+06 2.8504e+06
2.89187e+06 2.75095e+06 2.84956e+06 2.82153e+06
2.80568e+06 2.85782e+06 2.84942e+06 2.87683e+06
2.84511e+06 2.89466e+06 2.837e+06 2.78879e+06
2.8575e+06 2.76278e+06 2.83596e+06 2.84653e+06
2.92408e+06 2.96132e+06 2.82799e+06 2.74542e+06
2.82635e+06 2.80234e+06 2.85662e+06 2.91267e+06
2.86403e+06 2.78397e+06 2.88688e+06 2.82939e+06
2.8915e+06 2.92491e+06 2.8478e+06 2.7651e+06
2.79104e+06 2.80104e+06 2.92998e+06 2.78217e+06
2.91999e+06 2.8431e+06 2.824e+06 2.77696e+06
2.83118e+06 2.79063e+06 2.89983e+06 2.81858e+06
2.86209e+06 2.8873e+06 2.79313e+06 2.7763e+06
2.90556e+06 2.89258e+06 2.73764e+06 2.87415e+06
2.84923e+06 2.86575e+06 2.85594e+06 2.80496e+06
2.90991e+06 2.79119e+06 2.76031e+06 2.7918e+06
2.88544e+06 2.76892e+06 2.86094e+06 2.81018e+06
2.90516e+06 2.79552e+06 2.9102e+06 2.79675e+06
2.8975e+06 2.7857e+06 2.84525e+06 2.802e+06
2.90004e+06 2.85119e+06 2.79855e+06 2.8089e+06
2.97836e+06 2.82155e+06 2.87752e+06 2.74368e+06
2.93409e+06 2.83397e+06 2.82196e+06 2.76945e+06
2.87144e+06 2.79783e+06 2.98072e+06 2.80969e+06
2.954e+06 2.76857e+06 2.93203e+06 2.7841e+06
2.80202e+06 2.87006e+06 2.89604e+06 2.78458e+06
2.94758e+06 2.77998e+06 2.74722e+06 2.84707e+06
2.8766e+06 2.73706e+06 2.86142e+06 2.88536e+06
2.89286e+06 2.79495e+06 2.83824e+06 2.84208e+06
2.8295e+06 2.81573e+06 2.81576e+06 2.84076e+06
2.84555e+06 2.8914e+06 2.88296e+06 2.75265e+06
2.9234e+06 2.78711e+06 2.86475e+06 2.77016e+06
2.90203e+06 2.8667e+06 2.78459e+06 2.7806e+06
2.82281e+06 2.78904e+06 2.94619e+06 2.84927e+06
2.90556e+06 2.89258e+06 2.73764e+06 2.87415e+06
2.86551e+06 2.82149e+06 2.87473e+06 2.79368e+06
2.9217e+06 2.83232e+06 2.74552e+06 2.81453e+06
2.89088e+06 2.80626e+06 2.88072e+06 2.76161e+06
2.87803e+06 2.81183e+06 2.77079e+06 2.87256e+06
2.89082e+06 2.81278e+06 2.87154e+06 2.7884e+06
2.90204e+06 2.8687e+06 2.76109e+06 2.78395e+06
2.91627e+06 2.76493e+06 2.88007e+06 2.81281e+06
2.81992e+06 2.86491e+06 2.93418e+06 2.76672e+06
2.87727e+06 2.84989e+06 2.8927e+06 2.74505e+06
2.95736e+06 2.78108e+06 2.91926e+06 2.80768e+06
2.81406e+06 2.91589e+06 2.79626e+06 2.85249e+06
2.84691e+06 2.88032e+06 2.90182e+06 2.75211e+06
2.83688e+06 2.80941e+06 2.79177e+06 2.81316e+06
2.91468e+06 2.88036e+06 2.80354e+06 2.7674e+06
2.88901e+06 2.86809e+06 2.80144e+06 2.78597e+06
2.93597e+06 2.88592e+06 2.88598e+06 2.73111e+06
2.82584e+06 2.89869e+06 2.81852e+06 2.8468e+06
2.91449e+06 2.81043e+06 2.83783e+06 2.78853e+06
2.81159e+06 2.83019e+06 2.86093e+06 2.81334e+06
2.83661e+06 2.82043e+06 2.8716e+06 2.81211e+06
2.92491e+06 2.83344e+06 2.91335e+06 2.73907e+06
2.9627e+06 2.85645e+06 2.76937e+06 2.78853e+06
2.88687e+06 2.86123e+06 2.80655e+06 2.77054e+06
2.84381e+06 2.87527e+06 2.87353e+06 2.75357e+06
2.82072e+06 2.91358e+06 2.81143e+06 2.86159e+06
2.85232e+06 2.85863e+06 2.89036e+06 2.75706e+06
2.82822e+06 2.83138e+06 2.92416e+06 2.77783e+06
2.82464e+06 2.87455e+06 2.7964e+06 2.87061e+06
2.85597e+06 2.76841e+06 2.88168e+06 2.84842e+06
2.8565e+06 2.81809e+06 2.87851e+06 2.78986e+06
2.84124e+06 2.79632e+06 2.87771e+06 2.90928e+06
2.91524e+06 2.80361e+06 2.80191e+06 2.79162e+06
2.90127e+06 2.82259e+06 2.83724e+06 2.77189e+06
2.79962e+06 2.91635e+06 2.8139e+06 2.779e+06
2.83746e+06 2.91356e+06 2.84161e+06 2.77991e+06
2.90316e+06 2.8496e+06 2.75422e+06 2.84149e+06
2.93004e+06 2.90075e+06 2.78266e+06 2.77072e+06
2.81521e+06 2.8763e+06 2.79285e+06 2.86901e+06
2.96985e+06 2.78141e+06 2.77002e+06 2.79263e+06
2.83778e+06 2.86906e+06 2.80706e+06 2.79309e+06
2.80518e+06 2.80373e+06 2.87955e+06 2.81158e+06
2.9097e+06 2.81887e+06 2.77624e+06 2.83471e+06
2.88026e+06 2.84356e+06 2.88734e+06 2.76194e+06
2.90638e+06 2.90324e+06 2.89436e+06 2.72364e+06
2.85749e+06 2.85743e+06 2.7675e+06 2.81965e+06
2.8944e+06 2.87298e+06 2.76561e+06 2.82665e+06
2.90724e+06 2.83672e+06 2.7667e+06 2.8199e+06
2.87362e+06 2.85554e+06 2.88069e+06 2.74907e+06
2.95339e+06 2.78181e+06 2.81952e+06 2.83053e+06
2.83879e+06 2.8932e+06 2.90819e+06 2.7566e+06
2.81551e+06 2.90839e+06 2.83582e+06 2.84195e+06
2.87686e+06 2.80306e+06 2.78608e+06 2.81653e+06
2.77972e+06 2.90234e+06 2.88188e+06 2.81003e+06
2.79962e+06 2.91635e+06 2.8139e+06 2.779e+06
2.89461e+06 2.90102e+06 2.85227e+06 2.75744e+06
2.80998e+06 2.87476e+06 2.84646e+06 2.81695e+06
2.93914e+06 2.90869e+06 2.81104e+06 2.76639e+06
2.83146e+06 2.80366e+06 2.90591e+06 2.76587e+06
2.82635e+06 2.80234e+06 2.85662e+06 2.91267e+06
2.86021e+06 2.8467e+06 2.87688e+06 2.76663e+06
2.82431e+06 2.83232e+06 2.81571e+06 2.87101e+06
2.90475e+06 2.75426e+06 2.81281e+06 2.85705e+06
2.87834e+06 2.78854e+06 2.85962e+06 2.82557e+06
2.85058e+06 2.86313e+06 2.82009e+06 2.78367e+06
2.93773e+06 2.82188e+06 2.75604e+06 2.83344e+06
2.88422e+06 2.77676e+06 2.79296e+06 2.86123e+06
2.95031e+06 2.86106e+06 2.85459e+06 2.72334e+06
2.87282e+06 2.86736e+06 2.90151e+06 2.75697e+06
2.88537e+06 2.85515e+06 2.85057e+06 2.76888e+06
2.88197e+06 2.79954e+06 2.84689e+06 2.79192e+06
2.93382e+06 2.77728e+06 2.82592e+06 2.84504e+06
2.82281e+06 2.78904e+06 2.94619e+06 2.84927e+06
2.82618e+06 2.91511e+06 2.82841e+06 2.78615e+06
2.93787e+06 2.81772e+06 2.81766e+06 2.75828e+06
2.92971e+06 2.83538e+06 2.81835e+06 2.78346e+06
2.88306e+06 2.79825e+06 2.88233e+06 2.82294e+06
2.91689e+06 2.78172e+06 2.87652e+06 2.81011e+06
2.92044e+06 2.79126e+06 2.90637e+06 2.78843e+06
2.85339e+06 2.78249e+06 2.85357e+06 2.84826e+06
2.80515e+06 2.88032e+06 2.89305e+06 2.77016e+06
2.94901e+06 2.78205e+06 2.84849e+06 2.83203e+06
2.9504e+06 2.77368e+06 2.83492e+06 2.83136e+06
2.88151e+06 2.84081e+06 2.93866e+06 2.76142e+06
2.94982e+06 2.84081e+06 2.7944e+06 2.76502e+06
2.90812e+06 2.83579e+06 2.83127e+06 2.76834e+06
2.82771e+06 2.89881e+06 2.80675e+06 2.82548e+06
2.82898e+06 2.85956e+06 2.8541e+06 2.80774e+06
2.85592e+06 2.81586e+06 2.89382e+06 2.80926e+06
2.92038e+06 2.88845e+06 2.7954e+06 2.76786e+06
2.93379e+06 2.85761e+06 2.81724e+06 2.78127e+06
2.92601e+06 2.78374e+06 2.76106e+06 2.85151e+06
2.86317e+06 2.84832e+06 2.85231e+06 2.79316e+06
2.87397e+06 2.84734e+06 2.83016e+06 2.77364e+06
2.97068e+06 2.89166e+06 2.77617e+06 2.76543e+06
2.89398e+06 2.84751e+06 2.87348e+06 2.75469e+06
2.90843e+06 2.8273e+06 2.74797e+06 2.85132e+06
2.87492e+06 2.87785e+06 2.85657e+06 2.75669e+06
2.89885e+06 2.78234e+06 2.83216e+06 2.85147e+06
2.92546e+06 2.94218e+06 2.83626e+06 2.76046e+06
2.81705e+06 2.80363e+06 2.89777e+06 2.81276e+06
2.90604e+06 2.84213e+06 2.74822e+06 2.8023e+06
2.8766e+06 2.73706e+06 2.86142e+06 2.88536e+06
2.87857e+06 2.8586e+06 2.82591e+06 2.80396e+06
2.84586e+06 2.86273e+06 2.74334e+06 2.85878e+06
2.87114e+06 2.79944e+06 2.84247e+06 2.84539e+06
2.78664e+06 2.8699e+06 2.98586e+06 2.72368e+06
2.88169e+06 2.82628e+06 2.82617e+06 2.79345e+06
2.87113e+06 2.84179e+06 2.85874e+06 2.77992e+06
2.87857e+06 2.8586e+06 2.82591e+06 2.80396e+06
2.79962e+06 2.91635e+06 2.8139e+06 2.779e+06
2.99972e+06 2.86476e+06 2.83407e+06 2.81342e+06
2.93765e+06 2.86116e+06 2.79112e+06 2.86167e+06
2.93576e+06 2.78939e+06 2.91171e+06 2.83733e+06
2.92768e+06 2.8806e+06 2.9391e+06 2.78496e+06
2.86787e+06 2.83325e+06 2.85999e+06 2.91944e+06
2.85951e+06 2.94337e+06 2.8198e+06 2.80507e+06
2.85551e+06 2.85161e+06 2.95882e+06 2.88953e+06
2.82167e+06 2.84422e+06 2.91776e+06 2.9075e+06
2.96696e+06 2.80962e+06 2.87093e+06 2.87518e+06
2.836e+06 2.922e+06 2.8387e+06 2.877e+06
2.82269e+06 2.86956e+06 2.9068e+06 2.82328e+06
2.92112e+06 2.91453e+06 2.80706e+06 2.79678e+06
2.88385e+06 2.90276e+06 2.8321e+06 2.83035e+06
2.92058e+06 2.88742e+06 2.81208e+06 2.84675e+06
2.92733e+06 2.82067e+06 2.92387e+06 2.84986e+06
2.95648e+06 2.83638e+06 2.82818e+06 2.87732e+06
2.87684e+06 2.89308e+06 2.88562e+06 2.79979e+06
2.90554e+06 2.82329e+06 2.865e+06 2.83536e+06
2.92188e+06 2.80301e+06 2.9574e+06 2.83693e+06
2.92381e+06 2.93323e+06 2.90787e+06 2.79509e+06
2.9518e+06 2.84529e+06 2.89201e+06 2.81636e+06
2.85976e+06 2.86958e+06 2.8615e+06 2.88496e+06
2.92391e+06 2.87795e+06 2.79552e+06 2.8048e+06
2.83441e+06 2.85719e+06 2.87409e+06 2.80326e+06
2.88494e+06 2.85746e+06 2.90822e+06 2.79e+06
2.89544e+06 2.85044e+06 2.84276e+06 2.8539e+06
2.89555e+06 2.85622e+06 2.94367e+06 2.84855e+06
2.91092e+06 2.82146e+06 2.91312e+06 2.83149e+06
2.89105e+06 2.84782e+06 2.83597e+06 2.85674e+06
2.86251e+06 2.80309e+06 2.88782e+06 2.85411e+06
2.89493e+06 2.84841e+06 2.89621e+06 2.84896e+06
2.90072e+06 2.89645e+06 2.8723e+06 2.85201e+06
2.89574e+06 2.889e+06 2.81615e+06 2.8884e+06
2.90265e+06 2.89047e+06 2.83709e+06 2.81659e+06
2.89563e+06 2.8434e+06 2.91492e+06 2.852e+06
2.92435e+06 2.86455e+06 2.87342e+06 2.80229e+06
2.89528e+06 2.89306e+06 2.82775e+06 2.85396e+06
2.98276e+06 2.8596e+06 2.85392e+06 2.9022e+06
2.97758e+06 2.93601e+06 2.935e+06 2.79501e+06
2.94476e+06 2.82767e+06 2.88302e+06 2.91173e+06
2.94e+06 2.89951e+06 2.82666e+06 2.84227e+06
2.90766e+06 2.90194e+06 2.94782e+06 2.81049e+06
2.89443e+06 2.82115e+06 2.90636e+06 2.8624e+06
2.85867e+06 2.96674e+06 2.88307e+06 2.86115e+06
2.84269e+06 2.86192e+06 2.92135e+06 2.85454e+06
2.96136e+06 2.93348e+06 2.92903e+06 2.79764e+06
2.84994e+06 2.93171e+06 2.94692e+06 2.84745e+06
2.92319e+06 2.91328e+06 2.83418e+06 2.87173e+06
2.9463e+06 2.95083e+06 2.87882e+06 2.82455e+06
2.87194e+06 2.92025e+06 2.88833e+06 2.84484e+06
2.87731e+06 2.92326e+06 2.90138e+06 2.83663e+06
2.92189e+06 2.85421e+06 2.86341e+06 2.86529e+06
2.90186e+06 2.84635e+06 2.8938e+06 2.89894e+06
2.93276e+06 2.88919e+06 2.87246e+06 2.82917e+06
2.94771e+06 2.85793e+06 2.90524e+06 2.82023e+06
2.86117e+06 2.87531e+06 2.88043e+06 2.87052e+06
2.905e+06 2.86121e+06 2.85528e+06 2.89266e+06
2.96796e+06 2.84935e+06 2.86877e+06 2.89028e+06
2.88326e+06 2.90984e+06 2.89319e+06 2.85885e+06
2.89158e+06 2.85126e+06 2.89458e+06 2.88122e+06
2.8876e+06 2.88047e+06 2.91444e+06 2.8399e+06
2.91478e+06 2.91054e+06 2.84926e+06 2.84793e+06
2.92586e+06 2.87356e+06 2.8694e+06 2.85206e+06
2.85674e+06 2.86496e+06 2.91804e+06 2.8282e+06
2.94762e+06 2.93566e+06 2.89852e+06 2.81001e+06
2.89235e+06 2.89787e+06 2.88544e+06 2.84373e+06
2.92425e+06 2.8657e+06 2.84002e+06 2.86496e+06
2.88826e+06 2.86283e+06 2.8767e+06 2.88339e+06
2.91228e+06 2.8558e+06 2.87835e+06 2.8867e+06
2.93798e+06 2.88521e+06 2.85218e+06 2.82457e+06
2.90366e+06 2.93918e+06 2.87239e+06 2.84019e+06
2.9031e+06 2.87597e+06 2.84556e+06 2.86157e+06
2.95301e+06 2.85019e+06 2.86767e+06 2.87128e+06
2.90316e+06 2.86665e+06 2.90262e+06 2.84275e+06
2.93179e+06 2.87852e+06 2.89972e+06 2.82473e+06
2.96097e+06 2.86022e+06 2.8785e+06 2.84544e+06
2.89638e+06 2.88697e+06 2.90124e+06 2.8606e+06
2.92952e+06 2.84715e+06 2.90589e+06 2.8552e+06
2.96114e+06 2.84849e+06 2.86697e+06 2.90094e+06
2.95099e+06 2.86358e+06 2.89426e+06 2.8625e+06
2.88792e+06 2.90613e+06 2.89899e+06 2.85944e+06
2.90111e+06 2.90035e+06 2.89747e+06 2.83901e+06
2.91061e+06 2.9129e+06 2.87155e+06 2.84451e+06
2.92881e+06 2.90249e+06 2.85249e+06 2.83979e+06
2.9007e+06 2.93908e+06 2.9006e+06 2.83914e+06
2.85707e+06 2.91179e+06 2.90114e+06 2.8473e+06
3.00977e+06 2.89745e+06 2.95124e+06 2.8285e+06
2.97351e+06 2.82405e+06 2.92198e+06 2.87093e+06
2.94107e+06 2.86635e+06 2.84149e+06 2.89206e+06
2.93838e+06 2.86921e+06 2.87019e+06 2.94302e+06
2.93394e+06 2.95648e+06 2.86003e+06 2.86976e+06
2.86264e+06 2.89238e+06 2.94448e+06 2.86591e+06
2.8901e+06 2.90441e+06 2.89269e+06 2.90061e+06
2.98413e+06 2.90864e+06 2.85195e+06 2.86259e+06
2.8639e+06 2.88687e+06 2.91805e+06 2.83709e+06
2.90374e+06 2.86162e+06 2.93381e+06 2.867e+06
2.88272e+06 2.94197e+06 2.88835e+06 2.85671e+06
2.94375e+06 2.937e+06 2.8464e+06 2.85221e+06
2.95531e+06 2.91627e+06 2.87817e+06 2.85015e+06
2.94533e+06 2.94296e+06 2.9148e+06 2.83234e+06
2.95898e+06 2.85767e+06 2.87939e+06 2.88105e+06
2.96909e+06 2.83621e+06 2.91575e+06 2.89833e+06
2.89157e+06 2.90654e+06 2.88194e+06 2.87888e+06
2.92079e+06 2.8788e+06 2.91068e+06 2.8781e+06
2.88764e+06 2.87598e+06 2.95033e+06 2.84224e+06
2.91851e+06 2.84159e+06 2.92421e+06 2.88488e+06
2.93295e+06 2.92526e+06 2.89817e+06 2.86114e+06
2.90973e+06 2.87746e+06 2.92472e+06 2.86513e+06
2.93054e+06 2.86483e+06 2.89572e+06 2.8873e+06
2.95057e+06 2.84578e+06 2.91571e+06 2.87502e+06
2.93933e+06 2.92415e+06 2.86931e+06 2.88705e+06
2.96573e+06 2.9055e+06 2.86295e+06 2.82994e+06
2.94632e+06 2.91664e+06 2.85802e+06 2.86474e+06
2.90392e+06 2.89407e+06 2.88875e+06 2.89785e+06
2.9306e+06 2.85081e+06 2.91698e+06 2.8553e+06
2.96768e+06 2.86009e+06 2.94917e+06 2.85076e+06
2.88292e+06 2.8921e+06 2.90314e+06 2.87255e+06
2.94871e+06 2.90744e+06 2.85673e+06 2.8622e+06
2.92227e+06 2.89079e+06 2.91667e+06 2.85606e+06
2.9142e+06 2.90643e+06 2.90841e+06 2.8614e+06
2.9361e+06 2.86616e+06 2.89017e+06 2.89367e+06
2.93253e+06 2.88964e+06 2.89912e+06 2.85492e+06
2.96585e+06 2.86253e+06 2.90664e+06 2.86603e+06
2.93504e+06 2.87343e+06 2.89056e+06 2.898e+06
2.94127e+06 2.90631e+06 2.8651e+06 2.8716e+06
2.91917e+06 2.89276e+06 2.90214e+06 2.86276e+06
2.94256e+06 2.87698e+06 2.92455e+06 2.84012e+06
2.91908e+06 2.88791e+06 2.91558e+06 2.87962e+06
3.00183e+06 2.92381e+06 2.87686e+06 2.86891e+06
2.98315e+06 2.96309e+06 2.85196e+06 2.87038e+06
2.95576e+06 2.89516e+06 2.84485e+06 2.90058e+06
2.95343e+06 2.88745e+06 2.9217e+06 2.89611e+06
2.94583e+06 2.89384e+06 2.95443e+06 2.84151e+06
2.92099e+06 2.92558e+06 2.90624e+06 2.94816e+06
2.87776e+06 2.89121e+06 2.92877e+06 2.89376e+06
2.95471e+06 2.89381e+06 2.87584e+06 2.9078e+06
2.95782e+06 2.94029e+06 2.85203e+06 2.87172e+06
2.8937e+06 2.90734e+06 2.94785e+06 2.87236e+06
2.95042e+06 2.9272e+06 2.86423e+06 2.90724e+06
2.97455e+06 2.93694e+06 2.88864e+06 2.85547e+06
2.96904e+06 2.91258e+06 2.91111e+06 2.84752e+06
2.93017e+06 2.91634e+06 2.95105e+06 2.85146e+06
2.89808e+06 2.89642e+06 2.92249e+06 2.8636e+06
2.91634e+06 2.89012e+06 2.93937e+06 2.90251e+06
2.92999e+06 2.91466e+06 2.91509e+06 2.87856e+06
2.90428e+06 2.9269e+06 2.92521e+06 2.85319e+06
2.9638e+06 2.8907e+06 2.93899e+06 2.86269e+06
2.99198e+06 2.91009e+06 2.89297e+06 2.87756e+06
2.99777e+06 2.89057e+06 2.88245e+06 2.89608e+06
2.92768e+06 2.90888e+06 2.92767e+06 2.8579e+06
2.95184e+06 2.91568e+06 2.89426e+06 2.8641e+06
2.97438e+06 2.92054e+06 2.89426e+06 2.87716e+06
2.97736e+06 2.89382e+06 2.9068e+06 2.90382e+06
2.94906e+06 2.89388e+06 2.91424e+06 2.8767e+06
2.99267e+06 2.92784e+06 2.9218e+06 2.86608e+06
2.97884e+06 2.9443e+06 2.85617e+06 2.90343e+06
2.96853e+06 2.90302e+06 2.98554e+06 2.86354e+06
2.96009e+06 2.89896e+06 2.95192e+06 2.95913e+06
2.92976e+06 2.99439e+06 2.92375e+06 2.86534e+06
2.91925e+06 2.94089e+06 2.93561e+06 2.85844e+06
2.91144e+06 2.93998e+06 2.95944e+06 2.86926e+06
2.96417e+06 2.9526e+06 2.92134e+06 2.88743e+06
2.97012e+06 2.9037e+06 2.91603e+06 2.89433e+06
2.9353e+06 2.89909e+06 2.92506e+06 2.89288e+06
2.91883e+06 2.90635e+06 2.94759e+06 2.86448e+06
2.97687e+06 2.92866e+06 2.93198e+06 2.90302e+06
2.97445e+06 2.93192e+06 2.93562e+06 2.90335e+06
2.94684e+06 2.90656e+06 2.95792e+06 2.86475e+06
2.93888e+06 2.90453e+06 2.92602e+06 2.94839e+06
2.93517e+06 2.92995e+06 2.94768e+06 2.90096e+06
2.95214e+06 2.91906e+06 2.95558e+06 2.87967e+06
2.97544e+06 2.93846e+06 2.95797e+06 2.87551e+06
2.94986e+06 2.96444e+06 2.95668e+06 2.93898e+06
2.97676e+06 2.99912e+06 2.9643e+06 2.9004e+06
3.01184e+06 2.84897e+06 2.79246e+06 2.7619e+06
2.89938e+06 2.86206e+06 2.72415e+06 2.84999e+06
2.88442e+06 2.91357e+06 2.99701e+06 2.70385e+06
2.85629e+06 2.73609e+06 2.92507e+06 2.87793e+06
2.8557e+06 2.91613e+06 2.90291e+06 2.69199e+06
2.81448e+06 2.82291e+06 2.83324e+06 2.9586e+06
2.77799e+06 2.98445e+06 2.90914e+06 2.80529e+06
2.73894e+06 2.82561e+06 2.88174e+06 2.84417e+06
2.80214e+06 2.97318e+06 2.86686e+06 2.77437e+06
2.78292e+06 2.93577e+06 2.8458e+06 2.9187e+06
2.82045e+06 2.80168e+06 2.7989e+06 2.93392e+06
2.81448e+06 2.82291e+06 2.83324e+06 2.9586e+06
2.8501e+06 2.9558e+06 2.8162e+06 2.81771e+06
2.75144e+06 2.94509e+06 2.98737e+06 2.82533e+06
3.00146e+06 2.82936e+06 2.83924e+06 2.72366e+06
2.85571e+06 2.98325e+06 2.84866e+06 2.75975e+06
2.87543e+06 2.90942e+06 2.97267e+06 2.70579e+06
2.77646e+06 2.94944e+06 2.9045e+06 2.81387e+06
2.94921e+06 2.91684e+06 2.74104e+06 2.78584e+06
2.8557e+06 2.91613e+06 2.90291e+06 2.69199e+06
2.73894e+06 2.82561e+06 2.88174e+06 2.84417e+06
2.87843e+06 2.82755e+06 2.75623e+06 2.89977e+06
2.98682e+06 2.81458e+06 2.75775e+06 2.84923e+06
2.79301e+06 2.92962e+06 2.87476e+06 2.75667e+06
2.92716e+06 2.92039e+06 2.84422e+06 2.73426e+06
2.9147e+06 2.86407e+06 2.95231e+06 2.7066e+06
2.83729e+06 2.81796e+06 2.83712e+06 2.90665e+06
2.83924e+06 2.94199e+06 2.84355e+06 2.78287e+06
2.88048e+06 2.77729e+06 2.95822e+06 2.76682e+06
2.84969e+06 2.7569e+06 2.88898e+06 2.83265e+06
2.77229e+06 2.88454e+06 2.8732e+06 2.82128e+06
2.97184e+06 2.77427e+06 2.87108e+06 2.77117e+06
2.76067e+06 2.87823e+06 2.96243e+06 2.83764e+06
2.78039e+06 2.92721e+06 2.9078e+06 2.80182e+06
2.86038e+06 2.86408e+06 2.92875e+06 2.7138e+06
2.88889e+06 2.78948e+06 2.74844e+06 2.85785e+06
2.95159e+06 2.74176e+06 2.89671e+06 2.81284e+06
2.88717e+06 2.86747e+06 2.92493e+06 2.7225e+06
2.89544e+06 2.86513e+06 2.91319e+06 2.71521e+06
2.94366e+06 2.78463e+06 2.83016e+06 2.83636e+06
2.93767e+06 2.82306e+06 2.9655e+06 2.7348e+06
2.81723e+06 2.91712e+06 2.97047e+06 2.73098e+06
2.96164e+06 2.79161e+06 2.86299e+06 2.76348e+06
2.89187e+06 2.75095e+06 2.84956e+06 2.82153e+06
2.81009e+06 2.85657e+06 2.94651e+06 2.73379e+06
2.76277e+06 2.82589e+06 2.94973e+06 2.79517e+06
2.91636e+06 2.76749e+06 2.8221e+06 2.88806e+06
2.78664e+06 2.8699e+06 2.98586e+06 2.72368e+06
2.94153e+06 2.77142e+06 2.81364e+06 2.8835e+06
2.85015e+06 2.89062e+06 2.89984e+06 2.74096e+06
2.81455e+06 2.84945e+06 2.82103e+06 2.92862e+06
2.76554e+06 2.89142e+06 2.94731e+06 2.78104e+06
2.93894e+06 2.86532e+06 2.84745e+06 2.75557e+06
2.92674e+06 2.79443e+06 2.76685e+06 2.84307e+06
2.76829e+06 2.83524e+06 2.91842e+06 2.76841e+06
2.89938e+06 2.86206e+06 2.72415e+06 2.84999e+06
2.95721e+06 2.85033e+06 2.74364e+06 2.81654e+06
2.9025e+06 2.84843e+06 2.78666e+06 2.8459e+06
2.91184e+06 2.84162e+06 2.73259e+06 2.82672e+06
2.84659e+06 2.89331e+06 2.95317e+06 2.72421e+06
2.97731e+06 2.78999e+06 2.82651e+06 2.80537e+06
2.84472e+06 2.76449e+06 2.93293e+06 2.9324e+06
2.82026e+06 2.91284e+06 2.94224e+06 2.73769e+06
2.82587e+06 2.85803e+06 2.79754e+06 2.82833e+06
2.97105e+06 2.76048e+06 2.84045e+06 2.84713e+06
2.96724e+06 2.81321e+06 2.82265e+06 2.79975e+06
2.91184e+06 2.84162e+06 2.73259e+06 2.82672e+06
2.8517e+06 2.88726e+06 2.86411e+06 2.73022e+06
2.96361e+06 2.80546e+06 2.82188e+06 2.80296e+06
2.79546e+06 2.82807e+06 2.82164e+06 2.90262e+06
2.75144e+06 2.94509e+06 2.98737e+06 2.82533e+06
2.92026e+06 2.76226e+06 2.84401e+06 2.86353e+06
2.95896e+06 2.80059e+06 2.75796e+06 2.83052e+06
2.81873e+06 2.8461e+06 2.94388e+06 2.76109e+06
2.93119e+06 2.82224e+06 2.80627e+06 2.81962e+06
2.91754e+06 2.7724e+06 2.81367e+06 2.91457e+06
2.94238e+06 2.74985e+06 2.92338e+06 2.8163e+06
2.90626e+06 2.87529e+06 2.77615e+06 2.73929e+06
2.84022e+06 2.82953e+06 2.87801e+06 2.79269e+06
2.87044e+06 2.85992e+06 2.80672e+06 2.81612e+06
2.92601e+06 2.78374e+06 2.76106e+06 2.85151e+06
2.85837e+06 2.84235e+06 2.78283e+06 2.88146e+06
2.84622e+06 2.8323e+06 2.98079e+06 2.74494e+06
2.86661e+06 2.8202e+06 2.80362e+06 2.89142e+06
2.77972e+06 2.90234e+06 2.88188e+06 2.81003e+06
2.91282e+06 2.78615e+06 2.84521e+06 2.8061e+06
2.9939e+06 2.83276e+06 2.85363e+06 2.78082e+06
2.82954e+06 2.79884e+06 2.91478e+06 2.8067e+06
2.79881e+06 2.85356e+06 2.90208e+06 2.78414e+06
2.85767e+06 2.82496e+06 2.79445e+06 2.86898e+06
2.85333e+06 2.95244e+06 2.85384e+06 2.76481e+06
2.7696e+06 2.89717e+06 2.857e+06 2.82141e+06
2.98195e+06 2.9098e+06 2.88922e+06 2.72568e+06
2.96854e+06 2.8001e+06 2.81104e+06 2.83952e+06
2.8242e+06 2.81036e+06 2.84296e+06 2.89633e+06
2.84447e+06 2.76561e+06 2.8356e+06 2.89451e+06
2.97893e+06 2.80995e+06 2.86111e+06 2.75058e+06
2.83204e+06 2.87404e+06 2.87951e+06 2.76696e+06
2.7987e+06 2.7959e+06 2.92575e+06 2.85264e+06
2.79499e+06 2.89508e+06 2.91135e+06 2.77322e+06
2.94796e+06 2.79742e+06 2.92406e+06 2.74843e+06
2.89984e+06 2.85204e+06 2.80299e+06 2.84147e+06
2.85404e+06 2.90404e+06 2.81021e+06 2.82447e+06
2.92232e+06 2.8332e+06 2.96064e+06 2.73392e+06
2.88426e+06 2.73883e+06 2.93769e+06 2.78956e+06
2.88649e+06 2.74467e+06 2.91883e+06 2.84354e+06
2.83654e+06 2.84489e+06 2.81193e+06 2.87517e+06
2.93151e+06 2.90699e+06 2.8558e+06 2.72761e+06
2.88445e+06 2.81905e+06 2.78357e+06 2.85933e+06
2.88321e+06 2.91175e+06 2.77841e+06 2.82334e+06
2.84612e+06 2.90094e+06 2.88352e+06 2.75072e+06
2.92127e+06 2.74585e+06 2.86868e+06 2.88254e+06
2.92e+06 2.80438e+06 2.74754e+06 2.88281e+06
2.89141e+06 2.88572e+06 2.85822e+06 2.75236e+06
2.98195e+06 2.76381e+06 2.8323e+06 2.80217e+06
2.86857e+06 2.84705e+06 2.81999e+06 2.7742e+06
2.86325e+06 2.80925e+06 2.84058e+06 2.87078e+06
2.9939e+06 2.83276e+06 2.85363e+06 2.78082e+06
2.87803e+06 2.81183e+06 2.77079e+06 2.87256e+06
2.91154e+06 2.79394e+06 2.78004e+06 2.84869e+06
2.81232e+06 2.815e+06 2.89087e+06 2.83381e+06
2.78835e+06 2.80068e+06 2.86344e+06 2.85741e+06
2.87408e+06 2.74669e+06 2.88548e+06 2.8651e+06
2.95259e+06 2.78118e+06 2.89488e+06 2.78712e+06
2.9057e+06 2.82929e+06 2.79037e+06 2.81123e+06
2.81731e+06 2.81547e+06 2.96294e+06 2.78276e+06
2.88085e+06 2.78778e+06 2.85506e+06 2.8905e+06
2.83075e+06 2.85593e+06 2.87655e+06 2.76902e+06
2.91912e+06 2.76834e+06 2.90776e+06 2.77307e+06
2.85447e+06 2.86065e+06 2.85944e+06 2.79481e+06
2.90468e+06 2.87078e+06 2.85326e+06 2.74719e+06
2.83482e+06 2.90325e+06 2.89489e+06 2.74241e+06
2.92491e+06 2.83344e+06 2.91335e+06 2.73907e+06
2.75595e+06 2.90756e+06 2.94757e+06 2.8308e+06
2.84138e+06 2.83311e+06 2.92064e+06 2.78803e+06
2.80471e+06 2.84097e+06 2.83737e+06 2.86747e+06
2.8069e+06 2.87608e+06 2.88508e+06 2.74547e+06
2.90425e+06 2.80857e+06 2.8274e+06 2.80806e+06
2.76077e+06 2.91928e+06 2.92898e+06 2.77989e+06
2.89546e+06 2.90582e+06 2.82882e+06 2.76784e+06
2.84172e+06 2.87459e+06 2.78766e+06 2.89593e+06
2.79393e+06 2.91865e+06 2.9309e+06 2.75905e+06
2.89617e+06 2.81761e+06 2.80755e+06 2.85454e+06
2.93566e+06 2.83132e+06 2.93545e+06 2.74859e+06
2.82854e+06 2.84966e+06 2.87262e+06 2.77716e+06
2.84225e+06 2.87137e+06 2.89877e+06 2.74926e+06
2.88876e+06 2.91534e+06 2.75763e+06 2.88466e+06
2.83836e+06 2.83962e+06 2.90377e+06 2.72649e+06
2.76905e+06 2.86317e+06 2.87694e+06 2.86714e+06
2.87293e+06 2.80076e+06 2.82811e+06 2.86099e+06
2.82642e+06 2.84902e+06 2.99336e+06 2.75798e+06
2.78445e+06 2.92784e+06 2.81855e+06 2.79816e+06
2.82234e+06 2.85134e+06 2.90463e+06 2.72511e+06
2.84247e+06 2.80986e+06 2.93884e+06 2.7721e+06
2.82642e+06 2.84902e+06 2.99336e+06 2.75798e+06
2.9342e+06 2.82188e+06 2.76952e+06 2.78608e+06
2.88254e+06 2.86452e+06 2.89305e+06 2.72463e+06
2.82114e+06 2.89827e+06 2.80658e+06 2.84338e+06
2.84872e+06 2.82865e+06 2.84129e+06 2.86114e+06
2.75595e+06 2.90756e+06 2.94757e+06 2.8308e+06
2.85238e+06 2.87929e+06 2.83937e+06 2.81498e+06
2.81684e+06 2.80346e+06 2.85617e+06 2.87855e+06
2.86315e+06 2.94555e+06 2.86321e+06 2.72645e+06
2.79604e+06 2.84424e+06 2.86452e+06 2.80368e+06
2.95649e+06 2.80159e+06 2.82742e+06 2.83236e+06
2.92524e+06 2.74789e+06 2.90857e+06 2.84753e+06
2.84582e+06 2.91741e+06 2.89415e+06 2.73497e+06
2.90886e+06 2.8169e+06 2.8952e+06 2.75282e+06
2.89317e+06 2.91896e+06 2.7724e+06 2.84506e+06
2.90987e+06 2.79868e+06 2.84236e+06 2.78927e+06
2.93318e+06 2.81262e+06 2.88923e+06 2.76427e+06
2.81199e+06 2.86708e+06 2.89408e+06 2.78667e+06
2.89708e+06 2.77852e+06 2.83317e+06 2.88473e+06
2.94982e+06 2.84081e+06 2.7944e+06 2.76502e+06
2.81459e+06 2.88141e+06 2.86033e+06 2.75726e+06
2.86239e+06 2.81279e+06 2.85042e+06 2.8238e+06
2.83415e+06 2.87436e+06 2.88584e+06 2.76487e+06
2.86032e+06 2.8753e+06 2.76806e+06 2.85524e+06
2.87705e+06 2.8137e+06 2.81376e+06 2.8395e+06
2.86592e+06 2.77834e+06 2.79133e+06 2.90007e+06
2.85162e+06 2.86837e+06 2.77364e+06 2.83481e+06
2.79833e+06 2.83106e+06 2.91e+06 2.7984e+06
2.83245e+06 2.83218e+06 2.9071e+06 2.80127e+06
2.78556e+06 2.84484e+06 2.89803e+06 2.80415e+06
2.85912e+06 2.76572e+06 2.91411e+06 2.81874e+06
2.93598e+06 2.78036e+06 2.84316e+06 2.83358e+06
2.88401e+06 2.79051e+06 2.8367e+06 2.87989e+06
2.9055e+06 2.79712e+06 2.84168e+06 2.79006e+06
2.87342e+06 2.81968e+06 2.93979e+06 2.75153e+06
2.79201e+06 2.83713e+06 2.89565e+06 2.83537e+06
2.80609e+06 2.85017e+06 2.81803e+06 2.87337e+06
2.86544e+06 2.91268e+06 2.79304e+06 2.82406e+06
2.89241e+06 2.88113e+06 2.87214e+06 2.74183e+06
2.8684e+06 2.8066e+06 2.93039e+06 2.77817e+06
2.92601e+06 2.78374e+06 2.76106e+06 2.85151e+06
2.90856e+06 2.80717e+06 2.80392e+06 2.84806e+06
2.80719e+06 2.78137e+06 2.86737e+06 2.83691e+06
2.91754e+06 2.7724e+06 2.81367e+06 2.91457e+06
2.77776e+06 2.83827e+06 2.89567e+06 2.82289e+06
2.85608e+06 2.793e+06 2.82401e+06 2.87401e+06
2.9019e+06 2.83733e+06 2.86599e+06 2.73992e+06
2.89662e+06 2.88241e+06 2.80129e+06 2.82609e+06
2.86081e+06 2.8854e+06 2.88449e+06 2.74972e+06
2.88151e+06 2.86852e+06 2.91188e+06 2.72338e+06
2.86797e+06 2.84324e+06 2.83275e+06 2.85319e+06
2.91685e+06 2.819e+06 2.80086e+06 2.8321e+06
2.92671e+06 2.80308e+06 2.93351e+06 2.76629e+06
2.85683e+06 2.9118e+06 2.83564e+06 2.77538e+06
2.8981e+06 2.79353e+06 2.83108e+06 2.82928e+06
2.93873e+06 2.78843e+06 2.80405e+06 2.84912e+06
2.88567e+06 2.82384e+06 2.83887e+06 2.81849e+06
2.89745e+06 2.83026e+06 2.93748e+06 2.77793e+06
2.80202e+06 2.87006e+06 2.89604e+06 2.78458e+06
2.85283e+06 2.77357e+06 2.87095e+06 2.82598e+06
2.8478e+06 2.89305e+06 2.85584e+06 2.78827e+06
2.88932e+06 2.81807e+06 2.83634e+06 2.81303e+06
2.91832e+06 2.76495e+06 2.90577e+06 2.78992e+06
2.89455e+06 2.78232e+06 2.84643e+06 2.83505e+06
2.78415e+06 2.84377e+06 2.83446e+06 2.82562e+06
2.83753e+06 2.91994e+06 2.82439e+06 2.79353e+06
2.8e+06 2.86785e+06 2.85387e+06 2.82128e+06
2.89716e+06 2.85474e+06 2.86573e+06 2.75854e+06
2.82552e+06 2.79749e+06 2.88084e+06 2.8354e+06
2.85179e+06 2.75794e+06 2.8724e+06 2.8673e+06
2.87566e+06 2.83539e+06 2.86636e+06 2.77015e+06
2.91458e+06 2.84594e+06 2.83986e+06 2.79878e+06
2.87342e+06 2.80259e+06 2.82581e+06 2.82005e+06
2.89448e+06 2.82714e+06 2.81648e+06 2.82966e+06
2.81455e+06 2.84945e+06 2.82103e+06 2.92862e+06
2.84622e+06 2.8323e+06 2.98079e+06 2.74494e+06
2.91746e+06 2.77738e+06 2.80196e+06 2.86838e+06
2.87468e+06 2.85053e+06 2.80333e+06 2.85638e+06
2.80888e+06 2.83193e+06 2.85029e+06 2.83371e+06
2.82497e+06 2.8363e+06 2.94847e+06 2.76189e+06
2.87515e+06 2.8163e+06 2.84579e+06 2.79733e+06
2.95183e+06 2.80411e+06 2.79114e+06 2.82723e+06
2.93435e+06 2.79383e+06 2.83965e+06 2.79629e+06
2.88107e+06 2.8359e+06 2.94348e+06 2.74734e+06
2.89388e+06 2.81929e+06 2.81211e+06 2.83443e+06
2.88681e+06 2.79921e+06 2.81534e+06 2.84192e+06
2.87723e+06 2.79936e+06 2.8072e+06 2.88225e+06
2.84622e+06 2.8323e+06 2.98079e+06 2.74494e+06
2.87861e+06 2.83636e+06 2.82511e+06 2.82872e+06
2.89421e+06 2.78789e+06 2.87536e+06 2.80888e+06
2.88558e+06 2.81133e+06 2.81195e+06 2.84207e+06
2.87861e+06 2.83636e+06 2.82511e+06 2.82872e+06
2.89421e+06 2.78789e+06 2.87536e+06 2.80888e+06
2.88558e+06 2.81133e+06 2.81195e+06 2.84207e+06
3.01269e+06 2.90257e+06 2.77629e+06 2.78155e+06
2.98587e+06 2.91192e+06 2.94623e+06 2.75634e+06
2.98171e+06 2.86075e+06 2.7593e+06 2.83137e+06
2.94905e+06 2.96019e+06 2.9258e+06 2.77194e+06
2.90101e+06 2.83228e+06 2.82508e+06 2.93355e+06
2.88465e+06 2.8076e+06 2.97007e+06 2.84903e+06
2.87023e+06 2.78668e+06 2.82919e+06 2.90213e+06
2.84835e+06 2.89428e+06 2.94351e+06 2.85476e+06
2.88165e+06 2.94783e+06 2.90924e+06 2.81194e+06
2.9903e+06 2.81727e+06 2.87881e+06 2.85907e+06
2.94209e+06 2.92505e+06 2.85422e+06 2.79914e+06
2.96436e+06 2.91097e+06 2.78458e+06 2.78295e+06
2.93199e+06 2.83252e+06 2.92691e+06 2.80574e+06
2.93374e+06 2.81503e+06 2.89137e+06 2.82709e+06
2.86445e+06 2.93227e+06 2.84309e+06 2.8499e+06
2.92307e+06 2.84872e+06 2.85555e+06 2.89369e+06
2.9481e+06 2.8896e+06 2.8611e+06 2.79981e+06
2.94943e+06 2.86016e+06 2.81572e+06 2.86635e+06
2.95963e+06 2.86426e+06 2.84035e+06 2.83594e+06
2.87834e+06 2.80659e+06 2.87222e+06 2.89366e+06
2.90825e+06 2.89289e+06 2.80173e+06 2.8206e+06
2.90407e+06 2.87355e+06 2.81082e+06 2.8475e+06
2.91112e+06 2.80796e+06 2.85048e+06 2.89414e+06
2.97396e+06 2.80705e+06 2.85579e+06 2.87303e+06
2.93406e+06 2.82998e+06 2.84252e+06 2.80804e+06
2.8752e+06 2.86865e+06 2.85849e+06 2.8902e+06
2.93297e+06 2.93469e+06 2.77702e+06 2.80749e+06
2.87438e+06 2.86908e+06 2.86481e+06 2.87554e+06
2.90121e+06 2.83021e+06 2.79688e+06 2.90109e+06
2.88708e+06 2.85515e+06 2.8684e+06 2.7827e+06
2.8967e+06 2.87e+06 2.86594e+06 2.84178e+06
2.88462e+06 2.87378e+06 2.85772e+06 2.82156e+06
2.88442e+06 2.90758e+06 2.8488e+06 2.8399e+06
2.9201e+06 2.8635e+06 2.86312e+06 2.80636e+06
2.95377e+06 2.87085e+06 2.84159e+06 2.85148e+06
2.88059e+06 2.85532e+06 2.87295e+06 2.85586e+06
2.90963e+06 2.87165e+06 2.80068e+06 2.86903e+06
2.89918e+06 2.86758e+06 2.85155e+06 2.85578e+06
2.88473e+06 2.83118e+06 2.8714e+06 2.83338e+06
2.99074e+06 2.88028e+06 2.87462e+06 2.81806e+06
2.98305e+06 2.81795e+06 2.86965e+06 2.88156e+06
2.97813e+06 2.84923e+06 2.79756e+06 2.92905e+06
2.96129e+06 2.87177e+06 2.91618e+06 2.79402e+06
2.89945e+06 2.84686e+06 2.88156e+06 2.93869e+06
2.88888e+06 2.87986e+06 2.96572e+06 2.8502e+06
2.88601e+06 2.95215e+06 2.95239e+06 2.8674e+06
2.88113e+06 2.92015e+06 2.9649e+06 2.9025e+06
2.96418e+06 2.8955e+06 2.81145e+06 2.86089e+06
2.93561e+06 2.82957e+06 2.90105e+06 2.89651e+06
2.92461e+06 2.87493e+06 2.83356e+06 2.8787e+06
2.91783e+06 2.83168e+06 2.92373e+06 2.8697e+06
2.95178e+06 2.84972e+06 2.85376e+06 2.84062e+06
2.90604e+06 2.92956e+06 2.95531e+06 2.80762e+06
2.9149e+06 2.83612e+06 2.88956e+06 2.83559e+06
2.9126e+06 2.89066e+06 2.858e+06 2.88577e+06
2.9721e+06 2.93562e+06 2.80244e+06 2.84216e+06
2.92645e+06 2.86688e+06 2.94115e+06 2.81347e+06
2.96995e+06 2.86026e+06 2.87528e+06 2.82125e+06
2.96182e+06 2.8403e+06 2.88059e+06 2.90891e+06
2.93792e+06 2.93712e+06 2.87792e+06 2.81457e+06
2.92979e+06 2.83142e+06 2.87059e+06 2.92175e+06
2.93884e+06 2.88278e+06 2.848e+06 2.81878e+06
2.94592e+06 2.84889e+06 2.94212e+06 2.83339e+06
2.91411e+06 2.88868e+06 2.82065e+06 2.87304e+06
2.89676e+06 2.90942e+06 2.88634e+06 2.90491e+06
2.93722e+06 2.88534e+06 2.91105e+06 2.82712e+06
2.92439e+06 2.85644e+06 2.95399e+06 2.82426e+06
2.92932e+06 2.90451e+06 2.85146e+06 2.8307e+06
2.91105e+06 2.89026e+06 2.88824e+06 2.80528e+06
2.89115e+06 2.87084e+06 2.90224e+06 2.83429e+06
2.97417e+06 2.91872e+06 2.80725e+06 2.86852e+06
2.92729e+06 2.84116e+06 2.87195e+06 2.89792e+06
2.91129e+06 2.85257e+06 2.86381e+06 2.90537e+06
2.94035e+06 2.91888e+06 2.87635e+06 2.81151e+06
2.88608e+06 2.85226e+06 2.9635e+06 2.89663e+06
2.91294e+06 2.89684e+06 2.86748e+06 2.82918e+06
2.92973e+06 2.87883e+06 2.82059e+06 2.90285e+06
2.93245e+06 2.88975e+06 2.86723e+06 2.87106e+06
2.89461e+06 2.86832e+06 2.88657e+06 2.82991e+06
2.89661e+06 2.92394e+06 2.86739e+06 2.83231e+06
2.90472e+06 2.84825e+06 2.87478e+06 2.83378e+06
2.97468e+06 2.84063e+06 2.9538e+06 2.80997e+06
2.974e+06 2.84897e+06 2.91432e+06 2.8323e+06
3.02019e+06 2.88968e+06 2.85636e+06 2.89795e+06
3.00618e+06 2.8427e+06 2.89608e+06 2.88709e+06
2.92966e+06 2.893e+06 2.84595e+06 2.91489e+06
2.92905e+06 2.87271e+06 2.95821e+06 2.83185e+06
2.92363e+06 2.95555e+06 2.86892e+06 2.8333e+06
2.92249e+06 2.89964e+06 2.9442e+06 2.80786e+06
2.91213e+06 2.93595e+06 2.87554e+06 2.92477e+06
2.8986e+06 2.91047e+06 2.88951e+06 2.89939e+06
2.92154e+06 2.86209e+06 2.9303e+06 2.86143e+06
2.94785e+06 2.87714e+06 2.9433e+06 2.81585e+06
2.9186e+06 2.84965e+06 2.90652e+06 2.88104e+06
2.98402e+06 2.93883e+06 2.8462e+06 2.85822e+06
2.91591e+06 2.86378e+06 2.91817e+06 2.86292e+06
2.95644e+06 2.86622e+06 2.86514e+06 2.8679e+06
2.89883e+06 2.9215e+06 2.89189e+06 2.88564e+06
2.94092e+06 2.84868e+06 2.89209e+06 2.88054e+06
2.97588e+06 2.91829e+06 2.85501e+06 2.8391e+06
2.93973e+06 2.91453e+06 2.88223e+06 2.85678e+06
2.96284e+06 2.89167e+06 2.89045e+06 2.82528e+06
2.95513e+06 2.89563e+06 2.86751e+06 2.90125e+06
2.95831e+06 2.90671e+06 2.89332e+06 2.82273e+06
2.92661e+06 2.88682e+06 2.88729e+06 2.85039e+06
2.95235e+06 2.93956e+06 2.86519e+06 2.84178e+06
2.90687e+06 2.87834e+06 2.90309e+06 2.83586e+06
2.90852e+06 2.91512e+06 2.90026e+06 2.84372e+06
2.95442e+06 2.87136e+06 2.94444e+06 2.81763e+06
2.92959e+06 2.86421e+06 2.95265e+06 2.83971e+06
3.01232e+06 2.88038e+06 2.9011e+06 2.83219e+06
2.97698e+06 2.89854e+06 2.89597e+06 2.8191e+06
2.95199e+06 2.87902e+06 2.87311e+06 2.85268e+06
2.91035e+06 2.88064e+06 2.88399e+06 2.85842e+06
2.92769e+06 2.90155e+06 2.85616e+06 2.88437e+06
2.95343e+06 2.88739e+06 2.87092e+06 2.82776e+06
2.97591e+06 2.89216e+06 2.85112e+06 2.86004e+06
2.92966e+06 2.90058e+06 2.86616e+06 2.91724e+06
2.92192e+06 2.89912e+06 2.87006e+06 2.86292e+06
2.92164e+06 2.84901e+06 2.88233e+06 2.85737e+06
3.00264e+06 2.88145e+06 2.87174e+06 2.89561e+06
2.94667e+06 2.91283e+06 2.95414e+06 2.81877e+06
2.94625e+06 2.97474e+06 2.90212e+06 2.84524e+06
2.93944e+06 2.90209e+06 2.86171e+06 2.95484e+06
2.93227e+06 2.85664e+06 2.88481e+06 2.88401e+06
2.92801e+06 2.88228e+06 2.96097e+06 2.84424e+06
2.91864e+06 2.90549e+06 2.90893e+06 2.88978e+06
2.95831e+06 2.90587e+06 2.91582e+06 2.83538e+06
2.92393e+06 2.86828e+06 2.95233e+06 2.91268e+06
2.96917e+06 2.93784e+06 2.87676e+06 2.86394e+06
2.98675e+06 2.89444e+06 2.90632e+06 2.83995e+06
2.95254e+06 2.89092e+06 2.88253e+06 2.87542e+06
2.91995e+06 2.94652e+06 2.90698e+06 2.84013e+06
2.92484e+06 2.93724e+06 2.96044e+06 2.85284e+06
2.92014e+06 2.88224e+06 2.88927e+06 2.93226e+06
2.94226e+06 2.90291e+06 2.86672e+06 2.92365e+06
2.92598e+06 2.86053e+06 2.89174e+06 2.85981e+06
2.92726e+06 2.90266e+06 2.90464e+06 2.85267e+06
3.02962e+06 2.94411e+06 2.88219e+06 2.88861e+06
3.0254e+06 2.87077e+06 2.903e+06 2.92396e+06
2.96504e+06 2.94935e+06 2.98881e+06 2.84007e+06
2.95564e+06 2.86656e+06 2.92891e+06 2.86741e+06
2.93651e+06 2.95862e+06 2.89928e+06 2.86002e+06
2.92492e+06 2.953e+06 2.96463e+06 2.888e+06
2.98123e+06 2.92724e+06 2.88787e+06 2.88935e+06
2.96957e+06 2.90846e+06 2.96663e+06 2.85118e+06
3.01025e+06 2.871e+06 2.89963e+06 2.87619e+06
2.95828e+06 2.88186e+06 2.90564e+06 2.90412e+06
2.93535e+06 2.89706e+06 2.93592e+06 2.86918e+06
2.9384e+06 2.91981e+06 2.91818e+06 2.92258e+06
2.96468e+06 2.8689e+06 2.91207e+06 2.90952e+06
2.96509e+06 2.87708e+06 2.89593e+06 2.86545e+06
2.9511e+06 2.90646e+06 2.91677e+06 2.86056e+06
2.95649e+06 2.89877e+06 2.9557e+06 2.86568e+06
2.93586e+06 2.94944e+06 2.97793e+06 2.86628e+06
2.94708e+06 2.91768e+06 2.90447e+06 2.87474e+06
2.96092e+06 2.8701e+06 2.94838e+06 2.86665e+06
2.94108e+06 2.89125e+06 2.89207e+06 2.88457e+06
2.93941e+06 2.95365e+06 2.90104e+06 2.87746e+06
2.94268e+06 2.91401e+06 2.94932e+06 2.86902e+06
2.95273e+06 2.88733e+06 2.89098e+06 2.88812e+06
2.95551e+06 2.86688e+06 2.95047e+06 2.88678e+06
2.93648e+06 2.95349e+06 2.90535e+06 2.88394e+06
2.97719e+06 2.90204e+06 2.91512e+06 2.87445e+06
2.97537e+06 2.87791e+06 2.89617e+06 2.87903e+06
2.9652e+06 2.89112e+06 2.96021e+06 2.87195e+06
2.96156e+06 2.87598e+06 2.93122e+06 2.87367e+06
2.95094e+06 2.94569e+06 2.93758e+06 2.87427e+06
2.93656e+06 2.92059e+06 2.95145e+06 2.96211e+06
2.94443e+06 2.9309e+06 2.89672e+06 2.90611e+06
2.97086e+06 2.90696e+06 2.9094e+06 2.89845e+06
2.94573e+06 2.92412e+06 2.91791e+06 2.89235e+06
2.96805e+06 2.91046e+06 2.9258e+06 2.87426e+06
2.94499e+06 2.93227e+06 2.94793e+06 2.87525e+06
3.0104e+06 2.9153e+06 2.90006e+06 2.91478e+06
2.94873e+06 2.92571e+06 2.94084e+06 2.89388e+06
