4285 23.72
131714 105153 119321
124525 112155 114065
126482 106355 119665
137111 111821 108500
131714 105153 119321
117524 114734 119551
132569 105548 119202
129952 105740 118669
129037 108093 119770
129037 108093 119770
128550 108101 119974
127115 108684 120091
131714 105153 119321
131387 105157 118552
129792 105744 119642
130900 105165 118756
128550 108101 119974
129037 108093 119770
127602 108676 119887
129037 108093 119770
132569 105548 119202
130279 105736 119438
132082 105556 119406
130900 105165 118756
131387 105157 118552
130900 105165 118756
129037 108093 119770
130900 105165 118756
127115 108684 120091
131387 105157 118552
131387 105157 118552
128550 108101 119974
130219 108484 120420
127602 108676 119887
129037 108093 119770
127115 108684 120091
129037 108093 119770
131227 105161 119525
129037 108093 119770
128550 108101 119974
129037 108093 119770
128550 108101 119974
131387 105157 118552
131387 105157 118552
128550 108101 119974
131387 105157 118552
129037 108093 119770
130452 106260 116134
131387 105157 118552
131134 106131 119319
130452 106260 116134
130279 105736 119438
129037 108093 119770
131387 105157 118552
130900 105165 118756
129465 105748 118873
130900 105165 118756
131387 105157 118552
127602 108676 119887
130900 105165 118756
127615 109204 117556
129037 108093 119770
127602 108676 119887
132569 105548 119202
129037 108093 119770
127602 108676 119887
129465 105748 118873
129037 108093 119770
128102 109196 117352
131387 105157 118552
129037 108093 119770
130900 105165 118756
127917 105772 119548
129037 108093 119770
131387 105157 118552
129037 108093 119770
130900 105165 118756
129037 108093 119770
131387 105157 118552
131387 105157 118552
127430 105780 119752
131387 105157 118552
129037 108093 119770
127602 108676 119887
131387 105157 118552
131387 105157 118552
128550 108101 119974
129037 108093 119770
131387 105157 118552
128550 108101 119974
131387 105157 118552
130900 105165 118756
128550 108101 119974
131387 105157 118552
129952 105740 118669
131387 105157 118552
129037 108093 119770
130900 105165 118756
130900 105165 118756
131387 105157 118552
131387 105157 118552
128550 108101 119974
129037 108093 119770
129952 105740 118669
131387 105157 118552
131387 105157 118552
131387 105157 118552
127602 108676 119887
129965 106268 116338
128102 109196 117352
131714 105153 119321
129037 108093 119770
128550 108101 119974
128550 108101 119974
131387 105157 118552
129037 108093 119770
128550 108101 119974
130219 108484 120420
127115 108684 120091
128550 108101 119974
127602 108676 119887
131387 105157 118552
130452 106260 116134
131387 105157 118552
130900 105165 118756
129037 108093 119770
131387 105157 118552
129017 106843 116251
129406 108707 119178
127115 108684 120091
130219 108484 120420
128550 108101 119974
127115 108684 120091
127115 108684 120091
129037 108093 119770
127602 108676 119887
128550 108101 119974
130900 105165 118756
127602 108676 119887
129952 105740 118669
131387 105157 118552
129952 105740 118669
130900 105165 118756
127602 108676 119887
128550 108101 119974
131714 105153 119321
129037 108093 119770
129037 108093 119770
131387 105157 118552
128550 108101 119974
128550 108101 119974
130279 105736 119438
127602 108676 119887
129037 108093 119770
128550 108101 119974
129952 105740 118669
131387 105157 118552
131387 105157 118552
130452 106260 116134
129037 108093 119770
128550 108101 119974
128550 108101 119974
127602 108676 119887
127602 108676 119887
131387 105157 118552
129037 108093 119770
128550 108101 119974
129037 108093 119770
129952 105740 118669
128550 108101 119974
129465 105748 118873
129465 105748 118873
131227 105161 119525
128550 108101 119974
129952 105740 118669
129037 108093 119770
