21 2.02364
1.69918e+06 1.54548e+06 1.58817e+06 1.59763e+06
1.63842e+06 1.61219e+06 1.5342e+06 1.65385e+06
1.62013e+06 1.55719e+06 1.67589e+06 1.57461e+06
1.61562e+06 1.51842e+06 1.63098e+06 1.64761e+06
1.61003e+06 1.59523e+06 1.64073e+06 1.54077e+06
1.60952e+06 1.57008e+06 1.57666e+06 1.67841e+06
1.55317e+06 1.63966e+06 1.60249e+06 1.603e+06
1.55022e+06 1.61442e+06 1.65509e+06 1.62387e+06
1.60163e+06 1.53161e+06 1.6428e+06 1.61476e+06
1.61705e+06 1.5723e+06 1.6338e+06 1.56993e+06
1.58848e+06 1.56245e+06 1.66466e+06 1.62713e+06
1.68125e+06 1.56443e+06 1.55778e+06 1.65941e+06
1.57139e+06 1.60904e+06 1.60846e+06 1.65007e+06
1.57857e+06 1.62402e+06 1.58494e+06 1.58235e+06
1.57167e+06 1.63044e+06 1.58993e+06 1.64436e+06
1.6702e+06 1.60546e+06 1.57551e+06 1.59171e+06
1.59425e+06 1.56735e+06 1.65047e+06 1.60625e+06
1.6836e+06 1.61494e+06 1.5582e+06 1.59368e+06
1.61562e+06 1.51842e+06 1.63098e+06 1.64761e+06
1.63842e+06 1.61219e+06 1.5342e+06 1.65385e+06
1.55317e+06 1.63966e+06 1.60249e+06 1.603e+06
1.66288e+06 1.56088e+06 1.57931e+06 1.5995e+06
1.63623e+06 1.53728e+06 1.56401e+06 1.65618e+06
1.62539e+06 1.55592e+06 1.61759e+06 1.54886e+06
1.6579e+06 1.55946e+06 1.58244e+06 1.60164e+06
1.55812e+06 1.6099e+06 1.61325e+06 1.659e+06
1.6369e+06 1.54263e+06 1.61976e+06 1.64257e+06
1.59958e+06 1.53502e+06 1.65693e+06 1.58451e+06
1.62478e+06 1.60857e+06 1.54816e+06 1.63421e+06
1.61944e+06 1.61249e+06 1.62215e+06 1.54184e+06
1.60257e+06 1.58946e+06 1.61786e+06 1.55915e+06
1.62881e+06 1.55175e+06 1.63111e+06 1.61619e+06
1.62044e+06 1.54885e+06 1.60358e+06 1.66165e+06
1.56365e+06 1.61687e+06 1.63879e+06 1.61068e+06
1.66726e+06 1.55967e+06 1.60388e+06 1.57226e+06
1.69918e+06 1.54548e+06 1.58817e+06 1.59763e+06
1.6516e+06 1.60595e+06 1.56653e+06 1.60518e+06
1.58587e+06 1.60144e+06 1.63611e+06 1.58492e+06
1.61258e+06 1.62587e+06 1.58874e+06 1.57954e+06
1.59582e+06 1.57511e+06 1.59383e+06 1.66057e+06
1.63021e+06 1.58167e+06 1.55074e+06 1.63066e+06
1.60042e+06 1.5985e+06 1.61392e+06 1.58859e+06
1.5929e+06 1.56402e+06 1.62542e+06 1.62156e+06
1.64039e+06 1.56853e+06 1.59584e+06 1.6357e+06
1.61422e+06 1.61736e+06 1.58071e+06 1.6226e+06
1.68988e+06 1.55707e+06 1.57196e+06 1.6295e+06
1.62618e+06 1.57963e+06 1.55274e+06 1.61564e+06
1.62478e+06 1.60857e+06 1.54816e+06 1.63421e+06
1.58965e+06 1.54303e+06 1.61084e+06 1.62771e+06
1.59594e+06 1.56294e+06 1.5987e+06 1.64076e+06
1.62583e+06 1.62821e+06 1.56312e+06 1.60819e+06
1.58595e+06 1.57996e+06 1.65943e+06 1.60234e+06
1.60257e+06 1.58946e+06 1.61786e+06 1.55915e+06
1.57713e+06 1.60339e+06 1.60612e+06 1.61169e+06
1.64733e+06 1.5998e+06 1.5841e+06 1.59682e+06
1.65545e+06 1.54781e+06 1.59033e+06 1.62812e+06
1.63453e+06 1.58473e+06 1.61274e+06 1.57667e+06
1.60952e+06 1.5317e+06 1.63767e+06 1.66646e+06
1.60952e+06 1.5317e+06 1.63767e+06 1.66646e+06
1.59235e+06 1.58847e+06 1.60188e+06 1.61806e+06
1.68988e+06 1.55707e+06 1.57196e+06 1.6295e+06
1.57933e+06 1.57958e+06 1.63001e+06 1.63033e+06
1.65013e+06 1.56515e+06 1.58919e+06 1.60671e+06
1.63083e+06 1.57054e+06 1.57478e+06 1.61435e+06
1.60272e+06 1.58862e+06 1.57066e+06 1.62567e+06
1.5841e+06 1.55302e+06 1.59752e+06 1.65454e+06
1.58894e+06 1.58026e+06 1.59208e+06 1.6732e+06
1.58477e+06 1.57253e+06 1.60665e+06 1.63446e+06
1.58356e+06 1.58555e+06 1.61423e+06 1.59185e+06
1.55292e+06 1.59344e+06 1.62043e+06 1.62319e+06
1.57277e+06 1.58811e+06 1.56776e+06 1.63046e+06
1.66525e+06 1.57125e+06 1.58688e+06 1.59021e+06
1.60448e+06 1.56419e+06 1.60172e+06 1.59276e+06
1.56092e+06 1.59954e+06 1.61674e+06 1.61422e+06
1.62539e+06 1.55592e+06 1.61759e+06 1.54886e+06
1.66479e+06 1.5925e+06 1.58075e+06 1.57756e+06
1.57638e+06 1.59327e+06 1.65816e+06 1.60967e+06
1.61394e+06 1.56815e+06 1.56194e+06 1.65662e+06
1.64315e+06 1.56267e+06 1.56088e+06 1.63887e+06
1.61455e+06 1.57835e+06 1.59809e+06 1.63653e+06
1.62222e+06 1.58477e+06 1.5682e+06 1.64577e+06
1.60128e+06 1.5897e+06 1.58154e+06 1.61074e+06
1.63872e+06 1.55687e+06 1.56518e+06 1.64024e+06
1.58894e+06 1.58026e+06 1.59208e+06 1.6732e+06
1.60716e+06 1.57844e+06 1.62517e+06 1.57482e+06
1.5751e+06 1.60861e+06 1.63864e+06 1.57902e+06
1.63067e+06 1.61682e+06 1.57846e+06 1.58375e+06
1.65578e+06 1.5832e+06 1.60261e+06 1.57771e+06
1.58084e+06 1.6035e+06 1.62253e+06 1.57629e+06
1.59372e+06 1.61304e+06 1.59088e+06 1.5908e+06
1.64315e+06 1.56267e+06 1.56088e+06 1.63887e+06
1.58924e+06 1.58938e+06 1.59311e+06 1.58963e+06
1.60359e+06 1.57896e+06 1.58799e+06 1.64775e+06
1.60673e+06 1.58304e+06 1.59747e+06 1.60393e+06
1.64733e+06 1.5998e+06 1.5841e+06 1.59682e+06
1.58084e+06 1.6035e+06 1.62253e+06 1.57629e+06
1.56092e+06 1.59954e+06 1.61674e+06 1.61422e+06
1.63064e+06 1.58084e+06 1.57898e+06 1.60321e+06
1.59484e+06 1.55619e+06 1.61466e+06 1.60678e+06
1.62222e+06 1.58477e+06 1.5682e+06 1.64577e+06
1.60673e+06 1.58304e+06 1.59747e+06 1.60393e+06
1.59484e+06 1.55619e+06 1.61466e+06 1.60678e+06
1.60359e+06 1.57896e+06 1.58799e+06 1.64775e+06
1.61455e+06 1.57835e+06 1.59809e+06 1.63653e+06
1.60716e+06 1.57844e+06 1.62517e+06 1.57482e+06
1.67975e+06 1.57544e+06 1.63482e+06 1.61818e+06
1.66574e+06 1.56172e+06 1.58896e+06 1.64469e+06
1.65387e+06 1.59286e+06 1.64206e+06 1.56403e+06
1.64496e+06 1.60562e+06 1.58093e+06 1.6085e+06
1.6192e+06 1.58333e+06 1.68025e+06 1.5839e+06
1.58237e+06 1.66899e+06 1.63131e+06 1.65559e+06
1.57667e+06 1.62839e+06 1.6453e+06 1.6683e+06
1.62563e+06 1.64646e+06 1.59927e+06 1.6271e+06
1.63628e+06 1.61725e+06 1.58436e+06 1.59602e+06
1.60832e+06 1.59635e+06 1.6183e+06 1.56641e+06
1.65463e+06 1.59089e+06 1.6099e+06 1.63421e+06
1.67006e+06 1.57685e+06 1.62474e+06 1.63821e+06
1.61567e+06 1.59218e+06 1.61227e+06 1.59369e+06
1.61861e+06 1.56854e+06 1.65111e+06 1.64478e+06
1.60218e+06 1.63207e+06 1.62809e+06 1.61811e+06
1.65365e+06 1.57786e+06 1.66628e+06 1.59802e+06
1.60193e+06 1.59753e+06 1.66811e+06 1.59494e+06
1.65128e+06 1.57328e+06 1.6227e+06 1.64814e+06
1.60239e+06 1.611e+06 1.63529e+06 1.60228e+06
1.58934e+06 1.60225e+06 1.59308e+06 1.64925e+06
1.59408e+06 1.57166e+06 1.61106e+06 1.6531e+06
1.63089e+06 1.59922e+06 1.60242e+06 1.65886e+06
1.63154e+06 1.56645e+06 1.63079e+06 1.66194e+06
1.65318e+06 1.59458e+06 1.60478e+06 1.62406e+06
1.59212e+06 1.5959e+06 1.60684e+06 1.62974e+06
1.60224e+06 1.58455e+06 1.64522e+06 1.61924e+06
1.58861e+06 1.61263e+06 1.62836e+06 1.64942e+06
1.62856e+06 1.5753e+06 1.62656e+06 1.62895e+06
1.60767e+06 1.57184e+06 1.60561e+06 1.65081e+06
1.61742e+06 1.57712e+06 1.62974e+06 1.60351e+06
1.6321e+06 1.59616e+06 1.59968e+06 1.64553e+06
1.62003e+06 1.61153e+06 1.59964e+06 1.619e+06
1.60826e+06 1.60808e+06 1.63022e+06 1.59789e+06
1.66152e+06 1.59096e+06 1.6235e+06 1.66059e+06
1.65433e+06 1.60596e+06 1.59599e+06 1.6967e+06
1.65226e+06 1.61484e+06 1.62957e+06 1.57683e+06
1.63105e+06 1.64407e+06 1.61173e+06 1.64569e+06
1.623e+06 1.57354e+06 1.66202e+06 1.64723e+06
1.59743e+06 1.61026e+06 1.61724e+06 1.65546e+06
1.61106e+06 1.62571e+06 1.62804e+06 1.61229e+06
1.60188e+06 1.64102e+06 1.60348e+06 1.66476e+06
1.62272e+06 1.58151e+06 1.63904e+06 1.66913e+06
1.63893e+06 1.59278e+06 1.65394e+06 1.59541e+06
1.6561e+06 1.57568e+06 1.62298e+06 1.69027e+06
1.64031e+06 1.58654e+06 1.65083e+06 1.62328e+06
1.63666e+06 1.6047e+06 1.60939e+06 1.63017e+06
1.64832e+06 1.62241e+06 1.63897e+06 1.62756e+06
1.63993e+06 1.63237e+06 1.64539e+06 1.60369e+06
1.64382e+06 1.64327e+06 1.61181e+06 1.60617e+06
1.65764e+06 1.61872e+06 1.60023e+06 1.63737e+06
1.59839e+06 1.59729e+06 1.62003e+06 1.63862e+06
1.59794e+06 1.62723e+06 1.6342e+06 1.63996e+06
1.62882e+06 1.59642e+06 1.64301e+06 1.65157e+06
1.62653e+06 1.58034e+06 1.64699e+06 1.64644e+06
1.62488e+06 1.58405e+06 1.64429e+06 1.64179e+06
1.6359e+06 1.59279e+06 1.64367e+06 1.64896e+06
1.65528e+06 1.6163e+06 1.60252e+06 1.63581e+06
1.67178e+06 1.60667e+06 1.63288e+06 1.64539e+06
1.66663e+06 1.61522e+06 1.67302e+06 1.60412e+06
1.65869e+06 1.59287e+06 1.67016e+06 1.64978e+06
1.64929e+06 1.61181e+06 1.61456e+06 1.64196e+06
1.61217e+06 1.62714e+06 1.64389e+06 1.62056e+06
1.60276e+06 1.61716e+06 1.62255e+06 1.66301e+06
1.60248e+06 1.60472e+06 1.64048e+06 1.65411e+06
1.65039e+06 1.60981e+06 1.65904e+06 1.62593e+06
1.63954e+06 1.6194e+06 1.62895e+06 1.64112e+06
1.64896e+06 1.6046e+06 1.6377e+06 1.65198e+06
1.60483e+06 1.62047e+06 1.63118e+06 1.64134e+06
1.60908e+06 1.60766e+06 1.63795e+06 1.65567e+06
1.6434e+06 1.64502e+06 1.659e+06 1.63486e+06
1.63971e+06 1.62367e+06 1.63318e+06 1.66796e+06
1.63514e+06 1.62494e+06 1.63309e+06 1.64619e+06
1.63174e+06 1.60728e+06 1.65261e+06 1.66752e+06
1.64033e+06 1.63813e+06 1.63498e+06 1.64563e+06
1.63737e+06 1.62725e+06 1.64835e+06 1.64898e+06
1.68375e+06 1.59015e+06 1.57986e+06 1.57837e+06
1.64892e+06 1.51542e+06 1.66187e+06 1.62148e+06
1.63211e+06 1.5934e+06 1.60797e+06 1.54119e+06
1.626e+06 1.60733e+06 1.55039e+06 1.62305e+06
1.61508e+06 1.66058e+06 1.62189e+06 1.56586e+06
1.58622e+06 1.55875e+06 1.67148e+06 1.61649e+06
1.57488e+06 1.5506e+06 1.64738e+06 1.71346e+06
1.55019e+06 1.60594e+06 1.60771e+06 1.65896e+06
1.61213e+06 1.56546e+06 1.56212e+06 1.68578e+06
1.61766e+06 1.64804e+06 1.65287e+06 1.55512e+06
1.57488e+06 1.5506e+06 1.64738e+06 1.71346e+06
1.61122e+06 1.65324e+06 1.64778e+06 1.5651e+06
1.58957e+06 1.61304e+06 1.62812e+06 1.5829e+06
1.58387e+06 1.64382e+06 1.65461e+06 1.59086e+06
1.67377e+06 1.55694e+06 1.61279e+06 1.58588e+06
1.55142e+06 1.61037e+06 1.56465e+06 1.66657e+06
1.57018e+06 1.58169e+06 1.6102e+06 1.67319e+06
1.60469e+06 1.54655e+06 1.57423e+06 1.63172e+06
1.58127e+06 1.63198e+06 1.60426e+06 1.61957e+06
1.65946e+06 1.569e+06 1.56082e+06 1.6281e+06
1.59839e+06 1.53754e+06 1.60201e+06 1.62586e+06
1.60966e+06 1.56758e+06 1.63412e+06 1.61109e+06
1.57616e+06 1.65543e+06 1.6276e+06 1.60496e+06
1.56424e+06 1.59943e+06 1.59644e+06 1.64462e+06
1.63165e+06 1.51943e+06 1.58813e+06 1.59212e+06
1.67377e+06 1.55694e+06 1.61279e+06 1.58588e+06
1.61645e+06 1.51991e+06 1.6247e+06 1.64156e+06
1.68375e+06 1.59015e+06 1.57986e+06 1.57837e+06
1.62345e+06 1.53138e+06 1.65574e+06 1.61947e+06
1.57002e+06 1.64469e+06 1.64046e+06 1.60392e+06
1.65444e+06 1.59424e+06 1.55463e+06 1.62215e+06
1.56926e+06 1.56335e+06 1.63448e+06 1.60596e+06
1.56051e+06 1.5833e+06 1.58655e+06 1.65979e+06
1.6541e+06 1.58726e+06 1.58408e+06 1.58432e+06
1.62345e+06 1.53138e+06 1.65574e+06 1.61947e+06
1.64705e+06 1.59066e+06 1.59338e+06 1.58838e+06
1.5958e+06 1.54158e+06 1.63897e+06 1.63539e+06
1.63721e+06 1.55452e+06 1.55632e+06 1.62949e+06
1.61224e+06 1.60084e+06 1.61109e+06 1.57706e+06
1.65222e+06 1.56958e+06 1.60541e+06 1.56935e+06
1.59126e+06 1.5794e+06 1.64427e+06 1.5931e+06
1.60301e+06 1.56422e+06 1.59924e+06 1.65332e+06
1.58306e+06 1.59897e+06 1.56889e+06 1.6535e+06
1.60685e+06 1.58304e+06 1.5758e+06 1.59998e+06
1.61547e+06 1.62423e+06 1.60842e+06 1.56877e+06
1.60766e+06 1.58323e+06 1.55942e+06 1.67933e+06
1.58789e+06 1.56869e+06 1.61192e+06 1.681e+06
1.59289e+06 1.64716e+06 1.62076e+06 1.57315e+06
1.64022e+06 1.60383e+06 1.59976e+06 1.54943e+06
1.60324e+06 1.57363e+06 1.66611e+06 1.60073e+06
1.59936e+06 1.61888e+06 1.58715e+06 1.59912e+06
1.62294e+06 1.57692e+06 1.65553e+06 1.59453e+06
1.615e+06 1.60566e+06 1.58226e+06 1.58727e+06
1.61783e+06 1.56049e+06 1.60944e+06 1.59508e+06
1.59123e+06 1.5968e+06 1.5699e+06 1.62854e+06
1.60009e+06 1.58944e+06 1.55727e+06 1.59796e+06
1.61532e+06 1.549e+06 1.62586e+06 1.61251e+06
1.64022e+06 1.60383e+06 1.59976e+06 1.54943e+06
1.60838e+06 1.56545e+06 1.59016e+06 1.61626e+06
1.5899e+06 1.56095e+06 1.6662e+06 1.59782e+06
1.63383e+06 1.57309e+06 1.63631e+06 1.5736e+06
1.57935e+06 1.57528e+06 1.59588e+06 1.62168e+06
1.58622e+06 1.55875e+06 1.67148e+06 1.61649e+06
1.60301e+06 1.62678e+06 1.61642e+06 1.588e+06
1.59016e+06 1.55234e+06 1.6e+06 1.66247e+06
1.59746e+06 1.58012e+06 1.61579e+06 1.61701e+06
1.63211e+06 1.5934e+06 1.60797e+06 1.54119e+06
1.55751e+06 1.59101e+06 1.59781e+06 1.66409e+06
1.55076e+06 1.56387e+06 1.61739e+06 1.64056e+06
1.65946e+06 1.569e+06 1.56082e+06 1.6281e+06
1.55944e+06 1.55384e+06 1.61439e+06 1.62461e+06
1.57364e+06 1.6199e+06 1.55129e+06 1.62223e+06
1.59408e+06 1.57843e+06 1.6198e+06 1.57349e+06
1.62376e+06 1.53896e+06 1.61712e+06 1.59667e+06
1.64279e+06 1.57088e+06 1.55509e+06 1.63436e+06
1.59474e+06 1.60896e+06 1.5897e+06 1.59301e+06
1.5905e+06 1.60719e+06 1.62461e+06 1.58888e+06
1.58083e+06 1.58548e+06 1.6169e+06 1.59148e+06
1.57556e+06 1.59271e+06 1.60487e+06 1.64242e+06
1.55751e+06 1.59101e+06 1.59781e+06 1.66409e+06
1.62517e+06 1.5657e+06 1.59911e+06 1.57827e+06
1.64279e+06 1.57088e+06 1.55509e+06 1.63436e+06
1.55065e+06 1.59771e+06 1.66613e+06 1.63582e+06
1.61508e+06 1.66058e+06 1.62189e+06 1.56586e+06
1.61029e+06 1.56959e+06 1.59478e+06 1.61225e+06
1.57364e+06 1.6199e+06 1.55129e+06 1.62223e+06
1.56424e+06 1.59943e+06 1.59644e+06 1.64462e+06
1.60456e+06 1.55522e+06 1.61433e+06 1.6257e+06
1.61698e+06 1.54345e+06 1.56357e+06 1.6078e+06
1.61698e+06 1.54345e+06 1.56357e+06 1.6078e+06
1.58127e+06 1.63198e+06 1.60426e+06 1.61957e+06
1.55142e+06 1.61037e+06 1.56465e+06 1.66657e+06
1.55019e+06 1.60594e+06 1.60771e+06 1.65896e+06
1.63383e+06 1.57309e+06 1.63631e+06 1.5736e+06
1.58306e+06 1.59897e+06 1.56889e+06 1.6535e+06
1.61645e+06 1.51991e+06 1.6247e+06 1.64156e+06
1.63383e+06 1.57309e+06 1.63631e+06 1.5736e+06
1.64022e+06 1.60383e+06 1.59976e+06 1.54943e+06
1.57364e+06 1.6199e+06 1.55129e+06 1.62223e+06
1.68113e+06 1.54808e+06 1.61284e+06 1.60999e+06
1.66922e+06 1.60697e+06 1.60536e+06 1.58167e+06
1.66525e+06 1.63145e+06 1.55054e+06 1.62852e+06
1.63564e+06 1.59127e+06 1.59006e+06 1.67487e+06
1.60473e+06 1.63718e+06 1.65096e+06 1.598e+06
1.58422e+06 1.59332e+06 1.66843e+06 1.59999e+06
1.57256e+06 1.61887e+06 1.63152e+06 1.63861e+06
1.58004e+06 1.56145e+06 1.653e+06 1.64704e+06
1.64525e+06 1.58267e+06 1.56637e+06 1.66168e+06
1.59618e+06 1.60362e+06 1.58214e+06 1.63573e+06
1.65091e+06 1.57378e+06 1.60405e+06 1.65305e+06
1.63041e+06 1.59879e+06 1.63196e+06 1.60967e+06
1.64961e+06 1.57984e+06 1.661e+06 1.61576e+06
1.58327e+06 1.55624e+06 1.65009e+06 1.6567e+06
1.64073e+06 1.61079e+06 1.58858e+06 1.59112e+06
1.58495e+06 1.58886e+06 1.60906e+06 1.66805e+06
1.63543e+06 1.62488e+06 1.57395e+06 1.61085e+06
1.60321e+06 1.60556e+06 1.66282e+06 1.62702e+06
1.61534e+06 1.61097e+06 1.61454e+06 1.60713e+06
1.58291e+06 1.5665e+06 1.62938e+06 1.62947e+06
1.61793e+06 1.57077e+06 1.59658e+06 1.67278e+06
1.61346e+06 1.61847e+06 1.66659e+06 1.61161e+06
1.61866e+06 1.5848e+06 1.6141e+06 1.65734e+06
1.61116e+06 1.62961e+06 1.60172e+06 1.61038e+06
1.61856e+06 1.6347e+06 1.62612e+06 1.60253e+06
1.62878e+06 1.58439e+06 1.62561e+06 1.63442e+06
1.64365e+06 1.57205e+06 1.6135e+06 1.62175e+06
1.58733e+06 1.61042e+06 1.6056e+06 1.63477e+06
1.62953e+06 1.58776e+06 1.59614e+06 1.61906e+06
1.6097e+06 1.58718e+06 1.6185e+06 1.63792e+06
1.60427e+06 1.6103e+06 1.57212e+06 1.61345e+06
1.63966e+06 1.57205e+06 1.62048e+06 1.63223e+06
1.61828e+06 1.5553e+06 1.60406e+06 1.6735e+06
1.63415e+06 1.59001e+06 1.62068e+06 1.60915e+06
1.61479e+06 1.58666e+06 1.62429e+06 1.61307e+06
1.63101e+06 1.61096e+06 1.62836e+06 1.6074e+06
1.6713e+06 1.60968e+06 1.64265e+06 1.59382e+06
1.64634e+06 1.60973e+06 1.58458e+06 1.64566e+06
1.62053e+06 1.59662e+06 1.60398e+06 1.67326e+06
1.61804e+06 1.64404e+06 1.61123e+06 1.62168e+06
1.6158e+06 1.56652e+06 1.63482e+06 1.63417e+06
1.60232e+06 1.60258e+06 1.68047e+06 1.64555e+06
1.58783e+06 1.61135e+06 1.61294e+06 1.6521e+06
1.65549e+06 1.60519e+06 1.65135e+06 1.62493e+06
1.60331e+06 1.58447e+06 1.66402e+06 1.65503e+06
1.63174e+06 1.61853e+06 1.61692e+06 1.60886e+06
1.61436e+06 1.61496e+06 1.62316e+06 1.63004e+06
1.6197e+06 1.59674e+06 1.66328e+06 1.6173e+06
1.64032e+06 1.57934e+06 1.6213e+06 1.64811e+06
1.62654e+06 1.62597e+06 1.59393e+06 1.63408e+06
1.6037e+06 1.60706e+06 1.62651e+06 1.64871e+06
1.64528e+06 1.58736e+06 1.6085e+06 1.66363e+06
1.641e+06 1.63544e+06 1.60064e+06 1.60256e+06
1.64472e+06 1.58931e+06 1.63602e+06 1.62613e+06
1.622e+06 1.62194e+06 1.59029e+06 1.63592e+06
1.63334e+06 1.62876e+06 1.58917e+06 1.64126e+06
1.63671e+06 1.6028e+06 1.62864e+06 1.64101e+06
1.62887e+06 1.62135e+06 1.64882e+06 1.61538e+06
1.62959e+06 1.59521e+06 1.60571e+06 1.64649e+06
1.64903e+06 1.62175e+06 1.6041e+06 1.6e+06
1.65167e+06 1.58098e+06 1.6303e+06 1.63226e+06
1.64135e+06 1.63596e+06 1.61257e+06 1.60159e+06
1.61446e+06 1.62885e+06 1.6107e+06 1.63216e+06
1.6409e+06 1.59524e+06 1.60184e+06 1.66172e+06
1.65181e+06 1.57962e+06 1.64881e+06 1.62522e+06
1.61666e+06 1.61068e+06 1.6123e+06 1.63771e+06
1.61575e+06 1.61405e+06 1.60249e+06 1.65321e+06
1.64359e+06 1.60972e+06 1.62767e+06 1.61561e+06
1.6799e+06 1.61248e+06 1.61915e+06 1.64298e+06
1.65221e+06 1.61779e+06 1.6547e+06 1.62562e+06
1.63326e+06 1.66672e+06 1.63487e+06 1.63004e+06
1.62998e+06 1.6295e+06 1.60452e+06 1.65563e+06
1.62566e+06 1.60113e+06 1.63812e+06 1.66741e+06
1.62002e+06 1.60396e+06 1.65052e+06 1.67165e+06
1.59295e+06 1.63188e+06 1.65518e+06 1.65629e+06
1.64109e+06 1.62108e+06 1.63318e+06 1.63464e+06
1.61415e+06 1.60994e+06 1.63689e+06 1.65738e+06
1.61858e+06 1.60689e+06 1.63839e+06 1.64867e+06
1.65331e+06 1.60293e+06 1.63464e+06 1.63685e+06
1.64762e+06 1.61618e+06 1.6064e+06 1.6568e+06
1.62759e+06 1.62053e+06 1.62024e+06 1.64749e+06
1.67692e+06 1.53679e+06 1.6187e+06 1.58507e+06
1.65395e+06 1.56686e+06 1.61368e+06 1.52204e+06
1.64661e+06 1.52587e+06 1.64496e+06 1.6201e+06
1.59819e+06 1.55446e+06 1.6733e+06 1.63161e+06
1.59151e+06 1.60561e+06 1.53986e+06 1.63485e+06
1.5709e+06 1.63918e+06 1.57605e+06 1.65588e+06
1.54972e+06 1.56171e+06 1.64396e+06 1.68249e+06
1.52339e+06 1.61516e+06 1.60934e+06 1.61922e+06
1.65395e+06 1.56686e+06 1.61368e+06 1.52204e+06
1.60836e+06 1.59598e+06 1.6072e+06 1.55819e+06
1.52339e+06 1.61516e+06 1.60934e+06 1.61922e+06
1.62042e+06 1.63336e+06 1.56286e+06 1.61368e+06
1.5465e+06 1.57092e+06 1.62742e+06 1.63546e+06
1.64643e+06 1.62571e+06 1.555e+06 1.62539e+06
1.67611e+06 1.54223e+06 1.59354e+06 1.6343e+06
1.62312e+06 1.54819e+06 1.62143e+06 1.64678e+06
1.56163e+06 1.59922e+06 1.58243e+06 1.59512e+06
1.63556e+06 1.52758e+06 1.61264e+06 1.66446e+06
1.64868e+06 1.59026e+06 1.6402e+06 1.56614e+06
1.57502e+06 1.57002e+06 1.66631e+06 1.63848e+06
1.6463e+06 1.61484e+06 1.5501e+06 1.63022e+06
1.63899e+06 1.53576e+06 1.60589e+06 1.66706e+06
1.62978e+06 1.55514e+06 1.6613e+06 1.61599e+06
1.59061e+06 1.62053e+06 1.60054e+06 1.57922e+06
1.59151e+06 1.60561e+06 1.53986e+06 1.63485e+06
1.65151e+06 1.57646e+06 1.56535e+06 1.67012e+06
1.66352e+06 1.56835e+06 1.6021e+06 1.57636e+06
1.54972e+06 1.56171e+06 1.64396e+06 1.68249e+06
1.60523e+06 1.5441e+06 1.64303e+06 1.64448e+06
1.6201e+06 1.54577e+06 1.57295e+06 1.6605e+06
1.63149e+06 1.53828e+06 1.67086e+06 1.65685e+06
1.64522e+06 1.60628e+06 1.57692e+06 1.5988e+06
1.5933e+06 1.56252e+06 1.62708e+06 1.60716e+06
1.58688e+06 1.57144e+06 1.59829e+06 1.62869e+06
1.60092e+06 1.55941e+06 1.64589e+06 1.61368e+06
1.56692e+06 1.59869e+06 1.65285e+06 1.60014e+06
1.60836e+06 1.59598e+06 1.6072e+06 1.55819e+06
1.60909e+06 1.60778e+06 1.55766e+06 1.63231e+06
1.59749e+06 1.56582e+06 1.63612e+06 1.60538e+06
1.56583e+06 1.59375e+06 1.60485e+06 1.6328e+06
1.61445e+06 1.5669e+06 1.59708e+06 1.61806e+06
1.57887e+06 1.61167e+06 1.61196e+06 1.58593e+06
1.552e+06 1.57859e+06 1.59041e+06 1.64825e+06
1.65679e+06 1.58071e+06 1.5896e+06 1.57308e+06
1.56915e+06 1.58741e+06 1.6349e+06 1.61931e+06
1.59827e+06 1.57321e+06 1.58679e+06 1.61072e+06
1.62649e+06 1.55084e+06 1.63889e+06 1.62956e+06
1.64606e+06 1.54086e+06 1.65795e+06 1.61037e+06
1.57172e+06 1.57692e+06 1.60331e+06 1.60118e+06
1.61548e+06 1.54441e+06 1.65078e+06 1.63092e+06
1.60266e+06 1.60623e+06 1.61739e+06 1.5647e+06
1.58822e+06 1.59653e+06 1.56874e+06 1.63091e+06
1.63899e+06 1.53576e+06 1.60589e+06 1.66706e+06
1.61654e+06 1.60906e+06 1.55898e+06 1.6299e+06
1.63144e+06 1.60336e+06 1.58578e+06 1.59198e+06
1.62848e+06 1.57632e+06 1.64527e+06 1.57557e+06
1.63265e+06 1.57982e+06 1.58366e+06 1.58764e+06
1.60379e+06 1.58922e+06 1.60254e+06 1.58189e+06
1.56501e+06 1.55318e+06 1.60854e+06 1.66424e+06
1.66352e+06 1.56835e+06 1.6021e+06 1.57636e+06
1.63528e+06 1.5547e+06 1.61058e+06 1.57012e+06
1.60423e+06 1.61023e+06 1.59066e+06 1.5702e+06
1.61878e+06 1.56451e+06 1.6084e+06 1.62635e+06
1.58091e+06 1.61146e+06 1.57877e+06 1.6324e+06
1.59409e+06 1.56634e+06 1.61645e+06 1.58657e+06
1.58031e+06 1.5587e+06 1.62837e+06 1.6385e+06
1.62212e+06 1.55792e+06 1.61364e+06 1.58352e+06
1.55875e+06 1.61926e+06 1.63158e+06 1.57311e+06
1.58362e+06 1.5855e+06 1.65991e+06 1.58668e+06
1.63301e+06 1.55441e+06 1.60892e+06 1.60379e+06
1.65151e+06 1.57646e+06 1.56535e+06 1.67012e+06
1.5935e+06 1.57323e+06 1.66742e+06 1.59289e+06
1.59362e+06 1.57924e+06 1.65649e+06 1.58627e+06
1.61448e+06 1.55194e+06 1.60431e+06 1.65936e+06
1.65845e+06 1.59878e+06 1.5665e+06 1.59891e+06
1.61763e+06 1.62283e+06 1.55768e+06 1.62268e+06
1.60258e+06 1.55349e+06 1.5723e+06 1.63122e+06
1.58181e+06 1.57351e+06 1.57672e+06 1.60043e+06
1.55689e+06 1.57043e+06 1.61247e+06 1.64849e+06
1.61731e+06 1.58286e+06 1.63898e+06 1.58393e+06
1.58175e+06 1.63767e+06 1.56938e+06 1.61791e+06
1.61567e+06 1.56226e+06 1.638e+06 1.59497e+06
1.5932e+06 1.5875e+06 1.6274e+06 1.57217e+06
1.55875e+06 1.61926e+06 1.63158e+06 1.57311e+06
1.5465e+06 1.57092e+06 1.62742e+06 1.63546e+06
1.65781e+06 1.5413e+06 1.61718e+06 1.64661e+06
1.61699e+06 1.58387e+06 1.55129e+06 1.63183e+06
1.55689e+06 1.57043e+06 1.61247e+06 1.64849e+06
1.62182e+06 1.55981e+06 1.64274e+06 1.59042e+06
1.64661e+06 1.52587e+06 1.64496e+06 1.6201e+06
1.61763e+06 1.62283e+06 1.55768e+06 1.62268e+06
1.62182e+06 1.55981e+06 1.64274e+06 1.59042e+06
1.58362e+06 1.5855e+06 1.65991e+06 1.58668e+06
1.55705e+06 1.56768e+06 1.56945e+06 1.65798e+06
1.55875e+06 1.61926e+06 1.63158e+06 1.57311e+06
1.61813e+06 1.54243e+06 1.64562e+06 1.62633e+06
1.58031e+06 1.5587e+06 1.62837e+06 1.6385e+06
1.63144e+06 1.60336e+06 1.58578e+06 1.59198e+06
1.61699e+06 1.58387e+06 1.55129e+06 1.63183e+06
1.59819e+06 1.55446e+06 1.6733e+06 1.63161e+06
1.58175e+06 1.63767e+06 1.56938e+06 1.61791e+06
1.55705e+06 1.56768e+06 1.56945e+06 1.65798e+06
1.65845e+06 1.59878e+06 1.5665e+06 1.59891e+06
1.67523e+06 1.56941e+06 1.6214e+06 1.63164e+06
1.65782e+06 1.59838e+06 1.63197e+06 1.57821e+06
1.64761e+06 1.56797e+06 1.57314e+06 1.63709e+06
1.6409e+06 1.56045e+06 1.64928e+06 1.65108e+06
1.59696e+06 1.58772e+06 1.62564e+06 1.67159e+06
1.57509e+06 1.64352e+06 1.58679e+06 1.64084e+06
1.57509e+06 1.64352e+06 1.58679e+06 1.64084e+06
1.61606e+06 1.59456e+06 1.5822e+06 1.66141e+06
1.5889e+06 1.63796e+06 1.58554e+06 1.62785e+06
1.65608e+06 1.62781e+06 1.591e+06 1.59978e+06
1.60694e+06 1.59756e+06 1.64491e+06 1.617e+06
1.65048e+06 1.6435e+06 1.63041e+06 1.58761e+06
1.62283e+06 1.61078e+06 1.60935e+06 1.61422e+06
1.65435e+06 1.5836e+06 1.62857e+06 1.59358e+06
1.59208e+06 1.61111e+06 1.59789e+06 1.63892e+06
1.6207e+06 1.61554e+06 1.60549e+06 1.63261e+06
1.59484e+06 1.581e+06 1.6333e+06 1.65764e+06
1.63254e+06 1.6013e+06 1.60751e+06 1.60823e+06
1.57762e+06 1.61826e+06 1.59383e+06 1.61082e+06
1.65724e+06 1.59708e+06 1.61501e+06 1.60376e+06
1.59866e+06 1.58079e+06 1.59185e+06 1.65484e+06
1.6691e+06 1.58765e+06 1.59305e+06 1.62084e+06
1.66046e+06 1.569e+06 1.59387e+06 1.63599e+06
1.58062e+06 1.58835e+06 1.61978e+06 1.6196e+06
1.63965e+06 1.57562e+06 1.62485e+06 1.62555e+06
1.63744e+06 1.5908e+06 1.61812e+06 1.60012e+06
1.63609e+06 1.57246e+06 1.64785e+06 1.661e+06
1.61121e+06 1.58233e+06 1.6318e+06 1.60771e+06
1.59625e+06 1.60622e+06 1.61978e+06 1.62781e+06
1.67064e+06 1.56963e+06 1.61845e+06 1.63313e+06
1.60805e+06 1.577e+06 1.60778e+06 1.6272e+06
1.64633e+06 1.57328e+06 1.62103e+06 1.63727e+06
1.69352e+06 1.5713e+06 1.66679e+06 1.63433e+06
1.65014e+06 1.59751e+06 1.58907e+06 1.64626e+06
1.64706e+06 1.62534e+06 1.65283e+06 1.60738e+06
1.63023e+06 1.6324e+06 1.63078e+06 1.61877e+06
1.62247e+06 1.60886e+06 1.6136e+06 1.67822e+06
1.58669e+06 1.62607e+06 1.6175e+06 1.62992e+06
1.62024e+06 1.62157e+06 1.60965e+06 1.65812e+06
1.66723e+06 1.59233e+06 1.64693e+06 1.62621e+06
1.65956e+06 1.59237e+06 1.62217e+06 1.6316e+06
1.60834e+06 1.57808e+06 1.64559e+06 1.65227e+06
1.60913e+06 1.60158e+06 1.63059e+06 1.66918e+06
1.61121e+06 1.60023e+06 1.65935e+06 1.60815e+06
1.63049e+06 1.60318e+06 1.64808e+06 1.6518e+06
1.6057e+06 1.61483e+06 1.65829e+06 1.63455e+06
1.65479e+06 1.58068e+06 1.63573e+06 1.63972e+06
1.63881e+06 1.58903e+06 1.64214e+06 1.6464e+06
1.64746e+06 1.60158e+06 1.62483e+06 1.66008e+06
1.59641e+06 1.62023e+06 1.62908e+06 1.63766e+06
1.64574e+06 1.60644e+06 1.64258e+06 1.61214e+06
1.64428e+06 1.60635e+06 1.63998e+06 1.64592e+06
1.6001e+06 1.61801e+06 1.6478e+06 1.64198e+06
1.59676e+06 1.61895e+06 1.64117e+06 1.62308e+06
1.62385e+06 1.61485e+06 1.63289e+06 1.63442e+06
1.6477e+06 1.58872e+06 1.62918e+06 1.64186e+06
1.65334e+06 1.5991e+06 1.61592e+06 1.63964e+06
1.64779e+06 1.58038e+06 1.61884e+06 1.6404e+06
1.67195e+06 1.60345e+06 1.60281e+06 1.68678e+06
1.66507e+06 1.58199e+06 1.62507e+06 1.66267e+06
1.66368e+06 1.63355e+06 1.60036e+06 1.70168e+06
1.63369e+06 1.61172e+06 1.7129e+06 1.63406e+06
1.6188e+06 1.64204e+06 1.65093e+06 1.62988e+06
1.60184e+06 1.64568e+06 1.66412e+06 1.66779e+06
1.64627e+06 1.63262e+06 1.63382e+06 1.67761e+06
1.64977e+06 1.62136e+06 1.6481e+06 1.6525e+06
1.628e+06 1.63782e+06 1.64019e+06 1.65686e+06
1.66612e+06 1.61412e+06 1.6167e+06 1.66731e+06
1.65884e+06 1.59547e+06 1.65006e+06 1.64177e+06
1.64877e+06 1.58906e+06 1.61926e+06 1.6568e+06
1.61876e+06 1.64469e+06 1.6176e+06 1.64427e+06
1.66052e+06 1.61909e+06 1.61758e+06 1.67278e+06
1.65401e+06 1.60771e+06 1.65047e+06 1.64619e+06
1.657e+06 1.62113e+06 1.64236e+06 1.64728e+06
1.63184e+06 1.63553e+06 1.63616e+06 1.64242e+06
1.64451e+06 1.6374e+06 1.64605e+06 1.64561e+06
1.6386e+06 1.63707e+06 1.63692e+06 1.65541e+06
1.68017e+06 1.52228e+06 1.65194e+06 1.66882e+06
1.66074e+06 1.57672e+06 1.53832e+06 1.60813e+06
1.6509e+06 1.51714e+06 1.68516e+06 1.65251e+06
1.6509e+06 1.51714e+06 1.68516e+06 1.65251e+06
1.62806e+06 1.64053e+06 1.56394e+06 1.59303e+06
1.60351e+06 1.57327e+06 1.58395e+06 1.56341e+06
1.59235e+06 1.54361e+06 1.61284e+06 1.70849e+06
1.55657e+06 1.58453e+06 1.5899e+06 1.60508e+06
1.59797e+06 1.52779e+06 1.6112e+06 1.65985e+06
1.58714e+06 1.55148e+06 1.65907e+06 1.61812e+06
1.61304e+06 1.60285e+06 1.55451e+06 1.62406e+06
1.57801e+06 1.62702e+06 1.60488e+06 1.59548e+06
1.68017e+06 1.52228e+06 1.65194e+06 1.66882e+06
1.61359e+06 1.57154e+06 1.58352e+06 1.5718e+06
1.62424e+06 1.56772e+06 1.59233e+06 1.57869e+06
1.59356e+06 1.55553e+06 1.59839e+06 1.67961e+06
1.57102e+06 1.5546e+06 1.63777e+06 1.64644e+06
1.67181e+06 1.54395e+06 1.61626e+06 1.64076e+06
1.55657e+06 1.58453e+06 1.5899e+06 1.60508e+06
1.63185e+06 1.5949e+06 1.56046e+06 1.69572e+06
1.63185e+06 1.5949e+06 1.56046e+06 1.69572e+06
1.66074e+06 1.57672e+06 1.53832e+06 1.60813e+06
1.62943e+06 1.54624e+06 1.58855e+06 1.56852e+06
1.58213e+06 1.62475e+06 1.5844e+06 1.63802e+06
1.61797e+06 1.54891e+06 1.5845e+06 1.62476e+06
1.63329e+06 1.57567e+06 1.57201e+06 1.59444e+06
1.59356e+06 1.55553e+06 1.59839e+06 1.67961e+06
1.60087e+06 1.61013e+06 1.64056e+06 1.58283e+06
1.64356e+06 1.57336e+06 1.55936e+06 1.61115e+06
1.59235e+06 1.54361e+06 1.61284e+06 1.70849e+06
1.6608e+06 1.60048e+06 1.56047e+06 1.60206e+06
1.5932e+06 1.59718e+06 1.56999e+06 1.66879e+06
1.58447e+06 1.57432e+06 1.62572e+06 1.61705e+06
1.61008e+06 1.53715e+06 1.61693e+06 1.61655e+06
1.5882e+06 1.55909e+06 1.61762e+06 1.62723e+06
1.59992e+06 1.57053e+06 1.58636e+06 1.64458e+06
1.6214e+06 1.54303e+06 1.58957e+06 1.64952e+06
1.64575e+06 1.56168e+06 1.5785e+06 1.61973e+06
1.59411e+06 1.57823e+06 1.57623e+06 1.63514e+06
1.61094e+06 1.5529e+06 1.59387e+06 1.62863e+06
1.59913e+06 1.61585e+06 1.58829e+06 1.59312e+06
1.67181e+06 1.54395e+06 1.61626e+06 1.64076e+06
1.60354e+06 1.56241e+06 1.58787e+06 1.65578e+06
1.58714e+06 1.55148e+06 1.65907e+06 1.61812e+06
1.58552e+06 1.55024e+06 1.60168e+06 1.62999e+06
1.57219e+06 1.58303e+06 1.62981e+06 1.61468e+06
1.65492e+06 1.61119e+06 1.57079e+06 1.58992e+06
1.57782e+06 1.56739e+06 1.57367e+06 1.64966e+06
1.57914e+06 1.57906e+06 1.60602e+06 1.63321e+06
1.59654e+06 1.59134e+06 1.61023e+06 1.59932e+06
1.58498e+06 1.58184e+06 1.63352e+06 1.60369e+06
1.62276e+06 1.56693e+06 1.60651e+06 1.60912e+06
1.5843e+06 1.5552e+06 1.64447e+06 1.62362e+06
1.62895e+06 1.55953e+06 1.63982e+06 1.5826e+06
1.60378e+06 1.56347e+06 1.57396e+06 1.61112e+06
1.59991e+06 1.56562e+06 1.64546e+06 1.5877e+06
1.64742e+06 1.62527e+06 1.56779e+06 1.59629e+06
1.60604e+06 1.57084e+06 1.56048e+06 1.61514e+06
1.63248e+06 1.60687e+06 1.55482e+06 1.62083e+06
1.58722e+06 1.6102e+06 1.57973e+06 1.62853e+06
1.60948e+06 1.60139e+06 1.56502e+06 1.60113e+06
1.58905e+06 1.56572e+06 1.62047e+06 1.60601e+06
1.57357e+06 1.58336e+06 1.61231e+06 1.58567e+06
1.61258e+06 1.55155e+06 1.59328e+06 1.63879e+06
1.5721e+06 1.6133e+06 1.61056e+06 1.60098e+06
1.59876e+06 1.58812e+06 1.56725e+06 1.65267e+06
1.64964e+06 1.57062e+06 1.56717e+06 1.66399e+06
1.60462e+06 1.55001e+06 1.6159e+06 1.59734e+06
1.607e+06 1.58678e+06 1.57167e+06 1.60837e+06
1.59159e+06 1.54925e+06 1.61239e+06 1.64744e+06
1.59567e+06 1.54063e+06 1.63122e+06 1.62577e+06
1.59504e+06 1.58955e+06 1.56456e+06 1.6309e+06
1.59464e+06 1.57229e+06 1.59895e+06 1.60682e+06
1.59567e+06 1.54063e+06 1.63122e+06 1.62577e+06
1.63297e+06 1.62529e+06 1.56642e+06 1.59845e+06
1.59505e+06 1.55397e+06 1.6141e+06 1.59392e+06
1.65685e+06 1.6003e+06 1.56758e+06 1.5802e+06
1.61008e+06 1.53715e+06 1.61693e+06 1.61655e+06
1.60747e+06 1.55062e+06 1.59867e+06 1.6341e+06
1.58905e+06 1.56572e+06 1.62047e+06 1.60601e+06
1.58111e+06 1.57426e+06 1.63706e+06 1.61216e+06
1.59168e+06 1.58147e+06 1.63718e+06 1.60062e+06
1.65492e+06 1.61119e+06 1.57079e+06 1.58992e+06
1.63248e+06 1.60687e+06 1.55482e+06 1.62083e+06
1.64964e+06 1.57062e+06 1.56717e+06 1.66399e+06
1.57357e+06 1.58336e+06 1.61231e+06 1.58567e+06
1.62841e+06 1.59967e+06 1.55623e+06 1.61964e+06
1.64356e+06 1.57336e+06 1.55936e+06 1.61115e+06
1.59991e+06 1.56562e+06 1.64546e+06 1.5877e+06
1.65685e+06 1.6003e+06 1.56758e+06 1.5802e+06
1.62841e+06 1.59967e+06 1.55623e+06 1.61964e+06
1.57102e+06 1.5546e+06 1.63777e+06 1.64644e+06
1.58111e+06 1.57426e+06 1.63706e+06 1.61216e+06
1.5782e+06 1.59274e+06 1.60861e+06 1.60413e+06
1.58202e+06 1.58237e+06 1.60806e+06 1.62311e+06
1.60014e+06 1.5722e+06 1.58852e+06 1.63221e+06
1.59913e+06 1.61585e+06 1.58829e+06 1.59312e+06
1.5782e+06 1.59274e+06 1.60861e+06 1.60413e+06
1.63329e+06 1.57567e+06 1.57201e+06 1.59444e+06
1.58202e+06 1.58237e+06 1.60806e+06 1.62311e+06
1.6608e+06 1.60048e+06 1.56047e+06 1.60206e+06
1.67181e+06 1.54395e+06 1.61626e+06 1.64076e+06
1.58714e+06 1.55148e+06 1.65907e+06 1.61812e+06
1.68017e+06 1.52228e+06 1.65194e+06 1.66882e+06
1.666e+06 1.55612e+06 1.61414e+06 1.59083e+06
1.64544e+06 1.63702e+06 1.58287e+06 1.60625e+06
1.62587e+06 1.62066e+06 1.5836e+06 1.5804e+06
1.62369e+06 1.57658e+06 1.67216e+06 1.59912e+06
1.61924e+06 1.58282e+06 1.57107e+06 1.644e+06
1.57527e+06 1.61776e+06 1.64953e+06 1.66757e+06
1.56831e+06 1.62032e+06 1.60669e+06 1.64148e+06
1.61681e+06 1.6308e+06 1.59616e+06 1.63356e+06
1.58655e+06 1.57154e+06 1.64257e+06 1.66656e+06
1.63366e+06 1.61072e+06 1.62526e+06 1.59411e+06
1.63353e+06 1.5674e+06 1.64094e+06 1.6326e+06
1.58876e+06 1.61547e+06 1.60492e+06 1.6485e+06
1.58314e+06 1.6027e+06 1.60992e+06 1.63324e+06
1.59898e+06 1.59211e+06 1.62268e+06 1.61051e+06
1.61114e+06 1.55775e+06 1.5983e+06 1.64659e+06
1.61855e+06 1.57342e+06 1.57849e+06 1.62276e+06
1.64416e+06 1.59117e+06 1.58355e+06 1.60219e+06
1.60536e+06 1.58586e+06 1.57849e+06 1.63573e+06
1.58375e+06 1.58032e+06 1.64878e+06 1.61917e+06
1.58924e+06 1.61622e+06 1.61907e+06 1.61376e+06
1.61805e+06 1.56218e+06 1.63446e+06 1.64231e+06
1.60604e+06 1.6119e+06 1.61295e+06 1.6104e+06
1.60201e+06 1.57611e+06 1.63341e+06 1.63341e+06
1.62279e+06 1.58181e+06 1.62395e+06 1.61389e+06
1.67217e+06 1.56905e+06 1.65353e+06 1.63514e+06
1.66302e+06 1.58121e+06 1.58086e+06 1.6629e+06
1.63735e+06 1.59506e+06 1.66976e+06 1.62411e+06
1.63659e+06 1.5602e+06 1.60431e+06 1.66652e+06
1.63296e+06 1.62076e+06 1.65993e+06 1.60487e+06
1.58859e+06 1.64477e+06 1.62051e+06 1.68179e+06
1.6501e+06 1.63782e+06 1.60568e+06 1.60829e+06
1.6051e+06 1.6259e+06 1.63772e+06 1.63009e+06
1.63697e+06 1.58872e+06 1.59494e+06 1.64284e+06
1.61819e+06 1.56284e+06 1.63429e+06 1.65971e+06
1.63984e+06 1.57491e+06 1.61143e+06 1.64945e+06
1.66089e+06 1.60167e+06 1.65337e+06 1.62041e+06
1.62116e+06 1.59529e+06 1.58853e+06 1.67386e+06
1.63048e+06 1.61857e+06 1.64998e+06 1.62537e+06
1.65441e+06 1.59775e+06 1.62784e+06 1.62455e+06
1.6085e+06 1.61029e+06 1.58804e+06 1.63575e+06
1.61273e+06 1.57443e+06 1.64612e+06 1.67412e+06
1.61199e+06 1.58587e+06 1.66171e+06 1.63379e+06
1.6121e+06 1.57831e+06 1.60892e+06 1.65406e+06
1.64264e+06 1.60419e+06 1.60274e+06 1.62555e+06
1.61021e+06 1.61081e+06 1.62465e+06 1.62974e+06
1.63214e+06 1.63247e+06 1.62324e+06 1.62221e+06
1.61361e+06 1.59398e+06 1.64762e+06 1.63016e+06
1.63757e+06 1.60078e+06 1.60192e+06 1.62559e+06
1.63196e+06 1.58077e+06 1.60162e+06 1.63568e+06
1.70329e+06 1.61933e+06 1.60731e+06 1.64721e+06
1.65983e+06 1.64301e+06 1.66492e+06 1.62396e+06
1.63728e+06 1.58294e+06 1.61864e+06 1.63703e+06
1.62704e+06 1.60321e+06 1.66973e+06 1.64183e+06
1.62543e+06 1.60636e+06 1.61145e+06 1.6648e+06
1.6113e+06 1.63595e+06 1.64541e+06 1.64067e+06
1.6159e+06 1.63133e+06 1.63981e+06 1.64943e+06
1.63309e+06 1.59797e+06 1.65264e+06 1.6412e+06
1.6257e+06 1.6126e+06 1.61035e+06 1.6626e+06
1.63013e+06 1.61771e+06 1.62536e+06 1.63431e+06
1.65805e+06 1.58843e+06 1.611e+06 1.64152e+06
1.64348e+06 1.61503e+06 1.60879e+06 1.64331e+06
1.63517e+06 1.60797e+06 1.62818e+06 1.64253e+06
1.61587e+06 1.63076e+06 1.64418e+06 1.63661e+06
1.62683e+06 1.63188e+06 1.62154e+06 1.63749e+06
1.62505e+06 1.61592e+06 1.64721e+06 1.64288e+06
1.70441e+06 1.62676e+06 1.64311e+06 1.64636e+06
1.66534e+06 1.59571e+06 1.64473e+06 1.68586e+06
1.64053e+06 1.59266e+06 1.66982e+06 1.63807e+06
1.63333e+06 1.62542e+06 1.61098e+06 1.66495e+06
1.61676e+06 1.66562e+06 1.65844e+06 1.63716e+06
1.66139e+06 1.63126e+06 1.64e+06 1.65357e+06
1.64886e+06 1.61232e+06 1.63443e+06 1.66584e+06
1.64137e+06 1.60416e+06 1.64249e+06 1.67092e+06
1.63279e+06 1.61828e+06 1.65949e+06 1.66365e+06
1.65561e+06 1.61183e+06 1.63932e+06 1.65763e+06
1.67309e+06 1.63353e+06 1.63085e+06 1.67089e+06
