7 4.29225
1.67455e+06 1.54298e+06 1.56841e+06
1.63547e+06 1.58801e+06 1.55444e+06
1.62442e+06 1.53627e+06 1.63775e+06
1.56599e+06 1.64396e+06 1.58895e+06
1.51525e+06 1.5679e+06 1.62818e+06
1.6608e+06 1.57807e+06 1.5558e+06
1.55984e+06 1.59629e+06 1.60528e+06
1.55182e+06 1.61838e+06 1.6211e+06
1.56851e+06 1.62815e+06 1.59224e+06
1.57683e+06 1.61718e+06 1.571e+06
1.57301e+06 1.58012e+06 1.57656e+06
1.67413e+06 1.53751e+06 1.61707e+06
1.6185e+06 1.53857e+06 1.5809e+06
1.58792e+06 1.53872e+06 1.63451e+06
1.60369e+06 1.54715e+06 1.59212e+06
1.56908e+06 1.54731e+06 1.60646e+06
1.63547e+06 1.58801e+06 1.55444e+06
1.56527e+06 1.56614e+06 1.62994e+06
1.58764e+06 1.54928e+06 1.55681e+06
1.57818e+06 1.53995e+06 1.59977e+06
1.58612e+06 1.55561e+06 1.59639e+06
1.61261e+06 1.53892e+06 1.60324e+06
1.58612e+06 1.55561e+06 1.59639e+06
1.62265e+06 1.54188e+06 1.57159e+06
1.56238e+06 1.5869e+06 1.61842e+06
1.55182e+06 1.61838e+06 1.6211e+06
1.61381e+06 1.5457e+06 1.59729e+06
1.56598e+06 1.56202e+06 1.60146e+06
1.56247e+06 1.58482e+06 1.6253e+06
1.58764e+06 1.54928e+06 1.55681e+06
1.61371e+06 1.54911e+06 1.59034e+06
1.56598e+06 1.56202e+06 1.60146e+06
1.57683e+06 1.61718e+06 1.571e+06
1.56247e+06 1.58482e+06 1.6253e+06
1.67455e+06 1.54298e+06 1.56841e+06
1.62265e+06 1.54188e+06 1.57159e+06
1.56247e+06 1.58482e+06 1.6253e+06
1.56247e+06 1.58482e+06 1.6253e+06
1.67413e+06 1.53751e+06 1.61707e+06
1.61381e+06 1.5457e+06 1.59729e+06
1.67413e+06 1.53751e+06 1.61707e+06
1.61381e+06 1.5457e+06 1.59729e+06
1.67413e+06 1.53751e+06 1.61707e+06
1.67413e+06 1.53751e+06 1.61707e+06
1.67413e+06 1.53751e+06 1.61707e+06
1.67413e+06 1.53751e+06 1.61707e+06
1.67413e+06 1.53751e+06 1.61707e+06
1.61381e+06 1.5457e+06 1.59729e+06
1.61381e+06 1.5457e+06 1.59729e+06
1.61381e+06 1.5457e+06 1.59729e+06
1.61381e+06 1.5457e+06 1.59729e+06
1.61381e+06 1.5457e+06 1.59729e+06
1.56247e+06 1.58482e+06 1.6253e+06
1.56247e+06 1.58482e+06 1.6253e+06
1.56247e+06 1.58482e+06 1.6253e+06
1.56247e+06 1.58482e+06 1.6253e+06
1.63883e+06 1.53769e+06 1.63784e+06
1.59056e+06 1.58438e+06 1.55885e+06
1.57794e+06 1.56132e+06 1.67106e+06
1.55892e+06 1.63452e+06 1.62944e+06
1.6351e+06 1.57328e+06 1.57091e+06
1.58987e+06 1.63024e+06 1.57368e+06
1.58839e+06 1.59578e+06 1.58098e+06
1.6276e+06 1.54255e+06 1.62985e+06
1.57794e+06 1.56132e+06 1.67106e+06
1.5593e+06 1.61506e+06 1.65065e+06
1.56544e+06 1.60609e+06 1.63952e+06
1.56544e+06 1.60609e+06 1.63952e+06
1.61135e+06 1.56623e+06 1.58883e+06
1.55999e+06 1.62068e+06 1.61312e+06
1.56188e+06 1.58212e+06 1.64973e+06
1.62616e+06 1.54902e+06 1.58741e+06
1.57012e+06 1.588e+06 1.62445e+06
1.58902e+06 1.54989e+06 1.65869e+06
1.58748e+06 1.57196e+06 1.61712e+06
1.61943e+06 1.57753e+06 1.56479e+06
1.58045e+06 1.59026e+06 1.58244e+06
1.59852e+06 1.54542e+06 1.62195e+06
1.60358e+06 1.55631e+06 1.59709e+06
1.59058e+06 1.57133e+06 1.58921e+06
1.57334e+06 1.56492e+06 1.63462e+06
1.60156e+06 1.57144e+06 1.58065e+06
1.59506e+06 1.5582e+06 1.60553e+06
1.59535e+06 1.55232e+06 1.60604e+06
1.62432e+06 1.55495e+06 1.59501e+06
1.61943e+06 1.57753e+06 1.56479e+06
1.62362e+06 1.57025e+06 1.57753e+06
1.61287e+06 1.54347e+06 1.63107e+06
1.59398e+06 1.54331e+06 1.64459e+06
1.58902e+06 1.54989e+06 1.65869e+06
1.59488e+06 1.56333e+06 1.6346e+06
1.59852e+06 1.54542e+06 1.62195e+06
1.5812e+06 1.56521e+06 1.62439e+06
1.63745e+06 1.57206e+06 1.55948e+06
1.5679e+06 1.58869e+06 1.60631e+06
1.58054e+06 1.57236e+06 1.6008e+06
1.6176e+06 1.56513e+06 1.5943e+06
1.63883e+06 1.53769e+06 1.63784e+06
1.6176e+06 1.56513e+06 1.5943e+06
1.62088e+06 1.54305e+06 1.60002e+06
1.55999e+06 1.62068e+06 1.61312e+06
1.59398e+06 1.54331e+06 1.64459e+06
1.56626e+06 1.56709e+06 1.62601e+06
1.56188e+06 1.58212e+06 1.64973e+06
1.62122e+06 1.55681e+06 1.5815e+06
1.58748e+06 1.57196e+06 1.61712e+06
1.56641e+06 1.61758e+06 1.60733e+06
1.61287e+06 1.54347e+06 1.63107e+06
1.59056e+06 1.58438e+06 1.55885e+06
1.61966e+06 1.55027e+06 1.60873e+06
1.62362e+06 1.57025e+06 1.57753e+06
1.61966e+06 1.55027e+06 1.60873e+06
1.59009e+06 1.5893e+06 1.58375e+06
1.60358e+06 1.55631e+06 1.59709e+06
1.57334e+06 1.56492e+06 1.63462e+06
1.56626e+06 1.56709e+06 1.62601e+06
1.55999e+06 1.62068e+06 1.61312e+06
1.5812e+06 1.56521e+06 1.62439e+06
1.5593e+06 1.61506e+06 1.65065e+06
1.60358e+06 1.55631e+06 1.59709e+06
1.56641e+06 1.61758e+06 1.60733e+06
1.63745e+06 1.57206e+06 1.55948e+06
1.59009e+06 1.5893e+06 1.58375e+06
1.63883e+06 1.53769e+06 1.63784e+06
1.56641e+06 1.61758e+06 1.60733e+06
1.56641e+06 1.61758e+06 1.60733e+06
1.62122e+06 1.55681e+06 1.5815e+06
1.5593e+06 1.61506e+06 1.65065e+06
1.62122e+06 1.55681e+06 1.5815e+06
1.63883e+06 1.53769e+06 1.63784e+06
1.63883e+06 1.53769e+06 1.63784e+06
1.63883e+06 1.53769e+06 1.63784e+06
1.63883e+06 1.53769e+06 1.63784e+06
1.63883e+06 1.53769e+06 1.63784e+06
1.63745e+06 1.57206e+06 1.55948e+06
1.63745e+06 1.57206e+06 1.55948e+06
1.63745e+06 1.57206e+06 1.55948e+06
1.62122e+06 1.55681e+06 1.5815e+06
1.62122e+06 1.55681e+06 1.5815e+06
1.62122e+06 1.55681e+06 1.5815e+06
1.62122e+06 1.55681e+06 1.5815e+06
1.62122e+06 1.55681e+06 1.5815e+06
1.56641e+06 1.61758e+06 1.60733e+06
1.56641e+06 1.61758e+06 1.60733e+06
1.56641e+06 1.61758e+06 1.60733e+06
1.56641e+06 1.61758e+06 1.60733e+06
1.5593e+06 1.61506e+06 1.65065e+06
1.5593e+06 1.61506e+06 1.65065e+06
1.5593e+06 1.61506e+06 1.65065e+06
1.5593e+06 1.61506e+06 1.65065e+06
1.5593e+06 1.61506e+06 1.65065e+06
1.64267e+06 1.57584e+06 1.57808e+06
1.64131e+06 1.54448e+06 1.60205e+06
1.61553e+06 1.60929e+06 1.56049e+06
1.59829e+06 1.54703e+06 1.6683e+06
1.56441e+06 1.64979e+06 1.61575e+06
1.56367e+06 1.59747e+06 1.66153e+06
1.58475e+06 1.64426e+06 1.58629e+06
1.5661e+06 1.62603e+06 1.62822e+06
1.6259e+06 1.57841e+06 1.56935e+06
1.5691e+06 1.60456e+06 1.65152e+06
1.5661e+06 1.62603e+06 1.62822e+06
1.63166e+06 1.5494e+06 1.64071e+06
1.59211e+06 1.56591e+06 1.64026e+06
1.6059e+06 1.5461e+06 1.66184e+06
1.58775e+06 1.60184e+06 1.59025e+06
1.5949e+06 1.60371e+06 1.56393e+06
1.61963e+06 1.54968e+06 1.65513e+06
1.63423e+06 1.54991e+06 1.61087e+06
1.60942e+06 1.59302e+06 1.57772e+06
1.5936e+06 1.59156e+06 1.59265e+06
1.60075e+06 1.56526e+06 1.62274e+06
1.62145e+06 1.56085e+06 1.61211e+06
1.60043e+06 1.55586e+06 1.63171e+06
1.57938e+06 1.59371e+06 1.61629e+06
1.63998e+06 1.55102e+06 1.60895e+06
1.62916e+06 1.55868e+06 1.58277e+06
1.59452e+06 1.58613e+06 1.60293e+06
1.58872e+06 1.57489e+06 1.65276e+06
1.59769e+06 1.57519e+06 1.61706e+06
1.60952e+06 1.56392e+06 1.60051e+06
1.5728e+06 1.5965e+06 1.60915e+06
1.60227e+06 1.56467e+06 1.62776e+06
1.57141e+06 1.58454e+06 1.63074e+06
1.60026e+06 1.58188e+06 1.59874e+06
1.58192e+06 1.57636e+06 1.60502e+06
1.58232e+06 1.59248e+06 1.59567e+06
1.57535e+06 1.60699e+06 1.6083e+06
1.59914e+06 1.57153e+06 1.63024e+06
1.57535e+06 1.60699e+06 1.6083e+06
1.62327e+06 1.55259e+06 1.64032e+06
1.61254e+06 1.5811e+06 1.58377e+06
1.60328e+06 1.57846e+06 1.59587e+06
1.62424e+06 1.57883e+06 1.58489e+06
1.62249e+06 1.58011e+06 1.58435e+06
1.62938e+06 1.55733e+06 1.60212e+06
1.60057e+06 1.56914e+06 1.60603e+06
1.61232e+06 1.57235e+06 1.5908e+06
1.61232e+06 1.57235e+06 1.5908e+06
1.59775e+06 1.55818e+06 1.65442e+06
1.60307e+06 1.55667e+06 1.63083e+06
1.60057e+06 1.56914e+06 1.60603e+06
1.66457e+06 1.60159e+06 1.57901e+06
1.64965e+06 1.54615e+06 1.61142e+06
1.6291e+06 1.54901e+06 1.66567e+06
1.60804e+06 1.61075e+06 1.56438e+06
1.57762e+06 1.65801e+06 1.66205e+06
1.63241e+06 1.54987e+06 1.64475e+06
1.59898e+06 1.64746e+06 1.58325e+06
1.58416e+06 1.57744e+06 1.62521e+06
1.5793e+06 1.63799e+06 1.62368e+06
1.66118e+06 1.61009e+06 1.57713e+06
1.65769e+06 1.59691e+06 1.5796e+06
1.62333e+06 1.56554e+06 1.60567e+06
1.6387e+06 1.56253e+06 1.58834e+06
1.60233e+06 1.63062e+06 1.58197e+06
1.58289e+06 1.59315e+06 1.60165e+06
1.59919e+06 1.57591e+06 1.62241e+06
1.60255e+06 1.61931e+06 1.59911e+06
1.61868e+06 1.58161e+06 1.58439e+06
1.6515e+06 1.55949e+06 1.59422e+06
1.64202e+06 1.60502e+06 1.58171e+06
1.6032e+06 1.61822e+06 1.59296e+06
1.60594e+06 1.58364e+06 1.61797e+06
1.60804e+06 1.61075e+06 1.56438e+06
1.64088e+06 1.55769e+06 1.6072e+06
1.60064e+06 1.58481e+06 1.60368e+06
1.60273e+06 1.6187e+06 1.5702e+06
1.6008e+06 1.56179e+06 1.64046e+06
1.61418e+06 1.58307e+06 1.60673e+06
1.60979e+06 1.60539e+06 1.58242e+06
1.60523e+06 1.5595e+06 1.63515e+06
1.62183e+06 1.57875e+06 1.60157e+06
1.60254e+06 1.56488e+06 1.63311e+06
1.62908e+06 1.56409e+06 1.60976e+06
1.65059e+06 1.54811e+06 1.60899e+06
1.64965e+06 1.54615e+06 1.61142e+06
1.65352e+06 1.56137e+06 1.60492e+06
1.65295e+06 1.61868e+06 1.57744e+06
1.61119e+06 1.58273e+06 1.65019e+06
1.61e+06 1.64586e+06 1.58709e+06
1.58427e+06 1.58287e+06 1.63055e+06
1.61313e+06 1.57034e+06 1.64993e+06
1.60567e+06 1.62954e+06 1.60006e+06
1.63379e+06 1.57735e+06 1.61144e+06
1.59392e+06 1.59652e+06 1.61396e+06
1.5854e+06 1.60035e+06 1.60679e+06
1.64576e+06 1.56942e+06 1.63048e+06
1.60106e+06 1.59308e+06 1.62305e+06
1.6273e+06 1.62556e+06 1.57965e+06
1.60241e+06 1.60714e+06 1.60196e+06
1.64902e+06 1.56553e+06 1.59795e+06
1.61601e+06 1.58468e+06 1.61578e+06
1.63084e+06 1.58239e+06 1.62186e+06
1.64169e+06 1.61366e+06 1.57898e+06
1.64138e+06 1.57884e+06 1.59776e+06
1.63239e+06 1.58823e+06 1.58514e+06
1.61908e+06 1.61455e+06 1.59176e+06
1.6216e+06 1.57865e+06 1.62324e+06
1.62105e+06 1.59854e+06 1.59305e+06
1.61472e+06 1.61957e+06 1.5893e+06
1.58435e+06 1.62138e+06 1.60601e+06
1.61247e+06 1.58826e+06 1.61466e+06
1.6239e+06 1.58639e+06 1.59646e+06
1.62844e+06 1.58532e+06 1.59544e+06
1.61439e+06 1.6055e+06 1.59602e+06
1.61977e+06 1.59663e+06 1.60927e+06
1.62382e+06 1.59675e+06 1.59945e+06
1.61092e+06 1.59631e+06 1.62192e+06
1.6276e+06 1.60566e+06 1.58739e+06
1.67442e+06 1.62082e+06 1.58457e+06
1.66566e+06 1.56509e+06 1.64439e+06
1.62634e+06 1.58182e+06 1.64451e+06
1.59637e+06 1.63945e+06 1.63113e+06
1.58529e+06 1.58302e+06 1.6402e+06
1.65001e+06 1.6272e+06 1.5874e+06
1.61577e+06 1.61347e+06 1.60819e+06
1.63618e+06 1.60674e+06 1.5966e+06
1.65653e+06 1.57192e+06 1.62066e+06
1.64321e+06 1.6013e+06 1.59171e+06
1.62341e+06 1.62522e+06 1.60042e+06
1.66215e+06 1.59142e+06 1.60466e+06
1.60728e+06 1.598e+06 1.63027e+06
1.63277e+06 1.58031e+06 1.6299e+06
1.59829e+06 1.62155e+06 1.61535e+06
1.66624e+06 1.58417e+06 1.61444e+06
1.65416e+06 1.57067e+06 1.633e+06
1.65185e+06 1.58703e+06 1.61199e+06
1.61894e+06 1.59595e+06 1.61877e+06
1.6409e+06 1.59383e+06 1.59461e+06
1.58711e+06 1.59505e+06 1.63277e+06
1.62673e+06 1.61909e+06 1.59516e+06
1.6645e+06 1.56825e+06 1.62509e+06
1.62246e+06 1.58246e+06 1.63639e+06
1.6204e+06 1.5908e+06 1.62798e+06
1.64743e+06 1.5715e+06 1.63907e+06
1.60013e+06 1.6009e+06 1.60886e+06
1.60014e+06 1.58463e+06 1.63211e+06
1.63189e+06 1.59279e+06 1.60285e+06
1.61126e+06 1.59332e+06 1.62932e+06
1.6248e+06 1.58767e+06 1.62444e+06
1.58702e+06 1.62075e+06 1.6381e+06
1.62522e+06 1.6191e+06 1.59199e+06
1.62292e+06 1.58804e+06 1.62575e+06
1.63664e+06 1.58351e+06 1.62552e+06
1.62866e+06 1.59453e+06 1.60323e+06
1.6343e+06 1.58632e+06 1.619e+06
1.6098e+06 1.58628e+06 1.63173e+06
1.62922e+06 1.58492e+06 1.63046e+06
1.6264e+06 1.58575e+06 1.62156e+06
1.60008e+06 1.59193e+06 1.63932e+06
1.6225e+06 1.58987e+06 1.61478e+06
1.63367e+06 1.58571e+06 1.62911e+06
1.65027e+06 1.57183e+06 1.62153e+06
1.69184e+06 1.59652e+06 1.59592e+06
1.66194e+06 1.6287e+06 1.58979e+06
1.65724e+06 1.57238e+06 1.65483e+06
1.61219e+06 1.58371e+06 1.65495e+06
1.60327e+06 1.65076e+06 1.61478e+06
1.58788e+06 1.5974e+06 1.65316e+06
1.59921e+06 1.6505e+06 1.63534e+06
1.62944e+06 1.61882e+06 1.60575e+06
1.62602e+06 1.6264e+06 1.60348e+06
1.5927e+06 1.58675e+06 1.64163e+06
1.63493e+06 1.58263e+06 1.64559e+06
1.60351e+06 1.6088e+06 1.60905e+06
1.61408e+06 1.60093e+06 1.60929e+06
1.64931e+06 1.59462e+06 1.61687e+06
1.62177e+06 1.6003e+06 1.63152e+06
1.64127e+06 1.60032e+06 1.59725e+06
1.62383e+06 1.58877e+06 1.6288e+06
1.65784e+06 1.57446e+06 1.62578e+06
1.60882e+06 1.60458e+06 1.61864e+06
1.64396e+06 1.58284e+06 1.64508e+06
1.60742e+06 1.60424e+06 1.62158e+06
1.65857e+06 1.59142e+06 1.62389e+06
1.63815e+06 1.59541e+06 1.60552e+06
1.6019e+06 1.58487e+06 1.63274e+06
1.66074e+06 1.58625e+06 1.62125e+06
1.63287e+06 1.60056e+06 1.62611e+06
1.60153e+06 1.60819e+06 1.62137e+06
1.63454e+06 1.58776e+06 1.62456e+06
1.6336e+06 1.59359e+06 1.62126e+06
1.68756e+06 1.61082e+06 1.59731e+06
1.67128e+06 1.58305e+06 1.6483e+06
1.64574e+06 1.65028e+06 1.60982e+06
1.64523e+06 1.58563e+06 1.66634e+06
1.59892e+06 1.63309e+06 1.6531e+06
1.65589e+06 1.60064e+06 1.60228e+06
1.64764e+06 1.61348e+06 1.60911e+06
1.64022e+06 1.59892e+06 1.63106e+06
1.64393e+06 1.59541e+06 1.62045e+06
1.61341e+06 1.58818e+06 1.65427e+06
1.66078e+06 1.60017e+06 1.61313e+06
1.62093e+06 1.5877e+06 1.65656e+06
1.6044e+06 1.62718e+06 1.61793e+06
1.61976e+06 1.63104e+06 1.61248e+06
1.65106e+06 1.58681e+06 1.64e+06
1.6089e+06 1.59088e+06 1.63311e+06
1.62092e+06 1.62252e+06 1.61562e+06
1.62113e+06 1.61878e+06 1.61585e+06
1.66808e+06 1.59926e+06 1.61697e+06
1.63273e+06 1.58689e+06 1.6435e+06
1.62558e+06 1.61112e+06 1.61078e+06
1.60042e+06 1.60723e+06 1.6465e+06
1.6234e+06 1.60144e+06 1.61209e+06
1.62203e+06 1.60552e+06 1.61785e+06
1.63454e+06 1.59434e+06 1.6317e+06
1.60503e+06 1.60767e+06 1.63656e+06
1.63578e+06 1.59068e+06 1.6381e+06
1.60796e+06 1.59674e+06 1.63698e+06
1.60706e+06 1.5953e+06 1.64453e+06
1.64519e+06 1.59835e+06 1.61902e+06
1.6207e+06 1.59043e+06 1.63877e+06
1.60468e+06 1.60879e+06 1.64387e+06
1.63403e+06 1.60109e+06 1.63278e+06
1.62526e+06 1.58794e+06 1.64391e+06
1.69314e+06 1.61228e+06 1.59955e+06
1.65991e+06 1.59058e+06 1.64088e+06
1.61443e+06 1.64598e+06 1.61873e+06
1.60233e+06 1.6207e+06 1.65762e+06
1.60401e+06 1.62889e+06 1.64663e+06
1.67197e+06 1.60327e+06 1.60862e+06
1.63683e+06 1.59643e+06 1.63236e+06
1.64983e+06 1.6017e+06 1.62589e+06
1.63547e+06 1.62385e+06 1.61471e+06
1.67313e+06 1.591e+06 1.63364e+06
1.64688e+06 1.61816e+06 1.62386e+06
1.66123e+06 1.60472e+06 1.61506e+06
1.61866e+06 1.59198e+06 1.65203e+06
1.65417e+06 1.60755e+06 1.61872e+06
1.60702e+06 1.62258e+06 1.64627e+06
1.60506e+06 1.62794e+06 1.62358e+06
1.61996e+06 1.61148e+06 1.63427e+06
1.62817e+06 1.60341e+06 1.62391e+06
1.62677e+06 1.6194e+06 1.61805e+06
1.61634e+06 1.59342e+06 1.63434e+06
1.61721e+06 1.59179e+06 1.6566e+06
1.62418e+06 1.59201e+06 1.63969e+06
1.61409e+06 1.59558e+06 1.63693e+06
1.625e+06 1.6226e+06 1.62065e+06
1.61128e+06 1.6055e+06 1.63703e+06
1.61071e+06 1.60687e+06 1.64035e+06
1.68033e+06 1.60891e+06 1.61664e+06
1.64545e+06 1.59351e+06 1.66911e+06
1.63538e+06 1.63548e+06 1.62103e+06
1.60627e+06 1.63052e+06 1.63459e+06
1.61071e+06 1.60897e+06 1.65535e+06
1.65878e+06 1.6035e+06 1.6334e+06
1.6133e+06 1.61931e+06 1.64921e+06
1.62514e+06 1.62551e+06 1.62642e+06
1.6495e+06 1.61331e+06 1.62708e+06
1.64907e+06 1.624e+06 1.61689e+06
1.62756e+06 1.61997e+06 1.62187e+06
1.61442e+06 1.60948e+06 1.64564e+06
1.63934e+06 1.59715e+06 1.63925e+06
1.65008e+06 1.60863e+06 1.63238e+06
1.61935e+06 1.61244e+06 1.63498e+06
1.61654e+06 1.59377e+06 1.64242e+06
1.64091e+06 1.60739e+06 1.63247e+06
1.62185e+06 1.60014e+06 1.64024e+06
1.65316e+06 1.59688e+06 1.63691e+06
1.63006e+06 1.60415e+06 1.63823e+06
1.61849e+06 1.59489e+06 1.6408e+06
1.63304e+06 1.60561e+06 1.63654e+06
1.63314e+06 1.60015e+06 1.63476e+06
1.63206e+06 1.59352e+06 1.64811e+06
1.65488e+06 1.59421e+06 1.63677e+06
1.6232e+06 1.60784e+06 1.6386e+06
1.62765e+06 1.59394e+06 1.64071e+06
1.65485e+06 1.62448e+06 1.6252e+06
1.63972e+06 1.65505e+06 1.62136e+06
1.62622e+06 1.60004e+06 1.64693e+06
1.61852e+06 1.60299e+06 1.6678e+06
1.60946e+06 1.6455e+06 1.63625e+06
1.61373e+06 1.64001e+06 1.64697e+06
1.64449e+06 1.62009e+06 1.63089e+06
1.63413e+06 1.63142e+06 1.6268e+06
1.63818e+06 1.61314e+06 1.63842e+06
1.65178e+06 1.62884e+06 1.62436e+06
1.62401e+06 1.60099e+06 1.64217e+06
1.64178e+06 1.63946e+06 1.62152e+06
1.64241e+06 1.61537e+06 1.63321e+06
1.62979e+06 1.61658e+06 1.63912e+06
1.62895e+06 1.62553e+06 1.63675e+06
1.65211e+06 1.60297e+06 1.64001e+06
1.62638e+06 1.61738e+06 1.64098e+06
1.62402e+06 1.6304e+06 1.63738e+06
1.64209e+06 1.61431e+06 1.63536e+06
1.6272e+06 1.63136e+06 1.63702e+06
1.66933e+06 1.60655e+06 1.64601e+06
1.65339e+06 1.63595e+06 1.62502e+06
1.65004e+06 1.60012e+06 1.64792e+06
1.62817e+06 1.6132e+06 1.65919e+06
1.61707e+06 1.64598e+06 1.63728e+06
1.65298e+06 1.61544e+06 1.63374e+06
1.63793e+06 1.64187e+06 1.62751e+06
1.64122e+06 1.63016e+06 1.64089e+06
1.63604e+06 1.62329e+06 1.64284e+06
1.63644e+06 1.60237e+06 1.64945e+06
1.63215e+06 1.61539e+06 1.65771e+06
1.62666e+06 1.63546e+06 1.63964e+06
1.63896e+06 1.60703e+06 1.64384e+06
1.62454e+06 1.61354e+06 1.65807e+06
1.6404e+06 1.61418e+06 1.64116e+06
1.66741e+06 1.6182e+06 1.63728e+06
1.64158e+06 1.60397e+06 1.66134e+06
1.633e+06 1.61671e+06 1.66502e+06
1.62714e+06 1.63876e+06 1.642e+06
1.64626e+06 1.61738e+06 1.6446e+06
1.63654e+06 1.61002e+06 1.65878e+06
1.66208e+06 1.62771e+06 1.64035e+06
1.63084e+06 1.62006e+06 1.6592e+06
1.64232e+06 1.62676e+06 1.6415e+06
1.67184e+06 1.62498e+06 1.64757e+06
1.64469e+06 1.61796e+06 1.68506e+06
1.63803e+06 1.64788e+06 1.65906e+06
1.63232e+06 1.6229e+06 1.68006e+06
1.63342e+06 1.63975e+06 1.66755e+06
1.65023e+06 1.62391e+06 1.65503e+06
1.64769e+06 1.63246e+06 1.65164e+06
1.64271e+06 1.6211e+06 1.65943e+06
1.64648e+06 1.63867e+06 1.66682e+06
1.6379e+06 1.63016e+06 1.68147e+06
1.66544e+06 1.5508e+06 1.59202e+06
1.65324e+06 1.62386e+06 1.54366e+06
1.63458e+06 1.51098e+06 1.61739e+06
1.62548e+06 1.63326e+06 1.55762e+06
1.62378e+06 1.53497e+06 1.65385e+06
1.55119e+06 1.58739e+06 1.62914e+06
1.58528e+06 1.53692e+06 1.63707e+06
1.62378e+06 1.53497e+06 1.65385e+06
1.57716e+06 1.60067e+06 1.56041e+06
1.56574e+06 1.59468e+06 1.60388e+06
1.637e+06 1.55959e+06 1.58904e+06
1.62869e+06 1.52891e+06 1.62202e+06
1.61657e+06 1.55805e+06 1.59206e+06
1.65812e+06 1.55824e+06 1.58606e+06
1.57558e+06 1.56312e+06 1.62688e+06
1.61095e+06 1.54589e+06 1.60027e+06
1.56484e+06 1.61056e+06 1.58862e+06
1.58027e+06 1.57783e+06 1.61091e+06
1.63458e+06 1.51098e+06 1.61739e+06
1.60531e+06 1.5525e+06 1.61378e+06
1.60042e+06 1.54328e+06 1.61804e+06
1.5568e+06 1.58036e+06 1.60532e+06
1.60691e+06 1.5562e+06 1.60282e+06
1.6313e+06 1.54259e+06 1.60553e+06
1.62869e+06 1.52891e+06 1.62202e+06
1.62835e+06 1.57018e+06 1.56842e+06
1.65435e+06 1.568e+06 1.56742e+06
1.59695e+06 1.54151e+06 1.63048e+06
1.5817e+06 1.54668e+06 1.61578e+06
1.58441e+06 1.5634e+06 1.57438e+06
1.59406e+06 1.57583e+06 1.55787e+06
1.56399e+06 1.60919e+06 1.59106e+06
1.56399e+06 1.60919e+06 1.59106e+06
1.59406e+06 1.57583e+06 1.55787e+06
1.58325e+06 1.57189e+06 1.58087e+06
1.59695e+06 1.54151e+06 1.63048e+06
1.5568e+06 1.58036e+06 1.60532e+06
1.58325e+06 1.57189e+06 1.58087e+06
1.61151e+06 1.5685e+06 1.57259e+06
1.61353e+06 1.56172e+06 1.5771e+06
1.65435e+06 1.568e+06 1.56742e+06
1.61353e+06 1.56172e+06 1.5771e+06
1.61151e+06 1.5685e+06 1.57259e+06
1.63458e+06 1.51098e+06 1.61739e+06
1.61353e+06 1.56172e+06 1.5771e+06
1.63458e+06 1.51098e+06 1.61739e+06
1.62869e+06 1.52891e+06 1.62202e+06
1.61353e+06 1.56172e+06 1.5771e+06
1.5568e+06 1.58036e+06 1.60532e+06
1.5568e+06 1.58036e+06 1.60532e+06
1.67006e+06 1.54668e+06 1.61558e+06
1.63063e+06 1.52927e+06 1.65884e+06
1.61982e+06 1.62508e+06 1.56088e+06
1.582e+06 1.57216e+06 1.66226e+06
1.58173e+06 1.64534e+06 1.59964e+06
1.56043e+06 1.62774e+06 1.6512e+06
1.58602e+06 1.56773e+06 1.63256e+06
1.63562e+06 1.53837e+06 1.6421e+06
1.66061e+06 1.57075e+06 1.57464e+06
1.63617e+06 1.55622e+06 1.60912e+06
1.56812e+06 1.58948e+06 1.64599e+06
1.65325e+06 1.59866e+06 1.56648e+06
1.62404e+06 1.53555e+06 1.66057e+06
1.62856e+06 1.57966e+06 1.5861e+06
1.60216e+06 1.58823e+06 1.59434e+06
1.64316e+06 1.54539e+06 1.6218e+06
1.56724e+06 1.62632e+06 1.62631e+06
1.57856e+06 1.57447e+06 1.64043e+06
1.58479e+06 1.61237e+06 1.57342e+06
1.60853e+06 1.58039e+06 1.58239e+06
1.59405e+06 1.59079e+06 1.57956e+06
1.59814e+06 1.60831e+06 1.57663e+06
1.57373e+06 1.58756e+06 1.65236e+06
1.61518e+06 1.55004e+06 1.61421e+06
1.584e+06 1.61576e+06 1.57563e+06
1.56784e+06 1.5985e+06 1.64889e+06
1.57287e+06 1.60284e+06 1.61455e+06
1.61182e+06 1.57864e+06 1.60255e+06
1.65752e+06 1.5941e+06 1.56239e+06
1.61567e+06 1.60438e+06 1.56824e+06
1.59195e+06 1.58153e+06 1.60348e+06
1.57595e+06 1.57821e+06 1.63054e+06
1.64954e+06 1.56166e+06 1.60557e+06
1.60668e+06 1.58409e+06 1.60275e+06
1.66828e+06 1.55958e+06 1.5985e+06
1.6432e+06 1.54734e+06 1.62164e+06
1.5802e+06 1.60117e+06 1.61144e+06
1.61973e+06 1.56694e+06 1.60601e+06
1.59476e+06 1.55877e+06 1.63022e+06
1.584e+06 1.61576e+06 1.57563e+06
1.60808e+06 1.587e+06 1.59753e+06
1.59697e+06 1.57284e+06 1.60675e+06
1.6264e+06 1.59563e+06 1.56737e+06
1.62303e+06 1.5647e+06 1.59007e+06
1.60651e+06 1.6053e+06 1.57047e+06
1.57487e+06 1.59283e+06 1.61987e+06
1.61989e+06 1.56581e+06 1.60522e+06
1.60006e+06 1.5742e+06 1.60456e+06
1.65752e+06 1.5941e+06 1.56239e+06
1.58817e+06 1.60343e+06 1.6101e+06
1.61531e+06 1.59572e+06 1.56968e+06
1.62303e+06 1.5647e+06 1.59007e+06
1.61497e+06 1.5566e+06 1.6197e+06
1.63072e+06 1.59253e+06 1.57523e+06
1.59883e+06 1.55883e+06 1.61866e+06
1.58926e+06 1.5716e+06 1.62301e+06
1.64654e+06 1.56451e+06 1.60147e+06
1.64654e+06 1.56451e+06 1.60147e+06
1.63336e+06 1.60636e+06 1.56234e+06
1.5845e+06 1.57305e+06 1.62693e+06
1.62501e+06 1.59535e+06 1.5703e+06
1.58821e+06 1.5764e+06 1.60414e+06
1.62283e+06 1.56523e+06 1.61046e+06
1.60842e+06 1.54835e+06 1.6228e+06
1.61505e+06 1.5621e+06 1.61139e+06
1.64849e+06 1.55688e+06 1.60831e+06
1.66828e+06 1.55958e+06 1.5985e+06
1.63336e+06 1.60636e+06 1.56234e+06
1.60618e+06 1.55671e+06 1.62882e+06
1.58841e+06 1.59955e+06 1.60405e+06
1.59903e+06 1.62758e+06 1.56996e+06
1.58971e+06 1.57113e+06 1.62211e+06
1.66828e+06 1.55958e+06 1.5985e+06
1.58864e+06 1.58774e+06 1.60066e+06
1.64849e+06 1.55688e+06 1.60831e+06
1.582e+06 1.57216e+06 1.66226e+06
1.60431e+06 1.58722e+06 1.60104e+06
1.60431e+06 1.58722e+06 1.60104e+06
1.60808e+06 1.587e+06 1.59753e+06
1.59745e+06 1.56529e+06 1.61246e+06
1.57897e+06 1.59264e+06 1.62668e+06
1.60618e+06 1.55671e+06 1.62882e+06
1.63444e+06 1.56735e+06 1.57532e+06
1.5905e+06 1.57458e+06 1.6084e+06
1.5905e+06 1.57458e+06 1.6084e+06
1.59745e+06 1.56529e+06 1.61246e+06
1.64316e+06 1.54539e+06 1.6218e+06
1.5905e+06 1.57458e+06 1.6084e+06
1.63444e+06 1.56735e+06 1.57532e+06
1.59883e+06 1.55883e+06 1.61866e+06
1.58926e+06 1.5716e+06 1.62301e+06
1.62283e+06 1.56523e+06 1.61046e+06
1.59745e+06 1.56529e+06 1.61246e+06
1.60618e+06 1.55671e+06 1.62882e+06
1.60808e+06 1.587e+06 1.59753e+06
1.63072e+06 1.59253e+06 1.57523e+06
1.59883e+06 1.55883e+06 1.61866e+06
1.63336e+06 1.60636e+06 1.56234e+06
1.66828e+06 1.55958e+06 1.5985e+06
1.66828e+06 1.55958e+06 1.5985e+06
1.63336e+06 1.60636e+06 1.56234e+06
1.63072e+06 1.59253e+06 1.57523e+06
1.63072e+06 1.59253e+06 1.57523e+06
1.62303e+06 1.5647e+06 1.59007e+06
1.62283e+06 1.56523e+06 1.61046e+06
1.60808e+06 1.587e+06 1.59753e+06
1.60808e+06 1.587e+06 1.59753e+06
1.60808e+06 1.587e+06 1.59753e+06
1.60808e+06 1.587e+06 1.59753e+06
1.60808e+06 1.587e+06 1.59753e+06
1.60618e+06 1.55671e+06 1.62882e+06
1.59745e+06 1.56529e+06 1.61246e+06
1.59745e+06 1.56529e+06 1.61246e+06
1.67706e+06 1.61898e+06 1.56437e+06
1.66462e+06 1.5461e+06 1.66311e+06
1.62901e+06 1.55108e+06 1.67e+06
1.62403e+06 1.63554e+06 1.56101e+06
1.57871e+06 1.63912e+06 1.62421e+06
1.57374e+06 1.63251e+06 1.63473e+06
1.6704e+06 1.57212e+06 1.58971e+06
1.63764e+06 1.5715e+06 1.59556e+06
1.66462e+06 1.5461e+06 1.66311e+06
1.58939e+06 1.60946e+06 1.60377e+06
1.60697e+06 1.55687e+06 1.64801e+06
1.57931e+06 1.63242e+06 1.63992e+06
1.64901e+06 1.55753e+06 1.62436e+06
1.61686e+06 1.59913e+06 1.57749e+06
1.65665e+06 1.55036e+06 1.61531e+06
1.6123e+06 1.61501e+06 1.5723e+06
1.58148e+06 1.62302e+06 1.61564e+06
1.61401e+06 1.55631e+06 1.65361e+06
1.63473e+06 1.5975e+06 1.5701e+06
1.57815e+06 1.59282e+06 1.64275e+06
1.58883e+06 1.5791e+06 1.62696e+06
1.64479e+06 1.60794e+06 1.56782e+06
1.62042e+06 1.56719e+06 1.60547e+06
1.59105e+06 1.59313e+06 1.62098e+06
1.59553e+06 1.60325e+06 1.61243e+06
1.60117e+06 1.59144e+06 1.58245e+06
1.58449e+06 1.57677e+06 1.65112e+06
1.60409e+06 1.56142e+06 1.63487e+06
1.59992e+06 1.63751e+06 1.57524e+06
1.58693e+06 1.61741e+06 1.58221e+06
1.64543e+06 1.55354e+06 1.63709e+06
1.61887e+06 1.5805e+06 1.58559e+06
1.60454e+06 1.57416e+06 1.60764e+06
1.59387e+06 1.58798e+06 1.62499e+06
1.65787e+06 1.55742e+06 1.61223e+06
1.58293e+06 1.57839e+06 1.64126e+06
1.58985e+06 1.59908e+06 1.61625e+06
1.59075e+06 1.58652e+06 1.6253e+06
1.62163e+06 1.55429e+06 1.63795e+06
1.58686e+06 1.62239e+06 1.58477e+06
1.6308e+06 1.56278e+06 1.61254e+06
1.59876e+06 1.59503e+06 1.60848e+06
1.6224e+06 1.56553e+06 1.61189e+06
1.6436e+06 1.57624e+06 1.58441e+06
1.61215e+06 1.58133e+06 1.59515e+06
1.59782e+06 1.56609e+06 1.61439e+06
1.59517e+06 1.6081e+06 1.60914e+06
1.63299e+06 1.58308e+06 1.58514e+06
1.61215e+06 1.58133e+06 1.59515e+06
1.6436e+06 1.57624e+06 1.58441e+06
1.59692e+06 1.59396e+06 1.61602e+06
1.6291e+06 1.56436e+06 1.61278e+06
1.59444e+06 1.58145e+06 1.62625e+06
1.61401e+06 1.55631e+06 1.65361e+06
1.63299e+06 1.58308e+06 1.58514e+06
1.6291e+06 1.56436e+06 1.61278e+06
1.66462e+06 1.5461e+06 1.66311e+06
1.67164e+06 1.57266e+06 1.59468e+06
1.66136e+06 1.56051e+06 1.62697e+06
1.65949e+06 1.63637e+06 1.56991e+06
1.59086e+06 1.59179e+06 1.67653e+06
1.5856e+06 1.65475e+06 1.61754e+06
1.58475e+06 1.59502e+06 1.65828e+06
1.642e+06 1.58813e+06 1.60057e+06
1.60457e+06 1.56727e+06 1.64126e+06
1.62035e+06 1.61639e+06 1.5771e+06
1.62594e+06 1.56986e+06 1.61842e+06
1.5952e+06 1.6233e+06 1.6225e+06
1.5856e+06 1.65475e+06 1.61754e+06
1.64916e+06 1.56062e+06 1.629e+06
1.67007e+06 1.59069e+06 1.58806e+06
1.64408e+06 1.57027e+06 1.60772e+06
1.64323e+06 1.576e+06 1.61069e+06
1.60102e+06 1.61151e+06 1.62432e+06
1.58894e+06 1.60633e+06 1.63961e+06
1.65461e+06 1.5785e+06 1.5924e+06
1.59354e+06 1.59744e+06 1.63404e+06
1.61489e+06 1.58808e+06 1.60902e+06
1.60622e+06 1.58085e+06 1.62578e+06
1.59902e+06 1.59537e+06 1.63647e+06
1.60836e+06 1.6074e+06 1.58355e+06
1.61705e+06 1.58491e+06 1.61848e+06
1.59635e+06 1.61753e+06 1.62034e+06
1.61891e+06 1.60008e+06 1.58837e+06
1.64834e+06 1.60649e+06 1.5838e+06
1.60888e+06 1.589e+06 1.60866e+06
1.65722e+06 1.56058e+06 1.63271e+06
1.6255e+06 1.5886e+06 1.58864e+06
1.59532e+06 1.62192e+06 1.59118e+06
1.60811e+06 1.57292e+06 1.6209e+06
1.60283e+06 1.59149e+06 1.6393e+06
1.64208e+06 1.58646e+06 1.59323e+06
1.6082e+06 1.56754e+06 1.62739e+06
1.60181e+06 1.59168e+06 1.59072e+06
1.61904e+06 1.5788e+06 1.62078e+06
1.5856e+06 1.65475e+06 1.61754e+06
1.67109e+06 1.58727e+06 1.61863e+06
1.63937e+06 1.61858e+06 1.58344e+06
1.62971e+06 1.5673e+06 1.64636e+06
1.59622e+06 1.63245e+06 1.6305e+06
1.59233e+06 1.61223e+06 1.682e+06
1.64145e+06 1.57161e+06 1.6192e+06
1.59925e+06 1.61024e+06 1.66103e+06
1.66838e+06 1.56992e+06 1.63066e+06
1.60994e+06 1.58654e+06 1.64657e+06
1.61799e+06 1.57736e+06 1.6306e+06
1.59569e+06 1.6243e+06 1.63619e+06
1.59786e+06 1.59483e+06 1.67963e+06
1.59942e+06 1.62774e+06 1.60163e+06
1.60508e+06 1.5979e+06 1.60682e+06
1.63335e+06 1.59112e+06 1.59003e+06
1.61045e+06 1.60487e+06 1.59956e+06
1.61514e+06 1.58884e+06 1.63237e+06
1.62264e+06 1.60046e+06 1.59995e+06
1.60876e+06 1.6107e+06 1.58519e+06
1.60377e+06 1.61179e+06 1.62424e+06
1.64006e+06 1.59015e+06 1.5935e+06
1.59747e+06 1.62192e+06 1.62728e+06
1.62664e+06 1.59137e+06 1.60655e+06
1.61946e+06 1.59283e+06 1.61111e+06
1.62136e+06 1.60351e+06 1.60552e+06
1.61715e+06 1.59522e+06 1.61492e+06
1.6329e+06 1.61033e+06 1.5995e+06
1.61971e+06 1.59273e+06 1.61578e+06
1.61601e+06 1.56899e+06 1.63092e+06
1.60947e+06 1.59393e+06 1.62864e+06
1.59936e+06 1.62341e+06 1.60455e+06
1.62225e+06 1.58995e+06 1.62186e+06
1.62242e+06 1.58974e+06 1.62272e+06
1.67517e+06 1.59149e+06 1.60208e+06
1.64045e+06 1.61647e+06 1.58848e+06
1.64035e+06 1.57072e+06 1.65789e+06
1.59717e+06 1.63513e+06 1.66951e+06
1.5962e+06 1.63982e+06 1.64444e+06
1.66922e+06 1.59045e+06 1.60548e+06
1.658e+06 1.5709e+06 1.63887e+06
1.64984e+06 1.5803e+06 1.62614e+06
1.60261e+06 1.63045e+06 1.63657e+06
1.61014e+06 1.62243e+06 1.59909e+06
1.61169e+06 1.6357e+06 1.59816e+06
1.60871e+06 1.59871e+06 1.65028e+06
1.61888e+06 1.60716e+06 1.61489e+06
1.61958e+06 1.61115e+06 1.5908e+06
1.63166e+06 1.59782e+06 1.6103e+06
1.65477e+06 1.57322e+06 1.64043e+06
1.62593e+06 1.58443e+06 1.63973e+06
1.61697e+06 1.60209e+06 1.63206e+06
1.64019e+06 1.58014e+06 1.63329e+06
1.6355e+06 1.57484e+06 1.63425e+06
1.62323e+06 1.58895e+06 1.63813e+06
1.60409e+06 1.62858e+06 1.61973e+06
1.63368e+06 1.59371e+06 1.60664e+06
1.61841e+06 1.60121e+06 1.62688e+06
1.61081e+06 1.61442e+06 1.60345e+06
1.61916e+06 1.58724e+06 1.64713e+06
1.65442e+06 1.59693e+06 1.59036e+06
1.60938e+06 1.6281e+06 1.60644e+06
1.63605e+06 1.59824e+06 1.59971e+06
1.61109e+06 1.61027e+06 1.61632e+06
1.61478e+06 1.60394e+06 1.61748e+06
1.60684e+06 1.60465e+06 1.62216e+06
1.61963e+06 1.60388e+06 1.62502e+06
1.65096e+06 1.57472e+06 1.62245e+06
1.62628e+06 1.59997e+06 1.62291e+06
1.62864e+06 1.5945e+06 1.63278e+06
1.61336e+06 1.59488e+06 1.63835e+06
1.62742e+06 1.59027e+06 1.63645e+06
1.60904e+06 1.60345e+06 1.6465e+06
1.60756e+06 1.61617e+06 1.62199e+06
1.61178e+06 1.61584e+06 1.59941e+06
1.63174e+06 1.58016e+06 1.64447e+06
1.66914e+06 1.58982e+06 1.62256e+06
1.66365e+06 1.57829e+06 1.64595e+06
1.65688e+06 1.60179e+06 1.59412e+06
1.63079e+06 1.64595e+06 1.59423e+06
1.62816e+06 1.58863e+06 1.67459e+06
1.60508e+06 1.63508e+06 1.64493e+06
1.61864e+06 1.59491e+06 1.66692e+06
1.62051e+06 1.59579e+06 1.65587e+06
1.64068e+06 1.58287e+06 1.64002e+06
1.65751e+06 1.58497e+06 1.63324e+06
1.64913e+06 1.6098e+06 1.60262e+06
1.61126e+06 1.63712e+06 1.62095e+06
1.60784e+06 1.62092e+06 1.6358e+06
1.61122e+06 1.60569e+06 1.67442e+06
1.63076e+06 1.63074e+06 1.59895e+06
1.63188e+06 1.58949e+06 1.65078e+06
1.65507e+06 1.58789e+06 1.62923e+06
1.63509e+06 1.62627e+06 1.5963e+06
1.62396e+06 1.61725e+06 1.61307e+06
1.62295e+06 1.64373e+06 1.59672e+06
1.61536e+06 1.61948e+06 1.60328e+06
1.62657e+06 1.6139e+06 1.60828e+06
1.62207e+06 1.63415e+06 1.60013e+06
1.6358e+06 1.60432e+06 1.62611e+06
1.6388e+06 1.59844e+06 1.60846e+06
1.65516e+06 1.58006e+06 1.63528e+06
1.64947e+06 1.58826e+06 1.6377e+06
1.63696e+06 1.59082e+06 1.6371e+06
1.61903e+06 1.61052e+06 1.61803e+06
1.62796e+06 1.61789e+06 1.60408e+06
1.63128e+06 1.61309e+06 1.61195e+06
1.63492e+06 1.61218e+06 1.59634e+06
1.63965e+06 1.59832e+06 1.60364e+06
1.62337e+06 1.6013e+06 1.64534e+06
1.61931e+06 1.61039e+06 1.61869e+06
1.62714e+06 1.59045e+06 1.63903e+06
1.61124e+06 1.60528e+06 1.62395e+06
1.63661e+06 1.59842e+06 1.62841e+06
1.69382e+06 1.5942e+06 1.62564e+06
1.66913e+06 1.57922e+06 1.68205e+06
1.65129e+06 1.63104e+06 1.59637e+06
1.61051e+06 1.64718e+06 1.65556e+06
1.65566e+06 1.5854e+06 1.63616e+06
1.64758e+06 1.59052e+06 1.67013e+06
1.61971e+06 1.64004e+06 1.60908e+06
1.6926e+06 1.60797e+06 1.60132e+06
1.68372e+06 1.61139e+06 1.5966e+06
1.68216e+06 1.59726e+06 1.63457e+06
1.63e+06 1.63148e+06 1.60448e+06
1.63252e+06 1.59616e+06 1.66484e+06
1.62648e+06 1.59773e+06 1.65833e+06
1.64579e+06 1.61672e+06 1.61414e+06
1.62697e+06 1.60394e+06 1.64822e+06
1.63187e+06 1.61345e+06 1.62117e+06
1.63492e+06 1.59635e+06 1.6442e+06
1.6286e+06 1.6296e+06 1.60668e+06
1.62208e+06 1.63022e+06 1.61752e+06
1.61713e+06 1.60839e+06 1.63632e+06
1.61668e+06 1.62568e+06 1.61782e+06
1.63271e+06 1.62145e+06 1.61504e+06
1.61206e+06 1.62355e+06 1.63043e+06
1.61507e+06 1.61772e+06 1.62902e+06
1.63079e+06 1.60346e+06 1.63995e+06
1.65085e+06 1.59677e+06 1.63891e+06
1.64244e+06 1.617e+06 1.61859e+06
1.64048e+06 1.61872e+06 1.61986e+06
1.61701e+06 1.60551e+06 1.65805e+06
1.63786e+06 1.61277e+06 1.62942e+06
1.64081e+06 1.60233e+06 1.62722e+06
1.63037e+06 1.60475e+06 1.64626e+06
1.63799e+06 1.6011e+06 1.63046e+06
1.62066e+06 1.60804e+06 1.63131e+06
1.64744e+06 1.59958e+06 1.60781e+06
1.62902e+06 1.6216e+06 1.62708e+06
1.64611e+06 1.62438e+06 1.60834e+06
1.64046e+06 1.60003e+06 1.63124e+06
1.69914e+06 1.58571e+06 1.6504e+06
1.65856e+06 1.63416e+06 1.59864e+06
1.61579e+06 1.66052e+06 1.63174e+06
1.61275e+06 1.62805e+06 1.66349e+06
1.64042e+06 1.64292e+06 1.60861e+06
1.67117e+06 1.60024e+06 1.63683e+06
1.66166e+06 1.59412e+06 1.65847e+06
1.63484e+06 1.63377e+06 1.61727e+06
1.63613e+06 1.62066e+06 1.62796e+06
1.65246e+06 1.60057e+06 1.62133e+06
1.66845e+06 1.60348e+06 1.6116e+06
1.61661e+06 1.62239e+06 1.6445e+06
1.66951e+06 1.58811e+06 1.65768e+06
1.62439e+06 1.60907e+06 1.63536e+06
1.6209e+06 1.61476e+06 1.64154e+06
1.63175e+06 1.64275e+06 1.62124e+06
1.64972e+06 1.60438e+06 1.60997e+06
1.64232e+06 1.61334e+06 1.62966e+06
1.61463e+06 1.62501e+06 1.65433e+06
1.61374e+06 1.63686e+06 1.63685e+06
1.62843e+06 1.60632e+06 1.65306e+06
1.64026e+06 1.60505e+06 1.64051e+06
1.63109e+06 1.59935e+06 1.65843e+06
1.62137e+06 1.61242e+06 1.63158e+06
1.61852e+06 1.63596e+06 1.62868e+06
1.65931e+06 1.60053e+06 1.63466e+06
1.64049e+06 1.60357e+06 1.65254e+06
1.66825e+06 1.607e+06 1.61585e+06
1.65845e+06 1.61662e+06 1.61529e+06
1.65582e+06 1.60125e+06 1.62791e+06
1.64135e+06 1.66216e+06 1.6219e+06
1.63464e+06 1.60895e+06 1.69898e+06
1.61435e+06 1.63774e+06 1.63695e+06
1.61765e+06 1.63293e+06 1.65692e+06
1.65781e+06 1.6548e+06 1.61942e+06
1.64097e+06 1.63909e+06 1.62622e+06
1.64904e+06 1.61009e+06 1.6405e+06
1.62155e+06 1.61408e+06 1.63204e+06
1.63238e+06 1.61364e+06 1.64975e+06
1.62854e+06 1.60917e+06 1.6538e+06
1.65397e+06 1.6081e+06 1.63974e+06
1.637e+06 1.60798e+06 1.65565e+06
1.68536e+06 1.61894e+06 1.63644e+06
1.67888e+06 1.62073e+06 1.61633e+06
1.63952e+06 1.60839e+06 1.67585e+06
1.6212e+06 1.64226e+06 1.68994e+06
1.65561e+06 1.63359e+06 1.63214e+06
1.64559e+06 1.60872e+06 1.6586e+06
1.64351e+06 1.63998e+06 1.62838e+06
1.66922e+06 1.61955e+06 1.62938e+06
1.62837e+06 1.62643e+06 1.63708e+06
1.66222e+06 1.6116e+06 1.64266e+06
1.6444e+06 1.63868e+06 1.63371e+06
1.63364e+06 1.61933e+06 1.64797e+06
1.65256e+06 1.61196e+06 1.64516e+06
1.62404e+06 1.6242e+06 1.65444e+06
1.65014e+06 1.61626e+06 1.64276e+06
1.62729e+06 1.61698e+06 1.65428e+06
1.66103e+06 1.62494e+06 1.63049e+06
1.6378e+06 1.62096e+06 1.63825e+06
1.63034e+06 1.62217e+06 1.63794e+06
1.64882e+06 1.62206e+06 1.63501e+06
1.6526e+06 1.61669e+06 1.63688e+06
1.69196e+06 1.61709e+06 1.63894e+06
1.68552e+06 1.61644e+06 1.64551e+06
1.66098e+06 1.65769e+06 1.63583e+06
1.65244e+06 1.62187e+06 1.659e+06
1.62945e+06 1.64278e+06 1.64734e+06
1.6347e+06 1.63844e+06 1.64353e+06
1.64534e+06 1.63446e+06 1.63954e+06
1.64588e+06 1.62367e+06 1.64031e+06
1.68116e+06 1.62867e+06 1.64327e+06
1.65151e+06 1.63778e+06 1.66363e+06
1.64571e+06 1.64953e+06 1.63958e+06
