3975 95.0282
273041 221799 170843 192794
255959 184839 216993 242433
249584 221358 160102 209680
237628 273892 181693 191308
234516 248796 233699 179224
219975 205243 246544 224273
207629 229334 200323 251250
201778 241491 211395 215938
228000 260659 195591 195988
237628 273892 181693 191308
245276 230465 163176 225941
245213 247568 246180 179976
219838 234713 240830 184215
267021 218776 174806 196462
232977 192249 216505 246593
246215 187974 203798 231082
204328 211419 235759 224414
268638 219252 170256 200498
242127 215932 242006 191099
264959 224435 179652 187251
203716 233295 226075 207429
263230 221813 172982 192539
213899 208047 228410 249707
210011 249908 220610 196156
205913 228958 230055 205321
209453 225354 201825 218326
223596 227086 244187 190279
250043 186614 234116 237243
253091 208898 174165 199191
221683 203965 208709 233146
258370 192319 191423 245895
211022 213328 228754 213363
227480 242036 210063 192212
225431 246016 238661 181256
248437 243818 239753 180555
242531 232858 164251 209161
218564 204196 245124 237787
218168 243930 205227 196274
218345 209996 207332 248897
246609 186995 219521 240411
207354 224980 221784 209954
225179 211951 193378 223293
244823 222825 234453 186534
234928 237395 215574 188520
230331 204636 237157 211523
271856 212854 168339 209142
250795 237137 166609 197538
230821 250922 188763 198836
257741 229682 182904 189108
269985 211661 175154 194063
237841 189705 214313 227340
208575 220317 220247 206164
206515 234770 223351 210852
205422 234693 213077 216669
236020 217432 243497 191328
232615 212702 184195 232243
221869 258744 189935 207738
236855 190111 208395 225255
255959 184839 216993 242433
211801 217796 202984 235680
222836 238027 218450 187999
238241 196927 188510 229937
208925 250350 221117 197128
212935 219235 222098 203573
231813 191443 217527 224137
206675 225428 210750 230021
212226 255095 203593 204303
205627 240133 230428 207116
263056 198361 211993 196936
236487 207171 174388 231372
251041 225878 161582 204740
240906 191389 205745 237265
239529 223882 171822 209460
215677 240134 190728 233802
244072 223120 165981 221945
220873 199439 237858 236413
227721 246986 238867 180261
229510 214978 233180 195214
216881 241753 206752 199618
254851 226170 160658 203357
229844 259240 190971 189992
228698 218650 234920 195835
259359 187572 212762 239928
270691 223989 183285 187236
269211 220659 170233 199438
253637 206902 195812 183333
224421 196291 199409 244962
201778 241491 211395 215938
247574 213165 165696 202110
243164 227383 165211 208335
202833 219961 225371 223847
251937 201204 188085 216791
247228 203165 202363 201284
244130 206577 184614 220614
222543 215434 187475 229370
241856 220773 171319 203952
224541 237850 219819 185170
229960 201795 181929 250495
229039 236495 183036 212085
217777 217787 236606 194383
234516 248796 233699 179224
239993 192800 196590 213027
241502 216371 178587 211250
255104 195488 200626 197977
259845 206832 169849 202887
224313 257404 192392 205822
228529 250668 215042 185835
214777 242370 192768 204513
231186 242761 216616 183096
244346 218924 227571 189482
226766 195805 224252 234722
259527 228310 177498 193689
261508 229155 186215 186146
215494 220157 188856 239733
227638 232306 239703 185491
254553 217989 178041 195510
237269 194234 203300 213274
271268 202130 186584 202681
225267 215605 231686 198668
224196 197322 208095 238840
232272 205285 179319 238158
219520 205973 200430 228597
219037 243051 217784 189334
223618 232081 226695 188370
257384 196282 212523 197158
265961 203675 182108 212472
226495 226258 183403 215432
234965 239463 180118 212390
244426 207805 178326 198529
228089 207352 189525 240799
265519 215024 176893 189880
217534 236229 186465 219312
231112 194387 197531 230496
248169 197867 196060 209344
235139 205369 184805 226574
225944 201261 194821 242061
215601 217535 207213 222470
214361 209385 218096 227857
210749 227889 203518 208724
228037 245225 184651 199991
256485 190823 206429 215507
218688 244791 180756 227079
213442 235004 198391 210320
239634 234375 165112 206520
237819 231082 168470 213643
229798 211285 177280 241288
246033 203405 179061 219046
220515 219562 238448 192990
238969 210284 176542 218565
238489 203999 184991 217962
223904 240892 169033 209666
246499 204632 173810 210453
240129 194636 193889 213989
260849 221886 188922 184982
223224 219000 172487 227101
273041 221799 170843 192794
202833 219961 225371 223847
232797 210421 177916 236954
230213 200257 190510 214718
235121 199601 213733 205505
253500 192676 193226 222124
250902 224500 167719 197816
261092 216284 175381 193146
266043 221377 187162 188043
245743 201841 185117 228176
212315 233554 194258 226016
221809 229730 181985 243406
251417 202298 200523 202553
212423 238986 202812 204927
223902 235271 231326 182132
235714 195249 196118 229210
230149 199771 194639 244241
256618 204055 176158 201063
214640 212452 208118 248904
228854 231450 222858 189914
248755 189786 205566 224194
261942 214218 180666 189396
254216 204395 181120 210250
217087 246607 207357 185890
219281 214901 191798 217189
226509 202565 214524 214314
245930 192228 194965 220366
227117 194771 202594 243280
233645 231588 169696 228081
228000 260659 195591 195988
229316 225793 211214 193477
220418 209935 199880 238719
214000 238717 194502 216805
234143 235714 176706 214262
262683 218868 180447 191379
243023 222197 169223 223613
258752 212598 175700 198005
221342 207259 193853 244305
223902 235271 231326 182132
233815 202490 183895 227449
249454 209297 175995 202726
223999 200705 199250 244697
228029 253699 187989 194824
235939 216931 174951 233496
226154 213780 190206 211172
262798 227698 181617 184959
244915 220928 170601 208868
222208 211198 196868 233564
243617 193513 207347 205976
225469 205303 198791 235087
217687 214433 192402 246231
259823 209631 189211 194583
242820 224150 180451 201759
247405 213018 189619 187897
227093 234159 181189 220099
232562 199099 199256 206851
243738 190089 197132 224701
233218 206873 185590 216304
239016 195343 196400 226922
225973 197480 207510 234797
247015 224109 161509 207730
212226 255095 203593 204303
258953 190787 197085 231169
223349 252338 200078 197963
216198 215800 191917 223669
256997 198725 187300 206491
242230 215613 177113 214927
228029 253699 187989 194824
226766 195805 224252 234722
255800 222144 181365 190158
229433 210831 185895 228997
240983 195459 192668 236432
231282 198694 197180 221520
229549 208405 187121 231149
224036 214047 188839 221424
236771 235906 167309 219890
223349 252338 200078 197963
224313 257404 192392 205822
220211 224351 192135 215527
243503 217448 175043 217350
216057 238971 226572 191135
229986 205730 194383 230845
250341 204499 177942 216322
246809 222100 167176 203394
233720 203730 190182 191964
220893 212487 198211 228984
227120 228068 181703 220325
225742 201049 197930 235453
225742 201049 197930 235453
233104 225405 187299 219806
262733 198631 189997 213833
262733 198631 189997 213833
233104 225405 187299 219806
277809 223464 192867 208970
254985 234531 174535 214290
251054 206393 197325 227350
249448 212285 200898 205117
246428 208293 222594 225796
234676 251515 191420 223442
228627 218045 194355 248302
227534 231174 204987 230430
247796 228704 213250 221226
262914 220577 188090 209633
233542 239330 204710 224238
239574 210676 186494 234999
235889 227185 192150 246133
266833 215804 187117 224424
231343 212741 203143 235833
243014 230703 189861 216798
250770 225626 189785 234636
248065 235594 203072 215571
234698 233654 195477 231176
230243 235434 196386 228283
254139 213494 192736 215986
250798 219565 197926 225320
234835 231926 204282 222675
237112 228341 204425 230630
241499 221771 193098 224493
241641 214388 204547 224883
240603 222903 197201 230521
278317 219304 201110 230764
262074 242727 211720 207155
260398 212640 207949 237415
256148 249463 204623 218755
249993 219302 191624 241696
248869 225365 209674 250663
246392 235286 224856 233836
234568 245021 206896 226944
268947 221184 200491 213503
250341 226472 221576 222392
256876 223073 206958 210586
236731 224548 216034 242569
249910 216359 210572 238001
257838 239428 194220 239903
264267 246377 203977 217841
243505 229407 218544 239099
252579 218328 206164 244975
248711 229053 212503 225500
251240 224256 215639 227671
264535 230090 198896 219177
240017 238508 207692 243806
243224 236586 197838 229738
253755 230323 208539 216058
254619 219791 201514 225126
252373 226016 223314 218667
250595 233395 206044 228571
246790 231417 205119 235061
248149 241788 203747 224294
242142 242807 199029 239283
261160 240021 202722 218983
243022 227828 203783 239953
244101 232159 207911 235935
239859 240697 206247 228923
245136 235729 204331 231841
256006 235607 196698 220257
242081 240698 203734 243617
250977 217894 208745 236868
264441 224354 196105 233783
253747 225810 211443 220853
257531 219178 206782 231712
247166 236279 206832 227375
269889 232878 208180 225354
264367 240889 194194 243739
262160 235302 209817 214063
256002 236665 231114 226111
254121 248030 199274 244692
252495 221096 214873 242667
251833 230428 205375 252262
243833 238057 200004 232320
252719 234348 230600 241156
255502 228519 217180 229405
247998 237939 207010 227513
258085 245741 201957 220328
260234 231981 205167 234898
266198 225062 200365 234215
259339 242872 206289 231889
260913 227766 217048 221698
256438 231930 196382 243082
261503 239162 216181 223028
257498 239610 211371 216398
265319 234957 209543 217956
261103 236159 214418 228450
256134 229135 204507 246944
255660 229144 208721 249971
258078 229088 211558 248470
267803 231080 199766 226614
264062 233585 210515 231234
264534 221783 201640 226407
267101 241591 200617 227175
259117 233549 215347 229671
257601 223490 217109 226200
254930 234604 210583 233071
254987 241530 207353 225646
281994 235783 202130 234697
281022 223522 225078 238129
270916 245820 220670 218042
269089 228371 232276 232188
262382 234069 200124 248797
259469 256172 211675 229671
252426 238486 217007 262234
247899 246436 209759 237140
257740 239698 216055 254432
261513 249776 203301 222449
277711 243140 200163 227422
271608 230730 204899 230500
253385 244325 227382 235197
256466 249482 204827 240226
259357 231977 228767 241039
279047 235021 225565 218494
263324 238475 202154 247873
263038 243397 205024 243171
267512 224349 205674 234884
269911 238674 222788 227109
262939 237554 215409 236824
280981 223936 218041 241351
264102 239625 222050 221284
269859 241812 203419 239972
261962 245889 208119 229959
264841 237163 208830 235486
271153 235269 205717 229539
265751 235182 210807 228269
267646 234669 210757 230766
260294 241135 216955 236623
270325 231929 224169 228145
261076 239639 216119 221172
264678 224157 218357 237560
259635 234225 223592 235735
260618 240004 216970 238874
262671 235196 219956 227650
281809 239023 217885 229437
277488 253941 214220 222983
272925 254287 204371 229160
271158 245087 238730 227046
264965 224395 221795 248099
264101 250109 214539 249469
248347 247329 229173 240813
261692 242571 216756 244813
254390 250695 215646 239049
261768 240432 237338 231548
273812 235793 212394 232827
271984 228785 211898 237080
263775 243619 226721 236668
261849 246218 220684 224053
270501 232441 207423 238541
276930 231265 208834 243200
269729 229229 222910 241909
269156 251762 206725 225500
268452 230383 216487 236274
274724 238117 216293 229531
267836 245195 215885 231014
271951 250728 206407 243311
265745 250345 214791 231237
264923 239464 222101 242668
269055 236561 215573 236536
263777 248790 216039 236502
272355 238992 212341 231548
280555 255785 214165 227735
278266 242705 218082 254440
270251 230330 236340 248368
253050 259276 237795 243404
256431 251912 224441 239890
267146 256981 215262 249142
279183 237473 219712 235691
280421 233483 232815 252718
271530 248393 221653 247619
279420 235865 228829 237461
276604 250397 222646 240700
274486 236391 223429 237194
282460 249071 229041 245511
273041 221799 170843 192794
255959 184839 216993 242433
249584 221358 160102 209680
245213 247568 246180 179976
237628 273892 181693 191308
234516 248796 233699 179224
207629 229334 200323 251250
201778 241491 211395 215938
228000 260659 195591 195988
237628 273892 181693 191308
258370 192319 191423 245895
213899 208047 228410 249707
250043 186614 234116 237243
211801 217796 202984 235680
231186 242761 216616 183096
229261 191793 210115 229954
212226 255095 203593 204303
219838 234713 240830 184215
221342 207259 193853 244305
246609 186995 219521 240411
218564 204196 245124 237787
222836 238027 218450 187999
234080 195186 196390 231725
224313 257404 192392 205822
223349 252338 200078 197963
205422 234693 213077 216669
244613 188857 224797 232720
223406 197058 197023 233896
267021 218776 174806 196462
217777 217787 236606 194383
246308 190188 220052 241475
223596 227086 244187 190279
247790 215166 164385 206869
255959 184839 216993 242433
268638 219252 170256 200498
237889 193069 204246 227457
234665 193518 189301 225357
248437 243818 239753 180555
220515 219562 238448 192990
223244 241219 229164 184425
239610 209140 174317 239095
261019 221216 176791 195234
247574 213165 165696 202110
229505 218502 232205 186813
256485 190823 206429 215507
269751 224261 172161 190505
231856 195312 207287 243033
263579 226609 173587 194784
240561 199001 230703 217504
207354 224980 221784 209954
204328 211419 235759 224414
203716 233295 226075 207429
202833 219961 225371 223847
226509 202565 214524 214314
242127 215932 242006 191099
230331 204636 237157 211523
257304 201443 184369 215518
270513 211763 185350 192450
206644 216751 215448 220397
230821 250922 188763 198836
214066 218155 227393 196886
262683 218868 180447 191379
248959 212146 171661 220277
225431 246016 238661 181256
255471 219816 191574 187002
273041 221799 170843 192794
245276 230465 163176 225941
235781 195076 207915 220772
245337 187827 224711 237858
219037 243051 217784 189334
245496 199131 209188 218975
233645 231588 169696 228081
228029 253699 187989 194824
232016 223042 199052 207434
216881 241753 206752 199618
208024 245649 225684 199178
228037 245225 184651 199991
257384 196282 212523 197158
221974 239457 182146 222243
227721 246986 238867 180261
214722 217226 214376 205716
229844 259240 190971 189992
225908 231885 210802 197506
246052 203901 194197 201038
255004 189699 220766 232047
215494 220157 188856 239733
228854 231450 222858 189914
234928 237395 215574 188520
266508 200017 183398 214036
251041 225878 161582 204740
210011 249908 220610 196156
259527 228310 177498 193689
236273 203689 223722 206324
271268 202130 186584 202681
269211 220659 170233 199438
251605 216971 170912 201514
235497 236845 178460 213139
235281 214339 242248 195160
252512 206255 181177 202237
224991 247728 175452 222058
208925 250350 221117 197128
242692 229532 204768 197671
264614 208922 183956 193526
247301 203074 188028 193855
244823 222825 234453 186534
209569 235654 203890 218074
250795 237137 166609 197538
224541 237850 219819 185170
259359 187572 212762 239928
234909 195706 211682 223475
244103 205307 187471 224727
217087 246607 207357 185890
254851 226170 160658 203357
237819 231082 168470 213643
209453 225354 201825 218326
236771 235906 167309 219890
248622 205998 173204 218448
205913 228958 230055 205321
205062 213765 233986 214782
241011 248871 176546 190026
227454 197441 193250 228624
217368 240649 207497 195988
213442 235004 198391 210320
221766 239397 240263 186267
240360 227594 163801 198602
239878 225372 168763 206600
265814 217946 175170 192641
227638 232306 239703 185491
229356 216390 180512 238283
216057 238971 226572 191135
261673 223513 172299 195624
252021 202820 183510 203793
253365 206877 185930 195809
236389 226310 179356 217464
221869 258744 189935 207738
223902 235271 231326 182132
243549 209926 194652 203302
201778 241491 211395 215938
232755 200932 189836 214604
265304 221197 174906 192204
238998 213652 181343 221697
203222 234233 220429 209761
228776 232961 228482 181321
241373 210879 194670 204931
213899 208047 228410 249707
223902 235271 231326 182132
252647 223270 162295 207160
229145 219673 187889 233512
237616 244573 186393 208827
261942 214218 180666 189396
245581 224005 162860 206924
243023 222197 169223 223613
271268 202130 186584 202681
233150 221489 180623 226616
231344 233901 175522 222786
210339 232255 212316 192218
240092 200714 217616 212081
232659 216206 188410 224528
254382 213135 169639 209405
219346 199556 202306 224146
235981 232756 177370 225713
242564 191733 206183 226958
241634 222475 181642 212471
216521 243496 200716 204014
252917 219394 186738 193182
236853 215851 187087 215158
244024 205660 182750 214352
258335 216795 172529 196685
212416 223033 183203 219173
229838 230587 192035 210516
211022 213328 228754 213363
227130 220205 203198 209424
208819 236018 206485 209176
209870 227597 205864 201736
239096 228498 185269 209817
223843 223686 197607 211361
247015 224109 161509 207730
236178 223306 175747 229385
228490 207789 194042 222417
255196 215447 176420 197987
223618 232081 226695 188370
246809 222100 167176 203394
237502 238263 182112 211837
213216 222752 197881 216253
253255 214794 183820 191926
233339 244843 180103 220594
219238 212833 198252 221003
214929 209056 189369 224020
235007 210921 208403 207161
258945 209539 185642 198451
250594 220558 177912 196940
258828 226651 171514 199023
244071 224503 172614 207869
263988 217386 179796 195036
263989 202285 190837 205679
205913 228958 230055 205321
216351 214032 223294 207784
229697 207595 193515 219497
222547 225914 198008 212450
236572 208338 190649 209963
244259 208434 193060 200341
216609 226756 235503 192794
251879 198353 185601 229256
224207 209330 208113 208494
253913 223592 180031 195910
211479 240829 202197 206901
242479 208652 176906 228563
225823 225335 180819 212993
210749 227889 203518 208724
224917 205611 221545 218660
243173 218986 176569 203115
231947 218290 200846 211552
238376 237658 175178 204406
230227 218541 193767 212775
237699 220998 205303 208695
231912 238827 180687 221154
224797 190283 212654 220015
208575 220317 220247 206164
234375 228228 179143 219241
237795 221460 182962 210925
230973 214820 192689 213520
237131 228294 177669 215302
254980 197939 185834 232531
239478 211168 207218 205967
227511 219082 195146 213927
227969 240794 176243 222616
237835 196807 195524 219445
235275 228091 202382 205982
221709 211077 206163 216359
250302 223289 178644 198489
230472 214529 207568 213425
235946 227144 192325 205085
236839 220326 182043 229216
229092 214722 197087 212248
228974 205343 204676 216156
238768 213820 190157 208220
236290 210243 206554 213758
240197 216904 188544 200640
244979 198017 211506 210395
240159 207002 205558 213327
238295 200293 185785 226839
234016 218272 184008 220428
218756 226866 186533 211533
213807 217639 197760 223064
238768 213820 190157 208220
229191 220309 189157 224397
213807 217639 197760 223064
242402 214350 198284 200383
221114 210165 198258 222816
221114 210165 198258 222816
238295 200293 185785 226839
263805 219303 202235 213445
260373 257091 190597 220385
250553 208317 216244 235168
241106 246336 183064 221024
240617 237150 206942 207563
236433 212629 211886 245569
234716 219092 197951 240612
242028 215558 202917 229225
246649 227577 196444 232740
239007 230547 185167 224144
239877 221841 199304 211267
239306 239467 195721 223155
235227 236108 207737 227582
255037 225288 190806 220174
248665 226405 188716 221453
253404 219181 193505 226453
251354 229628 201296 207778
256575 229105 196424 212569
237129 212318 205402 220783
247844 234465 196216 216497
238482 226991 192634 235680
236001 238907 213242 221610
237264 216201 201037 214944
247050 219429 191194 238738
241075 229078 196298 217032
235936 219904 199144 225205
246847 237402 196670 214803
247058 227367 198907 235276
267935 259805 199475 214741
255298 231539 205725 211061
253271 222352 221566 218312
249562 215721 213284 226472
247313 235888 190030 229371
241576 220086 200937 238984
235414 236888 208393 228507
259504 224987 208715 215139
238559 239761 204618 233224
238049 235643 215514 234142
242245 249495 201941 219689
241568 249120 200456 224138
246871 230642 196772 217242
256322 225600 193381 230633
242088 222874 207541 235993
254063 237834 191722 223341
241579 216155 211496 234090
246736 231440 198908 229621
256693 218485 206896 217666
248048 223562 213929 222189
250598 219204 203161 221686
241334 227476 204702 223914
243223 227237 199350 218176
254407 226780 202554 221406
256675 221460 194756 229619
274074 260837 216671 216910
260204 267953 203983 222464
256597 235178 196201 247065
248324 218191 228161 240433
237534 246612 232985 232057
238430 248691 226601 233972
254452 228841 219211 222720
251105 220117 210545 240396
266632 240212 214499 217218
244225 218236 212063 239806
243459 227550 200204 228880
259345 241969 204234 220070
264819 238964 212888 218918
271795 235747 209333 221198
258558 220030 209175 221224
244069 232488 201173 228202
242177 240765 216504 226668
243874 234557 200181 224357
244564 245767 212121 221914
239347 240945 212131 232343
250667 243430 197409 226672
248915 236511 198861 227000
238592 238906 213537 230123
260608 238463 204034 220932
255331 228461 219005 228403
265483 237576 198091 227289
256963 228556 214252 220829
283311 221813 215872 222342
282214 241212 219737 219406
271023 244229 198117 240983
261975 222988 224997 233481
260001 252348 204454 224932
250906 228976 214022 245403
243688 229601 203335 230171
280344 251522 204362 223622
256128 227312 216599 243026
271194 221928 218132 232377
257717 239833 201074 234083
247305 236161 214532 224618
262192 237788 205150 225273
268788 228345 209369 226145
246450 229404 211245 231676
245778 236880 208497 225760
258030 229304 213952 241080
261023 228330 206492 244136
250583 243229 201342 228004
261502 224159 209973 221862
261094 242655 200924 244820
250184 224696 214501 245331
247659 239621 205108 226997
248249 228863 215908 245289
260253 239687 219332 223074
260830 242714 210246 222581
250805 239814 201235 229143
281689 231842 210314 222855
270464 224320 224050 235029
264702 253472 201229 252471
261721 237222 232239 222057
244023 242551 216666 231441
245352 240052 226059 244546
268418 227449 222928 239096
248927 250109 203494 230562
276533 225010 232047 224109
255241 236804 228300 231344
269486 245703 207402 228285
246294 230548 204089 231899
267548 234491 215903 228814
249788 235890 208454 231383
264633 228995 213123 237708
275865 241291 214588 223599
260633 240016 213772 227699
256830 241243 213017 229422
271128 244959 203926 228777
259349 237687 211499 228419
263276 235966 210973 225215
247438 244166 204083 230640
270073 242713 211876 225085
263118 238807 203871 231173
273731 230261 226260 236887
267517 241311 225372 230635
258755 247065 207486 232057
247258 232194 204269 234506
253190 242921 209847 233620
248333 232922 216447 232997
268805 233165 211915 233526
261670 236522 206972 233446
264585 237274 204349 233048
267530 245315 204584 232974
283817 237377 205352 237656
260569 244349 233219 234916
255848 250661 222133 233096
250359 232501 206393 235564
248256 246175 205116 241162
275105 235359 224335 235321
268813 243852 208629 233371
266242 238916 222537 234685
252682 244612 209193 234760
266071 243402 210772 235702
263614 232760 217098 249195
257494 257427 214705 239475
256211 234916 208683 248883
254569 237284 235354 263856
253248 255488 221846 235093
252567 245084 223323 241492
257049 250048 229139 235679
258887 250892 216027 242703
263089 234333 220894 243272
260681 240501 217673 237387
261658 241632 212055 243029
253046 238900 219640 241686
259771 241924 216665 236005
254527 241827 220308 236016
256267 244329 216903 237259
279225 239208 224510 252823
269504 264429 217784 243313
255342 247888 226864 238179
276311 246038 219900 251706
261465 259616 224273 251861
282939 262886 221165 254617
273292 263484 230286 248473
