0 0.0135281
173478 145482
140659 170440
154686 147357
150165 159308
147081 165195
169307 147202
165829 147907
148496 187293
156383 152844
151014 160600
149794 172184
168361 149197
150924 179554
160791 153008
158766 155255
152105 161882
152426 160704
178971 151195
153172 173843
155040 164502
153783 171560
171356 151571
169260 153223
161593 153416
155632 160936
159579 159168
159914 157128
161277 155623
160344 156042
176637 153560
153690 182303
153785 171728
160471 156340
172781 154049
167017 156212
157621 168726
167350 154189
159158 161441
157937 166622
158206 161550
179352 153820
154794 172889
158351 168567
167484 156280
172020 154424
158942 162683
157750 170796
171361 154503
154862 171823
161028 162100
165047 156617
162048 159830
162335 157869
161046 160059
163758 156634
162471 156989
159315 162574
180838 153898
155089 180279
156162 172312
169382 156349
159627 168271
164534 156675
161785 161545
174635 156081
162971 158880
176283 155017
160163 165087
159896 165336
176062 155497
181997 154474
158679 173792
177021 156050
169610 156692
163292 160328
160162 171004
162560 163837
181589 154946
164812 157457
161834 165801
165294 156749
160425 167367
160574 167238
182364 156100
159542 174805
179914 156275
171517 157509
160179 172110
162673 166516
163399 163657
160632 169679
164525 161304
166603 159290
160738 167334
170099 157718
166997 158381
163810 162184
184870 156570
161061 168275
180660 157244
172532 158119
170538 158447
165706 161681
163678 164864
163638 166979
167933 159846
167550 160004
164299 163560
162307 167389
165024 162684
161249 168122
164518 162771
183193 157470
161279 169127
163457 167607
175523 158537
165433 163519
167610 160125
166934 162856
171241 159677
171972 158608
176090 158882
161446 174268
169656 160258
175651 159314
165461 167342
162424 172078
167973 161240
163944 171278
167858 163509
165507 163657
164856 169741
164877 168923
165618 163537
191337 158963
161620 176941
184120 159599
165573 170551
178995 159972
165838 166022
171945 160394
169302 161503
163329 172934
167009 164187
163176 174357
162303 176052
170418 160659
165970 164424
184841 159640
161837 178545
178769 160610
163494 177921
172081 160674
164241 173330
166544 168503
169677 162021
167032 166777
169561 164280
171396 161347
165828 170743
167490 165184
168739 165183
165407 173270
165622 171914
165808 171191
183898 160627
162052 188347
175411 161176
162795 181845
170114 163038
168319 167439
165922 172846
164076 180399
165167 174819
166619 170151
173228 161235
166819 169023
164833 177380
164593 178122
171855 162153
168096 167639
172170 161796
179071 161205
164071 184217
164891 177764
170285 164384
169385 169029
166006 173903
173678 162636
177801 161258
172188 163067
175926 161875
168779 169637
167180 170233
171001 163677
175417 162443
166752 173707
166860 172169
166923 171328
179672 161436
164415 184519
170638 165092
173134 163482
165281 179534
177023 162405
166526 174668
175742 163127
169969 169063
167523 170854
169520 170011
167034 172752
165926 178066
165461 178093
182148 161662
166325 181396
167398 177119
178091 162689
171374 165322
182007 162024
169571 170159
167659 172615
171031 169168
176879 163174
173408 164418
168160 171297
172815 165255
174729 163696
175569 163689
170962 169506
167760 171671
167748 172526
181133 162787
166996 182889
177562 163868
168588 172297
167504 180282
168148 175877
180472 163282
174078 164499
167534 177205
170378 170168
169827 171540
171854 169177
172844 167393
171883 168514
173717 166271
173430 167149
173983 165051
174007 164532
181245 162988
167954 178085
168649 174664
178008 164797
170574 172346
168827 173523
174417 167298
179941 164643
175237 165481
173542 167972
172075 168734
175965 164935
171883 170076
180522 163423
171030 170684
170877 171231
184018 163236
168148 183401
176003 165282
168675 176742
180843 164533
171885 170880
169370 173756
173856 168847
181526 164171
175632 166795
183948 163969
174853 168299
171283 172519
169046 174888
168744 175557
174030 168619
171395 172478
171526 171344
171610 171272
181743 164434
168552 183995
169120 176780
170301 173833
172053 171360
179207 165608
171300 172665
178091 165708
176242 165874
181272 165276
173899 170951
174898 169054
175726 167838
175770 166892
174870 170034
174079 170309
181594 164716
181982 165308
169389 183556
176399 166573
169853 178892
172231 171692
171837 176465
172211 176061
175340 171092
173929 171458
175556 169313
176339 168310
173162 171581
175771 168368
172062 176454
172169 176292
182526 165398
171289 182485
172207 179432
182019 166372
177975 167086
172344 174699
175463 172140
177630 168181
173170 172227
172750 172361
175872 170618
176532 169171
176493 169196
175668 171288
173118 172237
195171 166677
172422 174932
176710 169770
182472 166942
174977 172276
178260 167965
172841 173388
179466 167622
172934 172863
181318 167107
186783 167314
172426 174972
181624 167582
175429 173100
176244 172642
178388 168515
177109 170557
178656 168325
177065 170782
181751 167799
172850 175889
175609 173302
172997 175002
178109 172136
178918 168656
178317 171083
180306 168330
183530 168699
173156 179864
175214 175108
173358 177223
181500 169746
178992 170736
178415 171694
177845 174440
178093 174305
181976 169078
178882 171085
184246 168774
174022 178183
175336 175333
182722 170782
177693 175220
181939 172248
178931 173400
179624 172963
186106 168917
174240 183120
183465 171405
179555 174540
174477 179812
175973 176312
184656 170688
186031 170435
175899 178428
178628 175996
179298 175234
175155 179021
177382 176021
177662 176005
175857 179012
186678 170192
175669 182090
183870 172272
180229 174665
176994 177514
177433 176174
189078 170288
175672 183324
176751 182236
178536 179124
178788 177367
180693 175085
187148 172241
182200 175067
185198 174431
186414 173011
185607 173990
189760 170424
176001 185767
176766 182392
187515 172571
184321 177192
179717 177873
186387 176027
179220 179715
190898 171356
178786 189826
179654 179948
181373 180261
179654 183334
181257 182783
181654 185381
180744 142497
146840 160930
164544 147730
154788 156058
154970 149613
170265 150600
150640 173290
161165 159138
154909 159393
161874 154589
167585 150998
153704 164781
151393 165894
154732 162373
163544 151517
150642 169488
163426 151627
151380 169091
181667 152051
153948 181589
162882 155381
155152 168951
154582 173568
158768 159707
157300 162532
171914 155201
174336 152974
180976 152345
172965 153706
189808 152134
155962 188302
156260 176439
175282 154131
185305 152402
156626 169123
157756 163028
172049 156643
163187 160816
159621 160941
166462 159913
168580 156902
167653 157826
178084 154596
156627 176116
157013 174178
158284 166319
175762 155988
159019 165059
163042 164798
173417 156653
163747 161497
165681 161392
170176 157491
167798 161113
168392 157953
171735 157069
163446 163614
168119 159632
188520 155735
157597 184230
158653 172090
183076 155890
176394 156034
158784 166859
169915 158460
174399 157850
162033 165451
163941 163309
167028 161716
161022 166735
174887 156768
168386 160768
164797 161889
169383 159672
164269 162106
169288 160425
183141 156561
158863 170644
171262 159235
160135 167317
162829 165949
176598 157663
164316 163622
178085 157080
169856 161163
167395 162830
168450 162377
169808 161351
167963 162792
184982 157171
159382 171777
178941 159021
163375 166564
166467 165107
179396 157242
173205 159623
160403 168368
159861 171500
170786 162079
160556 167323
167557 163628
168841 163244
171300 160911
171625 160046
171711 159813
168679 163432
180640 157714
160124 171540
161350 168150
177129 159747
164713 167106
167821 165118
170191 163608
172735 159818
166869 165807
171344 163283
171768 161468
172496 160744
171984 160938
181598 158047
160183 174401
175954 159885
181394 158736
160540 171830
162564 170326
164433 168532
173727 159969
168006 167856
168556 165215
169639 165193
166948 168071
171491 163995
163481 169696
172772 161618
172431 163708
172504 161655
172139 163771
182781 159484
160573 176284
174100 160513
162082 173415
167481 168805
180253 160282
168708 166131
172646 162042
163660 171471
164715 169132
169427 165421
163878 169991
171605 165043
172285 163992
181627 159568
181076 160100
171863 164208
172204 164155
179668 160556
160879 179385
162564 173505
163992 171017
160941 179106
171472 166794
175845 160626
172151 164441
166826 170193
173560 164057
169409 167413
173619 162100
174911 161089
169131 168931
168410 169231
174338 161856
167114 169232
169386 167886
166880 169787
178080 160945
161447 180474
163431 177226
167075 170549
174276 162383
171962 168199
164675 172594
173454 164495
169358 169574
172258 165069
163835 174358
176226 161725
171416 169550
163897 173780
167909 169696
176518 161045
164637 172737
171467 169342
172468 164636
177679 161040
167878 170262
177200 161096
162333 183690
164418 174012
162897 180640
165819 172623
172388 165316
167614 171328
168557 169750
170943 169627
172257 168628
174989 164276
176833 162545
174354 164641
162707 181525
176857 161675
198470 161206
164681 175389
178200 161679
172449 169112
165859 172916
172590 167488
178029 164061
168384 171662
173783 166676
169371 169891
176926 165007
174529 165753
168594 171497
168914 169916
165521 174128
174874 165164
177084 164102
164766 174593
165024 174329
179115 161784
164686 181967
178256 163823
165115 176275
176560 165254
167088 174906
174537 166377
172779 167701
168888 173285
167118 173668
164755 178324
175215 165888
169933 171505
172692 168806
169217 172163
170883 171036
164827 178208
171519 170877
172047 170007
172001 170121
189754 162544
164890 182530
179779 162600
166075 176607
167572 175058
169748 172726
171889 171969
179057 164728
173313 169469
175536 166827
174343 168519
177076 165267
176778 166112
177059 165821
173733 168792
173411 168807
184156 162819
164934 190098
180663 163182
167654 175311
166928 180541
169795 172811
177203 165770
165608 186259
171935 172790
165628 183242
173479 170398
175779 166965
175546 168461
173577 168915
174516 168542
177132 166632
183447 163235
165968 184892
172388 172850
167459 181550
173898 169396
170031 173716
167682 178474
178208 166275
180761 164300
175951 169210
177957 168340
168258 175747
181009 163526
168919 175428
178050 167171
184961 163438
167779 196568
168133 181954
175478 169516
178275 166845
182077 164312
181368 165458
168795 177037
179121 166767
173318 173770
171249 174071
170146 175616
174387 170194
168318 180171
171038 175487
173981 172180
174252 171996
168241 180734
184143 165458
168383 182056
171832 174094
174768 171610
178963 168152
182882 167127
181026 167962
169200 179658
176990 169602
170129 178382
170978 177542
175223 170878
176497 169676
168526 180967
171146 175898
171491 175220
168513 181878
175198 171473
171363 175311
186685 166401
170543 178639
181175 168182
172390 174121
171537 176657
175267 171656
178962 169930
176302 171576
178230 170136
194518 167482
170892 184275
186392 169559
182586 169623
178529 170329
171503 180047
176516 171633
171816 176949
171177 182051
175341 173092
172820 176312
174059 174917
174718 174363
174385 174410
182600 169844
171460 184823
179121 170339
173588 176779
172435 179967
174378 174977
176557 173260
172802 179775
177930 171983
178583 171749
175452 174350
175929 174175
177992 171826
182961 170395
172348 187664
172592 180479
175182 176865
178278 173130
181328 172330
177239 175157
175348 176092
181405 172186
177891 174308
178257 173705
189268 170538
173169 189255
175092 181359
183546 171087
176051 176725
181129 173151
178335 174634
177622 175883
179753 173432
184355 173154
175576 182755
176150 178058
182570 173203
179848 174787
177970 176266
179297 175197
178125 176015
183162 173285
177088 178964
179673 175742
181613 175720
183108 174338
186991 173408
177670 179628
181046 176482
179797 177524
180988 177243
180125 177327
188003 176083
178454 182259
181275 176910
181070 178899
178849 180587
180572 180098
183771 177173
179470 183046
183062 179219
180968 182144
184329 177602
184307 179579
185410 178485
186522 180743
193404 188159
187490 193157
