74609 208.283
82774 107032
94202 141550
87747 88972
83271 114335
97922 136096
83054 99359
112791 99917
91580 101588
91267 91544
89938 85119
89882 98357
99443 142667
84814 115329
94676 94902
80820 118890
93297 106869
100707 97949
89503 86718
93427 106108
81659 120824
90456 87579
130397 122612
89323 87432
90976 138813
93261 85758
86450 88660
93418 110362
108845 96321
88727 88370
77285 118351
85586 113525
83880 99955
81189 93093
101575 87000
85000 114474
83233 122695
93221 117394
84539 116809
96647 94325
90781 129576
91182 111845
93746 106795
83442 113226
83049 135985
94748 98492
89746 101912
88852 128157
100469 106156
95167 134134
86324 93490
88949 86176
83637 92090
96620 101046
82577 114962
76785 119485
113964 96793
89301 87413
94402 93351
81885 111275
87515 114005
89801 88705
94744 94030
90850 96899
93484 101162
96419 98213
112383 103584
92753 90921
92885 100342
87667 112981
90690 96341
91418 86888
90057 105495
88412 86184
94988 90458
103127 89625
94904 97342
88228 86705
91697 91289
111023 100958
93273 83962
89170 89761
90433 108720
79885 127534
89358 89773
104978 94011
89898 115744
80560 115689
89348 87146
89431 106659
100248 117652
82611 94259
87322 94943
89373 94330
105197 95864
94585 137242
93991 93833
92366 106215
75476 125632
95058 103941
92713 135790
108306 99838
81336 131305
90408 94253
76903 125479
102330 94636
85285 116761
92933 91273
92490 111651
89409 87657
86598 110777
92441 117204
86090 114775
82290 119310
88358 94956
87550 104897
83585 120653
85534 96178
86426 112362
87817 98771
89328 121447
94989 108712
104109 140934
82064 118182
91995 139315
96604 95660
83923 125051
92826 91808
90136 91664
118971 98903
89504 85789
83438 129305
87229 107185
90156 103990
105337 97006
78889 118414
90004 93329
92188 106121
104317 96578
90343 94646
96161 136881
97734 86701
100860 88777
112531 103113
84177 114823
108464 93074
91098 107286
90677 83356
88265 105965
89659 88723
97130 90849
91536 87659
88238 90971
86094 97101
92161 102037
99717 94153
95846 104537
99319 90159
99304 118945
85714 96984
95458 104929
115449 102566
118481 99312
87596 106202
102553 87555
98045 89119
110155 105939
119661 152588
90029 84653
90179 90937
85912 117204
110109 92017
94130 93627
87475 118793
83723 100000
90735 89425
87969 127670
84005 91821
89022 115781
88037 110603
92890 94827
83011 115055
102329 90589
94891 99240
95928 116176
89005 106901
74800 125153
90975 137726
94193 116228
95917 83680
92862 90009
98088 107854
82435 94974
92619 137210
87143 85893
88799 105708
92498 107543
92752 86328
93673 86070
88531 87523
89907 112255
92618 89012
85321 89693
109570 140930
98399 109379
92556 101997
88953 87793
96719 89799
94127 98950
88510 93110
88916 112663
89274 89783
87150 98727
94420 115636
112867 93500
82715 117805
94544 110006
96997 89811
91616 102166
98031 95936
99202 98591
108331 95725
89541 114409
84931 114596
87007 95020
75244 125988
98500 85455
92288 113505
96053 98296
93626 85393
113724 94458
84831 115902
79576 125228
105296 99264
89071 91403
93415 112340
97750 90074
113108 99216
90703 104045
101963 87770
90019 84238
80215 109885
93593 86052
90488 84341
103037 103456
94748 93122
95696 82803
80972 121652
92175 126267
