61 0.713286
177609 128396 181969
177609 128396 181969
174558 144730 139318
150431 174928 152816
137884 161472 154164
173739 136844 181219
142703 158324 169806
177609 128396 181969
173739 136844 181219
170028 155713 142435
170028 155713 142435
155290 169440 148394
153554 171556 150203
142703 158324 169806
160558 141488 159744
174558 144730 139318
163752 143413 154442
137884 161472 154164
156820 138230 164627
156980 171039 146363
151200 164827 151444
145782 159137 165322
159407 165262 148732
166959 161453 144915
159506 146558 145102
149648 147174 164274
166959 161453 144915
165342 137848 165352
152430 154988 155423
155290 169440 148394
144079 146731 166477
151693 141729 168495
142703 158324 169806
160558 141488 159744
147398 157612 161812
144079 146731 166477
137884 161472 154164
163752 143413 154442
155822 148471 153201
159407 165262 148732
150431 174928 152816
147092 151980 163585
151679 151678 156126
153331 149660 161398
153426 150430 157934
149817 156184 162136
152430 154988 155423
151693 141729 168495
157768 165056 149983
145782 159137 165322
157768 165056 149983
165342 137848 165352
153331 149660 161398
155822 148471 153201
149758 161079 158419
156980 171039 146363
151200 164827 151444
150409 156737 158285
149758 161079 158419
147092 151980 163585
153426 150430 157934
147398 157612 161812
151679 151678 156126
147092 151980 163585
160558 141488 159744
156820 138230 164627
149648 147174 164274
151200 164827 151444
137884 161472 154164
153554 171556 150203
150431 174928 152816
149817 156184 162136
152430 154988 155423
147092 151980 163585
150409 156737 158285
159506 146558 145102
150431 174928 152816
163752 143413 154442
160558 141488 159744
177609 128396 181969
177609 128396 181969
177609 128396 181969
177609 128396 181969
163752 143413 154442
163752 143413 154442
163752 143413 154442
160558 141488 159744
156980 171039 146363
156980 171039 146363
156820 138230 164627
153331 149660 161398
151200 164827 151444
149648 147174 164274
149648 147174 164274
147092 151980 163585
142703 158324 169806
172907 157175 149235
170631 142949 159802
154800 184281 165942
152289 153193 177876
162539 170871 152092
154607 167515 174314
167767 156618 157789
157031 166522 164577
164618 147545 177280
158798 164271 168254
166341 154321 161789
159240 159740 171486
159672 161436 159689
166022 146609 169433
168951 153184 169394
170229 150436 158873
161554 157334 165277
163066 155619 170593
161632 150098 170623
184112 146650 165298
163003 164840 160501
158032 178775 170859
155398 165502 180736
177304 149065 170689
160794 171601 161442
165352 156832 174599
159317 167866 172984
168144 160234 167111
174160 149703 163673
172173 154317 164379
168164 157414 169259
167274 154237 177570
161660 158363 172307
174208 152830 160849
169984 152875 178491
170134 160187 165466
167282 153565 180414
160708 165270 174159
178359 152599 173908
178254 152462 175373
172739 171186 160630
171448 153615 186820
161089 191373 175441
169886 176675 162334
166034 167058 165002
174722 154959 163459
163538 166211 168653
168708 158826 172372
174576 162450 168861
169164 158483 169420
161391 168600 174477
163994 170347 164506
167763 165345 163105
168261 167277 162972
174705 154684 175232
175479 164192 167749
174185 166455 164834
170330 160172 171109
168748 163376 183953
166120 170022 172662
167549 166445 177705
169663 167627 166023
168009 169398 174585
168761 167419 170258
168555 166677 175496
168257 166598 176468
186189 166648 165622
175147 160825 173950
173799 163548 186811
171875 178561 167130
170792 171679 179978
179476 166013 172623
171355 174090 169373
173312 167412 181563
170879 168139 171234
187663 160859 178440
174470 173303 172240
172900 168719 195722
171603 171449 174580
183708 161734 182645
177108 164831 176208
188013 171061 183431
181120 183942 173996
171688 178543 174748
179428 146485 153118
172054 136734 157574
171191 173028 139608
170544 176805 141514
146231 156892 176851
137983 166896 153589
169169 141847 159379
147653 156066 174103
141856 173098 147527
156796 163037 144568
157593 147677 150653
137983 166896 153589
172054 136734 157574
152279 152500 152237
167695 153432 148328
152279 152500 152237
160703 170821 141784
151802 153580 145817
147742 143908 153184
160969 160277 144527
146231 156892 176851
179428 146485 153118
178073 165433 140079
174796 167674 141641
170544 176805 141514
151802 153580 145817
176219 142223 157161
143421 157237 147081
162525 167342 143031
169169 141847 159379
160703 170821 141784
164857 157062 142593
142675 166729 175555
171191 173028 139608
143421 157237 147081
156796 163037 144568
157593 147677 150653
164857 157062 142593
178073 165433 140079
147742 143908 153184
161372 158933 144038
176219 142223 157161
147653 156066 174103
142675 166729 175555
173906 147244 148305
172054 136734 157574
157593 147677 150653
161372 158933 144038
171967 159008 142035
173906 147244 148305
167695 153432 148328
162020 142938 153154
171967 159008 142035
162525 167342 143031
162020 142938 153154
176219 142223 157161
178073 165433 140079
174796 167674 141641
173906 147244 148305
176219 142223 157161
152279 152500 152237
174796 167674 141641
174796 167674 141641
179428 146485 153118
178073 165433 140079
178073 165433 140079
178073 165433 140079
178073 165433 140079
178073 165433 140079
178073 165433 140079
178073 165433 140079
178073 165433 140079
178073 165433 140079
178073 165433 140079
176219 142223 157161
176219 142223 157161
176219 142223 157161
176219 142223 157161
176219 142223 157161
176219 142223 157161
174796 167674 141641
174796 167674 141641
174796 167674 141641
174796 167674 141641
174796 167674 141641
174796 167674 141641
174796 167674 141641
174796 167674 141641
173906 147244 148305
173906 147244 148305
157593 147677 150653
143421 157237 147081
182921 162181 150166
176458 142874 182404
175035 164938 148663
165958 168244 151600
153540 153317 157837
171806 150526 163810
170878 150875 171743
162666 164352 155474
155751 164985 155040
167358 157424 154231
173049 157442 151845
171687 151569 156100
178652 170349 152171
176895 152827 169271
168952 155224 175430
157215 176646 161991
153752 173940 168541
164064 164992 155774
158958 175084 161018
153816 167004 175015
175073 164056 154509
172954 157486 164866
163674 172429 162555
153990 160270 167259
157870 160675 164174
159923 158417 163069
170925 174063 152856
171618 159356 162108
175637 157918 153545
159852 166553 162901
179592 170832 155184
177294 155279 169684
165428 173481 158086
165175 163368 182392
157911 170095 165351
173430 159927 175557
163752 168795 177806
168100 165733 159034
176590 159439 155654
168077 170454 163725
168664 161414 177703
164456 168747 176617
165362 161516 165492
168644 173088 157373
184519 161669 161992
180361 157445 172748
173897 174140 158416
170177 178404 159260
162275 173111 177232
167468 165380 173613
163507 170590 165440
172046 163349 168513
176734 167614 159902
182870 165351 161442
165590 167242 166000
174635 161975 168935
172179 174308 161564
173089 166744 165213
173424 172845 163314
172624 167653 165794
174818 167627 163327
184593 161906 165366
177867 175327 159903
174436 176640 163131
163715 174631 182533
169155 167532 175022
179389 169236 160653
178756 164756 173075
173067 167311 171172
168587 173123 167164
167783 169620 172351
163718 170909 174041
175835 167356 168154
173931 171200 170518
167869 176123 170403
174691 170807 168045
180369 170460 174928
179426 171018 160896
174957 169246 179214
169674 176853 172233
165668 175591 178867
173809 174102 169806
170079 172632 174604
176787 169907 175717
191485 175164 173430
184627 169478 186372
181081 176545 172759
182038 177874 176870
175098 145482 141617
170938 132959 169743
163816 180087 133008
143401 181814 143892
136840 162823 177520
131464 163049 154152
170938 132959 169743
141456 173895 153014
163816 180087 133008
136840 162823 177520
168560 136429 161379
141612 166852 153167
168560 136429 161379
131464 163049 154152
175096 142252 158286
152106 165400 140731
145791 180221 137138
148922 141426 163381
155633 148356 155793
160456 152812 142915
158910 155845 133494
138965 159561 168572
138965 159561 168572
158533 150450 150193
153286 162843 135527
139680 145059 165201
145791 180221 137138
143401 181814 143892
147272 163651 146274
153013 139287 161566
153013 139287 161566
148922 141426 163381
162752 144512 156395
151355 155202 146558
152106 165400 140731
147524 158272 151025
158533 150450 150193
161297 147312 145260
150359 158748 142017
141696 152235 152094
139585 156968 161882
145947 166482 144108
160604 146780 148196
153286 162843 135527
149629 148773 159800
161297 147312 145260
143991 160307 146871
162752 144512 156395
139680 145059 165201
141696 152235 152094
141180 160516 159387
151721 143150 156806
158037 147562 151259
151721 143150 156806
149629 148773 159800
156369 145707 153452
160604 146780 148196
131464 163049 154152
147272 163651 146274
143582 166699 152078
143991 160307 146871
155633 148356 155793
158037 147562 151259
140210 161537 159632
140210 161537 159632
151355 155202 146558
156617 144995 154011
145947 166482 144108
150359 158748 142017
175096 142252 158286
160456 152812 142915
149683 162151 143563
156617 144995 154011
149753 147517 157737
149753 147517 157737
158910 155845 133494
141485 162274 159182
160604 146780 148196
156369 145707 153452
139456 157632 161819
147524 158272 151025
158803 157711 146479
139585 156968 161882
175098 145482 141617
141485 162274 159182
141180 160516 159387
143991 160307 146871
139456 157632 161819
141612 166852 153167
149683 162151 143563
158803 157711 146479
139456 157632 161819
175096 142252 158286
150359 158748 142017
149683 162151 143563
143991 160307 146871
139585 156968 161882
131464 163049 154152
176926 152009 148342
159677 147355 167601
158239 168468 143336
142226 172304 174491
168600 154141 158793
149644 156613 158358
152868 155622 151210
152609 161774 145433
157442 151953 173360
149769 165293 150518
145749 170556 167568
147179 162008 163518
157078 152780 162679
170408 161903 150578
162791 149447 173705
154073 174946 148069
147470 166193 172100
167368 155115 165344
155485 170534 153090
149836 159416 159134
153370 165226 153091
149811 157097 164778
166823 155741 158723
160468 166416 150848
160559 156007 152395
177925 165306 152763
162022 156800 155438
159796 157436 176328
151881 172270 165191
156616 160833 170984
173247 171503 153320
165919 157418 154315
158460 159599 164623
154531 163992 166601
161644 157927 161382
163071 162298 155079
155937 168888 156860
154337 165315 158680
152732 167895 166423
152594 170705 160102
153575 171957 153485
180540 171120 157395
171281 158416 159945
162125 158759 178310
154526 169005 159001
164237 160221 170304
159607 165062 170877
161067 166635 165892
161684 162110 161815
160838 163030 166714
162746 164539 160085
183123 172898 157991
161978 163788 171882
156673 177626 161234
154537 175139 173004
158812 169603 163794
154740 172054 168100
170447 166560 160237
176355 164632 161810
166246 172109 160429
163820 164923 161560
165296 166093 161124
170746 165173 177636
170519 170296 163446
156168 178407 171467
165015 177565 173243
170246 170646 164913
162512 167212 174640
159245 169817 175865
165358 168733 169455
166911 165471 166154
166843 165621 175529
173953 169166 169513
172181 173493 163933
162719 168746 178775
159840 176008 177465
165452 172192 171921
171446 175479 170373
172921 169845 168025
172957 178278 169715
172331 174037 173757
169353 177511 183941
185102 145227 144335
170624 168996 129195
167196 175386 132386
156657 129270 172447
141899 145621 175667
139119 172800 167785
158890 141125 157517
150252 162510 153983
178420 132812 158157
156657 129270 172447
139119 172800 167785
180415 145764 136997
174658 134053 150873
151783 166141 140804
143330 153854 164255
156346 150699 148618
173795 146964 132240
170624 168996 129195
184927 146010 131243
158624 144676 146452
141899 145621 175667
157425 138754 160458
156543 156915 143088
171837 151956 138627
158698 154252 133021
143240 159271 161468
182337 140015 146299
150313 144885 151262
161002 153265 146089
167196 175386 132386
171837 151956 138627
149139 167205 147781
167673 140641 144916
146149 171395 137372
167456 135820 148952
145214 171099 147906
153565 156200 151237
148632 160167 158399
143330 153854 164255
150993 159034 146025
158190 164172 141217
145214 171099 147906
182337 140015 146299
174658 134053 150873
165512 138895 148515
179005 133271 147108
167456 135820 148952
173795 146964 132240
164659 151542 143992
161962 144759 145124
147819 156708 159864
151783 166141 140804
140594 162976 151153
148050 156670 161428
164033 151874 141229
165620 146550 143127
142703 167405 148934
169564 145266 143501
164033 151874 141229
179005 133271 147108
161962 144759 145124
158190 164172 141217
150993 159034 146025
180415 145764 136997
169564 145266 143501
148707 154878 159472
148632 160167 158399
161002 153265 146089
164967 140614 158376
147928 162984 150874
155917 154322 144270
157425 138754 160458
155002 159564 143863
148707 154878 159472
146149 171395 137372
140594 162976 151153
154162 153817 149495
154162 153817 149495
184927 146010 131243
155002 159564 143863
156677 154719 143678
146149 171395 137372
154162 153817 149495
153565 156200 151237
165620 146550 143127
158698 154252 133021
142703 167405 148934
164033 151874 141229
147819 156708 159864
148899 145822 158390
155917 154322 144270
142703 167405 148934
150313 144885 151262
156677 154719 143678
155002 159564 143863
175741 164193 148777
172152 150218 156879
167891 166144 141896
160731 154332 166350
155741 172357 144058
147151 168245 153260
154196 166740 159432
148955 155158 165106
167324 152453 155979
159743 158552 148907
160929 155930 150326
156257 171178 150756
158089 157554 148924
168783 154382 152019
160658 155663 156191
181895 153538 161108
176585 168848 143861
155987 169012 154611
151180 165193 170390
171817 157834 169938
159619 157975 150915
158847 162633 150430
177068 154450 157666
157169 166797 162755
158370 166384 159216
179282 170115 149159
177960 155893 163758
159895 162849 170427
156613 183237 161267
157776 171359 158556
169312 161176 151974
165400 164056 157611
163134 167180 151310
165991 158018 162222
161305 167237 154278
168446 157988 159205
162274 169329 153564
160314 163124 160473
161914 161056 157892
184012 177679 151530
168849 158184 165923
160209 184270 161496
158308 183018 166760
176875 161620 152723
170332 162600 155629
160534 165407 160738
166252 161626 163270
162367 169792 158307
167840 173693 156235
160423 171115 165019
169471 172337 157538
169657 179205 155997
167645 163717 158829
163088 162353 159369
163832 178365 156191
179150 161669 156506
179048 173015 155799
170502 159799 167740
167317 163836 168630
167015 188005 157176
160573 167997 163968
174385 181962 156777
163389 176109 160827
177126 174133 159033
171425 163938 159132
161548 176959 161655
167609 173336 162293
169208 162526 161555
167901 162897 168350
183991 167693 160218
180235 162769 171171
179178 170835 159001
172964 176096 160274
163777 171920 164095
172337 165931 165368
169716 172327 161764
167999 168755 165178
176803 171399 161346
178025 164261 163614
169631 168017 163560
180081 171314 180508
177797 179703 161428
164856 176082 165874
170824 173898 162595
172042 172050 163757
