2173 66.4593
1.4161e+06 1.42583e+06
1.41771e+06 1.42344e+06
1.41658e+06 1.42514e+06
1.41858e+06 1.42326e+06
1.41898e+06 1.42264e+06
1.41399e+06 1.43425e+06
1.42031e+06 1.43016e+06
1.41766e+06 1.43517e+06
1.41799e+06 1.43514e+06
1.42073e+06 1.42904e+06
1.41991e+06 1.43271e+06
1.42293e+06 1.43365e+06
1.42282e+06 1.43168e+06
1.42199e+06 1.42751e+06
1.42454e+06 1.43299e+06
1.41602e+06 1.42814e+06
1.42024e+06 1.43439e+06
1.41668e+06 1.42928e+06
1.42132e+06 1.43257e+06
1.41906e+06 1.42885e+06
1.4202e+06 1.42998e+06
1.41826e+06 1.43453e+06
1.41917e+06 1.43158e+06
1.41568e+06 1.4311e+06
1.42234e+06 1.43091e+06
1.41696e+06 1.43411e+06
1.41685e+06 1.43205e+06
1.42062e+06 1.43016e+06
1.42061e+06 1.42436e+06
1.42266e+06 1.42896e+06
1.41647e+06 1.43261e+06
1.42153e+06 1.428e+06
1.42061e+06 1.4291e+06
1.42058e+06 1.42806e+06
1.42387e+06 1.43013e+06
1.41981e+06 1.42868e+06
1.42113e+06 1.4281e+06
1.41634e+06 1.43032e+06
1.42148e+06 1.43145e+06
1.42049e+06 1.42949e+06
1.42097e+06 1.42874e+06
1.42193e+06 1.42608e+06
1.41998e+06 1.42803e+06
1.42016e+06 1.4287e+06
1.41608e+06 1.43496e+06
1.41883e+06 1.43186e+06
1.41859e+06 1.42749e+06
1.41863e+06 1.43156e+06
1.42118e+06 1.42995e+06
1.41981e+06 1.42875e+06
1.41647e+06 1.42967e+06
1.41837e+06 1.43242e+06
1.4209e+06 1.4306e+06
1.4161e+06 1.42879e+06
1.4235e+06 1.43295e+06
1.41904e+06 1.43078e+06
1.42043e+06 1.42861e+06
1.42211e+06 1.43462e+06
1.41771e+06 1.42954e+06
1.42312e+06 1.42889e+06
1.42322e+06 1.43244e+06
1.42126e+06 1.43423e+06
1.41899e+06 1.43224e+06
1.42228e+06 1.43585e+06
1.42068e+06 1.43082e+06
1.41651e+06 1.43172e+06
1.4184e+06 1.42444e+06
1.42024e+06 1.43139e+06
1.4256e+06 1.43214e+06
1.42195e+06 1.43206e+06
1.42159e+06 1.42864e+06
1.42288e+06 1.43137e+06
1.41792e+06 1.4349e+06
1.41629e+06 1.42533e+06
1.4161e+06 1.42956e+06
1.42059e+06 1.42965e+06
1.42053e+06 1.43455e+06
1.4199e+06 1.42682e+06
1.41876e+06 1.436e+06
1.41888e+06 1.4339e+06
1.42436e+06 1.429e+06
1.42052e+06 1.43305e+06
1.41977e+06 1.43142e+06
1.41713e+06 1.4289e+06
1.42394e+06 1.43349e+06
1.42389e+06 1.43208e+06
1.41962e+06 1.42836e+06
1.4226e+06 1.4388e+06
1.41823e+06 1.43527e+06
1.41869e+06 1.42693e+06
1.41878e+06 1.43259e+06
1.41881e+06 1.43464e+06
1.41843e+06 1.43502e+06
1.42364e+06 1.43208e+06
1.42011e+06 1.43066e+06
1.42106e+06 1.4281e+06
1.41931e+06 1.43017e+06
1.41725e+06 1.43234e+06
1.41739e+06 1.42971e+06
1.41813e+06 1.42872e+06
1.41685e+06 1.43276e+06
1.4174e+06 1.4317e+06
1.4191e+06 1.43287e+06
1.42084e+06 1.43055e+06
1.42e+06 1.42914e+06
1.42091e+06 1.4293e+06
1.4233e+06 1.43169e+06
1.41955e+06 1.42946e+06
1.4207e+06 1.42852e+06
1.42148e+06 1.4285e+06
1.42087e+06 1.43282e+06
1.41977e+06 1.43015e+06
1.42278e+06 1.43397e+06
1.41892e+06 1.43003e+06
1.41547e+06 1.42717e+06
1.42046e+06 1.43155e+06
1.41857e+06 1.42571e+06
1.42186e+06 1.42802e+06
1.41947e+06 1.43512e+06
1.4188e+06 1.4275e+06
1.42096e+06 1.43058e+06
1.41944e+06 1.43007e+06
1.42305e+06 1.42864e+06
1.42054e+06 1.431e+06
1.41948e+06 1.42899e+06
1.41649e+06 1.43656e+06
1.42145e+06 1.42957e+06
1.42063e+06 1.43107e+06
1.41872e+06 1.43456e+06
1.41658e+06 1.42589e+06
1.41729e+06 1.42403e+06
1.41939e+06 1.4283e+06
1.4205e+06 1.43102e+06
1.42097e+06 1.43364e+06
1.41914e+06 1.43149e+06
1.41766e+06 1.42862e+06
1.42052e+06 1.43266e+06
1.42121e+06 1.43065e+06
1.41645e+06 1.42871e+06
1.4184e+06 1.42778e+06
1.4189e+06 1.43036e+06
1.41606e+06 1.42812e+06
1.42076e+06 1.42965e+06
1.42005e+06 1.42954e+06
1.42572e+06 1.43404e+06
1.41651e+06 1.43062e+06
1.41682e+06 1.427e+06
1.41988e+06 1.42951e+06
1.42332e+06 1.43212e+06
1.41914e+06 1.43112e+06
1.4179e+06 1.42659e+06
1.41891e+06 1.43336e+06
1.41609e+06 1.43292e+06
1.41804e+06 1.4292e+06
1.42175e+06 1.43473e+06
1.41699e+06 1.42734e+06
1.42088e+06 1.43183e+06
1.41936e+06 1.43188e+06
1.41862e+06 1.4319e+06
1.41926e+06 1.42269e+06
1.4226e+06 1.4256e+06
1.41711e+06 1.43311e+06
1.41944e+06 1.42459e+06
1.4209e+06 1.42823e+06
1.4193e+06 1.42981e+06
1.42114e+06 1.4291e+06
1.41739e+06 1.42944e+06
1.42108e+06 1.43107e+06
1.41714e+06 1.4307e+06
1.4176e+06 1.4277e+06
1.42268e+06 1.43075e+06
1.41725e+06 1.4269e+06
1.42023e+06 1.42908e+06
1.41734e+06 1.42996e+06
1.41852e+06 1.42659e+06
1.4204e+06 1.43505e+06
