2885 62.5308
233762 188292 177461 189982
230200 166723 180648 209699
221644 195285 184509 180271
221216 169946 198529 197125
207807 195996 158866 219754
200635 190634 164932 231143
199605 213185 165055 223119
191259 196188 183682 214991
192225 201980 177607 226501
200635 190634 164932 231143
215626 210173 195089 184646
208526 180130 195818 194872
205941 176412 197636 201323
216070 208119 176876 185814
216542 169811 180833 214119
228860 167762 180660 208741
218850 189795 162782 204712
229723 191207 159346 216513
232648 181362 175349 190034
211430 211385 179154 193174
193234 202145 191752 207863
204358 190266 191620 193638
208524 173404 176667 224814
217838 194240 189927 180890
192225 201980 177607 226501
205597 207580 183963 190771
207675 204496 162993 218169
202280 183581 186495 199559
231874 205198 176868 186629
194209 191574 174884 224007
213262 202447 163222 206590
209250 206804 163470 215211
231646 173588 174508 199830
206545 200370 161438 219385
230374 170619 172259 210915
199466 183684 177424 224574
206734 183212 197899 193265
195755 208022 173815 213706
209966 211946 187281 184339
217404 186355 185892 183119
220030 196972 159721 211183
201809 186731 168781 223150
222608 180461 185017 190273
216684 185210 163901 217336
218309 181233 172836 192392
206690 212106 182236 190405
194780 212571 179170 210681
223124 192456 183391 184281
225524 184245 187603 185151
200388 187259 187844 200140
222846 198979 177105 186900
196604 181997 185416 202590
205287 196642 164376 209111
197459 195548 188563 201074
227207 187514 166887 199262
208473 181108 189331 197048
232218 176924 177140 191173
208013 177574 170835 214366
220227 194445 178951 184870
221148 181140 187182 188255
224933 191303 185768 181710
230200 166723 180648 209699
203863 194738 167113 210195
202010 179706 190732 198906
221673 171819 168995 202322
195301 188700 189589 221420
208159 191936 168378 203693
193013 201444 172576 224348
204949 187035 194336 189183
221502 174280 174179 208357
229586 188625 181534 187279
213418 206513 181748 186015
215322 180002 171959 205671
204576 175667 172636 217581
220630 194734 183456 181930
216846 191391 161023 218603
217995 174428 167527 214738
210393 175355 194157 200454
198907 205845 179977 196654
226834 175079 171659 200623
197048 192881 166030 223087
228860 167762 180660 208741
220765 193154 178365 192082
204061 192552 172086 203357
223354 193197 160642 219162
209020 175410 177742 198164
207610 176431 178295 212574
208320 196841 193205 188746
232241 170510 180086 211226
222207 189249 167931 195836
192760 197810 179941 218136
205367 204026 169928 202688
206413 182186 165356 211424
202410 189504 192351 198511
207066 190947 180535 196327
225688 172251 177829 198572
217288 184881 162210 222795
221255 175820 162359 204620
201306 197774 165509 219996
212084 197938 169970 191695
215881 196898 189490 182667
225936 193474 160282 214196
223071 178586 184654 191405
213512 183099 167667 200269
225162 177684 171812 197622
200969 181550 192151 204913
229265 176988 178492 197228
222296 171492 173681 205902
219401 194025 161128 206543
198541 188970 190169 199706
223806 186528 182107 188395
203011 180583 172552 221866
227693 171399 178710 204637
228452 170606 175806 203085
214467 177894 169745 208886
193740 203433 180130 215000
194337 195814 178066 220308
214255 184317 165700 202394
216340 198409 162574 208138
209281 199935 161903 211868
216184 172651 195205 195199
217415 184956 182663 192569
206228 188416 167915 215708
195115 186401 194714 201681
203428 188394 173090 212079
203142 201682 183166 200727
210533 191233 193416 189791
224850 173719 180778 199424
223460 203050 171211 190935
225878 177284 176151 198789
213922 184959 190609 192834
214881 182509 185519 193070
194950 191643 183900 217059
218039 193973 180937 185528
215768 172857 179843 211624
201600 188020 174014 204882
197852 191699 166464 212914
226311 188888 175224 192209
210295 194234 160034 216160
196927 185267 174399 221130
227636 173289 179158 196519
197528 199347 176860 207610
203943 198011 166262 203985
212767 194902 161412 215039
217836 187389 167228 201691
207816 183969 193614 192490
207709 198867 163718 215965
201166 186444 195340 193633
195873 195680 178854 215187
198359 193708 171274 211585
226240 201076 170316 189501
224305 185911 180601 188366
214690 197196 170043 197432
224757 182857 171202 196180
202823 179419 179505 216029
207789 195360 162713 222297
205836 182670 192905 193856
203127 193319 170484 201417
212448 181003 178636 196344
193991 195529 176022 222034
226175 195005 176328 187684
207714 196267 179248 196761
209413 205564 184219 185563
205955 203267 176502 195425
220571 184129 162140 209292
213072 191499 161193 215767
210718 178289 169867 207134
194796 200851 183735 207643
224680 177556 180290 196338
228172 179557 167933 203647
209194 182881 171404 203607
227810 186853 197785 182911
225752 178916 191022 184357
226918 197078 170310 193874
210927 203071 173555 194217
210923 199283 163419 208389
204705 179560 188100 208690
191259 196188 183682 214991
230936 171748 172192 219781
195354 196222 191133 210386
206931 184430 182002 195709
196420 184623 186088 219995
198060 192255 183395 204434
203484 188859 172271 206383
214053 185519 182712 186261
207912 205348 174711 194126
202642 182570 186284 201798
217019 174650 188485 198032
204920 197353 175883 200920
223738 180306 182835 186186
196892 185467 176628 213264
194330 205639 191184 210759
202858 186411 169067 220867
214575 183969 165947 206789
215013 177035 166580 213153
209698 192433 181199 190922
219696 180582 188369 193534
215611 195521 192746 185716
220471 174598 194920 196584
200209 181031 169123 219106
215048 174620 184881 220150
214621 175050 177626 213954
215950 203888 180631 187361
207416 185018 175634 201928
211291 191454 166760 205297
208203 189576 164611 208851
205254 203554 184428 189283
215549 194295 194188 185291
219603 179102 173529 195044
211802 186301 188467 194776
198830 193612 168532 207091
198720 198016 173231 206924
199609 181215 190291 212607
197721 188100 173264 207487
206256 185668 173378 206948
212534 177956 176386 199144
209688 186246 161997 212828
199807 200055 175448 206246
205640 186115 169407 207686
211110 191427 164923 207325
228023 193158 174652 188150
210234 188900 175051 202002
209377 176226 183587 198011
211706 206276 172239 195122
196429 189430 169331 218522
205130 194192 188248 190638
200939 184920 183021 206147
199870 193207 178144 204993
221211 198465 176666 187860
226093 186858 185672 184617
192833 206333 179806 211941
207364 192278 164515 210860
196297 197344 177874 208165
224361 178719 182097 196655
204802 179054 184374 216675
221216 169946 198529 197125
211316 178477 175461 205125
208654 186110 176627 197995
213766 178990 175368 201106
230936 171748 172192 219781
203294 184432 179600 206042
221528 173477 168769 202144
197460 183605 181375 219455
211911 180016 182831 197969
194532 196240 178579 211422
200200 189363 169987 214949
206990 181757 169369 208184
219647 175628 172459 204441
205848 184838 177970 203148
202538 184467 173831 203875
216416 192851 170383 193194
198053 187694 184336 200614
205107 187775 175781 197651
215900 201929 177117 188817
211180 178108 171900 211871
211510 196090 176358 195403
216130 187801 173924 198875
209281 199935 161903 211868
209281 199935 161903 211868
233593 189237 176740 222013
231602 194849 166980 218386
224443 185560 198617 204743
218756 180054 185436 207460
211635 196948 174657 227867
208772 196192 183119 196157
196805 219857 191385 212424
221506 204946 172683 213536
225825 184611 193350 201528
204295 187298 182777 208478
222210 188167 186473 196256
232269 193015 175628 225078
205606 200202 175596 221604
222262 194768 170190 214428
208871 195715 178565 200079
230267 184020 182301 210725
208359 194255 190904 201895
217959 194357 182019 198268
221404 202532 176928 202446
228269 190117 175862 209463
223381 199031 173393 198911
216763 184473 190100 214320
215764 203966 174431 214787
221896 185417 181142 205124
220476 195438 176037 221069
215824 193387 190428 207166
226639 184534 180554 211809
214016 186555 179577 213646
212614 195125 178421 216464
213051 184921 179337 216165
204949 198074 179332 221079
216306 195192 177864 218027
215309 191498 180827 212332
218994 194841 180204 202842
221467 199220 176537 204022
224780 192487 178194 208010
228056 184734 177429 214030
216763 195612 177476 204193
215468 190905 182477 210115
230440 198149 176893 208398
220230 187203 180593 210088
214491 198695 175603 214670
223050 193064 175728 210458
219384 195254 178231 210803
216478 192615 182795 198314
219637 192581 178186 207250
236422 199902 186763 199916
223749 186070 182359 210518
223361 196741 172130 216295
217958 199617 187165 196963
215125 208469 176686 235102
213971 211013 178324 233319
210865 191297 197022 225234
207984 206754 180861 225970
230362 191908 179069 221979
222176 193291 191620 203166
224826 186499 183753 205186
215864 194638 193468 212825
220305 188759 189443 209087
219487 209616 175678 223906
226705 195531 176072 216352
218599 205023 177358 228971
232164 188933 181162 211744
212676 189202 184475 215018
216627 200503 182048 208088
217667 204228 180078 201804
223083 190413 185868 207241
232068 202172 183981 197044
213793 195172 188164 210335
214989 193302 180489 221346
208971 209169 183191 211179
215878 198352 177956 229868
219354 196255 177802 218519
211489 195046 185507 215479
212414 191251 182933 225145
214714 198507 181935 209930
219776 201895 181605 212416
220643 202442 183837 206736
221802 204010 179257 210596
223218 197978 184091 200931
216091 205790 181187 212160
216005 203503 183415 201174
210309 196440 184025 207577
217899 194789 185847 214173
219494 194113 184251 211607
220821 191831 181337 210386
221977 208514 175926 217288
219256 195050 183035 218051
217761 191381 183155 216778
215014 196653 180823 217605
239386 195825 182864 218599
237942 191505 202646 205561
235399 205247 191473 198679
232287 204995 174227 217438
231136 216609 179624 213738
226912 187539 192993 217947
215342 205265 181378 241592
213759 197557 187977 225611
237125 193324 184058 233951
222450 213296 178162 218640
227542 194994 184408 227261
226702 197577 199439 208424
214087 211212 192190 215181
215294 199035 196480 220995
223854 200451 182490 209985
228974 207896 180101 215982
230815 197633 175368 217604
227467 204093 185765 204286
237947 190295 194694 210403
219478 208304 182649 218682
217639 197099 193452 212040
224824 203411 189704 207619
233761 199031 188959 209706
218964 204134 194728 208545
231498 213083 185246 209321
222570 195207 186569 215326
229498 197794 180952 222461
232194 192206 188662 220806
235922 194075 187661 206454
230382 204767 180637 214904
224700 197976 183456 211050
236302 193683 183778 220048
233383 203994 185911 204912
214523 203154 185832 211590
227514 200583 180631 223983
219965 206324 182813 221117
217273 197561 185534 210501
220277 202296 182729 210511
228198 196815 187721 210778
221359 206133 181033 210914
228579 201148 189686 207025
220171 190563 186957 221910
215211 201260 186977 220393
220149 201664 194400 208920
226010 197274 183805 211038
218982 200889 192815 209863
226388 201746 185286 205470
235722 191894 184862 215276
221465 197240 193234 211048
219596 203719 185018 210463
248399 195098 185546 219458
239193 188678 199861 221632
235058 204586 186414 204960
234788 203254 179214 229135
230677 204377 201200 205177
218664 219007 197105 215323
215994 211041 185864 235903
215890 205289 186134 223104
245186 194196 198951 209993
228683 217975 180620 225689
246249 192129 197951 213856
236695 194287 193622 207545
229198 202223 184556 230760
223346 213939 188401 211463
232652 197737 183809 211464
239279 203114 188632 208088
229141 201560 196848 211347
223025 207660 192580 214040
217655 206631 189325 218140
225517 201269 185066 211920
226443 210361 182373 215083
236684 201388 189995 211405
223544 192382 187869 222545
238104 194046 187465 215622
218757 200597 186840 214811
229160 207829 184038 225738
227461 203351 188902 205847
227586 209036 185535 208581
227610 208442 183293 214586
238970 210890 181657 220881
238787 206312 181141 221739
231245 199887 186066 222725
229938 199144 197634 213992
221780 205351 184861 216859
222439 198512 186594 216176
221257 206481 186391 219823
235094 204036 183510 215715
222861 202843 184578 217479
222721 204874 185696 219918
247563 196724 188752 220895
242060 198409 204548 213355
232739 212621 198212 206368
227282 211870 185173 226411
224827 224576 186901 221587
223691 195188 188382 223096
218684 218470 190571 231341
242303 199150 199309 209592
237914 206742 187755 208800
234445 204991 191388 210414
228572 206540 196001 210062
222217 201862 196383 218565
226862 214843 190727 212650
232632 211324 185295 215158
232839 201253 187032 212423
228448 202910 187639 217212
219178 205274 188620 221498
227336 199871 187748 224458
230288 202978 187891 212724
232593 202303 186166 219748
227561 204892 185722 214386
224503 203719 188141 218982
233764 198586 185452 219786
228520 202458 190000 218914
241539 200507 197316 226440
240890 196786 188760 227792
233246 215412 185669 221449
231287 222791 188292 213620
230616 208779 198733 212561
227520 197144 204030 223423
225819 217601 190878 235989
223273 211131 197924 219559
234465 203032 192686 218655
229446 210193 200632 216030
228555 211922 195929 215840
226055 213785 189271 225138
228732 205147 186838 226689
230994 203036 191275 212935
227742 206199 198216 227657
228497 217246 188622 222540
233806 205456 190219 224938
227304 210103 188748 223952
234077 198001 198162 226515
251346 213863 192611 214895
237486 204878 193547 223692
236937 217268 196202 213460
234642 217843 191068 223052
231770 213172 195798 226078
231522 210000 199022 214859
234101 217054 191530 220288
232083 205040 193219 214199
251726 219401 198195 218264
235481 210672 193414 220089
233741 211804 199961 221798
231917 214195 200988 216731
241508 212149 194037 219023
246299 213963 205391 225257
243129 212044 209020 223548
