0 0.0299539 7 7
1 0.0552805 9 10
2 0.0817345 4 2
4 0.135158 10 5
6 0.186127 6 4
9 0.259702 8 10
13 0.360241 18 20
18 0.489057 27 21
25 0.663184 35 9
34 0.88984 33 13
46 1.19936 12 11
62 1.60797 12 18
83 2.1604 45 11
112 2.91006 15 17
149 3.90042 27 42
199 5.21925 55 43
267 6.98893 64 62
360 9.34656 116 108
490 12.4903 160 102
734 16.6783 199 241
1078 22.2746 170 256
1654 29.74 182 162
2596 39.7027 245 254
4031 53.0085 249 246
6258 70.7653 223 246
9357 94.4714 245 244
13693 126.119 246 245
19450 168.362 245 245
27135 224.75 245 245
37365 300.005 245 245
