0 0.102451 5 4 11 5
1 0.237126 7 7 15 8
2 0.371973 6 6 18 12
3 0.506404 7 9 24 17
5 0.77585 13 16 26 21
7 1.04492 15 18 36 31
10 1.45147 10 15 41 44
13 1.85814 8 16 58 39
17 2.3875 17 19 33 60
22 3.05662 19 32 37 81
29 3.97248 37 38 15 66
37 5.05065 63 50 27 53
47 6.35812 88 71 43 70
62 8.05954 89 89 78 91
82 10.1552 89 89 90 88
107 12.7555 92 92 90 65
134 101.446 1 1 1 1
267 202.99 1 69 1 1
400 285.434 1 1 1 1
469 294.954 58 36 36 36
480 296.42 82 41 41 41
484 296.979 5 43 43 43
487 297.38 12 45 45 45
490 297.779 23 46 46 46
493 298.178 31 48 48 48
496 298.576 44 49 49 49
499 298.973 53 51 51 51
502 299.338 59 52 52 52
506 299.725 75 54 54 54
509 300.023 82 56 56 56
