0 0.110757 7 7
1 0.203468 11 11
2 0.290736 12 9
3 0.378886 15 11
5 0.556033 20 6
7 0.731242 25 13
10 0.994084 14 16
14 1.3446 14 24
19 1.80088 31 20
25 2.33446 22 42
32 2.99312 15 13
41 3.8451 17 19
52 4.90334 7 15
67 6.29918 21 21
86 8.07902 19 43
110 10.3509 29 37
140 13.2204 15 25
179 16.8883 39 47
229 21.5082 41 56
290 27.3812 36 42
373 34.8624 41 67
482 44.3467 82 111
639 56.3908 81 50
861 71.6153 117 98
1136 90.9424 174 69
1583 115.49 188 169
2134 146.645 185 122
2828 186.171 128 109
3805 236.344 249 243
5151 300.02 185 258
