0,0.275982,0.417528
1,0.520034,0.423194
2,0.705175,0.428851
3,0.903011,0.434976
5,1.2929,0.444484
7,1.70295,0.455135
9,2.15002,0.461173
12,2.83303,0.471096
15,3.54439,0.482812
19,4.53967,0.492828
24,5.84888,0.504194
30,7.36997,0.516613
36,9.10408,0.527282
44,11.4893,0.539997
53,14.3501,0.555104
64,17.8409,0.573846
77,22.014,0.590698
93,27.2139,0.613023
112,33.5064,0.635224
135,40.9611,0.65757
164,50.0258,0.683723
198,61.3075,0.710608
241,74.8798,0.738043
297,91.5897,0.770192
364,111.902,0.804269
438,136.446,0.834445
529,166.508,0.865499
637,202.962,0.897821
766,247.077,0.928063
890,300.637,0.957367
