0,0.0829382,0.390671
1,0.143697,0.390718
2,0.204354,0.392147
4,0.3254,0.393223
6,0.446877,0.395055
9,0.628699,0.395109
13,0.871164,0.398553
18,1.17306,0.40206
24,1.53725,0.406867
32,2.02229,0.40737
42,2.62819,0.407594
55,3.4066,0.418091
72,4.43022,0.421291
93,5.68316,0.429746
121,7.31575,0.448646
157,9.39048,0.473377
203,12.0637,0.494334
295,15.4589,0.536572
415,19.8132,0.569785
568,25.3928,0.593589
764,32.5313,0.60557
1019,41.6745,0.614895
1347,53.3613,0.628623
1771,68.3283,0.634445
2313,87.4775,0.637026
3007,111.971,0.639353
3901,143.294,0.641691
5049,183.362,0.644791
6520,234.579,0.657408
8401,300.002,0.662287
