0,0.114306,0.523333
1,0.23307,0.524435
3,0.343511,0.52702
5,0.462695,0.528077
8,0.621292,0.531929
12,0.840057,0.536378
17,1.10799,0.541702
23,1.44141,0.547619
31,1.88529,0.553143
41,2.45411,0.559147
54,3.17881,0.564382
70,4.07899,0.571639
90,5.20091,0.576557
116,6.65088,0.582685
148,8.44791,0.588389
189,10.7658,0.593958
241,13.7116,0.600662
308,17.4468,0.606449
390,22.1322,0.612952
494,28.0884,0.618752
627,35.6549,0.6243
794,45.2266,0.631031
1006,57.3286,0.637694
1273,72.6597,0.643581
1610,92.0866,0.650463
2029,116.647,0.654219
2558,147.774,0.660441
3226,187.178,0.665632
4062,237.047,0.6709
5122,300.026,0.674668
