0,0.102853,0.343941
1,0.198102,0.343999
2,0.297592,0.344
3,0.390975,0.344
5,0.604809,0.35007
7,0.832738,0.351158
10,1.17729,0.354214
13,1.52363,0.35879
17,1.97493,0.359157
22,2.51312,0.366745
31,3.25058,0.367128
40,4.19729,0.401101
55,5.33709,0.401101
73,6.82619,0.444701
97,8.79612,0.476072
135,11.1685,0.481792
187,14.1316,0.504522
255,17.9117,0.520608
341,22.6827,0.528966
429,28.7293,0.530215
557,36.3675,0.546865
1217,46.0287,0.546865
2779,58.191,0.546865
3581,73.5801,0.564345
4617,93.0295,0.564476
6390,117.586,0.571987
7316,148.64,0.579809
9495,187.869,0.585561
12322,237.434,0.592175
15776,300.111,0.593535
