0,0.00133223,0.44744
1,0.00410495,0.448794
2,0.00628225,0.449767
4,0.0102833,0.456761
7,0.0162413,0.477573
11,0.024147,0.494153
18,0.0375285,0.526598
28,0.0562238,0.547804
43,0.0842826,0.570538
65,0.126427,0.596292
98,0.18839,0.633297
144,0.27916,0.65563
209,0.412059,0.675501
299,0.607604,0.685682
421,0.895536,0.697507
580,1.32213,0.707472
797,1.9483,0.720414
1100,2.87186,0.732467
1524,4.2322,0.743454
2056,6.23871,0.746974
2783,9.19283,0.754214
3908,13.5433,0.757946
5526,19.9505,0.762716
7747,29.3886,0.772072
11150,43.2876,0.783358
15934,63.7593,0.799751
22687,93.9091,0.807353
32803,138.312,0.815375
48022,203.707,0.823828
70027,300.001,0.831289
