0,0.00156111,0.33435
1,0.00462873,0.339698
2,0.00717488,0.340832
4,0.012295,0.343839
7,0.0203235,0.34965
11,0.0305972,0.366273
17,0.0458314,0.375602
25,0.0685122,0.390399
35,0.102174,0.403751
49,0.150854,0.42553
69,0.223139,0.445889
95,0.328256,0.463323
129,0.483506,0.473462
178,0.707985,0.485975
240,1.03446,0.50213
316,1.51148,0.52131
428,2.21103,0.540962
627,3.22782,0.56809
946,4.71032,0.590126
1431,6.87482,0.606366
2103,10.0311,0.615715
3150,14.6368,0.634141
4706,21.3549,0.651878
6974,31.1531,0.666094
10341,45.4445,0.680791
15237,66.2859,0.690638
22431,96.6842,0.707886
34006,141.021,0.718669
50383,205.688,0.730297
81339,300.001,0.739671
