0,0.271932,0.355392
1,0.491485,0.355392
2,0.737818,0.355396
3,0.985716,0.355522
4,1.24998,0.357616
6,1.82473,0.360273
8,2.41037,0.360373
10,2.99065,0.364675
13,3.86763,0.366895
17,5.03728,0.366934
22,6.34789,0.367438
29,7.89276,0.368642
33,11.2074,0.434047
49,13.7937,0.434047
65,16.7872,0.434511
89,20.4518,0.434511
114,24.9263,0.436612
151,30.2461,0.436612
193,38.3931,0.473536
240,46.5733,0.51456
289,58.861,0.548799
344,70.9337,0.553536
401,85.0999,0.557083
481,103.038,0.557149
609,123.719,0.557149
799,147.922,0.557149
1281,176.986,0.565778
1569,211.466,0.575493
1829,252.198,0.588356
2485,300.112,0.597244
