0,0.00318371,0.335051
1,0.0115478,0.335371
2,0.0183607,0.351695
4,0.0313509,0.352392
7,0.0511977,0.353845
11,0.0771065,0.360199
17,0.115147,0.360643
25,0.168032,0.361119
36,0.239207,0.362737
52,0.342768,0.369521
74,0.483446,0.390573
105,0.679198,0.392025
149,0.956616,0.396049
211,1.34752,0.4267
297,1.89136,0.501913
418,2.65725,0.542237
588,3.72752,0.595053
826,5.22697,0.64028
1160,7.3276,0.663686
1625,10.2725,0.677906
2274,14.4023,0.681728
3172,20.1882,0.685432
4405,28.2938,0.686181
6105,39.6486,0.689117
8479,55.5592,0.691912
11792,77.8528,0.69291
16432,109.085,0.695946
22961,152.837,0.696682
32155,214.138,0.697622
45978,300.002,0.698425
