0,0.00213654,0.323373
1,0.0034621,0.323373
3,0.00556281,0.323373
6,0.00886499,0.323415
10,0.013451,0.323415
16,0.0201711,0.323421
25,0.0302699,0.331847
39,0.0454829,0.331993
61,0.0688511,0.331993
93,0.103152,0.332023
140,0.154794,0.332482
210,0.231196,0.338267
311,0.34523,0.339422
459,0.51463,0.343716
677,0.766673,0.350143
1007,1.1415,0.366196
1522,1.70012,0.406252
2212,2.5321,0.45251
3218,3.77018,0.500837
4625,5.61309,0.535827
6233,8.35691,0.551424
9002,12.4416,0.580893
11759,18.5229,0.584026
14980,27.5754,0.597138
20719,41.0495,0.606757
27544,61.1081,0.627242
35534,90.9644,0.633702
48384,135.405,0.648568
70104,201.551,0.678353
98557,300.004,0.69784
