0 0.0127193 59 59 59 59
1 0.0373286 59 59 59 59
2 0.062032 59 59 59 59
3 0.0867757 59 59 59 59
5 0.136087 59 59 59 59
8 0.20999 59 59 59 59
12 0.308521 59 59 59 59
17 0.431172 70 59 59 59
24 0.599549 84 59 59 59
33 0.809318 59 59 64 87
46 1.09857 59 61 66 88
64 1.49204 59 70 86 88
90 2.02381 73 59 88 88
124 2.72896 84 70 88 88
149 3.67884 59 59 59 59
201 4.95706 59 59 59 59
267 6.89638 59 59 59 59
362 9.24774 59 59 59 59
479 12.3687 59 82 79 80
653 16.548 59 61 88 61
868 22.1271 59 59 59 59
1159 29.5792 59 59 59 59
1551 39.526 59 59 59 88
2108 52.806 59 59 59 60
2827 70.5514 59 59 59 59
3895 94.2444 59 88 88 88
5407 125.887 59 88 88 88
7405 168.161 59 88 88 88
9933 224.625 59 88 88 88
13439 300.019 59 88 88 88
