0 0.0146088 182 158
1 0.0281956 129 114
2 0.0425807 244 153
4 0.0687022 200 244
7 0.106562 245 151
11 0.157231 219 220
16 0.217453 227 238
23 0.301335 238 153
34 0.42038 203 240
50 0.581546 231 244
73 0.799732 239 146
100 1.10116 227 244
154 1.50436 245 245
248 2.05801 245 245
360 2.81299 245 245
466 3.84505 245 245
625 5.25247 245 245
756 7.18235 245 245
907 9.81439 245 245
1116 13.4044 245 245
1408 18.2996 245 245
1820 24.9717 245 245
2415 34.0791 245 245
3294 46.5034 245 245
4687 63.4554 245 245
6317 86.5814 245 245
8827 118.129 245 245
12098 161.17 245 245
16442 219.897 245 245
23522 300.001 245 245
