0 0.661103 155 26 70
1 1.32657 113 124 151
2 1.97823 159 54 51
3 2.61192 150 120 111
4 3.25796 135 134 71
6 4.49082 125 106 79
8 5.75427 161 159 160
10 6.92421 162 149 161
13 8.62107 161 162 158
17 10.2834 157 162 156
23 12.3857 162 143 160
35 14.8404 149 162 162
41 17.6085 126 106 159
49 20.9302 159 151 154
61 24.9282 161 117 162
70 29.593 159 137 138
81 35.2164 152 161 159
99 41.8607 143 131 150
152 49.3914 161 162 161
300 58.2404 162 162 162
515 68.6228 162 162 162
599 80.918 161 162 162
814 95.3677 162 162 162
1133 112.354 162 162 162
1469 132.389 160 162 162
1935 155.964 162 162 162
2505 183.699 162 162 162
2919 216.364 162 162 162
3652 254.818 161 162 162
4588 300.007 162 162 162
