0 0.0160062 204 159
1 0.0302371 149 120
2 0.0450844 220 192
4 0.0707185 243 237
7 0.102181 234 243
13 0.146055 245 245
22 0.204606 245 245
34 0.28703 245 245
49 0.395737 245 245
66 0.543376 245 245
94 0.746229 245 245
132 1.02734 245 245
178 1.41452 245 245
227 1.95041 245 245
280 2.68609 245 245
356 3.69 245 245
428 5.0545 245 245
524 6.93955 245 245
658 9.50979 245 245
842 13.0187 245 245
1124 17.8191 245 245
1512 24.3948 245 245
2070 33.3862 245 245
2947 45.7017 245 245
4061 62.5409 245 245
5892 85.5903 245 245
8757 117.117 245 245
14151 160.252 245 245
24973 219.268 245 245
39898 300 245 245
