1 0.127894
1.5795e+06 1.64946e+06 1.58378e+06
1.59225e+06 1.59338e+06 1.59973e+06
1.59361e+06 1.60577e+06 1.58762e+06
1.59625e+06 1.59233e+06 1.57431e+06
1.59654e+06 1.57249e+06 1.62996e+06
1.59882e+06 1.58231e+06 1.57676e+06
1.61894e+06 1.57507e+06 1.58139e+06
1.62456e+06 1.59496e+06 1.55827e+06
1.64221e+06 1.58295e+06 1.56604e+06
1.53994e+06 1.60606e+06 1.67192e+06
1.5543e+06 1.57523e+06 1.60962e+06
1.56113e+06 1.61399e+06 1.5862e+06
1.58991e+06 1.5775e+06 1.6017e+06
1.59502e+06 1.53706e+06 1.63037e+06
1.5975e+06 1.55132e+06 1.59727e+06
1.60034e+06 1.58137e+06 1.58898e+06
1.60185e+06 1.61223e+06 1.57247e+06
1.6089e+06 1.57342e+06 1.59305e+06
1.61331e+06 1.55568e+06 1.5825e+06
1.61399e+06 1.54577e+06 1.59027e+06
