93 26.4282
3.24242e+06 3.11172e+06 3.16435e+06 3.2536e+06
3.24838e+06 3.16715e+06 3.1602e+06 3.18189e+06
3.2242e+06 3.11412e+06 3.21454e+06 3.2186e+06
3.20512e+06 3.21305e+06 3.23728e+06 3.10281e+06
3.28296e+06 3.13451e+06 3.16841e+06 3.20047e+06
3.21328e+06 3.20906e+06 3.16929e+06 3.16072e+06
3.21748e+06 3.21413e+06 3.13216e+06 3.18004e+06
3.2301e+06 3.1951e+06 3.13826e+06 3.17024e+06
3.2266e+06 3.27614e+06 3.13068e+06 3.15932e+06
3.15374e+06 3.12551e+06 3.19959e+06 3.14191e+06
3.14045e+06 3.3191e+06 3.20969e+06 3.16294e+06
3.21583e+06 3.29453e+06 3.13491e+06 3.15386e+06
3.24934e+06 3.22263e+06 3.21515e+06 3.08986e+06
3.19375e+06 3.19068e+06 3.26157e+06 3.0944e+06
3.20859e+06 3.14196e+06 3.19236e+06 3.25988e+06
3.16718e+06 3.15823e+06 3.19416e+06 3.2587e+06
3.17577e+06 3.18308e+06 3.15366e+06 3.16308e+06
3.18316e+06 3.22844e+06 3.16002e+06 3.14868e+06
3.29798e+06 3.27969e+06 3.12257e+06 3.13912e+06
3.16052e+06 3.194e+06 3.16374e+06 3.17689e+06
3.20457e+06 3.21323e+06 3.13931e+06 3.20237e+06
3.23251e+06 3.21062e+06 3.17998e+06 3.14222e+06
3.19545e+06 3.22846e+06 3.23715e+06 3.10216e+06
3.17531e+06 3.15766e+06 3.17524e+06 3.19485e+06
3.21233e+06 3.21064e+06 3.14563e+06 3.18161e+06
3.17162e+06 3.22365e+06 3.14348e+06 3.24076e+06
3.18574e+06 3.17967e+06 3.16792e+06 3.18237e+06
3.19018e+06 3.20225e+06 3.13654e+06 3.22575e+06
3.18227e+06 3.19224e+06 3.13929e+06 3.31343e+06
3.26904e+06 3.18566e+06 3.17657e+06 3.13046e+06
3.23897e+06 3.18407e+06 3.14742e+06 3.17465e+06
3.24608e+06 3.12179e+06 3.20372e+06 3.24872e+06
3.2661e+06 3.16428e+06 3.1295e+06 3.1386e+06
3.19262e+06 3.2583e+06 3.12379e+06 3.23073e+06
3.23484e+06 3.10977e+06 3.26867e+06 3.33524e+06
3.2291e+06 3.23512e+06 3.11379e+06 3.19325e+06
3.1194e+06 3.21679e+06 3.20052e+06 3.19531e+06
3.14083e+06 3.17546e+06 3.17522e+06 3.16331e+06
3.2415e+06 3.1743e+06 3.16793e+06 3.14309e+06
3.19602e+06 3.18873e+06 3.14572e+06 3.24186e+06
3.18126e+06 3.25618e+06 3.11128e+06 3.27121e+06
3.20964e+06 3.2355e+06 3.14874e+06 3.19664e+06
3.22326e+06 3.27659e+06 3.14543e+06 3.16193e+06
3.1991e+06 3.23832e+06 3.13961e+06 3.20307e+06
3.22596e+06 3.1199e+06 3.2082e+06 3.20561e+06
3.12472e+06 3.16335e+06 3.22678e+06 3.21308e+06
3.17732e+06 3.23842e+06 3.16913e+06 3.15286e+06
3.18079e+06 3.22326e+06 3.12148e+06 3.24403e+06
3.21482e+06 3.24695e+06 3.15013e+06 3.16111e+06
3.23095e+06 3.19392e+06 3.13635e+06 3.14486e+06
3.13774e+06 3.26533e+06 3.19267e+06 3.1802e+06
3.18119e+06 3.2778e+06 3.16566e+06 3.13272e+06
3.19215e+06 3.2096e+06 3.16574e+06 3.15894e+06
3.22037e+06 3.19415e+06 3.1515e+06 3.1631e+06
3.13107e+06 3.24203e+06 3.16851e+06 3.18374e+06
3.13995e+06 3.22381e+06 3.23074e+06 3.16362e+06
3.22705e+06 3.18818e+06 3.14023e+06 3.17707e+06
3.13581e+06 3.23535e+06 3.21396e+06 3.1849e+06
3.21079e+06 3.2457e+06 3.12779e+06 3.20655e+06
3.11814e+06 3.22606e+06 3.23056e+06 3.13211e+06
3.21698e+06 3.13378e+06 3.19851e+06 3.28497e+06
3.15329e+06 3.20863e+06 3.16765e+06 3.18069e+06
3.16558e+06 3.19155e+06 3.16664e+06 3.22817e+06
3.13022e+06 3.23307e+06 3.19965e+06 3.20313e+06
3.14382e+06 3.20838e+06 3.16076e+06 3.22095e+06
3.14824e+06 3.28492e+06 3.14655e+06 3.19748e+06
3.18091e+06 3.14939e+06 3.18075e+06 3.15602e+06
3.22144e+06 3.23048e+06 3.15083e+06 3.1677e+06
3.2449e+06 3.1299e+06 3.19669e+06 3.24982e+06
3.2902e+06 3.20422e+06 3.22498e+06 3.09634e+06
3.12075e+06 3.26188e+06 3.22365e+06 3.17337e+06
3.20993e+06 3.2373e+06 3.14508e+06 3.16629e+06
3.22636e+06 3.18611e+06 3.13914e+06 3.20302e+06
3.23962e+06 3.11174e+06 3.22606e+06 3.20704e+06
3.16129e+06 3.17529e+06 3.1574e+06 3.23832e+06
3.18751e+06 3.14832e+06 3.18381e+06 3.19982e+06
3.22684e+06 3.20848e+06 3.20144e+06 3.12389e+06
3.23014e+06 3.27179e+06 3.1388e+06 3.13844e+06
3.24265e+06 3.20117e+06 3.12284e+06 3.1969e+06
3.2511e+06 3.20299e+06 3.13321e+06 3.14008e+06
3.10936e+06 3.21752e+06 3.23371e+06 3.23026e+06
3.21981e+06 3.22236e+06 3.24391e+06 3.09554e+06
3.21017e+06 3.26049e+06 3.13739e+06 3.20339e+06
3.16412e+06 3.2269e+06 3.12946e+06 3.21969e+06
3.10328e+06 3.23533e+06 3.22482e+06 3.22181e+06
3.12809e+06 3.16925e+06 3.23222e+06 3.20029e+06
3.14857e+06 3.20441e+06 3.15022e+06 3.18779e+06
3.1475e+06 3.211e+06 3.19338e+06 3.14803e+06
3.1493e+06 3.19426e+06 3.22622e+06 3.14332e+06
3.12901e+06 3.20318e+06 3.26231e+06 3.16833e+06
3.13856e+06 3.20685e+06 3.29876e+06 3.15172e+06
3.15449e+06 3.21183e+06 3.17216e+06 3.11329e+06
3.15473e+06 3.17973e+06 3.21537e+06 3.12854e+06
3.19723e+06 3.22899e+06 3.15605e+06 3.15395e+06
3.14199e+06 3.13349e+06 3.23076e+06 3.14885e+06
3.15403e+06 3.21681e+06 3.21824e+06 3.1374e+06
3.1665e+06 3.1739e+06 3.18606e+06 3.13153e+06
3.19754e+06 3.22146e+06 3.18646e+06 3.10846e+06
3.27912e+06 3.20498e+06 3.17206e+06 3.1003e+06
3.19336e+06 3.16689e+06 3.17172e+06 3.20591e+06
3.20002e+06 3.23925e+06 3.14425e+06 3.17195e+06
3.22242e+06 3.22144e+06 3.15756e+06 3.16089e+06
3.20756e+06 3.15833e+06 3.1567e+06 3.22724e+06
3.14602e+06 3.14938e+06 3.20578e+06 3.21113e+06
3.23341e+06 3.22768e+06 3.15984e+06 3.12558e+06
3.21244e+06 3.23269e+06 3.16583e+06 3.13158e+06
3.27993e+06 3.14684e+06 3.14894e+06 3.27012e+06
3.169e+06 3.1858e+06 3.17032e+06 3.14607e+06
3.22364e+06 3.17014e+06 3.19449e+06 3.13572e+06
3.26371e+06 3.2275e+06 3.13281e+06 3.15574e+06
3.17969e+06 3.21692e+06 3.13437e+06 3.21393e+06
3.25648e+06 3.19014e+06 3.10846e+06 3.18817e+06
3.13431e+06 3.16994e+06 3.19916e+06 3.19574e+06
3.22048e+06 3.22381e+06 3.16592e+06 3.11976e+06
3.20733e+06 3.28061e+06 3.13235e+06 3.18305e+06
3.27507e+06 3.22869e+06 3.13426e+06 3.13039e+06
3.22304e+06 3.21619e+06 3.14917e+06 3.17926e+06
3.12217e+06 3.2486e+06 3.19614e+06 3.19996e+06
3.21074e+06 3.2385e+06 3.30679e+06 3.0761e+06
3.21368e+06 3.24064e+06 3.16609e+06 3.11928e+06
3.21743e+06 3.1655e+06 3.17477e+06 3.17591e+06
3.1723e+06 3.22964e+06 3.19514e+06 3.10006e+06
3.14175e+06 3.23759e+06 3.20567e+06 3.16042e+06
3.17651e+06 3.19251e+06 3.24617e+06 3.1136e+06
3.23359e+06 3.18897e+06 3.17103e+06 3.1438e+06
3.14006e+06 3.21938e+06 3.22943e+06 3.14412e+06
3.17478e+06 3.18968e+06 3.15031e+06 3.17603e+06
3.20702e+06 3.22244e+06 3.16716e+06 3.13792e+06
3.22815e+06 3.13751e+06 3.19009e+06 3.22507e+06
3.21118e+06 3.16906e+06 3.15232e+06 3.17621e+06
3.21194e+06 3.15658e+06 3.22667e+06 3.12852e+06
3.22085e+06 3.20393e+06 3.14379e+06 3.21083e+06
3.23636e+06 3.1105e+06 3.16348e+06 3.27532e+06
3.22479e+06 3.17125e+06 3.18004e+06 3.15085e+06
3.16611e+06 3.22822e+06 3.1498e+06 3.18077e+06
3.17502e+06 3.16728e+06 3.18346e+06 3.13966e+06
3.12765e+06 3.19322e+06 3.22728e+06 3.1992e+06
3.17407e+06 3.27401e+06 3.1491e+06 3.1897e+06
3.21524e+06 3.22699e+06 3.14254e+06 3.18171e+06
3.22759e+06 3.14852e+06 3.1465e+06 3.18902e+06
3.18439e+06 3.28088e+06 3.3061e+06 3.09959e+06
3.1935e+06 3.20191e+06 3.21517e+06 3.12684e+06
3.20635e+06 3.14545e+06 3.25617e+06 3.12692e+06
3.22993e+06 3.16498e+06 3.12668e+06 3.18326e+06
3.24776e+06 3.19446e+06 3.17106e+06 3.13396e+06
3.19012e+06 3.17296e+06 3.16209e+06 3.20038e+06
3.20187e+06 3.1614e+06 3.19563e+06 3.15137e+06
3.22189e+06 3.18551e+06 3.13301e+06 3.22776e+06
3.23023e+06 3.11115e+06 3.23032e+06 3.21086e+06
3.2473e+06 3.14791e+06 3.14223e+06 3.19106e+06
3.18407e+06 3.1844e+06 3.23846e+06 3.10622e+06
3.22385e+06 3.17607e+06 3.1771e+06 3.16315e+06
3.22399e+06 3.14793e+06 3.19262e+06 3.19925e+06
3.13736e+06 3.187e+06 3.25081e+06 3.18084e+06
3.17855e+06 3.24756e+06 3.14104e+06 3.18158e+06
3.22924e+06 3.1959e+06 3.25803e+06 3.09479e+06
3.23175e+06 3.16081e+06 3.19132e+06 3.09819e+06
3.23594e+06 3.13109e+06 3.18399e+06 3.17353e+06
3.21061e+06 3.20299e+06 3.20273e+06 3.11169e+06
3.21107e+06 3.17919e+06 3.17511e+06 3.16067e+06
3.23596e+06 3.20332e+06 3.12514e+06 3.16284e+06
3.24359e+06 3.25947e+06 3.12836e+06 3.14137e+06
3.25052e+06 3.15504e+06 3.19581e+06 3.14959e+06
3.21572e+06 3.19243e+06 3.16408e+06 3.15621e+06
3.23463e+06 3.20336e+06 3.17355e+06 3.14098e+06
3.23853e+06 3.13249e+06 3.17368e+06 3.22382e+06
3.137e+06 3.21351e+06 3.23401e+06 3.15812e+06
3.13982e+06 3.20911e+06 3.18283e+06 3.18471e+06
3.17775e+06 3.15942e+06 3.22017e+06 3.12528e+06
3.19173e+06 3.2374e+06 3.14841e+06 3.20524e+06
3.19683e+06 3.16185e+06 3.19443e+06 3.15117e+06
3.20748e+06 3.22984e+06 3.15118e+06 3.13928e+06
3.23986e+06 3.21216e+06 3.1696e+06 3.11932e+06
3.12867e+06 3.23211e+06 3.22396e+06 3.17963e+06
3.13813e+06 3.20735e+06 3.19332e+06 3.20815e+06
3.14201e+06 3.17393e+06 3.26961e+06 3.13324e+06
3.20223e+06 3.17684e+06 3.1566e+06 3.18686e+06
3.22347e+06 3.16031e+06 3.16864e+06 3.21078e+06
3.25337e+06 3.10596e+06 3.18727e+06 3.12895e+06
3.13035e+06 3.20242e+06 3.24575e+06 3.16784e+06
3.17371e+06 3.16608e+06 3.19798e+06 3.19874e+06
3.21621e+06 3.23146e+06 3.15405e+06 3.08942e+06
