283 1.22598
273814 266505 249542
274480 265854 247902
274734 265949 246785
274068 266600 248425
274630 265259 251515
274657 265611 247241
274411 266477 246888
277614 266225 240932
273394 269340 243303
273458 270779 241147
274332 273416 240760
274436 267969 242194
274636 266690 242342
275010 267923 241490
275219 272047 240734
275266 266476 243829
275547 267123 242094
275795 275621 240713
275873 270460 240772
276073 269181 240920
276221 266358 241360
276403 267790 241062
277047 265697 241809
278107 265845 240451
278363 261223 241563
278918 265546 241294
275171 265765 243846
276189 261861 245820
276614 270435 240542
277132 266791 241112
277239 262454 243334
277508 266278 241205
277608 260898 245702
277935 261308 242499
280200 261073 241678
280444 260118 245828
272408 270186 243633
273202 268806 244770
273470 268906 244613
273619 268621 243503
274520 269499 242127
274669 269214 241017
277377 262069 241893
277746 260513 244261
274797 264532 244698
274994 265034 244379
275116 263041 244509
275836 265025 241881
276166 263634 242023
276327 261476 244379
276509 262908 244081
277720 261343 243951
278770 261936 241465
278796 261106 241775
279139 260380 243833
276130 272480 240486
276725 268976 240839
276896 267410 240581
277301 266345 241676
277341 270915 240356
279274 261656 241315
279749 265560 240586
272259 270471 244743
272801 274263 242815
272944 269376 244704
273800 267515 244755
273801 270053 243205
273949 267230 243645
278063 263221 241445
280916 261371 241450
282665 260593 242627
284307 260308 242762
276027 263474 244261
277559 263501 241595
280768 261006 243205
281111 260280 245263
282161 260873 242777
284244 260271 243477
281801 259811 246391
