3314 54.4039
724277 707148 705279
734176 700819 706164
730388 701147 705600
735964 701514 705375
725843 701823 712769
724327 704806 707935
725354 705203 706029
726434 702477 708258
722659 706097 711696
723250 706751 707185
730499 700966 705482
737242 701514 705001
727068 702061 708032
735454 700819 705790
724982 703232 710463
725093 703051 710345
727200 700722 710668
728748 700008 710486
733937 699424 707646
726099 704606 705685
727967 700882 707490
729493 699411 710142
728392 703295 705159
730260 699571 706964
735725 700119 706857
732287 701661 704693
730488 702791 705357
727376 700228 712001
726238 700012 714025
729669 698917 711475
724242 702160 713584
725269 702557 711678
728642 698520 713381
726349 699831 713907
730847 700581 706746
734264 700197 706156
728455 702961 705134
728206 702277 706008
728199 705021 704372
727734 702340 707715
728294 701655 706000
739375 699219 707997
725233 705515 706725
726260 705912 704819
721498 708721 714101
725160 703587 707583
726187 703984 705677
725321 704893 706717
726348 705290 704811
727267 701258 707906
727428 702564 707040
725000 701810 715538
721733 707017 714462
723046 706774 710280
739950 697036 712952
730389 706154 701443
730553 703581 704279
730694 705773 701526
724985 703127 710693
726683 703055 707897
730487 703852 704266
730329 705950 702623
728492 699975 710748
729613 699705 708766
732152 704532 702138
730350 706480 701898
732313 705838 701272
732457 704151 702221
732587 705367 701758
732892 704986 701841
723777 705205 707756
725561 702824 710178
726694 705469 703970
727058 703626 706450
729308 700086 708683
729343 700030 710232
730717 699503 708667
723186 704551 712267
723538 703810 709238
723977 705935 707400
724186 702948 710875
725526 702880 708629
726070 703894 707230
726894 706199 703614
727097 704291 705324
732187 704476 703687
732618 705457 701355
733256 704330 702039
722678 706840 710474
722684 705256 713661
722783 705729 710913
722881 704932 712184
722947 703156 713749
722983 706459 710557
723472 705586 707673
724935 702226 713140
733417 705636 701173
733561 703949 702122
723374 706383 706402
723574 707113 706046
724565 704207 707332
724601 707510 704140
725667 705072 705876
725867 705802 705520
726031 703229 708356
726858 702896 706806
726933 706864 702488
727133 707594 702132
724640 708175 703014
724335 708556 702931
724401 706780 704496
724804 705602 705850
726628 707245 702405
725831 702499 708712
722642 703537 713666
724499 705983 705767
727774 702743 706199
727938 700170 709035
727974 703473 705843
728013 704138 704717
732382 700183 706539
728801 703140 704293
729001 703870 703937
732218 702756 703703
732582 700913 706183
724535 709286 702575
725240 701845 713223
727347 699516 713546
728965 700567 707129
729165 701297 706773
724840 708905 702658
726267 702242 711317
728374 699913 711640
729040 704535 702811
731430 703754 704127
729204 701962 705647
723672 706316 707317
727668 700495 710501
728538 705240 704205
732418 703486 703347
725618 701308 716326
725888 700983 714860
726479 701637 710349
728213 704868 704361
731630 704484 703771
728786 700038 710316
723081 705662 711828
728586 699308 710672
728696 704251 703854
725702 699965 715709
734893 702382 704387
726477 706171 704803
730247 699120 709330
730364 706192 702391
732621 701578 705057
733664 698736 708740
729530 705771 702805
726129 703192 708362
731922 698655 709061
732049 697936 710932
733030 699321 708176
735414 702239 704153
725538 702538 712873
725824 703573 708279
726532 702014 709716
727156 703589 706456
725055 705443 707326
725213 703345 708969
725941 701360 714227
726293 700619 711198
727015 701397 709209
727254 702792 707727
727320 701016 709292
727559 702411 707810
723507 705530 709222
723738 704540 708882
723268 704135 710704
726209 701962 711815
726508 704451 704819
723104 706708 707868
723916 703273 712341
724534 705927 707316
723275 705910 709150
724478 706181 706303
724642 703608 709139
726935 702297 708613
723005 706235 710616
726693 706068 704730
729144 702659 705847
722513 706054 712379
722677 703481 715215
729225 706152 702722
721581 708612 718205
727401 705560 703933
729949 705905 702746
728477 702658 705944
728716 704053 704462
727450 702261 707850
728877 705359 703596
727084 709594 699289
729796 701327 706691
729557 699932 708173
724387 713733 699615
736535 699266 707750
724647 712592 698866
724486 711286 699732
724548 715039 698749
726841 713728 698223
724791 710905 699815
726940 711281 698340
724312 712133 700328
727693 710417 698422
726605 710822 699802
725400 711728 698948
724408 711197 700348
728044 711079 698241
725161 710333 700430
727041 714458 697867
731001 703589 704269
724478 715606 698476
724933 717537 698326
726771 714295 697950
727076 713914 698033
724748 715769 698393
725607 714872 698443
725072 704988 706975
726870 711848 698067
727140 712011 697984
727445 711630 698067
725302 715253 698360
727325 713779 697917
723451 715209 700382
724577 713159 698593
725032 715090 698443
725152 712941 698593
727175 711467 698150
723550 712762 700499
723721 715372 700299
723820 712925 700416
724847 713322 698510
724783 715225 698559
724882 712778 698676
723932 716018 699996
729282 709138 698473
729754 710580 698362
729552 709301 698390
731861 708251 698685
732363 710831 698111
734470 708502 698434
736779 707452 698729
735508 710681 698221
731591 708088 698768
736509 707289 698812
738861 705956 700473
721599 712139 705203
721329 711976 705286
721399 711409 705559
721629 710790 705709
721760 713445 704337
721794 712064 705187
722321 712917 703214
722426 711806 703653
727130 714966 697530
724470 712905 698956
724775 712524 699039
725037 717007 697700
727152 710358 699279
724615 709228 702839
722556 712656 701991
726664 714041 698313
726794 710362 699829
722655 710209 702108
722795 714051 700509
722826 712819 701908
722894 711604 700626
722925 710372 702025
724231 711510 700438
724371 715352 698839
725194 716755 698216
725332 706616 703983
725571 708011 702501
723199 711223 700709
723370 713833 700509
724948 708898 701582
723039 707927 704509
723278 709322 703027
725457 710456 700017
725762 710075 700100
727068 711213 698513
725492 709912 700183
722250 710129 706677
723100 713670 700592
722448 707273 709020
724408 706081 707035
724900 709182 702407
724999 706735 702524
725139 710577 700925
725238 708130 701042
721945 710510 706594
722171 712030 704359
722184 711905 705112
722349 707682 706794
722410 713425 702877
722016 709839 707444
722115 707392 707561
722607 710493 702933
722706 708046 703050
722945 709441 701568
726575 708036 700854
722846 711888 701451
724422 713189 699781
727308 705685 702819
727547 707080 701337
721780 706933 709023
722019 708328 707541
722511 711429 702913
724664 706276 703986
727212 706621 702799
722354 708787 706079
722371 707587 704512
722610 708982 703030
724903 707671 702504
721681 709380 708906
722113 706814 710482
724521 710742 699898
726814 709431 699372
722704 707468 705971
724997 706157 705445
723947 708888 702842
724186 710283 701360
724282 709347 701380
726240 707577 702316
726479 708972 700834
721821 711184 705198
723469 711386 700626
727095 715510 697364
722255 709196 703853
727282 702636 706303
727615 702517 707762
727502 708271 700833
727297 715218 697063
727396 712771 697180
728193 717121 696529
729705 711721 697475
730601 713624 696941
727567 715381 696980
728292 714674 696646
728500 714539 696862
727604 712636 697396
726992 715599 696980
728263 716554 696802
733981 715542 696530
733306 710940 698048
734230 710945 697509
723949 713781 699869
724254 713400 699952
726626 707803 701353
726812 708821 700504
724214 710513 700947
728614 706873 700744
724519 710132 701030
728919 706492 700827
726507 709202 700421
733837 705693 700871
729252 706373 702286
736400 706425 700307
731561 705323 702581
716739 726714 715687
717308 725758 714950
721927 712851 704497
718191 714002 711175
718679 715438 708799
720031 714824 705302
720343 710041 712032
719656 717914 704968
720894 718691 702780
722283 718312 701997
720325 720082 701061
722083 717582 702353
723326 716815 700219
718168 715991 706630
719386 717751 705051
719462 713561 706631
719550 712939 706623
719744 717292 704960
724120 720964 699159
727463 721741 695512
717390 716368 708923
717772 721500 705956
717829 718290 708677
717902 719432 707091
717990 718810 707083
718011 718169 708393
718080 716613 706638
718104 716682 705958
718331 720741 701960
718395 720050 702632
718415 717072 705176
718560 715925 706956
718678 716495 706000
718895 716384 705494
719035 712739 709740
719308 715560 706176
719365 718869 704622
719592 718605 704296
719607 716248 705069
719880 718713 703932
720060 713443 705993
720383 718307 703832
721163 711910 706078
726666 717391 696163
728315 718430 695711
719243 713404 709034
719781 714962 706085
720473 711665 708363
720537 710974 709035
720561 711043 708355
720625 710352 709027
721009 713909 705623
721073 713218 706295
721227 711219 706750
721251 711288 706070
721315 710597 706742
721408 713677 704833
726567 719838 696046
727158 722122 695429
719964 712492 708809
720279 715929 704803
726262 720219 695963
727770 719159 695845
719003 715015 707220
719051 716982 705265
720385 711963 707213
720433 713930 705258
720634 715715 703980
722521 718295 701756
726361 717772 696080
727465 719540 695762
722150 709621 707332
726569 717637 696296
727562 719294 695629
720951 712616 707049
721075 712208 704928
721317 714101 703714
727257 719675 695546
720921 714207 704473
720969 716174 702518
721123 714175 702973
722062 710243 707340
726874 717256 696379
728743 708975 700461
723815 721345 699076
724835 722658 696038
727015 719355 696045
731121 708694 699402
723654 720039 699942
724023 721210 699292
729496 708111 700543
731379 706830 699206
728333 709005 699650
729086 708141 699732
730895 708937 698803
734848 706818 699672
735056 706683 699888
725709 716204 697104
725915 718270 697070
725917 716069 697320
727229 709207 699749
728125 709140 699434
728878 708276 699516
730242 707212 699921
727510 706840 701402
733480 705382 701558
725610 718651 696987
725548 714898 697970
725880 718814 696904
723163 719777 700100
725853 714517 698053
725979 716367 697021
723468 719396 700183
725818 715061 697887
726123 714680 697970
726185 718433 696987
726284 715986 697104
723262 717330 700217
723433 719940 700017
723738 719559 700100
723837 717112 700217
