1234 300.044
2.70203e+06 2.73503e+06
2.69868e+06 2.75336e+06
2.77147e+06 2.66801e+06
2.91467e+06 2.61728e+06
2.72109e+06 2.72572e+06
2.71983e+06 2.72793e+06
2.76704e+06 2.67451e+06
2.7913e+06 2.65936e+06
2.79901e+06 2.6478e+06
2.77473e+06 2.6662e+06
2.64703e+06 2.87555e+06
2.67194e+06 2.78219e+06
2.72432e+06 2.70959e+06
2.74552e+06 2.69373e+06
2.6905e+06 2.76434e+06
2.74761e+06 2.69127e+06
2.88293e+06 2.6277e+06
2.72902e+06 2.70076e+06
2.91296e+06 2.62208e+06
2.64569e+06 2.90033e+06
2.82995e+06 2.6334e+06
2.71111e+06 2.73328e+06
2.68756e+06 2.7671e+06
2.66009e+06 2.8344e+06
2.73104e+06 2.69758e+06
2.75443e+06 2.6758e+06
