31 0.773206
808878 741295 826891
833710 764152 774717
778044 781826 792089
839626 782323 759221
802482 764076 791208
783154 767295 782248
774092 754091 819022
765348 818737 788600
773164 762568 816703
825166 761457 777023
777805 798424 782335
814236 755459 800600
760016 789856 788650
804540 769224 780977
779664 795247 768185
783880 790148 780131
812622 775332 765657
816274 773791 764882
759124 821594 819297
796507 769361 778472
808584 807865 734083
807610 792756 762207
814915 754465 794862
789629 753637 805463
780691 775123 803175
786194 761119 791728
837564 770251 774427
814190 772056 776399
819456 771658 775548
768977 804596 778087
790222 793646 752085
824638 790688 763703
836305 759037 790908
783023 769539 793464
805171 766524 786928
767154 767894 827042
813554 763431 779888
778867 781566 803608
837373 771115 759596
776414 784168 786965
802284 810766 738655
811443 786184 771061
843656 770728 772537
777822 790598 773187
787953 775604 774968
794767 786818 766308
802359 752419 801231
