145 28.6388
1.46134e+06 1.39206e+06 1.41366e+06 1.11665e+06
1.48514e+06 1.36315e+06 1.39614e+06 1.13635e+06
1.09868e+06 1.45221e+06 1.45974e+06 1.40016e+06
1.29262e+06 1.49229e+06 1.4483e+06 1.23943e+06
1.37044e+06 1.2178e+06 1.42064e+06 1.46398e+06
1.28598e+06 1.18618e+06 1.46986e+06 1.43211e+06
1.47436e+06 1.43759e+06 1.14089e+06 1.4608e+06
1.28877e+06 1.15129e+06 1.46809e+06 1.44734e+06
1.3599e+06 1.2826e+06 1.42328e+06 1.42215e+06
1.45795e+06 1.37187e+06 1.42994e+06 1.16842e+06
1.41179e+06 1.41598e+06 1.26459e+06 1.38547e+06
1.46525e+06 1.37593e+06 1.31062e+06 1.37103e+06
1.44158e+06 1.35573e+06 1.41394e+06 1.21323e+06
1.20988e+06 1.43532e+06 1.42317e+06 1.39351e+06
1.2418e+06 1.44992e+06 1.38754e+06 1.40077e+06
1.42434e+06 1.42608e+06 1.24058e+06 1.34844e+06
1.18981e+06 1.44493e+06 1.40282e+06 1.4015e+06
1.40882e+06 1.42863e+06 1.35979e+06 1.37363e+06
1.16412e+06 1.43161e+06 1.4493e+06 1.37421e+06
1.42569e+06 1.41283e+06 1.34269e+06 1.37584e+06
1.11782e+06 1.45827e+06 1.4463e+06 1.40819e+06
1.27617e+06 1.20516e+06 1.4561e+06 1.44592e+06
1.40691e+06 1.43326e+06 1.25311e+06 1.35861e+06
1.3429e+06 1.20237e+06 1.44229e+06 1.42166e+06
1.27167e+06 1.1903e+06 1.46246e+06 1.45588e+06
1.46654e+06 1.36857e+06 1.41337e+06 1.1558e+06
1.13795e+06 1.4554e+06 1.43635e+06 1.38398e+06
1.15177e+06 1.44826e+06 1.42028e+06 1.40333e+06
1.32952e+06 1.35876e+06 1.37667e+06 1.30005e+06
1.10509e+06 1.44853e+06 1.44858e+06 1.38231e+06
1.43133e+06 1.40428e+06 1.34067e+06 1.38022e+06
1.33262e+06 1.37729e+06 1.37205e+06 1.27642e+06
1.46678e+06 1.36422e+06 1.40912e+06 1.14563e+06
1.25588e+06 1.48705e+06 1.45131e+06 1.22264e+06
1.31574e+06 1.29079e+06 1.45151e+06 1.40944e+06
1.40576e+06 1.42881e+06 1.36557e+06 1.3694e+06
1.42126e+06 1.43108e+06 1.21268e+06 1.34389e+06
1.40895e+06 1.43466e+06 1.24762e+06 1.37153e+06
1.38817e+06 1.44986e+06 1.23661e+06 1.31314e+06
1.46453e+06 1.36784e+06 1.41621e+06 1.15375e+06
1.12426e+06 1.46352e+06 1.44601e+06 1.39069e+06
1.30909e+06 1.16396e+06 1.4606e+06 1.43083e+06
1.26662e+06 1.4895e+06 1.46424e+06 1.21885e+06
1.25046e+06 1.4421e+06 1.39104e+06 1.41624e+06
1.43576e+06 1.40634e+06 1.32761e+06 1.38106e+06
1.42698e+06 1.40973e+06 1.33425e+06 1.38225e+06
1.40658e+06 1.42869e+06 1.36743e+06 1.37011e+06
1.38994e+06 1.4457e+06 1.23715e+06 1.33173e+06
1.36232e+06 1.30445e+06 1.40825e+06 1.41526e+06
1.38224e+06 1.16824e+06 1.46392e+06 1.42428e+06
1.34954e+06 1.31431e+06 1.41878e+06 1.40605e+06
1.3464e+06 1.28515e+06 1.41909e+06 1.43838e+06
1.31943e+06 1.31831e+06 1.4451e+06 1.42205e+06
1.37387e+06 1.17227e+06 1.46199e+06 1.4172e+06
1.46e+06 1.38338e+06 1.31596e+06 1.36585e+06
1.44026e+06 1.38418e+06 1.32245e+06 1.39401e+06
1.39273e+06 1.44225e+06 1.23223e+06 1.31495e+06
1.41029e+06 1.41805e+06 1.2611e+06 1.36829e+06
1.34871e+06 1.2872e+06 1.4293e+06 1.41303e+06
1.4795e+06 1.36979e+06 1.39234e+06 1.13721e+06
1.33085e+06 1.37366e+06 1.38363e+06 1.28826e+06
1.3326e+06 1.37738e+06 1.37883e+06 1.28391e+06
1.37957e+06 1.1713e+06 1.46458e+06 1.42316e+06
1.36563e+06 1.17965e+06 1.45256e+06 1.41958e+06
1.42432e+06 1.43013e+06 1.21821e+06 1.33571e+06
1.33192e+06 1.37279e+06 1.38243e+06 1.28479e+06
1.43169e+06 1.40001e+06 1.43033e+06 1.22719e+06
1.41808e+06 1.40354e+06 1.20716e+06 1.43541e+06
1.15676e+06 1.45104e+06 1.42279e+06 1.40318e+06
1.46437e+06 1.46438e+06 1.18328e+06 1.30382e+06
1.48084e+06 1.36583e+06 1.39582e+06 1.13601e+06
1.42465e+06 1.4364e+06 1.22194e+06 1.33274e+06
1.42378e+06 1.42947e+06 1.21413e+06 1.34065e+06
1.41988e+06 1.43779e+06 1.22108e+06 1.3379e+06
1.26144e+06 1.45719e+06 1.44543e+06 1.38086e+06
1.40096e+06 1.4304e+06 1.2601e+06 1.38557e+06
1.40266e+06 1.3444e+06 1.17484e+06 1.45053e+06
1.41342e+06 1.43243e+06 1.25236e+06 1.36091e+06
1.45209e+06 1.44117e+06 1.15376e+06 1.44795e+06
1.33891e+06 1.32292e+06 1.42791e+06 1.41025e+06
1.44432e+06 1.33975e+06 1.20125e+06 1.43297e+06
1.24668e+06 1.44997e+06 1.38669e+06 1.39836e+06
1.27838e+06 1.18886e+06 1.46718e+06 1.43825e+06
1.4725e+06 1.42155e+06 1.18097e+06 1.43495e+06
1.26136e+06 1.48435e+06 1.45154e+06 1.22045e+06
1.45743e+06 1.46536e+06 1.18545e+06 1.30596e+06
1.35386e+06 1.32042e+06 1.40915e+06 1.41202e+06
1.34556e+06 1.31305e+06 1.41859e+06 1.41155e+06
1.35244e+06 1.34979e+06 1.41367e+06 1.42369e+06
1.40996e+06 1.42931e+06 1.25592e+06 1.37694e+06
1.36129e+06 1.30204e+06 1.40999e+06 1.40781e+06
1.43408e+06 1.3822e+06 1.31347e+06 1.40099e+06
1.35628e+06 1.29905e+06 1.41824e+06 1.41397e+06
1.43226e+06 1.38888e+06 1.21581e+06 1.44032e+06
1.33437e+06 1.29018e+06 1.42816e+06 1.42406e+06
1.42202e+06 1.44198e+06 1.2282e+06 1.33043e+06
1.13758e+06 1.466e+06 1.39398e+06 1.39121e+06
1.30486e+06 1.47356e+06 1.44882e+06 1.26196e+06
1.29503e+06 1.4783e+06 1.43725e+06 1.27174e+06
1.47598e+06 1.37199e+06 1.40514e+06 1.13335e+06
1.26912e+06 1.48265e+06 1.46511e+06 1.22137e+06
1.41891e+06 1.42827e+06 1.21485e+06 1.33881e+06
1.43494e+06 1.39012e+06 1.21893e+06 1.43367e+06
1.45509e+06 1.34802e+06 1.42241e+06 1.23104e+06
1.13032e+06 1.45901e+06 1.40024e+06 1.38899e+06
1.32834e+06 1.3665e+06 1.38532e+06 1.28968e+06
1.39641e+06 1.4348e+06 1.23368e+06 1.31461e+06
1.33714e+06 1.33151e+06 1.43296e+06 1.40929e+06
1.33398e+06 1.37146e+06 1.38363e+06 1.28024e+06
1.35724e+06 1.29585e+06 1.41858e+06 1.41608e+06
1.34168e+06 1.33492e+06 1.42717e+06 1.40859e+06
1.15326e+06 1.44964e+06 1.41892e+06 1.40444e+06
1.44661e+06 1.38028e+06 1.31929e+06 1.37876e+06
1.45102e+06 1.44092e+06 1.15679e+06 1.44329e+06
1.27121e+06 1.48384e+06 1.46035e+06 1.21512e+06
1.26753e+06 1.4864e+06 1.45481e+06 1.21702e+06
1.45634e+06 1.3228e+06 1.43317e+06 1.23566e+06
1.35683e+06 1.30619e+06 1.41225e+06 1.40802e+06
1.2903e+06 1.18361e+06 1.45778e+06 1.42309e+06
1.46268e+06 1.37918e+06 1.41574e+06 1.12976e+06
1.31666e+06 1.29332e+06 1.45035e+06 1.41074e+06
1.1961e+06 1.44592e+06 1.39617e+06 1.39663e+06
1.46633e+06 1.44425e+06 1.14605e+06 1.46108e+06
1.45412e+06 1.33933e+06 1.2084e+06 1.43584e+06
1.40971e+06 1.42034e+06 1.25829e+06 1.37267e+06
1.12695e+06 1.45691e+06 1.42856e+06 1.39166e+06
1.43587e+06 1.41521e+06 1.42508e+06 1.22669e+06
1.40831e+06 1.42445e+06 1.25778e+06 1.38834e+06
1.43674e+06 1.45637e+06 1.19874e+06 1.31117e+06
1.37076e+06 1.17541e+06 1.467e+06 1.4248e+06
1.37184e+06 1.17329e+06 1.46487e+06 1.42185e+06
1.20208e+06 1.43479e+06 1.42476e+06 1.38852e+06
1.40548e+06 1.33268e+06 1.16989e+06 1.45656e+06
1.2877e+06 1.48713e+06 1.44962e+06 1.24628e+06
1.29803e+06 1.46685e+06 1.46372e+06 1.2798e+06
1.41582e+06 1.4252e+06 1.24828e+06 1.39353e+06
1.45082e+06 1.37367e+06 1.41746e+06 1.14191e+06
1.47494e+06 1.46222e+06 1.18136e+06 1.3098e+06
1.44759e+06 1.34282e+06 1.43815e+06 1.27031e+06
1.42297e+06 1.44392e+06 1.22525e+06 1.3345e+06
1.45412e+06 1.33052e+06 1.4309e+06 1.23294e+06
1.35475e+06 1.30125e+06 1.41623e+06 1.41637e+06
1.34338e+06 1.32134e+06 1.43006e+06 1.41258e+06
1.19396e+06 1.44096e+06 1.39983e+06 1.39588e+06
1.46643e+06 1.37946e+06 1.4127e+06 1.12636e+06
1.36835e+06 1.18108e+06 1.4573e+06 1.41836e+06
1.4126e+06 1.33698e+06 1.17638e+06 1.44423e+06
1.39175e+06 1.44686e+06 1.2369e+06 1.33132e+06
1.42428e+06 1.40989e+06 1.33184e+06 1.38371e+06
1.36065e+06 1.28301e+06 1.42716e+06 1.41931e+06
1.42527e+06 1.39744e+06 1.20959e+06 1.43141e+06
1.12923e+06 1.4529e+06 1.41536e+06 1.3951e+06
1.28136e+06 1.48156e+06 1.45401e+06 1.2541e+06
1.29383e+06 1.47431e+06 1.45051e+06 1.25666e+06
1.45557e+06 1.37398e+06 1.42104e+06 1.13966e+06
1.45244e+06 1.35233e+06 1.42287e+06 1.22796e+06
1.42743e+06 1.37212e+06 1.42161e+06 1.24811e+06
1.33196e+06 1.29365e+06 1.42595e+06 1.42469e+06
1.20047e+06 1.44847e+06 1.41044e+06 1.3899e+06
1.42599e+06 1.36722e+06 1.23481e+06 1.41879e+06
1.4332e+06 1.34183e+06 1.17577e+06 1.43744e+06
1.48277e+06 1.35986e+06 1.39832e+06 1.138e+06
1.30338e+06 1.4769e+06 1.44921e+06 1.26073e+06
1.43691e+06 1.40843e+06 1.34247e+06 1.37461e+06
1.27462e+06 1.16505e+06 1.45223e+06 1.45819e+06
1.42054e+06 1.39716e+06 1.20998e+06 1.4324e+06
1.31806e+06 1.36245e+06 1.38345e+06 1.29586e+06
1.39741e+06 1.43943e+06 1.23174e+06 1.31219e+06
1.29141e+06 1.47245e+06 1.44718e+06 1.26675e+06
1.43604e+06 1.39112e+06 1.43472e+06 1.23637e+06
1.28539e+06 1.48538e+06 1.44812e+06 1.24728e+06
1.35156e+06 1.30853e+06 1.42013e+06 1.4173e+06
1.41036e+06 1.43294e+06 1.25147e+06 1.3609e+06
1.3291e+06 1.37561e+06 1.38859e+06 1.27541e+06
1.4406e+06 1.35608e+06 1.20527e+06 1.42784e+06
1.44541e+06 1.37998e+06 1.32077e+06 1.38464e+06
1.46759e+06 1.44904e+06 1.14844e+06 1.44915e+06
1.41112e+06 1.42719e+06 1.25099e+06 1.36611e+06
1.43441e+06 1.38564e+06 1.22429e+06 1.43184e+06
1.36712e+06 1.17799e+06 1.45313e+06 1.42177e+06
1.33238e+06 1.29786e+06 1.42304e+06 1.42021e+06
1.34944e+06 1.31068e+06 1.415e+06 1.4125e+06
1.31929e+06 1.35953e+06 1.38388e+06 1.2967e+06
1.3067e+06 1.47754e+06 1.44807e+06 1.26096e+06
1.37137e+06 1.17616e+06 1.46544e+06 1.42675e+06
1.3082e+06 1.47994e+06 1.44142e+06 1.26527e+06
1.43894e+06 1.4367e+06 1.1527e+06 1.45398e+06
1.43777e+06 1.45532e+06 1.17772e+06 1.32683e+06
1.29757e+06 1.18218e+06 1.46005e+06 1.4205e+06
1.29566e+06 1.46797e+06 1.44578e+06 1.26917e+06
1.42792e+06 1.41309e+06 1.43168e+06 1.22071e+06
1.13379e+06 1.45501e+06 1.41317e+06 1.39281e+06
1.47053e+06 1.36123e+06 1.3968e+06 1.14461e+06
1.32161e+06 1.30518e+06 1.44115e+06 1.42573e+06
1.47422e+06 1.36333e+06 1.3974e+06 1.14358e+06
1.27544e+06 1.16067e+06 1.46269e+06 1.44436e+06
1.36997e+06 1.17733e+06 1.45938e+06 1.42182e+06
1.45697e+06 1.32744e+06 1.4445e+06 1.2262e+06
1.30272e+06 1.47582e+06 1.44894e+06 1.26229e+06
1.35149e+06 1.30949e+06 1.42213e+06 1.42024e+06
1.43228e+06 1.4386e+06 1.19526e+06 1.31711e+06
1.28618e+06 1.16643e+06 1.44535e+06 1.43693e+06
1.43235e+06 1.40712e+06 1.32898e+06 1.38305e+06
1.2962e+06 1.18176e+06 1.45462e+06 1.4253e+06
1.43876e+06 1.35242e+06 1.41753e+06 1.22294e+06
1.41973e+06 1.44318e+06 1.22738e+06 1.33429e+06
1.32034e+06 1.37484e+06 1.38302e+06 1.27904e+06
1.28404e+06 1.15595e+06 1.45936e+06 1.44091e+06
1.4551e+06 1.33193e+06 1.44356e+06 1.22454e+06
1.45619e+06 1.33256e+06 1.42935e+06 1.22963e+06
1.45276e+06 1.3254e+06 1.43118e+06 1.23424e+06
1.44881e+06 1.34757e+06 1.1976e+06 1.43062e+06
1.46739e+06 1.44709e+06 1.14436e+06 1.46003e+06
1.32744e+06 1.36813e+06 1.38284e+06 1.29077e+06
1.28274e+06 1.48216e+06 1.45024e+06 1.25799e+06
1.30048e+06 1.1703e+06 1.43567e+06 1.42954e+06
1.31677e+06 1.28907e+06 1.44936e+06 1.40963e+06
1.13524e+06 1.45411e+06 1.40329e+06 1.39051e+06
1.45167e+06 1.32667e+06 1.43213e+06 1.23362e+06
1.46966e+06 1.44564e+06 1.14291e+06 1.46131e+06
1.44939e+06 1.4399e+06 1.15757e+06 1.44295e+06
1.39964e+06 1.43825e+06 1.23351e+06 1.3166e+06
1.42092e+06 1.41657e+06 1.2524e+06 1.38123e+06
1.24267e+06 1.45307e+06 1.38899e+06 1.39926e+06
1.28919e+06 1.48077e+06 1.44297e+06 1.24962e+06
1.3812e+06 1.17853e+06 1.44784e+06 1.41208e+06
1.29166e+06 1.49136e+06 1.44485e+06 1.24093e+06
1.33396e+06 1.28831e+06 1.4297e+06 1.42102e+06
1.47136e+06 1.44607e+06 1.1439e+06 1.4598e+06
1.30597e+06 1.48514e+06 1.43274e+06 1.27553e+06
1.42584e+06 1.43725e+06 1.19717e+06 1.32452e+06
1.36171e+06 1.35339e+06 1.40127e+06 1.41196e+06
1.29906e+06 1.47131e+06 1.44596e+06 1.26568e+06
1.32384e+06 1.37037e+06 1.37997e+06 1.29471e+06
1.46362e+06 1.37288e+06 1.42872e+06 1.12193e+06
1.42532e+06 1.40899e+06 1.33073e+06 1.38389e+06
1.2796e+06 1.16765e+06 1.44806e+06 1.4394e+06
1.42899e+06 1.43114e+06 1.21342e+06 1.32853e+06
1.4526e+06 1.37372e+06 1.32191e+06 1.37968e+06
1.32252e+06 1.36292e+06 1.37904e+06 1.29596e+06
1.43774e+06 1.39318e+06 1.44061e+06 1.21412e+06
1.47158e+06 1.41165e+06 1.18559e+06 1.43423e+06
1.42507e+06 1.39925e+06 1.20977e+06 1.43228e+06
1.44033e+06 1.34088e+06 1.44911e+06 1.27237e+06
1.30106e+06 1.46938e+06 1.44359e+06 1.2652e+06
1.43488e+06 1.35823e+06 1.42905e+06 1.27433e+06
1.42366e+06 1.40916e+06 1.32936e+06 1.38569e+06
1.35827e+06 1.18667e+06 1.45014e+06 1.41886e+06
1.32554e+06 1.36199e+06 1.38448e+06 1.29408e+06
1.41082e+06 1.33574e+06 1.16652e+06 1.46171e+06
1.43256e+06 1.39288e+06 1.41943e+06 1.25857e+06
1.19787e+06 1.43824e+06 1.41124e+06 1.40487e+06
1.42708e+06 1.44649e+06 1.18912e+06 1.32015e+06
1.40867e+06 1.4277e+06 1.25722e+06 1.3762e+06
1.45835e+06 1.43414e+06 1.16054e+06 1.45203e+06
1.28603e+06 1.47927e+06 1.45533e+06 1.26375e+06
1.43658e+06 1.38552e+06 1.22659e+06 1.42824e+06
1.15889e+06 1.42733e+06 1.45744e+06 1.37776e+06
1.41374e+06 1.38584e+06 1.43408e+06 1.27347e+06
1.1317e+06 1.46023e+06 1.39982e+06 1.38828e+06
1.32162e+06 1.35895e+06 1.3817e+06 1.29787e+06
1.34456e+06 1.35676e+06 1.41566e+06 1.41492e+06
1.427e+06 1.40756e+06 1.33307e+06 1.38507e+06
1.46878e+06 1.46851e+06 1.1842e+06 1.29935e+06
1.32736e+06 1.37761e+06 1.3815e+06 1.27788e+06
1.2424e+06 1.45479e+06 1.38729e+06 1.39822e+06
1.46557e+06 1.42835e+06 1.16246e+06 1.43864e+06
1.19119e+06 1.44251e+06 1.40402e+06 1.39998e+06
1.46287e+06 1.37597e+06 1.3154e+06 1.37297e+06
1.45324e+06 1.46441e+06 1.18588e+06 1.3085e+06
1.41248e+06 1.37406e+06 1.43917e+06 1.26748e+06
1.48235e+06 1.36992e+06 1.40496e+06 1.13486e+06
1.32584e+06 1.3102e+06 1.44433e+06 1.4211e+06
1.20683e+06 1.44237e+06 1.40476e+06 1.38419e+06
1.26714e+06 1.48344e+06 1.45204e+06 1.21748e+06
1.45103e+06 1.44171e+06 1.15019e+06 1.4554e+06
1.19966e+06 1.44329e+06 1.42368e+06 1.38422e+06
1.29261e+06 1.49023e+06 1.44466e+06 1.24048e+06
1.30166e+06 1.16977e+06 1.43138e+06 1.42999e+06
1.42806e+06 1.4443e+06 1.20337e+06 1.3236e+06
1.15909e+06 1.44637e+06 1.44707e+06 1.38777e+06
1.29214e+06 1.18741e+06 1.44839e+06 1.42145e+06
1.20862e+06 1.4413e+06 1.4048e+06 1.39405e+06
1.2035e+06 1.44435e+06 1.41037e+06 1.38738e+06
1.44359e+06 1.34648e+06 1.43438e+06 1.26973e+06
1.19169e+06 1.44015e+06 1.4057e+06 1.4013e+06
1.41449e+06 1.33198e+06 1.17105e+06 1.45488e+06
1.13443e+06 1.46173e+06 1.43997e+06 1.38199e+06
1.40777e+06 1.33524e+06 1.17718e+06 1.44911e+06
1.35796e+06 1.30021e+06 1.41613e+06 1.41613e+06
1.29807e+06 1.48318e+06 1.4505e+06 1.24478e+06
1.16112e+06 1.42652e+06 1.45123e+06 1.37566e+06
1.46106e+06 1.37427e+06 1.41749e+06 1.12378e+06
1.47332e+06 1.46995e+06 1.18462e+06 1.2984e+06
1.4538e+06 1.34674e+06 1.20223e+06 1.4298e+06
1.44203e+06 1.46012e+06 1.19272e+06 1.31019e+06
1.4256e+06 1.4531e+06 1.18752e+06 1.31919e+06
1.46372e+06 1.46433e+06 1.18258e+06 1.31067e+06
1.29041e+06 1.48462e+06 1.44018e+06 1.2528e+06
1.41749e+06 1.43151e+06 1.24926e+06 1.37329e+06
1.4284e+06 1.34564e+06 1.44098e+06 1.31308e+06
1.28474e+06 1.48423e+06 1.44785e+06 1.25594e+06
1.436e+06 1.32873e+06 1.19002e+06 1.44514e+06
1.41486e+06 1.34035e+06 1.17164e+06 1.44936e+06
1.42401e+06 1.44551e+06 1.20433e+06 1.32306e+06
1.43648e+06 1.38268e+06 1.31974e+06 1.39433e+06
1.45855e+06 1.37812e+06 1.31733e+06 1.37098e+06
1.41851e+06 1.44428e+06 1.20598e+06 1.32416e+06
1.4305e+06 1.4605e+06 1.17927e+06 1.32619e+06
1.37361e+06 1.16815e+06 1.46958e+06 1.4209e+06
1.13253e+06 1.45984e+06 1.40216e+06 1.38657e+06
1.41708e+06 1.3821e+06 1.43167e+06 1.26847e+06
1.32394e+06 1.36106e+06 1.38083e+06 1.29726e+06
1.32339e+06 1.3603e+06 1.38014e+06 1.29976e+06
1.41094e+06 1.33462e+06 1.16487e+06 1.45704e+06
1.24448e+06 1.44585e+06 1.38589e+06 1.41586e+06
1.41316e+06 1.34201e+06 1.17365e+06 1.44547e+06
1.28168e+06 1.48113e+06 1.45428e+06 1.25519e+06
1.46148e+06 1.38327e+06 1.41607e+06 1.12414e+06
1.43752e+06 1.35744e+06 1.4201e+06 1.22222e+06
1.32522e+06 1.37052e+06 1.3809e+06 1.29181e+06
1.24498e+06 1.43924e+06 1.39302e+06 1.40417e+06
1.30099e+06 1.461e+06 1.44923e+06 1.36765e+06
1.43505e+06 1.34896e+06 1.41565e+06 1.24565e+06
1.43408e+06 1.38225e+06 1.31827e+06 1.39458e+06
1.28956e+06 1.48475e+06 1.44153e+06 1.25089e+06
1.45697e+06 1.46558e+06 1.18481e+06 1.30776e+06
1.42411e+06 1.41757e+06 1.43518e+06 1.22043e+06
1.43478e+06 1.44152e+06 1.15099e+06 1.45146e+06
1.44477e+06 1.34513e+06 1.21118e+06 1.42676e+06
1.43774e+06 1.36412e+06 1.41814e+06 1.24302e+06
1.45514e+06 1.43572e+06 1.16084e+06 1.45253e+06
1.29263e+06 1.47498e+06 1.44725e+06 1.26581e+06
1.42629e+06 1.43595e+06 1.21239e+06 1.3211e+06
1.45728e+06 1.43184e+06 1.16401e+06 1.44651e+06
1.47463e+06 1.42506e+06 1.163e+06 1.43452e+06
1.32484e+06 1.36273e+06 1.38458e+06 1.29246e+06
1.44295e+06 1.35424e+06 1.41348e+06 1.23813e+06
1.42978e+06 1.39399e+06 1.2304e+06 1.4204e+06
1.42994e+06 1.4578e+06 1.17983e+06 1.32864e+06
1.4337e+06 1.43699e+06 1.21209e+06 1.31935e+06
1.41998e+06 1.41261e+06 1.2503e+06 1.38645e+06
1.34516e+06 1.33075e+06 1.42696e+06 1.40744e+06
1.4532e+06 1.43806e+06 1.15917e+06 1.44691e+06
1.4702e+06 1.38623e+06 1.39333e+06 1.13064e+06
1.43932e+06 1.36838e+06 1.40869e+06 1.23729e+06
1.40989e+06 1.41871e+06 1.2582e+06 1.36907e+06
1.27429e+06 1.16232e+06 1.46238e+06 1.44227e+06
1.42916e+06 1.32462e+06 1.17314e+06 1.46112e+06
1.39913e+06 1.43777e+06 1.23077e+06 1.3178e+06
1.44267e+06 1.35501e+06 1.41488e+06 1.24005e+06
1.35983e+06 1.35856e+06 1.40775e+06 1.40659e+06
1.27228e+06 1.48085e+06 1.4609e+06 1.2193e+06
1.27674e+06 1.16186e+06 1.45805e+06 1.44366e+06
1.44196e+06 1.45836e+06 1.19391e+06 1.31021e+06
1.41773e+06 1.40599e+06 1.23707e+06 1.4387e+06
1.46902e+06 1.37175e+06 1.40512e+06 1.14332e+06
1.43078e+06 1.39467e+06 1.22936e+06 1.42001e+06
1.28207e+06 1.48054e+06 1.45434e+06 1.25722e+06
1.24348e+06 1.45475e+06 1.38632e+06 1.39991e+06
1.28058e+06 1.15724e+06 1.46225e+06 1.44172e+06
1.19241e+06 1.44258e+06 1.40264e+06 1.40136e+06
1.27737e+06 1.16466e+06 1.45652e+06 1.44356e+06
1.32104e+06 1.36253e+06 1.3831e+06 1.29299e+06
1.10059e+06 1.45193e+06 1.45389e+06 1.39915e+06
1.12525e+06 1.47057e+06 1.44391e+06 1.38824e+06
1.47137e+06 1.37531e+06 1.40636e+06 1.13262e+06
1.41427e+06 1.41927e+06 1.25206e+06 1.39352e+06
1.27523e+06 1.16332e+06 1.45975e+06 1.44381e+06
1.40809e+06 1.32818e+06 1.17865e+06 1.44952e+06
1.43989e+06 1.356e+06 1.41421e+06 1.21489e+06
1.13215e+06 1.45562e+06 1.41196e+06 1.39106e+06
1.43462e+06 1.32648e+06 1.17458e+06 1.45345e+06
1.3725e+06 1.18039e+06 1.44923e+06 1.42181e+06
1.46986e+06 1.42108e+06 1.18174e+06 1.43416e+06
1.43097e+06 1.44336e+06 1.19191e+06 1.31228e+06
1.2803e+06 1.48275e+06 1.45732e+06 1.25931e+06
1.48374e+06 1.37082e+06 1.40868e+06 1.13295e+06
1.41927e+06 1.33146e+06 1.16734e+06 1.4639e+06
1.44947e+06 1.388e+06 1.41844e+06 1.12153e+06
1.43099e+06 1.39602e+06 1.41267e+06 1.26233e+06
1.4603e+06 1.43398e+06 1.15858e+06 1.45816e+06
1.28842e+06 1.48242e+06 1.44197e+06 1.25167e+06
1.46527e+06 1.36753e+06 1.41644e+06 1.15457e+06
1.15221e+06 1.44768e+06 1.41857e+06 1.40563e+06
1.24531e+06 1.44941e+06 1.38533e+06 1.4068e+06
1.28697e+06 1.15916e+06 1.43878e+06 1.44221e+06
1.45957e+06 1.43696e+06 1.15332e+06 1.45082e+06
1.30049e+06 1.18214e+06 1.46636e+06 1.41683e+06
1.19681e+06 1.44868e+06 1.42351e+06 1.38478e+06
1.43687e+06 1.38715e+06 1.22575e+06 1.43174e+06
1.28632e+06 1.1584e+06 1.44868e+06 1.43477e+06
1.205e+06 1.4258e+06 1.42702e+06 1.39422e+06
1.28789e+06 1.47882e+06 1.4533e+06 1.25994e+06
1.28963e+06 1.47726e+06 1.45495e+06 1.26289e+06
1.41102e+06 1.43436e+06 1.2499e+06 1.37179e+06
1.28876e+06 1.48642e+06 1.44937e+06 1.24396e+06
1.44823e+06 1.34488e+06 1.43159e+06 1.27767e+06
1.46133e+06 1.3902e+06 1.41284e+06 1.11775e+06
1.13617e+06 1.45414e+06 1.40122e+06 1.38824e+06
1.46293e+06 1.37752e+06 1.39151e+06 1.13898e+06
1.28225e+06 1.15741e+06 1.44947e+06 1.44016e+06
1.46076e+06 1.38114e+06 1.42144e+06 1.11995e+06
1.4483e+06 1.34938e+06 1.19822e+06 1.43069e+06
1.4664e+06 1.37906e+06 1.39088e+06 1.13477e+06
1.2667e+06 1.48386e+06 1.45885e+06 1.21974e+06
1.29092e+06 1.18215e+06 1.46589e+06 1.42912e+06
1.16248e+06 1.4416e+06 1.44764e+06 1.37646e+06
1.43283e+06 1.33617e+06 1.18001e+06 1.44086e+06
1.45071e+06 1.38667e+06 1.41467e+06 1.11784e+06
1.09905e+06 1.44657e+06 1.46179e+06 1.40044e+06
1.39647e+06 1.43829e+06 1.23124e+06 1.3133e+06
1.37341e+06 1.17166e+06 1.46247e+06 1.41806e+06
1.27388e+06 1.43876e+06 1.44445e+06 1.38269e+06
1.42421e+06 1.44794e+06 1.20779e+06 1.32177e+06
1.48076e+06 1.36898e+06 1.39662e+06 1.13682e+06
1.4084e+06 1.33363e+06 1.1673e+06 1.45772e+06
1.42995e+06 1.44603e+06 1.18638e+06 1.32208e+06
1.32537e+06 1.32424e+06 1.44326e+06 1.41453e+06
1.32312e+06 1.30888e+06 1.43978e+06 1.42151e+06
1.47112e+06 1.41231e+06 1.18504e+06 1.4356e+06
1.41266e+06 1.42666e+06 1.25176e+06 1.37054e+06
1.44429e+06 1.35434e+06 1.40757e+06 1.2421e+06
1.10231e+06 1.44452e+06 1.4585e+06 1.39953e+06
1.43576e+06 1.32559e+06 1.17409e+06 1.45568e+06
1.28664e+06 1.15642e+06 1.4438e+06 1.4439e+06
1.16038e+06 1.42601e+06 1.44968e+06 1.37658e+06
1.20602e+06 1.44204e+06 1.4054e+06 1.38501e+06
1.45599e+06 1.3283e+06 1.44357e+06 1.2284e+06
1.44614e+06 1.38512e+06 1.31697e+06 1.38694e+06
1.16309e+06 1.44215e+06 1.44728e+06 1.3773e+06
1.44185e+06 1.3539e+06 1.41513e+06 1.24178e+06
1.4312e+06 1.44305e+06 1.19023e+06 1.31431e+06
1.44256e+06 1.34424e+06 1.44009e+06 1.27075e+06
1.26697e+06 1.48498e+06 1.45629e+06 1.21869e+06
1.40718e+06 1.45655e+06 1.22963e+06 1.31359e+06
1.27231e+06 1.16464e+06 1.46192e+06 1.44315e+06
1.47052e+06 1.37883e+06 1.40677e+06 1.13207e+06
1.48385e+06 1.36827e+06 1.3981e+06 1.13125e+06
1.43221e+06 1.43905e+06 1.21122e+06 1.31868e+06
1.45733e+06 1.38454e+06 1.41663e+06 1.12136e+06
1.2932e+06 1.45262e+06 1.43294e+06 1.37414e+06
1.19865e+06 1.43762e+06 1.40702e+06 1.40028e+06
1.43881e+06 1.33297e+06 1.16909e+06 1.45286e+06
1.42465e+06 1.39557e+06 1.21424e+06 1.42962e+06
1.32324e+06 1.38209e+06 1.38146e+06 1.27676e+06
1.46042e+06 1.38005e+06 1.41553e+06 1.12578e+06
1.44301e+06 1.45765e+06 1.17772e+06 1.32509e+06
1.43228e+06 1.32324e+06 1.17061e+06 1.46043e+06
1.20433e+06 1.44705e+06 1.40787e+06 1.38698e+06
1.44418e+06 1.33661e+06 1.16751e+06 1.45387e+06
1.28823e+06 1.15979e+06 1.43823e+06 1.44215e+06
1.42313e+06 1.44487e+06 1.20249e+06 1.32653e+06
1.46251e+06 1.36697e+06 1.41991e+06 1.15427e+06
1.38042e+06 1.16997e+06 1.46563e+06 1.4233e+06
1.39919e+06 1.43608e+06 1.23301e+06 1.31677e+06
1.34229e+06 1.32822e+06 1.42572e+06 1.41464e+06
1.16107e+06 1.43093e+06 1.4486e+06 1.37506e+06
1.43441e+06 1.43741e+06 1.19443e+06 1.31856e+06
1.42714e+06 1.45343e+06 1.18715e+06 1.31823e+06
1.43528e+06 1.32301e+06 1.16788e+06 1.46275e+06
1.13246e+06 1.46108e+06 1.40069e+06 1.38661e+06
1.40873e+06 1.33376e+06 1.17217e+06 1.45116e+06
1.45399e+06 1.44251e+06 1.14928e+06 1.45127e+06
1.42908e+06 1.34357e+06 1.45032e+06 1.30905e+06
1.13394e+06 1.45614e+06 1.39776e+06 1.3902e+06
1.4683e+06 1.3661e+06 1.43198e+06 1.12603e+06
1.4392e+06 1.32951e+06 1.18712e+06 1.4467e+06
1.44324e+06 1.33403e+06 1.18912e+06 1.4413e+06
1.43697e+06 1.34334e+06 1.17147e+06 1.4388e+06
1.32435e+06 1.36212e+06 1.38541e+06 1.29295e+06
1.4629e+06 1.42742e+06 1.16544e+06 1.44721e+06
1.28992e+06 1.1548e+06 1.44407e+06 1.43948e+06
1.29942e+06 1.47032e+06 1.44209e+06 1.26943e+06
1.12634e+06 1.46555e+06 1.44415e+06 1.39076e+06
1.4463e+06 1.45954e+06 1.19108e+06 1.30776e+06
1.44254e+06 1.45954e+06 1.19155e+06 1.31054e+06
1.46797e+06 1.38096e+06 1.39117e+06 1.13411e+06
1.46124e+06 1.37482e+06 1.42674e+06 1.11945e+06
1.43737e+06 1.38489e+06 1.23013e+06 1.41787e+06
1.42874e+06 1.44316e+06 1.20483e+06 1.32248e+06
1.46964e+06 1.47024e+06 1.18375e+06 1.29901e+06
1.39937e+06 1.43714e+06 1.22863e+06 1.31755e+06
1.46184e+06 1.38614e+06 1.4177e+06 1.11849e+06
1.29194e+06 1.15281e+06 1.44241e+06 1.43931e+06
1.40792e+06 1.45652e+06 1.22921e+06 1.3119e+06
1.47298e+06 1.3691e+06 1.39819e+06 1.13654e+06
1.30102e+06 1.16897e+06 1.43484e+06 1.42693e+06
1.45011e+06 1.33558e+06 1.18933e+06 1.43796e+06
1.42713e+06 1.40946e+06 1.33356e+06 1.3827e+06
1.46603e+06 1.37348e+06 1.41123e+06 1.13196e+06
1.10022e+06 1.45039e+06 1.45414e+06 1.39848e+06
1.4064e+06 1.33617e+06 1.16793e+06 1.45311e+06
1.37967e+06 1.16918e+06 1.46545e+06 1.42332e+06
1.43892e+06 1.32961e+06 1.1907e+06 1.44432e+06
1.45038e+06 1.3875e+06 1.41819e+06 1.11846e+06
1.09991e+06 1.44563e+06 1.4577e+06 1.4017e+06
1.29453e+06 1.15292e+06 1.45519e+06 1.43436e+06
1.28849e+06 1.15421e+06 1.44992e+06 1.43511e+06
1.45972e+06 1.37696e+06 1.39675e+06 1.13717e+06
