282 8.01673
124991 129069 113497 79393
127027 106094 88578 103645
97418 119568 109801 104505
142432 104228 98947 91142
134111 93153 113567 101857
117225 133621 101367 85457
109107 110681 92292 114613
129952 118314 125881 79403
135672 94513 107692 96726
117686 98554 99882 110155
110932 115176 122420 83903
128361 119576 120997 79912
113367 131825 102362 84952
109954 127727 102704 87225
131800 116943 120512 80757
112496 133317 101453 86790
121983 97310 96804 108506
103159 104299 104293 109205
98114 116709 118670 97053
131608 93172 110285 95444
133481 102852 94849 94019
117263 130587 96797 83444
112500 129386 97105 86975
98573 120493 109007 88428
119948 97739 101586 107206
104461 104928 104008 109950
121930 94366 99628 101210
99692 107791 117057 99067
115854 126946 101116 87043
112612 130716 101962 86550
103272 111514 119537 93275
132538 109698 105412 83729
119203 118437 89222 95203
111424 104467 121586 85490
126999 115581 89584 107573
127664 125927 104753 81470
117160 125162 98958 85814
108092 102718 97156 106550
123109 123805 109385 80907
106571 108188 100093 107648
118265 123215 104895 82913
120048 124736 95429 88343
111043 126617 105060 83145
109084 122284 92441 89127
114714 100386 90851 105123
114589 114235 91767 98066
103340 113955 119699 90455
114063 122262 117847 80400
131063 98381 102147 88097
128306 106685 89793 101791
101175 115527 118235 91784
132281 108669 98174 89696
129029 98385 117753 87377
100139 109260 115705 94558
119970 104227 93061 97465
98539 110251 116466 100895
125445 95375 94479 103962
115653 107879 92260 96905
103115 105245 101037 106095
119370 126007 100362 84864
117460 124168 100410 85498
118481 96375 120039 94938
129685 100951 110354 82048
119026 121236 103876 84269
130572 105612 100336 90128
123458 122099 110447 80610
104634 119919 96379 89140
123084 102188 90790 102187
114097 112655 112374 81767
125704 118580 93192 91877
112212 110738 91856 98343
97746 102942 116319 101925
100608 123810 106805 90506
103338 111149 120056 92260
119321 105381 91184 104205
120638 117419 122285 81308
122913 108375 106525 82357
119549 120955 99208 83630
119081 111545 111986 81524
126835 94756 105075 96175
115995 120820 100526 87265
123478 96113 100844 101117
113455 124047 99998 87625
113809 101472 98248 104724
99924 104256 115096 105198
116953 98901 96341 99144
100965 113055 107686 92066
118748 121529 99243 86693
123359 99273 95656 105643
124994 104100 107140 84499
122613 97871 114116 87424
102247 102023 114842 105243
100531 106780 113167 100929
124215 110337 90272 102617
117976 96671 104709 100135
123979 95005 98461 104027
121768 99725 95510 102414
103087 122555 106773 90789
110378 100932 121973 86522
104046 117858 111757 89648
105403 111281 114401 90775
109355 108931 98824 94889
128651 97100 108588 90133
116334 124836 101525 86173
130418 97609 113404 86109
108672 110838 97890 104128
103690 108557 107362 100498
100138 102102 116664 103259
122462 114785 90341 95691
124429 95756 96532 103050
102725 106253 107581 102887
110802 116248 106308 87929
115517 122986 90057 96222
106932 120580 94543 90034
114818 105053 112613 86746
109902 120151 107445 85542
127504 102517 95992 93567
124964 101799 91404 103286
116745 105745 94286 97830
126421 103302 103995 90066
121701 94947 104587 100806
104186 96681 118419 87042
122637 106051 110465 81920
103282 117377 116825 88805
107168 114683 105692 92212
118257 108708 97223 91969
102030 102167 109504 99945
111331 113609 116911 84576
112136 110537 109650 88863
111548 95876 110856 96497
123223 116401 102120 82722
104050 107048 117454 94945
123923 123114 108808 80523
114640 95375 107613 106337
121998 104220 112777 82140
128084 97023 97410 93958
98005 119503 111295 89307
107918 105491 101978 105774
111844 102356 98301 102557
106886 117078 98382 94066
125225 99546 108605 82844
108474 95097 114687 97298
120400 115339 103548 83331
101638 107719 112215 101091
108979 115840 113708 86430
126141 103025 96022 96315
113774 109383 91999 92289
114950 102333 99027 97387
109222 111778 105726 93026
109498 117577 106626 89586
105261 99704 109630 105506
103137 116153 122005 89488
118033 111082 97904 87205
128830 111872 106010 81817
107392 116458 97142 93233
119150 118236 96404 89306
120152 95657 102383 98680
111268 122934 103557 87384
112283 116205 116200 84241
115188 101889 97518 101589
121852 107600 113333 81116
127986 107580 102785 87410
111193 118074 113234 84382
127845 108955 102378 84762
101484 109411 110899 97570
123520 97367 96514 104288
123651 100053 93972 105269
125744 96499 109613 90457
125888 113716 101166 84436
110508 101634 93543 103847
103985 112184 105967 96015
124859 99479 117989 85101
109206 107234 94256 97915
124588 94767 108461 93387
118654 105175 117526 83209
116802 106555 98697 89814
120107 101299 95808 99184
111932 117673 98417 91212
113174 98464 108937 94677
118920 99580 111221 89394
120266 97267 98399 103480
102960 100752 115455 101613
127299 101365 103203 88732
121964 100807 96083 97539
116666 95955 102983 105324
117756 99378 105316 91070
125605 102840 109283 82142
122295 105347 96523 95007
126347 99418 108131 85381
124276 98713 107922 91494
114358 106290 93394 96654
115585 108422 95064 94476
116405 101592 99752 101650
113410 105566 105842 91536
102851 112003 110195 97245
112636 113440 111026 83108
101730 120042 108561 88581
125919 107395 100955 88392
105495 119439 113270 89602
121662 107475 90595 101593
112400 118779 99433 88949
130022 112375 102125 84754
116303 108220 111614 84034
123571 102329 115865 85566
107871 105135 102952 96563
118770 107603 108779 87690
130198 103216 99603 90870
109906 118192 93300 96099
101517 121770 107035 88241
115230 100988 106191 93701
128218 100611 94913 99701
104215 115000 104479 94346
109477 119206 95597 87795
120999 103560 91596 104182
102551 116075 114516 90605
124545 98525 107036 90953
108312 117075 96635 95980
104931 107733 101818 103438
105526 112818 115275 88196
123103 103107 116005 81961
127385 107990 99717 84924
120826 109209 105913 86510
103496 115876 101672 90231
117949 96402 107976 92098
120180 103697 93530 98366
110069 110491 94110 94257
112425 119069 107669 85352
107012 103423 102279 97190
123703 113098 101618 85807
104387 108796 103424 100709
115800 104522 105194 90407
106016 100940 117650 100671
113520 102787 104255 92444
101145 111790 109982 102640
117657 105260 90052 105352
118074 99296 94984 103092
108621 111654 110517 86976
130153 106660 103354 86341
107056 104258 96907 106354
102414 120571 102040 92689
100003 108056 117286 97985
106125 102847 107545 104299
120903 106453 110255 83551
106415 108190 99608 100309
108021 105782 98774 105757
126357 100198 104171 85505
113321 98335 102551 95839
115418 95208 109768 101057
118164 104933 97739 91675
118497 105972 93989 89895
119858 102486 96984 91725
108844 105422 101850 101392
116863 106267 95259 93307
106080 99756 116993 101377
121445 112993 101936 86560
120596 122242 105115 81246
109438 116893 113206 85672
108205 121766 106628 82473
105205 112631 109803 91333
104146 103928 106469 97463
106760 109540 108949 90732
116064 108600 97681 90565
128191 99555 117206 82593
114118 104065 116684 85872
113228 110378 98526 93968
123783 99350 110065 88260
121144 105676 91444 103836
124391 102466 108716 85588
118357 100330 117316 86656
113974 105545 93693 98640
121327 113380 109046 81797
105736 115980 100389 97265
110537 113560 108230 90294
103391 101536 111205 99801
114179 114410 104495 86911
126899 105013 114772 81441
111732 113230 104967 89036
109820 122368 105509 87254
116108 108907 109139 85180
104812 115616 100763 95476
107883 108051 99561 98981
112377 104794 104435 94211
104560 112552 103590 97613
131635 108061 107354 83354
121590 103580 104393 85732
116952 107680 106024 88476
115686 125958 106857 82461
106826 118873 96519 94170
123919 99896 107815 88203
106807 103176 106875 103742
113253 108188 107462 86054
112965 108378 117965 85079
103869 110195 109594 92600
108770 108330 106239 92828
103068 106496 107673 101571
103915 108197 111347 92168
119627 105315 108111 84564
106452 108520 101503 99462
130411 95230 102709 93938
102023 112833 109117 99324
108864 117941 106548 89741
112013 111223 98985 93164
105280 115724 111998 90391
120247 111368 107225 85506
120684 110119 93819 91136
114588 96748 104280 100789
114551 116563 98150 91007
119593 106894 110716 85010
112727 108157 99227 89001
110157 103452 115517 88861
105589 100390 117679 99583
113410 102614 97553 102097
107953 116589 96581 98424
115420 101154 100682 93191
115220 108932 109579 84091
101530 108050 115595 93412
118324 116235 96701 89867
112825 100370 113916 89489
107646 98827 110304 101860
121519 95238 102479 91682
123609 108869 103838 83860
111583 96910 107336 101200
120365 106651 111486 82631
116113 109468 97088 87532
106301 107262 110659 92917
111483 115412 100536 90009
117692 100282 107705 88944
119022 104611 113408 83790
105860 114845 111034 89926
105031 115827 105531 92493
129794 102928 101253 88498
121388 100679 91483 99067
106285 116736 111014 88003
119704 100858 95854 96326
108509 112811 95066 100216
121730 106412 90574 102070
113100 106559 106951 90354
110071 118385 108323 83812
105111 116190 97447 97124
117826 98307 98794 98811
109649 107385 111558 88369
119402 106349 117782 82843
115359 107771 95552 95369
111737 108260 103618 92868
112328 112426 93772 95335
107473 115359 110930 86926
116670 116336 102072 85635
117826 101099 114589 87135
101834 105542 111996 95709
104689 112536 103063 95272
118076 98172 100626 100677
120941 98031 109432 88686
105665 108353 100209 103906
110527 109068 111484 88592
113927 99112 102296 94250
116077 112068 99097 90241
113861 111235 94170 91110
117822 101775 107612 90642
114327 100432 99834 101637
101945 109399 113782 95533
119419 99045 99303 90992
101139 119177 105712 94085
102629 105338 108590 104598
117537 101453 100257 90848
110995 105165 104330 92292
110309 113793 102490 93142
127002 98610 114013 86837
111686 114283 100230 91221
121222 99030 105058 88732
120697 102943 110392 85136
121822 111906 94677 89890
114316 106107 113076 87528
108582 104684 105069 96590
101911 111837 108425 99510
111304 114948 106965 88770
107598 108703 116397 90742
110754 105895 103127 94228
105614 103989 112291 95183
118933 106979 105670 88660
120133 94395 107856 95018
113701 106801 97100 100702
120150 100592 94959 99361
117110 101084 102159 97749
108427 99535 108556 89738
122993 100949 109824 87505
121248 103800 109091 87990
106617 98273 113094 101189
108685 118534 113015 85075
125538 104044 105694 84841
115385 105510 95198 94392
104350 102354 116753 98750
117806 102884 95663 97065
108013 100873 104836 101947
118627 98065 101459 97061
108435 113274 95153 94975
112549 119077 96054 93634
105619 101444 114946 98668
109806 111854 112033 86572
106429 109769 103891 98517
108242 104373 100394 103588
105707 110011 105978 98390
112451 103515 103651 92752
120537 97330 96918 98670
102763 106422 111134 96202
117090 115482 96877 88947
130171 99791 103379 89100
108160 114854 110599 88495
99957 111378 110745 93285
129916 114765 102354 83722
108550 97913 107412 100948
117410 98840 100963 104184
103762 109928 100410 102094
108256 112294 95842 98746
116560 106528 111700 86583
110322 112734 103065 92627
111451 118164 102856 89620
116516 105288 97137 100199
106670 100900 110132 93808
102989 108736 110413 95856
112861 101043 99579 102061
111169 109464 96020 97726
124825 108215 102893 87828
108744 102715 100461 103697
109989 110078 105501 90359
119294 100851 104428 93881
129766 103758 101487 90791
121376 114577 102518 82628
105924 114442 106425 94231
102544 103839 116215 95916
116234 102937 101117 92400
102472 108829 110338 94574
106513 109670 97937 104293
105583 109844 108869 95073
111099 102260 105575 93539
110099 111432 109138 87776
123851 111871 106809 81433
116851 102248 105126 92953
110247 106662 100092 93621
109684 103310 97482 97249
102548 111910 98076 98616
104987 109204 104229 99844
114465 106446 103183 93142
110960 102156 114449 87115
121016 102600 104976 90284
104931 109150 107390 96365
107495 111612 103745 95190
109950 115461 94751 94966
108976 99032 101315 99906
123422 103084 107774 86807
109985 110319 116223 87437
113198 106189 112855 86272
104880 108194 113826 92087
124751 101235 110365 83817
101539 102056 116804 95321
129898 110221 104237 83636
110563 118850 105172 86536
114790 102667 98097 95130
122541 101632 115995 82615
106180 109186 113362 90182
111236 110243 112756 87254
121859 102070 97813 95519
115196 96965 103036 95902
103893 107366 106638 98735
105988 117461 109308 87049
109777 99454 103377 96161
129015 103451 101838 90350
121635 102846 109243 82575
106769 115070 106567 92646
108237 98717 109866 101934
103562 106429 108433 97198
110269 118472 101668 90096
110057 114443 99568 93514
109116 101058 105630 98480
116921 108033 111048 86593
115624 117905 98235 88294
105560 107841 112938 93092
115372 106864 106745 88179
116549 104958 97966 96500
113253 106874 112831 83433
108233 115233 117047 85842
105496 100524 107663 102071
112804 100813 101402 99782
116184 96920 110144 91107
106695 111469 103737 95998
103515 115444 103940 95622
119235 105024 105418 88698
111601 112421 102109 91320
104709 101067 114879 100790
116385 104369 109350 86841
114915 115649 111325 82614
124790 97930 99712 95353
121158 105525 103682 85713
117854 105454 98041 94220
113952 100137 107839 88225
124730 107751 101016 88065
107541 112392 98016 99758
117591 106372 109771 85612
106281 112566 99671 94248
120960 109844 103125 86188
113806 111314 104508 87081
