1465 88.238
1.58839e+06 1.55786e+06 1.59443e+06 1.58588e+06
1.57414e+06 1.56654e+06 1.65957e+06 1.5539e+06
1.6023e+06 1.56008e+06 1.58741e+06 1.58963e+06
1.60711e+06 1.53603e+06 1.5879e+06 1.59651e+06
1.60305e+06 1.56291e+06 1.5719e+06 1.56206e+06
1.58823e+06 1.50969e+06 1.60872e+06 1.6365e+06
1.60686e+06 1.54448e+06 1.57303e+06 1.59756e+06
1.56754e+06 1.55865e+06 1.59824e+06 1.55853e+06
1.62514e+06 1.54405e+06 1.5452e+06 1.61723e+06
1.58908e+06 1.56351e+06 1.5892e+06 1.57819e+06
1.61195e+06 1.61606e+06 1.56045e+06 1.5776e+06
1.54982e+06 1.59187e+06 1.56897e+06 1.6179e+06
1.60626e+06 1.5409e+06 1.60514e+06 1.56569e+06
1.55783e+06 1.59215e+06 1.57214e+06 1.58908e+06
1.61451e+06 1.62047e+06 1.61091e+06 1.52325e+06
1.59115e+06 1.53851e+06 1.57091e+06 1.63236e+06
1.55478e+06 1.55469e+06 1.61884e+06 1.60414e+06
1.5856e+06 1.54905e+06 1.60564e+06 1.56484e+06
1.61165e+06 1.56742e+06 1.54408e+06 1.62781e+06
1.56235e+06 1.59092e+06 1.57376e+06 1.61051e+06
1.56598e+06 1.58557e+06 1.61155e+06 1.56855e+06
1.54272e+06 1.57125e+06 1.64568e+06 1.54644e+06
1.5619e+06 1.58738e+06 1.58152e+06 1.58426e+06
1.62541e+06 1.55697e+06 1.59385e+06 1.56937e+06
1.542e+06 1.55674e+06 1.62078e+06 1.59586e+06
1.58155e+06 1.57285e+06 1.61614e+06 1.55787e+06
1.60187e+06 1.58484e+06 1.57279e+06 1.57111e+06
1.6111e+06 1.53315e+06 1.61383e+06 1.57247e+06
1.61246e+06 1.54739e+06 1.57686e+06 1.58486e+06
1.60433e+06 1.52842e+06 1.55192e+06 1.62048e+06
1.55761e+06 1.55096e+06 1.62067e+06 1.59346e+06
1.5617e+06 1.63469e+06 1.56523e+06 1.60211e+06
1.55382e+06 1.59267e+06 1.56888e+06 1.5872e+06
1.57539e+06 1.5541e+06 1.5982e+06 1.58151e+06
1.61895e+06 1.50852e+06 1.67654e+06 1.62217e+06
1.53694e+06 1.60428e+06 1.59465e+06 1.63577e+06
1.55336e+06 1.62649e+06 1.59478e+06 1.55355e+06
1.58769e+06 1.60274e+06 1.53576e+06 1.63145e+06
1.66251e+06 1.52387e+06 1.5796e+06 1.57269e+06
1.55255e+06 1.54514e+06 1.62665e+06 1.58497e+06
1.6123e+06 1.53939e+06 1.5668e+06 1.60772e+06
1.55609e+06 1.56876e+06 1.57e+06 1.68632e+06
1.65222e+06 1.50794e+06 1.62246e+06 1.6078e+06
1.56297e+06 1.58156e+06 1.6417e+06 1.56033e+06
1.54161e+06 1.55174e+06 1.60479e+06 1.63569e+06
1.63355e+06 1.59107e+06 1.55107e+06 1.57333e+06
1.61029e+06 1.56553e+06 1.59658e+06 1.5594e+06
1.60874e+06 1.53879e+06 1.64041e+06 1.56868e+06
1.59799e+06 1.54492e+06 1.57218e+06 1.62183e+06
1.6013e+06 1.60482e+06 1.54342e+06 1.57948e+06
1.60243e+06 1.55005e+06 1.55484e+06 1.61641e+06
1.5911e+06 1.52542e+06 1.57218e+06 1.64264e+06
1.55554e+06 1.56703e+06 1.61566e+06 1.62366e+06
1.68712e+06 1.52282e+06 1.5816e+06 1.59951e+06
1.59298e+06 1.61295e+06 1.56715e+06 1.5757e+06
1.60438e+06 1.55405e+06 1.58903e+06 1.58419e+06
1.60729e+06 1.59968e+06 1.56212e+06 1.56905e+06
1.57005e+06 1.53729e+06 1.67303e+06 1.59014e+06
1.62572e+06 1.52641e+06 1.58146e+06 1.60019e+06
1.61393e+06 1.53711e+06 1.61975e+06 1.5524e+06
1.61214e+06 1.52893e+06 1.57786e+06 1.60564e+06
1.62907e+06 1.53996e+06 1.58405e+06 1.57781e+06
1.55474e+06 1.56924e+06 1.62936e+06 1.582e+06
1.57163e+06 1.57039e+06 1.59557e+06 1.58129e+06
1.56666e+06 1.55829e+06 1.59744e+06 1.60551e+06
1.6263e+06 1.57428e+06 1.61467e+06 1.53377e+06
1.56408e+06 1.56499e+06 1.64032e+06 1.57649e+06
1.6321e+06 1.59339e+06 1.55863e+06 1.57202e+06
1.64139e+06 1.60871e+06 1.55469e+06 1.57005e+06
1.66197e+06 1.58399e+06 1.61912e+06 1.52555e+06
1.63841e+06 1.50063e+06 1.62988e+06 1.65694e+06
1.55692e+06 1.55641e+06 1.58116e+06 1.64521e+06
1.58355e+06 1.56636e+06 1.58259e+06 1.58589e+06
1.64401e+06 1.60541e+06 1.55906e+06 1.56149e+06
1.61655e+06 1.62599e+06 1.49442e+06 1.6368e+06
1.55642e+06 1.56652e+06 1.59489e+06 1.61432e+06
1.59441e+06 1.5776e+06 1.53738e+06 1.59141e+06
1.57799e+06 1.59507e+06 1.53465e+06 1.64756e+06
1.59614e+06 1.5452e+06 1.64775e+06 1.54377e+06
1.62367e+06 1.57592e+06 1.54146e+06 1.61549e+06
1.62668e+06 1.55093e+06 1.57088e+06 1.57694e+06
1.55568e+06 1.56128e+06 1.59219e+06 1.62196e+06
1.64427e+06 1.61488e+06 1.59162e+06 1.52214e+06
1.63437e+06 1.56264e+06 1.56515e+06 1.55471e+06
1.65188e+06 1.5597e+06 1.51775e+06 1.67794e+06
1.62138e+06 1.55287e+06 1.54122e+06 1.65116e+06
1.54318e+06 1.60714e+06 1.5803e+06 1.62483e+06
1.55465e+06 1.5522e+06 1.6256e+06 1.60777e+06
1.62607e+06 1.54376e+06 1.61295e+06 1.56436e+06
1.57159e+06 1.55345e+06 1.59887e+06 1.5896e+06
1.63688e+06 1.59449e+06 1.60747e+06 1.5253e+06
1.56574e+06 1.5535e+06 1.61583e+06 1.60515e+06
1.55451e+06 1.5466e+06 1.62589e+06 1.64515e+06
1.56485e+06 1.62027e+06 1.54227e+06 1.6289e+06
1.57271e+06 1.56667e+06 1.57008e+06 1.59464e+06
1.62981e+06 1.55488e+06 1.57849e+06 1.56436e+06
1.56216e+06 1.5822e+06 1.62997e+06 1.57632e+06
1.57721e+06 1.58911e+06 1.57124e+06 1.56748e+06
1.54178e+06 1.58438e+06 1.57831e+06 1.64215e+06
1.58756e+06 1.57796e+06 1.57299e+06 1.57714e+06
1.55637e+06 1.57168e+06 1.58633e+06 1.60656e+06
1.57746e+06 1.5447e+06 1.56664e+06 1.62322e+06
1.55227e+06 1.61557e+06 1.59864e+06 1.59498e+06
1.55748e+06 1.59101e+06 1.56596e+06 1.60337e+06
1.54372e+06 1.60533e+06 1.59502e+06 1.61094e+06
1.52214e+06 1.55677e+06 1.60342e+06 1.62478e+06
1.57566e+06 1.59483e+06 1.54544e+06 1.59086e+06
1.63468e+06 1.56002e+06 1.63972e+06 1.5437e+06
1.62188e+06 1.56007e+06 1.5735e+06 1.56325e+06
1.58326e+06 1.51414e+06 1.6002e+06 1.64685e+06
1.67276e+06 1.51549e+06 1.61277e+06 1.61798e+06
1.55545e+06 1.59386e+06 1.60507e+06 1.5716e+06
1.64391e+06 1.54014e+06 1.58923e+06 1.57028e+06
1.6446e+06 1.53149e+06 1.5571e+06 1.59745e+06
1.5631e+06 1.56479e+06 1.57449e+06 1.63162e+06
1.55442e+06 1.67093e+06 1.54804e+06 1.61034e+06
1.58207e+06 1.5344e+06 1.65344e+06 1.57689e+06
1.63777e+06 1.53808e+06 1.60713e+06 1.56914e+06
1.62685e+06 1.54008e+06 1.5481e+06 1.66652e+06
1.64735e+06 1.53756e+06 1.54915e+06 1.57944e+06
1.59739e+06 1.55364e+06 1.5956e+06 1.58045e+06
1.62088e+06 1.51929e+06 1.57806e+06 1.61288e+06
1.66296e+06 1.54764e+06 1.59108e+06 1.56697e+06
1.59141e+06 1.59174e+06 1.56599e+06 1.57859e+06
1.56481e+06 1.58449e+06 1.56954e+06 1.58478e+06
1.54662e+06 1.58448e+06 1.58299e+06 1.61909e+06
1.55381e+06 1.56361e+06 1.57747e+06 1.65067e+06
1.62498e+06 1.51452e+06 1.602e+06 1.62115e+06
1.55029e+06 1.53234e+06 1.62788e+06 1.59514e+06
1.62159e+06 1.59673e+06 1.53478e+06 1.5852e+06
1.62239e+06 1.53248e+06 1.57005e+06 1.5973e+06
1.55297e+06 1.56952e+06 1.62316e+06 1.58028e+06
1.58044e+06 1.56591e+06 1.56942e+06 1.58659e+06
1.5643e+06 1.55683e+06 1.61758e+06 1.60617e+06
1.59234e+06 1.54605e+06 1.62695e+06 1.57386e+06
1.56633e+06 1.53116e+06 1.59426e+06 1.63125e+06
1.62394e+06 1.61283e+06 1.52577e+06 1.60346e+06
1.55508e+06 1.56814e+06 1.61093e+06 1.60434e+06
1.53345e+06 1.5833e+06 1.60205e+06 1.62308e+06
1.62651e+06 1.51411e+06 1.61808e+06 1.61489e+06
1.58103e+06 1.58105e+06 1.60437e+06 1.54959e+06
1.62549e+06 1.53764e+06 1.57801e+06 1.59045e+06
1.69711e+06 1.51193e+06 1.5957e+06 1.58514e+06
1.6653e+06 1.59e+06 1.5604e+06 1.56134e+06
1.5926e+06 1.54791e+06 1.60165e+06 1.58695e+06
1.54759e+06 1.62615e+06 1.62161e+06 1.57273e+06
1.55028e+06 1.5226e+06 1.66128e+06 1.60711e+06
1.56372e+06 1.62219e+06 1.61962e+06 1.56517e+06
1.59897e+06 1.5745e+06 1.54239e+06 1.66153e+06
1.60579e+06 1.52845e+06 1.58456e+06 1.60403e+06
1.59541e+06 1.54589e+06 1.62888e+06 1.57113e+06
1.60307e+06 1.61274e+06 1.53435e+06 1.6134e+06
1.61719e+06 1.56096e+06 1.58862e+06 1.56809e+06
1.65852e+06 1.51808e+06 1.59777e+06 1.61579e+06
1.55292e+06 1.60497e+06 1.63511e+06 1.55545e+06
1.56461e+06 1.61089e+06 1.53806e+06 1.63398e+06
1.595e+06 1.56743e+06 1.54482e+06 1.6167e+06
1.5982e+06 1.5036e+06 1.58824e+06 1.62286e+06
1.64107e+06 1.53967e+06 1.57489e+06 1.59619e+06
1.52744e+06 1.55924e+06 1.63148e+06 1.58018e+06
1.64496e+06 1.63536e+06 1.54715e+06 1.56392e+06
1.57862e+06 1.53328e+06 1.57626e+06 1.62103e+06
1.59156e+06 1.56983e+06 1.54485e+06 1.64559e+06
1.55833e+06 1.58168e+06 1.54654e+06 1.61572e+06
1.65564e+06 1.52431e+06 1.59588e+06 1.58944e+06
1.59285e+06 1.51489e+06 1.62153e+06 1.62321e+06
1.55441e+06 1.56171e+06 1.61771e+06 1.61734e+06
1.59782e+06 1.54622e+06 1.57367e+06 1.60735e+06
1.58211e+06 1.56813e+06 1.57477e+06 1.53979e+06
1.6727e+06 1.50275e+06 1.58857e+06 1.65383e+06
1.54808e+06 1.56065e+06 1.58741e+06 1.65494e+06
1.59716e+06 1.56033e+06 1.582e+06 1.58312e+06
1.56126e+06 1.58725e+06 1.61125e+06 1.57449e+06
1.55389e+06 1.57046e+06 1.64288e+06 1.56963e+06
1.63388e+06 1.51831e+06 1.57365e+06 1.61705e+06
1.65762e+06 1.56398e+06 1.57945e+06 1.52782e+06
1.54623e+06 1.59074e+06 1.60873e+06 1.61353e+06
1.55407e+06 1.57159e+06 1.593e+06 1.64447e+06
1.61179e+06 1.53812e+06 1.57003e+06 1.60314e+06
1.62909e+06 1.54293e+06 1.58299e+06 1.57791e+06
1.63876e+06 1.53368e+06 1.60218e+06 1.55128e+06
1.5855e+06 1.53465e+06 1.63061e+06 1.5886e+06
1.5778e+06 1.583e+06 1.54233e+06 1.61526e+06
1.5821e+06 1.53004e+06 1.64162e+06 1.58906e+06
1.55912e+06 1.55324e+06 1.59033e+06 1.62532e+06
1.54499e+06 1.5826e+06 1.58186e+06 1.63148e+06
1.62919e+06 1.59116e+06 1.51922e+06 1.57423e+06
1.53129e+06 1.614e+06 1.60932e+06 1.58283e+06
1.58807e+06 1.51037e+06 1.63238e+06 1.61021e+06
1.54808e+06 1.5716e+06 1.57671e+06 1.61548e+06
1.5714e+06 1.63171e+06 1.58187e+06 1.55987e+06
1.63404e+06 1.62583e+06 1.56372e+06 1.5531e+06
1.65671e+06 1.61995e+06 1.55711e+06 1.5675e+06
1.52887e+06 1.59599e+06 1.60204e+06 1.64694e+06
1.56119e+06 1.57905e+06 1.58149e+06 1.61352e+06
1.6424e+06 1.55912e+06 1.57369e+06 1.56904e+06
1.5677e+06 1.55396e+06 1.57935e+06 1.59977e+06
1.56141e+06 1.59144e+06 1.57128e+06 1.60118e+06
1.56825e+06 1.54894e+06 1.55361e+06 1.61677e+06
1.63239e+06 1.52281e+06 1.599e+06 1.57684e+06
1.62495e+06 1.55839e+06 1.5833e+06 1.5786e+06
1.56048e+06 1.62891e+06 1.57409e+06 1.58651e+06
1.53011e+06 1.60427e+06 1.60096e+06 1.62214e+06
1.55748e+06 1.51692e+06 1.60497e+06 1.62645e+06
1.58583e+06 1.56704e+06 1.57955e+06 1.5591e+06
1.63783e+06 1.54089e+06 1.57765e+06 1.57007e+06
1.54853e+06 1.5977e+06 1.59223e+06 1.59676e+06
1.57788e+06 1.53715e+06 1.66826e+06 1.59129e+06
1.61372e+06 1.5572e+06 1.5776e+06 1.58225e+06
1.57333e+06 1.62077e+06 1.55565e+06 1.59625e+06
1.56049e+06 1.62006e+06 1.57957e+06 1.56863e+06
1.59711e+06 1.53846e+06 1.59724e+06 1.56955e+06
1.60474e+06 1.55602e+06 1.60518e+06 1.55129e+06
1.55101e+06 1.59597e+06 1.61295e+06 1.58454e+06
1.60868e+06 1.55953e+06 1.56453e+06 1.58708e+06
1.56682e+06 1.5778e+06 1.58184e+06 1.5683e+06
1.57396e+06 1.57032e+06 1.54443e+06 1.63601e+06
1.61199e+06 1.55178e+06 1.54287e+06 1.58851e+06
1.54842e+06 1.57264e+06 1.58666e+06 1.61479e+06
1.6114e+06 1.5494e+06 1.60884e+06 1.55762e+06
1.57892e+06 1.54437e+06 1.57429e+06 1.64081e+06
1.63098e+06 1.50718e+06 1.63227e+06 1.60075e+06
1.57774e+06 1.60635e+06 1.59905e+06 1.54646e+06
1.55972e+06 1.59113e+06 1.6364e+06 1.57929e+06
1.58722e+06 1.56376e+06 1.55041e+06 1.61888e+06
1.63699e+06 1.583e+06 1.55906e+06 1.57295e+06
1.54826e+06 1.59367e+06 1.60604e+06 1.59969e+06
1.5851e+06 1.55738e+06 1.59986e+06 1.58086e+06
1.56145e+06 1.54078e+06 1.60746e+06 1.61213e+06
1.55583e+06 1.5573e+06 1.60323e+06 1.59228e+06
1.54504e+06 1.59011e+06 1.61708e+06 1.5962e+06
1.64304e+06 1.57961e+06 1.5366e+06 1.59234e+06
1.56813e+06 1.52052e+06 1.61432e+06 1.60787e+06
1.52771e+06 1.60708e+06 1.59134e+06 1.60623e+06
1.62422e+06 1.6062e+06 1.53181e+06 1.59459e+06
1.59267e+06 1.57608e+06 1.53929e+06 1.63873e+06
1.556e+06 1.58167e+06 1.57557e+06 1.60146e+06
1.59157e+06 1.50737e+06 1.57627e+06 1.62786e+06
1.53958e+06 1.54681e+06 1.62897e+06 1.61918e+06
1.56889e+06 1.51822e+06 1.58831e+06 1.5922e+06
1.58606e+06 1.54566e+06 1.5938e+06 1.58886e+06
1.65155e+06 1.55363e+06 1.52691e+06 1.63481e+06
1.61422e+06 1.54629e+06 1.58796e+06 1.58219e+06
1.56526e+06 1.57367e+06 1.62299e+06 1.57752e+06
1.61817e+06 1.57474e+06 1.56562e+06 1.53052e+06
1.57464e+06 1.59221e+06 1.54038e+06 1.62762e+06
1.5572e+06 1.56284e+06 1.59206e+06 1.61038e+06
1.58224e+06 1.54488e+06 1.58667e+06 1.60963e+06
1.61082e+06 1.57891e+06 1.57062e+06 1.56551e+06
1.55108e+06 1.59624e+06 1.5921e+06 1.59597e+06
1.58529e+06 1.56286e+06 1.65244e+06 1.55374e+06
1.55813e+06 1.55661e+06 1.60293e+06 1.641e+06
1.59909e+06 1.61128e+06 1.56792e+06 1.52371e+06
1.54622e+06 1.60778e+06 1.58343e+06 1.6216e+06
1.562e+06 1.6066e+06 1.61565e+06 1.56738e+06
1.54985e+06 1.58962e+06 1.56766e+06 1.64156e+06
1.56535e+06 1.55249e+06 1.55167e+06 1.63927e+06
1.57376e+06 1.54791e+06 1.55828e+06 1.58972e+06
1.6037e+06 1.55765e+06 1.55078e+06 1.6225e+06
1.61014e+06 1.58442e+06 1.53997e+06 1.58007e+06
1.62079e+06 1.579e+06 1.54687e+06 1.58334e+06
1.55142e+06 1.6294e+06 1.59865e+06 1.5851e+06
1.56228e+06 1.61482e+06 1.60749e+06 1.5674e+06
1.54052e+06 1.57217e+06 1.59741e+06 1.62063e+06
1.5981e+06 1.62329e+06 1.56959e+06 1.56266e+06
1.5863e+06 1.53694e+06 1.5743e+06 1.615e+06
1.5324e+06 1.6072e+06 1.56746e+06 1.63473e+06
1.56529e+06 1.56559e+06 1.60158e+06 1.60571e+06
1.66649e+06 1.55604e+06 1.59859e+06 1.54647e+06
1.61342e+06 1.63579e+06 1.54534e+06 1.5723e+06
1.61314e+06 1.60476e+06 1.57088e+06 1.55432e+06
1.61592e+06 1.55133e+06 1.56741e+06 1.58228e+06
1.55075e+06 1.54078e+06 1.61278e+06 1.64803e+06
1.55418e+06 1.59645e+06 1.54256e+06 1.61393e+06
1.60297e+06 1.57545e+06 1.54717e+06 1.60373e+06
1.65291e+06 1.57579e+06 1.60037e+06 1.5262e+06
1.56814e+06 1.63018e+06 1.52772e+06 1.60321e+06
1.59928e+06 1.64604e+06 1.54951e+06 1.57741e+06
1.57711e+06 1.59562e+06 1.57832e+06 1.55724e+06
1.56703e+06 1.52761e+06 1.60972e+06 1.60735e+06
1.57515e+06 1.64808e+06 1.60673e+06 1.54446e+06
1.61293e+06 1.59218e+06 1.55843e+06 1.57486e+06
1.54845e+06 1.63005e+06 1.58996e+06 1.60971e+06
1.55384e+06 1.61609e+06 1.56288e+06 1.6493e+06
1.62307e+06 1.55988e+06 1.56717e+06 1.54877e+06
1.61221e+06 1.57339e+06 1.56226e+06 1.57769e+06
1.59673e+06 1.56144e+06 1.57707e+06 1.58461e+06
1.56607e+06 1.6397e+06 1.62067e+06 1.55305e+06
1.64298e+06 1.52274e+06 1.61764e+06 1.57028e+06
1.53316e+06 1.58102e+06 1.61973e+06 1.61408e+06
1.59893e+06 1.54745e+06 1.57142e+06 1.60792e+06
1.60598e+06 1.53276e+06 1.6121e+06 1.58899e+06
1.59858e+06 1.53519e+06 1.56084e+06 1.6094e+06
1.56195e+06 1.53951e+06 1.60255e+06 1.67148e+06
1.58828e+06 1.54327e+06 1.62934e+06 1.55393e+06
1.63226e+06 1.60558e+06 1.55461e+06 1.57222e+06
1.69399e+06 1.56842e+06 1.53751e+06 1.63197e+06
1.62555e+06 1.60024e+06 1.55953e+06 1.57294e+06
1.55786e+06 1.56844e+06 1.56529e+06 1.64992e+06
1.57954e+06 1.58628e+06 1.55131e+06 1.60747e+06
1.58565e+06 1.57112e+06 1.55155e+06 1.58004e+06
1.59588e+06 1.58138e+06 1.57365e+06 1.57299e+06
1.6023e+06 1.5665e+06 1.59122e+06 1.57764e+06
1.55014e+06 1.6016e+06 1.60709e+06 1.58334e+06
1.55604e+06 1.5958e+06 1.57902e+06 1.56931e+06
1.59926e+06 1.53442e+06 1.60427e+06 1.59004e+06
1.64716e+06 1.55397e+06 1.57655e+06 1.55014e+06
1.57101e+06 1.59517e+06 1.62399e+06 1.54766e+06
1.59309e+06 1.53592e+06 1.57228e+06 1.61178e+06
1.62624e+06 1.58852e+06 1.51444e+06 1.59939e+06
1.63625e+06 1.51364e+06 1.629e+06 1.61367e+06
1.59091e+06 1.60651e+06 1.62568e+06 1.52633e+06
1.59557e+06 1.62427e+06 1.52133e+06 1.63929e+06
1.60996e+06 1.56106e+06 1.58374e+06 1.56769e+06
1.59592e+06 1.6148e+06 1.60605e+06 1.53413e+06
1.61075e+06 1.55706e+06 1.5671e+06 1.5844e+06
1.56547e+06 1.56841e+06 1.60151e+06 1.58609e+06
1.57753e+06 1.51085e+06 1.64906e+06 1.62648e+06
1.56122e+06 1.56986e+06 1.57514e+06 1.62819e+06
1.59619e+06 1.6095e+06 1.56866e+06 1.57473e+06
1.62762e+06 1.54534e+06 1.59175e+06 1.5802e+06
1.54554e+06 1.63755e+06 1.61659e+06 1.57049e+06
1.6188e+06 1.62145e+06 1.54901e+06 1.56601e+06
1.6736e+06 1.50077e+06 1.63758e+06 1.63784e+06
1.57982e+06 1.53988e+06 1.62798e+06 1.58016e+06
1.60569e+06 1.54184e+06 1.57977e+06 1.58362e+06
1.56736e+06 1.53509e+06 1.5754e+06 1.63459e+06
1.60827e+06 1.56583e+06 1.59174e+06 1.5533e+06
1.67151e+06 1.51382e+06 1.61463e+06 1.60445e+06
1.56245e+06 1.57613e+06 1.56409e+06 1.64353e+06
1.62506e+06 1.54294e+06 1.56716e+06 1.60555e+06
1.56787e+06 1.53509e+06 1.60961e+06 1.61558e+06
1.54093e+06 1.64003e+06 1.59605e+06 1.59594e+06
1.58401e+06 1.54123e+06 1.60333e+06 1.57844e+06
1.5665e+06 1.58413e+06 1.60803e+06 1.58223e+06
1.57751e+06 1.55332e+06 1.64325e+06 1.55894e+06
1.63025e+06 1.57983e+06 1.56383e+06 1.5458e+06
1.56341e+06 1.54243e+06 1.60095e+06 1.62265e+06
1.63745e+06 1.54089e+06 1.65083e+06 1.54963e+06
1.58539e+06 1.57865e+06 1.52802e+06 1.63359e+06
1.62471e+06 1.54446e+06 1.57656e+06 1.59132e+06
1.5514e+06 1.57688e+06 1.5918e+06 1.61416e+06
1.59623e+06 1.60367e+06 1.55096e+06 1.58698e+06
1.62114e+06 1.56293e+06 1.5355e+06 1.63838e+06
1.62053e+06 1.61141e+06 1.55281e+06 1.57009e+06
1.53698e+06 1.55478e+06 1.61034e+06 1.62716e+06
1.55809e+06 1.56792e+06 1.58418e+06 1.58616e+06
1.63057e+06 1.55505e+06 1.61682e+06 1.5454e+06
1.56804e+06 1.57267e+06 1.5594e+06 1.58121e+06
1.56783e+06 1.5653e+06 1.57089e+06 1.59261e+06
1.57568e+06 1.60078e+06 1.5851e+06 1.55926e+06
1.62976e+06 1.52344e+06 1.54851e+06 1.60095e+06
1.60178e+06 1.5259e+06 1.54844e+06 1.63312e+06
1.59403e+06 1.57718e+06 1.57357e+06 1.5747e+06
1.65985e+06 1.54876e+06 1.56923e+06 1.54898e+06
1.62734e+06 1.54527e+06 1.61771e+06 1.55496e+06
1.60409e+06 1.60122e+06 1.56377e+06 1.56775e+06
1.59986e+06 1.54921e+06 1.5921e+06 1.58125e+06
1.58028e+06 1.53345e+06 1.55278e+06 1.65287e+06
1.51964e+06 1.62858e+06 1.62792e+06 1.62244e+06
1.5738e+06 1.57062e+06 1.65002e+06 1.55668e+06
1.62356e+06 1.54226e+06 1.56925e+06 1.5987e+06
1.65223e+06 1.577e+06 1.56256e+06 1.56346e+06
1.56365e+06 1.56579e+06 1.56806e+06 1.6236e+06
1.58011e+06 1.55351e+06 1.63908e+06 1.57618e+06
1.5678e+06 1.58019e+06 1.58156e+06 1.56362e+06
1.60059e+06 1.56104e+06 1.55633e+06 1.57776e+06
1.53455e+06 1.59049e+06 1.62098e+06 1.59939e+06
1.54616e+06 1.63843e+06 1.59068e+06 1.62114e+06
1.55252e+06 1.61949e+06 1.63564e+06 1.57078e+06
1.55473e+06 1.5865e+06 1.60045e+06 1.58514e+06
1.64326e+06 1.54342e+06 1.54706e+06 1.59782e+06
1.62929e+06 1.55554e+06 1.61934e+06 1.54992e+06
1.64575e+06 1.54348e+06 1.60196e+06 1.54418e+06
1.61129e+06 1.55537e+06 1.61163e+06 1.5509e+06
1.58232e+06 1.5153e+06 1.58262e+06 1.6373e+06
1.58612e+06 1.56441e+06 1.5579e+06 1.60029e+06
1.63432e+06 1.51148e+06 1.59713e+06 1.61817e+06
1.6114e+06 1.52662e+06 1.60783e+06 1.56448e+06
1.6191e+06 1.55733e+06 1.58894e+06 1.56968e+06
1.60875e+06 1.51707e+06 1.60197e+06 1.57953e+06
1.54039e+06 1.57222e+06 1.62427e+06 1.5898e+06
1.60597e+06 1.55034e+06 1.54316e+06 1.65654e+06
1.61276e+06 1.54069e+06 1.57681e+06 1.59019e+06
1.58774e+06 1.58798e+06 1.61114e+06 1.53815e+06
1.62118e+06 1.6043e+06 1.53359e+06 1.61269e+06
1.54834e+06 1.56049e+06 1.59678e+06 1.64348e+06
1.57315e+06 1.54795e+06 1.58927e+06 1.59184e+06
1.60387e+06 1.53344e+06 1.58711e+06 1.61699e+06
1.57619e+06 1.53249e+06 1.60359e+06 1.59154e+06
1.56747e+06 1.56507e+06 1.56326e+06 1.61545e+06
1.5957e+06 1.53587e+06 1.62294e+06 1.58842e+06
1.64897e+06 1.55436e+06 1.55899e+06 1.56791e+06
1.60244e+06 1.54958e+06 1.60568e+06 1.55815e+06
1.62434e+06 1.57248e+06 1.52827e+06 1.6526e+06
1.53701e+06 1.57927e+06 1.58308e+06 1.62184e+06
1.53444e+06 1.56467e+06 1.59268e+06 1.67782e+06
1.61767e+06 1.60457e+06 1.55995e+06 1.56916e+06
1.60304e+06 1.59463e+06 1.561e+06 1.57172e+06
1.54232e+06 1.59327e+06 1.62849e+06 1.58108e+06
1.58146e+06 1.51454e+06 1.62156e+06 1.64259e+06
1.53859e+06 1.59618e+06 1.59927e+06 1.59967e+06
1.55457e+06 1.52004e+06 1.63905e+06 1.63786e+06
1.591e+06 1.56145e+06 1.57614e+06 1.58597e+06
1.54356e+06 1.56794e+06 1.61671e+06 1.60792e+06
1.57363e+06 1.58229e+06 1.62409e+06 1.55814e+06
1.63167e+06 1.57058e+06 1.55056e+06 1.58764e+06
1.6596e+06 1.55878e+06 1.57534e+06 1.56752e+06
1.54385e+06 1.54577e+06 1.6386e+06 1.60358e+06
1.62263e+06 1.55396e+06 1.59109e+06 1.57562e+06
1.62572e+06 1.54307e+06 1.54502e+06 1.64714e+06
1.55316e+06 1.59342e+06 1.56458e+06 1.62612e+06
1.5883e+06 1.56463e+06 1.59256e+06 1.58855e+06
1.62091e+06 1.55265e+06 1.5769e+06 1.58159e+06
1.56443e+06 1.59829e+06 1.56757e+06 1.59328e+06
1.60047e+06 1.54079e+06 1.58622e+06 1.60489e+06
1.62378e+06 1.56303e+06 1.63197e+06 1.54258e+06
1.58218e+06 1.55301e+06 1.60857e+06 1.58091e+06
1.57353e+06 1.55462e+06 1.62574e+06 1.56995e+06
1.56508e+06 1.58226e+06 1.62991e+06 1.57586e+06
1.56594e+06 1.53084e+06 1.62455e+06 1.60983e+06
1.62713e+06 1.57346e+06 1.52583e+06 1.60268e+06
1.60377e+06 1.51034e+06 1.65029e+06 1.57784e+06
1.5667e+06 1.53719e+06 1.59639e+06 1.59262e+06
1.59942e+06 1.58724e+06 1.56227e+06 1.57505e+06
1.52788e+06 1.60366e+06 1.58689e+06 1.64348e+06
1.62391e+06 1.56496e+06 1.52867e+06 1.64141e+06
1.62417e+06 1.60801e+06 1.51962e+06 1.6338e+06
1.55584e+06 1.55986e+06 1.57803e+06 1.62747e+06
1.5936e+06 1.51492e+06 1.5804e+06 1.62008e+06
1.65444e+06 1.52496e+06 1.58384e+06 1.5703e+06
1.58092e+06 1.53312e+06 1.58406e+06 1.6466e+06
1.56126e+06 1.55074e+06 1.62652e+06 1.58836e+06
1.54749e+06 1.58423e+06 1.59125e+06 1.61197e+06
1.56689e+06 1.59336e+06 1.61546e+06 1.56331e+06
1.58231e+06 1.56259e+06 1.59745e+06 1.56658e+06
1.602e+06 1.59801e+06 1.62605e+06 1.53643e+06
1.61948e+06 1.57727e+06 1.53848e+06 1.62888e+06
1.63414e+06 1.52299e+06 1.59614e+06 1.58224e+06
1.56697e+06 1.55546e+06 1.58716e+06 1.59738e+06
1.57369e+06 1.55306e+06 1.58401e+06 1.60241e+06
1.59964e+06 1.56584e+06 1.59797e+06 1.56585e+06
1.64295e+06 1.56178e+06 1.53866e+06 1.57342e+06
1.59201e+06 1.56764e+06 1.6254e+06 1.54575e+06
