18 0.722705
324608 302313 304157
295273 318660 293581
319780 314926 288948
326561 295834 296982
343116 291181 303914
286837 346157 321344
303439 329170 284778
322074 341854 274573
344267 333085 266265
351440 289221 324340
316460 295568 308846
324031 321839 281705
324688 326735 274445
328069 304034 291580
345995 290389 320272
305809 295941 304679
313788 307089 296149
319741 314517 292287
324694 301162 295450
330387 319700 276110
341505 304454 279434
304614 293785 320721
307042 346638 284019
322592 327941 272835
333218 317166 277154
341028 308272 282606
315355 294781 313107
316712 338028 275787
323435 307609 287053
328731 313220 282388
320068 289528 322988
333535 294263 290335
344953 293336 299806
292920 304799 307700
299501 330058 287973
310105 328132 278617
316510 315521 290640
321099 293555 305644
324128 305690 297126
333010 311520 278696
303834 317180 298823
336414 330927 270634
337298 296977 289458
348253 329839 267099
315358 323845 288020
316792 309540 294624
317213 323931 275121
317942 290426 311622
318595 315095 285413
324467 302460 300985
325213 305805 289127
327248 305433 293826
335757 313993 278209
336531 327050 272410
336729 318867 276068
340119 313617 273529
343699 305093 279211
350575 300422 285981
353996 314845 272784
