1218 68.8912
1.16421e+06 1.13166e+06 1.15386e+06
1.1951e+06 1.13872e+06 1.07459e+06
1.21196e+06 1.13131e+06 1.0725e+06
1.1543e+06 1.172e+06 1.13424e+06
1.1679e+06 1.11646e+06 1.13363e+06
1.18506e+06 1.10901e+06 1.12822e+06
1.17006e+06 1.15372e+06 1.09696e+06
1.17962e+06 1.1303e+06 1.10544e+06
1.196e+06 1.1258e+06 1.08546e+06
1.21333e+06 1.10706e+06 1.09872e+06
1.21265e+06 1.10752e+06 1.09643e+06
1.22114e+06 1.09672e+06 1.11151e+06
1.21129e+06 1.15408e+06 1.07374e+06
1.19496e+06 1.10152e+06 1.1161e+06
1.21473e+06 1.10915e+06 1.08737e+06
1.19824e+06 1.12502e+06 1.09296e+06
1.21271e+06 1.11954e+06 1.09176e+06
1.20614e+06 1.10095e+06 1.09953e+06
1.21143e+06 1.11851e+06 1.094e+06
1.22511e+06 1.11376e+06 1.08468e+06
1.19324e+06 1.10889e+06 1.10833e+06
1.19374e+06 1.17642e+06 1.07143e+06
1.18243e+06 1.09624e+06 1.14406e+06
1.21136e+06 1.12858e+06 1.078e+06
1.18336e+06 1.15011e+06 1.07631e+06
1.1855e+06 1.13277e+06 1.08279e+06
1.20853e+06 1.12442e+06 1.07918e+06
1.19333e+06 1.09543e+06 1.1359e+06
1.19755e+06 1.10863e+06 1.09885e+06
1.22275e+06 1.0966e+06 1.09492e+06
1.21363e+06 1.12285e+06 1.08343e+06
1.16374e+06 1.15738e+06 1.11452e+06
1.20011e+06 1.1081e+06 1.10135e+06
1.18212e+06 1.1062e+06 1.13497e+06
1.21843e+06 1.10506e+06 1.09777e+06
1.19869e+06 1.11233e+06 1.09565e+06
1.15633e+06 1.16032e+06 1.15431e+06
1.15704e+06 1.14393e+06 1.12946e+06
1.1711e+06 1.11039e+06 1.13535e+06
1.18515e+06 1.10114e+06 1.11801e+06
1.19123e+06 1.11817e+06 1.09718e+06
1.17389e+06 1.14455e+06 1.08222e+06
1.1964e+06 1.11791e+06 1.10488e+06
1.17651e+06 1.13184e+06 1.10526e+06
1.23319e+06 1.11588e+06 1.08326e+06
1.16517e+06 1.15352e+06 1.1074e+06
1.1748e+06 1.12052e+06 1.12089e+06
1.1835e+06 1.1403e+06 1.09024e+06
1.19703e+06 1.11151e+06 1.09697e+06
1.17539e+06 1.13192e+06 1.12082e+06
1.18754e+06 1.12744e+06 1.09363e+06
1.1983e+06 1.11078e+06 1.09815e+06
1.18625e+06 1.13086e+06 1.0847e+06
1.1693e+06 1.14817e+06 1.10493e+06
1.21271e+06 1.11499e+06 1.09106e+06
1.18042e+06 1.12007e+06 1.0949e+06
1.19764e+06 1.10847e+06 1.10874e+06
1.20155e+06 1.13106e+06 1.08203e+06
1.17025e+06 1.134e+06 1.10228e+06
1.17471e+06 1.12959e+06 1.12541e+06
1.2169e+06 1.08213e+06 1.15606e+06
1.19615e+06 1.13247e+06 1.07683e+06
1.17229e+06 1.12926e+06 1.12687e+06
1.19593e+06 1.09589e+06 1.11382e+06
1.17743e+06 1.11143e+06 1.1057e+06
1.1922e+06 1.13479e+06 1.08242e+06
1.19837e+06 1.09792e+06 1.1084e+06
1.17696e+06 1.12823e+06 1.11847e+06
1.2003e+06 1.13218e+06 1.08371e+06
1.20039e+06 1.11897e+06 1.09187e+06
1.2056e+06 1.09415e+06 1.11488e+06
1.20674e+06 1.12016e+06 1.08894e+06
1.18104e+06 1.10662e+06 1.14096e+06
1.15812e+06 1.14087e+06 1.11775e+06
1.18358e+06 1.13331e+06 1.08594e+06
1.20735e+06 1.08436e+06 1.15352e+06
1.1809e+06 1.14019e+06 1.09391e+06
1.16709e+06 1.11881e+06 1.12703e+06
1.20203e+06 1.10714e+06 1.10486e+06
1.16482e+06 1.13697e+06 1.12114e+06
1.18002e+06 1.13232e+06 1.10524e+06
1.20595e+06 1.08593e+06 1.11631e+06
1.23593e+06 1.08428e+06 1.13562e+06
1.22186e+06 1.08371e+06 1.15419e+06
1.19574e+06 1.09459e+06 1.16405e+06
1.21132e+06 1.13896e+06 1.06805e+06
1.20587e+06 1.09234e+06 1.12758e+06
