1 0.162051
766007 814334 798727
766670 818198 788181
768032 784734 818116
773277 830343 786310
779342 806003 759449
780407 780678 776696
780741 793436 772292
794843 769545 783882
805877 777444 782813
807513 788020 770307
813649 788988 767563
813841 774564 775633
832353 779269 774941
763907 818023 799751
764091 809924 822050
771827 816963 787985
775457 795401 791436
778906 774668 823892
780216 799089 783698
790474 747635 788733
798096 790498 763982
806930 787973 775334
809361 800637 752657
810972 794511 756249
820079 759730 780186
832493 773059 779331
840678 780906 768961
