357 3.2555
255961 270565 350817
214144 332357 300208
234428 373060 268643
332896 216764 308203
368030 250248 251880
315701 329483 205830
247426 278845 345857
360096 256198 236725
356836 252995 246048
305647 298522 216393
299284 326121 218976
303055 302620 221659
365223 254779 237177
358072 255755 236893
361827 256292 236452
367635 249040 252854
317772 301558 212987
363126 258175 235538
334172 267456 241468
291386 287486 280296
251086 284568 321707
305065 298662 218713
314788 293834 223442
355610 264362 231816
320902 286411 246774
298176 247808 291458
311018 306585 213633
241288 361483 260648
302114 313683 210654
256724 369388 255903
366457 256826 234342
285577 308018 269178
354200 264473 231183
286668 310182 265394
316355 226264 295176
338964 262730 240061
234481 370848 266172
318219 231546 288252
323794 223049 297794
346657 264824 229368
254608 276515 333805
347745 261068 232758
321960 238116 283644
300708 300389 226789
272182 264929 328320
351253 274505 225762
345902 259083 233773
312562 224337 309402
336349 267392 236060
234220 365360 270774
222706 319661 305102
307042 295114 227293
250043 279711 342633
261877 277075 324808
240688 362868 262644
254839 290464 314853
352295 253518 241916
302853 302748 215855
307661 233476 296755
288647 303263 269526
233841 347875 278704
280959 261392 316463
353628 254123 237250
255578 350667 261380
287793 329459 239384
248848 349621 263278
260347 339348 262340
289755 246200 302810
329870 265856 244392
308360 230143 297341
290922 245792 303383
285047 247224 307163
304644 242862 290581
264271 282662 312440
235291 371719 265589
339620 266583 235192
344751 266791 230366
277924 263121 319340
258942 268510 339505
292357 297461 270423
275867 262449 320854
257934 275216 327751
252955 276437 338168
348857 256692 235746
248488 334829 279630
343581 250797 263297
264678 271638 330879
230677 343686 290197
286419 304408 269825
246428 348846 265950
320480 229596 291966
315129 326639 207299
303663 236435 296218
338891 264135 243474
259409 277996 326122
289307 244251 306394
274131 332837 260947
253492 276640 335791
231925 363949 277471
262704 273155 328980
333406 269952 241002
340716 257635 236440
250725 284011 341141
325668 285805 242531
322650 219663 306583
246154 283256 344156
284616 335883 247714
214816 331467 296710
232626 368114 273285
306355 293821 227569
230183 318635 294216
226140 312837 306410
236585 362121 272290
235403 366638 266532
234576 360241 272456
219449 321963 301808
238802 341784 279351
245227 338259 272664
267847 277271 311504
254786 354429 261061
328072 263996 245012
263555 285306 309431
291735 242369 309362
258186 269464 338769
309379 316088 209338
265323 337153 264428
233277 359501 272984
234363 352337 277516
259932 268040 340741
265019 273602 324062
363028 255454 236788
318662 260164 258121
281598 321481 259836
265344 271019 325394
304870 302995 214641
268704 338117 261687
241662 311036 306157
272507 266144 326844
318373 222259 298706
352143 255751 238993
288903 306305 264603
216961 322279 304410
232207 322743 293607
215569 328822 300846
244729 280187 344894
278802 334192 257570
245481 346382 267995
276594 291932 300565
294436 252089 296589
312410 319692 207778
221238 316615 305529
256751 270934 335156
311916 241678 284136
311843 291368 228721
256784 367390 254359
257206 288022 311106
298960 244950 279029
280053 329280 256406
325920 261645 251464
317601 227298 292399
367138 255112 236255
324822 259943 253448
314648 295785 224262
332325 218158 304366
252081 368477 255961
328265 254662 255466
293040 335269 228391
217973 326018 299059
254013 355255 256331
218230 322456 301032
297134 298128 233258
249329 285634 316961
260968 336863 266085
246566 353336 265604
281355 308666 270892
259425 285595 310440
245681 357454 266762
313151 240773 283122
225543 317442 304733
279739 298941 280496
300509 243386 275632
319389 228327 292295
352582 253991 238005
295746 333263 226191
265861 274689 321043
239949 334997 282014
320597 230902 289852
337845 270251 234616
270392 305062 274857
290525 304001 264506
338233 258462 245816
243253 340906 274690
250797 275946 341677
283998 293363 276101
269246 281981 305860
285895 307451 268688
322370 226734 291930
300498 293664 238435
314048 329800 206842
228114 324362 295392
250300 278518 343499
276291 267361 314394
337220 250797 265876
345125 266306 230743
350561 264812 232152
260340 265534 342012
298543 277245 280982
238327 359948 267717
256555 275103 332609
312706 239208 291224
255354 283027 315930
260254 281533 313173
349971 267041 228113
301766 302718 215991
307988 293483 225421
263282 268163 336703
236148 318562 285000
283390 292613 281431
314451 237612 287953
307550 330025 209045
295308 300089 229875
270869 280648 308250
293321 323643 231134
274630 326246 259142
216476 329622 295931
239217 368235 258757
220940 321364 303919
307211 313382 210324
233548 355139 277971
322380 236751 282528
283130 289274 302742
243585 341952 271416
232960 351371 287735
268244 300837 286035
293951 249544 298351
314206 296921 222247
309538 295966 222762
236134 311657 290014
308187 328302 209791
327100 261598 248999
221986 323339 300882
269976 266663 322485
313818 235517 289037
227106 318288 298187
298981 239995 302428
237294 351749 275455
262452 280532 320091
245113 314195 286384
307271 306645 214408
242306 334034 283058
296181 249702 295148
336470 271183 232754
283620 296073 276608
251212 272490 345752
314192 330541 205990
259657 339748 257867
237132 358792 271734
321327 279908 256893
215728 326575 299481
330384 278447 242597
214882 327975 302604
302216 241767 291385
234932 358070 275976
233610 320168 285509
241711 347439 267330
255681 299279 311002
250472 272583 343728
324320 281786 247009
323995 264339 250624
328588 266442 243862
257391 276226 330831
309950 315160 208617
317074 221519 308170
349584 260723 232488
220488 325271 293888
277425 270330 311779
331730 270921 236045
240924 343361 278180
222271 324459 298134
237710 366025 265563
287346 330557 241164
287485 327043 252305
244237 292520 319188
241209 357505 270182
271721 300036 278100
328404 218582 304501
313890 223817 297106
315916 232845 290920
258629 270712 333501
331204 258290 252012
226378 318185 299752
260584 340351 257308
251222 270721 339188
283123 259452 317539
324992 234603 287716
330204 219113 296127
218104 325441 301260
220261 321168 304283
316684 232540 288839
223561 320954 303279
236775 363475 266397
246791 288745 323160
282083 295610 277017
276812 298721 286801
266087 276261 312208
236367 353148 274472
310137 228345 292922
273040 262797 320194
268984 336296 257807
343225 260270 234936
240072 309661 307807
294703 322553 229617
272498 324844 261912
326303 235997 286628
322454 257326 259460
332282 259719 247234
250424 355831 263102
238070 310559 306706
328871 258692 249999
281018 330845 250621
278587 327711 258604
267418 264108 329697
309939 320037 208245
243476 344342 268344
253286 340501 263545
266764 279160 309733
329235 254924 253929
231418 317579 294691
264758 268266 332168
262821 302434 301594
253812 363758 256473
313485 238803 287250
303441 297013 226151
267153 306007 271416
330867 261026 248134
257511 274023 329900
229926 327261 292750
316979 221906 309041
259021 288413 309087
310661 314321 208488
333133 261543 246416
274712 296510 287648
269754 303064 282887
266535 305601 298977
262033 283605 312777
273491 268701 318747
279423 261728 326474
238237 356917 274039
248292 274009 345263
236962 358289 273603
297314 260686 293245
349034 258551 234088
229491 317015 299303
315728 234800 289044
242308 333104 284366
262133 263417 337226
321494 220541 299109
282387 328399 257133
244050 359064 263063
242626 309546 290675
299730 243090 296753
228679 322599 294331
298824 315956 224835
350894 251000 254704
262323 273996 331660
353016 267627 227044
224019 320051 297684
317404 255839 263959
231038 316982 299661
297965 247111 294279
247599 347191 267490
251820 291327 314688
305131 301679 214473
249611 344541 267402
299617 298515 227911
295583 324104 227276
250128 307075 305543
227728 315482 303613
325017 258616 252528
270073 300680 276490
316051 227946 294247
294178 329902 228878
257485 342562 261588
227574 325138 294898
290329 314406 261816
256125 347537 260404
333707 275568 233545
314111 301089 213094
243099 341921 271977
326299 261782 249853
296842 250902 295017
247961 285763 315266
248983 356519 262873
223701 320899 300947
257707 283550 313683
224736 317462 304793
229314 313637 303605
313564 228889 292705
293632 308567 232419
271248 271082 304918
246188 335453 275037
297853 278032 281906
246791 343376 268319
327511 264449 245509
224521 318262 303054
228496 313726 304730
327368 261023 250403
301928 290947 266554
269327 266991 328844
219709 321843 304297
330772 259958 249351
310059 312187 210500
263165 269267 335556
259978 292216 307571
316230 262043 261165
332346 251738 247129
272786 334143 260307
326941 251268 255644
289266 312041 263979
233745 345821 279284
262132 274075 324522
313485 240209 285597
231986 345510 289666
259795 293156 308686
253164 279189 337454
282821 327687 249286
313051 239017 287556
285937 317765 266478
316714 238643 278903
264836 267020 332902
342848 268052 231601
297607 316108 224660
304938 241079 288761
252196 302150 309721
326500 258924 251818
273254 301401 275391
235169 356411 274368
252264 342910 263010
247688 288875 315633
244651 336863 273657
258455 281037 314803
327998 219365 299993
266516 281279 309330
303070 297383 230707
266948 299634 288177
234772 315336 288683
264404 269425 331491
252450 280115 337446
308261 309239 210636
314839 295605 222593
290203 335389 230137
319714 221113 301825
257846 295292 306742
264336 278412 323755
326720 220866 297205
316572 232721 289493
282580 305143 270498
333465 268992 238703
260738 274759 326493
341095 269254 234816
342415 265671 236333
239106 365647 264579
247560 288971 322915
273153 292842 302125
327452 220177 296463
242428 345195 274640
267559 267859 323776
341287 268730 234321
301819 237202 295112
327808 257492 254036
322082 220299 305255
240241 336153 281958
278239 266387 318726
255218 275572 337064
263407 280621 318428
315776 222876 305177
329438 261627 248041
341700 266920 233141
322535 229002 287757
275104 268628 317963
253226 291244 313958
216550 323344 302218
237641 346232 278976
256834 289158 308711
236440 357078 274277
352935 251454 254264
333971 275632 233046
319791 221051 302802
235357 316305 285921
277226 266909 317859
342104 270431 231879
322646 254785 254723
333483 268612 237806
214302 329657 299806
295891 299519 226952
316580 230430 290082
231645 315870 299794
247914 344888 267481
263489 279402 317581
312681 223957 295240
