276 8.15857
162175 286716 260442
162300 284950 261160
162459 284432 262020
163225 288100 258115
211350 195461 236278
214970 186475 236519
209267 175347 237295
211026 172405 237877
211193 172032 237951
211817 171885 236834
212182 171577 237488
210678 169267 238710
210680 168029 240631
207134 168444 239235
138619 265228 270463
207564 165970 241600
206378 166075 242247
206791 166018 242452
206392 167016 240817
204594 164147 243711
204845 164062 245525
143070 252185 264298
201799 164042 249567
202104 163991 248280
200076 165713 247505
202315 164326 245954
198757 165916 249105
199148 165899 247901
135560 279736 270723
135509 284298 270724
203945 162260 247998
143173 252875 262299
136423 271628 268229
200134 166091 244716
201331 226966 151740
204277 162325 246484
210630 230145 150116
137825 271964 262930
204721 221047 153043
207374 231717 150099
134988 284280 271508
204480 221270 153055
205449 220611 152931
208529 232132 150056
205859 161600 247890
206704 160726 249368
213026 230436 149975
214831 231408 149919
137735 275763 262353
206586 160727 249456
207133 231940 150111
134945 285483 270137
205950 220268 152792
136315 275554 263955
137168 270840 264847
138011 243520 278000
196081 165899 250513
136120 269981 268340
136626 275526 264178
197344 164673 251960
177779 244919 150813
238163 152788 215375
239306 151544 217891
134782 286814 269137
135858 274240 264575
137768 244930 273331
138341 242034 278528
175544 248823 150506
179381 242942 150562
240467 150682 218036
242847 151446 217244
133942 288042 273512
134032 287372 274547
243819 150373 218379
137281 246494 275993
196054 166920 246170
243472 150411 217730
174678 248731 151209
174962 249754 149899
175558 246623 150716
242177 150495 218065
175134 250323 148862
189167 240083 148399
192998 241497 147900
201633 243007 147509
241719 150317 218905
172507 232743 153466
209747 217668 152430
236968 150979 218677
137349 245863 273530
176017 245734 149156
195195 165534 250696
196087 165396 249384
171030 232611 155317
173534 233236 152466
175445 231351 152904
235025 151981 216368
242278 149426 219355
205077 241760 146402
133946 287707 272842
176411 246511 147680
208658 241754 146976
141962 232874 266616
196110 164496 254108
207965 242541 144905
234880 151401 219209
134103 288910 269785
168701 237505 156315
174364 227643 154542
177922 246585 146112
134077 288948 268757
168282 235036 157470
174366 227171 154247
177037 247257 146235
246346 147570 227173
179589 245035 146356
237894 149566 222222
245341 147636 227805
194524 165444 252814
246611 147445 228471
167288 237832 157314
167999 235592 156802
177051 245057 146445
239664 149412 220848
242398 147395 229393
141446 231241 272519
166354 238628 160399
174789 224929 154011
234824 150807 221675
173653 231709 152774
174809 220296 154691
176324 218783 155212
206041 218755 151896
240932 147754 230159
135551 247970 274204
174936 220162 154316
175006 221161 154015
240705 147338 230794
241739 146285 235432
173661 222292 154827
136242 247132 270843
173082 221287 155487
175337 219968 154704
206163 217893 151133
238943 148761 221393
242047 145839 235381
247523 147384 227099
134147 248944 277511
139583 234993 264617
172814 221592 155249
176027 220166 153076
193909 165711 253069
211145 217402 150640
143594 228964 269089
241094 145676 238005
134034 253859 278243
141998 229955 276828
167517 238135 156140
134167 289715 268294
134378 248539 275326
176694 245884 146264
239437 147885 222921
241592 148866 219937
193629 166009 252623
194109 165069 253867
133910 255251 276809
134738 249445 273224
177894 221332 152122
178093 217803 154250
244067 145163 239544
181920 217735 153512
213074 217771 150347
134676 250730 272674
171769 219831 156355
217070 157080 206393
238455 145684 238378
245790 145111 238267
166222 239006 156300
166810 236844 158597
238802 145586 243508
139255 235141 266773
169093 220185 159351
236779 146259 236241
240901 145188 238306
133703 249727 280832
139648 232223 267610
216747 157010 207643
217139 156935 206654
221087 156588 201073
240957 145114 240561
246432 145041 237723
134005 246613 278427
134821 250787 271776
165287 239091 159158
169179 218585 158921
193229 164547 258345
214766 217301 150120
221137 156412 200489
234860 145902 242605
235352 145767 242545
134039 245188 278023
134593 252887 271512
139656 231563 266985
216027 157666 206486
222352 155870 200963
228414 145318 243666
234663 145942 243233
171229 216657 158651
222537 155076 203212
164224 239237 159172
166254 239087 155459
169330 218278 158775
219214 156827 202285
227666 145363 247167
227815 145392 244177
134006 243076 282515
219755 156802 199730
221371 155355 203602
224824 154148 201519
245660 144339 238449
168044 222222 158703
179687 246779 140308
219865 156960 198287
222421 155725 201224
245511 144310 241439
169201 220318 155942
180976 246349 139906
225140 153534 202099
229198 153009 202852
163504 239689 161435
176179 218804 153093
180886 243827 140729
215575 218854 148014
228516 144869 244173
