161 154.952
1.09106e+06 1.3534e+06 1.35208e+06
1.09106e+06 1.34751e+06 1.35804e+06
1.09276e+06 1.34581e+06 1.36048e+06
1.18454e+06 1.3052e+06 1.23714e+06
1.09284e+06 1.35165e+06 1.35467e+06
1.09204e+06 1.34737e+06 1.3556e+06
1.09334e+06 1.34998e+06 1.34607e+06
1.19084e+06 1.29149e+06 1.2426e+06
1.09295e+06 1.35172e+06 1.34883e+06
1.16547e+06 1.30786e+06 1.26069e+06
1.09204e+06 1.35326e+06 1.34964e+06
1.16069e+06 1.30695e+06 1.2683e+06
1.11841e+06 1.34174e+06 1.32384e+06
1.12006e+06 1.33168e+06 1.32503e+06
1.1719e+06 1.30351e+06 1.25672e+06
1.09469e+06 1.34888e+06 1.34951e+06
1.093e+06 1.34508e+06 1.35908e+06
1.1435e+06 1.3189e+06 1.29812e+06
1.15715e+06 1.31438e+06 1.27323e+06
1.18952e+06 1.29719e+06 1.23137e+06
1.14726e+06 1.31654e+06 1.29545e+06
1.18528e+06 1.29865e+06 1.24395e+06
1.16227e+06 1.31285e+06 1.25972e+06
1.15444e+06 1.31351e+06 1.27757e+06
1.15131e+06 1.31935e+06 1.28219e+06
1.1213e+06 1.33613e+06 1.32098e+06
1.17496e+06 1.3016e+06 1.24742e+06
1.11551e+06 1.32654e+06 1.33214e+06
1.09445e+06 1.34987e+06 1.35118e+06
1.16931e+06 1.30672e+06 1.25103e+06
1.14133e+06 1.32528e+06 1.2908e+06
1.17778e+06 1.30615e+06 1.24202e+06
1.19157e+06 1.29524e+06 1.23398e+06
1.10095e+06 1.34082e+06 1.33956e+06
1.11795e+06 1.33022e+06 1.32715e+06
1.18282e+06 1.30232e+06 1.24047e+06
1.10077e+06 1.34203e+06 1.3368e+06
1.11053e+06 1.33814e+06 1.32869e+06
1.15389e+06 1.31454e+06 1.27993e+06
1.14241e+06 1.32204e+06 1.29711e+06
1.18757e+06 1.2968e+06 1.2414e+06
1.15014e+06 1.31687e+06 1.28551e+06
1.09741e+06 1.34131e+06 1.34597e+06
1.17421e+06 1.30074e+06 1.25237e+06
1.14274e+06 1.32236e+06 1.29462e+06
1.17554e+06 1.30128e+06 1.24991e+06
1.14567e+06 1.31799e+06 1.29142e+06
1.12048e+06 1.33479e+06 1.32211e+06
1.16172e+06 1.31115e+06 1.26133e+06
1.14883e+06 1.31838e+06 1.289e+06
1.09571e+06 1.34274e+06 1.353e+06
1.15415e+06 1.3124e+06 1.28359e+06
1.13879e+06 1.32494e+06 1.29413e+06
1.1888e+06 1.29459e+06 1.23978e+06
1.09491e+06 1.34712e+06 1.35026e+06
1.15116e+06 1.31598e+06 1.28976e+06
1.17024e+06 1.30425e+06 1.25382e+06
1.16326e+06 1.31104e+06 1.26395e+06
1.18622e+06 1.29742e+06 1.24077e+06
1.18562e+06 1.29795e+06 1.23907e+06
1.15687e+06 1.31577e+06 1.27135e+06
1.12516e+06 1.33039e+06 1.31536e+06
1.09648e+06 1.34372e+06 1.34697e+06
1.16693e+06 1.30484e+06 1.26243e+06
1.1094e+06 1.33072e+06 1.33134e+06
1.09789e+06 1.33847e+06 1.3483e+06
1.12914e+06 1.32257e+06 1.31652e+06
1.15914e+06 1.31158e+06 1.27211e+06
1.14033e+06 1.32156e+06 1.29769e+06
1.18006e+06 1.29926e+06 1.24602e+06
1.17964e+06 1.30034e+06 1.24648e+06
1.14841e+06 1.32014e+06 1.28565e+06
1.18081e+06 1.30012e+06 1.24107e+06
1.13581e+06 1.32084e+06 1.30675e+06
1.1527e+06 1.31566e+06 1.28121e+06
1.15047e+06 1.31988e+06 1.28275e+06
1.15846e+06 1.31115e+06 1.27502e+06
1.14658e+06 1.32044e+06 1.28844e+06
1.13749e+06 1.32992e+06 1.3003e+06
1.15982e+06 1.31036e+06 1.27007e+06
1.09713e+06 1.33889e+06 1.3527e+06
1.1247e+06 1.32726e+06 1.32192e+06
1.13794e+06 1.32676e+06 1.29648e+06
1.16488e+06 1.31006e+06 1.25903e+06
1.09689e+06 1.33962e+06 1.35411e+06
1.1536e+06 1.31545e+06 1.28048e+06
1.09948e+06 1.33705e+06 1.34471e+06
1.1528e+06 1.3151e+06 1.28408e+06
1.14048e+06 1.3271e+06 1.29315e+06
1.17998e+06 1.30194e+06 1.24304e+06
1.18722e+06 1.29623e+06 1.24498e+06
1.1884e+06 1.29895e+06 1.23342e+06
1.14938e+06 1.31734e+06 1.28664e+06
1.09603e+06 1.34648e+06 1.34742e+06
1.10306e+06 1.33293e+06 1.34044e+06
1.13203e+06 1.33274e+06 1.30623e+06
1.14473e+06 1.31763e+06 1.29263e+06
1.18139e+06 1.2998e+06 1.24356e+06
1.10206e+06 1.33737e+06 1.33881e+06
1.16654e+06 1.30429e+06 1.26557e+06
1.12887e+06 1.32617e+06 1.31243e+06
1.12582e+06 1.32889e+06 1.31367e+06
1.09684e+06 1.34783e+06 1.34558e+06
1.17846e+06 1.30898e+06 1.23803e+06
1.15217e+06 1.31985e+06 1.27922e+06
1.15347e+06 1.3163e+06 1.27658e+06
1.09814e+06 1.34454e+06 1.34202e+06
1.18711e+06 1.29825e+06 1.23763e+06
1.10447e+06 1.34022e+06 1.33116e+06
1.10248e+06 1.33527e+06 1.33824e+06
1.16393e+06 1.30952e+06 1.26344e+06
1.12736e+06 1.3314e+06 1.31127e+06
1.13096e+06 1.32295e+06 1.30947e+06
1.12736e+06 1.3255e+06 1.31723e+06
1.13165e+06 1.32124e+06 1.31027e+06
1.12764e+06 1.32848e+06 1.31609e+06
1.16257e+06 1.31021e+06 1.26669e+06
1.16778e+06 1.30916e+06 1.25404e+06
1.14702e+06 1.32183e+06 1.28744e+06
1.15236e+06 1.32103e+06 1.2782e+06
1.16522e+06 1.31194e+06 1.25292e+06
1.16987e+06 1.30393e+06 1.25563e+06
1.09416e+06 1.3484e+06 1.35174e+06
1.10256e+06 1.33769e+06 1.33812e+06
1.18219e+06 1.30443e+06 1.24039e+06
1.10153e+06 1.33913e+06 1.33321e+06
1.10387e+06 1.33336e+06 1.33778e+06
1.09523e+06 1.34829e+06 1.34282e+06
1.12442e+06 1.32897e+06 1.31793e+06
1.15547e+06 1.31738e+06 1.27266e+06
1.09697e+06 1.34546e+06 1.3435e+06
1.09535e+06 1.34325e+06 1.35108e+06
1.17664e+06 1.30055e+06 1.24857e+06
1.14316e+06 1.31899e+06 1.30101e+06
1.12284e+06 1.32906e+06 1.32617e+06
1.11654e+06 1.33238e+06 1.32786e+06
1.15627e+06 1.30949e+06 1.27773e+06
1.13775e+06 1.32911e+06 1.29908e+06
1.13014e+06 1.32449e+06 1.312e+06
1.10564e+06 1.3393e+06 1.32967e+06
1.15975e+06 1.31136e+06 1.2689e+06
1.14525e+06 1.318e+06 1.29228e+06
1.18925e+06 1.29564e+06 1.23468e+06
1.12165e+06 1.33387e+06 1.32062e+06
1.11122e+06 1.33253e+06 1.32818e+06
1.13574e+06 1.32936e+06 1.30208e+06
1.17331e+06 1.30254e+06 1.25457e+06
1.16949e+06 1.30385e+06 1.2582e+06
1.15184e+06 1.31518e+06 1.28795e+06
1.11933e+06 1.3281e+06 1.32868e+06
1.1223e+06 1.33581e+06 1.3194e+06
1.1599e+06 1.31087e+06 1.2692e+06
1.16855e+06 1.30385e+06 1.25751e+06
1.16532e+06 1.30471e+06 1.26512e+06
1.11709e+06 1.32705e+06 1.33094e+06
1.13464e+06 1.32331e+06 1.30354e+06
1.18651e+06 1.29644e+06 1.24232e+06
1.15532e+06 1.31326e+06 1.27375e+06
1.13539e+06 1.32085e+06 1.30762e+06
1.12316e+06 1.33065e+06 1.31836e+06
1.11414e+06 1.32866e+06 1.3306e+06
1.14925e+06 1.31961e+06 1.28509e+06
1.15687e+06 1.30987e+06 1.27731e+06
1.09964e+06 1.33662e+06 1.34627e+06
1.11242e+06 1.32768e+06 1.33271e+06
1.12803e+06 1.3267e+06 1.313e+06
1.1331e+06 1.32428e+06 1.30899e+06
1.10514e+06 1.33088e+06 1.33748e+06
1.17682e+06 1.30108e+06 1.24804e+06
1.1074e+06 1.32559e+06 1.33577e+06
1.18977e+06 1.2931e+06 1.23914e+06
1.16728e+06 1.3033e+06 1.26297e+06
1.09564e+06 1.34482e+06 1.34784e+06
1.17288e+06 1.30464e+06 1.2497e+06
1.14756e+06 1.31765e+06 1.28943e+06
1.1338e+06 1.32384e+06 1.3041e+06
1.10489e+06 1.32786e+06 1.34221e+06
1.16113e+06 1.31054e+06 1.26699e+06
1.10798e+06 1.33367e+06 1.32934e+06
1.17395e+06 1.30288e+06 1.24871e+06
1.1283e+06 1.32472e+06 1.31416e+06
1.16281e+06 1.30854e+06 1.26762e+06
1.10131e+06 1.33979e+06 1.34133e+06
1.1677e+06 1.30865e+06 1.25491e+06
1.1576e+06 1.31215e+06 1.27377e+06
1.13487e+06 1.32048e+06 1.30796e+06
1.10383e+06 1.33449e+06 1.33412e+06
1.1737e+06 1.30308e+06 1.25143e+06
1.11264e+06 1.32958e+06 1.33018e+06
1.13948e+06 1.32337e+06 1.30004e+06
1.157e+06 1.31177e+06 1.27419e+06
1.10121e+06 1.3342e+06 1.34761e+06
1.09456e+06 1.34797e+06 1.35089e+06
1.14814e+06 1.32418e+06 1.28479e+06
1.15889e+06 1.30971e+06 1.27604e+06
1.13674e+06 1.32596e+06 1.30171e+06
1.18845e+06 1.29402e+06 1.24336e+06
1.18499e+06 1.29963e+06 1.24239e+06
1.09334e+06 1.34408e+06 1.35203e+06
1.10542e+06 1.33109e+06 1.33244e+06
1.137e+06 1.32398e+06 1.30287e+06
1.16028e+06 1.30502e+06 1.27582e+06
1.1313e+06 1.32279e+06 1.311e+06
1.12207e+06 1.33229e+06 1.32271e+06
1.13269e+06 1.32857e+06 1.30572e+06
1.10011e+06 1.34263e+06 1.341e+06
1.12336e+06 1.3285e+06 1.3233e+06
1.0988e+06 1.34247e+06 1.34381e+06
1.10302e+06 1.3355e+06 1.33542e+06
1.10689e+06 1.32757e+06 1.33494e+06
1.19055e+06 1.29282e+06 1.23744e+06
1.18791e+06 1.29606e+06 1.23961e+06
1.10696e+06 1.32581e+06 1.33926e+06
1.10437e+06 1.33356e+06 1.33464e+06
1.12643e+06 1.32871e+06 1.31493e+06
1.16601e+06 1.31063e+06 1.25866e+06
1.17214e+06 1.30279e+06 1.25532e+06
1.11335e+06 1.32372e+06 1.3387e+06
1.17702e+06 1.3011e+06 1.24543e+06
1.15488e+06 1.3123e+06 1.28432e+06
1.13025e+06 1.32133e+06 1.31453e+06
1.10445e+06 1.34e+06 1.33183e+06
1.1787e+06 1.30035e+06 1.24579e+06
1.10359e+06 1.33695e+06 1.33369e+06
1.09695e+06 1.34524e+06 1.34417e+06
1.12871e+06 1.32279e+06 1.32e+06
1.09523e+06 1.34641e+06 1.34855e+06
1.13649e+06 1.33209e+06 1.30123e+06
1.13341e+06 1.33242e+06 1.30467e+06
1.17263e+06 1.30502e+06 1.25049e+06
1.10026e+06 1.33646e+06 1.3485e+06
1.11378e+06 1.3235e+06 1.33522e+06
1.13771e+06 1.32316e+06 1.3027e+06
1.17249e+06 1.30336e+06 1.25174e+06
1.09503e+06 1.34238e+06 1.35447e+06
1.12998e+06 1.32111e+06 1.31957e+06
1.0992e+06 1.33684e+06 1.34975e+06
1.13069e+06 1.32493e+06 1.3083e+06
1.12144e+06 1.32956e+06 1.32657e+06
1.12309e+06 1.33209e+06 1.31922e+06
1.09467e+06 1.34866e+06 1.35018e+06
1.12664e+06 1.32484e+06 1.32296e+06
1.14339e+06 1.31826e+06 1.2996e+06
1.13729e+06 1.33187e+06 1.29968e+06
1.13407e+06 1.32186e+06 1.30527e+06
1.14547e+06 1.31621e+06 1.29665e+06
1.11082e+06 1.33465e+06 1.3284e+06
1.17312e+06 1.30408e+06 1.24747e+06
1.13297e+06 1.32514e+06 1.30509e+06
1.10283e+06 1.34356e+06 1.33262e+06
1.15207e+06 1.31445e+06 1.28654e+06
1.10371e+06 1.33379e+06 1.33622e+06
1.10602e+06 1.32807e+06 1.34014e+06
1.11293e+06 1.32532e+06 1.33986e+06
1.09589e+06 1.34434e+06 1.34872e+06
1.10633e+06 1.33369e+06 1.32916e+06
1.16301e+06 1.31185e+06 1.25712e+06
1.192e+06 1.27962e+06 1.14174e+06
1.19224e+06 1.27828e+06 1.14678e+06
1.19238e+06 1.2783e+06 1.14204e+06
1.19262e+06 1.27696e+06 1.14708e+06
1.19322e+06 1.27513e+06 1.14414e+06
1.19329e+06 1.28479e+06 1.14099e+06
1.19345e+06 1.27378e+06 1.14917e+06
1.19367e+06 1.28346e+06 1.14129e+06
1.19389e+06 1.27612e+06 1.1437e+06
1.19399e+06 1.27171e+06 1.15188e+06
1.19422e+06 1.27412e+06 1.14528e+06
1.19427e+06 1.2748e+06 1.144e+06
1.1943e+06 1.27819e+06 1.14241e+06
1.19446e+06 1.27278e+06 1.15032e+06
1.1945e+06 1.27508e+06 1.14299e+06
1.19486e+06 1.27744e+06 1.14245e+06
1.19492e+06 1.28161e+06 1.13972e+06
1.195e+06 1.2801e+06 1.14085e+06
1.1951e+06 1.27163e+06 1.14609e+06
1.19512e+06 1.26006e+06 1.15502e+06
1.19524e+06 1.28044e+06 1.1405e+06
1.19524e+06 1.27612e+06 1.14275e+06
1.19535e+06 1.25872e+06 1.16005e+06
1.19538e+06 1.27877e+06 1.14115e+06
1.19544e+06 1.26147e+06 1.15358e+06
1.19544e+06 1.2634e+06 1.15202e+06
1.1955e+06 1.27652e+06 1.1423e+06
1.19564e+06 1.30262e+06 1.13681e+06
1.19572e+06 1.27969e+06 1.13798e+06
1.19578e+06 1.27696e+06 1.14147e+06
1.19583e+06 1.27428e+06 1.1428e+06
1.1959e+06 1.30494e+06 1.13623e+06
1.19602e+06 1.27784e+06 1.14049e+06
1.1961e+06 1.27836e+06 1.13828e+06
1.19616e+06 1.27564e+06 1.14177e+06
1.19631e+06 1.25944e+06 1.15569e+06
1.19638e+06 1.27332e+06 1.14396e+06
1.19683e+06 1.27034e+06 1.14743e+06
1.19696e+06 1.27686e+06 1.14005e+06
1.19702e+06 1.26503e+06 1.15083e+06
1.19703e+06 1.2663e+06 1.14913e+06
1.19717e+06 1.30163e+06 1.13607e+06
1.19725e+06 1.26441e+06 1.15197e+06
1.19725e+06 1.26531e+06 1.14982e+06
1.19744e+06 1.2602e+06 1.15303e+06
1.19748e+06 1.26469e+06 1.15097e+06
1.19751e+06 1.2777e+06 1.13883e+06
1.19768e+06 1.301e+06 1.13143e+06
1.19777e+06 1.26734e+06 1.14888e+06
1.19787e+06 1.3077e+06 1.12996e+06
1.1979e+06 1.25759e+06 1.15548e+06
1.19799e+06 1.30205e+06 1.12906e+06
1.19814e+06 1.26179e+06 1.1513e+06
1.19823e+06 1.25414e+06 1.16316e+06
1.1983e+06 1.25983e+06 1.15218e+06
1.19838e+06 1.26246e+06 1.15111e+06
1.19838e+06 1.26852e+06 1.14731e+06
1.19847e+06 1.29871e+06 1.13677e+06
1.19851e+06 1.27226e+06 1.14293e+06
1.19855e+06 1.26907e+06 1.14663e+06
1.19864e+06 1.27088e+06 1.14335e+06
1.1987e+06 1.23612e+06 1.19416e+06
1.19871e+06 1.23593e+06 1.19266e+06
1.19874e+06 1.2721e+06 1.14317e+06
1.19875e+06 1.2596e+06 1.15242e+06
1.19887e+06 1.25317e+06 1.159e+06
1.1989e+06 1.2574e+06 1.15475e+06
1.19892e+06 1.2682e+06 1.14655e+06
1.19897e+06 1.23856e+06 1.18318e+06
1.19901e+06 1.26966e+06 1.14381e+06
1.19904e+06 1.27138e+06 1.14165e+06
1.19919e+06 1.29405e+06 1.13058e+06
1.1992e+06 1.25534e+06 1.1565e+06
1.19948e+06 1.25685e+06 1.15546e+06
1.19952e+06 1.27447e+06 1.14036e+06
1.19958e+06 1.2693e+06 1.14436e+06
1.19961e+06 1.23414e+06 1.1958e+06
1.19962e+06 1.23395e+06 1.19431e+06
1.19964e+06 1.25658e+06 1.15596e+06
1.19974e+06 1.2897e+06 1.13374e+06
1.19982e+06 1.23712e+06 1.18913e+06
1.19982e+06 1.231e+06 1.19714e+06
1.19983e+06 1.23081e+06 1.19565e+06
1.19987e+06 1.237e+06 1.18836e+06
1.20002e+06 1.26865e+06 1.14495e+06
1.20012e+06 1.23644e+06 1.18962e+06
1.20023e+06 1.23455e+06 1.19345e+06
1.20027e+06 1.26758e+06 1.1464e+06
1.20035e+06 1.23401e+06 1.19198e+06
1.20039e+06 1.26064e+06 1.15032e+06
1.2004e+06 1.23606e+06 1.18807e+06
1.20041e+06 1.25588e+06 1.15419e+06
1.20042e+06 1.26566e+06 1.14767e+06
1.20048e+06 1.29348e+06 1.13248e+06
1.20056e+06 1.23088e+06 1.19331e+06
1.20061e+06 1.26596e+06 1.14585e+06
1.20064e+06 1.23163e+06 1.19263e+06
1.2007e+06 1.29653e+06 1.13022e+06
1.2007e+06 1.23393e+06 1.19236e+06
1.2007e+06 1.25388e+06 1.1574e+06
1.20073e+06 1.26578e+06 1.14569e+06
1.2008e+06 1.3067e+06 1.12665e+06
1.20088e+06 1.23468e+06 1.19115e+06
1.20094e+06 1.25632e+06 1.15253e+06
1.201e+06 1.25718e+06 1.15224e+06
1.20102e+06 1.26116e+06 1.14902e+06
1.20103e+06 1.28913e+06 1.13564e+06
1.20105e+06 1.23652e+06 1.18731e+06
1.20112e+06 1.25021e+06 1.162e+06
1.20118e+06 1.26417e+06 1.14754e+06
1.20124e+06 1.23487e+06 1.19038e+06
1.20125e+06 1.30655e+06 1.12657e+06
1.20128e+06 1.2885e+06 1.13511e+06
1.2013e+06 1.27501e+06 1.13767e+06
1.20138e+06 1.23636e+06 1.18774e+06
1.20144e+06 1.30366e+06 1.12642e+06
1.2015e+06 1.24766e+06 1.16364e+06
1.2015e+06 1.29011e+06 1.13202e+06
1.20154e+06 1.23679e+06 1.18438e+06
1.20156e+06 1.29188e+06 1.13197e+06
1.20161e+06 1.25342e+06 1.15644e+06
1.20169e+06 1.23356e+06 1.19059e+06
1.2017e+06 1.24234e+06 1.17233e+06
1.20171e+06 1.25603e+06 1.15388e+06
1.20172e+06 1.25555e+06 1.15436e+06
1.20172e+06 1.29238e+06 1.13174e+06
1.20173e+06 1.24701e+06 1.16476e+06
1.20176e+06 1.26243e+06 1.14719e+06
1.20177e+06 1.23432e+06 1.1899e+06
1.20177e+06 1.26372e+06 1.14612e+06
1.20178e+06 1.23659e+06 1.18498e+06
1.2018e+06 1.23236e+06 1.19142e+06
1.2019e+06 1.25139e+06 1.16144e+06
1.2019e+06 1.2894e+06 1.13243e+06
1.20198e+06 1.23203e+06 1.18765e+06
1.20198e+06 1.23184e+06 1.18615e+06
1.20199e+06 1.25455e+06 1.15137e+06
1.20201e+06 1.25251e+06 1.1581e+06
1.20201e+06 1.24416e+06 1.17089e+06
1.20205e+06 1.2355e+06 1.18587e+06
1.20206e+06 1.28576e+06 1.13517e+06
1.20208e+06 1.25077e+06 1.1596e+06
1.20221e+06 1.26082e+06 1.14903e+06
1.20244e+06 1.26025e+06 1.14676e+06
1.20246e+06 1.28505e+06 1.13558e+06
1.20257e+06 1.2462e+06 1.16673e+06
1.2026e+06 1.23664e+06 1.18425e+06
1.20271e+06 1.23191e+06 1.18382e+06
1.20273e+06 1.26201e+06 1.14642e+06
1.20279e+06 1.23266e+06 1.18314e+06
1.20287e+06 1.2493e+06 1.16306e+06
1.20296e+06 1.24968e+06 1.16216e+06
1.20297e+06 1.28696e+06 1.13479e+06
1.20299e+06 1.29989e+06 1.127e+06
1.20305e+06 1.2521e+06 1.15625e+06
1.20306e+06 1.29168e+06 1.13103e+06
1.20322e+06 1.25114e+06 1.15912e+06
1.20335e+06 1.28564e+06 1.13509e+06
1.20337e+06 1.24988e+06 1.1617e+06
1.20341e+06 1.24651e+06 1.16452e+06
1.20344e+06 1.29005e+06 1.13168e+06
1.20347e+06 1.2492e+06 1.15941e+06
1.20348e+06 1.28761e+06 1.13465e+06
1.20354e+06 1.24584e+06 1.16596e+06
1.20355e+06 1.24552e+06 1.17005e+06
1.20367e+06 1.28457e+06 1.13504e+06
1.20369e+06 1.28825e+06 1.13362e+06
1.20371e+06 1.29082e+06 1.13117e+06
1.20374e+06 1.28725e+06 1.13456e+06
1.20385e+06 1.25064e+06 1.15909e+06
1.20387e+06 1.30115e+06 1.12511e+06
1.20391e+06 1.25042e+06 1.15893e+06
1.20395e+06 1.2519e+06 1.15667e+06
1.20402e+06 1.29918e+06 1.12771e+06
1.20406e+06 1.24811e+06 1.16122e+06
1.20414e+06 1.30347e+06 1.12453e+06
1.20417e+06 1.25783e+06 1.15059e+06
1.20426e+06 1.24066e+06 1.17453e+06
1.20427e+06 1.28647e+06 1.13432e+06
1.2043e+06 1.28416e+06 1.13406e+06
1.2045e+06 1.24094e+06 1.17353e+06
1.20454e+06 1.24774e+06 1.1625e+06
1.2046e+06 1.24943e+06 1.15749e+06
1.20462e+06 1.24904e+06 1.156e+06
1.20468e+06 1.25729e+06 1.14975e+06
1.20473e+06 1.24723e+06 1.15724e+06
1.20477e+06 1.30043e+06 1.1243e+06
1.2048e+06 1.24276e+06 1.17209e+06
1.20485e+06 1.2484e+06 1.15713e+06
1.20489e+06 1.2395e+06 1.17609e+06
1.2049e+06 1.28782e+06 1.13327e+06
1.20508e+06 1.24255e+06 1.17186e+06
1.20512e+06 1.24396e+06 1.17101e+06
1.20518e+06 1.24401e+06 1.1693e+06
1.20524e+06 1.24198e+06 1.17329e+06
1.20526e+06 1.24154e+06 1.1692e+06
1.20527e+06 1.2873e+06 1.13292e+06
1.20539e+06 1.24087e+06 1.17064e+06
1.20554e+06 1.23293e+06 1.18058e+06
1.20554e+06 1.23285e+06 1.17957e+06
1.20563e+06 1.28881e+06 1.12979e+06
1.20564e+06 1.24054e+06 1.17585e+06
1.20576e+06 1.24374e+06 1.16808e+06
1.20584e+06 1.28296e+06 1.13544e+06
1.20586e+06 1.2407e+06 1.17156e+06
1.20611e+06 1.23569e+06 1.17922e+06
1.20632e+06 1.23378e+06 1.17795e+06
1.20635e+06 1.23943e+06 1.17654e+06
1.20653e+06 1.2436e+06 1.16762e+06
1.20662e+06 1.24001e+06 1.17459e+06
1.20667e+06 1.24294e+06 1.16905e+06
1.20671e+06 1.24505e+06 1.16531e+06
1.20678e+06 1.24327e+06 1.16857e+06
1.20695e+06 1.2389e+06 1.17682e+06
1.20702e+06 1.2795e+06 1.13591e+06
1.20703e+06 1.2397e+06 1.1753e+06
1.20704e+06 1.28128e+06 1.1353e+06
1.20721e+06 1.2831e+06 1.13525e+06
1.20723e+06 1.24308e+06 1.16497e+06
1.20752e+06 1.23955e+06 1.17246e+06
1.20756e+06 1.2392e+06 1.17533e+06
1.20792e+06 1.24477e+06 1.15858e+06
1.20801e+06 1.24173e+06 1.16206e+06
1.20818e+06 1.28178e+06 1.13451e+06
1.20825e+06 1.2827e+06 1.13394e+06
1.20827e+06 1.23672e+06 1.16973e+06
1.20829e+06 1.2817e+06 1.13488e+06
1.20858e+06 1.23853e+06 1.16829e+06
1.20866e+06 1.23528e+06 1.17229e+06
1.20882e+06 1.24862e+06 1.15696e+06
1.20894e+06 1.2443e+06 1.15908e+06
1.20912e+06 1.24002e+06 1.16621e+06
1.20922e+06 1.23355e+06 1.17564e+06
1.20923e+06 1.24158e+06 1.164e+06
1.20957e+06 1.27922e+06 1.13536e+06
1.20983e+06 1.28175e+06 1.13325e+06
1.21019e+06 1.28326e+06 1.13012e+06
1.21071e+06 1.29087e+06 1.12936e+06
1.2114e+06 1.28115e+06 1.13389e+06
1.21163e+06 1.27907e+06 1.13429e+06
1.21251e+06 1.28014e+06 1.13415e+06
1.21416e+06 1.2799e+06 1.13372e+06
1.21492e+06 1.27357e+06 1.13905e+06
