45 8.33505
3.06273e+06 2.74006e+06
3.06616e+06 2.73868e+06
3.06856e+06 2.73662e+06
2.91298e+06 2.78578e+06
2.71996e+06 3.16092e+06
2.72009e+06 3.15733e+06
2.72437e+06 3.14986e+06
2.72443e+06 3.14925e+06
2.72592e+06 3.14912e+06
2.72798e+06 3.14569e+06
2.72895e+06 3.1442e+06
2.86417e+06 2.82916e+06
2.86494e+06 2.82828e+06
2.86589e+06 2.82578e+06
2.86596e+06 2.82314e+06
2.87032e+06 2.82152e+06
2.87151e+06 2.82043e+06
2.87219e+06 2.81994e+06
2.87335e+06 2.81956e+06
2.87615e+06 2.81889e+06
2.87626e+06 2.81379e+06
2.89975e+06 2.79423e+06
2.90273e+06 2.79162e+06
2.90326e+06 2.79103e+06
2.90344e+06 2.79086e+06
2.90472e+06 2.79045e+06
2.90523e+06 2.78967e+06
3.07286e+06 2.7165e+06
