1441 57.8498
262755 267507 201610
268502 223760 251210
238777 284762 225938
316316 245101 205141
251959 246302 262312
236817 257986 237718
275292 224000 242915
266096 224427 253287
251131 248128 259326
283232 253121 206450
268947 224313 251029
241981 251576 245523
245555 271168 221010
251918 247110 260765
241598 252796 240166
257731 236352 220836
241931 252315 245449
239020 283418 228997
255894 237973 222004
252585 239372 224160
244913 272566 222292
297565 246761 204935
271573 247448 210095
315224 241207 209505
267420 227536 223409
314245 244108 205979
258205 234204 220360
313223 242403 207316
284429 255392 205788
299246 251613 204331
239125 284330 227691
293356 246273 205896
307201 241848 209303
252427 238250 224849
239914 282620 223841
258239 235189 219745
294083 248193 205697
252783 269734 203700
290447 248787 205237
237102 255229 239114
256618 235368 221957
312137 243373 206331
237052 255968 239040
273107 255518 205466
240740 281369 228755
291788 253623 204646
239237 280884 230816
310664 252648 201611
308152 241126 211800
285378 252793 207010
274242 241163 217002
296087 245656 206025
261599 224827 227565
261986 225414 226551
261378 266144 202060
241156 276851 228262
261067 233221 218649
292128 253639 204633
240260 282184 225859
243785 265630 227216
259855 232304 219461
245223 273425 219317
239585 280452 232569
253123 264268 203619
311681 240699 210275
246591 265319 219987
246883 264895 214027
262897 232622 218598
252420 240301 225567
285950 260530 202367
242558 253515 239361
250590 263318 205159
240796 279108 225282
305573 245934 204802
295137 243736 207631
241251 269004 233397
310915 249517 202463
256244 272876 202437
249661 268241 207973
309842 247020 203493
242193 279938 224148
255094 230370 235219
300683 244499 206896
273781 241976 216027
257517 269732 201807
296546 246087 205801
256157 229556 222566
273280 254156 206568
299888 246001 205528
240413 278538 231565
261122 225628 230726
263784 226609 224141
260188 229779 221542
295120 247041 204829
246109 280378 218953
258403 231620 221673
243274 255815 236096
241548 253535 240092
240065 278970 229812
242852 263826 228418
255741 248650 214657
306222 244749 205777
301010 243804 206509
305183 246349 204312
304309 248055 203694
248917 253946 225702
308434 240922 210439
242076 254498 236644
250536 266455 209138
241548 276392 229733
259284 227220 230819
244768 273791 221696
270771 254259 206735
264609 245362 213979
301264 244216 206211
309033 243163 206711
269302 247569 210415
241053 277255 230064
263452 244944 214752
259603 266762 203419
303886 247991 203735
240568 256331 235711
306736 247789 203653
292112 244605 213623
261751 227293 224644
259022 267639 202895
244574 263793 222380
246259 265990 218453
261605 224817 230252
243800 274918 223949
287226 248031 207292
245711 264737 222337
242896 275750 223203
253682 241505 221655
241397 280042 223762
274010 257029 204646
242728 258725 231363
243586 275296 223854
241825 262754 233058
269904 246708 211010
236938 256763 239359
241745 276071 224975
302243 242878 207645
259908 227635 229702
260058 226924 228736
311463 248018 202853
259409 268429 202703
259993 228646 224397
299769 245586 205739
242710 277767 223431
243724 277717 219876
259194 227138 232911
257892 233738 220407
289319 248517 205815
264221 244462 214764
288019 245762 207933
259837 267027 203238
247630 261994 210738
309287 243575 206413
241046 262472 234149
287566 248047 207279
250586 250931 233754
258268 233468 221058
243996 252421 237251
252587 248332 217076
289739 247103 206661
246717 265142 220655
270278 252834 206762
240262 282188 225594
251288 260584 209646
254616 247193 215718
252943 245891 217421
288553 258963 204219
259705 245537 213257
264808 246070 212055
265795 244616 214010
305200 243044 207114
303381 250710 203181
250250 268784 205240
260797 231307 219100
242362 278199 221678
242130 262338 232436
256427 231470 222115
251569 252897 211134
240808 277283 226509
246755 255485 235070
255241 248902 215333
244255 274552 221570
257851 233743 221501
304150 247132 203854
256874 230455 222197
251047 251505 217781
288002 249067 205131
262182 224465 230341
248333 252297 225741
253785 245044 217735
255181 229232 229149
243647 257759 234773
256753 269477 202668
248670 261548 209998
257409 227977 231965
249827 251726 211594
247970 256528 210657
288969 247682 206327
260254 225975 232526
250360 251930 211336
245314 257372 226108
306485 250920 202801
244255 256620 227804
249383 267007 208925
286676 246743 208227
269172 231063 221108
265144 227896 222350
259479 232574 218810
241514 269155 232734
243657 260233 228877
302333 246551 204394
248602 255178 216546
250135 261136 209433
301652 246769 204461
260614 265889 202921
303009 244969 206147
265379 245429 213067
263167 244186 214912
241783 263051 229358
243638 275332 223570
257333 267522 203076
308613 248220 202935
306992 247222 203575
242722 251981 239116
243228 273493 224896
270717 245893 210996
260852 228575 224264
240720 278306 230737
243219 253291 237632
263773 247081 211668
302783 242123 208610
301886 251606 204075
296437 246491 205513
249792 252194 211901
256097 246209 215002
265530 243300 218089
253584 260915 204666
252970 246460 217373
254835 249300 212115
262368 227866 223692
303635 251122 202883
259029 228411 225322
241460 268916 233983
247760 256025 216232
259880 267337 202990
250406 251443 217846
244212 274191 222703
251786 250059 216823
242982 261805 228131
242291 274705 226430
246476 257594 222793
244603 258960 227003
256045 229018 224974
242093 275639 226728
262098 225952 224143
259853 245456 213651
258813 259195 205010
245984 251398 236915
247399 255598 226955
302497 243290 207347
256266 240749 221863
286475 256202 204846
259677 226327 232437
253254 253332 209780
244554 274169 221601
302079 246139 204692
251248 250596 218160
302619 245384 205657
242832 261485 230436
256241 228069 228764
245799 255671 231922
252102 253101 210876
301981 251095 203937
264198 227267 223641
243076 261065 230562
254866 242563 221032
261334 227568 225087
244194 258775 229881
268619 245897 212620
246728 267404 218279
289088 248097 206116
243845 275621 221599
264543 246943 212664
262324 247288 212845
251464 251247 218061
260964 229113 221856
253823 269288 202960
286131 256597 205147
290107 248771 205250
249140 254641 215209
249789 254886 214874
241238 258371 235386
263064 230428 221354
259612 228049 228098
270115 246754 210401
240853 253574 237107
260170 227462 226328
243193 260045 229110
244665 250013 237406
253524 240383 222344
288629 247666 206340
309573 242408 207676
259671 226337 229750
242201 255914 235462
243372 259213 229314
252968 255124 207767
244359 259380 226877
243711 255178 235855
247120 263065 219193
243109 258485 229977
258370 230726 222142
254675 248951 212282
255664 228421 228675
249312 254326 225396
243946 253160 237177
302902 242538 208399
254069 250763 208957
242365 260482 231936
244509 259700 224572
290079 247119 206648
242102 259754 232599
243187 260330 229888
247787 256594 216184
245645 262924 222930
241718 278490 225202
258959 246836 213077
262486 247116 211606
240345 256914 235414
242247 258091 232699
250200 251581 211503
252412 258984 206403
254323 244507 216398
252325 254731 208202
241899 262225 232956
245789 259499 222886
249712 257699 210197
254945 259934 204863
248175 255738 225263
257415 227967 234652
258462 231102 222036
247525 257330 225410
309362 248077 203122
249123 255976 210870
255275 254987 206861
257992 227615 234741
244380 252770 236010
253517 242434 223062
242126 253759 236718
253565 232453 223826
242949 261409 228787
254972 244752 216063
308293 245742 204939
244720 257940 225551
259074 232320 221208
262176 247369 212451
255754 248516 208517
251329 261700 208707
260367 267017 202558
286625 250203 206012
242186 261314 231732
258114 232587 221377
258718 267538 203034
244312 261287 225465
241942 262678 231409
247536 262085 221054
254267 249564 212680
255513 259670 204298
253491 251900 209870
256648 254587 206234
252002 250710 216724
255346 249129 208915
254798 230828 223370
248044 254280 234415
246991 262985 221116
254274 249839 212511
254182 249929 209139
254581 251372 207121
252724 256174 206184
247452 262394 220727
253389 249929 215839
255658 228431 225988
251669 256234 208626
254425 251631 208494
255381 248661 208608
258254 265020 203497
259005 247458 211959
244714 258225 226329
269935 254407 206686
255500 250717 207447
245735 262574 222919
251290 268338 204500
262757 258610 204910
256710 247662 208259
247130 256950 225716
252531 250930 215933
251432 257666 208536
253601 249670 216480
252132 262686 207877
244612 256611 234337
241721 259994 233985
251839 255710 208111
246692 261010 222066
258936 246019 213245
241523 255614 236782
242672 252720 239042
255573 250164 208353
243950 258002 231687
253487 263195 205322
255023 250884 207425
241841 256516 235322
254980 259466 204556
262205 230499 221487
258976 228862 222354
252787 258175 205981
301727 250683 204235
254863 250535 207592
244476 259304 225228
255200 250309 208444
252447 248222 221171
246437 259339 225004
253011 255352 206852
254490 250680 207683
253901 249984 212602
245393 262293 223651
255215 230553 222927
253556 250160 215193
252578 251033 212300
242020 255216 237031
252205 251178 212391
254229 251112 208790
258523 229146 224032
241962 255293 236963
258610 231352 221504
256791 268957 203544
254715 250133 208881
245238 262972 222670
252286 261313 208035
245477 255897 228128
255078 242118 221609
244636 256380 226418
251605 249069 220857
258257 230871 222064
246806 254402 229300
243974 262419 226172
251499 261176 208192
253076 250366 216423
254546 251840 207428
258940 228871 223589
260685 230769 221508
253866 250452 212909
253967 246948 216053
252738 251382 212133
260465 227988 225278
246347 263196 221532
258439 228011 228312
245624 262406 223131
251632 249638 220809
260035 228496 225293
252603 255965 207250
253343 230824 229242
273139 255716 205266
241972 258552 235299
252980 258720 205838
241710 261651 234439
262285 227271 224139
264571 246082 212911
255733 250513 208186
259443 230852 221241
258600 229132 221703
244615 250752 237332
259845 268250 202624
253524 253463 207671
252614 248901 217028
243761 256964 234454
254147 250397 209446
254627 253749 206910
244279 261743 226400
253526 251432 209563
252638 255497 206943
258878 249640 207080
251092 263132 208617
246365 262934 222729
247523 262244 219928
251942 252752 211043
258437 267457 203463
253454 250959 214875
253643 255519 206510
244664 258964 226255
253696 250908 209048
253289 252864 209473
254302 249096 212373
242180 261599 232510
262018 229180 221491
254555 249784 209048
