2 0.937018
143089 150610 186369
149420 167024 153323
152733 166476 150886
154658 173834 146417
154885 149691 162095
157716 156249 155843
158849 149563 155588
159316 147505 156433
162892 155153 140178
164875 141944 171847
143062 173333 172632
145230 174516 160832
150097 154305 179075
150541 168060 150585
150737 154183 163854
150746 164627 150940
150908 174014 139361
151893 151982 173756
152016 150404 174472
154312 164238 151632
154790 145384 172709
155963 149243 167216
156218 162427 155598
157453 182618 137892
157838 150302 156108
160351 147890 148953
164827 144547 169418
166045 140936 188445
171078 142198 167989
174773 144856 137640
179945 138003 156162
131143 180352 162377
143579 157950 167314
144234 171568 166217
145764 154730 157373
148416 168121 154668
153976 150048 173828
155998 153027 161164
156114 164680 140364
157067 163053 149323
157640 144980 169243
157824 145365 165726
157981 162414 153499
159119 154338 154498
161700 142823 173882
162428 162884 148311
163366 149755 142903
165659 143762 146350
174936 175233 137590
179521 143372 155401
182294 141792 138149
184515 160908 133687
