2366 145.502
1.47509e+06 1.45213e+06 1.47961e+06
1.47319e+06 1.45329e+06 1.47674e+06
1.47265e+06 1.45479e+06 1.4787e+06
1.47219e+06 1.45558e+06 1.4761e+06
1.47109e+06 1.46055e+06 1.47546e+06
1.47253e+06 1.45549e+06 1.47838e+06
1.47207e+06 1.45628e+06 1.47577e+06
1.47316e+06 1.45548e+06 1.47564e+06
1.47306e+06 1.45399e+06 1.47642e+06
1.47447e+06 1.45504e+06 1.47442e+06
1.47455e+06 1.45295e+06 1.47506e+06
1.47657e+06 1.45115e+06 1.47718e+06
1.47288e+06 1.45402e+06 1.47598e+06
1.48071e+06 1.45102e+06 1.47319e+06
1.48116e+06 1.45089e+06 1.47312e+06
1.48117e+06 1.45023e+06 1.4758e+06
1.48078e+06 1.45102e+06 1.47306e+06
1.48111e+06 1.45159e+06 1.47266e+06
1.48601e+06 1.45127e+06 1.4707e+06
1.48847e+06 1.45125e+06 1.47057e+06
1.48594e+06 1.45127e+06 1.47083e+06
1.48129e+06 1.44953e+06 1.47612e+06
1.47916e+06 1.45138e+06 1.47444e+06
1.47926e+06 1.45057e+06 1.47635e+06
1.47972e+06 1.44978e+06 1.47895e+06
1.48083e+06 1.45032e+06 1.47351e+06
1.48375e+06 1.44951e+06 1.47599e+06
1.48329e+06 1.4503e+06 1.47338e+06
1.48146e+06 1.45165e+06 1.47236e+06
1.48336e+06 1.4503e+06 1.47325e+06
1.48137e+06 1.44953e+06 1.47598e+06
1.48382e+06 1.44951e+06 1.47585e+06
1.4809e+06 1.45032e+06 1.47338e+06
1.48607e+06 1.45057e+06 1.47115e+06
1.48614e+06 1.45057e+06 1.47102e+06
1.47933e+06 1.45057e+06 1.47621e+06
1.4904e+06 1.45136e+06 1.47051e+06
1.48859e+06 1.45055e+06 1.47089e+06
1.47696e+06 1.46971e+06 1.4656e+06
1.4782e+06 1.46697e+06 1.4658e+06
1.48225e+06 1.45969e+06 1.46526e+06
1.48405e+06 1.4605e+06 1.46488e+06
1.485e+06 1.46737e+06 1.46392e+06
1.47688e+06 1.45129e+06 1.47658e+06
1.48852e+06 1.45055e+06 1.47102e+06
1.48898e+06 1.44976e+06 1.47363e+06
1.48153e+06 1.45165e+06 1.47223e+06
1.48653e+06 1.44978e+06 1.47376e+06
1.47979e+06 1.44978e+06 1.47882e+06
1.4764e+06 1.45974e+06 1.46808e+06
1.47647e+06 1.45974e+06 1.46794e+06
1.47805e+06 1.45414e+06 1.46958e+06
1.47798e+06 1.45413e+06 1.46972e+06
1.48328e+06 1.45438e+06 1.46722e+06
1.4817e+06 1.45999e+06 1.46559e+06
1.4838e+06 1.4567e+06 1.46558e+06
1.48542e+06 1.45188e+06 1.46966e+06
1.47856e+06 1.45645e+06 1.46794e+06
1.47596e+06 1.45743e+06 1.46959e+06
1.47818e+06 1.45344e+06 1.4699e+06
1.47588e+06 1.45743e+06 1.46972e+06
1.47608e+06 1.45673e+06 1.46991e+06
1.47659e+06 1.45904e+06 1.46827e+06
1.4781e+06 1.45343e+06 1.47004e+06
1.47907e+06 1.45956e+06 1.4671e+06
1.47986e+06 1.46035e+06 1.46686e+06
1.479e+06 1.45956e+06 1.46724e+06
1.47978e+06 1.46035e+06 1.46699e+06
1.49116e+06 1.46554e+06 1.46322e+06
1.49242e+06 1.46532e+06 1.46315e+06
1.48408e+06 1.45082e+06 1.47184e+06
1.48083e+06 1.45445e+06 1.46746e+06
1.48145e+06 1.45578e+06 1.46631e+06
1.48367e+06 1.45602e+06 1.46599e+06
1.48907e+06 1.45806e+06 1.46413e+06
1.47356e+06 1.45944e+06 1.47065e+06
1.47251e+06 1.45948e+06 1.47346e+06
1.47366e+06 1.46029e+06 1.47007e+06
1.47374e+06 1.46029e+06 1.46993e+06
1.47436e+06 1.46162e+06 1.46878e+06
1.4782e+06 1.4616e+06 1.46522e+06
1.47803e+06 1.46075e+06 1.46594e+06
1.47473e+06 1.46327e+06 1.46836e+06
1.47777e+06 1.46106e+06 1.46667e+06
1.47794e+06 1.46191e+06 1.46595e+06
1.47857e+06 1.46324e+06 1.4648e+06
1.48034e+06 1.45691e+06 1.46667e+06
1.4807e+06 1.45855e+06 1.46624e+06
1.48018e+06 1.4497e+06 1.48212e+06
1.47416e+06 1.46011e+06 1.46903e+06
1.47589e+06 1.45998e+06 1.46905e+06
1.4766e+06 1.46118e+06 1.46758e+06
1.47948e+06 1.46289e+06 1.46508e+06
1.48057e+06 1.46464e+06 1.4645e+06
1.48335e+06 1.46278e+06 1.46422e+06
1.47421e+06 1.46351e+06 1.46854e+06
1.47568e+06 1.46217e+06 1.46833e+06
1.47674e+06 1.46088e+06 1.46739e+06
1.47776e+06 1.45599e+06 1.46868e+06
1.47584e+06 1.46177e+06 1.46811e+06
1.47616e+06 1.4596e+06 1.46933e+06
1.47647e+06 1.45626e+06 1.46975e+06
1.47713e+06 1.45466e+06 1.46983e+06
1.47751e+06 1.45585e+06 1.46914e+06
1.4776e+06 1.45639e+06 1.46889e+06
1.47689e+06 1.45452e+06 1.47029e+06
1.47698e+06 1.45506e+06 1.47004e+06
1.47706e+06 1.45465e+06 1.46996e+06
1.47736e+06 1.45625e+06 1.46935e+06
1.4909e+06 1.46497e+06 1.46347e+06
1.49213e+06 1.46368e+06 1.46344e+06
1.49216e+06 1.46475e+06 1.46341e+06
1.49249e+06 1.46532e+06 1.46302e+06
1.47965e+06 1.45054e+06 1.47344e+06
1.47812e+06 1.45813e+06 1.46823e+06
1.47832e+06 1.4576e+06 1.46749e+06
1.47807e+06 1.45079e+06 1.47628e+06
1.4821e+06 1.45052e+06 1.47331e+06
1.47373e+06 1.46278e+06 1.46881e+06
1.47443e+06 1.46412e+06 1.46752e+06
1.47477e+06 1.46327e+06 1.4668e+06
1.4761e+06 1.46324e+06 1.46733e+06
1.4764e+06 1.46323e+06 1.46714e+06
1.47642e+06 1.46536e+06 1.46678e+06
1.47667e+06 1.4664e+06 1.46666e+06
1.47708e+06 1.46235e+06 1.46647e+06
1.47882e+06 1.45002e+06 1.47712e+06
1.47915e+06 1.4516e+06 1.47427e+06
1.48505e+06 1.44966e+06 1.47487e+06
1.47679e+06 1.45106e+06 1.47735e+06
1.48011e+06 1.44975e+06 1.47605e+06
1.48044e+06 1.45133e+06 1.4732e+06
1.48213e+06 1.45047e+06 1.47239e+06
1.47853e+06 1.45e+06 1.47888e+06
1.48256e+06 1.44973e+06 1.47592e+06
1.48259e+06 1.44968e+06 1.475e+06
1.48363e+06 1.45128e+06 1.4722e+06
1.48385e+06 1.44946e+06 1.47493e+06
1.47484e+06 1.45864e+06 1.4698e+06
1.47836e+06 1.45082e+06 1.47452e+06
1.48339e+06 1.45025e+06 1.47233e+06
1.48521e+06 1.45178e+06 1.47111e+06
1.47471e+06 1.45934e+06 1.46948e+06
1.4863e+06 1.44944e+06 1.4748e+06
1.47251e+06 1.45825e+06 1.47347e+06
1.47262e+06 1.46263e+06 1.46949e+06
1.47409e+06 1.458e+06 1.47063e+06
1.47685e+06 1.45465e+06 1.47093e+06
1.47054e+06 1.46085e+06 1.4738e+06
1.47199e+06 1.4613e+06 1.47064e+06
1.47274e+06 1.46193e+06 1.46981e+06
1.4734e+06 1.46342e+06 1.46924e+06
1.47475e+06 1.45794e+06 1.47094e+06
1.47522e+06 1.46186e+06 1.46876e+06
1.47425e+06 1.45591e+06 1.47241e+06
1.47488e+06 1.45724e+06 1.47126e+06
1.47212e+06 1.4606e+06 1.47096e+06
1.47268e+06 1.45616e+06 1.47524e+06
1.47477e+06 1.45286e+06 1.47524e+06
1.47635e+06 1.45262e+06 1.4724e+06
1.47413e+06 1.45661e+06 1.47209e+06
1.47804e+06 1.45085e+06 1.47729e+06
1.47962e+06 1.4506e+06 1.47445e+06
1.47264e+06 1.45755e+06 1.47379e+06
1.47421e+06 1.4573e+06 1.47095e+06
1.47622e+06 1.45332e+06 1.47208e+06
1.47534e+06 1.45778e+06 1.47057e+06
1.4776e+06 1.4524e+06 1.47234e+06
1.47307e+06 1.4625e+06 1.46942e+06
1.47387e+06 1.46241e+06 1.46942e+06
1.474e+06 1.46171e+06 1.46974e+06
1.47218e+06 1.46524e+06 1.46994e+06
1.47162e+06 1.45824e+06 1.47511e+06
1.47846e+06 1.45068e+06 1.48702e+06
1.48185e+06 1.45204e+06 1.47062e+06
1.48113e+06 1.45206e+06 1.47041e+06
1.48174e+06 1.45242e+06 1.46939e+06
1.47775e+06 1.4513e+06 1.47658e+06
1.48113e+06 1.45246e+06 1.46955e+06
1.48239e+06 1.45224e+06 1.46949e+06
1.48637e+06 1.45271e+06 1.4672e+06
1.48698e+06 1.45267e+06 1.46703e+06
1.48698e+06 1.45307e+06 1.46617e+06
1.48762e+06 1.45249e+06 1.46713e+06
1.48808e+06 1.4517e+06 1.46974e+06
1.48896e+06 1.45283e+06 1.46631e+06
1.4845e+06 1.45021e+06 1.47199e+06
1.48647e+06 1.44937e+06 1.48083e+06
1.47271e+06 1.4605e+06 1.47142e+06
1.47622e+06 1.4527e+06 1.473e+06
1.471e+06 1.46298e+06 1.47091e+06
1.47171e+06 1.46279e+06 1.47077e+06
1.47409e+06 1.45739e+06 1.47155e+06
1.4748e+06 1.4572e+06 1.47141e+06
1.47751e+06 1.45243e+06 1.47192e+06
1.47042e+06 1.46094e+06 1.47439e+06
1.47152e+06 1.45994e+06 1.47374e+06
1.47178e+06 1.46377e+06 1.47067e+06
1.47199e+06 1.46068e+06 1.47156e+06
1.47309e+06 1.45969e+06 1.47091e+06
1.47694e+06 1.45252e+06 1.47286e+06
1.47255e+06 1.45625e+06 1.47584e+06
1.47749e+06 1.45227e+06 1.47336e+06
1.47878e+06 1.45199e+06 1.47228e+06
1.47948e+06 1.45134e+06 1.47443e+06
1.47668e+06 1.45191e+06 1.4756e+06
1.46942e+06 1.46323e+06 1.47375e+06
1.47465e+06 1.45295e+06 1.47583e+06
1.47511e+06 1.45216e+06 1.47844e+06
1.47014e+06 1.46304e+06 1.47361e+06
1.47113e+06 1.46075e+06 1.47425e+06
1.47156e+06 1.45854e+06 1.4752e+06
1.47223e+06 1.45975e+06 1.4736e+06
1.4725e+06 1.46358e+06 1.47053e+06
1.47651e+06 1.45472e+06 1.47128e+06
1.47797e+06 1.45164e+06 1.47453e+06
1.47055e+06 1.45998e+06 1.47566e+06
1.4662e+06 1.46514e+06 1.47772e+06
1.46726e+06 1.46675e+06 1.47581e+06
1.46812e+06 1.46442e+06 1.4758e+06
1.46818e+06 1.465e+06 1.47235e+06
1.46918e+06 1.46057e+06 1.4772e+06
1.4704e+06 1.46143e+06 1.47393e+06
1.47049e+06 1.46044e+06 1.47669e+06
1.47102e+06 1.46941e+06 1.4704e+06
1.47205e+06 1.46678e+06 1.4704e+06
1.47277e+06 1.45952e+06 1.47132e+06
1.46848e+06 1.46342e+06 1.47623e+06
1.46959e+06 1.46086e+06 1.47645e+06
1.46966e+06 1.4671e+06 1.47146e+06
1.46983e+06 1.4637e+06 1.47114e+06
1.47052e+06 1.46238e+06 1.47122e+06
1.4712e+06 1.45977e+06 1.47415e+06
1.47305e+06 1.45741e+06 1.4721e+06
1.47406e+06 1.45571e+06 1.47258e+06
1.48841e+06 1.45554e+06 1.4643e+06
1.47666e+06 1.45115e+06 1.47795e+06
1.47542e+06 1.45217e+06 1.47454e+06
1.47588e+06 1.45138e+06 1.47714e+06
1.47738e+06 1.45097e+06 1.47781e+06
1.47795e+06 1.45088e+06 1.47688e+06
1.47992e+06 1.45029e+06 1.4756e+06
1.47463e+06 1.45933e+06 1.46989e+06
1.47863e+06 1.45057e+06 1.47667e+06
1.47949e+06 1.45052e+06 1.47586e+06
1.48238e+06 1.45028e+06 1.47547e+06
1.48595e+06 1.45108e+06 1.4717e+06
1.48724e+06 1.4508e+06 1.47063e+06
1.4888e+06 1.4501e+06 1.47356e+06
1.48212e+06 1.45156e+06 1.47287e+06
1.46714e+06 1.46543e+06 1.47769e+06
1.46829e+06 1.46185e+06 1.47771e+06
1.46833e+06 1.46046e+06 1.47916e+06
1.47043e+06 1.45716e+06 1.47916e+06
1.48675e+06 1.45337e+06 1.46621e+06
1.48841e+06 1.45347e+06 1.46604e+06
1.47017e+06 1.46103e+06 1.47609e+06
1.47396e+06 1.45798e+06 1.4717e+06
1.48031e+06 1.45947e+06 1.4665e+06
1.48074e+06 1.45618e+06 1.4671e+06
1.48503e+06 1.45614e+06 1.46478e+06
1.48508e+06 1.46228e+06 1.46473e+06
1.48598e+06 1.45643e+06 1.46475e+06
1.47084e+06 1.45703e+06 1.47701e+06
1.4717e+06 1.4582e+06 1.47541e+06
1.47203e+06 1.45798e+06 1.47494e+06
1.47436e+06 1.45482e+06 1.47447e+06
1.47604e+06 1.45334e+06 1.47263e+06
1.47527e+06 1.4539e+06 1.47194e+06
1.48686e+06 1.45564e+06 1.46439e+06
1.48746e+06 1.45489e+06 1.46508e+06
1.48786e+06 1.4545e+06 1.46546e+06
1.4686e+06 1.46294e+06 1.47456e+06
1.4687e+06 1.46172e+06 1.47556e+06
1.46894e+06 1.46185e+06 1.4751e+06
1.46942e+06 1.46153e+06 1.47542e+06
1.46972e+06 1.46085e+06 1.47689e+06
1.47021e+06 1.4623e+06 1.47413e+06
1.47028e+06 1.46146e+06 1.47272e+06
1.47074e+06 1.45825e+06 1.47601e+06
1.471e+06 1.46128e+06 1.47258e+06
1.47108e+06 1.45716e+06 1.47655e+06
1.47142e+06 1.45946e+06 1.47442e+06
1.47155e+06 1.45684e+06 1.47687e+06
1.47241e+06 1.45678e+06 1.47417e+06
1.47265e+06 1.45691e+06 1.47371e+06
1.47303e+06 1.45391e+06 1.47893e+06
1.47317e+06 1.45387e+06 1.47654e+06
1.47394e+06 1.45664e+06 1.47264e+06
1.47451e+06 1.45348e+06 1.47416e+06
1.47851e+06 1.45617e+06 1.46821e+06
1.47345e+06 1.45402e+06 1.47524e+06
1.47369e+06 1.45416e+06 1.47478e+06
1.47503e+06 1.45377e+06 1.4724e+06
1.47611e+06 1.45542e+06 1.47091e+06
1.47621e+06 1.45419e+06 1.47191e+06
1.47887e+06 1.45374e+06 1.46884e+06
1.47911e+06 1.45388e+06 1.46838e+06
1.48005e+06 1.45416e+06 1.46835e+06
1.48172e+06 1.45417e+06 1.46774e+06
1.48393e+06 1.45314e+06 1.4672e+06
1.47988e+06 1.45332e+06 1.46907e+06
1.4806e+06 1.45303e+06 1.46849e+06
1.48383e+06 1.45437e+06 1.4662e+06
1.4841e+06 1.45399e+06 1.46648e+06
1.48417e+06 1.45328e+06 1.46674e+06
1.48424e+06 1.45536e+06 1.46502e+06
1.48434e+06 1.45413e+06 1.46602e+06
1.48511e+06 1.45357e+06 1.46671e+06
1.48529e+06 1.45441e+06 1.46599e+06
1.4856e+06 1.45315e+06 1.46659e+06
1.48567e+06 1.45522e+06 1.46487e+06
1.48577e+06 1.45399e+06 1.46587e+06
1.48671e+06 1.45428e+06 1.46584e+06
1.48678e+06 1.45357e+06 1.4661e+06
1.4868e+06 1.45492e+06 1.46517e+06
1.47485e+06 1.45292e+06 1.47312e+06
1.47509e+06 1.45306e+06 1.47266e+06
1.47799e+06 1.4577e+06 1.46826e+06
1.47869e+06 1.4529e+06 1.46956e+06
1.47894e+06 1.45303e+06 1.4691e+06
1.47328e+06 1.45317e+06 1.47596e+06
1.47493e+06 1.455e+06 1.4714e+06
1.48122e+06 1.45576e+06 1.46698e+06
1.4786e+06 1.45412e+06 1.46856e+06
1.47877e+06 1.45497e+06 1.46784e+06
1.47884e+06 1.45426e+06 1.4681e+06
1.4798e+06 1.45589e+06 1.46714e+06
1.48026e+06 1.45412e+06 1.46795e+06
1.48044e+06 1.45497e+06 1.46723e+06
1.47475e+06 1.45415e+06 1.47212e+06
1.47626e+06 1.45473e+06 1.4707e+06
1.47636e+06 1.4535e+06 1.47169e+06
1.48407e+06 1.45451e+06 1.46574e+06
1.475e+06 1.45428e+06 1.47166e+06
1.4766e+06 1.45364e+06 1.47123e+06
1.484e+06 1.45522e+06 1.46548e+06
1.47654e+06 1.45435e+06 1.47097e+06
1.48036e+06 1.4529e+06 1.46895e+06
1.4805e+06 1.45255e+06 1.46973e+06
1.48074e+06 1.45269e+06 1.46928e+06
1.48078e+06 1.45388e+06 1.46777e+06
1.48573e+06 1.4528e+06 1.46738e+06
1.48597e+06 1.45294e+06 1.46692e+06
1.47318e+06 1.4544e+06 1.47496e+06
1.47594e+06 1.45457e+06 1.47164e+06
1.47644e+06 1.45558e+06 1.46997e+06
1.47978e+06 1.45454e+06 1.46807e+06
1.48644e+06 1.45466e+06 1.46556e+06
1.47642e+06 1.45415e+06 1.47152e+06
1.4855e+06 1.45437e+06 1.4656e+06
1.47335e+06 1.45525e+06 1.47424e+06
1.47469e+06 1.45498e+06 1.47353e+06
1.4805e+06 1.45426e+06 1.4675e+06
1.49024e+06 1.4566e+06 1.46349e+06
1.48419e+06 1.4521e+06 1.4683e+06
1.4875e+06 1.45472e+06 1.46466e+06
1.47815e+06 1.4528e+06 1.4714e+06
1.47896e+06 1.45185e+06 1.47066e+06
1.4799e+06 1.45214e+06 1.47063e+06
1.48054e+06 1.45374e+06 1.46823e+06
1.48371e+06 1.45569e+06 1.46594e+06
1.485e+06 1.45273e+06 1.46749e+06
1.47358e+06 1.45332e+06 1.47556e+06
1.47633e+06 1.4532e+06 1.47223e+06
1.47743e+06 1.45309e+06 1.47198e+06
1.47754e+06 1.45392e+06 1.4712e+06
1.47784e+06 1.45407e+06 1.4708e+06
1.47839e+06 1.45294e+06 1.47095e+06
1.48143e+06 1.45248e+06 1.46924e+06
1.4861e+06 1.45224e+06 1.46724e+06
1.47382e+06 1.45346e+06 1.4751e+06
1.47724e+06 1.45245e+06 1.47272e+06
1.47731e+06 1.4521e+06 1.47363e+06
1.47738e+06 1.4521e+06 1.4735e+06
1.47866e+06 1.4526e+06 1.47009e+06
1.47882e+06 1.4522e+06 1.46988e+06
1.47976e+06 1.45248e+06 1.46985e+06
1.47434e+06 1.45276e+06 1.47625e+06
1.48513e+06 1.45238e+06 1.46828e+06
1.48627e+06 1.45308e+06 1.46652e+06
1.4869e+06 1.45287e+06 1.46642e+06
1.48848e+06 1.45432e+06 1.46578e+06
1.48967e+06 1.45381e+06 1.46599e+06
1.49022e+06 1.45444e+06 1.46559e+06
1.47592e+06 1.45251e+06 1.47341e+06
1.48964e+06 1.45461e+06 1.46521e+06
1.49e+06 1.45438e+06 1.46559e+06
1.48701e+06 1.45465e+06 1.46555e+06
1.47382e+06 1.4558e+06 1.47342e+06
1.47278e+06 1.45674e+06 1.47245e+06
1.47872e+06 1.45342e+06 1.46888e+06
1.48396e+06 1.45367e+06 1.46652e+06
1.48405e+06 1.45244e+06 1.46752e+06
1.47288e+06 1.45552e+06 1.47345e+06
1.47488e+06 1.45345e+06 1.47244e+06
1.47498e+06 1.45222e+06 1.47344e+06
1.47672e+06 1.45549e+06 1.46988e+06
1.47662e+06 1.45672e+06 1.46889e+06
1.47531e+06 1.45279e+06 1.47305e+06
1.47705e+06 1.45606e+06 1.46949e+06
1.47915e+06 1.45277e+06 1.46949e+06
1.47321e+06 1.45609e+06 1.47305e+06
1.47373e+06 1.45304e+06 1.47588e+06
1.48438e+06 1.45302e+06 1.46713e+06
1.47164e+06 1.45634e+06 1.47589e+06
1.47338e+06 1.45693e+06 1.47233e+06
1.47548e+06 1.45364e+06 1.47233e+06
1.47181e+06 1.45718e+06 1.47517e+06
1.47723e+06 1.45691e+06 1.46877e+06
1.47742e+06 1.45329e+06 1.47199e+06
1.47932e+06 1.45362e+06 1.46876e+06
1.48456e+06 1.45386e+06 1.46641e+06
1.4771e+06 1.45761e+06 1.46845e+06
1.47922e+06 1.45484e+06 1.46777e+06
1.4734e+06 1.45247e+06 1.47628e+06
1.47538e+06 1.45487e+06 1.47133e+06
1.47171e+06 1.45841e+06 1.47417e+06
1.47306e+06 1.45636e+06 1.47273e+06
1.47381e+06 1.45512e+06 1.47417e+06
1.47521e+06 1.45402e+06 1.47205e+06
1.47526e+06 1.45557e+06 1.47101e+06
1.47696e+06 1.45729e+06 1.4685e+06
1.477e+06 1.45884e+06 1.46745e+06
1.47713e+06 1.45814e+06 1.46777e+06
1.47795e+06 1.45912e+06 1.46742e+06
1.47807e+06 1.45842e+06 1.46774e+06
1.47905e+06 1.454e+06 1.46849e+06
1.4791e+06 1.45554e+06 1.46745e+06
1.48004e+06 1.45583e+06 1.46742e+06
1.48017e+06 1.45513e+06 1.46774e+06
1.48203e+06 1.45781e+06 1.46581e+06
1.48219e+06 1.45754e+06 1.46614e+06
1.48236e+06 1.45838e+06 1.46542e+06
1.48318e+06 1.45937e+06 1.46506e+06
1.48331e+06 1.45867e+06 1.46539e+06
1.48428e+06 1.45424e+06 1.46613e+06
1.48446e+06 1.45509e+06 1.46541e+06
