65 0.716221
302374 327320 310508 314728
330425 328042 278358 312057
307223 325337 316277 316401
313787 320325 309691 325188
314502 336183 312851 292382
323645 309987 315685 301919
345955 305581 339750 298794
303217 340737 317092 294570
323831 303426 330285 306582
300786 325612 331171 324752
299489 338165 313949 329785
332876 313900 292395 311313
350951 301557 330116 300470
313918 309022 308456 321634
325485 304454 310041 307355
329826 320754 293679 310927
333949 345141 310154 282095
341501 302988 318516 299492
313594 321527 293258 302205
324142 291283 313442 313785
338879 311865 297189 316270
309092 335300 315057 308082
310017 314917 315019 322441
312670 322020 316056 297986
341500 335931 300332 286620
309912 314498 329150 309248
311959 315615 305549 330375
313258 326399 310432 304736
315310 329618 301456 293410
327442 327768 289946 302062
331956 328592 345100 282641
333286 310213 318732 288903
334974 318310 290553 298353
322508 313116 308366 288169
346464 330903 293313 296285
305305 319768 327102 323863
314618 318556 319708 295649
353308 319722 302493 287632
326668 328048 291525 303180
353064 321678 279504 305000
314329 305669 321120 332970
314446 313896 312965 299476
321447 320176 296685 326659
346634 317508 296632 302759
314259 315478 315007 320315
322424 349652 286934 311296
324379 306129 304149 294448
330854 301799 309988 313981
317476 319665 300034 299920
308706 323702 311001 312593
317031 315952 307990 296358
324447 338493 283703 322735
335546 301217 299284 313997
315902 352982 290693 298607
324967 304273 319006 307750
335852 325667 286329 302615
342559 323240 282498 329937
303507 319680 320567 338816
327071 317738 294244 308796
329689 338720 287810 308743
310083 338424 310484 307589
313763 344735 307831 300342
320308 325212 293037 318902
322105 298901 328501 308279
312871 332463 305897 307689
325864 318632 351353 280443
338958 322596 283464 329850
313289 315623 312464 326693
320093 309228 318291 303567
329749 306096 309087 321987
337088 306556 298764 321463
354433 301395 307947 311084
318441 312509 311107 289766
331452 297567 322228 306401
314788 314451 301313 318130
343871 314437 300347 297450
294994 330618 321924 320300
333650 312384 304768 292262
312708 342847 316742 296165
335562 308046 298329 319576
342431 302505 298952 327675
343300 301231 294636 324118
309311 308301 310934 336036
310264 310683 324480 311442
330792 337168 283344 305651
334684 343731 294657 300622
339391 298524 314796 311580
300626 339943 309814 325910
331903 319013 289676 312951
308045 329498 311249 311529
345584 315918 285567 329060
353290 304061 331713 289272
309090 303095 312775 336220
320316 311446 297362 301918
306337 337343 313996 302650
310495 318776 315909 307000
323296 315356 301366 292233
338577 322273 294006 295573
307157 329717 299745 311148
310699 331524 313482 300358
352651 302350 297607 316386
331567 357311 300136 292860
349978 313237 290680 317703
361022 315235 286799 304789
307833 310855 317267 316452
310650 331086 313039 300724
313185 330403 315720 306485
330243 324883 286070 334610
341060 305021 295756 308212
343126 296776 336153 304627
323662 345759 284853 314996
328045 309252 298487 318962
338327 335598 279145 292439
311240 341114 309280 303802
327861 332493 294058 300875
295216 355693 310506 321713
314241 310454 325897 299207
307550 336036 299271 313582
313593 315973 312578 313895
316252 311755 311891 308823
318346 324200 302356 285350
325290 301646 320910 304145
330928 305701 316335 300019
311502 325436 307902 306700
332943 313455 302655 297912
328272 340798 287157 306345
346064 304974 315929 297218
306309 319801 319350 292076
331263 295804 307455 318273
301083 324373 302121 316691
305081 328030 287029 319005
312384 322606 298626 307850
337704 310360 304311 282992
314534 312453 307184 299827
331464 313884 292545 328297
340360 322613 301317 291764
303517 343244 313648 309395
306100 330488 318819 314547
308212 320182 315727 300241
314226 334502 291510 318304
313346 308290 323759 310919
332563 311292 297945 340197
335213 322446 287327 315752
319204 298350 329996 308152
323484 318533 286255 315778
319305 311192 301152 313335
328160 306648 303259 303133
310113 343560 310267 305520
317556 325786 289009 303877
330566 316291 295285 328868
332793 340524 321040 285114
325626 342845 305993 283918
332446 315507 294476 303229
304332 341050 300440 322780
305439 316133 317417 317303
306113 323193 308932 327259
310328 323443 300720 327715
311585 327273 302117 310073
316396 304050 310878 310140
311049 314650 318580 300546
331221 325051 292036 309789
357943 304087 300256 304325
315454 320200 296895 293925
315784 301183 312743 348574
326242 291911 310987 316674
337072 324606 284368 304229
309649 313147 330941 304214
312366 308662 309959 333636
325424 322961 318545 285945
334182 333865 314914 283878
304956 335200 326132 310820
309845 330577 307583 309289
302714 343915 308583 310021
312207 339830 319967 286733
319066 295847 316164 322259
340254 300829 309958 301875
