522 5.84736
102825 80398 86910
103335 81817 85196
101845 84946 83631
103133 84695 83663
97637 83242 85177
103272 84520 83337
103460 81147 84923
99089 81404 86587
99459 83340 84905
100944 82150 84990
106601 84015 83610
98530 87103 82866
100596 79203 89585
99678 80876 86812
99754 83036 84948
100505 83444 84850
93929 75604 99836
90905 77831 98925
100847 80634 86395
96339 81233 87755
100128 80852 86451
92512 76655 100133
98661 78784 89645
90044 78608 100596
93945 75716 99811
95289 75899 97052
97421 85173 84649
94809 77926 92988
94526 81581 88983
94958 76243 96950
96646 85219 84663
98092 76470 93421
101887 75290 94005
89943 79886 96820
96125 75134 101769
95526 85207 85727
92252 77042 100792
99834 81662 86379
100115 79921 87584
100254 79746 87258
94736 75680 99586
98890 79981 88090
92893 83103 87922
94276 75372 99913
93046 76132 102830
98426 78740 90595
100086 81596 86136
93444 81215 89795
99845 81850 85181
91372 78328 97830
102317 81139 86069
94190 77402 95526
96385 75817 96656
99073 81292 86612
98303 83748 84754
99031 80931 86905
94399 76884 94849
93844 81732 89233
94923 80021 90125
100671 82244 84815
92173 77670 97279
94960 76527 94533
99420 81060 86689
97773 85113 84861
97461 90251 83571
97807 81999 86640
95074 75289 99758
98251 74733 95077
90859 79215 97606
100229 83915 84336
98135 85283 83794
91502 78002 97142
90975 82745 89829
92952 81835 88505
97731 76610 91293
92898 78207 94216
94565 81891 87972
95894 75871 96339
96264 82202 87325
94166 80282 89948
97529 83651 85879
99568 79824 87760
95533 81032 87979
94865 80562 89411
94912 81659 88049
99065 84522 84096
91777 78843 95722
92537 83201 88030
96280 82314 87300
93629 81470 89362
99429 79999 88086
93617 77989 94160
94614 81347 89067
95015 79567 90330
95248 76247 95382
94882 75947 98059
95527 87315 84435
92703 80111 92126
94134 84283 86760
95399 80577 88541
93069 81778 89247
92187 78160 96231
100963 79260 88508
93401 78641 94149
94371 80898 89495
94478 78270 92886
94893 81990 87420
95133 82108 87380
98135 83060 85703
103984 79069 88000
91746 83135 88069
92433 80161 91304
96222 79404 90023
97763 85269 83927
103761 84264 83678
94581 82003 87947
92521 83089 88055
96660 82031 86787
90569 80784 91091
91659 82770 89333
95489 82248 87339
98913 79680 88368
91658 80207 91318
103096 80140 85988
104847 78588 87861
93727 81789 88491
100385 81460 86403
90022 79712 98406
91861 83355 87736
93465 77743 95747
93808 83611 86966
95869 84901 86113
96408 83117 86765
92134 83261 87911
92653 89513 85665
95442 85818 85371
98048 83878 85174
100480 81075 86309
97863 82323 86056
104643 80530 85498
91344 80738 91077
93028 81235 90153
92062 85193 87572
95145 79424 90496
95873 80098 88200
96251 78305 91004
96739 84047 85346
105283 83148 84058
96787 82831 86310
102088 78389 89129
87904 81321 96908
93053 81666 89272
93850 80710 89873
94795 80598 89103
95789 79446 90430
96357 79981 88230
99108 77870 89799
94660 87818 84079
98816 81498 86412
99063 81181 86637
103494 82585 84376
92186 85330 86649
99515 76287 92938
92179 81950 89771
94637 79875 90708
102477 77941 89558
94895 76728 94235
95473 80439 88443
97728 74248 97876
99027 78660 90168
91814 85316 86782
92695 82092 89705
93275 84753 86876
96665 82630 86552
96951 75171 97801
97521 76543 93395
98231 85836 83527
95936 84263 85544
92410 82382 88734
95287 81072 88016
93489 82442 88261
93886 82490 87719
101415 79046 89182
93977 80477 90415
97070 80548 87614
90760 84322 89931
91578 79622 93701
93613 82584 87544
89512 87973 88825
93582 84657 86565
93747 88270 84942
93995 81384 89433
93437 78687 92238
100161 80712 86897
91181 80730 92306
93502 81877 88223
94624 80623 88555
95164 76047 96718
96544 76968 92935
97210 84006 85455
94193 84100 86196
91165 85299 87918
93388 79540 90994
97985 85876 83564
97043 80602 87402
99169 79256 89509
90143 79289 98831
92350 78767 94065
98525 82685 85691
96151 83323 86565
96378 78255 91206
97040 77978 90617
99541 79270 89376
91473 83280 89294
93207 82572 88163
96695 80948 87775
91632 77128 98389
93833 83572 87264
88486 81011 95023
92880 80684 90606
97002 78895 89840
100921 74632 95684
93135 82741 88456
93430 78461 94125
105138 86880 82112
87506 84344 104570
88436 81219 97159
92521 85312 86146
96493 75503 95269
97626 75010 99004
90067 86442 89250
93954 77500 94422
94229 76929 94764
96397 79442 89617
97211 79479 88842
98507 83074 85570
91070 83340 89175
92336 80200 92761
94059 79270 91141
100716 81659 85652
90059 87155 87439
94843 81870 88023
90175 84961 88989
96226 86153 83660
97974 75277 96044
99272 83362 84940
89830 79980 93301
91217 82986 89295
95676 86908 84638
97573 83715 85712
99336 81445 86543
92264 83295 87855
92614 81476 90941
96326 81480 86804
96534 83167 86050
97098 83111 85985
100868 86675 83499
93493 81336 89622
93219 76023 97195
95992 81465 87678
88876 83028 93964
91763 78868 95364
95055 75395 97169
92270 82595 88546
93987 82468 86954
87352 84457 93460
93318 83971 87009
100929 80972 86291
92364 78965 93085
89931 89836 86594
95615 85529 84906
97852 75327 93573
90938 86762 87290
91920 82138 89719
92136 79365 93697
95855 85442 85040
96520 78970 90199
98717 81390 86720
92909 83215 87897
93517 82031 87811
100943 79150 89119
100999 81769 85367
89457 83449 91452
95630 79262 90505
95929 84443 85919
97234 76297 94062
88480 89490 89138
93631 85171 85820
95505 82360 87314
91893 85055 87680
95126 80671 88366
96559 84121 85459
99363 85809 83761
104616 75549 93036
98344 77953 90885
100667 91684 82447
90598 84718 87936
95420 88157 84053
97156 76836 93601
98773 81789 85197
89272 90021 88260
91423 90517 84061
93236 81542 89422
93262 83901 87647
94402 83775 86932
97154 85205 85128
91070 80023 92985
93312 85378 86107
96323 84485 85465
104084 77930 89425
91360 82528 89854
92638 85255 86888
97734 76608 91745
88582 86988 90937
88611 87398 89768
95949 83625 86213
88528 87463 89618
92968 81947 88480
97549 83944 85414
88601 84087 91856
90242 83570 91276
90256 79293 96091
91598 83185 89078
93919 86540 85245
94121 81593 88088
95944 78680 90609
94640 80735 88530
95312 81318 87806
99965 74914 94825
90462 82582 90309
93313 78977 91322
93561 82835 87617
94996 86848 84971
95588 82356 87031
95598 82647 86869
99539 79308 88674
89934 83010 92422
91581 80654 92304
92950 76970 95819
96436 82749 86350
89357 88814 88497
91251 83631 87842
93151 78801 93066
98065 76597 93315
100974 85208 83693
88666 80631 93970
93783 85151 86563
95281 78052 92145
95314 77347 93970
99342 80134 86968
87579 93416 90262
88824 83714 91546
90973 86396 87300
91333 89818 87028
92821 80287 91146
94351 80768 89780
97270 81435 86919
97611 88784 83649
101242 84985 83760
89817 89309 87053
90538 77881 98046
95187 85969 84903
91044 87755 87215
92440 77005 95802
93223 82684 88138
97874 80354 86966
92041 77857 97961
93284 82628 87864
97504 84021 85157
89394 85334 90629
89476 85507 89384
88066 90620 89417
90935 83817 89157
91041 79089 93989
92455 78843 92167
93447 78272 91577
94154 81567 89116
95186 76395 96682
99307 82689 85168
101657 86888 82630
92934 76858 95844
93198 81255 89832
88285 89268 90552
89459 82618 92516
90117 77461 100136
90207 80712 93271
92458 84250 87235
94940 81304 87939
95161 80531 88948
103255 85671 83050
90861 83084 89403
92015 79416 92875
96392 79964 88338
90104 82289 91494
95370 76889 93481
95681 85060 85593
98085 84128 84319
87403 85467 91312
91812 82119 90087
94486 80218 89618
94851 85915 85211
95558 81278 87769
96964 83816 85730
91742 82863 88153
95191 77878 92566
95316 77421 91474
95674 79734 90183
95748 76312 94132
96135 80170 88138
91339 87414 86698
92242 82135 89156
94305 77550 93492
94706 83416 86674
94915 79679 90286
86778 86385 97190
90170 87387 87423
93621 81651 89419
95943 86733 84309
90845 82972 89428
92791 84473 86967
95394 81543 87644
100821 79265 89483
100996 79401 87408
107274 74368 97223
90194 84304 90195
91866 86089 85923
92262 78901 94040
97183 82176 86184
88843 85621 90039
92644 89685 84560
93358 85265 85645
93851 80738 89821
96280 84537 85391
96680 92322 83516
97747 75328 96618
98272 81599 86411
