15544 67.2126
78726 133592 206463
97683 192141 114181
209964 91206 118109
65173 159949 190452
175190 161025 80336
174463 68500 170605
89070 121340 170196
99398 189975 113443
208155 92137 113136
91493 129262 164774
206757 101350 103712
105001 181633 108978
84007 126817 192964
78239 135654 201453
81674 128468 193443
201705 92062 113475
117581 162275 108528
94342 120291 183168
82997 127202 191655
109173 183218 106150
183414 94794 119786
200121 100191 104059
134586 118538 120710
71142 153227 175797
121331 115607 131424
200724 99795 104848
126727 121327 121726
71109 154134 177373
86164 125610 168121
79032 131767 204720
87469 122074 169400
139529 122933 116387
132395 90361 154095
162125 71959 159639
79714 131068 202588
142854 86579 139763
73496 148912 167579
195847 111335 99082
106046 172594 115193
84819 125142 189079
114053 169713 105745
135508 89769 151493
194496 93677 113725
124646 103371 132914
116275 119271 149109
132996 90828 140257
146074 87339 136342
76622 139272 190821
80305 125986 198976
100868 177144 120462
193471 107314 100213
145591 80736 155021
80614 132630 185891
190144 100968 105931
87802 131998 162166
169743 73469 156401
181193 102723 111435
131945 95367 126952
149840 75624 179803
98005 136728 146550
114753 166004 105548
205283 91540 116824
102494 187328 108340
131088 108070 123516
206167 98059 107758
138692 87030 141267
199153 93636 110742
99515 174397 122113
98510 184390 115520
154707 93341 134253
147780 79165 172106
129318 95137 127336
149434 142536 99679
81217 134110 182292
138769 84541 143087
148863 148892 92327
169286 68665 173349
130515 114843 124394
161776 152646 85190
131436 127098 121477
187980 110086 100605
106680 167675 115726
81006 148632 154719
163342 76296 151973
179574 113188 104417
156944 72563 161607
143508 82646 166092
112910 168214 107772
162867 154792 84509
168456 68967 174774
191851 113580 98858
176725 121868 100176
140645 89012 137833
203028 98365 106905
157017 78867 153251
85932 137705 150925
140081 85418 143075
124301 117388 126810
165508 147744 88149
191374 92343 117423
109779 149965 131049
154583 144737 95764
134366 90573 146100
118278 109604 136486
159195 142974 93247
171055 143601 89425
66174 155190 181586
153568 79375 146965
77996 134845 203636
170279 115082 109643
203290 98301 109062
184214 110630 102048
102839 163975 119030
149197 81170 147684
135910 91607 136900
123043 104396 128735
159800 163131 87710
164879 150231 86900
122392 116076 129881
186568 109319 101025
164204 150768 85942
92963 128616 159209
80844 129635 191255
120207 123608 125035
66753 165289 177704
163982 166442 84009
204464 98091 105626
141557 88129 138766
188838 103700 103151
101666 167267 119157
144418 82884 158719
77535 137426 198736
67266 154862 180497
139992 88648 140688
141102 87839 140533
197487 91365 118586
122966 111172 129138
177357 72992 157049
72248 149255 167296
109442 174051 104690
160621 156079 86199
157830 74063 157973
196557 99400 107479
107607 179796 109999
65813 157335 184051
110376 173023 107240
147335 76917 182001
136789 89583 150332
107369 179187 110278
125783 115510 125837
113398 173398 103663
88741 122425 167526
166444 152671 83110
68441 151302 190392
163621 70941 167028
99005 189426 113840
189534 102421 103883
133355 94251 138042
160041 147492 90016
111769 164885 114708
147369 81992 145263
122159 105868 132481
119159 116634 130600
93204 146395 139965
190773 115509 98859
180492 102112 113202
181670 105394 109444
133680 92925 138241
194047 100643 112029
137852 120716 117676
143093 88188 137639
73977 146507 196851
110270 171237 115041
187580 108736 101391
152891 144497 96218
65296 159257 188053
67904 156307 174330
187357 106278 101703
164599 141234 91849
65688 156310 187135
92288 135332 157640
101975 178447 111678
71610 154174 172420
174681 71206 163532
128280 96264 148293
168384 69958 170951
148249 157059 97233
181820 107544 106253
69187 153475 178348
88141 131502 162517
79849 130258 198160
104729 138109 143393
150084 76632 162691
101196 177832 113367
125341 171575 102200
96864 188446 114866
183019 111488 102401
85632 124844 184287
71790 150626 173585
167960 155746 80980
138246 86366 169110
192235 108464 100913
99934 180361 112154
93842 134360 153635
152241 146122 94942
80367 131278 194169
156817 145708 92914
139196 83996 150238
144676 81007 156753
127531 112891 128068
158690 71526 160411
97328 170506 126636
77237 138869 192728
100633 169070 123522
158948 140541 94154
127698 97337 127918
149066 86068 140928
160374 149739 88626
198210 94143 112951
77451 136493 199442
179208 93812 125684
141831 83528 160281
151628 145538 95201
76316 139907 188628
204767 91869 118185
69498 158540 171348
102463 134210 148732
78688 135086 199769
95882 174849 127603
192428 96629 114049
142636 80112 166635
109616 171951 112892
66614 156515 179907
183701 116628 96624
165217 74456 152698
108643 176520 108848
146589 137193 112793
105307 135508 144780
128594 91374 147038
106598 186153 108183
123901 97740 135840
118099 104112 142355
119881 112747 134882
144937 82627 149227
118615 119574 135776
103073 157913 125053
185230 96007 115844
198558 98829 106389
68363 151557 181234
122455 111832 132006
75830 143332 191752
184615 93511 126349
74142 147259 186507
173645 70644 164910
99442 186534 114809
75292 144422 196192
103795 185613 109315
119697 120696 128718
157332 146117 91405
95169 188067 135223
80067 127690 200553
110689 135275 144094
160471 150318 87341
148442 77455 163197
156280 118929 114671
94925 188659 118882
177575 96115 120108
172698 124631 102738
178615 119261 97463
85277 130612 178689
79074 130422 203105
108038 150167 130269
96003 183480 117094
137288 89952 146408
112341 167039 108590
174891 99046 122903
140377 85716 142053
75682 145346 167978
150827 78453 162290
177914 108694 105099
152926 140519 98026
137414 86432 149671
167613 73833 158421
171396 69859 168452
142037 81592 167360
115354 148263 116024
144372 146938 109922
130748 114416 123767
95500 185004 121496
176219 114442 106695
161352 73972 153800
186096 111799 101541
179348 155717 81619
146747 89420 135341
150501 80461 161763
122780 113066 129496
141908 83708 143777
141403 84302 144493
170459 70773 165317
182348 95157 122455
182740 101885 111559
151339 151356 90878
155287 78146 155330
82246 127662 194957
74807 148061 185268
79489 135897 186238
92132 129462 160039
155787 162753 90506
136567 87951 152785
156038 73024 165885
120643 153958 106987
71471 153920 174032
179049 114700 102971
177179 105056 112457
157219 74913 158230
98598 178769 116145
115850 160763 109225
79981 134575 195254
165967 71524 164181
69975 151372 177636
91798 130120 159097
96115 181235 118442
129227 112467 127083
111437 168754 112520
121809 124217 124145
189067 103082 105371
80894 128870 197276
154085 148144 93720
96484 139673 145551
177158 115918 98491
180191 98634 116031
93930 145816 142725
85891 124356 179180
104290 180933 110675
113751 170803 104887
107249 153614 124720
113098 160352 111275
160994 75206 152497
96456 183815 116216
68959 155822 171572
76132 143814 183617
123718 117181 128288
78143 135878 197679
109331 127623 161071
162315 152199 84931
182528 106588 108242
74649 149333 164571
148206 77748 162991
167218 165776 82178
74481 155555 163838
153309 76270 157706
84405 128957 188306
154624 141529 94764
96347 180647 124017
174060 163493 80398
166928 161583 82414
188212 103213 106699
111546 170113 111910
157431 159316 88928
77890 144801 165603
66494 154766 185604
108410 146737 132459
67617 158237 178924
142548 87316 138426
80170 127194 204150
178307 122309 96696
175472 68788 169971
192700 100849 112662
94654 127980 166027
85497 138625 150051
84261 133738 183451
85397 142090 171646
168692 118006 109231
172271 112448 112374
133670 90174 152315
149422 82243 142622
162405 113890 120610
182640 97083 115397
65305 158762 184753
125414 151940 107835
196888 98446 109369
184932 112311 99955
196423 97670 111266
122473 100688 137290
101368 118372 186810
78934 166537 155659
171658 69335 168240
159460 152341 89154
72096 148180 180889
170690 151968 82900
158430 150829 90111
80010 141951 175579
104531 180181 111073
76218 163415 160927
162160 139112 94455
101385 119770 185035
155134 75119 158978
155436 153064 90551
111924 145147 128359
95721 132945 156100
79081 131650 195985
148071 80587 166494
150389 81755 141885
100360 163738 124270
189353 112142 99812
156506 140258 99002
168674 70281 170523
106535 121105 178475
107925 178141 113041
128070 110532 127492
104422 119975 179545
157260 77404 151208
79071 133146 200390
82076 129368 192257
107419 176286 113865
160349 138649 99179
146850 145013 103365
100712 136050 144376
158203 141177 96475
160748 138190 104091
185388 110204 103195
156448 92700 134631
103625 135521 147435
151714 79776 155916
70660 158657 168699
80385 130880 192619
105590 153766 130630
136225 120999 118903
118060 123879 138650
153289 143673 97658
109009 161713 122615
105716 162625 117500
78589 133599 204619
150755 140908 105468
172951 147060 87918
169172 69565 169726
147161 144012 108543
107565 175606 113804
113934 161872 110473
95543 187848 118491
156904 92634 133612
113277 134065 148310
155596 141288 93445
151117 79779 151423
151937 142035 98419
100996 135716 145881
167270 151323 83443
185751 110575 101829
95341 133335 155386
160896 139542 93756
82127 123926 196400
80246 133019 195650
75069 145100 194481
102962 161581 123106
82135 127953 189531
175064 107122 114246
65739 157675 181177
173089 155547 81931
148182 85631 141652
168838 70515 168729
166763 136512 101090
167717 159971 81832
109295 175652 108664
95483 141940 149368
101751 185445 110535
115598 158783 114214
111040 170444 113104
100775 153200 133153
103419 154220 124527
111270 152374 126110
186890 100827 114341
172543 114065 108661
118861 146592 116591
118804 113077 133763
158276 139878 96900
123397 163801 102231
175096 161355 80743
108748 174791 113920
98552 189091 114718
67503 159677 179586
175743 69115 168115
122050 151106 110588
170732 69433 168943
67049 153949 189218
84368 126858 192077
165807 158621 83773
111615 166845 111093
70779 155128 169541
69757 149187 187009
123645 152469 106468
169696 165526 80552
120394 154353 112708
91609 131038 164282
82211 127885 194660
116145 156502 114378
173322 69323 170585
65236 159541 189513
67574 154553 188160
175722 158081 80690
113587 149128 115505
