83 8.61929
1.59016e+06 1.50107e+06 1.61861e+06 1.6077e+06
1.59487e+06 1.52913e+06 1.60911e+06 1.59916e+06
1.63714e+06 1.51754e+06 1.57332e+06 1.59266e+06
1.58452e+06 1.60522e+06 1.57536e+06 1.56984e+06
1.63086e+06 1.56668e+06 1.53479e+06 1.59503e+06
1.57201e+06 1.53545e+06 1.57353e+06 1.60667e+06
1.61352e+06 1.51874e+06 1.56584e+06 1.62968e+06
1.61992e+06 1.498e+06 1.61411e+06 1.60814e+06
1.68257e+06 1.58561e+06 1.52328e+06 1.59973e+06
1.5532e+06 1.5543e+06 1.64705e+06 1.57455e+06
1.61596e+06 1.54845e+06 1.56189e+06 1.60003e+06
1.60546e+06 1.56742e+06 1.55118e+06 1.5656e+06
1.6693e+06 1.56256e+06 1.52882e+06 1.58532e+06
1.66864e+06 1.52934e+06 1.59601e+06 1.5746e+06
1.59885e+06 1.52942e+06 1.62956e+06 1.55681e+06
1.60594e+06 1.51831e+06 1.56582e+06 1.63362e+06
1.68734e+06 1.58124e+06 1.59419e+06 1.53385e+06
1.56709e+06 1.60556e+06 1.59717e+06 1.55996e+06
1.55208e+06 1.60697e+06 1.60186e+06 1.57097e+06
1.56089e+06 1.56572e+06 1.57343e+06 1.62296e+06
1.59591e+06 1.61248e+06 1.51706e+06 1.65014e+06
1.66145e+06 1.54613e+06 1.54971e+06 1.60304e+06
1.54791e+06 1.60131e+06 1.56293e+06 1.65682e+06
1.61137e+06 1.53221e+06 1.596e+06 1.57687e+06
1.59105e+06 1.61796e+06 1.57001e+06 1.54052e+06
1.60825e+06 1.56924e+06 1.52705e+06 1.63229e+06
1.60884e+06 1.48927e+06 1.62438e+06 1.61901e+06
1.60893e+06 1.55841e+06 1.55589e+06 1.56332e+06
1.62322e+06 1.52124e+06 1.56598e+06 1.59921e+06
1.64628e+06 1.55899e+06 1.60582e+06 1.54343e+06
1.57008e+06 1.57704e+06 1.56046e+06 1.59357e+06
1.57694e+06 1.53053e+06 1.67087e+06 1.58617e+06
1.60852e+06 1.59495e+06 1.52753e+06 1.61989e+06
1.54775e+06 1.60982e+06 1.55547e+06 1.65531e+06
1.57631e+06 1.53205e+06 1.56868e+06 1.65371e+06
1.5949e+06 1.55024e+06 1.55918e+06 1.60295e+06
1.6348e+06 1.51641e+06 1.56566e+06 1.63116e+06
1.56219e+06 1.59843e+06 1.62949e+06 1.55377e+06
1.58285e+06 1.52369e+06 1.62209e+06 1.6094e+06
1.60573e+06 1.52702e+06 1.5811e+06 1.59249e+06
1.58244e+06 1.60378e+06 1.55843e+06 1.58421e+06
1.57579e+06 1.56037e+06 1.59186e+06 1.58272e+06
1.6015e+06 1.51529e+06 1.56698e+06 1.63464e+06
1.61544e+06 1.50239e+06 1.63007e+06 1.57334e+06
1.62343e+06 1.57555e+06 1.53469e+06 1.61668e+06
1.5863e+06 1.58517e+06 1.57696e+06 1.57378e+06
1.61381e+06 1.5281e+06 1.58202e+06 1.58284e+06
1.59923e+06 1.58581e+06 1.52798e+06 1.62282e+06
1.64222e+06 1.52692e+06 1.62242e+06 1.54598e+06
1.60909e+06 1.58668e+06 1.52346e+06 1.62024e+06
1.63927e+06 1.53535e+06 1.55283e+06 1.67408e+06
1.57576e+06 1.58721e+06 1.57807e+06 1.56213e+06
1.59409e+06 1.52042e+06 1.61124e+06 1.59669e+06
1.55176e+06 1.65591e+06 1.61402e+06 1.56309e+06
1.54549e+06 1.59441e+06 1.56426e+06 1.65055e+06
1.59603e+06 1.49324e+06 1.59293e+06 1.61117e+06
1.55032e+06 1.61158e+06 1.55479e+06 1.66012e+06
1.55501e+06 1.59428e+06 1.56046e+06 1.59334e+06
1.61912e+06 1.60263e+06 1.55639e+06 1.49743e+06
1.64257e+06 1.59693e+06 1.52914e+06 1.58066e+06
1.65084e+06 1.54785e+06 1.54158e+06 1.6266e+06
1.5644e+06 1.58391e+06 1.63509e+06 1.55333e+06
1.56663e+06 1.56296e+06 1.56695e+06 1.57667e+06
1.58761e+06 1.52887e+06 1.62491e+06 1.56387e+06
1.61417e+06 1.50016e+06 1.62415e+06 1.60194e+06
1.64198e+06 1.55538e+06 1.5347e+06 1.59606e+06
1.53704e+06 1.57292e+06 1.61549e+06 1.58792e+06
1.68233e+06 1.5882e+06 1.52076e+06 1.59503e+06
1.57571e+06 1.5579e+06 1.59628e+06 1.59492e+06
1.55245e+06 1.53069e+06 1.64205e+06 1.60425e+06
1.57252e+06 1.5428e+06 1.64135e+06 1.59448e+06
1.58345e+06 1.52821e+06 1.62535e+06 1.56534e+06
1.60525e+06 1.60452e+06 1.52884e+06 1.59622e+06
1.60716e+06 1.49229e+06 1.61957e+06 1.60781e+06
1.61701e+06 1.59977e+06 1.53214e+06 1.61483e+06
1.57228e+06 1.52246e+06 1.5901e+06 1.64677e+06
1.58387e+06 1.5612e+06 1.57724e+06 1.56453e+06
1.59579e+06 1.49557e+06 1.59918e+06 1.61977e+06
1.60167e+06 1.53928e+06 1.57081e+06 1.58459e+06
1.60981e+06 1.52025e+06 1.58487e+06 1.6016e+06
1.6152e+06 1.53581e+06 1.56785e+06 1.57794e+06
1.62338e+06 1.59316e+06 1.53648e+06 1.60102e+06
1.62803e+06 1.57874e+06 1.53628e+06 1.583e+06
1.54656e+06 1.54862e+06 1.6076e+06 1.63526e+06
1.57382e+06 1.5217e+06 1.6327e+06 1.62604e+06
1.55338e+06 1.5777e+06 1.54331e+06 1.5947e+06
1.55938e+06 1.54452e+06 1.60132e+06 1.6347e+06
1.56281e+06 1.54122e+06 1.60589e+06 1.59608e+06
1.58527e+06 1.61856e+06 1.57261e+06 1.55045e+06
1.59122e+06 1.58701e+06 1.58988e+06 1.54467e+06
1.62428e+06 1.54108e+06 1.56969e+06 1.57573e+06
1.5402e+06 1.57273e+06 1.56932e+06 1.5887e+06
1.56432e+06 1.58829e+06 1.56649e+06 1.59074e+06
1.57916e+06 1.55789e+06 1.59314e+06 1.57797e+06
1.55495e+06 1.5912e+06 1.55899e+06 1.59362e+06
1.60763e+06 1.53694e+06 1.58074e+06 1.59514e+06
1.64433e+06 1.51204e+06 1.57629e+06 1.5922e+06
1.67339e+06 1.59587e+06 1.52838e+06 1.61189e+06
1.57282e+06 1.55466e+06 1.56797e+06 1.60156e+06
1.59468e+06 1.51866e+06 1.60888e+06 1.59961e+06
1.53362e+06 1.60223e+06 1.56499e+06 1.63952e+06
1.54428e+06 1.57469e+06 1.60763e+06 1.58764e+06
1.56508e+06 1.5629e+06 1.57334e+06 1.59124e+06
1.57507e+06 1.56158e+06 1.61038e+06 1.56072e+06
1.5837e+06 1.54877e+06 1.56384e+06 1.58653e+06
1.59978e+06 1.54713e+06 1.56248e+06 1.58175e+06
1.61704e+06 1.58791e+06 1.52649e+06 1.61676e+06
1.6775e+06 1.55431e+06 1.53172e+06 1.58208e+06
1.53607e+06 1.5628e+06 1.58999e+06 1.5916e+06
1.54363e+06 1.54318e+06 1.60796e+06 1.62456e+06
1.55577e+06 1.53392e+06 1.60611e+06 1.62028e+06
1.56881e+06 1.65828e+06 1.61088e+06 1.55245e+06
1.57073e+06 1.54764e+06 1.5494e+06 1.60391e+06
1.59099e+06 1.51834e+06 1.62281e+06 1.59117e+06
1.59964e+06 1.60242e+06 1.52824e+06 1.60408e+06
1.61347e+06 1.59857e+06 1.53689e+06 1.61713e+06
1.58379e+06 1.59874e+06 1.57641e+06 1.57486e+06
1.58869e+06 1.53585e+06 1.54327e+06 1.63275e+06
1.59991e+06 1.55593e+06 1.59011e+06 1.56071e+06
1.63775e+06 1.50233e+06 1.59366e+06 1.59908e+06
1.64136e+06 1.57633e+06 1.53188e+06 1.60856e+06
1.53671e+06 1.63177e+06 1.63396e+06 1.58813e+06
1.56236e+06 1.56241e+06 1.60282e+06 1.56926e+06
1.57867e+06 1.56162e+06 1.54817e+06 1.59807e+06
1.5872e+06 1.63122e+06 1.57e+06 1.55843e+06
1.55467e+06 1.55872e+06 1.58986e+06 1.5879e+06
1.55828e+06 1.5455e+06 1.64513e+06 1.59467e+06
1.6326e+06 1.51465e+06 1.57984e+06 1.59263e+06
1.64357e+06 1.56052e+06 1.53254e+06 1.62791e+06
1.54852e+06 1.57651e+06 1.62543e+06 1.58324e+06
1.56222e+06 1.57026e+06 1.58848e+06 1.58476e+06
1.62844e+06 1.59668e+06 1.53547e+06 1.59791e+06
1.64306e+06 1.62854e+06 1.5495e+06 1.55497e+06
1.6616e+06 1.53882e+06 1.55118e+06 1.60547e+06
1.55578e+06 1.60068e+06 1.59562e+06 1.56396e+06
1.62568e+06 1.51785e+06 1.58026e+06 1.59377e+06
1.5557e+06 1.53548e+06 1.60997e+06 1.61741e+06
1.55618e+06 1.55143e+06 1.58087e+06 1.63615e+06
1.57346e+06 1.55568e+06 1.59842e+06 1.58735e+06
1.62328e+06 1.52703e+06 1.55726e+06 1.63546e+06
1.66231e+06 1.54508e+06 1.55158e+06 1.60212e+06
1.57153e+06 1.5502e+06 1.61906e+06 1.5871e+06
1.60256e+06 1.52286e+06 1.62339e+06 1.58299e+06
1.53028e+06 1.63279e+06 1.60213e+06 1.61976e+06
1.56216e+06 1.6035e+06 1.57604e+06 1.56308e+06
1.57056e+06 1.56179e+06 1.59744e+06 1.52433e+06
1.57351e+06 1.5848e+06 1.57758e+06 1.56321e+06
1.57367e+06 1.57048e+06 1.56044e+06 1.58971e+06
1.63202e+06 1.61692e+06 1.51082e+06 1.63433e+06
1.64451e+06 1.53313e+06 1.56034e+06 1.58339e+06
1.64487e+06 1.54359e+06 1.55518e+06 1.61748e+06
1.67165e+06 1.5281e+06 1.55954e+06 1.60032e+06
1.68468e+06 1.58043e+06 1.58634e+06 1.53687e+06
1.51228e+06 1.58438e+06 1.59626e+06 1.64863e+06
1.54179e+06 1.6277e+06 1.62305e+06 1.58585e+06
1.55666e+06 1.56215e+06 1.58089e+06 1.60133e+06
1.56225e+06 1.55576e+06 1.59788e+06 1.60662e+06
1.59264e+06 1.51536e+06 1.62654e+06 1.60235e+06
1.63457e+06 1.5759e+06 1.52629e+06 1.61475e+06
1.55229e+06 1.55687e+06 1.60925e+06 1.57791e+06
1.574e+06 1.49709e+06 1.59859e+06 1.63446e+06
1.60391e+06 1.52092e+06 1.5824e+06 1.58201e+06
1.66499e+06 1.57232e+06 1.53476e+06 1.59542e+06
1.67922e+06 1.55371e+06 1.54201e+06 1.58542e+06
1.55471e+06 1.55749e+06 1.57736e+06 1.6368e+06
1.56549e+06 1.56148e+06 1.57143e+06 1.60982e+06
1.60271e+06 1.52758e+06 1.62658e+06 1.56439e+06
1.6187e+06 1.50488e+06 1.61876e+06 1.59824e+06
1.65945e+06 1.52596e+06 1.61376e+06 1.55005e+06
1.51711e+06 1.58312e+06 1.59874e+06 1.64927e+06
1.54716e+06 1.55924e+06 1.6348e+06 1.57065e+06
1.56536e+06 1.54843e+06 1.60728e+06 1.59244e+06
1.57446e+06 1.52342e+06 1.62411e+06 1.62195e+06
1.5798e+06 1.5311e+06 1.57042e+06 1.63692e+06
1.5848e+06 1.57288e+06 1.57718e+06 1.57053e+06
1.58625e+06 1.57214e+06 1.52122e+06 1.67941e+06
1.58707e+06 1.60145e+06 1.57455e+06 1.57311e+06
1.60836e+06 1.5626e+06 1.55548e+06 1.56612e+06
1.63616e+06 1.5404e+06 1.56373e+06 1.60222e+06
1.67312e+06 1.52795e+06 1.59485e+06 1.57976e+06
1.53772e+06 1.54852e+06 1.6082e+06 1.5936e+06
1.59958e+06 1.54793e+06 1.58618e+06 1.57917e+06
1.61104e+06 1.57158e+06 1.55561e+06 1.56402e+06
1.63042e+06 1.57945e+06 1.52475e+06 1.62576e+06
1.63857e+06 1.50624e+06 1.5901e+06 1.59116e+06
1.56918e+06 1.5745e+06 1.56044e+06 1.59358e+06
1.5869e+06 1.59236e+06 1.5358e+06 1.6245e+06
1.61699e+06 1.62822e+06 1.5484e+06 1.5605e+06
1.62084e+06 1.58456e+06 1.53489e+06 1.60792e+06
1.62388e+06 1.51421e+06 1.58821e+06 1.59094e+06
1.62549e+06 1.52333e+06 1.564e+06 1.63401e+06
1.63493e+06 1.50638e+06 1.59855e+06 1.59115e+06
1.64274e+06 1.52711e+06 1.56705e+06 1.58737e+06
1.65576e+06 1.61392e+06 1.51322e+06 1.61412e+06
1.55112e+06 1.61006e+06 1.63688e+06 1.55921e+06
1.59381e+06 1.50678e+06 1.58418e+06 1.64349e+06
1.6187e+06 1.54174e+06 1.55846e+06 1.598e+06
1.64135e+06 1.61906e+06 1.51788e+06 1.61455e+06
1.57578e+06 1.61089e+06 1.55807e+06 1.59435e+06
1.58685e+06 1.53006e+06 1.56695e+06 1.60195e+06
1.59039e+06 1.55885e+06 1.56226e+06 1.54621e+06
1.60776e+06 1.54277e+06 1.61947e+06 1.5522e+06
1.62761e+06 1.53901e+06 1.5696e+06 1.56183e+06
1.67227e+06 1.55044e+06 1.60128e+06 1.5513e+06
1.56628e+06 1.52331e+06 1.5796e+06 1.64352e+06
1.57824e+06 1.52188e+06 1.58771e+06 1.64582e+06
1.58235e+06 1.60477e+06 1.55537e+06 1.57184e+06
1.60475e+06 1.58974e+06 1.52737e+06 1.62222e+06
1.61871e+06 1.52719e+06 1.56084e+06 1.61997e+06
1.56163e+06 1.60302e+06 1.52513e+06 1.62264e+06
1.57429e+06 1.57054e+06 1.58323e+06 1.56967e+06
1.57702e+06 1.53391e+06 1.57464e+06 1.60731e+06
1.61929e+06 1.53344e+06 1.57284e+06 1.59525e+06
1.63502e+06 1.49566e+06 1.57149e+06 1.61447e+06
1.57522e+06 1.61771e+06 1.56027e+06 1.59315e+06
1.57737e+06 1.57465e+06 1.54549e+06 1.59593e+06
1.58312e+06 1.49649e+06 1.59977e+06 1.62346e+06
1.58599e+06 1.53378e+06 1.56018e+06 1.62289e+06
1.59325e+06 1.5613e+06 1.57237e+06 1.54198e+06
1.59451e+06 1.59228e+06 1.54324e+06 1.62928e+06
1.61141e+06 1.53572e+06 1.54851e+06 1.65723e+06
1.61598e+06 1.51383e+06 1.62584e+06 1.57538e+06
1.66843e+06 1.53882e+06 1.55462e+06 1.61319e+06
1.56403e+06 1.55205e+06 1.59995e+06 1.57864e+06
1.56733e+06 1.52555e+06 1.60448e+06 1.61781e+06
1.61899e+06 1.5364e+06 1.58842e+06 1.57674e+06
1.55997e+06 1.59396e+06 1.65179e+06 1.52055e+06
1.56168e+06 1.5569e+06 1.59407e+06 1.59617e+06
1.57264e+06 1.51555e+06 1.5839e+06 1.65114e+06
1.6588e+06 1.54334e+06 1.53819e+06 1.60622e+06
1.66004e+06 1.53534e+06 1.55759e+06 1.60968e+06
1.56056e+06 1.54418e+06 1.59447e+06 1.61803e+06
1.57796e+06 1.57402e+06 1.57814e+06 1.57482e+06
1.60284e+06 1.50056e+06 1.62134e+06 1.60931e+06
1.6102e+06 1.57914e+06 1.53124e+06 1.62036e+06
1.61589e+06 1.50195e+06 1.62218e+06 1.60215e+06
1.61916e+06 1.56335e+06 1.61307e+06 1.52037e+06
1.5577e+06 1.59761e+06 1.59047e+06 1.57083e+06
1.56655e+06 1.54427e+06 1.63666e+06 1.55203e+06
1.56877e+06 1.61076e+06 1.61574e+06 1.55909e+06
1.57112e+06 1.53807e+06 1.59589e+06 1.60436e+06
1.57812e+06 1.55023e+06 1.59393e+06 1.59624e+06
1.5783e+06 1.54731e+06 1.57233e+06 1.57977e+06
1.58168e+06 1.50135e+06 1.59897e+06 1.62286e+06
1.58838e+06 1.54773e+06 1.56698e+06 1.60159e+06
1.58995e+06 1.52891e+06 1.63629e+06 1.55526e+06
1.59434e+06 1.5141e+06 1.5858e+06 1.64248e+06
1.60126e+06 1.59446e+06 1.53854e+06 1.56194e+06
1.61052e+06 1.5182e+06 1.5889e+06 1.6008e+06
1.61329e+06 1.58208e+06 1.5393e+06 1.61406e+06
1.61931e+06 1.59246e+06 1.54123e+06 1.60013e+06
1.53192e+06 1.60285e+06 1.60989e+06 1.63037e+06
1.55189e+06 1.56409e+06 1.61602e+06 1.57035e+06
1.55288e+06 1.60431e+06 1.56193e+06 1.65797e+06
1.55993e+06 1.59664e+06 1.64857e+06 1.52214e+06
1.56714e+06 1.59851e+06 1.58233e+06 1.56519e+06
1.5691e+06 1.54039e+06 1.57597e+06 1.60842e+06
1.59522e+06 1.55293e+06 1.54218e+06 1.5702e+06
1.59566e+06 1.52672e+06 1.58148e+06 1.58819e+06
1.602e+06 1.52133e+06 1.56392e+06 1.64119e+06
1.61103e+06 1.54655e+06 1.57697e+06 1.57026e+06
1.62148e+06 1.51257e+06 1.60183e+06 1.55625e+06
1.57452e+06 1.54591e+06 1.55904e+06 1.62815e+06
1.57923e+06 1.56046e+06 1.58832e+06 1.57374e+06
1.58866e+06 1.55085e+06 1.54434e+06 1.56793e+06
1.59488e+06 1.5171e+06 1.63229e+06 1.58776e+06
1.59615e+06 1.58987e+06 1.53754e+06 1.62326e+06
1.60309e+06 1.52441e+06 1.59474e+06 1.59516e+06
1.63735e+06 1.50308e+06 1.59788e+06 1.59532e+06
1.63792e+06 1.50408e+06 1.60056e+06 1.58791e+06
1.65385e+06 1.5367e+06 1.54865e+06 1.62048e+06
1.55388e+06 1.5537e+06 1.6023e+06 1.57316e+06
1.55682e+06 1.55532e+06 1.57465e+06 1.63289e+06
1.55999e+06 1.52394e+06 1.57925e+06 1.62375e+06
1.56259e+06 1.54977e+06 1.57592e+06 1.62386e+06
1.57306e+06 1.56165e+06 1.59231e+06 1.57617e+06
1.58052e+06 1.53391e+06 1.59435e+06 1.55793e+06
1.58189e+06 1.61927e+06 1.5769e+06 1.55113e+06
1.5826e+06 1.51499e+06 1.63627e+06 1.56738e+06
1.58368e+06 1.52495e+06 1.61045e+06 1.57097e+06
1.58992e+06 1.5499e+06 1.5678e+06 1.57426e+06
1.59003e+06 1.49913e+06 1.62015e+06 1.61728e+06
1.6245e+06 1.59071e+06 1.54185e+06 1.59809e+06
1.62712e+06 1.61282e+06 1.51189e+06 1.62836e+06
1.62741e+06 1.53174e+06 1.57587e+06 1.56053e+06
1.63432e+06 1.50444e+06 1.60106e+06 1.58752e+06
1.63492e+06 1.52567e+06 1.62865e+06 1.55238e+06
1.64431e+06 1.49672e+06 1.59824e+06 1.5785e+06
1.69228e+06 1.58703e+06 1.52095e+06 1.59972e+06
1.54115e+06 1.58872e+06 1.56752e+06 1.64894e+06
1.54916e+06 1.62593e+06 1.61148e+06 1.56523e+06
1.57302e+06 1.53638e+06 1.59997e+06 1.58603e+06
1.58089e+06 1.56989e+06 1.58524e+06 1.57254e+06
1.58763e+06 1.61803e+06 1.56661e+06 1.53421e+06
1.59347e+06 1.53129e+06 1.56464e+06 1.60505e+06
1.60403e+06 1.52693e+06 1.63521e+06 1.56396e+06
1.61296e+06 1.54622e+06 1.58955e+06 1.5627e+06
1.61555e+06 1.52935e+06 1.63146e+06 1.54448e+06
1.57548e+06 1.53341e+06 1.67298e+06 1.59012e+06
1.57794e+06 1.53065e+06 1.62532e+06 1.53046e+06
1.58992e+06 1.53311e+06 1.5583e+06 1.61491e+06
1.59252e+06 1.53013e+06 1.57935e+06 1.59874e+06
1.6252e+06 1.49021e+06 1.58078e+06 1.61081e+06
1.64312e+06 1.52552e+06 1.57388e+06 1.59083e+06
1.64552e+06 1.52503e+06 1.56346e+06 1.58876e+06
1.55043e+06 1.55154e+06 1.63269e+06 1.57628e+06
1.55657e+06 1.56211e+06 1.61005e+06 1.56379e+06
1.57256e+06 1.54493e+06 1.58529e+06 1.60542e+06
1.57296e+06 1.51305e+06 1.58484e+06 1.65339e+06
1.58874e+06 1.56778e+06 1.55645e+06 1.54862e+06
1.602e+06 1.54715e+06 1.57279e+06 1.55962e+06
1.60679e+06 1.56752e+06 1.52018e+06 1.63682e+06
1.6112e+06 1.50844e+06 1.62215e+06 1.60169e+06
1.6122e+06 1.53442e+06 1.57434e+06 1.57989e+06
1.63046e+06 1.55828e+06 1.542e+06 1.62509e+06
1.64107e+06 1.51293e+06 1.56903e+06 1.59389e+06
1.64412e+06 1.5191e+06 1.57365e+06 1.59089e+06
1.54954e+06 1.56705e+06 1.58e+06 1.63293e+06
1.56037e+06 1.55434e+06 1.59975e+06 1.57045e+06
1.5649e+06 1.52851e+06 1.58028e+06 1.60601e+06
1.56733e+06 1.55801e+06 1.58911e+06 1.59321e+06
1.59087e+06 1.51793e+06 1.63907e+06 1.54341e+06
1.60999e+06 1.5751e+06 1.53959e+06 1.62498e+06
1.61153e+06 1.50793e+06 1.63244e+06 1.57087e+06
1.61353e+06 1.5046e+06 1.62396e+06 1.60074e+06
1.61951e+06 1.53057e+06 1.59945e+06 1.56744e+06
1.63756e+06 1.57729e+06 1.59465e+06 1.5409e+06
1.64081e+06 1.5413e+06 1.61883e+06 1.53307e+06
1.64286e+06 1.52682e+06 1.56272e+06 1.5834e+06
1.53637e+06 1.55538e+06 1.58153e+06 1.60728e+06
1.55019e+06 1.58793e+06 1.59934e+06 1.58751e+06
1.56271e+06 1.59198e+06 1.65684e+06 1.51704e+06
1.58106e+06 1.52032e+06 1.58059e+06 1.67219e+06
1.58265e+06 1.54792e+06 1.60173e+06 1.55611e+06
1.58325e+06 1.55288e+06 1.54638e+06 1.57859e+06
1.58413e+06 1.53682e+06 1.59276e+06 1.60439e+06
1.58516e+06 1.55162e+06 1.54211e+06 1.64637e+06
1.62199e+06 1.51015e+06 1.57834e+06 1.61064e+06
1.6275e+06 1.50995e+06 1.58042e+06 1.58892e+06
