6552 54.3555
115324 122977 159132 93930
121714 151492 114156 99606
135588 95735 112141 128317
93687 115132 132758 119182
141878 119616 92244 113108
148945 112618 140836 81602
154381 89078 141239 98026
168779 99600 105955 103672
109665 147045 117224 101370
105331 116700 157527 99499
145178 100079 102262 126810
136886 94125 115184 125550
150932 101322 154545 84663
114374 144187 121658 94807
166284 129054 105743 98847
152335 109989 134650 83278
148880 93621 106488 124175
163615 96921 114178 100470
114868 146102 117133 100038
149321 103890 137085 81791
143796 111301 94163 118169
145907 99974 99827 122354
112778 142351 114812 101980
110103 142961 128055 97806
144629 116187 93533 123323
156855 119631 93501 111858
152414 89505 134145 88045
119007 141201 122616 95904
105766 140764 119411 100366
118259 138416 109817 112943
161474 103026 98073 120880
107478 103596 158406 102044
112641 100184 130259 123564
106982 137181 146377 95099
166763 99159 116672 98792
138494 110172 98332 121725
96735 112502 152869 104935
94560 113967 139592 118965
112857 137574 115733 106167
152963 110224 94940 109592
93698 117127 144421 117867
122881 146499 107809 106626
167670 101049 112120 97688
158178 95152 125901 90430
122793 103119 128224 122094
133043 112262 102159 121436
108837 135398 121311 101191
159461 91620 131292 101778
96201 119248 154215 111565
103600 116775 121502 117890
101209 132021 120565 120621
118787 119541 145941 85950
100369 119648 149176 106088
127902 94509 152100 106962
112058 98985 133298 118685
163489 108024 100227 108607
114702 109776 150387 98610
110585 134482 112249 110549
144499 107602 100807 106747
149696 107470 95869 120225
105923 138840 130554 102559
94855 114992 137980 115661
151280 118477 122341 86932
150081 90308 134762 109018
150836 103666 131529 83872
147911 111723 93989 114027
123727 118217 148246 89336
120702 136502 116968 101294
135435 109441 101916 114860
129393 91539 151388 105454
122554 123714 129808 96869
162187 105781 104941 102857
104685 125518 151244 99221
112976 139950 110347 103234
160552 96403 136330 84852
156798 103224 133984 84015
167448 98195 112798 99984
135759 99910 133650 97329
98407 129349 137553 107391
96650 112985 131388 119909
108476 121692 140050 100647
102736 118499 129973 107722
163034 110328 100170 105288
154307 101591 144796 84537
122281 108387 113631 109381
159099 98724 104037 107366
131815 117671 134289 88921
136142 117815 121947 90193
111841 133777 113075 106382
95459 115397 135735 113043
131100 118768 142479 88481
113559 130708 143170 92682
156685 103773 122732 88679
155634 97874 103330 116306
156026 92702 131055 92858
125746 102161 138676 106296
148227 101931 128313 85735
155310 95541 140293 87705
144678 93552 132525 108011
144233 102553 126107 85444
127411 101966 103186 110450
142664 93189 133409 110526
117794 130240 118594 109042
150354 119432 119800 89275
151946 91011 133972 111155
162676 102122 108458 103429
110470 122122 149578 97231
106680 123586 120166 119468
145394 90556 118151 113347
103107 139440 136938 103199
122041 130374 120982 102393
126865 108593 111657 109451
95282 121301 137489 113885
99565 109389 130621 114470
152606 92099 109767 110056
117118 99365 142132 113581
107056 126438 122960 116350
118036 140279 114975 101050
159193 132991 103424 100178
145886 96361 140555 87335
119464 127344 112613 108159
109136 107003 124179 117602
137482 105053 146157 91686
149879 117189 117870 89977
106501 129161 127658 101612
119350 131257 118873 104039
139543 96228 108738 111285
116461 131717 119045 108419
110326 123409 143389 98298
100561 125396 150282 104320
113778 121465 148832 96164
98554 111020 138496 115097
112170 124661 145249 96717
116821 100676 154023 96401
161001 97515 117034 98440
109693 102315 153557 101726
102237 122250 123736 115398
153504 110981 121061 90337
125183 95825 147705 107135
124618 128688 139028 93716
143091 115582 95727 114668
108244 105055 127078 113262
146813 116357 126047 86766
95787 113461 140984 112120
103225 101555 146977 102764
126060 104168 114408 110894
106943 132865 123676 107646
100945 101412 129388 115254
123016 125251 126037 101830
110571 110958 150734 102367
130972 107058 141371 91135
146227 120833 96507 112493
121358 139211 113349 102650
137047 119121 135489 88200
112024 137341 111275 112715
146002 107841 95463 114303
110041 135879 134518 97875
112459 117264 120331 118894
126602 106649 115482 103943
115282 128801 124356 102949
130068 107199 145723 97007
112505 135595 126288 97090
115721 131028 121430 109754
145546 110122 133155 85275
150119 102808 147411 85067
96479 119029 123843 118843
127611 119926 128417 97515
109275 122155 115634 121184
124321 108142 103972 116033
126842 105611 106778 116558
121409 128231 120723 106528
127814 120431 132390 92394
109127 114914 117654 119311
156228 122781 105488 99237
115760 128420 119641 107123
132827 113879 134227 91453
108722 140471 114742 103858
136818 103561 129507 99434
144502 116986 121692 89638
134378 115686 101579 112091
154981 100906 102748 111430
98806 124014 133330 104406
162060 93740 114092 100963
136387 117599 125469 91501
143945 103606 99011 116124
109036 117526 138299 101498
123986 132635 125686 94948
131610 129572 117538 99766
157207 100358 117446 95701
149033 93727 116204 117486
149256 101641 99699 114707
142155 108180 102294 109485
129766 108077 113448 104171
135183 96566 104187 113528
138540 110948 101117 116683
106475 121225 151668 94421
107614 124476 126967 105667
138867 118106 96672 119614
100040 114236 135639 108661
130428 104461 140381 96029
146334 107520 109703 100239
144158 113270 110749 94620
153147 105979 103621 109291
141808 100414 148439 89163
113325 126925 118420 116533
154102 98312 143578 86074
154847 97720 129295 85213
147577 118650 114929 94103
140304 98521 144014 95917
114099 104663 144155 105974
143645 94516 104330 120424
138699 100865 107473 104441
140735 98071 134043 104262
121028 100525 136834 109876
143883 120603 132773 86193
147579 109057 99299 106590
133730 107208 134734 95540
160383 124851 106456 97901
157827 107418 106978 102779
143499 115557 97260 111541
145106 94040 147775 92841
151752 92487 138747 100164
135008 104317 128839 97796
121524 126688 112538 116380
136913 115706 98778 113700
141097 94176 109080 106633
118362 121078 140098 96243
105112 121035 122110 117303
110813 112913 149666 97756
114392 127633 127353 100404
111456 99487 144472 108923
144914 115185 110009 95887
120038 111850 140594 99532
128136 105320 119844 102449
145712 96612 127870 98096
110215 118401 153016 96756
120565 125101 132919 95381
130644 106381 107255 109839
97985 115520 127273 116370
117532 124906 144978 92066
102402 110242 129605 110911
129551 105943 146727 90115
152326 106385 116482 95434
111627 136243 125619 100926
102014 126058 125826 103683
123388 122499 116181 101807
148861 112363 114626 93271
99972 109157 147218 108760
115010 124419 150029 93506
101480 106129 147210 110326
154719 95920 124646 94321
127926 112155 110202 105758
114993 128002 124971 99954
116657 131598 139068 95659
152165 94681 139315 91288
146077 101456 129748 91014
136462 106037 124392 88259
102170 106866 148646 110249
99461 106278 137187 117085
116287 112187 147877 96639
159880 98828 116803 101653
138973 100655 105670 110132
121203 108282 143772 99094
111030 113452 135229 98184
138895 112062 144758 86523
104826 110882 138845 104749
162816 98415 109170 101924
134864 95854 113848 116972
104342 116221 123548 121038
119405 127203 125243 103350
149172 109002 96498 110643
152531 100763 136470 86274
142795 110506 104297 108527
138203 118380 96179 113025
143744 111646 97567 112809
147264 110432 107873 96909
106218 133584 137842 100501
140914 114613 116785 93004
134656 91211 139763 102333
118004 131373 114311 110131
115341 97272 130236 116875
150080 115782 96288 106963
119899 118846 142775 91882
138528 109807 97098 117146
148723 98909 106106 109600
144838 93768 140528 93189
114519 108690 146754 104618
104012 109201 127941 115890
136228 111939 101700 113837
132650 94537 134978 103018
100749 108897 141091 106188
97660 117408 132472 110016
117831 103521 141866 103794
151373 96473 137793 94532
124866 106970 116181 109140
141451 92827 115063 123334
137316 119796 115709 102512
109415 116555 145318 100797
106050 126615 145546 95809
97461 111384 136639 116430
120923 127864 140174 94201
154368 116750 117994 89854
103885 110380 145124 105129
138786 104109 99449 110386
142975 99683 130839 96484
141521 98652 122516 102227
119782 109782 131794 104948
108862 132136 116130 105832
131230 112768 124907 92745
151547 103259 116966 99258
140560 115039 109915 104362
145312 97407 136017 87822
147998 106884 98537 112750
111299 134180 120113 101401
137709 98412 102945 121045
132193 109322 128485 91808
111876 132290 145896 93268
145977 110784 122820 89454
151866 123181 111072 92284
144366 94958 144459 90461
108604 122400 147516 97047
113526 126826 115222 113189
133335 120181 115993 96312
133932 104681 127894 98974
158055 94374 105416 116315
114371 129668 134891 98652
116526 104939 139254 104128
133575 104561 115951 99556
125500 127461 141301 93620
140151 101107 104719 109768
128998 108795 109375 105233
161289 97596 114004 102459
104719 113445 137347 106900
107301 125824 137101 100469
129131 101027 115485 112161
156364 100474 103777 108773
97069 115935 131546 116533
101775 119626 132044 107331
149585 92384 142900 102064
140070 104742 105891 104499
109684 134857 118137 102294
147008 105236 110434 100777
115343 122892 143044 92330
97327 124169 125676 116604
151086 92188 141169 96571
117369 117909 132680 99892
115011 129710 137900 97573
160806 107437 113958 93108
142028 103976 101357 110843
154479 108303 108951 99944
147434 101789 113740 102615
131328 105236 128601 100577
157416 101807 123312 91740
146543 113157 119959 93668
151447 91348 145503 97180
142024 114326 131481 87556
125418 109799 119085 103330
148541 98868 106199 109293
149673 105181 124484 88384
132477 103462 136980 97235
116076 126032 120805 105930
156582 96950 120613 99194
97187 108592 143723 111466
115923 127502 114463 110761
104305 107479 130341 112524
107750 114780 129083 103760
134093 96112 114983 106690
153730 120208 104444 101273
155400 107707 96891 113440
160248 113209 111441 92963
153933 103876 112872 95807
111153 114447 128879 107813
141328 99575 108081 105410
154203 98875 138088 85683
111587 130589 131133 100346
141824 95320 106283 111075
116044 134060 123746 96189
130163 98235 106505 114155
133216 96265 122209 113602
132714 101493 151757 97610
113180 133279 116165 103805
123879 98726 118218 120814
151177 111053 111905 91263
148923 94568 141604 87933
99211 107553 138114 115036
152085 102438 123252 94730
106417 105551 135969 107841
111686 99955 153286 103432
123481 102394 114477 114889
117270 111153 153399 94314
153580 96033 132001 97497
128560 112932 134802 97049
149427 101129 103896 108110
141658 97944 123256 103151
116337 119705 147114 90841
108805 115673 126763 112996
143960 97422 130416 86712
149373 92968 113305 104451
107542 136024 130463 97811
104005 132488 136543 102278
146232 97127 130933 95296
105215 129939 124738 105062
116722 133756 115568 107852
152852 112917 119899 90615
115536 119299 142587 97625
97577 111602 133970 119690
119052 118831 148355 95918
109368 102834 144878 104825
143336 116655 110936 94990
103074 107389 140437 112779
98157 113460 145456 109990
116919 128557 123375 100831
141769 103347 102033 117344
126437 113653 139167 93900
115602 125031 126548 105114
133359 114132 118099 95048
139711 113660 123405 92083
101975 107925 136135 112897
112765 125663 140873 93809
142325 107825 111268 100870
146961 106846 110961 100697
138034 113298 103070 111717
101677 134168 129100 104536
144129 106522 105274 105120
134483 102661 111953 103593
159937 100951 101691 109523
111245 133386 128015 99646
150809 98738 120755 100629
102007 109077 139913 105601
139922 108088 96927 114003
145972 99140 128175 92536
131448 103351 105004 109456
132032 118889 103746 110345
131701 108763 123120 98117
104737 106458 135304 110995
107958 117928 145907 103262
147959 111429 118858 94298
120462 102678 137829 111762
139447 102750 129247 95751
128384 100693 132207 107059
111157 118048 121411 118986
137595 107668 107198 107698
146567 110694 96907 112847
142431 105858 122913 96039
138026 99090 108278 111324
107467 123210 120992 111664
120878 92843 149899 110500
155067 95797 142542 87471
160239 99430 112831 103511
139256 113605 114536 102154
98889 109240 148940 109134
109068 121037 124459 112312
113039 131837 128500 92252
152156 107492 97787 110461
110422 134786 113918 112745
139783 107988 106519 105201
129564 112849 124793 99715
130864 113209 101433 115708
124091 97554 108236 113214
128932 110506 135464 100779
137821 127030 110384 102095
143235 99697 117348 99920
155180 94883 131209 103348
105011 110318 132866 105389
106350 103896 144638 111413
119605 106591 139695 103824
139267 103426 133520 84722
100878 120296 132210 111801
121321 125740 127769 101448
155480 107950 109325 100070
149501 99663 125310 98345
99031 114175 133864 114454
157663 92912 116135 103920
116172 128736 140428 90699
114049 107878 133166 109056
138529 112185 131615 86419
118288 129953 137817 95220
97315 116055 131102 114434
106746 103619 134479 114235
98371 111423 132205 115754
109753 113564 134241 104794
141905 94709 104532 118956
120753 117211 139777 97371
153134 105894 123961 92146
99183 131991 121728 111081
139294 115138 123323 93488
107818 127765 123685 103583
141920 95230 107985 113160
115569 99300 143484 114332
118960 121412 144099 92686
138266 111090 117472 99130
152908 111905 118298 90816
106837 118991 137131 104654
150249 96023 139183 96124
105226 117019 126454 106698
111602 114179 123972 116746
116372 97166 141617 115743
151027 104540 121840 93874
99369 111835 143531 113679
131835 102105 128505 107759
