554 82.0969
68412 94011
68836 69236
69626 67451
68554 69892
69802 66598
69245 67468
69064 69095
71503 61934
71298 62207
71495 62144
70489 63820
69834 65362
72007 61902
72010 61683
70714 62506
72529 60270
74025 59236
72081 61037
74421 59231
72306 60997
73432 60014
73036 60019
75951 56916
75981 56134
75960 56570
74467 57232
75963 56198
76043 55879
76963 54646
76370 55649
76760 55350
77465 53328
79576 52506
83156 50706
79390 52693
84468 50373
80981 51367
83961 50520
89677 49252
78960 52795
80107 51717
81850 51239
78061 52797
83149 50778
83155 50726
91085 49050
86642 49732
91091 48998
82282 51056
88557 49383
83662 50579
89683 49200
85330 50065
85324 50117
90177 49055
82293 51034
95155 48655
89441 49270
88014 49404
86964 49696
82649 50853
83618 50611
95733 48652
79354 52699
94278 48684
83710 50524
88763 49309
89180 49303
93492 48834
84584 50174
85704 49772
95899 48622
77806 53272
84141 50379
98426 48248
98617 48229
96089 48562
96614 48441
98394 48417
79994 52408
92897 48857
85588 49971
92025 48905
95755 48637
97999 48428
87080 49497
94272 48736
99303 47994
85453 50046
93655 48831
