5390 9.98678
100696 104543
101109 104139
99207 106437
101526 103648
97667 109614
103354 102001
100353 105207
101074 104319
101785 103333
102615 102438
98119 107796
103028 102034
101870 103133
100021 105498
99998 105809
101487 103915
96900 111536
96922 110309
97752 109414
100438 105007
97091 110146
102941 102405
106167 100815
107506 100604
99608 105902
103400 101920
103591 101124
103462 101812
104573 101123
102159 102998
97588 110000
102506 102445
102192 102761
102091 103018
102185 102826
106309 100628
104650 100944
104712 100836
98504 107095
98598 106903
99170 106786
104611 101093
98605 106838
100659 104892
97812 108448
100325 105468
106229 100707
107568 100496
99585 106213
