1193 35.5877
60332 130400 86278
57712 109679 104544
93806 105170 67725
99538 104268 68439
88283 73890 89550
59483 94455 120777
96690 75639 85036
95333 82625 77162
94201 104292 67981
60208 93530 119219
64554 127663 79552
95255 91908 71132
58214 98164 118892
60437 124646 86330
92643 94034 69310
62395 122023 81863
60301 92963 117998
62257 126743 82890
60146 128379 86841
59375 121127 88806
59301 125232 92055
60112 129150 86723
63300 88050 117227
59412 125492 88661
92189 87068 73993
59715 94119 117761
91966 110103 67963
93065 97161 68654
60816 123969 85144
81783 94830 72761
59373 126163 91777
90235 86972 74870
74168 77078 98681
60513 128680 85267
72513 116555 74629
61065 93382 116603
65075 122840 78672
93106 95472 69002
72533 118264 74445
57815 107155 106472
78231 74443 99925
90465 110952 68762
59583 120298 92107
78480 74123 101227
83890 78959 86589
61481 129989 82708
62457 90943 112817
60050 110546 98441
61223 117115 88421
58550 122361 96918
94145 84628 76354
90852 74641 87296
83061 80249 85618
61777 123511 84211
70110 84425 95247
59647 119554 92417
58552 100922 111352
58338 99316 114753
60548 108522 97854
74044 75285 109715
85351 89827 75876
93200 81991 77561
67784 89375 94575
93468 87633 73950
62817 99116 98172
72709 84169 93065
60921 93429 113263
88755 81631 80027
91348 79275 79288
63946 116876 81232
84308 75360 90144
76297 76149 100989
61476 129627 83914
87259 95158 71143
68007 82935 104693
91531 85039 75461
84155 78488 86451
83428 87347 77629
67262 88876 97492
62861 120739 82448
91715 80796 79050
60621 117364 88630
89396 93795 69787
73131 78414 102086
71990 77216 104958
73332 76464 105240
58792 97042 117001
62088 108883 94396
70737 79840 103851
69237 76752 115681
87034 96770 70373
75707 76654 98919
59981 112979 95753
77809 104104 72949
61280 91350 116153
59432 98335 112041
69764 114418 77956
68429 105823 80151
63030 113252 84385
86561 89553 75187
60440 113931 92559
70475 76265 116310
84887 80636 83825
73072 79257 100525
72944 109014 75220
61833 112783 88893
61904 98568 103264
61362 109387 94790
83285 83080 82521
89050 87542 74923
86312 76732 87148
71777 100269 79373
62714 112616 85514
85683 78649 86255
74941 98448 78321
71868 107523 77854
63216 90420 111645
68659 83222 102908
65703 86767 100369
77733 82765 87529
66602 119790 77256
59002 98690 113761
82616 89273 76965
66833 84969 107728
77044 74731 99200
67416 80761 109966
63691 117633 80507
69103 77325 114174
64798 90797 106311
59525 118946 93820
79294 106034 70924
59089 97464 112711
90078 74617 88201
84857 79480 84900
71841 78251 107253
85095 78904 83270
81522 78730 91966
93376 77415 82636
71071 83140 99585
67567 89676 96004
60688 103575 101777
61646 110818 92159
80566 93676 75042
80829 89786 77312
60754 102805 103550
87864 75995 88782
59188 94735 113954
66331 118087 79644
67160 92264 93957
63429 100709 97280
88552 91036 73101
86793 90159 74735
77925 106155 71841
66401 81728 113628
63490 129716 81200
81892 84833 79963
76988 83431 87678
59039 118620 94904
66365 84519 108492
64903 123765 78893
58957 103975 109551
59121 108736 102676
89961 87824 73594
82327 101091 70767
84599 87080 76388
69941 86760 94273
76427 92146 80875
65930 119314 78520
67020 106321 81087
70487 76696 114307
66692 104820 83041
89510 95054 69346
80756 92268 76730
90697 76018 86393
79620 98971 72067
58693 110696 104072
70784 123089 76776
76826 101610 73511
65190 101175 90844
66301 85660 110345
70855 91560 89078
63880 126338 80499
69422 95711 86960
87992 81432 80712
82386 91695 74717
59684 103144 105768
82773 95241 71381
60411 106884 101489
60450 120956 85940
78183 74908 98735
87379 100610 69544
62358 99420 101585
77352 105485 73266
74552 103054 76444
61099 96290 105604
89202 94658 70157
67329 85501 106827
66550 83384 110109
90639 82543 77754
78416 100062 72446
91758 93432 71549
73930 79960 96363
77264 76939 96937
90432 74863 87858
57757 105803 108185
72620 110236 76848
66946 85931 106016
86181 98903 69973
81986 104212 69628
88864 90267 72549
63525 92416 109450
64574 112284 85087
79154 75064 96048
77297 75781 95476
65704 88239 99412
74676 100435 77103
60825 106631 99235
84352 75197 90977
59366 126576 91530
73148 83645 91653
69166 90633 91818
75109 104974 76064
65244 89513 106064
82526 97220 70494
67332 115212 80616
80309 93030 75788
83154 93538 72225
61970 119276 83811
68279 80482 107975
65503 81370 114955
64056 85141 113477
65477 122248 78837
64663 101974 91330
58018 108490 105509
60632 93537 115971
89665 79114 82724
62227 119938 83789
78336 102187 72181
73359 82834 98321
63383 92768 107353
63804 115588 82763
64996 122902 79236
79899 106215 70213
68785 83892 99646
68090 95987 89827
76341 106510 74330
89865 93726 71024
64103 92207 109253
72202 96611 82899
78801 81866 88229
79329 104545 70535
76092 84215 89762
70383 108115 77699
82113 83982 79503
65522 97939 93479
87525 96487 70249
64742 112138 84583
74769 108252 75276
58424 99304 115259
59204 103762 108882
69957 79267 106634
71460 81322 102257
60257 111096 96558
81213 98814 72051
70401 97703 81538
66193 102521 84872
66990 86267 103125
76610 83717 86505
77900 102407 72523
65263 84961 114505
58878 114907 98787
69607 80076 107622
88070 103314 69504
87432 97350 69906
83639 82182 81497
69767 81511 105355
62154 115972 84630
60996 89867 116837
89755 84924 75966
69732 86722 95017
60815 117896 88049
66074 84903 111191
91012 95363 69247
64492 90183 108022
75576 88986 81348
77221 81217 92853
80042 85813 81474
67709 114673 80894
83699 88011 77414
71284 86065 90308
59880 118918 89650
64881 87707 110877
64182 93022 104913
74364 81211 93238
75256 91441 81993
59859 106064 101874
59127 111648 99742
82848 77513 88711
82210 77706 92555
78400 99233 73738
66556 79524 115092
75290 91160 81905
88338 80221 80945
69045 82257 107149
63128 111277 86143
61425 106808 95358
79425 96073 74235
75811 101714 76257
78687 80426 89002
77565 80406 89927
61573 101879 104373
74862 107287 76074
60955 116173 92292
65231 90824 100758
60448 93603 115446
79760 103711 70828
58808 96764 119133
77406 99664 73824
60132 118784 87098
80234 101474 71260
91013 76675 86148
76756 88617 82567
73620 80979 94886
88032 92889 71617
68620 77772 112553
77637 79287 93342
91002 113435 68729
78025 103345 71972
88892 77509 83189
60995 96466 108284
58023 101542 113317
65928 102963 87805
58129 96885 119209
69079 79605 109935
77008 107748 73335
81294 79643 88488
61003 120146 84412
67870 112641 79867
77362 106444 72887
61400 94408 109065
79073 88744 78003
80497 82580 86185
88599 76395 87127
72142 85692 90649
67718 78865 111022
85924 90795 74802
71671 91002 85468
80997 92399 75657
72889 78668 101313
68770 111894 78935
65774 86291 105523
69480 115418 77448
72037 85635 92885
81083 95537 73628
64970 92678 102311
59824 97175 108669
66577 93929 96887
86080 77594 84409
68951 92511 90473
63056 109973 90030
59956 102878 104231
58420 105568 110071
63740 99027 97350
68644 85153 96695
76883 75907 98871
75930 99885 76580
59336 105696 106918
62917 111884 86544
59766 120759 90761
88219 94441 71446
85157 81078 82093
79811 79797 90557
64031 88960 111523
73718 85203 89443
76526 97632 76394
63211 94646 107044
85313 79367 83006
65361 104513 88545
64272 102050 95966
68576 98864 86796
64246 114970 84007
78554 95198 77613
66171 91739 99041
71134 90737 89153
59222 108452 104026
64346 93078 100869
59506 96954 110694
60802 106111 101185
75426 107433 74385
81972 97957 71001
88400 79354 81682
64435 110663 85391
85983 91744 73878
72458 85325 91028
68742 82387 105716
80092 102244 70742
75951 92912 80339
64910 112276 83604
60468 94749 112275
73420 88335 86667
78050 84234 86231
65641 111175 81999
64395 90285 107559
78008 89917 78043
75516 86022 84703
84498 83230 79398
67669 101326 83472
70470 104391 80229
65648 107850 84419
63694 100668 97070
80068 94205 76215
70268 91818 88722
88519 81837 79980
85725 74562 90788
85793 77536 88329
68215 115777 79431
78354 110355 70737
63355 123317 81750
81585 96671 71981
70648 113673 76820
69822 78505 109306
72348 87213 90155
79189 87592 81376
62511 105099 100197
63902 116247 82139
76216 88405 82714
75532 102628 76037
68349 82451 104111
73979 76315 102534
79355 98201 75659
62500 117676 84016
77152 91016 79163
62575 104705 95842
73832 78806 100043
60140 114523 92631
61350 89588 114597
86170 88444 75528
59358 108205 103459
61998 93825 111561
58846 115260 101306
74293 93203 81242
69660 84975 97658
59729 113837 94715
68162 86591 96524
70319 107687 77926
86907 91244 74050
67088 103670 83779
87671 94997 70346
66014 102482 86017
81367 92822 75635
68971 78104 111301
60560 111433 95579
80213 87379 80930
75455 89162 80921
74887 88553 83366
65411 110029 86096
68353 85823 102675
74442 101355 77965
83118 95684 70731
74021 77396 102474
63334 109942 93712
78936 83983 84559
69586 105202 80575
81393 96886 71290
77976 108803 71118
77528 92241 78828
87697 94982 70297
70684 95278 87459
76780 84348 84455
73968 83991 90179
76019 96355 77033
73349 78142 101764
66469 111755 81359
66095 95589 97712
69709 83558 100178
89548 75674 88204
78971 102849 71480
72096 98131 79322
69670 105031 79822
88385 96368 69719
66097 99830 91140
80789 96921 74141
69295 77820 111552
86737 83089 81309
72790 97170 78480
60635 94694 111842
66554 107336 84113
74498 105349 76310
59788 113541 93288
83670 91488 76649
71197 82590 99826
60068 118663 90268
86624 76792 86604
77591 93243 78221
73594 91739 83689
79532 94664 76283
60959 116387 88485
68115 102734 81596
66328 109836 82385
75499 97310 78088
