327 82.8544
2.79569e+06 2.71799e+06 2.74239e+06
2.69451e+06 2.76423e+06 2.81991e+06
2.73058e+06 2.83898e+06 2.68857e+06
2.74852e+06 2.81565e+06 2.65472e+06
2.8432e+06 2.82969e+06 2.64691e+06
2.73773e+06 2.79322e+06 2.70428e+06
2.71584e+06 2.7532e+06 2.7819e+06
2.85272e+06 2.69687e+06 2.75469e+06
2.86705e+06 2.7751e+06 2.66001e+06
2.68672e+06 2.78781e+06 2.73882e+06
2.73518e+06 2.80244e+06 2.7128e+06
2.8351e+06 2.70377e+06 2.7435e+06
2.70627e+06 2.76742e+06 2.71903e+06
2.77019e+06 2.69509e+06 2.79832e+06
2.77992e+06 2.72354e+06 2.72468e+06
2.79167e+06 2.78985e+06 2.67205e+06
2.73191e+06 2.75542e+06 2.72727e+06
2.7555e+06 2.73711e+06 2.73966e+06
2.78131e+06 2.79638e+06 2.67443e+06
2.78683e+06 2.72118e+06 2.72829e+06
2.7372e+06 2.84643e+06 2.66245e+06
2.76707e+06 2.7096e+06 2.76058e+06
2.77959e+06 2.7217e+06 2.75768e+06
2.80052e+06 2.74578e+06 2.68821e+06
2.8223e+06 2.81331e+06 2.65934e+06
2.72448e+06 2.76916e+06 2.71723e+06
2.78848e+06 2.79582e+06 2.67315e+06
2.8619e+06 2.81558e+06 2.6533e+06
2.73959e+06 2.72266e+06 2.74253e+06
2.79251e+06 2.74721e+06 2.69617e+06
2.74828e+06 2.7687e+06 2.69786e+06
2.78756e+06 2.71805e+06 2.7558e+06
2.75333e+06 2.74957e+06 2.68428e+06
2.80171e+06 2.73688e+06 2.69367e+06
2.8414e+06 2.69928e+06 2.75453e+06
2.71881e+06 2.73076e+06 2.76404e+06
2.82376e+06 2.76853e+06 2.6719e+06
2.73248e+06 2.79473e+06 2.71287e+06
2.77963e+06 2.73112e+06 2.71806e+06
2.78176e+06 2.72743e+06 2.71237e+06
2.82094e+06 2.70507e+06 2.75209e+06
2.84798e+06 2.72979e+06 2.69023e+06
2.71664e+06 2.75367e+06 2.76204e+06
2.73894e+06 2.74965e+06 2.75831e+06
2.74703e+06 2.75505e+06 2.71678e+06
2.81433e+06 2.79012e+06 2.66882e+06
2.83381e+06 2.70258e+06 2.74508e+06
2.83752e+06 2.68318e+06 2.76066e+06
2.76021e+06 2.70402e+06 2.78325e+06
2.76887e+06 2.74241e+06 2.71978e+06
2.74645e+06 2.84452e+06 2.68455e+06
2.761e+06 2.74097e+06 2.73142e+06
2.71879e+06 2.76406e+06 2.74379e+06
2.74522e+06 2.72933e+06 2.74049e+06
2.77147e+06 2.80383e+06 2.67588e+06
2.83738e+06 2.67938e+06 2.78863e+06
2.86603e+06 2.81835e+06 2.64748e+06
2.75848e+06 2.78098e+06 2.68336e+06
2.7759e+06 2.7279e+06 2.72943e+06
2.78153e+06 2.79519e+06 2.68304e+06
2.78901e+06 2.80819e+06 2.66489e+06
2.79206e+06 2.7e+06 2.77496e+06
2.80485e+06 2.68002e+06 2.80561e+06
2.80503e+06 2.7242e+06 2.72049e+06
2.81586e+06 2.7715e+06 2.67347e+06
2.83617e+06 2.75291e+06 2.67755e+06
2.77928e+06 2.73461e+06 2.7289e+06
2.78963e+06 2.71546e+06 2.74708e+06
2.8238e+06 2.74324e+06 2.68191e+06
2.84031e+06 2.79079e+06 2.66745e+06
2.73942e+06 2.74774e+06 2.72848e+06
2.75515e+06 2.71669e+06 2.76588e+06
2.76808e+06 2.7481e+06 2.71424e+06
2.78938e+06 2.72107e+06 2.72924e+06
2.79858e+06 2.69212e+06 2.75584e+06
2.7861e+06 2.77767e+06 2.67774e+06
2.78797e+06 2.76691e+06 2.67587e+06
2.79938e+06 2.72909e+06 2.70766e+06
2.80354e+06 2.74424e+06 2.68087e+06
2.80853e+06 2.70514e+06 2.69165e+06
2.84046e+06 2.70506e+06 2.70738e+06
2.84238e+06 2.80561e+06 2.66276e+06
