2 0.333917
769900 821538 788931 778440
773800 820536 793395 839279
781321 784503 812318 823093
782766 773690 772177 798843
786022 814993 797663 785926
788749 780478 797970 796350
791600 773140 783562 813043
794152 779253 788211 792693
795260 769019 796359 789647
795424 763859 827986 779387
795614 773246 777733 812805
796578 829814 805288 763315
796960 849076 759476 826476
798811 773059 796112 817776
799103 813205 781392 796929
799155 770467 792024 815041
799662 782157 803108 783442
803435 806508 783261 793877
804734 789084 764596 847184
805052 825343 764394 780535
806121 821104 784269 790494
807910 813969 786096 772150
808411 809748 783241 796802
808712 805940 776542 794311
809154 812892 798739 777062
809974 797105 774531 765714
811624 769176 789415 798063
815950 776489 764510 812219
824136 818434 766598 778272
824270 782587 787166 797127
825543 843570 809622 763179
827409 792827 750486 820823
830379 809700 771234 799829
842757 778996 821483 788031
847075 764201 801563 800982
854114 781689 803836 782120
870033 796913 798009 784019
766320 808943 810636 803843
777335 770771 833130 800807
777783 807978 790033 831646
780302 783868 789309 823831
781064 807182 804550 802368
791285 802258 784451 792746
801696 811436 782442 795076
807453 785656 823859 776224
810341 760071 797638 824559
812538 789818 778973 796654
848945 779972 816179 774926
861480 828483 764184 803799
767604 785294 807665 811742
769486 807845 815831 799604
772462 807464 782806 843213
774356 798825 798705 826142
778645 795171 811650 802270
780084 779091 800502 832582
782486 787048 830755 811579
782646 793068 810208 771045
791096 829807 778629 780236
795418 807095 803544 787176
798971 777227 792778 791656
798990 799889 744341 811593
801468 799266 791631 792277
804270 813147 794335 785619
807654 767458 783114 849416
815370 758604 777615 804522
818827 792043 796717 788556
826396 796218 791446 791497
827055 788566 809373 775915
837493 817222 806315 764431
849828 805688 807491 763244
860504 794884 775659 792919
