309 21.8422
262386 223919 235463 210164
253980 238635 237354 204694
260404 249670 226381 204699
255727 228696 238845 208313
259502 224008 233079 210777
256106 226919 219815 206415
235734 219761 227769 234943
257528 226264 219835 211924
226732 221149 228185 242331
285788 220749 204870 216368
263258 230058 206612 213396
236226 218916 226324 236687
241606 221785 227700 217576
244234 218033 228030 219662
233240 215755 217028 256247
248959 222805 259717 209078
243828 218313 235789 213707
245618 231125 237099 207957
227737 218637 241319 226104
245495 214628 226998 221966
250104 229138 234825 208890
237288 214020 221512 228194
259473 225509 228718 210678
221832 228481 223031 234446
239373 212305 254442 215997
249555 218475 230689 215723
241959 215825 219335 227128
226303 232888 227333 226696
232579 217169 234506 233668
241303 232257 242436 208966
248356 220508 228461 214077
233252 225899 221209 235097
237858 225700 230770 216417
251328 215926 219659 223743
219816 241832 230501 237239
249016 218794 227365 212890
262005 249685 221314 203440
234712 226692 229725 218569
236591 211535 223318 236213
240691 221383 217907 226793
245346 223560 215659 212857
252916 228329 222586 208938
279796 206620 218287 221677
231675 228683 213865 232678
236868 220508 212495 234516
239458 214760 229636 222263
243233 267342 242874 204012
234573 217849 228110 235463
235808 226033 207055 230554
237453 222018 221825 221407
239092 214893 228063 218172
239551 239822 236250 210183
245234 225155 226308 213235
256588 215754 212489 223416
236538 224714 226751 220659
253834 235312 223365 206967
254365 221193 216029 222378
239050 219331 228500 221089
245341 212224 234148 221205
255992 210860 217306 227085
222733 238121 209521 226406
228672 228332 235209 219961
236981 221723 228134 230743
251779 211554 216142 220662
255102 209373 211050 229500
231994 216651 237950 236052
246700 210519 225656 217198
252412 226402 228531 210103
252855 228568 205062 220998
257432 214005 218905 219267
257754 213608 215909 216923
264591 210449 224501 209105
216029 238827 243644 232239
228525 241080 203648 225131
239611 248419 213737 210778
242658 219355 224063 218926
242783 212534 233651 221364
245182 213812 232881 217408
246172 222119 230199 212668
250218 193033 232493 251672
258537 207825 224595 220578
260788 217943 213280 217946
260834 209374 213141 210258
220809 231514 228114 226826
239669 234114 208919 208839
240237 218822 220978 226066
249515 241600 219089 204702
251163 238992 202885 214556
251668 210655 223755 218187
230381 218889 235717 237540
231148 232352 211847 226608
232722 237424 201226 241453
237093 239076 203581 233364
243459 228151 208116 223020
243770 221726 216163 213544
258808 222656 194536 241886
228673 228525 229339 225560
232960 214503 226987 236203
240839 231938 209163 219391
241389 206195 253158 217900
242756 227365 208755 221539
253112 215999 229136 214368
253286 224261 202435 224042
256852 261328 204597 211593
232767 244367 222830 211350
237959 232977 199872 229831
240390 215353 226051 223780
241016 261542 202024 215754
245237 224272 206867 230344
246991 189787 237621 236835
251300 238972 201363 219614
252625 251052 198707 220890
258969 206987 224757 222942
259662 221875 194080 240966
225277 233587 230123 225119
226049 213416 243220 228348
232903 241124 202254 218702
235279 248866 208535 217102
236153 236107 206520 220760
239082 212946 230318 223483
243447 222994 226212 216169
243675 222962 213783 223132
245639 227067 206849 222439
251331 192898 230179 247925
252942 193100 233591 247385
255464 209715 245450 209833
222335 234438 238990 226320
223548 233843 230748 226716
236372 230940 210016 228569
236705 208634 226850 234517
237920 242207 204584 213372
240119 218582 223197 225886
245214 212630 233774 220831
258417 247554 206188 211594
227542 235841 232816 210588
230774 237642 209449 212491
234443 235222 216641 213917
236972 197080 226654 246655
244433 230460 213335 209423
244636 204091 232361 227057
217533 242600 210107 215657
225596 227809 216016 232640
230156 226600 226024 219884
233829 234498 221577 214399
236504 231105 210045 223890
242292 224797 213888 222644
243042 226211 208184 214084
247411 209055 226773 217595
256475 241033 226804 203085
257640 225816 195669 235794
258628 235760 193834 224131
263813 207788 228639 215925
266111 222363 209682 214573
221481 250168 221014 212602
225448 239496 216929 224741
226416 235169 214002 224831
231755 215300 232044 237955
235679 215008 238326 225431
237123 237201 205076 219799
240605 224215 210686 227347
240646 228516 205151 222734
240766 199808 233744 228429
245693 216915 213533 225236
246595 245089 229945 204201
253202 219968 235454 211015
254307 215390 200080 235596
260678 231966 212228 209033
261170 205309 222100 218294
224429 247671 216872 215230
230737 217134 247861 225154
238127 241255 214626 210726
238272 241780 210008 212300
238947 228261 206869 222109
239611 201039 231399 237684
243968 210650 235262 223629
244807 235457 198786 220125
245443 213705 211409 236860
249812 220503 217145 215414
250031 211112 220113 215018
254540 248590 234128 202764
255356 220135 196937 220304
262458 237149 197815 219087
263601 215850 242775 206958
220639 240808 237290 246160
224176 235973 219293 221406
225523 235900 207315 229750
228970 227570 219221 232163
229674 247246 214748 215198
234532 244534 231205 210051
236472 229311 201655 238758
237078 240137 206835 213323
242349 196915 226493 258000
242442 235766 217182 206311
242480 222467 225334 220572
248721 201006 214551 245516
259076 217562 211246 219052
267588 247395 210055 205638
270741 216928 203460 220023
228413 246450 220664 212233
230493 225245 212940 235868
234455 238638 205677 238987
240199 228060 215027 210446
243001 216959 208882 235293
247580 244117 200652 215056
248764 190204 247194 236098
248811 240001 193975 225579
249791 222194 205485 217538
249856 232300 204807 218595
252653 244539 197872 211754
254511 224024 204740 215775
264006 247702 209184 205069
229907 210431 250698 238052
231736 232421 206543 219849
232086 198487 232971 242143
233168 213009 241766 237173
235184 231804 207078 227544
236585 210635 236950 221834
239451 232809 202408 218639
240127 227241 215640 210066
241025 225320 210078 218305
241602 222479 214539 227954
242263 226353 200320 235824
248735 219384 206324 232295
249209 198452 220721 246676
250125 251084 195185 224693
251162 235151 207142 216286
252312 230117 224541 205469
257030 225730 198727 219426
233877 199838 247074 228687
235779 201413 235284 229235
237206 218810 218944 228880
243281 249429 212210 206289
244487 243948 228710 205553
247142 220090 207250 231959
247851 224949 208018 219700
249436 233062 206404 218314
252727 229530 201674 219120
252948 199000 223864 230354
253958 212991 238624 214592
259222 195914 222671 237878
220524 242095 219778 231984
231381 241760 199700 224212
235474 228682 228069 217944
237031 205882 224507 224051
237824 231733 210013 227236
242778 232200 206897 221528
243415 219264 222042 218825
243512 237140 206520 205794
243887 228797 196739 221289
250825 254357 190000 240575
251331 221392 202870 225096
253326 224103 204708 218102
257594 241823 215184 205672
227209 243600 215529 214234
228504 214245 241252 236952
234653 236437 217744 211210
234856 201283 230309 237105
238787 227924 201704 223500
241859 210033 243079 217875
244520 195834 232021 238947
244716 239760 203646 217920
245393 223020 208049 228971
245975 201472 239824 215460
252187 191009 233043 248690
253189 190270 230573 221791
260486 211401 238810 213666
276505 230085 193564 238577
217529 246847 226042 238430
222801 241916 221363 222471
225123 229928 232428 225112
228385 219407 234530 225390
232063 245391 221931 205961
233772 221556 233583 232014
235900 246373 207842 211524
236988 228313 218582 217934
237246 219965 220919 222040
241557 243326 213442 207426
242452 226254 214346 217979
245859 209601 253641 216673
257263 189390 233379 243470
258158 209344 229970 214046
258286 219769 219304 211913
259663 217076 202634 228719
226534 230684 235244 222138
228843 225249 204667 239531
232716 235424 208760 214740
233078 249286 197778 231288
235396 251124 208440 216661
237975 231159 205267 233298
238974 200138 236735 218089
239008 237266 197901 222298
243723 199585 226198 239777
244316 201359 222373 236565
245064 211414 235920 223443
247527 222983 211551 224361
248417 241411 200787 216355
251346 236416 207522 215629
252092 209718 218191 225155
253740 209547 223839 214838
254633 227892 196735 223560
254914 231229 206255 214936
257737 245439 187805 236664
261044 218029 196324 219459
227532 217584 239033 246824
230524 219541 228299 236667
232216 207057 264858 235125
233102 208971 250362 235361
234005 223668 215163 227314
235947 212842 238126 225274
236195 233065 193197 234781
238182 194637 234215 230507
245852 234184 203745 217894
247144 194458 233563 237135
248608 200739 224522 223590
248992 223476 214338 218208
249056 192699 252380 220817
251712 219563 217930 218736
253653 251816 192549 231750
254299 208474 228467 215223
255237 227759 201162 221915
257132 228963 208045 212897
260821 200049 219567 236620
263896 222898 195998 238364
267636 259227 227258 198691
274151 254373 189265 224241
226994 242465 215995 215945
232021 207868 232382 247599
232231 204755 235493 240703
232610 210596 242630 229166
233341 223602 214709 235597
235449 244487 219254 210429
235858 215962 219082 245528
236608 198295 233432 237553
236745 222623 219241 218942
243022 226213 204285 237943
245276 212470 244905 216965
245452 217315 210593 234581
248118 199776 220763 248141
249467 213544 205220 224679
251439 199266 222286 234892
252918 241458 203412 211811
253280 224934 204158 215247
258596 257730 239881 199087
264704 253443 192445 230976
218290 235746 245834 228888
224156 250669 208709 231781
224646 218169 225906 243226
227907 230498 209358 236012
230658 220624 236727 217709
234129 228740 220553 222723
234183 199135 255886 233660
234375 226646 213837 234174
237117 220568 216261 231946
243077 214530 233345 223239
243933 222429 204419 232354
247801 197073 225162 216273
248106 236616 205889 215956
250383 237390 203287 217712
273493 249839 191351 234562
218437 233910 239795 224317
223877 234792 230035 215788
225442 226362 238531 232228
226057 233478 226939 229308
235771 216116 225639 245350
235838 225261 210350 219290
239544 242656 207264 212190
240787 211259 219799 226936
241602 245866 199864 212328
243297 236049 199197 221668
244615 201281 225315 231036
245648 197366 219791 250812
245938 195705 229176 230039
248013 201019 218171 235248
252069 253999 191913 243840
253590 226764 202866 223659
258284 228807 213085 213183
220681 240324 234797 232350
220794 240459 227179 238614
222770 224977 231474 236696
230154 231268 221815 212402
231742 227470 233787 217677
231758 207602 247681 242544
239216 230510 196599 222932
240262 196100 227351 233535
244645 199237 223355 256632
247456 224122 201717 231250
249201 241847 202998 211609
250244 213044 219141 224648
252654 194642 229149 232230
254149 251871 192516 237412
254454 247833 216596 205709
268398 231550 194610 240240
217257 244253 248540 231303
221739 226525 240948 233586
226077 229228 220911 231020
226860 228874 228682 224519
226948 225917 220732 229091
227483 209622 239365 241319
229843 220816 230183 238176
230175 212804 242851 233023
231058 213601 245211 224265
234730 195836 236238 228351
236979 215643 235880 210622
240864 224763 208048 232130
242234 204407 220481 223973
245952 201447 229979 222811
247902 191848 235772 236663
249556 242880 202642 214289
253503 224668 229887 210192
256441 231564 195797 224133
256466 226392 226159 211438
259737 271191 193156 228102
260870 260645 237213 201611
263781 251884 192608 222765
214718 245888 228795 229529
217631 242288 231244 224657
218047 239260 242306 233180
221141 229026 233153 248849
222475 238752 224864 229678
224101 234015 221583 221008
226574 229724 211995 216129
228708 221057 225499 243931
228969 235165 207787 225302
229357 221984 224727 242498
229661 214628 238735 236337
230323 228950 211356 230702
230813 212086 249769 217929
232747 213958 234040 241904
234059 221771 220602 228121
234556 220829 223317 234538
234913 218430 232505 230019
240579 212029 222415 224646
241353 225419 219487 215069
241372 208239 236689 219357
243823 199865 226045 241626
245596 217516 217322 219646
246715 217284 211720 225791
247694 224709 197622 228485
248851 188400 235443 243468
251659 233028 202884 212307
258043 253235 193882 228827
258235 252353 223783 202467
262325 238702 189518 243162
225738 225275 228902 227014
227103 242451 200276 236539
237210 192596 239236 240396
237347 201517 212299 228478
245911 192929 237134 245461
246037 205920 213416 227739
247716 223046 201304 233277
264195 242282 224311 201689
