104 3.89459
280239 220060 275613
279051 235692 238831
246439 269421 218044
254478 247427 229314
259482 230973 267643
276864 220369 292979
247238 238443 256773
248947 255149 225109
264340 233522 251080
291431 227266 242179
308624 210883 270257
232572 261983 227245
242118 256989 224109
248506 236847 270692
255783 233714 254792
263508 230934 271821
264406 224264 270591
296675 214277 262882
238942 248574 256199
250042 263087 219609
276605 235801 242888
277689 220470 259302
280269 227332 250021
283231 230702 245226
299362 217143 261538
240770 256190 230875
246386 247802 229882
249774 238485 236991
253155 258055 221673
257127 240559 230422
286749 236026 232967
247984 264430 219222
251552 234692 263428
272476 221352 281594
277141 229770 245456
307417 221608 247832
235599 252918 260477
253508 254551 215977
258382 233578 246081
261583 238088 242591
266299 232238 244238
288162 232067 240400
240807 247525 234995
242219 246588 237346
247093 268994 221096
247140 261422 220948
247188 244427 250768
249047 249557 229282
250929 236335 250243
263566 232364 257358
266255 227886 267550
286535 225571 253746
287270 218961 247974
289237 214930 264028
308068 220892 245666
236897 259206 233912
241599 249742 225500
252448 253034 224298
259688 244416 228264
261055 259812 214074
264344 228244 246460
267103 226071 252191
272465 234087 243558
276781 224020 259176
276954 234644 240100
279374 219114 281663
282319 222216 258490
282721 218152 262772
283233 233434 240836
291796 226028 239513
237553 257451 259288
241123 259140 222695
244873 249644 230460
247746 243730 241326
251707 247180 236187
253440 240341 235482
253892 253942 224273
254911 254458 222984
256006 247497 224511
257607 236566 243972
261602 240093 232653
268169 237848 222909
268967 237568 239562
273916 236500 232059
276663 227430 249481
281480 233719 242826
286277 215711 264454
