4605 90.1976
428768 781522 805295
927213 684938 619134
649548 639270 927328
808725 785224 428490
822584 432169 800582
620948 921323 651932
872285 656815 620320
916852 615019 644711
860443 655391 633873
639791 842185 701250
652351 826911 674230
677102 820809 658249
676441 816893 661777
647956 640303 924058
629294 849915 674981
636043 845682 676433
681596 794486 683778
599105 812062 710787
490108 803977 765280
838049 621750 694856
655150 633665 918114
627729 856924 672425
687584 865257 626906
537480 793935 746223
779736 752418 505964
586897 720331 846748
763125 765007 500399
598042 811513 713134
476153 777291 780465
826106 563270 726220
695772 680008 830207
623080 862820 689745
778627 748269 509184
686235 683784 820662
885366 613190 655182
692162 630522 865800
629016 855955 677005
648238 830745 680081
466480 757650 805983
518638 797025 755714
634397 656058 862286
878785 652766 623046
770450 509335 805874
582380 712959 860589
609189 711365 832853
579719 714266 867005
513254 801602 756485
609833 675429 886152
873160 651836 624456
701900 789642 693582
670127 889512 625563
656336 642167 882279
913418 618682 626815
823536 565313 738786
547424 737697 852281
769872 575961 745990
818435 434529 797514
824034 504323 763038
732796 735408 591184
704665 634081 864360
618208 650563 910931
485356 802071 769378
600751 798317 710201
712629 718548 616182
521060 749371 787452
830106 521992 742529
653367 644907 895438
631902 694994 809423
881117 633480 642189
524809 765534 773118
639216 837772 702648
902747 616182 639119
787243 728189 538341
852580 605407 681614
699735 800526 657299
758867 541669 768656
437282 775761 806779
721943 734699 598155
702743 663588 821885
500921 781676 771447
471268 763782 782829
772418 752878 514823
528409 795981 759655
495490 783606 776014
571034 764024 748700
542438 787956 755727
646966 833868 678582
661943 691683 836089
673697 806820 664209
901567 608636 671950
762363 538373 782787
845357 697037 640036
618633 649421 906446
905210 625297 629717
877124 615352 654483
891682 629520 641559
531886 791610 755126
545593 792319 743957
754674 741583 528694
748149 715446 593959
596019 756949 751392
859794 658945 628347
679715 683533 827447
821406 443652 794505
640228 876053 667707
625981 899095 670244
896624 610531 653273
619644 782734 708554
775555 754722 511279
671128 674406 842382
630362 647736 901935
584206 780877 720757
663011 689745 825143
807614 754150 487948
609820 659124 892335
624939 906202 665130
643067 641490 900541
650681 680287 849075
593709 764370 735309
799597 462066 811796
617106 650429 914936
889623 623350 642724
781061 729398 547546
828902 503279 764830
725512 726749 591409
659431 869900 659692
713691 729617 604312
645911 685880 837962
811429 759209 475876
451764 771533 795650
811002 453615 785866
857633 605801 678710
768883 551853 757702
665834 688964 831089
618221 909803 658571
855742 607012 680625
644525 678274 859007
773270 511312 778536
794262 490063 775497
809286 445379 807643
433845 779519 793829
783954 466796 813412
672298 631347 872885
642077 839613 680958
690472 797870 661412
612996 669948 883850
616412 760440 718922
631831 880038 661066
761225 717511 576875
533069 745074 848411
756641 771076 519710
788430 773337 461031
573355 787905 727293
776198 580703 739279
697345 668522 825635
744932 789573 556415
784921 778825 456385
764541 593668 730753
740870 623952 746810
804432 777388 431743
742128 750771 574867
641226 895704 648223
662400 693871 828581
650488 903100 643872
766320 589692 730274
620658 872932 682559
604281 665316 898388
647404 835208 677233
785061 743813 496901
624665 653707 876344
777630 493351 805367
763218 737910 544143
797230 763223 472799
602675 796772 707095
853985 665744 631913
497379 750222 823089
839269 701498 634567
535209 756018 784938
617435 918990 652633
774227 514046 778035
792587 464139 812825
750540 725317 578754
461366 808264 781412
660445 669761 845509
793525 786834 437560
749630 745213 563303
910760 614334 646353
782858 747008 494725
831901 519347 741707
626915 892191 655245
651094 637571 908318
784780 498864 780992
777549 495032 819276
561709 739227 786704
554874 774859 734061
482584 762277 780591
565658 727913 796371
441325 774744 792383
461738 773692 784437
912180 620764 629441
710718 719625 635752
794822 766722 465950
888054 635953 641347
790694 783612 439979
834584 646235 645002
667049 686788 821110
621248 699947 816003
469398 780958 783325
849369 667021 633336
806519 757635 483544
781437 769803 470551
755027 560120 771985
637044 874437 669542
737576 756575 580721
774991 703959 613890
789599 767999 478078
729435 710361 609007
796838 480600 782287
802425 769674 454001
786791 568745 754187
759208 597602 750023
666370 633060 870552
781621 780188 458686
445355 792446 787900
894951 627694 640991
504978 786652 764860
611179 673724 874023
844324 654403 640501
564019 732464 793026
479614 774701 780374
893665 631797 637660
756350 577593 761481
614453 651560 915958
808888 456802 792544
430982 776615 801429
797541 470954 798484
760770 591516 741265
722283 707334 621499
625356 868637 680770
713883 714691 602319
667975 915956 636322
454257 771745 793384
789087 465985 810817
722360 662436 840841
814716 439399 802455
767532 599053 725264
801174 775393 442269
724854 711286 611126
751207 784150 535013
758419 755009 526512
757024 571772 764659
720084 668595 721048
655404 643829 880277
444688 769950 809813
676959 611097 889369
613726 657409 890142
717377 635948 853411
740193 719429 583664
780311 515814 774131
898879 611932 651939
811791 661346 667237
801553 448969 795362
709317 749857 606283
840187 635093 644292
753471 774998 522663
527102 759878 777236
800301 458403 800184
458747 763086 802185
673021 878492 654090
792080 501132 769828
730109 626202 740527
727751 708243 616956
724099 709648 617417
803466 638827 689783
777140 496488 790986
805931 488560 774664
765872 736142 549562
613788 896918 670615
576055 746218 756938
807853 781803 430001
648873 682755 840019
543582 784461 744925
705895 751041 613024
747205 786108 541777
802932 774130 433945
739179 587892 776632
790467 476818 790475
622662 901569 666755
909009 619396 630920
800629 762683 467423
738565 731601 588583
753252 562002 781004
753830 556198 772990
589893 757050 753613
625299 894061 671515
796101 772640 451933
850857 622093 659749
798618 776230 449946
755133 601209 760014
766750 751758 517205
659739 671924 843870
736618 766874 570090
823026 435792 795152
796704 724676 551887
785702 777601 464033
698339 801183 656903
764558 546892 760594
792701 472806 790116
707160 726443 607345
787425 527371 769414
626536 864341 685897
829427 519881 749547
764822 529846 781546
803810 460708 790818
734077 746497 586412
811532 452147 787645
746894 595883 762456
665348 692525 817430
817761 740577 525161
649764 677637 855965
757373 738166 566357
439080 774924 804702
800750 474409 787422
815416 443217 801026
776352 765124 485915
771014 617164 716039
812853 724019 567381
767114 705683 607917
628171 659078 868865
448180 769318 799211
793958 780141 435626
779166 483553 815506
676923 890912 618782
678550 796196 688345
794474 549756 752663
772354 517344 781655
629298 884673 666336
723345 720809 599845
623186 871542 688164
735243 690734 658697
736207 763688 582297
612308 913708 659353
847770 682304 632287
818159 437978 803852
848513 671528 637425
825010 642724 650744
760703 548496 766382
612003 703072 837597
715437 716311 600281
638488 698335 796201
797204 485406 779431
750486 790057 531248
559923 761979 758671
771487 586266 723095
798624 774395 447665
781479 482564 814990
613337 913119 654328
742508 585096 768671
655798 676987 854579
822613 440726 793559
576997 788400 723444
448570 774709 796999
798382 554782 752544
661661 638836 903696
718564 713606 619717
764357 523792 792298
672982 810161 662980
611053 673031 878801
557867 740774 778728
758792 602717 728804
674820 864088 657031
847336 608088 704271
743779 758471 568625
751758 752388 542211
794372 779551 444401
811610 770285 446090
795702 726298 553036
743792 582490 765512
898590 613879 650177
754743 738990 557593
755796 569270 769796
668615 883255 652394
759947 744216 524205
498804 753055 792770
480578 759617 803865
746110 716649 587437
739402 751157 585314
630938 886339 663281
647221 644185 898041
616825 887339 679611
549183 786020 739597
665175 626661 894030
816907 723248 560148
652461 651082 877447
591314 733297 767357
779857 778062 462641
714546 744325 600630
806230 750986 490157
776404 764757 481963
764788 531941 791888
606756 728403 784686
550307 745924 789560
769262 760148 492411
487466 755918 818274
509218 761634 786004
762949 544928 761497
607579 655789 904743
615608 907101 662573
776276 557732 755694
631110 882517 654196
651306 678730 855012
774545 526264 770580
809409 758028 480423
567776 762775 753913
842183 637078 640943
623746 884159 675537
558790 773553 737544
582953 807552 721729
573273 742875 763898
664902 887137 651260
738165 722551 593767
836584 638072 646831
555987 773904 739979
813647 447068 804786
791191 487801 788338
765108 536127 771792
758502 553656 758402
727534 737638 587266
569224 768654 745145
765905 734822 554085
551500 774858 735613
766073 704793 609807
906651 615308 647377
785394 583896 737593
652363 672665 857883
765860 619824 715452
552248 769984 740513
621769 871656 702027
802001 469955 783861
800508 468783 794515
777043 721867 572115
781919 736463 534097
763592 729384 571241
789890 724150 564762
577822 742553 765676
641795 907432 647020
761884 619758 716927
613197 917132 654981
428813 781498 803316
761506 544257 765465
836995 702150 633098
775582 722702 572920
832495 630140 653464
717846 736661 598675
495956 790787 763634
764400 730957 561347
507347 777946 762819
773577 739051 532015
604780 796028 704803
774190 602838 722123
489856 756838 789002
456081 772660 787621
610360 902426 668700
842079 697765 641971
758787 534393 799845
591506 754308 754561
907956 621784 630444
782281 478369 815020
810438 447991 805433
789456 648266 704184
767919 773668 479550
834154 645869 649585
432333 781014 800487
709060 724268 636420
510880 755676 785921
759179 731902 559695
818412 742183 518075
783164 486300 792705
769166 525373 773650
798439 641339 705557
750190 622510 725014
816276 632887 685056
786886 532673 764400
765495 758703 495871
637258 902214 649262
590289 734067 766253
791631 535301 761403
748247 619798 733091
505755 786318 763319
512052 772389 765373
487743 784140 773268
785316 571587 755452
498031 789024 769845
771842 755807 491548
457318 769801 795716
738541 594910 776155
798994 478227 787005
607744 730901 784499
603177 733100 786629
569067 769247 742431
