180 12.1246
1.76425e+06 1.48118e+06 1.50918e+06 1.60468e+06
1.58736e+06 1.60408e+06 1.38488e+06 1.59733e+06
1.36846e+06 1.58476e+06 1.6652e+06 1.68807e+06
1.61784e+06 1.61032e+06 1.58422e+06 1.38316e+06
1.53815e+06 1.51094e+06 1.59278e+06 1.78567e+06
1.599e+06 1.72279e+06 1.5693e+06 1.47289e+06
1.58788e+06 1.46336e+06 1.7335e+06 1.58259e+06
1.65954e+06 1.36395e+06 1.58422e+06 1.68808e+06
1.62796e+06 1.60376e+06 1.56695e+06 1.44395e+06
1.7493e+06 1.46865e+06 1.51825e+06 1.5948e+06
1.58722e+06 1.6778e+06 1.5677e+06 1.49842e+06
1.61514e+06 1.61144e+06 1.58842e+06 1.39009e+06
1.58209e+06 1.68933e+06 1.55648e+06 1.50533e+06
1.62764e+06 1.66995e+06 1.55066e+06 1.47171e+06
1.67432e+06 1.37261e+06 1.57089e+06 1.67352e+06
1.62881e+06 1.50491e+06 1.69307e+06 1.5852e+06
1.5382e+06 1.50894e+06 1.58871e+06 1.77685e+06
1.37176e+06 1.59733e+06 1.65362e+06 1.68428e+06
1.37857e+06 1.59457e+06 1.64957e+06 1.68618e+06
1.62257e+06 1.60705e+06 1.55366e+06 1.4066e+06
1.52145e+06 1.53669e+06 1.59107e+06 1.76713e+06
1.61569e+06 1.70278e+06 1.55141e+06 1.47052e+06
1.66082e+06 1.39019e+06 1.56728e+06 1.63689e+06
1.38226e+06 1.59492e+06 1.64642e+06 1.6876e+06
1.61972e+06 1.60948e+06 1.5663e+06 1.40188e+06
1.59694e+06 1.70542e+06 1.57458e+06 1.47808e+06
1.5896e+06 1.63854e+06 1.48994e+06 1.51975e+06
1.60873e+06 1.62192e+06 1.5619e+06 1.45971e+06
1.63687e+06 1.60092e+06 1.60056e+06 1.42032e+06
1.52451e+06 1.52542e+06 1.59516e+06 1.7701e+06
1.64754e+06 1.40707e+06 1.58181e+06 1.63468e+06
1.6258e+06 1.50562e+06 1.68744e+06 1.58972e+06
1.66806e+06 1.42727e+06 1.56003e+06 1.62772e+06
1.59318e+06 1.69707e+06 1.55317e+06 1.48245e+06
1.64269e+06 1.39118e+06 1.55327e+06 1.65127e+06
1.71177e+06 1.47492e+06 1.5047e+06 1.62676e+06
1.60247e+06 1.68256e+06 1.56778e+06 1.47671e+06
1.67841e+06 1.4364e+06 1.55583e+06 1.62611e+06
1.65793e+06 1.39731e+06 1.56204e+06 1.63727e+06
1.6009e+06 1.66229e+06 1.53486e+06 1.49372e+06
1.72745e+06 1.44426e+06 1.53915e+06 1.64273e+06
1.63803e+06 1.6049e+06 1.58747e+06 1.41145e+06
1.39518e+06 1.58172e+06 1.61973e+06 1.66277e+06
1.60794e+06 1.49708e+06 1.69846e+06 1.63248e+06
1.60412e+06 1.71931e+06 1.56699e+06 1.46724e+06
1.59572e+06 1.64421e+06 1.58092e+06 1.48082e+06
1.65112e+06 1.39811e+06 1.58487e+06 1.64998e+06
1.65004e+06 1.40836e+06 1.57975e+06 1.6363e+06
1.59601e+06 1.49441e+06 1.70804e+06 1.61866e+06
1.71785e+06 1.46058e+06 1.54904e+06 1.62513e+06
1.41256e+06 1.57969e+06 1.62708e+06 1.65305e+06
1.54015e+06 1.51348e+06 1.58536e+06 1.78091e+06
1.63062e+06 1.43122e+06 1.57908e+06 1.6529e+06
1.64089e+06 1.37042e+06 1.57285e+06 1.68235e+06
1.72578e+06 1.44212e+06 1.53799e+06 1.64515e+06
1.57991e+06 1.66768e+06 1.47555e+06 1.52584e+06
1.61118e+06 1.61458e+06 1.58879e+06 1.39753e+06
1.59679e+06 1.69839e+06 1.56641e+06 1.48056e+06
1.75488e+06 1.46484e+06 1.52574e+06 1.59806e+06
1.61269e+06 1.49192e+06 1.59455e+06 1.72171e+06
1.63766e+06 1.40341e+06 1.5667e+06 1.64085e+06
1.60676e+06 1.71572e+06 1.56058e+06 1.46225e+06
1.4367e+06 1.60746e+06 1.60562e+06 1.69589e+06
1.6941e+06 1.45455e+06 1.55578e+06 1.61175e+06
1.60225e+06 1.70956e+06 1.55904e+06 1.47507e+06
1.58379e+06 1.59977e+06 1.40816e+06 1.56252e+06
1.73703e+06 1.50083e+06 1.5246e+06 1.60766e+06
1.5715e+06 1.5953e+06 1.42323e+06 1.56178e+06
1.59367e+06 1.58032e+06 1.40331e+06 1.5617e+06
1.59711e+06 1.66431e+06 1.4852e+06 1.51693e+06
1.58933e+06 1.6599e+06 1.48603e+06 1.5278e+06
1.62424e+06 1.42395e+06 1.60021e+06 1.65631e+06
1.6538e+06 1.38587e+06 1.59395e+06 1.6649e+06
1.69071e+06 1.44035e+06 1.5743e+06 1.61413e+06
1.62292e+06 1.59984e+06 1.60391e+06 1.41847e+06
1.61649e+06 1.4908e+06 1.70309e+06 1.65713e+06
1.69686e+06 1.44718e+06 1.55904e+06 1.6232e+06
1.64957e+06 1.401e+06 1.56768e+06 1.6398e+06
1.60775e+06 1.47921e+06 1.7297e+06 1.5945e+06
1.40575e+06 1.60628e+06 1.63442e+06 1.64904e+06
1.61945e+06 1.48521e+06 1.69887e+06 1.6637e+06
1.51926e+06 1.56836e+06 1.62794e+06 1.53234e+06
1.56679e+06 1.54132e+06 1.52253e+06 1.56234e+06
1.67156e+06 1.43342e+06 1.55828e+06 1.62926e+06
1.39884e+06 1.57088e+06 1.61443e+06 1.65837e+06
1.56988e+06 1.63723e+06 1.5321e+06 1.51241e+06
1.61259e+06 1.61729e+06 1.58403e+06 1.3859e+06
1.68607e+06 1.44187e+06 1.55181e+06 1.64644e+06
1.59988e+06 1.48424e+06 1.71327e+06 1.619e+06
1.60054e+06 1.55798e+06 1.44692e+06 1.581e+06
1.61381e+06 1.61195e+06 1.55816e+06 1.4548e+06
1.6055e+06 1.69224e+06 1.56709e+06 1.4881e+06
1.58423e+06 1.55965e+06 1.43366e+06 1.59774e+06
1.67626e+06 1.43528e+06 1.56711e+06 1.61694e+06
1.42788e+06 1.57171e+06 1.63518e+06 1.6471e+06
1.58281e+06 1.50801e+06 1.68327e+06 1.59383e+06
1.43802e+06 1.5737e+06 1.61436e+06 1.69835e+06
1.60884e+06 1.71544e+06 1.55644e+06 1.4643e+06
1.60267e+06 1.64783e+06 1.48763e+06 1.52223e+06
1.59302e+06 1.48922e+06 1.72603e+06 1.58433e+06
1.40149e+06 1.60777e+06 1.63843e+06 1.65714e+06
1.60272e+06 1.4987e+06 1.70086e+06 1.62096e+06
1.53047e+06 1.63381e+06 1.60993e+06 1.56058e+06
1.40407e+06 1.60332e+06 1.63335e+06 1.65145e+06
1.46136e+06 1.58986e+06 1.608e+06 1.67558e+06
1.6023e+06 1.71852e+06 1.5695e+06 1.46898e+06
1.6642e+06 1.37014e+06 1.5739e+06 1.6772e+06
1.5923e+06 1.56681e+06 1.42763e+06 1.55956e+06
1.53354e+06 1.51436e+06 1.59588e+06 1.78453e+06
1.68272e+06 1.45576e+06 1.58112e+06 1.61502e+06
1.70089e+06 1.45293e+06 1.56104e+06 1.6159e+06
1.5906e+06 1.61746e+06 1.39618e+06 1.59215e+06
1.60639e+06 1.66894e+06 1.47746e+06 1.51448e+06
1.38497e+06 1.60035e+06 1.64847e+06 1.68506e+06
1.60784e+06 1.62542e+06 1.51373e+06 1.49217e+06
1.55092e+06 1.50313e+06 1.57611e+06 1.75157e+06
1.64446e+06 1.41445e+06 1.58591e+06 1.63058e+06
1.58156e+06 1.61568e+06 1.38926e+06 1.59802e+06
1.715e+06 1.46587e+06 1.54295e+06 1.61964e+06
1.59864e+06 1.55832e+06 1.43721e+06 1.56092e+06
1.63206e+06 1.41729e+06 1.60427e+06 1.653e+06
1.71385e+06 1.47678e+06 1.50168e+06 1.61521e+06
1.50966e+06 1.54462e+06 1.62748e+06 1.58072e+06
1.41027e+06 1.58049e+06 1.62382e+06 1.65356e+06
1.53826e+06 1.51574e+06 1.57842e+06 1.74308e+06
1.58067e+06 1.69208e+06 1.55008e+06 1.50217e+06
1.62438e+06 1.50154e+06 1.71137e+06 1.58904e+06
1.60355e+06 1.64565e+06 1.54237e+06 1.48826e+06
1.58572e+06 1.5759e+06 1.44241e+06 1.56883e+06
1.57421e+06 1.65366e+06 1.5112e+06 1.53013e+06
1.60571e+06 1.62357e+06 1.56485e+06 1.45364e+06
1.52807e+06 1.52558e+06 1.59733e+06 1.73236e+06
1.6336e+06 1.41961e+06 1.59891e+06 1.65716e+06
1.5871e+06 1.61282e+06 1.38505e+06 1.59334e+06
1.60999e+06 1.68096e+06 1.55792e+06 1.48603e+06
1.51841e+06 1.62611e+06 1.61233e+06 1.53619e+06
1.59584e+06 1.50288e+06 1.68131e+06 1.59322e+06
1.43964e+06 1.60476e+06 1.63128e+06 1.62862e+06
1.65773e+06 1.66591e+06 1.55157e+06 1.44828e+06
1.49974e+06 1.55103e+06 1.66456e+06 1.54392e+06
1.73864e+06 1.47515e+06 1.52722e+06 1.5994e+06
1.59413e+06 1.56696e+06 1.41984e+06 1.57838e+06
1.761e+06 1.4772e+06 1.53616e+06 1.58001e+06
1.59471e+06 1.59888e+06 1.39201e+06 1.57092e+06
1.76245e+06 1.4733e+06 1.531e+06 1.58956e+06
1.66893e+06 1.37698e+06 1.57864e+06 1.65788e+06
1.61748e+06 1.48264e+06 1.72047e+06 1.60015e+06
1.7336e+06 1.45985e+06 1.54469e+06 1.59286e+06
1.45363e+06 1.56437e+06 1.61837e+06 1.70348e+06
1.36993e+06 1.58608e+06 1.65484e+06 1.68527e+06
1.63021e+06 1.61932e+06 1.54816e+06 1.4976e+06
1.70987e+06 1.46776e+06 1.50808e+06 1.61823e+06
1.54479e+06 1.58325e+06 1.50642e+06 1.61647e+06
1.72007e+06 1.49473e+06 1.54088e+06 1.60457e+06
1.52604e+06 1.62084e+06 1.61775e+06 1.54565e+06
1.64565e+06 1.37873e+06 1.58235e+06 1.68196e+06
1.44192e+06 1.57437e+06 1.60902e+06 1.68113e+06
1.69878e+06 1.46444e+06 1.55858e+06 1.60906e+06
1.6443e+06 1.49893e+06 1.68998e+06 1.58092e+06
1.54358e+06 1.51462e+06 1.5826e+06 1.72642e+06
1.43208e+06 1.59882e+06 1.63623e+06 1.63199e+06
1.60883e+06 1.48192e+06 1.72331e+06 1.60617e+06
1.59545e+06 1.58722e+06 1.3991e+06 1.57132e+06
1.60442e+06 1.57432e+06 1.41414e+06 1.55796e+06
1.48298e+06 1.54594e+06 1.65132e+06 1.55668e+06
1.58247e+06 1.5918e+06 1.42565e+06 1.56031e+06
1.49871e+06 1.54831e+06 1.65596e+06 1.5476e+06
1.58551e+06 1.49995e+06 1.6782e+06 1.59575e+06
1.50113e+06 1.569e+06 1.64348e+06 1.55432e+06
1.57532e+06 1.62718e+06 1.49502e+06 1.51093e+06
1.51444e+06 1.62308e+06 1.6253e+06 1.541e+06
1.69355e+06 1.45056e+06 1.56374e+06 1.62386e+06
1.49539e+06 1.61428e+06 1.58036e+06 1.61783e+06
1.60176e+06 1.65465e+06 1.4805e+06 1.5056e+06
1.62077e+06 1.61876e+06 1.55736e+06 1.44756e+06
1.48186e+06 1.54424e+06 1.66049e+06 1.54975e+06
1.60908e+06 1.65057e+06 1.4832e+06 1.52299e+06
1.49191e+06 1.54052e+06 1.64288e+06 1.56046e+06
1.50513e+06 1.56071e+06 1.6286e+06 1.56718e+06
1.54847e+06 1.50821e+06 1.57019e+06 1.74068e+06
1.48378e+06 1.58758e+06 1.63216e+06 1.59845e+06
1.68761e+06 1.4494e+06 1.57225e+06 1.60811e+06
1.6537e+06 1.36937e+06 1.57282e+06 1.68209e+06
1.74678e+06 1.46573e+06 1.52866e+06 1.59018e+06
1.65619e+06 1.36432e+06 1.58319e+06 1.69447e+06
1.61147e+06 1.62772e+06 1.57265e+06 1.45044e+06
1.63076e+06 1.59792e+06 1.56225e+06 1.44667e+06
1.56445e+06 1.51279e+06 1.67142e+06 1.61238e+06
1.67033e+06 1.45176e+06 1.57667e+06 1.61582e+06
1.59201e+06 1.57646e+06 1.4382e+06 1.58494e+06
1.70905e+06 1.4993e+06 1.52427e+06 1.62108e+06
1.64831e+06 1.41528e+06 1.57875e+06 1.62755e+06
1.39458e+06 1.60591e+06 1.64078e+06 1.66755e+06
1.56511e+06 1.51764e+06 1.66826e+06 1.60396e+06
1.66746e+06 1.38475e+06 1.55831e+06 1.66153e+06
1.6895e+06 1.44078e+06 1.54585e+06 1.66775e+06
1.58824e+06 1.58399e+06 1.40057e+06 1.57429e+06
1.60626e+06 1.56922e+06 1.41712e+06 1.57533e+06
1.65912e+06 1.63296e+06 1.54789e+06 1.48353e+06
1.61147e+06 1.61178e+06 1.57036e+06 1.41426e+06
1.62659e+06 1.48861e+06 1.71506e+06 1.60139e+06
1.7451e+06 1.45607e+06 1.54498e+06 1.6387e+06
1.72869e+06 1.44818e+06 1.53118e+06 1.64746e+06
1.58175e+06 1.51291e+06 1.67431e+06 1.60359e+06
1.55281e+06 1.5725e+06 1.47423e+06 1.58575e+06
1.55734e+06 1.53585e+06 1.59294e+06 1.71546e+06
1.41795e+06 1.57029e+06 1.62577e+06 1.66851e+06
1.44057e+06 1.6278e+06 1.59859e+06 1.68815e+06
1.54374e+06 1.51637e+06 1.57573e+06 1.7621e+06
1.46737e+06 1.56366e+06 1.60586e+06 1.67005e+06
1.53379e+06 1.51371e+06 1.58538e+06 1.76362e+06
1.71313e+06 1.45773e+06 1.55436e+06 1.6385e+06
1.57919e+06 1.5889e+06 1.45452e+06 1.57873e+06
1.59908e+06 1.51168e+06 1.66304e+06 1.61852e+06
1.45512e+06 1.63031e+06 1.59228e+06 1.68669e+06
1.52502e+06 1.52142e+06 1.57947e+06 1.74766e+06
1.73978e+06 1.46698e+06 1.53777e+06 1.5922e+06
1.56239e+06 1.53369e+06 1.60462e+06 1.70899e+06
1.61497e+06 1.60887e+06 1.57527e+06 1.398e+06
1.48748e+06 1.54918e+06 1.64911e+06 1.54838e+06
1.50299e+06 1.55103e+06 1.63904e+06 1.56901e+06
1.72828e+06 1.46981e+06 1.54575e+06 1.58835e+06
1.73112e+06 1.50254e+06 1.53658e+06 1.60265e+06
1.54295e+06 1.52754e+06 1.61506e+06 1.70564e+06
1.7332e+06 1.45674e+06 1.54979e+06 1.64204e+06
1.52446e+06 1.54728e+06 1.65271e+06 1.54124e+06
1.65873e+06 1.3671e+06 1.56654e+06 1.69237e+06
1.55462e+06 1.52924e+06 1.56802e+06 1.73187e+06
1.53728e+06 1.52181e+06 1.60366e+06 1.72483e+06
1.6273e+06 1.49774e+06 1.69152e+06 1.5884e+06
1.46436e+06 1.60429e+06 1.6116e+06 1.62442e+06
1.63025e+06 1.44542e+06 1.59756e+06 1.63552e+06
1.47048e+06 1.55478e+06 1.65892e+06 1.55412e+06
1.59686e+06 1.57856e+06 1.43121e+06 1.5549e+06
1.58224e+06 1.53062e+06 1.51558e+06 1.56167e+06
1.60524e+06 1.7104e+06 1.54348e+06 1.48606e+06
1.48958e+06 1.53485e+06 1.65057e+06 1.55716e+06
1.58775e+06 1.61693e+06 1.53772e+06 1.49983e+06
1.66573e+06 1.38002e+06 1.57577e+06 1.65916e+06
1.61033e+06 1.50491e+06 1.5969e+06 1.71306e+06
1.53475e+06 1.53833e+06 1.56195e+06 1.73758e+06
1.74275e+06 1.47196e+06 1.5354e+06 1.59166e+06
1.54445e+06 1.51915e+06 1.57501e+06 1.72971e+06
1.59082e+06 1.66063e+06 1.47918e+06 1.52401e+06
1.46998e+06 1.56121e+06 1.60748e+06 1.68004e+06
1.52968e+06 1.5241e+06 1.59935e+06 1.73889e+06
1.6192e+06 1.68245e+06 1.55776e+06 1.485e+06
1.48484e+06 1.55287e+06 1.64121e+06 1.58077e+06
1.59297e+06 1.63182e+06 1.539e+06 1.49178e+06
1.74306e+06 1.46162e+06 1.54265e+06 1.63807e+06
1.51588e+06 1.55994e+06 1.636e+06 1.54259e+06
1.49613e+06 1.54172e+06 1.63767e+06 1.5776e+06
1.54188e+06 1.51424e+06 1.58213e+06 1.7585e+06
1.58551e+06 1.52338e+06 1.5627e+06 1.70226e+06
1.62832e+06 1.60685e+06 1.52297e+06 1.50397e+06
1.53928e+06 1.51856e+06 1.60439e+06 1.72342e+06
1.70666e+06 1.46196e+06 1.56503e+06 1.60019e+06
1.58852e+06 1.55627e+06 1.46041e+06 1.57257e+06
1.60645e+06 1.70407e+06 1.54429e+06 1.48328e+06
1.58201e+06 1.58651e+06 1.48031e+06 1.5346e+06
1.58969e+06 1.56561e+06 1.44033e+06 1.56496e+06
1.54092e+06 1.53258e+06 1.57879e+06 1.73494e+06
1.5285e+06 1.5316e+06 1.61632e+06 1.61238e+06
1.60628e+06 1.47984e+06 1.71895e+06 1.61236e+06
1.44351e+06 1.59215e+06 1.5983e+06 1.68768e+06
1.58316e+06 1.59732e+06 1.41932e+06 1.55998e+06
1.50622e+06 1.55467e+06 1.61718e+06 1.58839e+06
1.61874e+06 1.49569e+06 1.71602e+06 1.58691e+06
1.59779e+06 1.48712e+06 1.71919e+06 1.5767e+06
1.5648e+06 1.52085e+06 1.67024e+06 1.61908e+06
1.59777e+06 1.5696e+06 1.43009e+06 1.55571e+06
1.44721e+06 1.5665e+06 1.60651e+06 1.67813e+06
1.52597e+06 1.5337e+06 1.56743e+06 1.75184e+06
1.55051e+06 1.51285e+06 1.56937e+06 1.74636e+06
1.38775e+06 1.60377e+06 1.64001e+06 1.68559e+06
1.45992e+06 1.56516e+06 1.6048e+06 1.67748e+06
1.67935e+06 1.38054e+06 1.56929e+06 1.67163e+06
1.72981e+06 1.47747e+06 1.53094e+06 1.61335e+06
1.56568e+06 1.58268e+06 1.46681e+06 1.58745e+06
1.45684e+06 1.58518e+06 1.60231e+06 1.70077e+06
1.55046e+06 1.5897e+06 1.47254e+06 1.58178e+06
1.56594e+06 1.56273e+06 1.49728e+06 1.6077e+06
1.65384e+06 1.36502e+06 1.57355e+06 1.68953e+06
1.70423e+06 1.47154e+06 1.51524e+06 1.6237e+06
1.6813e+06 1.4797e+06 1.54535e+06 1.61921e+06
1.59434e+06 1.57564e+06 1.41184e+06 1.56045e+06
1.52353e+06 1.53968e+06 1.62599e+06 1.57562e+06
1.60485e+06 1.65798e+06 1.47824e+06 1.50945e+06
1.5389e+06 1.51738e+06 1.57096e+06 1.75948e+06
1.70252e+06 1.4587e+06 1.56798e+06 1.59763e+06
1.47486e+06 1.55828e+06 1.61111e+06 1.6759e+06
1.7103e+06 1.46573e+06 1.54657e+06 1.63289e+06
1.56964e+06 1.6552e+06 1.51017e+06 1.52356e+06
1.61052e+06 1.65217e+06 1.48172e+06 1.51858e+06
1.57646e+06 1.62744e+06 1.50006e+06 1.50804e+06
1.40853e+06 1.57764e+06 1.62585e+06 1.65692e+06
1.6009e+06 1.57882e+06 1.40987e+06 1.57204e+06
1.58374e+06 1.51528e+06 1.57711e+06 1.70468e+06
1.57791e+06 1.56518e+06 1.46278e+06 1.57078e+06
1.5566e+06 1.56779e+06 1.49232e+06 1.58055e+06
1.39224e+06 1.5884e+06 1.64461e+06 1.66826e+06
1.47743e+06 1.55304e+06 1.63565e+06 1.59433e+06
1.5352e+06 1.59063e+06 1.49134e+06 1.60227e+06
1.58977e+06 1.57006e+06 1.44112e+06 1.56386e+06
1.47246e+06 1.54965e+06 1.65399e+06 1.5522e+06
1.45823e+06 1.6316e+06 1.59017e+06 1.68602e+06
1.56897e+06 1.5305e+06 1.59223e+06 1.70816e+06
1.57839e+06 1.62312e+06 1.49283e+06 1.51528e+06
1.38956e+06 1.59e+06 1.6502e+06 1.67242e+06
1.64315e+06 1.41953e+06 1.57398e+06 1.63829e+06
1.65938e+06 1.37542e+06 1.57127e+06 1.66817e+06
1.64434e+06 1.38271e+06 1.56519e+06 1.67143e+06
1.66656e+06 1.37573e+06 1.57652e+06 1.66245e+06
1.6095e+06 1.47928e+06 1.71657e+06 1.60482e+06
1.58493e+06 1.55648e+06 1.45122e+06 1.58241e+06
1.64486e+06 1.38526e+06 1.5978e+06 1.66547e+06
1.53958e+06 1.51444e+06 1.57822e+06 1.75657e+06
1.55292e+06 1.51995e+06 1.60265e+06 1.72016e+06
1.64187e+06 1.6001e+06 1.58743e+06 1.41368e+06
1.59834e+06 1.49762e+06 1.70616e+06 1.61486e+06
1.57702e+06 1.56595e+06 1.45994e+06 1.56993e+06
1.49095e+06 1.53826e+06 1.65761e+06 1.54429e+06
1.6053e+06 1.62768e+06 1.51101e+06 1.4887e+06
1.5361e+06 1.59428e+06 1.48158e+06 1.61293e+06
1.6428e+06 1.5865e+06 1.55837e+06 1.49624e+06
1.47125e+06 1.55473e+06 1.6572e+06 1.57291e+06
1.44538e+06 1.56805e+06 1.61553e+06 1.67922e+06
1.53844e+06 1.58417e+06 1.50117e+06 1.62166e+06
1.5105e+06 1.54233e+06 1.65388e+06 1.54833e+06
1.69218e+06 1.46466e+06 1.58372e+06 1.60536e+06
1.52459e+06 1.5192e+06 1.59058e+06 1.74924e+06
1.44638e+06 1.58657e+06 1.59931e+06 1.6932e+06
1.5228e+06 1.56619e+06 1.62239e+06 1.53697e+06
1.44464e+06 1.56527e+06 1.62182e+06 1.6883e+06
1.57474e+06 1.56226e+06 1.46445e+06 1.55302e+06
1.57475e+06 1.59076e+06 1.4874e+06 1.54657e+06
1.58024e+06 1.56384e+06 1.4485e+06 1.58674e+06
1.47069e+06 1.54923e+06 1.6617e+06 1.55601e+06
1.63604e+06 1.42557e+06 1.59225e+06 1.65556e+06
1.5036e+06 1.55278e+06 1.63775e+06 1.55267e+06
1.58413e+06 1.59139e+06 1.41086e+06 1.57767e+06
1.59025e+06 1.61183e+06 1.39685e+06 1.58655e+06
1.70381e+06 1.46697e+06 1.56354e+06 1.60515e+06
1.47367e+06 1.574e+06 1.6024e+06 1.67279e+06
1.5706e+06 1.57514e+06 1.47456e+06 1.55089e+06
1.57125e+06 1.50992e+06 1.67073e+06 1.61451e+06
1.54628e+06 1.58207e+06 1.52768e+06 1.61652e+06
1.53176e+06 1.601e+06 1.48269e+06 1.59361e+06
1.43294e+06 1.60857e+06 1.60951e+06 1.64189e+06
1.39062e+06 1.58417e+06 1.64799e+06 1.65731e+06
1.58422e+06 1.57252e+06 1.45819e+06 1.57455e+06
1.56844e+06 1.51544e+06 1.60448e+06 1.71903e+06
1.59494e+06 1.66707e+06 1.48399e+06 1.51937e+06
1.44688e+06 1.57714e+06 1.6046e+06 1.70674e+06
1.59247e+06 1.6061e+06 1.40166e+06 1.5719e+06
1.51194e+06 1.56511e+06 1.63608e+06 1.53986e+06
1.47666e+06 1.60065e+06 1.58317e+06 1.6719e+06
1.73145e+06 1.47224e+06 1.54302e+06 1.59484e+06
1.62809e+06 1.66673e+06 1.55187e+06 1.47608e+06
1.45199e+06 1.61027e+06 1.60286e+06 1.68663e+06
1.70475e+06 1.45776e+06 1.56151e+06 1.60708e+06
1.63624e+06 1.42467e+06 1.58936e+06 1.6559e+06
1.45541e+06 1.60962e+06 1.5876e+06 1.69127e+06
1.56382e+06 1.56436e+06 1.49362e+06 1.60889e+06
1.45075e+06 1.62341e+06 1.60224e+06 1.68211e+06
1.59358e+06 1.50794e+06 1.58032e+06 1.73548e+06
1.57267e+06 1.50626e+06 1.67762e+06 1.59526e+06
1.48879e+06 1.55874e+06 1.64749e+06 1.56697e+06
1.54711e+06 1.61899e+06 1.61483e+06 1.56665e+06
1.57358e+06 1.66487e+06 1.53388e+06 1.51204e+06
1.64227e+06 1.61104e+06 1.53351e+06 1.50271e+06
1.5634e+06 1.53751e+06 1.58362e+06 1.72552e+06
1.45034e+06 1.62399e+06 1.61688e+06 1.62441e+06
1.42867e+06 1.57785e+06 1.61355e+06 1.69095e+06
1.70604e+06 1.45918e+06 1.56367e+06 1.60052e+06
1.53905e+06 1.58473e+06 1.49839e+06 1.60718e+06
1.61409e+06 1.61473e+06 1.56256e+06 1.41312e+06
1.53685e+06 1.52733e+06 1.66692e+06 1.61501e+06
1.65459e+06 1.38565e+06 1.5651e+06 1.63909e+06
1.47901e+06 1.55217e+06 1.65344e+06 1.55643e+06
1.46774e+06 1.62431e+06 1.57382e+06 1.6922e+06
1.40904e+06 1.60497e+06 1.62636e+06 1.63984e+06
1.62502e+06 1.45409e+06 1.59542e+06 1.63637e+06
1.53382e+06 1.5848e+06 1.5e+06 1.60985e+06
1.45401e+06 1.63064e+06 1.5822e+06 1.70038e+06
1.59519e+06 1.49744e+06 1.71155e+06 1.63357e+06
1.48885e+06 1.54064e+06 1.65988e+06 1.54851e+06
1.68735e+06 1.47604e+06 1.55058e+06 1.6606e+06
1.48212e+06 1.55817e+06 1.64482e+06 1.56822e+06
1.4827e+06 1.54692e+06 1.64444e+06 1.59105e+06
1.57507e+06 1.50554e+06 1.67612e+06 1.6017e+06
1.60395e+06 1.59294e+06 1.39638e+06 1.57596e+06
1.51784e+06 1.56582e+06 1.63536e+06 1.53862e+06
1.54471e+06 1.53223e+06 1.61408e+06 1.71095e+06
1.60134e+06 1.71301e+06 1.56809e+06 1.47544e+06
1.63276e+06 1.51416e+06 1.66751e+06 1.59173e+06
1.52231e+06 1.51714e+06 1.59941e+06 1.73083e+06
1.51226e+06 1.55628e+06 1.62995e+06 1.563e+06
1.59756e+06 1.49941e+06 1.70444e+06 1.61537e+06
1.56626e+06 1.63794e+06 1.54107e+06 1.50535e+06
1.48094e+06 1.56846e+06 1.64957e+06 1.55599e+06
1.54095e+06 1.52254e+06 1.57699e+06 1.72557e+06
1.59415e+06 1.65878e+06 1.47907e+06 1.52167e+06
1.56749e+06 1.58984e+06 1.47843e+06 1.5794e+06
1.58667e+06 1.5845e+06 1.496e+06 1.54508e+06
1.59812e+06 1.65102e+06 1.57145e+06 1.48174e+06
1.53114e+06 1.58843e+06 1.48933e+06 1.61374e+06
1.59553e+06 1.61367e+06 1.50985e+06 1.50334e+06
1.4661e+06 1.61083e+06 1.58832e+06 1.63423e+06
1.5844e+06 1.50533e+06 1.66618e+06 1.59689e+06
1.65092e+06 1.36608e+06 1.5751e+06 1.68537e+06
1.69728e+06 1.48171e+06 1.54915e+06 1.58218e+06
1.63516e+06 1.44809e+06 1.59268e+06 1.63325e+06
1.498e+06 1.54986e+06 1.62666e+06 1.57614e+06
1.42346e+06 1.56823e+06 1.62425e+06 1.67183e+06
1.58871e+06 1.55746e+06 1.45201e+06 1.5725e+06
1.4978e+06 1.5429e+06 1.65645e+06 1.54565e+06
1.57862e+06 1.51107e+06 1.67547e+06 1.59548e+06
1.60845e+06 1.6523e+06 1.48199e+06 1.51968e+06
1.57258e+06 1.57014e+06 1.45668e+06 1.58203e+06
1.61331e+06 1.50939e+06 1.58415e+06 1.70122e+06
1.59306e+06 1.61025e+06 1.38971e+06 1.58334e+06
1.65879e+06 1.38056e+06 1.56057e+06 1.65377e+06
1.60742e+06 1.71226e+06 1.54445e+06 1.47509e+06
1.62678e+06 1.50262e+06 1.70498e+06 1.58378e+06
1.42215e+06 1.58256e+06 1.61754e+06 1.64943e+06
1.5353e+06 1.54381e+06 1.58574e+06 1.71405e+06
1.58059e+06 1.57872e+06 1.45599e+06 1.58112e+06
1.6031e+06 1.71115e+06 1.56687e+06 1.47205e+06
1.53226e+06 1.51682e+06 1.58527e+06 1.75527e+06
1.5809e+06 1.56407e+06 1.46344e+06 1.55718e+06
1.43317e+06 1.57514e+06 1.60752e+06 1.69008e+06
1.46878e+06 1.60992e+06 1.57608e+06 1.63655e+06
1.57783e+06 1.59643e+06 1.41488e+06 1.58188e+06
1.57292e+06 1.55771e+06 1.46537e+06 1.58739e+06
1.46682e+06 1.56154e+06 1.66474e+06 1.56553e+06
1.46548e+06 1.56662e+06 1.65942e+06 1.56521e+06
1.5147e+06 1.56203e+06 1.63976e+06 1.54192e+06
1.46666e+06 1.61302e+06 1.56695e+06 1.69913e+06
1.58771e+06 1.55446e+06 1.47942e+06 1.55658e+06
1.62649e+06 1.43606e+06 1.58424e+06 1.64047e+06
1.57581e+06 1.56464e+06 1.45397e+06 1.58302e+06
1.5702e+06 1.5821e+06 1.45848e+06 1.58896e+06
1.58268e+06 1.60342e+06 1.41588e+06 1.5599e+06
1.55768e+06 1.51148e+06 1.58891e+06 1.71929e+06
1.47854e+06 1.57638e+06 1.64775e+06 1.56952e+06
1.47929e+06 1.54289e+06 1.6484e+06 1.5886e+06
1.60984e+06 1.5068e+06 1.59949e+06 1.71478e+06
1.58125e+06 1.58816e+06 1.45321e+06 1.5687e+06
1.58032e+06 1.57112e+06 1.44993e+06 1.58418e+06
1.51707e+06 1.5433e+06 1.61713e+06 1.57268e+06
1.60123e+06 1.71378e+06 1.56505e+06 1.47239e+06
1.49043e+06 1.54969e+06 1.64887e+06 1.55168e+06
1.51257e+06 1.54045e+06 1.64991e+06 1.54546e+06
1.60207e+06 1.4953e+06 1.58997e+06 1.72984e+06
1.58604e+06 1.55918e+06 1.44204e+06 1.56043e+06
1.55295e+06 1.50746e+06 1.57026e+06 1.73808e+06
1.57403e+06 1.57508e+06 1.45012e+06 1.59132e+06
1.38815e+06 1.59597e+06 1.62956e+06 1.66764e+06
1.63619e+06 1.38215e+06 1.56946e+06 1.67926e+06
1.57788e+06 1.55739e+06 1.46828e+06 1.55484e+06
1.51517e+06 1.58269e+06 1.6258e+06 1.53788e+06
1.49895e+06 1.56962e+06 1.642e+06 1.57256e+06
1.59415e+06 1.60596e+06 1.39154e+06 1.58706e+06
1.62018e+06 1.51672e+06 1.59991e+06 1.69433e+06
1.40483e+06 1.59767e+06 1.63982e+06 1.65526e+06
1.58257e+06 1.62417e+06 1.49609e+06 1.51033e+06
1.41305e+06 1.59056e+06 1.6106e+06 1.6388e+06
1.41756e+06 1.57842e+06 1.64343e+06 1.6546e+06
1.45892e+06 1.6356e+06 1.58736e+06 1.69804e+06
1.47851e+06 1.54688e+06 1.6537e+06 1.54886e+06
1.50965e+06 1.55386e+06 1.64548e+06 1.55013e+06
1.50995e+06 1.54396e+06 1.64807e+06 1.54333e+06
1.51785e+06 1.53448e+06 1.60687e+06 1.71768e+06
1.51805e+06 1.5144e+06 1.60241e+06 1.7312e+06
1.52775e+06 1.53046e+06 1.55865e+06 1.7461e+06
1.52897e+06 1.52344e+06 1.6178e+06 1.70558e+06
1.53897e+06 1.5229e+06 1.60001e+06 1.72571e+06
1.54186e+06 1.50804e+06 1.5752e+06 1.7658e+06
1.54685e+06 1.57064e+06 1.4648e+06 1.58889e+06
1.54725e+06 1.52197e+06 1.60992e+06 1.7068e+06
1.55992e+06 1.56625e+06 1.46253e+06 1.59424e+06
1.57257e+06 1.51734e+06 1.66998e+06 1.6178e+06
1.58264e+06 1.46854e+06 1.73064e+06 1.58485e+06
1.58888e+06 1.62522e+06 1.39418e+06 1.59324e+06
1.58948e+06 1.65504e+06 1.48129e+06 1.52112e+06
1.60198e+06 1.60378e+06 1.38242e+06 1.60896e+06
1.60585e+06 1.60418e+06 1.58397e+06 1.41546e+06
1.6103e+06 1.47806e+06 1.72094e+06 1.57618e+06
1.61716e+06 1.61158e+06 1.57714e+06 1.39111e+06
1.62116e+06 1.60622e+06 1.56343e+06 1.40585e+06
1.62613e+06 1.59926e+06 1.57932e+06 1.46334e+06
1.63401e+06 1.60285e+06 1.56091e+06 1.44704e+06
1.65888e+06 1.39463e+06 1.56709e+06 1.62447e+06
1.7111e+06 1.48038e+06 1.5027e+06 1.60958e+06
1.73293e+06 1.46769e+06 1.54788e+06 1.59893e+06
1.73399e+06 1.46313e+06 1.55035e+06 1.5928e+06
1.74282e+06 1.47408e+06 1.50984e+06 1.60163e+06
1.74298e+06 1.48236e+06 1.50925e+06 1.60099e+06
1.75253e+06 1.46858e+06 1.50387e+06 1.6107e+06
