64 11.1663
125970 93823 143847
132876 94378 118117
107577 109738 126838
113494 113438 107335
127806 99663 116216
129042 95460 113455
134884 97717 108061
118962 119236 101791
125106 98016 122425
130050 102590 105713
131354 99221 108612
135130 97046 108078
139792 100687 96173
147278 98815 96011
149115 108353 83176
110968 108089 126135
113854 116928 106793
115173 106213 108825
116763 117001 102457
119176 105788 108367
119342 97753 122899
119658 107673 103517
121968 105489 97217
124335 103144 106266
126723 95197 143182
127969 101608 107150
128485 103384 93207
129169 93014 128378
130090 99955 111915
131778 91830 139855
143214 112663 82771
146543 109041 89368
149494 104270 88743
154362 106609 84829
106495 123703 131157
109884 106633 142631
111840 101563 123304
112010 109285 115232
120677 114508 101979
122433 112965 91258
122534 98432 121553
122667 95376 143481
123274 95267 127583
128232 103870 100290
132785 102349 96260
141549 111036 87321
141929 112422 86827
143006 114693 83918
145286 107980 91796
145604 95544 107558
156405 105041 88373
156493 100706 89299
105678 125534 124752
107261 118558 126522
107374 122197 124547
108998 132658 115426
110353 109525 109994
111841 108982 119430
114648 109658 103874
116142 103990 113896
117318 101106 126985
118180 101509 123687
118606 100914 135446
118804 121841 97026
119093 118579 98173
119301 102506 113697
121070 116610 97523
122003 100721 109503
122389 101247 109358
122995 109707 96381
124669 102918 102688
127082 110285 96202
127267 95697 120099
130029 115455 89671
131211 97037 109816
131511 94150 121288
132091 99355 99394
135523 106831 92302
137333 113801 88003
141523 99241 102892
146125 109349 87168
146175 108005 89489
154607 102985 94646
