48386 212.339
190505 190947
202410 168056
212231 161192
203730 167008
194892 186367
217625 160437
189413 195692
202460 167907
208835 162222
207636 162803
200693 170777
209305 162108
202286 168267
192122 188463
208550 162367
211761 161306
203910 166346
201890 168881
219613 160342
199471 173200
201642 169099
201092 170223
208959 162148
201142 170074
212355 161118
202640 167245
209649 161756
208515 162470
208736 162292
207379 162828
207921 162658
221492 159852
207215 163070
206353 163678
207520 162811
208612 162366
231469 159148
192815 188164
205838 164112
210489 161508
208045 162584
231414 159250
210959 161394
210119 161642
206658 163419
207104 163171
198472 176096
200470 170983
199644 172772
190984 190439
215767 160659
197651 179996
206366 163598
207228 162916
232327 158554
198567 175895
207352 162842
206883 163402
193422 187250
205603 164424
208674 162293
198909 175479
205703 164396
207805 162666
232445 158219
198443 176106
204841 165004
214927 160907
189693 192793
190402 191668
192165 188267
200743 170628
204326 165438
206943 163274
235197 155666
193702 187233
208142 162480
205313 164767
211885 161232
192937 187544
195308 185539
203900 166999
205085 164965
217039 160457
191131 190022
244308 153401
236837 155420
204051 166218
231955 159122
203110 167131
198842 175552
210243 161568
215891 160585
191202 189694
209773 161682
205727 164213
191983 188636
238628 154529
198073 176650
209550 161826
233834 158058
191891 188938
234887 156754
205351 164577
191103 190105
191076 190154
231164 159689
214457 161021
234450 156908
241425 153698
211083 161320
243788 153466
240441 154069
232154 158947
189598 193050
191683 189454
199801 171529
234931 156480
200271 171415
191778 189197
204282 165852
205807 164177
223719 159700
210613 161434
215198 160843
198312 176501
240435 154414
201536 169903
215297 160773
220306 160084
242461 153579
199580 172857
189772 191924
190818 190530
197862 176771
214766 160978
231389 159523
203576 167074
244824 153347
189961 191903
199001 173314
204570 165399
205896 163712
209364 161901
219935 160199
233985 157124
234855 156900
190741 190749
193761 186878
237508 154861
199701 172389
219105 160376
