1825 23.4051
1.59674e+06 1.61429e+06 1.57285e+06 1.5778e+06
1.59046e+06 1.55789e+06 1.60714e+06 1.57604e+06
1.56606e+06 1.58614e+06 1.60155e+06 1.62405e+06
1.56217e+06 1.5628e+06 1.65053e+06 1.57475e+06
1.60719e+06 1.592e+06 1.62754e+06 1.56381e+06
1.60589e+06 1.59806e+06 1.60163e+06 1.55483e+06
1.54767e+06 1.61387e+06 1.6293e+06 1.62831e+06
1.59353e+06 1.53492e+06 1.59877e+06 1.58823e+06
1.67577e+06 1.56764e+06 1.63027e+06 1.54843e+06
1.65939e+06 1.51794e+06 1.63556e+06 1.62087e+06
1.55348e+06 1.61594e+06 1.58883e+06 1.65117e+06
1.56156e+06 1.54543e+06 1.60743e+06 1.58937e+06
1.60046e+06 1.59442e+06 1.65851e+06 1.55699e+06
1.57973e+06 1.57239e+06 1.59412e+06 1.62271e+06
1.55765e+06 1.59289e+06 1.61729e+06 1.62918e+06
1.63845e+06 1.60351e+06 1.54377e+06 1.58934e+06
1.61346e+06 1.62317e+06 1.53067e+06 1.64021e+06
1.60318e+06 1.54929e+06 1.54299e+06 1.64717e+06
1.63229e+06 1.56869e+06 1.57217e+06 1.60467e+06
1.61539e+06 1.5824e+06 1.62406e+06 1.5639e+06
1.59357e+06 1.53401e+06 1.60487e+06 1.62821e+06
1.6171e+06 1.60483e+06 1.57846e+06 1.58569e+06
1.55213e+06 1.60296e+06 1.60746e+06 1.62015e+06
1.5611e+06 1.6117e+06 1.59188e+06 1.60842e+06
1.67294e+06 1.62112e+06 1.58341e+06 1.56679e+06
1.60878e+06 1.5215e+06 1.58842e+06 1.6253e+06
1.58209e+06 1.58908e+06 1.582e+06 1.62322e+06
1.60786e+06 1.56074e+06 1.59548e+06 1.56934e+06
1.55329e+06 1.61152e+06 1.60092e+06 1.57996e+06
1.60478e+06 1.62655e+06 1.61466e+06 1.55262e+06
1.60664e+06 1.5286e+06 1.59566e+06 1.63503e+06
1.6022e+06 1.59715e+06 1.59366e+06 1.56772e+06
1.58378e+06 1.6049e+06 1.60655e+06 1.5796e+06
1.62114e+06 1.60773e+06 1.58379e+06 1.55417e+06
1.58342e+06 1.58261e+06 1.5858e+06 1.63996e+06
1.62345e+06 1.55574e+06 1.56032e+06 1.6199e+06
1.5747e+06 1.55195e+06 1.59729e+06 1.61914e+06
1.55614e+06 1.59319e+06 1.58799e+06 1.61792e+06
1.5968e+06 1.56431e+06 1.54993e+06 1.62035e+06
1.61296e+06 1.53107e+06 1.59628e+06 1.60858e+06
1.58423e+06 1.55008e+06 1.58132e+06 1.58401e+06
1.65252e+06 1.59822e+06 1.5818e+06 1.57063e+06
1.58182e+06 1.58309e+06 1.58221e+06 1.62891e+06
1.58462e+06 1.57111e+06 1.5608e+06 1.62749e+06
1.67388e+06 1.54206e+06 1.57083e+06 1.57624e+06
1.66385e+06 1.53267e+06 1.57567e+06 1.57896e+06
1.66097e+06 1.58014e+06 1.58183e+06 1.57834e+06
1.61049e+06 1.58836e+06 1.58868e+06 1.56062e+06
1.59243e+06 1.58929e+06 1.58532e+06 1.57292e+06
1.5827e+06 1.62279e+06 1.57837e+06 1.63637e+06
1.65826e+06 1.54805e+06 1.59532e+06 1.56306e+06
1.63446e+06 1.54133e+06 1.5714e+06 1.60191e+06
1.66078e+06 1.63873e+06 1.52767e+06 1.62322e+06
1.62342e+06 1.55903e+06 1.57535e+06 1.62872e+06
1.59155e+06 1.59431e+06 1.57806e+06 1.58782e+06
1.61638e+06 1.56494e+06 1.57805e+06 1.58824e+06
1.5769e+06 1.54026e+06 1.59518e+06 1.61215e+06
1.59371e+06 1.56663e+06 1.56053e+06 1.60786e+06
1.63888e+06 1.56502e+06 1.57017e+06 1.61409e+06
1.63769e+06 1.57374e+06 1.56406e+06 1.59711e+06
1.59872e+06 1.54464e+06 1.57834e+06 1.62709e+06
1.57498e+06 1.59166e+06 1.58016e+06 1.6257e+06
1.57128e+06 1.58386e+06 1.59223e+06 1.64845e+06
1.63384e+06 1.55831e+06 1.59414e+06 1.54884e+06
1.62618e+06 1.56621e+06 1.55473e+06 1.61519e+06
1.63528e+06 1.59211e+06 1.61455e+06 1.5434e+06
1.62307e+06 1.54468e+06 1.6185e+06 1.57973e+06
1.60297e+06 1.57166e+06 1.55558e+06 1.59903e+06
1.58911e+06 1.57122e+06 1.53182e+06 1.6084e+06
1.58931e+06 1.6255e+06 1.62235e+06 1.56925e+06
1.62186e+06 1.58318e+06 1.57413e+06 1.58265e+06
1.61576e+06 1.5959e+06 1.55721e+06 1.59341e+06
1.58226e+06 1.56002e+06 1.6129e+06 1.58211e+06
