1116 7.78028
278754 267721 288836
268050 270867 290221
271941 269061 282900
273462 269257 282271
268196 269490 288263
270863 271688 286027
284376 267278 288221
264002 285278 254737
266354 285085 254430
265123 285174 254468
266111 285384 253484
264882 287322 253972
266013 285106 253609
264973 286117 253926
265025 284896 254593
265777 288875 252743
267175 288854 252433
264847 288692 253922
265273 285258 253995
265620 291788 253082
265664 288210 253409
265961 286327 252942
265089 287806 253796
265967 287032 252912
265279 285963 253965
263730 288517 254536
264718 288727 253552
266306 290014 252721
267181 289559 252403
266346 290265 252401
266530 287717 252600
267221 289810 252083
265502 287256 253904
265542 287507 253584
265658 289196 253454
266340 289560 252431
267215 289105 252113
262686 295605 254126
261030 274612 263197
259072 274114 264392
259041 274340 263704
259413 274093 265213
265652 288491 253484
259617 273764 265534
259645 275464 262674
259007 274231 265780
267000 291991 252257
259662 273907 265084
264848 285733 254667
265842 286648 253653
266576 285791 253297
265836 285943 253683
260633 275674 261690
262877 290835 253697
264670 288986 254438
265358 290055 253385
266131 293151 252545
257755 276368 260106
258743 276578 259122
265161 291498 253465
258418 276371 259522
264351 289229 254419
265536 286802 253614
266524 287012 252630
254048 275258 265077
254711 275261 264493
255797 275870 261301
264501 289696 254246
264664 288281 254468
255433 274406 265600
256096 274409 265016
256460 275873 260717
257391 274904 264405
257005 275523 261859
257727 274668 262966
258963 276021 260664
253983 275375 266465
261750 274820 261561
256365 274383 269565
258451 274473 264781
256641 274059 266158
257214 275409 264440
259948 275174 262866
260679 272495 270819
261458 271769 270529
261393 271886 271917
258349 273016 265952
258896 274530 263334
260495 273652 265640
260324 276087 260038
261388 275100 260817
263649 275531 259598
257500 273762 267759
257610 273481 267471
257675 273364 266083
259049 273004 272342
259438 272775 271425
264386 278037 258874
264711 278244 258474
264981 275172 259901
264918 274945 260244
263993 274962 260885
264402 276517 259325
268575 278482 257424
270772 271711 270083
273459 271375 262897
277504 271018 273209
263760 277061 259101
266330 277842 257921
268751 276751 257236
260371 274819 261759
261337 275828 260570
261763 275142 260138
261855 274044 262329
262902 274506 262313
265023 274884 258069
265044 272264 261604
265180 274890 257990
267668 275957 257732
267717 273790 260564
261024 272775 263704
261760 272241 264653
262113 272898 263142
262892 272172 262852
263086 271766 262799
263734 272788 261714
264056 272054 262588
264850 272670 261657
265748 274085 259653
266729 273580 261548
267308 273763 261305
267743 272815 260850
268007 272945 259346
268447 272533 261555
269687 272818 260321
270932 271729 265057
271222 272356 259413
272013 274618 258627
272346 274612 259331
248385 275797 275929
251236 275145 275285
254063 274504 273911
243748 278733 269149
241862 283900 269937
247514 275942 273426
250191 275323 273937
249642 275381 272457
254272 281339 258115
248979 275378 273041
249594 275888 272072
254088 283887 257916
254231 281902 258243
250988 274681 275612
251504 275145 274166
253918 274059 274903
254591 274646 273340
252164 275306 272969
253743 274457 276579
253837 274592 273901
250136 283872 259984
250300 283328 259755
251835 275506 270459
252264 274667 271955
252572 274759 271748
252649 275533 268511
253194 275183 269653
253995 274833 271666
254412 273546 275513
255075 273549 274929
255203 274486 272224
255295 274086 272628
249732 279218 260781
252430 279564 259200
244241 278651 267105
250472 279066 260395
251034 279962 259843
253156 279916 258419
250294 280114 260229
250265 279488 260317
245019 277341 268266
250510 277908 261942
247909 284118 260337
249773 278655 260653
250227 280366 259890
249177 282687 260338
249218 282124 260210
249316 279941 260777
249357 279378 260649
249919 280274 260097
250040 279310 260574
250081 278747 260446
250459 282191 259695
251135 283185 259143
249934 283990 259374
250877 287506 258462
251199 280918 259705
251915 283905 258473
241316 286745 271434
253430 278720 259335
244938 277874 267264
245327 277433 268059
249025 288326 260114
249220 285860 258930
250780 279158 260188
251510 285450 258827
253738 278812 259128
251806 282788 258556
254126 282293 257941
254269 280308 258268
254501 282133 258073
254542 281570 257945
254564 280549 257795
254647 283752 257517
254831 281204 257716
254872 280641 257588
251558 277848 261349
244282 278088 266977
244844 277739 269942
249110 282939 259999
249897 281295 260247
250335 279551 260101
250643 279643 259894
251383 279491 259508
244603 278064 268262
245759 277189 267880
251366 278245 261202
244107 278486 268653
246612 276931 268815
250821 278595 260060
251199 282039 259309
243691 279209 268649
244590 278180 266770
250891 281947 259516
251075 279399 259715
252146 279994 259151
241336 285214 268847
242034 289727 266767
243806 278635 268585
244130 278323 267560
242266 282720 264375
245260 281205 261317
242483 285804 263849
243119 283422 262178
246717 277931 262417
249262 278767 261122
244989 277873 263787
247262 277581 263559
249613 277034 265434
249715 277615 262487
243334 280094 262525
243582 280456 261927
243642 280186 262318
244965 278186 263918
245240 278830 261514
245297 277965 263580
245534 277523 264929
245705 278034 263532
245729 277721 263401
246037 277813 263194
247987 277557 263857
249272 277055 264613
246274 277371 264543
248532 277207 264999
248840 277299 264792
249580 277147 264406
243836 279343 262494
244371 278288 264803
244824 279553 261510
244892 279466 262045
245977 278083 262803
246048 278591 261663
246094 284240 260845
246298 281269 261294
246757 279956 261499
246768 277686 264187
247497 279804 261113
248038 277312 265627
248238 278514 261584
245040 277628 265557
245348 277720 265350
246156 277481 265499
247558 278396 262361
247966 278465 262313
248778 277160 265241
243955 279011 264799
244303 278375 264268
244320 278533 263033
244692 278264 266088
245057 277786 264322
245060 278381 262647
245108 277541 266092
245308 278743 262049
245848 277389 265706
248795 277318 264006
248954 278675 261329
249108 279502 260825
243281 282812 262051
243812 279656 262625
243904 279256 263029
244144 279435 262287
244252 278620 262498
247395 279316 261511
247450 281128 261238
248539 280774 260644
248546 278606 261377
248978 278362 261198
249233 276614 266049
249286 278454 260991
249540 279258 260646
249848 279350 260439
247142 281036 261445
247197 276464 267626
248185 276674 266642
248188 277269 264967
248245 276404 267033
248296 276159 268803
248482 275962 268382
248493 276766 266435
248496 277361 264760
248727 277405 263471
248901 276835 266387
248925 276522 266256
248975 277767 262873
248976 276277 268026
250023 277707 262280
252600 278290 259975
248717 279726 260810
253032 278046 259796
253340 278138 259589
253902 279034 259037
252292 278198 260182
246460 277211 266337
246768 277303 266130
247200 277059 265951
248298 278244 261975
241086 287744 270531
249339 278308 261273
247869 277097 265819
248659 278190 262050
248907 278552 261452
249647 278400 261066
247129 277249 266205
247505 276556 267419
247866 276502 267494
251612 278080 260959
241991 281130 267649
242057 279914 266544
242112 279245 266473
242436 279816 266083
242684 280178 265485
242781 282223 263880
243197 281500 263884
243226 280909 262314
243263 280284 262779
243835 281217 261791
247481 276869 267550
247508 277151 265744
253866 278019 259663
249752 278680 260717
254817 278755 258132
256702 278062 258750
250605 279095 260288
252909 278737 259874
241568 283630 270404
243471 279140 274366
247281 283105 261158
247881 279040 260965
255974 283456 256647
256199 283991 256427
256553 279674 256959
257587 282426 256870
255998 283143 256516
256107 281045 257072
256529 279987 257090
257056 285582 256296
257072 286146 256107
257611 282113 256739
258958 279947 255914
259511 281318 255607
260461 283032 255118
260992 279876 255692
261016 279563 255561
261495 285784 255029
261519 285471 254898
262574 283590 254955
263608 280869 255424
264646 281247 255383
249517 280671 260291
251175 279045 259878
254917 279000 257330
254941 278687 257199
254992 278442 258969
255662 278621 258349
259380 278889 255932
259404 278576 255801
259455 278331 257571
262050 282315 255472
241235 287278 270432
254317 283065 257523
257722 280515 256345
252223 278854 260009
254776 281752 257728
260570 280934 255674
260592 278150 258631
250711 277218 261369
247190 277353 265245
248440 277462 263225
248815 277302 263357
249846 276914 264144
250067 277466 263089
251699 277428 260385
251982 278562 260123
252279 277070 261011
253214 276281 263296
253545 276775 262237
251399 276292 264553
251854 276232 264033
255767 277919 259346
252226 276071 264280
256320 275256 264841
250659 275775 265738
251016 277013 262629
250255 275662 266375
253997 275617 263827
253369 282753 258418
253410 282190 258290
253594 279642 258489
256142 277759 259478
256183 277196 259350
256716 277466 258886
249872 276383 264451
253614 276338 261903
253774 276544 260891
254401 275730 263190
251589 279103 259393
250032 276589 263439
250209 276027 268079
250415 275868 265363
254157 275823 262815
255094 276206 261714
251001 281538 259831
251185 278990 260030
250276 276496 263814
251405 281651 259194
253358 277267 260887
253762 277380 260250
254018 276451 261266
254178 276657 260254
254561 275936 262178
254711 276927 259790
249456 277106 264447
249839 276385 266371
249860 277219 263810
250436 276702 262802
253198 277061 261899
254192 274843 267590
257696 275800 261582
250819 275981 264726
253550 275732 264767
253630 275552 265326
253758 275409 268367
253889 275384 266225
253933 275011 266691
254272 274663 268149
254337 275124 266054
254676 274776 267512
257631 275339 263677
250989 282374 259190
251522 282644 258726
251706 280096 258925
251938 281921 258730
252541 284536 258335
254295 277650 259786
