86 24.7795
3.00677e+06 2.98755e+06 3.08313e+06
3.01337e+06 3.00768e+06 3.04108e+06
3.00572e+06 2.99476e+06 3.09122e+06
3.02532e+06 3.0157e+06 3.02626e+06
3.04699e+06 3.12374e+06 2.93688e+06
3.03719e+06 2.99506e+06 3.01079e+06
2.96526e+06 3.05282e+06 3.04226e+06
3.03137e+06 2.99645e+06 3.01927e+06
3.03604e+06 3.07437e+06 2.97177e+06
3.04629e+06 3.08858e+06 2.94764e+06
2.9802e+06 3.00961e+06 3.08016e+06
3.03134e+06 3.0155e+06 3.01618e+06
3.0319e+06 3.02974e+06 2.99458e+06
3.03516e+06 3.02627e+06 3.01033e+06
3.10132e+06 2.97866e+06 3.01908e+06
3.00845e+06 3.01028e+06 3.03257e+06
3.01196e+06 3.03376e+06 3.01099e+06
2.97561e+06 3.07694e+06 2.98373e+06
3.06336e+06 2.98642e+06 3.01982e+06
2.9721e+06 3.01376e+06 3.08428e+06
2.99497e+06 3.01376e+06 3.05816e+06
3.02457e+06 3.12965e+06 2.97209e+06
3.09532e+06 3.05783e+06 2.9238e+06
2.97218e+06 2.98775e+06 3.09192e+06
2.9766e+06 3.05775e+06 2.97948e+06
3.00114e+06 3.04073e+06 2.99036e+06
3.0158e+06 2.95489e+06 3.06742e+06
3.02948e+06 3.09659e+06 2.96312e+06
3.04344e+06 2.99314e+06 3.01363e+06
3.08857e+06 2.95999e+06 3.03502e+06
2.96946e+06 3.02998e+06 3.03488e+06
2.9945e+06 3.02135e+06 3.03486e+06
3.00204e+06 3.01721e+06 3.01781e+06
3.03611e+06 2.95505e+06 3.05085e+06
3.07838e+06 2.95471e+06 3.09751e+06
2.9225e+06 3.06759e+06 3.01034e+06
2.99416e+06 3.04428e+06 3.02736e+06
3.00781e+06 2.95534e+06 3.10344e+06
3.00956e+06 3.0078e+06 3.02723e+06
3.03529e+06 3.02191e+06 3.00708e+06
3.04224e+06 2.97794e+06 3.03866e+06
3.04303e+06 3.05033e+06 2.97146e+06
3.04558e+06 3.00153e+06 2.98836e+06
3.05134e+06 3.07374e+06 2.96899e+06
3.0606e+06 3.0549e+06 2.95861e+06
2.9557e+06 3.04617e+06 3.06104e+06
2.95676e+06 3.03424e+06 3.09553e+06
2.99582e+06 3.0461e+06 3.01875e+06
3.02092e+06 3.03849e+06 2.97564e+06
3.02518e+06 3.08783e+06 2.97429e+06
3.03326e+06 3.02544e+06 3.01479e+06
3.04966e+06 2.99484e+06 2.97052e+06
3.05441e+06 3.09572e+06 2.94747e+06
3.07526e+06 3.08363e+06 2.94438e+06
2.97294e+06 3.05531e+06 3.00654e+06
2.98442e+06 3.00208e+06 3.08658e+06
2.98842e+06 3.00663e+06 3.07941e+06
2.99069e+06 3.04466e+06 3.0235e+06
2.99274e+06 3.05019e+06 2.97446e+06
3.01578e+06 3.14301e+06 2.96394e+06
3.02306e+06 2.96605e+06 3.05292e+06
3.02562e+06 3.02986e+06 2.98702e+06
3.02784e+06 3.02981e+06 2.99969e+06
3.03677e+06 3.09521e+06 2.9562e+06
3.03718e+06 2.99946e+06 3.00864e+06
3.05017e+06 2.97402e+06 3.0467e+06
3.10315e+06 2.93907e+06 3.05038e+06
