158 7.44971
226725 226691 182327
226264 225397 182719
224899 226914 180782
223038 227063 182360
221995 231537 178867
219431 216658 187464
225017 228152 179373
226385 232741 177367
219197 216193 187975
220605 230239 180468
224233 228794 178824
222610 230933 177971
223056 232206 177524
223149 231966 177747
217810 236539 180123
220101 230439 179565
225910 233088 176676
228838 240483 175351
219877 230906 179154
166619 286202 265191
217178 216852 186349
219155 216903 185495
220339 231574 178274
227966 227117 176947
228288 223519 177911
228927 224954 177890
165830 285077 266399
217377 217946 185193
224124 235461 175646
224288 233288 176858
227119 223287 178476
228413 225068 177844
228743 222962 178273
230170 220902 177469
232833 219664 177414
215404 218509 186216
217595 216781 185621
230465 220323 177823
232849 221185 176335
214959 219596 185640
231766 221305 175688
231776 223908 174774
232657 221317 174522
215988 219171 184978
221738 208779 188193
216439 217902 185301
215765 218046 185053
216474 218133 184247
217447 217327 183902
240738 166667 241883
218487 235867 178369
219382 232972 177427
232664 225380 171898
220627 233395 177029
232378 223721 172283
217027 219713 182848
232763 163144 255315
231937 165860 248825
232400 163156 254730
233728 214751 172332
233947 212533 174486
236885 214978 169529
237298 161570 254702
218776 231900 178104
254987 160958 230978
220853 234948 176259
238262 160131 254519
234248 214672 170004
234495 215412 169914
233265 214918 170172
233386 163380 251552
237499 215091 167877
238032 160205 253965
238108 216313 167011
231859 163514 256067
232972 219434 169032
233994 215849 169133
238376 214099 167507
160915 290176 266471
236655 211057 171378
237453 216418 167177
239545 159604 254226
238564 215590 165544
208622 201549 195984
209029 201409 195383
238070 218540 164828
237090 160255 255724
237463 217642 165590
237624 222834 164836
238128 215641 165526
160725 289157 267347
206089 200490 196257
230891 163336 256093
236724 211382 169581
238442 212323 167269
239152 213245 165904
241725 214958 164640
242170 214662 164543
207755 200291 196142
231042 162961 259553
232104 163386 251672
160532 290994 267547
204966 204625 195568
232874 162003 257751
244977 213463 164190
231109 163566 250294
232253 162279 255926
235839 221895 164997
240212 212402 165910
242857 214833 163714
160941 289172 266491
205835 201667 195386
240115 210535 168258
204100 202049 197489
205804 201674 195649
235978 218850 164838
236282 222898 162977
204657 200203 198154
206449 203168 193968
236575 229544 161491
246567 211450 165076
206219 197218 197407
237322 235511 160157
206510 203724 193257
206514 202667 191735
237484 236242 159011
237988 231724 160503
242891 214266 162377
246241 214614 162136
246317 212430 163311
237965 244643 158218
238649 241273 158529
241803 216118 161757
245254 210423 165312
194912 234651 186910
206533 195078 197501
237362 236281 159474
240289 242237 157829
258156 151296 231471
261757 149333 239496
262603 150273 233203
207909 196681 196020
247465 152227 235072
261828 148571 240754
206820 194594 197892
208955 193837 197081
235534 241348 159373
239677 218290 161312
246989 215885 158017
250092 153274 231313
206067 193592 200333
206626 195341 196963
209075 195168 194590
245178 216348 158052
246405 153108 232607
246880 152571 235441
249106 217568 157462
249260 151702 232736
258090 151368 231399
261501 148730 239591
206345 195402 197049
244532 153781 234174
246369 215072 158282
247722 151892 232898
249449 217517 156920
250869 215884 157714
259961 150534 231810
260773 148467 241440
205178 204295 190727
244762 214697 158375
247063 151660 236688
247952 213238 159914
249511 216814 156233
250114 216981 155471
250289 216936 155912
252450 150956 232927
209869 193921 194449
242636 215223 158883
244745 214703 158317
259839 150781 230840
262280 148074 240214
190519 235656 187511
205077 195445 197515
230967 162266 259922
240126 217847 158445
242051 215851 158282
244789 153446 232000
246228 151766 237617
251389 217430 153629
253023 216024 153712
189564 234457 188877
205878 205165 189268
238900 221255 158177
247893 152043 232258
251886 219421 152906
252471 219403 153403
253825 215688 154055
243689 153910 231430
254154 144729 247076
254428 214439 154023
187566 237429 188974
188287 238699 185788
209330 193504 195058
242691 226730 154690
254744 144339 246082
256880 152482 224895
257038 217396 153233
254555 211886 154539
154739 267951 272123
187998 239917 185594
191564 235045 184302
209301 194243 192162
213822 193127 192042
248210 220466 152578
253903 144972 245944
259234 153139 222172
188834 239389 183712
203670 192487 203845
204489 192371 201190
209283 196249 191793
247300 223100 151769
248291 220019 153443
248367 220396 152767
254511 145140 243871
257521 213600 152626
258733 151638 223296
188213 238769 185449
202557 193915 200568
204115 191812 206703
253355 145103 246088
259449 141137 252172
261574 152137 222253
189925 239470 180984
212382 192054 193130
247643 223148 151176
248056 226495 150837
250093 225394 150613
188970 240936 183057
198475 196675 200018
248083 226093 150900
254993 141986 252750
154949 265215 272974
199021 196790 198775
199164 193946 199824
214751 192708 190690
247180 223703 151447
249582 226871 150120
255687 141908 249141
260320 140571 251953
261460 140243 255098
262263 213325 152548
265158 140393 249871
194488 238926 178456
199638 192941 202721
240753 216130 158680
248153 226910 150354
250834 144076 257988
251071 235107 149836
259830 224526 149568
262889 139222 255725
263050 140434 249268
154624 270679 270668
199001 194751 200538
199180 193213 202981
199921 193300 202497
253241 212015 155079
154491 273380 272510
155589 262049 271003
190250 244864 180312
249346 144745 257461
252879 213130 154382
255078 141434 249757
258676 142525 244167
154626 273172 269657
155037 264079 269334
155548 262847 268185
189204 237213 181366
189281 236403 183172
189613 240762 180541
198997 192120 205247
246742 220977 152020
247130 229341 150011
252607 142229 249414
257915 151736 222715
260033 224911 149484
155557 262358 267989
189876 236512 181230
197619 194038 201287
198330 192838 210624
210262 193590 192185
249057 144934 258391
258409 213375 151738
260231 150776 224291
