0 0.177618
3.14836e+06 3.23917e+06 3.24065e+06
3.15237e+06 3.22587e+06 3.21473e+06
3.15333e+06 3.28607e+06 3.20369e+06
3.16183e+06 3.21323e+06 3.27816e+06
3.16228e+06 3.2673e+06 3.21102e+06
3.16392e+06 3.21408e+06 3.16885e+06
3.17753e+06 3.19992e+06 3.24408e+06
3.18102e+06 3.20328e+06 3.22026e+06
3.18843e+06 3.19353e+06 3.26307e+06
3.19063e+06 3.18919e+06 3.25294e+06
3.19392e+06 3.25364e+06 3.16536e+06
3.19772e+06 3.18511e+06 3.28796e+06
3.19935e+06 3.20118e+06 3.17135e+06
3.2068e+06 3.20086e+06 3.2331e+06
3.20759e+06 3.25635e+06 3.15757e+06
3.20949e+06 3.16786e+06 3.24341e+06
3.21122e+06 3.19507e+06 3.2318e+06
3.21295e+06 3.22366e+06 3.16412e+06
3.21583e+06 3.2479e+06 3.1332e+06
3.21665e+06 3.19304e+06 3.24254e+06
3.2239e+06 3.24434e+06 3.16356e+06
3.225e+06 3.17795e+06 3.21963e+06
3.22864e+06 3.16626e+06 3.31874e+06
3.23152e+06 3.19841e+06 3.18881e+06
3.23362e+06 3.17979e+06 3.19884e+06
3.24122e+06 3.21122e+06 3.10003e+06
3.24206e+06 3.19182e+06 3.19494e+06
3.24474e+06 3.1376e+06 3.2671e+06
3.24722e+06 3.15808e+06 3.19622e+06
3.26172e+06 3.18356e+06 3.18099e+06
3.26536e+06 3.18705e+06 3.17163e+06
3.2718e+06 3.1775e+06 3.195e+06
3.27294e+06 3.17394e+06 3.15189e+06
3.27429e+06 3.14114e+06 3.20057e+06
3.27455e+06 3.20739e+06 3.1224e+06
