327 13.7891
1.4903e+06 1.45458e+06 1.50739e+06
1.4849e+06 1.46735e+06 1.49122e+06
1.48975e+06 1.45949e+06 1.49724e+06
1.48279e+06 1.46886e+06 1.49113e+06
1.48019e+06 1.45964e+06 1.50676e+06
1.48553e+06 1.46689e+06 1.49078e+06
1.48303e+06 1.45583e+06 1.50212e+06
1.48351e+06 1.45597e+06 1.5018e+06
1.48292e+06 1.46501e+06 1.49252e+06
1.48454e+06 1.46309e+06 1.49236e+06
1.48552e+06 1.4693e+06 1.49086e+06
1.4857e+06 1.4591e+06 1.49774e+06
1.48643e+06 1.45961e+06 1.49686e+06
1.48687e+06 1.46077e+06 1.49461e+06
1.48713e+06 1.4668e+06 1.49033e+06
1.49084e+06 1.46369e+06 1.49169e+06
1.49447e+06 1.4656e+06 1.49068e+06
1.48463e+06 1.45574e+06 1.50168e+06
1.4854e+06 1.45638e+06 1.50043e+06
1.48451e+06 1.46022e+06 1.4963e+06
1.48456e+06 1.46528e+06 1.49125e+06
1.48531e+06 1.46372e+06 1.49111e+06
1.48535e+06 1.46687e+06 1.49102e+06
1.48548e+06 1.46444e+06 1.49092e+06
1.48601e+06 1.46114e+06 1.49463e+06
1.4861e+06 1.46014e+06 1.49586e+06
1.48612e+06 1.46782e+06 1.49043e+06
1.48615e+06 1.46027e+06 1.49549e+06
1.48631e+06 1.46099e+06 1.4953e+06
1.48632e+06 1.45787e+06 1.49948e+06
1.48666e+06 1.45977e+06 1.49632e+06
1.48717e+06 1.46063e+06 1.49528e+06
1.4872e+06 1.46024e+06 1.49561e+06
1.4879e+06 1.46113e+06 1.4944e+06
1.48791e+06 1.46126e+06 1.4943e+06
1.48819e+06 1.45773e+06 1.49934e+06
1.49165e+06 1.4632e+06 1.49203e+06
1.48069e+06 1.45816e+06 1.50213e+06
1.48371e+06 1.4578e+06 1.49999e+06
1.48376e+06 1.45633e+06 1.50124e+06
1.48381e+06 1.45646e+06 1.50087e+06
1.48453e+06 1.45696e+06 1.49999e+06
1.48536e+06 1.45624e+06 1.50079e+06
1.48613e+06 1.45688e+06 1.49954e+06
1.48622e+06 1.45588e+06 1.50077e+06
1.47982e+06 1.46398e+06 1.49735e+06
1.48057e+06 1.46242e+06 1.49722e+06
1.48084e+06 1.46108e+06 1.50141e+06
1.48102e+06 1.46358e+06 1.49708e+06
1.4813e+06 1.46292e+06 1.49634e+06
1.48131e+06 1.46019e+06 1.50202e+06
1.48133e+06 1.46578e+06 1.4924e+06
1.48135e+06 1.46305e+06 1.49597e+06
1.48062e+06 1.45885e+06 1.50244e+06
1.48066e+06 1.45802e+06 1.50387e+06
1.48228e+06 1.46042e+06 1.49719e+06
1.48248e+06 1.45546e+06 1.50317e+06
1.48141e+06 1.45822e+06 1.49948e+06
1.48167e+06 1.45566e+06 1.50299e+06
1.48171e+06 1.45483e+06 1.50442e+06
1.48182e+06 1.45716e+06 1.50183e+06
1.48195e+06 1.45869e+06 1.49877e+06
1.48218e+06 1.45886e+06 1.49823e+06
1.48223e+06 1.45529e+06 1.50345e+06
1.48235e+06 1.45972e+06 1.49688e+06
1.4824e+06 1.45986e+06 1.49652e+06
1.48265e+06 1.45633e+06 1.50183e+06
1.48268e+06 1.45919e+06 1.49789e+06
1.48269e+06 1.45646e+06 1.50146e+06
1.48278e+06 1.45546e+06 1.50268e+06
1.48291e+06 1.45936e+06 1.49735e+06
1.48334e+06 1.4551e+06 1.50315e+06
1.48342e+06 1.45696e+06 1.50058e+06
1.48345e+06 1.45983e+06 1.49664e+06
1.48372e+06 1.45682e+06 1.50125e+06
1.4795e+06 1.46025e+06 1.50385e+06
1.47985e+06 1.46684e+06 1.49341e+06
1.48011e+06 1.46058e+06 1.50229e+06
1.48015e+06 1.46344e+06 1.49836e+06
1.48054e+06 1.46448e+06 1.49647e+06
1.48059e+06 1.46461e+06 1.4961e+06
1.48062e+06 1.46747e+06 1.49216e+06
1.48084e+06 1.46433e+06 1.49714e+06
1.48088e+06 1.46719e+06 1.4932e+06
1.48092e+06 1.46408e+06 1.49711e+06
1.48108e+06 1.4645e+06 1.49399e+06
1.48135e+06 1.46797e+06 1.49128e+06
1.48143e+06 1.46205e+06 1.49719e+06
1.48165e+06 1.46783e+06 1.49195e+06
1.48186e+06 1.46514e+06 1.49275e+06
1.48211e+06 1.46486e+06 1.49378e+06
1.48087e+06 1.46078e+06 1.4979e+06
1.48095e+06 1.45639e+06 1.50455e+06
1.48125e+06 1.46046e+06 1.49966e+06
1.48162e+06 1.45922e+06 1.49777e+06
1.48192e+06 1.45583e+06 1.50271e+06
1.48214e+06 1.45873e+06 1.4986e+06
1.48222e+06 1.46172e+06 1.49429e+06
1.48243e+06 1.46272e+06 1.49258e+06
1.48244e+06 1.45858e+06 1.49926e+06
1.48273e+06 1.45932e+06 1.49752e+06
1.48273e+06 1.45518e+06 1.50421e+06
1.48294e+06 1.45618e+06 1.5025e+06
1.48354e+06 1.45868e+06 1.49902e+06
1.48355e+06 1.4561e+06 1.50144e+06
1.48145e+06 1.46109e+06 1.49554e+06
1.48166e+06 1.46209e+06 1.49383e+06
1.48174e+06 1.45769e+06 1.50048e+06
1.48227e+06 1.46496e+06 1.49276e+06
1.48268e+06 1.46244e+06 1.49362e+06
1.48312e+06 1.46036e+06 1.49564e+06
1.48316e+06 1.46322e+06 1.4917e+06
1.48342e+06 1.46021e+06 1.49631e+06
1.48346e+06 1.46308e+06 1.49237e+06
1.48405e+06 1.45849e+06 1.49946e+06
