34 1.14045
804053 789832 745894 824475
794332 797018 810025 765652
833026 791320 746392 813162
786694 783575 764039 803627
799622 773196 773318 804743
778329 816995 792413 771661
798226 756863 788776 801003
800846 790180 785432 770736
780543 809847 813548 778738
763274 792908 841141 778590
776633 783144 772375 839400
804342 788350 818118 757107
779427 821719 773231 771504
795213 792544 783553 769193
813791 750234 805409 812319
803460 784999 787429 778520
817116 783416 806323 748732
757100 803014 788926 787553
818675 758909 779646 817731
792168 783679 771631 797147
792633 804558 807946 761225
803282 802978 744096 825985
805318 786520 792009 776899
861349 774945 764166 780606
799470 754777 787136 838599
813305 753427 807157 775623
816865 787207 802120 758963
793917 797909 778694 754342
806784 777349 766465 798195
812863 767331 773245 832713
758276 796549 790331 804626
792535 750455 819850 778437
828889 760381 781925 787785
833106 813446 762041 766500
842061 750878 784009 817271
783159 774454 796182 770564
805141 779217 761157 790641
770252 794453 771824 805553
776351 807568 776314 787663
777565 783697 771983 790413
793030 793500 748535 791806
800453 822173 734755 816144
801457 788638 830068 766141
814364 753199 781993 819162
824324 807073 783805 742376
769519 802516 809261 791982
775291 764278 780479 799318
781270 803632 810036 777169
792887 762216 790434 810991
805005 788700 814229 768457
806546 813071 745285 779514
839458 791075 773360 764175
769291 816700 775459 778589
781336 756677 790336 814185
792697 810702 759147 769496
794333 775804 766581 803481
798875 762319 782590 779458
807089 772060 777745 787671
811010 809945 758203 771256
815057 781909 800310 762152
747710 795667 790797 812649
750503 794584 799660 819252
757257 785902 810218 781002
776257 778085 781353 781856
785072 807430 764466 799607
798265 803150 803730 746949
814055 777694 772840 767207
826417 787825 789594 764051
787261 773401 779924 786010
791449 759604 778342 817268
803692 788242 782707 771497
804947 770361 778317 776925
813565 759309 780374 812983
820094 791692 738804 800103
827326 773637 774357 769017
771802 788100 785362 836647
790375 765492 782739 797078
799130 798073 749344 772145
803204 796249 766333 765981
847042 769808 775379 762845
766315 789277 774306 812085
769615 812523 774529 811572
788199 794555 749064 789239
814452 751385 793338 789387
818181 769505 807275 775556
819795 766520 775390 782841
774933 787619 787764 832341
776589 785066 779050 814568
777508 802224 772627 804483
784348 758948 802450 792396
793333 804330 737516 816393
794627 799230 764578 769325
803017 771699 780792 791305
814361 807264 742190 799980
748389 787059 801484 804661
775181 814464 798498 772685
783353 765903 822804 788175
785114 822154 742303 776522
785423 757408 823945 798750
785953 747708 802151 821386
794449 783321 770508 802065
794989 780826 746774 799982
806784 802952 738107 808371
808359 793175 756068 798640
812639 777897 808050 762556
813561 781546 755012 792986
826118 777356 763072 775994
782353 793144 767841 806677
785096 788661 770542 772436
787537 774844 774466 780826
787894 779643 794105 780080
790244 801320 769615 778843
801857 790116 800118 763856
805474 821035 742671 801273
805712 788123 766984 765255
806173 803046 743009 800849
813169 782487 806782 764707
815653 800460 790559 737609
816787 793961 790645 758502
756900 823462 809109 799476
767987 802873 785244 794231
776839 777961 824759 795027
777937 767603 754808 807164
779419 773925 794668 781869
782427 795588 788605 766332
788950 755653 801202 814801
812638 793352 794343 754720
812681 757846 816331 791579
826128 769398 777528 778458
829285 830060 743547 764893
837404 756054 791058 795785
850201 771152 765247 790432
758444 778844 799228 795469
772214 811706 780862 800151
791376 767266 774280 799488
796303 798770 761754 773662
799759 772564 764774 799429
802633 775438 793421 779090
815119 817408 761620 755159
818793 757501 778515 838566
822170 748961 785673 819074
838430 797690 738711 804739
773414 806245 800374 783046
787638 788089 761262 793555
805571 782087 769369 772299
819604 778247 754308 796471
824211 753700 789242 805874
838603 765702 789019 769122
773078 796937 782568 789458
780332 816876 773089 779553
785391 762903 794710 786248
803134 768476 774903 788082
803223 763525 781251 816362
807440 756452 792680 795945
809794 790902 760755 796587
828135 765470 771389 804416
834193 776844 835014 766369
770639 754349 805217 824307
786248 753733 818898 800693
790276 770407 786952 799060
800862 794335 751437 773301
802477 809071 777942 736366
802549 776119 752779 820166
805371 792598 761088 795349
813900 764789 773741 813280
817194 789764 766640 778385
820399 781212 750915 776781
820625 749274 787827 820117
833674 761938 758507 811429
