41 5.28336
1.58601e+06 1.59738e+06 1.54636e+06
1.59582e+06 1.57925e+06 1.54129e+06
1.54588e+06 1.55378e+06 1.62536e+06
1.54624e+06 1.56554e+06 1.56592e+06
1.59183e+06 1.53824e+06 1.55829e+06
1.5292e+06 1.59974e+06 1.59277e+06
1.54169e+06 1.57135e+06 1.56608e+06
1.56098e+06 1.54532e+06 1.6091e+06
1.52447e+06 1.62713e+06 1.5468e+06
1.53785e+06 1.55326e+06 1.62545e+06
1.60398e+06 1.60232e+06 1.52532e+06
1.62655e+06 1.62834e+06 1.50917e+06
1.59797e+06 1.6004e+06 1.54081e+06
1.56357e+06 1.51459e+06 1.5899e+06
1.5535e+06 1.55802e+06 1.56546e+06
1.53085e+06 1.59729e+06 1.59812e+06
1.59819e+06 1.60042e+06 1.53112e+06
1.62332e+06 1.5765e+06 1.5168e+06
1.65509e+06 1.61458e+06 1.51341e+06
1.55418e+06 1.60626e+06 1.55619e+06
1.58605e+06 1.54274e+06 1.57311e+06
1.51445e+06 1.58473e+06 1.5988e+06
1.58892e+06 1.59244e+06 1.5435e+06
1.5348e+06 1.56608e+06 1.63895e+06
1.5718e+06 1.57968e+06 1.55771e+06
1.57547e+06 1.59239e+06 1.54864e+06
1.60372e+06 1.6031e+06 1.52673e+06
1.55414e+06 1.54865e+06 1.55993e+06
1.58122e+06 1.60356e+06 1.53222e+06
1.61098e+06 1.5398e+06 1.55122e+06
1.5978e+06 1.49522e+06 1.59705e+06
1.55265e+06 1.57994e+06 1.56348e+06
1.6415e+06 1.53481e+06 1.55756e+06
1.53847e+06 1.56946e+06 1.61881e+06
1.54156e+06 1.6027e+06 1.58175e+06
1.60928e+06 1.59545e+06 1.52614e+06
1.52195e+06 1.62465e+06 1.59413e+06
1.57281e+06 1.559e+06 1.55304e+06
1.53162e+06 1.5667e+06 1.63508e+06
1.55151e+06 1.61296e+06 1.54583e+06
1.558e+06 1.53284e+06 1.64197e+06
1.58135e+06 1.56329e+06 1.54912e+06
1.6441e+06 1.52135e+06 1.55705e+06
1.55457e+06 1.5456e+06 1.62453e+06
1.59257e+06 1.54962e+06 1.55802e+06
1.60024e+06 1.56725e+06 1.53099e+06
1.61263e+06 1.55917e+06 1.5262e+06
1.60392e+06 1.60048e+06 1.52848e+06
1.6185e+06 1.53885e+06 1.51998e+06
1.54494e+06 1.54815e+06 1.63026e+06
1.59836e+06 1.5557e+06 1.55503e+06
1.60097e+06 1.51282e+06 1.56937e+06
1.61823e+06 1.54612e+06 1.53221e+06
1.54237e+06 1.63286e+06 1.54649e+06
1.55209e+06 1.54794e+06 1.56759e+06
1.56463e+06 1.52853e+06 1.58821e+06
1.57966e+06 1.54135e+06 1.57596e+06
1.54377e+06 1.63158e+06 1.53986e+06
1.57471e+06 1.51483e+06 1.58479e+06
1.64102e+06 1.52436e+06 1.56066e+06
1.51091e+06 1.59635e+06 1.60004e+06
1.54316e+06 1.55219e+06 1.62973e+06
1.54954e+06 1.5537e+06 1.61989e+06
1.57793e+06 1.60835e+06 1.54323e+06
1.59018e+06 1.51601e+06 1.56136e+06
1.5943e+06 1.51165e+06 1.63888e+06
1.59598e+06 1.57598e+06 1.5414e+06
1.60728e+06 1.54093e+06 1.53662e+06
1.61576e+06 1.49577e+06 1.59327e+06
1.54362e+06 1.5569e+06 1.58206e+06
1.55189e+06 1.61096e+06 1.55833e+06
1.5664e+06 1.533e+06 1.58704e+06
1.62512e+06 1.49174e+06 1.58035e+06
