11324 223.777
450860 447121
453253 445488
453286 436907
453785 431950
454627 413164
459556 402321
458042 403201
454268 423768
458822 402727
461569 399828
460569 400367
456147 404647
463005 398591
459945 401654
461187 399938
462110 398632
464349 396417
467531 395137
463574 396698
454536 416140
464608 395460
477496 384295
470355 391895
474903 385788
469336 392320
479102 383530
478171 383778
476476 384385
474222 387383
476069 385507
471921 391291
474019 387762
479107 382979
475303 385625
479225 382927
478481 383630
472024 389246
474680 387229
472250 388028
471341 391645
481408 379490
479412 381349
490178 373272
482466 376310
488646 374894
489395 374571
482988 375160
491469 372905
504715 365945
492228 369516
496660 367310
510062 362839
522776 359916
522927 358530
523336 357924
517701 360815
539176 354995
538325 355287
535892 355382
518637 360121
531786 356837
540009 354333
533042 356601
535724 355426
527403 357740
539816 354637
517247 362623
539139 355181
