7 0.453039
809566 743630 752212
726728 775422 761377
728572 774886 758368
741586 759321 744295
742574 762576 742307
743410 760395 744045
750317 773624 733235
775215 733386 761736
778867 735514 756488
779351 735150 759317
807180 753296 739216
811525 748631 734412
705743 767079 785033
706840 765899 781659
708026 764136 780398
709464 744511 777044
709511 747044 775816
710293 746818 776637
711750 748815 771431
711809 745918 776495
712451 747801 771682
712618 746194 774146
712718 747272 772543
719040 750454 769317
724617 724310 770803
725539 723321 784122
726264 722755 776359
727715 721742 782994
728616 721625 783091
728749 723222 772596
729729 727001 770498
730648 728686 768514
730840 765787 739968
731034 728538 770285
731134 765137 740429
732245 771336 737551
733130 765556 740203
733261 764348 737966
733369 772118 736918
733773 763441 736539
733917 721687 773005
735325 772775 735142
735690 768150 734613
735898 719035 773879
737574 752493 745993
737977 752288 745776
738943 752802 744670
739136 727449 765896
739365 727289 765005
740578 721539 771025
740684 727155 765992
740697 726993 766461
740730 723122 768395
743432 724888 765992
747683 731390 764906
783533 793597 715456
784105 792002 716168
791443 781775 713147
793893 781688 714569
793907 781655 715317
794139 778681 714613
795522 778391 714014
801015 773136 711510
801380 776780 708783
810638 748947 734794
814232 753643 732352
815764 742880 741210
