1885 2.29109
318577 313467 282230 313658
300007 308416 304736 320140
338697 285367 306785 314419
318839 307023 296460 278026
342762 292130 283211 312911
300837 314070 316521 305632
321448 301195 283581 313134
299737 318157 298459 307107
306678 295095 325131 306887
324146 310328 285959 292979
302610 304179 285854 306185
322681 302459 285875 299720
324201 320964 272492 309431
309528 289382 298225 307299
322723 296120 300759 304749
339182 287313 300151 295974
301796 325793 296256 289566
310467 323136 273638 280509
322854 290883 302570 301111
319334 308357 283679 297662
335263 291258 300338 280037
306209 296575 298975 291593
328956 309935 312905 272538
304711 317529 282932 287442
327422 323448 263772 304622
318800 314288 294537 288540
340420 297305 287474 270587
326895 291760 305789 291103
312112 299687 289707 296801
333918 295397 282023 294198
324573 303280 304498 277643
320801 314513 285433 267177
308451 292330 302253 302956
330207 313661 278609 281594
325762 295227 304256 299313
317168 301948 288121 291455
321376 283614 311882 308914
316487 315102 284979 291958
325975 293925 282609 275163
299219 322205 290855 300014
301397 305039 297466 274610
311798 296972 291058 288673
