3353 83.334
110851 67385 94142
96588 69543 111660
81837 100888 93125
90245 113381 70210
112059 95919 63491
130191 70411 77163
128309 69653 79313
83988 82351 109989
127454 79007 68649
125352 71873 74318
129308 70462 75706
124453 72163 73827
93149 110293 68456
98342 68340 108721
82532 90561 100395
91808 109525 69432
97309 111284 66150
125593 72597 73163
115360 67783 90004
129152 69401 78929
97598 69401 107600
119605 68897 89287
91173 112013 70107
85461 80242 105664
91745 72281 106930
82173 98680 93033
88676 76982 105126
112822 67398 93392
115469 94791 63567
82865 97775 94995
126197 81339 66583
98627 68593 105972
83184 98205 89655
95063 70014 108349
101417 68475 107772
94474 70511 106527
94463 70396 109282
89160 77792 100782
126938 70496 77255
100884 95129 67074
92842 85269 81172
85304 85116 95485
114221 93079 63913
82704 97913 92504
114887 79311 70472
123071 70100 78014
93791 112110 68299
109331 68000 102470
123307 77904 68924
122782 77989 70103
122326 69589 79627
109075 69988 87378
120120 83430 65408
123565 79874 67471
99879 79414 80237
123891 75669 71930
126384 72143 73517
121521 81894 66171
126795 69861 78738
117674 79212 68682
97526 110447 66436
86943 106820 75134
112553 94485 64008
101587 98447 65687
83858 88109 95173
90462 104108 71568
86665 79249 103458
103572 68760 102299
122042 69455 80517
107284 96994 64479
92438 87864 79504
121213 82537 65885
87571 77561 103782
119392 69777 80950
98149 69262 108509
118033 73063 74499
89195 79218 97329
86829 103298 76376
104487 86527 69711
97828 75796 90532
95782 104825 67386
85381 85961 92666
82333 89302 100912
93985 72145 102641
85233 106468 77708
83656 98544 83528
83807 108022 77862
108260 89707 65902
88829 100952 73766
96150 112896 66853
96393 110852 66639
83115 96833 91653
118147 70177 81292
89017 94286 79160
86802 103801 75770
91466 107154 70894
83373 84301 99897
117349 80907 68000
98496 75067 86682
84632 82700 98904
107629 71447 85300
96275 98014 68067
84200 96019 92261
95289 74179 98586
113548 68248 93221
108912 86379 65548
121838 82185 66063
115918 69939 84473
95387 79379 85152
113946 69171 88213
84846 95708 85430
114551 87147 65214
117106 92662 64112
92003 113122 68842
100664 75172 86398
106094 82004 69615
113224 79702 69869
101177 73265 93607
93703 73806 104455
108627 83194 69603
100966 73577 91318
88366 78033 100018
93845 73364 100260
118666 72911 73607
120756 72648 74347
105325 94604 65008
117843 73216 74164
120275 78259 70762
118880 72046 75343
92698 112580 68645
110078 95306 63705
84573 82773 102079
93051 84734 81741
120460 73659 72865
93433 74094 101747
124259 80001 66761
98052 68826 109441
110434 90176 64697
85110 95549 85893
85941 82146 98255
87740 89593 89399
114380 89932 64658
109734 94079 64220
108900 83585 66647
111584 72501 83029
116316 69192 81677
86045 92019 85729
94316 71252 103105
88326 80535 96867
89365 76702 101541
87546 80605 101144
86971 90299 88273
89734 108818 70493
97481 111072 66279
86445 102416 77652
96015 76561 89780
90607 80838 90290
113398 84166 66498
111326 88181 65127
89988 74464 106719
83580 107909 78104
99514 75969 86057
111260 91724 64599
92450 87557 78821
85590 92973 88067
108025 93517 64359
107508 92414 64881
85686 81614 99511
86148 108212 74654
84352 96573 89072
100551 77055 83276
107065 86864 66143
91271 90948 78405
105895 71749 88809
116796 79527 68495
102466 71095 98054
87938 84695 87167
106586 70910 88842
124103 81542 66072
89698 75777 99201
91005 108653 71063
90856 102028 71899
90950 101728 72157
87431 92141 83878
91908 76937 95759
92048 93981 72325
85824 108414 75880
100621 69697 105830
97259 69847 109623
90069 81577 90885
103011 70963 94411
107723 94190 64789
88575 103050 73705
100260 93730 67953
117062 74290 73930
108710 83270 68574
91553 98993 72354
90370 85689 84183
116062 70801 80766
89502 97162 74838
110221 71322 83795
90539 103497 72117
89778 105743 71985
84779 83314 96597
112390 68261 92859
87329 82630 93938
99196 77826 82947
101623 77120 80077
94977 70698 104645
90428 88506 79831
121693 81682 66300
114685 70323 82466
109787 68085 99417
102371 73778 86132
91387 103636 71327
86308 102885 77219
92643 104597 70613
87727 77832 103297
85075 95195 88431
106717 70718 90730
105160 100272 64397
86521 79725 101303
100147 73439 94182
119770 68643 82389
119243 70276 78589
110600 78192 72071
91041 84536 84609
101919 91420 66259
99532 90808 69537
86780 96309 80003
92295 81389 85633
122055 77684 70512
97249 71594 99285
85047 100036 80600
94893 71841 99788
103446 85019 71018
94463 109082 68643
85779 105586 77119
86201 96747 81878
83506 83161 102887
90907 85540 82705
83752 83952 100987
87931 91842 85394
85700 100156 79122
92000 83050 84327
109540 78841 71014
90528 81458 94345
90983 82392 87896
112224 71780 78222
116187 70205 81968
110813 70121 84565
113807 83939 65822
94186 93809 71864
101559 68468 104034
94580 97424 69198
105439 82767 69967
88329 81594 94619
113009 79934 71009
85227 94375 89076
85936 107594 76596
101783 75199 86324
96128 76057 89978
96337 78176 87746
87863 104977 73507
84028 91268 92482
96631 101452 67318
91073 104296 71401
88470 99176 77200
102818 71993 91592
104737 83050 71304
107241 68379 93710
122545 72730 73952
88436 100478 76044
94417 99387 69043
94929 105427 67440
85958 93879 83613
94539 106234 67933
92591 74547 97934
94792 105896 67007
87647 79601 98672
84000 97667 86279
104439 82340 72463
92941 74359 101454
83442 88693 93811
98741 90699 69774
90581 77244 97084
84311 107788 78276
105620 81335 72663
113777 70566 84173
88160 99765 77018
85996 107257 76260
110975 68441 92270
112654 84167 66490
96690 97527 68171
96031 101117 68250
98810 71179 95975
106425 83863 69354
84374 81271 104329
120886 71704 75271
89428 92805 77617
115680 77212 71681
91641 95495 74002
84430 109373 77086
89518 86367 83738
86492 98782 80689
98624 74909 90777
89333 87299 85816
94854 84952 77960
107962 80483 71227
88507 100426 76119
98657 74613 92398
85200 85822 96011
99767 106119 66085
95858 78773 84919
86073 107383 76148
96498 96124 68640
118536 79690 68407
109208 82942 66933
90465 106029 71198
113778 67824 89620
86751 82859 97768
96915 68758 109845
99990 72356 95718
83563 96512 91015
83911 86934 96715
98905 74456 92848
109693 69880 87055
93443 112611 68380
106179 77331 75819
98004 76763 86530
94652 72428 101812
89621 93292 76216
94359 113043 67891
111793 72526 81565
93575 81706 84678
88732 108408 72554
103225 76260 77471
108669 74641 81028
111421 75729 77249
94469 96447 71784
90318 87745 82620
106904 78463 74747
96704 88302 74049
87527 85580 90713
88236 100664 76347
99673 74751 91515
90810 92288 77326
118996 70885 75648
87497 104425 74687
120950 79990 67753
103815 88088 67225
87908 97306 78691
116879 70998 77531
102019 72904 90185
92718 74956 96119
95416 77488 91442
113651 70797 83017
91793 99301 71666
120500 74947 72018
89915 75626 104227
92013 87470 79880
105725 77729 76701
95119 90153 73214
87081 102124 77340
88414 107573 72940
119930 71430 75607
118414 80719 67055
92576 76084 98522
88010 93463 79730
101481 73914 88762
86612 106725 76171
104005 79724 72913
103704 77202 76972
92114 78239 94928
101773 75356 83172
114863 81824 67288
93339 71388 104947
95645 105294 66953
102642 85806 70292
101280 74425 88721
116532 72172 77493
88041 99847 77415
111176 81647 67750
96808 81785 79033
113971 81082 67803
94999 102287 68371
101450 98916 65254
104287 78150 75035
91610 92612 75205
115529 80761 69126
88592 77371 106862
114093 73155 76203
84280 83803 96291
104470 73540 82794
89865 90935 81474
97819 89066 72565
103071 71047 94037
97120 73910 93310
95655 80351 83381
104786 89496 66006
99457 73411 94807
96142 101254 67648
88270 77651 101931
101394 96170 66390
86096 91166 88510
103475 87006 69060
93522 77864 91673
105482 76401 76711
103885 73556 86670
97772 81134 78925
87252 106579 75270
98089 68503 109881
84939 105067 78305
91831 101652 70684
88121 89354 86977
90770 90858 78515
120060 82446 66561
95534 105157 67555
115796 71351 78269
95591 89241 73015
84918 102760 78566
102738 79187 74920
105054 90404 65992
95997 74745 91859
87130 94249 82658
107389 75452 80028
87370 101574 77581
116629 76119 72015
84489 102209 82499
87273 92479 84862
94488 86096 75977
89917 99607 73951
102130 76842 79298
94948 74710 97624
90679 77916 95611
119097 71209 75629
98187 84410 74025
92216 100773 71290
104890 77734 76542
92977 78865 91106
85525 80101 101887
106965 75592 77539
96163 77728 88608
117259 78879 70613
93206 91636 73864
88348 79909 97533
89654 80460 96236
111054 72808 81530
100379 80766 76181
84759 109323 76907
86798 86599 91909
86244 102550 77573
85334 109218 76211
96386 71819 102918
102933 78931 74596
103179 87982 67863
104986 88414 67123
91336 86865 82248
100597 99518 65308
91449 99954 71484
89817 101303 73405
91004 81005 87534
97632 90395 70326
109889 88333 65030
118337 70170 81477
104313 79081 73199
92637 79563 87581
111744 80808 70607
89401 82116 89492
96902 76172 89778
94541 77429 92075
107373 86221 66429
94075 99499 69292
105317 88966 66582
94793 95775 70269
94093 98740 70922
94814 91088 71893
95934 84020 78574
88230 102986 75375
103825 70028 97083
99060 80019 80556
99286 83127 76822
90033 89747 80566
99713 86666 72158
91467 95314 74657
95920 78715 86847
107770 77353 75147
106357 81194 71106
84710 102598 78639
92559 79776 92095
109245 75354 77944
106542 72173 84048
95843 87315 75171
93416 90207 73528
122456 68645 80551
95555 72814 96446
101338 84401 72729
109901 78294 71438
108175 77938 74423
96942 87178 74386
