151 1.22433
120036 114467 135619 122406
116079 129529 118936 122370
113415 135718 127929 121535
122045 133271 108983 132990
130201 122935 108639 125478
131104 127210 106280 128112
132124 128171 105946 125210
117989 122386 113322 129364
133633 120139 105682 117444
137881 103809 122831 110292
141893 112183 118658 108796
129827 133219 131869 97966
132737 112009 110147 120828
149534 103031 112515 121148
118787 116160 133203 123150
138353 126005 98217 133926
140246 107999 123548 103516
122818 113017 113344 126921
135159 107362 119568 119413
117243 138818 116890 116553
119583 119874 118463 115271
117480 143662 111816 115857
120443 141852 112389 117227
121476 121363 112077 134432
130015 119425 124064 103308
132127 124928 106516 120348
135127 115072 112465 111972
135499 106731 114768 129798
125793 104904 136345 117103
128573 117375 111503 114983
134456 116019 103878 119128
138478 103496 120228 109067
139394 107614 115899 116974
140961 115714 118272 107158
111904 129392 121730 123950
120245 128883 109909 136410
122440 119290 124607 109342
124117 112123 115390 133249
132000 110029 122114 113186
136089 109963 112586 122774
112702 126177 133792 118875
112901 123120 122746 122150
118624 144027 118206 107884
119409 126824 115451 118722
122253 119876 119695 106983
133074 125247 105766 123092
133283 120631 107046 121079
138111 103625 119969 123487
142446 106063 113760 134680
156075 105547 114390 119830
115910 128500 124127 109976
116980 107676 127171 136864
118458 124390 117004 116349
121316 114483 132450 116321
126455 125799 112846 111989
127461 115986 131111 109223
129830 123460 107376 116370
140895 105752 114018 122381
114795 119042 126261 116613
118821 127788 137428 109590
118913 124289 124680 111651
119340 133649 123859 107631
131364 107365 117291 121336
133020 121005 114246 108032
137536 104615 121299 120070
116006 126090 116707 126155
119780 133606 118462 116175
121510 113434 128806 115819
124075 132166 112521 118266
129777 108760 119110 113452
130461 106804 124849 113557
131475 117640 125312 93680
133414 103430 124253 127408
134279 130853 119814 102574
134681 111226 113441 121431
115532 136101 127955 113752
120786 113713 114174 116860
122758 116061 124186 103458
126016 116427 116544 110833
127572 108246 118131 117496
129884 104182 122976 130414
130977 109848 115365 126703
131616 107671 134377 112432
132260 119539 107596 124117
132755 104900 130100 113640
136274 104254 115302 130030
137715 107924 115521 115394
139647 98327 130941 128391
142658 99736 123581 128334
143374 103089 120256 113735
109399 128495 115439 131687
116413 116244 119853 125755
118947 133487 122736 112809
119775 129066 125622 105689
122116 111140 121982 112164
125117 142224 119413 107917
128008 103132 134054 142448
130001 107747 123628 112259
131156 112443 113919 115305
131846 110203 125489 106778
132129 109716 115370 115481
134676 107679 116169 112244
137131 103268 117357 125100
138086 112324 114876 109635
139378 103586 120009 115272
109519 113951 126577 128098
114874 123952 123858 113929
115335 117986 117900 139499
117046 121001 122650 123915
119463 113310 125158 124414
120001 121073 123551 111250
122344 104129 133593 126981
125080 118531 119590 104931
126019 106225 120064 120704
126236 108703 117066 122563
127340 113682 115640 121857
128232 102050 126836 118058
128854 101811 139175 128651
130423 124030 123131 104126
130839 122028 115863 106268
144838 120996 115244 107952
153475 95296 122520 116550
117292 118442 114215 125945
117526 111205 124635 129064
120854 105279 124544 116325
122047 130919 110958 122854
123412 124479 110928 123303
124029 106812 120432 116394
124679 105152 129794 130057
124787 112698 125731 111188
129261 125604 108190 122832
133656 108064 109884 125474
138468 115589 119745 107248
142801 102766 119165 127557
144322 97479 127042 117831
116846 133890 117910 117088
119414 137723 112427 122712
123985 118473 113080 127523
124120 117997 114120 109049
128230 124245 125488 102659
128269 109377 119515 116164
129393 118079 120401 106897
130198 106162 120110 124272
134158 111553 111937 112438
135020 103250 124673 122293
135780 106572 116873 109633
135880 116786 115407 100728
135977 110004 101142 111227
137085 97026 137725 123124
137783 104899 125831 114400
138131 124064 107896 104323
147406 111999 119586 105925
147790 100380 119707 128452
115681 127536 117436 127807
118303 116961 118760 112955
119635 120242 117429 117688
119920 115915 121980 129384
120860 109951 123750 128510
126137 105717 123478 134486
127225 126824 111391 113386
128094 111915 123073 105631
129657 111691 115300 125705
130029 110202 116679 120315
131276 110826 113901 117423
132021 105954 123003 121158
132531 112145 121208 107436
133546 104444 122553 118371
140050 100286 124140 118055
141279 109808 121667 106009
150833 98792 121044 112685
152298 106494 118234 117028
113396 130389 119947 124555
117448 132576 118198 122192
117724 116589 124870 122311
119757 118580 118325 123029
120130 118607 112599 114802
122051 132574 112525 110510
125849 111932 117324 127657
126136 113806 109938 115483
127972 121730 106423 133968
128301 118576 126625 103226
128480 106299 117887 120909
128926 123241 109696 119173
129715 121332 114936 108610
131392 120564 108549 125550
132239 107412 118221 117592
134019 103703 119667 122408
134703 102007 123617 134171
137243 107784 110130 127686
137790 100942 121948 120150
138849 98080 134032 130216
141891 102034 125445 116117
143079 103231 105722 119885
162467 102153 113702 116426
109604 113713 130779 125748
123423 122309 108391 126401
126244 114772 112930 110411
128773 112978 112203 116487
129673 123261 110846 107132
130668 112474 117879 109327
131112 110705 123408 103291
133519 103411 123827 114644
134791 119456 108630 117629
134883 109599 107367 129720
135370 106184 120754 115995
136198 102047 128099 111178
136412 101673 130985 124380
137637 122007 109320 102426
137770 103573 120454 120101
137968 108238 125159 109081
