247 9.45569
1.35649e+06 1.57956e+06 1.61481e+06 1.61482e+06
1.61772e+06 1.31979e+06 1.59417e+06 1.63845e+06
1.56588e+06 1.71264e+06 1.5539e+06 1.47904e+06
1.51934e+06 1.48723e+06 1.53063e+06 1.79115e+06
1.54075e+06 1.52376e+06 1.76471e+06 1.55559e+06
1.81864e+06 1.4652e+06 1.50991e+06 1.60109e+06
1.6281e+06 1.59996e+06 1.60861e+06 1.34597e+06
1.6397e+06 1.6128e+06 1.35479e+06 1.62839e+06
1.57036e+06 1.68711e+06 1.5421e+06 1.48722e+06
1.54218e+06 1.69899e+06 1.56854e+06 1.47263e+06
1.69508e+06 1.50524e+06 1.48238e+06 1.69028e+06
1.53462e+06 1.49205e+06 1.54751e+06 1.73856e+06
1.74643e+06 1.49711e+06 1.5098e+06 1.60486e+06
1.80998e+06 1.47378e+06 1.50396e+06 1.61374e+06
1.73885e+06 1.49664e+06 1.51649e+06 1.58602e+06
1.51314e+06 1.65695e+06 1.49885e+06 1.49605e+06
1.53195e+06 1.47579e+06 1.52096e+06 1.78022e+06
1.49802e+06 1.67593e+06 1.51438e+06 1.51314e+06
1.57651e+06 1.46237e+06 1.55161e+06 1.73054e+06
1.57827e+06 1.68172e+06 1.54347e+06 1.48753e+06
1.55172e+06 1.52714e+06 1.75093e+06 1.5487e+06
1.58833e+06 1.44708e+06 1.54075e+06 1.68862e+06
1.53688e+06 1.70613e+06 1.56661e+06 1.4887e+06
1.55773e+06 1.71159e+06 1.55667e+06 1.4881e+06
1.55762e+06 1.63368e+06 1.58758e+06 1.46473e+06
1.51594e+06 1.46542e+06 1.53796e+06 1.78758e+06
1.44658e+06 1.62344e+06 1.65767e+06 1.58019e+06
1.62434e+06 1.33805e+06 1.5799e+06 1.63479e+06
1.48811e+06 1.66019e+06 1.50661e+06 1.52362e+06
1.51501e+06 1.6426e+06 1.51396e+06 1.49036e+06
1.61173e+06 1.32695e+06 1.58593e+06 1.62854e+06
1.59736e+06 1.42936e+06 1.54971e+06 1.70106e+06
1.4396e+06 1.54578e+06 1.61674e+06 1.63175e+06
1.70308e+06 1.52632e+06 1.54391e+06 1.61345e+06
1.79844e+06 1.47869e+06 1.50912e+06 1.62085e+06
1.74889e+06 1.48772e+06 1.53828e+06 1.63237e+06
1.54767e+06 1.52055e+06 1.73832e+06 1.54972e+06
1.51196e+06 1.64729e+06 1.49609e+06 1.50967e+06
1.50387e+06 1.63926e+06 1.50326e+06 1.50374e+06
1.60755e+06 1.59811e+06 1.61586e+06 1.38784e+06
1.63585e+06 1.59848e+06 1.3605e+06 1.63426e+06
1.63689e+06 1.58016e+06 1.40001e+06 1.61045e+06
1.47665e+06 1.59719e+06 1.64592e+06 1.58185e+06
1.54471e+06 1.53149e+06 1.74091e+06 1.5435e+06
1.45322e+06 1.61895e+06 1.64224e+06 1.57819e+06
1.36454e+06 1.56802e+06 1.62016e+06 1.61664e+06
1.75556e+06 1.49304e+06 1.54408e+06 1.62886e+06
1.71354e+06 1.51279e+06 1.52973e+06 1.56914e+06
1.64734e+06 1.572e+06 1.39472e+06 1.6238e+06
1.57304e+06 1.50618e+06 1.72625e+06 1.5654e+06
1.59891e+06 1.42382e+06 1.54726e+06 1.7101e+06
1.50168e+06 1.64756e+06 1.50008e+06 1.50735e+06
1.37788e+06 1.57567e+06 1.60315e+06 1.62789e+06
1.5595e+06 1.41942e+06 1.58134e+06 1.62949e+06
1.52062e+06 1.48745e+06 1.53911e+06 1.74899e+06
1.61409e+06 1.32272e+06 1.59525e+06 1.63256e+06
1.66409e+06 1.55724e+06 1.42194e+06 1.63655e+06
1.49749e+06 1.67231e+06 1.51167e+06 1.51467e+06
1.61113e+06 1.33294e+06 1.60434e+06 1.62409e+06
1.36842e+06 1.58922e+06 1.61761e+06 1.61011e+06
1.54192e+06 1.70269e+06 1.56793e+06 1.48912e+06
1.66164e+06 1.54104e+06 1.44375e+06 1.61095e+06
1.63761e+06 1.35034e+06 1.57601e+06 1.63164e+06
1.62027e+06 1.58532e+06 1.62599e+06 1.39077e+06
1.58641e+06 1.4073e+06 1.56945e+06 1.67793e+06
1.6153e+06 1.57946e+06 1.63944e+06 1.40475e+06
1.59189e+06 1.44176e+06 1.54467e+06 1.69372e+06
1.47063e+06 1.60008e+06 1.65887e+06 1.57128e+06
1.79239e+06 1.48564e+06 1.51118e+06 1.61364e+06
1.60978e+06 1.3542e+06 1.57487e+06 1.64256e+06
1.49259e+06 1.66448e+06 1.53108e+06 1.52065e+06
1.55158e+06 1.50304e+06 1.74682e+06 1.57277e+06
1.61944e+06 1.60377e+06 1.3882e+06 1.61924e+06
1.57659e+06 1.41423e+06 1.58207e+06 1.68442e+06
1.50946e+06 1.65068e+06 1.49319e+06 1.50369e+06
1.57641e+06 1.42707e+06 1.5796e+06 1.66995e+06
1.65605e+06 1.531e+06 1.45367e+06 1.57613e+06
1.5791e+06 1.40961e+06 1.56457e+06 1.67769e+06
1.61606e+06 1.5908e+06 1.60596e+06 1.36734e+06
1.47337e+06 1.66536e+06 1.50529e+06 1.54206e+06
1.60195e+06 1.59193e+06 1.61923e+06 1.39988e+06
1.45658e+06 1.61457e+06 1.63203e+06 1.57357e+06
1.51727e+06 1.64196e+06 1.49682e+06 1.50098e+06
1.62047e+06 1.3477e+06 1.57085e+06 1.64937e+06
1.59867e+06 1.58491e+06 1.45074e+06 1.64178e+06
1.52748e+06 1.47864e+06 1.53649e+06 1.76221e+06
1.52979e+06 1.51704e+06 1.70121e+06 1.56649e+06
1.65073e+06 1.53669e+06 1.44741e+06 1.61877e+06
1.40041e+06 1.56462e+06 1.60528e+06 1.64e+06
1.46569e+06 1.61382e+06 1.63774e+06 1.57378e+06
1.59063e+06 1.59636e+06 1.61334e+06 1.39689e+06
1.75687e+06 1.48969e+06 1.52748e+06 1.64428e+06
1.50709e+06 1.6532e+06 1.50631e+06 1.49704e+06
1.41024e+06 1.55722e+06 1.61204e+06 1.62982e+06
1.5719e+06 1.62076e+06 1.5923e+06 1.45182e+06
1.58042e+06 1.42107e+06 1.56052e+06 1.6809e+06
1.58459e+06 1.43347e+06 1.54572e+06 1.68637e+06
1.59386e+06 1.44322e+06 1.58292e+06 1.57514e+06
1.6283e+06 1.59542e+06 1.41034e+06 1.60352e+06
1.62918e+06 1.56821e+06 1.6439e+06 1.42865e+06
1.53793e+06 1.5245e+06 1.75973e+06 1.55062e+06
1.41806e+06 1.54389e+06 1.58947e+06 1.64465e+06
1.57759e+06 1.56924e+06 1.60377e+06 1.43201e+06
1.61082e+06 1.39699e+06 1.55256e+06 1.64678e+06
1.5927e+06 1.40497e+06 1.58646e+06 1.60935e+06
1.56896e+06 1.68436e+06 1.5457e+06 1.47803e+06
1.60561e+06 1.38526e+06 1.57252e+06 1.61888e+06
1.48852e+06 1.66903e+06 1.50321e+06 1.53923e+06
1.6366e+06 1.53957e+06 1.45936e+06 1.57059e+06
1.64579e+06 1.54303e+06 1.44388e+06 1.58439e+06
1.56037e+06 1.60994e+06 1.59042e+06 1.4602e+06
1.53992e+06 1.5403e+06 1.71191e+06 1.55862e+06
1.68708e+06 1.51467e+06 1.47275e+06 1.65068e+06
1.39641e+06 1.56806e+06 1.60994e+06 1.5923e+06
1.43247e+06 1.5602e+06 1.61088e+06 1.62053e+06
1.70627e+06 1.53015e+06 1.56111e+06 1.58805e+06
1.53286e+06 1.54986e+06 1.70475e+06 1.55235e+06
1.5405e+06 1.50245e+06 1.72971e+06 1.5887e+06
1.56513e+06 1.48516e+06 1.54098e+06 1.70734e+06
1.5261e+06 1.65779e+06 1.49181e+06 1.51327e+06
1.55568e+06 1.51044e+06 1.71999e+06 1.5572e+06
1.57335e+06 1.46988e+06 1.53642e+06 1.75753e+06
1.60596e+06 1.37287e+06 1.57339e+06 1.63561e+06
1.52564e+06 1.64155e+06 1.50214e+06 1.5186e+06
1.53757e+06 1.49802e+06 1.55183e+06 1.70389e+06
1.50882e+06 1.48391e+06 1.53652e+06 1.777e+06
1.55346e+06 1.51858e+06 1.69921e+06 1.58041e+06
1.68957e+06 1.52557e+06 1.47826e+06 1.6323e+06
1.6206e+06 1.58562e+06 1.62801e+06 1.37484e+06
1.61819e+06 1.3316e+06 1.59039e+06 1.62474e+06
1.56675e+06 1.46858e+06 1.56498e+06 1.71772e+06
1.64868e+06 1.58097e+06 1.38243e+06 1.61619e+06
1.6136e+06 1.59489e+06 1.6302e+06 1.38072e+06
1.46012e+06 1.62795e+06 1.62767e+06 1.57222e+06
1.62213e+06 1.60587e+06 1.60393e+06 1.3482e+06
1.64166e+06 1.60226e+06 1.37985e+06 1.60412e+06
1.62397e+06 1.59759e+06 1.61822e+06 1.36486e+06
1.61264e+06 1.3879e+06 1.58556e+06 1.60595e+06
1.54858e+06 1.50262e+06 1.52932e+06 1.75223e+06
1.62534e+06 1.56477e+06 1.65333e+06 1.40841e+06
1.63182e+06 1.60173e+06 1.41332e+06 1.59907e+06
1.58656e+06 1.56492e+06 1.60788e+06 1.44082e+06
1.55875e+06 1.62595e+06 1.58423e+06 1.45423e+06
1.73574e+06 1.50012e+06 1.518e+06 1.58165e+06
1.61863e+06 1.60533e+06 1.61425e+06 1.35309e+06
1.61741e+06 1.61662e+06 1.60281e+06 1.35088e+06
1.5302e+06 1.48214e+06 1.52452e+06 1.78868e+06
1.50067e+06 1.67104e+06 1.50791e+06 1.50793e+06
1.54982e+06 1.64442e+06 1.56299e+06 1.45824e+06
1.49471e+06 1.63623e+06 1.51663e+06 1.53789e+06
1.62584e+06 1.38189e+06 1.55675e+06 1.64474e+06
1.5836e+06 1.41239e+06 1.57228e+06 1.66788e+06
1.65462e+06 1.56833e+06 1.40368e+06 1.6206e+06
1.42774e+06 1.54164e+06 1.58365e+06 1.63754e+06
1.59548e+06 1.42593e+06 1.55092e+06 1.70522e+06
1.68192e+06 1.52243e+06 1.47406e+06 1.65635e+06
1.70934e+06 1.52141e+06 1.53527e+06 1.6094e+06
1.7758e+06 1.45052e+06 1.52263e+06 1.62623e+06
1.78677e+06 1.45457e+06 1.51976e+06 1.62859e+06
1.49118e+06 1.65505e+06 1.49486e+06 1.53031e+06
1.3916e+06 1.56985e+06 1.60473e+06 1.64799e+06
1.60965e+06 1.60213e+06 1.62375e+06 1.35585e+06
1.38404e+06 1.57165e+06 1.60238e+06 1.63309e+06
1.52901e+06 1.63695e+06 1.50437e+06 1.51278e+06
1.53681e+06 1.53391e+06 1.74332e+06 1.5469e+06
1.54091e+06 1.52405e+06 1.73314e+06 1.5529e+06
1.58907e+06 1.43248e+06 1.54205e+06 1.69503e+06
1.59031e+06 1.43026e+06 1.5538e+06 1.69752e+06
1.60424e+06 1.43632e+06 1.59688e+06 1.59814e+06
1.37327e+06 1.56996e+06 1.61592e+06 1.60886e+06
1.45356e+06 1.61599e+06 1.63443e+06 1.56594e+06
1.63051e+06 1.58333e+06 1.37772e+06 1.61735e+06
1.54356e+06 1.52439e+06 1.75493e+06 1.54599e+06
1.62187e+06 1.58408e+06 1.63635e+06 1.38279e+06
1.52657e+06 1.48651e+06 1.52862e+06 1.77251e+06
1.63561e+06 1.55098e+06 1.46024e+06 1.59159e+06
1.38901e+06 1.56537e+06 1.60639e+06 1.64352e+06
1.63715e+06 1.55923e+06 1.43937e+06 1.61078e+06
1.40755e+06 1.55518e+06 1.58841e+06 1.63764e+06
1.59645e+06 1.56744e+06 1.57645e+06 1.44364e+06
1.52502e+06 1.55419e+06 1.68092e+06 1.56428e+06
1.54969e+06 1.52878e+06 1.73138e+06 1.55196e+06
1.54109e+06 1.62393e+06 1.59835e+06 1.46902e+06
1.66884e+06 1.49453e+06 1.50701e+06 1.6786e+06
1.38652e+06 1.57503e+06 1.61546e+06 1.62027e+06
1.60566e+06 1.36602e+06 1.56171e+06 1.65537e+06
1.73811e+06 1.49401e+06 1.51834e+06 1.60254e+06
1.45144e+06 1.61019e+06 1.66265e+06 1.57953e+06
1.68099e+06 1.49148e+06 1.48944e+06 1.6582e+06
1.53393e+06 1.46745e+06 1.5589e+06 1.75816e+06
1.61922e+06 1.4354e+06 1.57452e+06 1.58684e+06
1.48377e+06 1.65554e+06 1.51238e+06 1.53081e+06
1.6341e+06 1.57524e+06 1.64893e+06 1.4059e+06
1.55703e+06 1.46963e+06 1.54472e+06 1.72555e+06
1.72617e+06 1.49934e+06 1.52876e+06 1.57752e+06
1.44787e+06 1.61786e+06 1.65969e+06 1.57976e+06
1.62679e+06 1.57059e+06 1.39109e+06 1.63126e+06
1.56564e+06 1.47527e+06 1.52661e+06 1.71516e+06
1.58479e+06 1.41063e+06 1.56622e+06 1.66876e+06
1.51706e+06 1.62967e+06 1.51964e+06 1.52731e+06
1.59552e+06 1.59917e+06 1.60555e+06 1.36271e+06
1.62338e+06 1.34541e+06 1.56782e+06 1.64774e+06
1.6225e+06 1.60465e+06 1.61297e+06 1.35845e+06
1.38256e+06 1.58727e+06 1.59867e+06 1.60758e+06
1.76172e+06 1.48036e+06 1.53983e+06 1.62609e+06
1.629e+06 1.37953e+06 1.57376e+06 1.59424e+06
1.40446e+06 1.56752e+06 1.61266e+06 1.58916e+06
1.57474e+06 1.59072e+06 1.57538e+06 1.46659e+06
1.54177e+06 1.50361e+06 1.72328e+06 1.59043e+06
1.53337e+06 1.48265e+06 1.53959e+06 1.75438e+06
1.57926e+06 1.69989e+06 1.5399e+06 1.47782e+06
1.49812e+06 1.67259e+06 1.5073e+06 1.51451e+06
1.64136e+06 1.56345e+06 1.65115e+06 1.41833e+06
1.78463e+06 1.44925e+06 1.53082e+06 1.62649e+06
1.63267e+06 1.36324e+06 1.57518e+06 1.5965e+06
1.372e+06 1.58177e+06 1.59916e+06 1.62674e+06
1.59344e+06 1.59374e+06 1.5966e+06 1.4117e+06
1.61037e+06 1.59701e+06 1.62254e+06 1.37921e+06
1.58268e+06 1.59307e+06 1.60562e+06 1.41894e+06
1.59002e+06 1.58736e+06 1.59461e+06 1.42734e+06
1.41441e+06 1.59358e+06 1.598e+06 1.59652e+06
1.61718e+06 1.57608e+06 1.65475e+06 1.42263e+06
1.7888e+06 1.46415e+06 1.52579e+06 1.6247e+06
1.7739e+06 1.48407e+06 1.55474e+06 1.59875e+06
1.62537e+06 1.39916e+06 1.54935e+06 1.60332e+06
1.52664e+06 1.55654e+06 1.6757e+06 1.57153e+06
1.69022e+06 1.5096e+06 1.4752e+06 1.65524e+06
1.6067e+06 1.59912e+06 1.62627e+06 1.37714e+06
1.464e+06 1.61482e+06 1.6615e+06 1.5731e+06
1.568e+06 1.47121e+06 1.55291e+06 1.71935e+06
1.4482e+06 1.62557e+06 1.65626e+06 1.58139e+06
1.54997e+06 1.47975e+06 1.53127e+06 1.76573e+06
1.54671e+06 1.64347e+06 1.56859e+06 1.45455e+06
1.56377e+06 1.5074e+06 1.74545e+06 1.56886e+06
1.61937e+06 1.57659e+06 1.41935e+06 1.59955e+06
1.49952e+06 1.63148e+06 1.51321e+06 1.53994e+06
1.62636e+06 1.5687e+06 1.65283e+06 1.39481e+06
1.63295e+06 1.56666e+06 1.4356e+06 1.60677e+06
1.42062e+06 1.57282e+06 1.60679e+06 1.58868e+06
1.56539e+06 1.49244e+06 1.76303e+06 1.57142e+06
1.51688e+06 1.47714e+06 1.53581e+06 1.76409e+06
1.61868e+06 1.60278e+06 1.36978e+06 1.61952e+06
1.59196e+06 1.57597e+06 1.59397e+06 1.42351e+06
1.63814e+06 1.58259e+06 1.38566e+06 1.61455e+06
1.54846e+06 1.56073e+06 1.68556e+06 1.54859e+06
1.65355e+06 1.56009e+06 1.42929e+06 1.618e+06
1.76651e+06 1.47279e+06 1.5308e+06 1.62902e+06
1.58051e+06 1.55602e+06 1.68967e+06 1.54392e+06
1.6147e+06 1.35749e+06 1.56804e+06 1.65256e+06
1.56793e+06 1.56563e+06 1.69343e+06 1.53377e+06
1.78012e+06 1.45719e+06 1.52196e+06 1.63348e+06
1.49577e+06 1.61104e+06 1.63088e+06 1.57348e+06
1.77661e+06 1.4519e+06 1.53293e+06 1.62297e+06
1.56412e+06 1.46597e+06 1.54662e+06 1.72336e+06
1.62746e+06 1.56621e+06 1.6504e+06 1.42071e+06
1.53591e+06 1.54584e+06 1.67842e+06 1.55229e+06
1.63948e+06 1.53308e+06 1.44855e+06 1.57832e+06
1.50422e+06 1.62813e+06 1.48108e+06 1.53427e+06
1.57914e+06 1.46178e+06 1.54857e+06 1.72029e+06
1.5185e+06 1.62519e+06 1.52608e+06 1.52513e+06
1.7302e+06 1.50393e+06 1.50846e+06 1.59749e+06
1.62363e+06 1.56333e+06 1.63896e+06 1.43422e+06
1.57241e+06 1.62246e+06 1.55708e+06 1.44869e+06
1.63904e+06 1.54302e+06 1.45642e+06 1.62096e+06
1.46213e+06 1.6098e+06 1.66402e+06 1.56865e+06
1.42468e+06 1.57773e+06 1.57886e+06 1.62527e+06
1.57966e+06 1.56034e+06 1.69811e+06 1.53583e+06
1.61705e+06 1.60246e+06 1.61932e+06 1.35982e+06
1.57747e+06 1.55366e+06 1.69625e+06 1.54802e+06
1.61715e+06 1.60688e+06 1.62106e+06 1.35592e+06
1.5106e+06 1.64893e+06 1.49587e+06 1.50764e+06
1.52815e+06 1.4805e+06 1.54986e+06 1.7541e+06
1.73388e+06 1.49578e+06 1.53784e+06 1.56746e+06
1.56045e+06 1.51198e+06 1.6699e+06 1.57777e+06
1.63923e+06 1.54914e+06 1.46395e+06 1.56219e+06
1.53929e+06 1.54708e+06 1.67756e+06 1.56325e+06
1.64435e+06 1.56358e+06 1.66111e+06 1.41345e+06
1.51893e+06 1.54654e+06 1.691e+06 1.56838e+06
1.6132e+06 1.395e+06 1.55806e+06 1.62327e+06
1.58858e+06 1.43889e+06 1.53067e+06 1.69666e+06
1.56132e+06 1.46972e+06 1.56249e+06 1.71364e+06
1.66028e+06 1.54209e+06 1.45558e+06 1.57537e+06
1.61965e+06 1.35594e+06 1.56969e+06 1.64821e+06
1.53659e+06 1.61539e+06 1.59516e+06 1.47459e+06
1.58016e+06 1.56879e+06 1.60184e+06 1.43583e+06
1.50146e+06 1.63317e+06 1.48504e+06 1.51966e+06
1.5963e+06 1.5615e+06 1.57568e+06 1.44652e+06
1.65968e+06 1.50974e+06 1.48784e+06 1.67142e+06
1.80887e+06 1.47173e+06 1.53075e+06 1.59603e+06
1.67252e+06 1.49331e+06 1.48685e+06 1.66132e+06
1.71807e+06 1.50269e+06 1.51298e+06 1.57913e+06
1.7731e+06 1.45389e+06 1.52862e+06 1.62453e+06
1.77794e+06 1.49189e+06 1.54183e+06 1.6017e+06
1.64761e+06 1.57393e+06 1.43844e+06 1.59283e+06
1.67616e+06 1.51141e+06 1.47072e+06 1.65849e+06
1.6142e+06 1.5865e+06 1.60953e+06 1.38298e+06
1.67062e+06 1.51141e+06 1.51761e+06 1.65731e+06
1.5221e+06 1.53849e+06 1.47948e+06 1.63636e+06
1.61804e+06 1.34004e+06 1.59225e+06 1.61945e+06
1.52298e+06 1.46695e+06 1.53408e+06 1.76976e+06
1.52989e+06 1.53763e+06 1.68289e+06 1.56424e+06
1.58703e+06 1.56436e+06 1.58996e+06 1.45062e+06
1.48185e+06 1.64013e+06 1.58358e+06 1.59539e+06
1.63386e+06 1.53496e+06 1.46903e+06 1.55748e+06
1.5414e+06 1.54468e+06 1.69499e+06 1.55451e+06
1.71144e+06 1.51661e+06 1.54269e+06 1.57898e+06
1.67905e+06 1.49887e+06 1.48551e+06 1.6654e+06
1.52458e+06 1.48606e+06 1.52856e+06 1.77538e+06
1.68328e+06 1.49085e+06 1.49724e+06 1.66374e+06
1.46842e+06 1.56171e+06 1.60074e+06 1.59247e+06
1.68494e+06 1.5142e+06 1.48194e+06 1.65061e+06
1.51439e+06 1.62814e+06 1.52498e+06 1.525e+06
1.54326e+06 1.62718e+06 1.59062e+06 1.46846e+06
1.5947e+06 1.59135e+06 1.6092e+06 1.40677e+06
1.5998e+06 1.38962e+06 1.57619e+06 1.61339e+06
1.63181e+06 1.54407e+06 1.46601e+06 1.56151e+06
1.55514e+06 1.51216e+06 1.72451e+06 1.55494e+06
1.53105e+06 1.48978e+06 1.54552e+06 1.74684e+06
1.5268e+06 1.50467e+06 1.70942e+06 1.56975e+06
1.35774e+06 1.58986e+06 1.61243e+06 1.62206e+06
1.61727e+06 1.37483e+06 1.59148e+06 1.6083e+06
1.72129e+06 1.51526e+06 1.52461e+06 1.57826e+06
1.63882e+06 1.36139e+06 1.56014e+06 1.64125e+06
1.80065e+06 1.48953e+06 1.53579e+06 1.59936e+06
1.60162e+06 1.37721e+06 1.57591e+06 1.63356e+06
1.79096e+06 1.45952e+06 1.51678e+06 1.62047e+06
1.4989e+06 1.66548e+06 1.51112e+06 1.51147e+06
1.6939e+06 1.51621e+06 1.47627e+06 1.64084e+06
1.80571e+06 1.46357e+06 1.52158e+06 1.61996e+06
1.3801e+06 1.57443e+06 1.60699e+06 1.64066e+06
1.6118e+06 1.40113e+06 1.55942e+06 1.63392e+06
1.55895e+06 1.5082e+06 1.71817e+06 1.55355e+06
1.57233e+06 1.48917e+06 1.53883e+06 1.71202e+06
1.72226e+06 1.51391e+06 1.52485e+06 1.57502e+06
1.67696e+06 1.50541e+06 1.4829e+06 1.66255e+06
1.67564e+06 1.50447e+06 1.48331e+06 1.67268e+06
1.65031e+06 1.54816e+06 1.45401e+06 1.56355e+06
1.61353e+06 1.60903e+06 1.60482e+06 1.3715e+06
1.65386e+06 1.5555e+06 1.43105e+06 1.60851e+06
1.72389e+06 1.50708e+06 1.55408e+06 1.56878e+06
1.56967e+06 1.46298e+06 1.54847e+06 1.7218e+06
1.48039e+06 1.60931e+06 1.63432e+06 1.56549e+06
1.67087e+06 1.4996e+06 1.51907e+06 1.64542e+06
1.64351e+06 1.53063e+06 1.4633e+06 1.59747e+06
1.52299e+06 1.55534e+06 1.70734e+06 1.55949e+06
1.44964e+06 1.61627e+06 1.66318e+06 1.57552e+06
1.58882e+06 1.50836e+06 1.71638e+06 1.56722e+06
1.48694e+06 1.65271e+06 1.50196e+06 1.54405e+06
1.64247e+06 1.55273e+06 1.43313e+06 1.62955e+06
1.62384e+06 1.42525e+06 1.57769e+06 1.60036e+06
1.42251e+06 1.55298e+06 1.59099e+06 1.62588e+06
1.43449e+06 1.55189e+06 1.58234e+06 1.6374e+06
1.51047e+06 1.65311e+06 1.49454e+06 1.4987e+06
1.61589e+06 1.35997e+06 1.5683e+06 1.62244e+06
1.65034e+06 1.55781e+06 1.42732e+06 1.63051e+06
1.58797e+06 1.52839e+06 1.68658e+06 1.56204e+06
1.54231e+06 1.52425e+06 1.75766e+06 1.54311e+06
1.62581e+06 1.60856e+06 1.37255e+06 1.61621e+06
1.62744e+06 1.60203e+06 1.37589e+06 1.61506e+06
1.80343e+06 1.45912e+06 1.52124e+06 1.62612e+06
1.8066e+06 1.46808e+06 1.51505e+06 1.60363e+06
1.62777e+06 1.60273e+06 1.36511e+06 1.62178e+06
1.59352e+06 1.43074e+06 1.54318e+06 1.68508e+06
1.7279e+06 1.49683e+06 1.52644e+06 1.5832e+06
1.5907e+06 1.42034e+06 1.55816e+06 1.67937e+06
1.62405e+06 1.56244e+06 1.41578e+06 1.61828e+06
1.53712e+06 1.55273e+06 1.67197e+06 1.58327e+06
1.48485e+06 1.65119e+06 1.52678e+06 1.53221e+06
1.56204e+06 1.63669e+06 1.56673e+06 1.45732e+06
1.56618e+06 1.61402e+06 1.59602e+06 1.43799e+06
1.6915e+06 1.5271e+06 1.4765e+06 1.62056e+06
1.66501e+06 1.53742e+06 1.44751e+06 1.61233e+06
1.60314e+06 1.34213e+06 1.58383e+06 1.6299e+06
1.61448e+06 1.58665e+06 1.40241e+06 1.62029e+06
1.57703e+06 1.5701e+06 1.68801e+06 1.54636e+06
1.50962e+06 1.46721e+06 1.5321e+06 1.76699e+06
1.70861e+06 1.52974e+06 1.54908e+06 1.61113e+06
1.54341e+06 1.46908e+06 1.52716e+06 1.77877e+06
1.55465e+06 1.51737e+06 1.73312e+06 1.54747e+06
1.60918e+06 1.38692e+06 1.59341e+06 1.60076e+06
1.60294e+06 1.58085e+06 1.43456e+06 1.58997e+06
1.62509e+06 1.58754e+06 1.63095e+06 1.37245e+06
1.54595e+06 1.64176e+06 1.56347e+06 1.46604e+06
1.53702e+06 1.49068e+06 1.54554e+06 1.74246e+06
1.64233e+06 1.56059e+06 1.41762e+06 1.61585e+06
1.6396e+06 1.55882e+06 1.42636e+06 1.62338e+06
1.76915e+06 1.45931e+06 1.53064e+06 1.63059e+06
1.55595e+06 1.61642e+06 1.59574e+06 1.44475e+06
1.62203e+06 1.58846e+06 1.38508e+06 1.6102e+06
1.49511e+06 1.6669e+06 1.52387e+06 1.51168e+06
1.37033e+06 1.58061e+06 1.59806e+06 1.62725e+06
1.63223e+06 1.57313e+06 1.6507e+06 1.4148e+06
1.76501e+06 1.49249e+06 1.546e+06 1.60146e+06
1.65685e+06 1.5188e+06 1.48748e+06 1.66091e+06
1.61171e+06 1.36855e+06 1.5588e+06 1.65359e+06
1.6581e+06 1.5016e+06 1.48992e+06 1.67205e+06
1.528e+06 1.5574e+06 1.67351e+06 1.57367e+06
1.61636e+06 1.58051e+06 1.61432e+06 1.39289e+06
1.65802e+06 1.51444e+06 1.49051e+06 1.66597e+06
1.46806e+06 1.60712e+06 1.65742e+06 1.56957e+06
1.50716e+06 1.62008e+06 1.49434e+06 1.53188e+06
1.55446e+06 1.50284e+06 1.75533e+06 1.56787e+06
1.59049e+06 1.42533e+06 1.55434e+06 1.67458e+06
1.63034e+06 1.59893e+06 1.36848e+06 1.6294e+06
1.52406e+06 1.52295e+06 1.69276e+06 1.56897e+06
1.6398e+06 1.53883e+06 1.47371e+06 1.54529e+06
1.63824e+06 1.36739e+06 1.54774e+06 1.64047e+06
1.76276e+06 1.45644e+06 1.53868e+06 1.62364e+06
1.43703e+06 1.59267e+06 1.59526e+06 1.591e+06
1.49464e+06 1.62238e+06 1.63184e+06 1.56185e+06
1.7326e+06 1.49108e+06 1.5325e+06 1.64462e+06
1.5705e+06 1.49038e+06 1.75861e+06 1.57998e+06
1.80314e+06 1.47363e+06 1.53354e+06 1.59945e+06
1.62835e+06 1.59459e+06 1.36257e+06 1.63007e+06
1.48514e+06 1.61336e+06 1.6281e+06 1.56755e+06
1.49299e+06 1.665e+06 1.52409e+06 1.52099e+06
1.43604e+06 1.55485e+06 1.60709e+06 1.6257e+06
1.56868e+06 1.61335e+06 1.59257e+06 1.45696e+06
1.48995e+06 1.64433e+06 1.50753e+06 1.54062e+06
1.62276e+06 1.59997e+06 1.36637e+06 1.61845e+06
1.63602e+06 1.5451e+06 1.47222e+06 1.55369e+06
1.50145e+06 1.64378e+06 1.49089e+06 1.52212e+06
1.61776e+06 1.34356e+06 1.5807e+06 1.62238e+06
1.36019e+06 1.58648e+06 1.6143e+06 1.61606e+06
1.63436e+06 1.57399e+06 1.40768e+06 1.61311e+06
1.66163e+06 1.50328e+06 1.49828e+06 1.66432e+06
1.59418e+06 1.42267e+06 1.55926e+06 1.67231e+06
1.39052e+06 1.57348e+06 1.58797e+06 1.63821e+06
1.71836e+06 1.5255e+06 1.49721e+06 1.60881e+06
1.39812e+06 1.57423e+06 1.60977e+06 1.62449e+06
1.62581e+06 1.47614e+06 1.64443e+06 1.55149e+06
1.63097e+06 1.39298e+06 1.56408e+06 1.60625e+06
1.36192e+06 1.57684e+06 1.60103e+06 1.61147e+06
1.4893e+06 1.66642e+06 1.50596e+06 1.51979e+06
1.65863e+06 1.52408e+06 1.50146e+06 1.65176e+06
1.42641e+06 1.56305e+06 1.60847e+06 1.58254e+06
1.52446e+06 1.52381e+06 1.71385e+06 1.56681e+06
1.4828e+06 1.6677e+06 1.50211e+06 1.5504e+06
1.47262e+06 1.60978e+06 1.63675e+06 1.56672e+06
1.78359e+06 1.486e+06 1.50837e+06 1.61951e+06
1.60368e+06 1.37083e+06 1.55245e+06 1.65957e+06
1.60782e+06 1.43921e+06 1.54047e+06 1.66933e+06
1.40563e+06 1.57408e+06 1.61101e+06 1.59212e+06
1.78059e+06 1.48516e+06 1.52815e+06 1.61123e+06
1.70359e+06 1.51998e+06 1.5434e+06 1.62217e+06
1.57995e+06 1.41327e+06 1.56155e+06 1.67423e+06
1.53e+06 1.47732e+06 1.56058e+06 1.74594e+06
1.69414e+06 1.5104e+06 1.46893e+06 1.65432e+06
1.66649e+06 1.51656e+06 1.50008e+06 1.65028e+06
1.63484e+06 1.53437e+06 1.46763e+06 1.61305e+06
1.53157e+06 1.55953e+06 1.68185e+06 1.54931e+06
1.5527e+06 1.51265e+06 1.71534e+06 1.55003e+06
1.77082e+06 1.46692e+06 1.53267e+06 1.6161e+06
1.4613e+06 1.60202e+06 1.63292e+06 1.57543e+06
1.47836e+06 1.60733e+06 1.62703e+06 1.57906e+06
1.54099e+06 1.48456e+06 1.52202e+06 1.76894e+06
1.67527e+06 1.51937e+06 1.4953e+06 1.64864e+06
1.79048e+06 1.48695e+06 1.53735e+06 1.59079e+06
1.66699e+06 1.53e+06 1.46204e+06 1.6149e+06
1.76331e+06 1.48831e+06 1.54243e+06 1.61622e+06
1.41513e+06 1.57034e+06 1.60441e+06 1.62921e+06
1.59796e+06 1.53403e+06 1.71039e+06 1.53577e+06
1.67384e+06 1.4909e+06 1.51932e+06 1.65984e+06
1.62997e+06 1.57441e+06 1.64949e+06 1.39404e+06
1.52256e+06 1.63035e+06 1.52818e+06 1.52345e+06
1.64639e+06 1.55902e+06 1.42398e+06 1.63723e+06
1.59873e+06 1.42946e+06 1.54341e+06 1.68426e+06
1.62373e+06 1.5722e+06 1.60381e+06 1.41643e+06
1.53874e+06 1.47947e+06 1.55106e+06 1.72295e+06
1.61992e+06 1.58435e+06 1.39247e+06 1.60852e+06
1.67853e+06 1.52431e+06 1.46777e+06 1.66222e+06
1.56942e+06 1.56004e+06 1.70601e+06 1.54011e+06
1.56684e+06 1.50795e+06 1.73922e+06 1.56348e+06
1.61543e+06 1.39246e+06 1.56767e+06 1.64894e+06
1.58745e+06 1.53651e+06 1.66755e+06 1.55966e+06
1.47778e+06 1.65237e+06 1.51507e+06 1.52896e+06
1.61338e+06 1.5809e+06 1.61185e+06 1.40162e+06
1.59304e+06 1.56753e+06 1.58058e+06 1.43881e+06
1.60075e+06 1.58803e+06 1.59401e+06 1.41291e+06
1.61732e+06 1.37601e+06 1.55749e+06 1.63917e+06
1.61848e+06 1.56692e+06 1.40663e+06 1.61484e+06
1.53362e+06 1.51183e+06 1.56125e+06 1.72835e+06
1.63374e+06 1.58755e+06 1.36288e+06 1.64145e+06
1.54196e+06 1.6092e+06 1.59716e+06 1.47649e+06
1.60794e+06 1.44111e+06 1.5816e+06 1.58028e+06
1.59063e+06 1.40264e+06 1.58184e+06 1.668e+06
1.50049e+06 1.6412e+06 1.49868e+06 1.52935e+06
1.61009e+06 1.38012e+06 1.5643e+06 1.65256e+06
1.6329e+06 1.37084e+06 1.57292e+06 1.59518e+06
1.64506e+06 1.57711e+06 1.4483e+06 1.58409e+06
1.66752e+06 1.5077e+06 1.48656e+06 1.65924e+06
1.61165e+06 1.39095e+06 1.55846e+06 1.65927e+06
1.54264e+06 1.54788e+06 1.66787e+06 1.56161e+06
1.47737e+06 1.60263e+06 1.66733e+06 1.56081e+06
1.42415e+06 1.57909e+06 1.60488e+06 1.59943e+06
1.647e+06 1.56152e+06 1.42412e+06 1.61575e+06
1.63147e+06 1.54742e+06 1.48015e+06 1.55704e+06
1.50746e+06 1.62796e+06 1.49137e+06 1.52882e+06
1.63917e+06 1.58746e+06 1.37373e+06 1.64113e+06
1.36169e+06 1.58949e+06 1.62226e+06 1.60676e+06
