5 0.322735
161901 135630 173525
162381 148652 159990
165649 166965 145591
166072 163122 148629
167016 169873 145336
167736 164540 147770
168278 165176 144377
168396 164253 145937
176789 149054 147356
181345 143241 170995
144223 178789 150069
161064 151261 162165
166446 144957 160192
174919 162007 145614
150586 174856 140393
154680 149477 170928
169149 163875 147861
172688 144439 166699
153953 163312 150516
160036 150753 168443
160290 162169 150284
160950 149221 162463
162613 153266 158007
164443 148496 170473
168835 140698 172306
172591 145774 157228
139608 154327 151646
168825 150677 152439
