939 139.784
2.75416e+06 2.86055e+06 2.82383e+06 2.78807e+06
2.75272e+06 2.84944e+06 2.84226e+06 2.7615e+06
2.75354e+06 2.88076e+06 2.91794e+06 2.76056e+06
2.80044e+06 2.81982e+06 2.81641e+06 2.75632e+06
2.73977e+06 2.93573e+06 2.89103e+06 2.80141e+06
2.80956e+06 2.91035e+06 2.7726e+06 2.75005e+06
2.75321e+06 2.86966e+06 2.82425e+06 2.78389e+06
2.7348e+06 2.8509e+06 2.82553e+06 2.87687e+06
2.78921e+06 2.8531e+06 2.85914e+06 2.73591e+06
2.79826e+06 2.72956e+06 2.8079e+06 2.89714e+06
2.73369e+06 2.8905e+06 2.77851e+06 2.89076e+06
2.77992e+06 2.87039e+06 2.75752e+06 2.81401e+06
2.80318e+06 2.90903e+06 2.70028e+06 2.99862e+06
2.74372e+06 2.81308e+06 2.79816e+06 2.87594e+06
2.80484e+06 2.77646e+06 2.7549e+06 2.80046e+06
2.75313e+06 2.87661e+06 2.83304e+06 2.80389e+06
2.79756e+06 2.79792e+06 2.82231e+06 2.75826e+06
2.75763e+06 2.81776e+06 2.84304e+06 2.81893e+06
2.77449e+06 2.79733e+06 2.79584e+06 2.7727e+06
2.90711e+06 2.79727e+06 2.81698e+06 2.72826e+06
2.75163e+06 2.79423e+06 2.80263e+06 2.82388e+06
2.80817e+06 2.80014e+06 2.75782e+06 2.77084e+06
2.8614e+06 2.87122e+06 2.84498e+06 2.70951e+06
2.79055e+06 2.86303e+06 2.83263e+06 2.71892e+06
2.94854e+06 2.88824e+06 2.71429e+06 2.76318e+06
2.76143e+06 2.84903e+06 2.76418e+06 2.75837e+06
2.86491e+06 2.81295e+06 2.84237e+06 2.70654e+06
2.86241e+06 2.83014e+06 2.80329e+06 2.69046e+06
2.92085e+06 2.71222e+06 2.78637e+06 2.79607e+06
2.76276e+06 2.7837e+06 2.79351e+06 2.79053e+06
2.80186e+06 2.77323e+06 2.75439e+06 2.86073e+06
2.86131e+06 2.74566e+06 2.82543e+06 2.75989e+06
2.77978e+06 2.78294e+06 2.73794e+06 2.83167e+06
2.82993e+06 2.92353e+06 2.73879e+06 2.75409e+06
2.79015e+06 2.88069e+06 2.84578e+06 2.75312e+06
2.77868e+06 2.84578e+06 2.7829e+06 2.75917e+06
2.73205e+06 2.84297e+06 2.89001e+06 2.81848e+06
2.84538e+06 2.82873e+06 2.84502e+06 2.69194e+06
2.83049e+06 2.78316e+06 2.77169e+06 2.73412e+06
2.79506e+06 2.79398e+06 2.7358e+06 2.82868e+06
2.7691e+06 2.80313e+06 2.82935e+06 2.77785e+06
2.85293e+06 2.78881e+06 2.79336e+06 2.73214e+06
2.80177e+06 2.75917e+06 2.82251e+06 2.77538e+06
2.78152e+06 2.81598e+06 2.73905e+06 2.82578e+06
2.92347e+06 2.88714e+06 2.6826e+06 2.77387e+06
2.81996e+06 2.75938e+06 2.7627e+06 2.83506e+06
2.79754e+06 2.79602e+06 2.77676e+06 2.78592e+06
2.84228e+06 2.73809e+06 2.76121e+06 2.85207e+06
2.84458e+06 2.74056e+06 2.82617e+06 2.7441e+06
2.86705e+06 2.88407e+06 2.77988e+06 2.71922e+06
2.82484e+06 2.87237e+06 2.76862e+06 2.74805e+06
2.84227e+06 2.88743e+06 2.83328e+06 2.70803e+06
2.84108e+06 2.8785e+06 2.8097e+06 2.72116e+06
2.7725e+06 2.76573e+06 2.81676e+06 2.79932e+06
2.89831e+06 2.75248e+06 2.72863e+06 2.78473e+06
2.78842e+06 2.76084e+06 2.79835e+06 2.76142e+06
2.8195e+06 2.79476e+06 2.78501e+06 2.73984e+06
2.741e+06 2.92434e+06 2.85572e+06 2.81093e+06
2.76996e+06 2.76821e+06 2.80804e+06 2.78808e+06
2.7443e+06 2.85257e+06 2.77382e+06 2.80806e+06
2.91315e+06 2.8655e+06 2.73719e+06 2.73684e+06
2.79987e+06 2.81939e+06 2.83198e+06 2.75155e+06
2.81709e+06 2.7068e+06 2.82502e+06 2.80669e+06
2.79277e+06 2.83759e+06 2.72273e+06 2.79311e+06
2.81112e+06 2.7603e+06 2.80993e+06 2.77026e+06
2.87174e+06 2.796e+06 2.81723e+06 2.70858e+06
2.8211e+06 2.72106e+06 2.8315e+06 2.78724e+06
2.82695e+06 2.72378e+06 2.80134e+06 2.89064e+06
2.86019e+06 2.72655e+06 2.74127e+06 2.83015e+06
2.90068e+06 2.72453e+06 2.74625e+06 2.80394e+06
2.75914e+06 2.77919e+06 2.87993e+06 2.81072e+06
2.77054e+06 2.79982e+06 2.74391e+06 2.83114e+06
2.78654e+06 2.73889e+06 2.81705e+06 2.82193e+06
2.80403e+06 2.78278e+06 2.76925e+06 2.7929e+06
2.81155e+06 2.77478e+06 2.74693e+06 2.84076e+06
2.8405e+06 2.8265e+06 2.81612e+06 2.72063e+06
2.90315e+06 2.77137e+06 2.71325e+06 2.78838e+06
2.81378e+06 2.81023e+06 2.7332e+06 2.79761e+06
2.81764e+06 2.76767e+06 2.79224e+06 2.76132e+06
2.82122e+06 2.79239e+06 2.71472e+06 2.81815e+06
2.86152e+06 2.74371e+06 2.74973e+06 2.77586e+06
2.90598e+06 2.77852e+06 2.76523e+06 2.74443e+06
2.76568e+06 2.8019e+06 2.7567e+06 2.87579e+06
2.79332e+06 2.78118e+06 2.7724e+06 2.79945e+06
2.79532e+06 2.79707e+06 2.71794e+06 2.81902e+06
2.83336e+06 2.82539e+06 2.74925e+06 2.75761e+06
2.82022e+06 2.76446e+06 2.75325e+06 2.8214e+06
2.83873e+06 2.74686e+06 2.73259e+06 2.76493e+06
2.82313e+06 2.80322e+06 2.76719e+06 2.75022e+06
2.91325e+06 2.82642e+06 2.71786e+06 2.76318e+06
2.81617e+06 2.72769e+06 2.80956e+06 2.87759e+06
2.82821e+06 2.77938e+06 2.85898e+06 2.75214e+06
2.8497e+06 2.78761e+06 2.69697e+06 2.76433e+06
2.88795e+06 2.81672e+06 2.74453e+06 2.7576e+06
2.81495e+06 2.78271e+06 2.749e+06 2.80855e+06
2.82044e+06 2.73079e+06 2.78506e+06 2.86025e+06
2.82566e+06 2.77501e+06 2.74455e+06 2.79664e+06
2.84301e+06 2.79129e+06 2.74003e+06 2.75796e+06
2.81139e+06 2.78158e+06 2.78939e+06 2.76359e+06
2.82659e+06 2.7165e+06 2.82642e+06 2.79976e+06
2.83016e+06 2.74839e+06 2.84071e+06 2.76413e+06
2.84232e+06 2.74626e+06 2.7316e+06 2.85338e+06
2.84713e+06 2.78237e+06 2.68487e+06 2.84274e+06
2.76211e+06 2.78062e+06 2.77641e+06 2.79536e+06
2.79726e+06 2.72678e+06 2.8131e+06 2.80564e+06
2.82684e+06 2.82261e+06 2.74789e+06 2.77444e+06
2.8327e+06 2.77277e+06 2.74809e+06 2.80268e+06
2.75938e+06 2.80708e+06 2.76035e+06 2.7752e+06
2.80009e+06 2.76947e+06 2.78765e+06 2.77692e+06
2.81002e+06 2.84548e+06 2.71253e+06 2.89613e+06
2.81866e+06 2.7616e+06 2.7306e+06 2.83222e+06
2.8514e+06 2.74505e+06 2.71618e+06 2.83925e+06
2.88095e+06 2.72486e+06 2.71358e+06 2.84257e+06
2.74732e+06 2.8614e+06 2.85409e+06 2.79669e+06
2.80554e+06 2.8502e+06 2.7849e+06 2.74473e+06
2.82501e+06 2.75756e+06 2.76377e+06 2.77903e+06
2.76647e+06 2.7655e+06 2.82706e+06 2.80006e+06
2.76756e+06 2.84803e+06 2.8079e+06 2.7648e+06
2.7824e+06 2.83456e+06 2.75046e+06 2.7743e+06
2.79023e+06 2.81385e+06 2.72866e+06 2.8133e+06
2.79386e+06 2.83e+06 2.72566e+06 2.826e+06
2.79896e+06 2.77556e+06 2.73744e+06 2.84895e+06
2.82966e+06 2.82799e+06 2.71021e+06 2.84638e+06
2.87329e+06 2.83602e+06 2.68974e+06 2.79598e+06
2.81848e+06 2.71629e+06 2.87559e+06 2.77764e+06
2.82608e+06 2.79156e+06 2.73305e+06 2.80779e+06
2.8483e+06 2.83941e+06 2.67555e+06 2.88683e+06
2.89332e+06 2.7382e+06 2.74881e+06 2.81129e+06
2.77043e+06 2.83858e+06 2.75707e+06 2.81888e+06
2.79932e+06 2.72485e+06 2.83918e+06 2.8321e+06
2.83592e+06 2.78018e+06 2.8692e+06 2.73405e+06
2.85266e+06 2.79926e+06 2.74852e+06 2.7573e+06
2.92082e+06 2.85585e+06 2.7727e+06 2.71743e+06
2.78157e+06 2.82283e+06 2.74418e+06 2.78359e+06
2.80673e+06 2.83252e+06 2.7759e+06 2.74655e+06
2.77288e+06 2.77739e+06 2.81465e+06 2.76363e+06
2.77956e+06 2.78552e+06 2.79201e+06 2.77282e+06
2.86258e+06 2.78222e+06 2.78384e+06 2.75309e+06
2.82835e+06 2.80784e+06 2.72519e+06 2.78033e+06
2.87653e+06 2.82009e+06 2.80367e+06 2.72425e+06
2.80833e+06 2.8202e+06 2.71254e+06 2.86878e+06
2.82579e+06 2.70069e+06 2.87757e+06 2.78492e+06
2.86477e+06 2.74142e+06 2.82216e+06 2.75766e+06
2.76022e+06 2.80512e+06 2.76578e+06 2.7922e+06
2.81105e+06 2.80291e+06 2.79576e+06 2.75995e+06
2.83599e+06 2.7667e+06 2.74991e+06 2.8214e+06
2.78042e+06 2.72504e+06 2.84088e+06 2.84001e+06
2.86749e+06 2.84127e+06 2.77365e+06 2.72077e+06
2.90349e+06 2.83059e+06 2.73614e+06 2.75289e+06
2.91231e+06 2.82932e+06 2.71946e+06 2.75948e+06
2.78756e+06 2.80445e+06 2.7497e+06 2.78329e+06
2.82896e+06 2.75414e+06 2.80871e+06 2.78328e+06
2.87931e+06 2.81055e+06 2.75629e+06 2.72919e+06
2.77891e+06 2.72302e+06 2.8721e+06 2.82224e+06
2.80796e+06 2.72981e+06 2.82922e+06 2.76533e+06
2.81273e+06 2.83768e+06 2.73712e+06 2.77907e+06
2.81519e+06 2.81831e+06 2.8488e+06 2.7474e+06
2.89168e+06 2.84072e+06 2.68876e+06 2.83553e+06
2.82922e+06 2.79971e+06 2.82313e+06 2.71203e+06
2.85263e+06 2.85455e+06 2.78768e+06 2.72032e+06
2.82074e+06 2.75875e+06 2.80229e+06 2.77837e+06
2.82641e+06 2.73175e+06 2.82488e+06 2.79114e+06
2.85191e+06 2.87303e+06 2.83462e+06 2.69923e+06
2.79717e+06 2.82797e+06 2.78619e+06 2.72445e+06
2.83145e+06 2.7824e+06 2.74944e+06 2.78605e+06
2.83483e+06 2.79923e+06 2.73898e+06 2.76035e+06
2.84536e+06 2.73166e+06 2.78761e+06 2.81311e+06
2.83895e+06 2.83424e+06 2.72596e+06 2.75547e+06
2.84718e+06 2.82967e+06 2.70539e+06 2.8296e+06
2.86052e+06 2.8226e+06 2.74017e+06 2.72783e+06
2.88541e+06 2.74005e+06 2.76001e+06 2.7869e+06
2.81757e+06 2.82298e+06 2.8491e+06 2.7391e+06
2.83647e+06 2.88265e+06 2.82146e+06 2.71877e+06
2.84545e+06 2.72499e+06 2.77442e+06 2.79605e+06
2.88142e+06 2.75543e+06 2.71868e+06 2.80857e+06
2.88153e+06 2.72957e+06 2.80004e+06 2.74635e+06
2.82731e+06 2.78824e+06 2.79218e+06 2.73946e+06
2.83045e+06 2.75623e+06 2.72903e+06 2.85816e+06
2.87357e+06 2.71729e+06 2.77892e+06 2.81829e+06
2.82628e+06 2.80548e+06 2.88573e+06 2.73486e+06
2.83754e+06 2.80453e+06 2.73398e+06 2.80768e+06
2.88996e+06 2.77286e+06 2.74892e+06 2.74823e+06
2.78906e+06 2.73401e+06 2.76573e+06 2.80462e+06
2.847e+06 2.72463e+06 2.80598e+06 2.86513e+06
2.85702e+06 2.76395e+06 2.71555e+06 2.84534e+06
2.90708e+06 2.81528e+06 2.77898e+06 2.72777e+06
2.7768e+06 2.79345e+06 2.76209e+06 2.80099e+06
2.82128e+06 2.86139e+06 2.76474e+06 2.74948e+06
2.82964e+06 2.77666e+06 2.7873e+06 2.7464e+06
2.76781e+06 2.75975e+06 2.76006e+06 2.80256e+06
2.80833e+06 2.7187e+06 2.86306e+06 2.82802e+06
2.83316e+06 2.79885e+06 2.70728e+06 2.80971e+06
2.83695e+06 2.73235e+06 2.78278e+06 2.767e+06
2.84479e+06 2.85083e+06 2.81377e+06 2.71716e+06
2.87087e+06 2.81889e+06 2.75069e+06 2.75065e+06
2.74779e+06 2.84495e+06 2.77763e+06 2.89099e+06
2.82826e+06 2.8474e+06 2.72516e+06 2.7874e+06
2.83603e+06 2.83923e+06 2.76141e+06 2.75405e+06
2.86621e+06 2.80478e+06 2.85445e+06 2.70613e+06
2.89928e+06 2.82059e+06 2.73379e+06 2.75983e+06
2.74686e+06 2.76455e+06 2.80277e+06 2.81948e+06
2.79764e+06 2.79075e+06 2.73859e+06 2.78725e+06
2.82019e+06 2.84573e+06 2.73376e+06 2.79057e+06
2.83149e+06 2.80687e+06 2.7639e+06 2.72806e+06
2.83671e+06 2.846e+06 2.69088e+06 2.93456e+06
2.83867e+06 2.75314e+06 2.75076e+06 2.79587e+06
2.85335e+06 2.83756e+06 2.7724e+06 2.72418e+06
2.86769e+06 2.72335e+06 2.79956e+06 2.8178e+06
2.76716e+06 2.8057e+06 2.84944e+06 2.78598e+06
2.81994e+06 2.78033e+06 2.77282e+06 2.79934e+06
2.8283e+06 2.76547e+06 2.81387e+06 2.74903e+06
2.92093e+06 2.79708e+06 2.76199e+06 2.74414e+06
2.80287e+06 2.80093e+06 2.77451e+06 2.76428e+06
2.8116e+06 2.84015e+06 2.7346e+06 2.76027e+06
2.81504e+06 2.77918e+06 2.78294e+06 2.79447e+06
2.84731e+06 2.88166e+06 2.79492e+06 2.72144e+06
2.84878e+06 2.71168e+06 2.82387e+06 2.80551e+06
2.87322e+06 2.76087e+06 2.73233e+06 2.79746e+06
2.87917e+06 2.76441e+06 2.79235e+06 2.7625e+06
2.7875e+06 2.7346e+06 2.81701e+06 2.84797e+06
2.88255e+06 2.84373e+06 2.78502e+06 2.71885e+06
2.9046e+06 2.74668e+06 2.74545e+06 2.82879e+06
2.78672e+06 2.77238e+06 2.78375e+06 2.76732e+06
2.79375e+06 2.77898e+06 2.79818e+06 2.7636e+06
2.81892e+06 2.81544e+06 2.71131e+06 2.80409e+06
2.87618e+06 2.77401e+06 2.83646e+06 2.69316e+06
2.87738e+06 2.84881e+06 2.79969e+06 2.69765e+06
2.80689e+06 2.72334e+06 2.83629e+06 2.81865e+06
2.80786e+06 2.82762e+06 2.82006e+06 2.74744e+06
2.81058e+06 2.8537e+06 2.71348e+06 2.81703e+06
2.83395e+06 2.7551e+06 2.79497e+06 2.79621e+06
2.88109e+06 2.69747e+06 2.81875e+06 2.80693e+06
2.89758e+06 2.72361e+06 2.76306e+06 2.83393e+06
2.77474e+06 2.75096e+06 2.7896e+06 2.80336e+06
2.80534e+06 2.84646e+06 2.74275e+06 2.75397e+06
2.82269e+06 2.81718e+06 2.76371e+06 2.7532e+06
2.83462e+06 2.79532e+06 2.72112e+06 2.81808e+06
2.83835e+06 2.78597e+06 2.71184e+06 2.88878e+06
2.8548e+06 2.72902e+06 2.77414e+06 2.82583e+06
2.87933e+06 2.77152e+06 2.77395e+06 2.75735e+06
2.81202e+06 2.78045e+06 2.7621e+06 2.75482e+06
2.83338e+06 2.79996e+06 2.74092e+06 2.78685e+06
2.88571e+06 2.71988e+06 2.81385e+06 2.80365e+06
2.90052e+06 2.78913e+06 2.83265e+06 2.72496e+06
2.81602e+06 2.80609e+06 2.83394e+06 2.75365e+06
2.85012e+06 2.82654e+06 2.77507e+06 2.7207e+06
2.88516e+06 2.80061e+06 2.74946e+06 2.75678e+06
2.89802e+06 2.81388e+06 2.79522e+06 2.70158e+06
2.82647e+06 2.76607e+06 2.7564e+06 2.78217e+06
2.84126e+06 2.77931e+06 2.71101e+06 2.79017e+06
2.79904e+06 2.75804e+06 2.79108e+06 2.80026e+06
2.80586e+06 2.79904e+06 2.77469e+06 2.77057e+06
2.81205e+06 2.71858e+06 2.80973e+06 2.82766e+06
2.81311e+06 2.8256e+06 2.73279e+06 2.81088e+06
2.86527e+06 2.74159e+06 2.84647e+06 2.71548e+06
2.89735e+06 2.70765e+06 2.77342e+06 2.82777e+06
2.80501e+06 2.77755e+06 2.74954e+06 2.80548e+06
2.83546e+06 2.79355e+06 2.84085e+06 2.73172e+06
2.84411e+06 2.69222e+06 2.82852e+06 2.77394e+06
2.87674e+06 2.85282e+06 2.79184e+06 2.6963e+06
2.90023e+06 2.72852e+06 2.80045e+06 2.75087e+06
2.91641e+06 2.78799e+06 2.80349e+06 2.71308e+06
2.77779e+06 2.75042e+06 2.8206e+06 2.8225e+06
2.78319e+06 2.79886e+06 2.77955e+06 2.78525e+06
2.89783e+06 2.71492e+06 2.81156e+06 2.8047e+06
