676 36.0106
568033 561671 522212
602466 496559 540247
562312 536423 524571
557597 532968 542771
556036 535434 546928
567615 544551 523093
613202 499705 531958
611160 498523 532502
600205 499661 543680
612703 500006 530826
560022 537778 526307
552223 537684 544283
616259 497054 536962
550412 539114 569063
570738 516039 534544
560437 525629 541137
558652 556006 534535
560371 523757 543399
565516 513406 539050
577015 571660 506574
620975 496867 534742
567624 517968 536113
601370 505815 519593
573679 524168 510255
601959 520350 501466
573808 578874 505738
584163 500560 525927
564387 518295 541274
590470 535876 494112
602712 511600 508179
563821 522850 540215
563017 525445 528295
581669 515832 518618
619264 554451 487536
569876 524235 527387
570881 523193 525208
575268 542497 509100
609551 514644 503637
591585 522155 504963
575639 524925 508817
618915 492623 545148
581872 527932 497406
602074 530481 489410
557497 532842 560736
573608 521349 516535
569812 514626 536670
572054 511970 530615
582580 516058 509922
583918 515429 517656
563689 525369 541779
564559 518932 527496
568207 524834 511764
587698 541165 496927
599882 511427 515265
582522 506467 530449
600624 527964 494917
572768 522411 514541
586319 513564 511115
602384 524293 497653
562623 526144 540486
627726 544534 488216
552002 545553 558987
575410 519262 521147
575034 512245 525704
576362 509140 518683
596665 526211 496175
581396 520295 511461
595114 520008 506553
597319 536322 491912
606587 518457 500275
589911 522229 503554
591416 521573 506238
556783 529952 570466
579017 523267 514013
577429 540614 502069
587520 527671 506857
592044 546111 493803
595358 516693 506971
599379 525204 502636
602809 521965 500396
602952 524426 496489
616985 496465 554601
