11 0.227368
782663 804173 782892 826871
788451 822478 788900 791688
792567 821876 768189 782663
793635 765353 833743 799383
797643 802600 820317 780415
801776 792641 789120 789119
805564 769049 783878 820038
813950 813430 784479 781632
814147 768666 797846 794963
826082 792611 822404 764372
831196 764201 779357 802603
834043 755036 803925 802401
840302 795178 782878 779066
859958 782308 782812 769074
766432 799746 801863 830626
781327 774172 804321 827666
789535 791297 797852 807136
791137 789061 781586 838890
791323 805602 794419 786289
792253 790398 803889 820847
797753 807958 782247 782534
799584 797010 778875 797988
799730 803294 792189 786570
804030 826608 767330 801188
805622 784515 792615 787492
808764 775951 760802 838959
814322 781712 764804 800704
820684 814431 755058 798729
823722 777822 777403 794716
853701 807319 743616 811898
768463 817612 804125 804243
775542 803633 835601 806215
780488 868065 787943 784605
781988 818070 800134 782179
787578 827127 785615 788547
788076 807776 790387 820020
790900 806394 782202 806474
798418 782561 771883 818110
815801 802746 797945 775897
821306 806530 810655 772075
822597 794261 789199 770719
830394 800362 805666 767075
764038 807429 806400 845359
768391 814375 835994 809709
782669 796211 779974 828074
782713 809997 799144 801370
785507 785704 818744 820589
789957 812871 797735 779688
792957 814831 766463 807871
799433 772412 816139 783084
804649 793040 776727 807195
805179 776986 772430 809182
818234 787520 784381 783951
822649 807635 748716 835174
835019 776446 811863 777764
768726 814681 782064 803877
774826 805292 782009 825590
779402 809709 790276 819283
791500 832523 768090 815233
792972 802806 792044 810052
801202 832567 775003 758151
806418 808342 818413 774576
807597 802677 786090 789851
810717 771147 781913 809221
822718 802408 771345 795802
822825 788435 781703 795530
833351 779224 782186 789619
837961 816496 765331 788339
840677 760910 805128 792465
780879 785923 824457 811234
786448 785040 815783 801783
787265 808572 797392 819015
798874 789055 765935 856223
806338 773142 786714 793117
810461 776174 764192 833800
810893 806190 771866 804905
816839 831995 807186 770455
819411 811371 767160 767965
828045 777737 804685 771856
837130 805471 749294 789612
839832 752951 815898 809209
841252 815223 777515 756149
850498 774152 811357 789017
770469 795294 786480 826672
775426 810797 822916 822713
776557 803530 802079 806482
801120 774544 789973 816442
807372 806772 799004 780732
813199 778831 819481 780076
813575 771179 755015 831494
813830 805590 762119 800558
817760 799923 759071 807533
822422 763456 796598 793265
832541 763059 791176 793647
844866 760764 796101 816658
774411 779563 801727 843418
782735 784462 824248 821113
786794 790128 779219 829159
792075 780879 783441 840620
792911 782926 804033 811387
801090 793775 783070 812349
801656 792457 776966 817959
802299 789929 793332 795552
807179 811164 755109 860192
811480 766504 794402 802587
817701 764408 811534 800249
817761 795473 752441 823086
818171 813681 776976 795275
779407 814941 770524 856186
779438 792714 802977 793044
784448 790470 820534 820344
784980 810586 813647 789061
790783 791790 762787 839235
793761 808477 775296 820541
800144 807425 778363 797289
806418 782427 797179 792601
807736 808347 766923 813390
809497 788511 781538 794792
810982 776527 781755 814609
824391 768734 763819 792590
776341 812780 822796 804766
782681 809517 793220 806286
785312 791547 814548 788102
786553 790600 832579 801230
792439 804309 791067 816747
793515 775218 786199 796418
794569 794365 790801 790124
796353 809544 792211 773222
796990 807869 769147 813417
801286 790505 814017 781470
803633 811217 754659 807491
806908 791753 798382 785193
829410 814545 806158 763628
783138 812349 780459 799824
789692 770271 788280 821073
798253 759461 785622 817116
799497 776831 811761 789405
804865 780649 808340 776982
806795 807459 799280 779678
814436 805616 793480 777482
821174 782733 785263 793022
821723 781061 804127 787926
822945 801338 774299 786086
824995 810376 812201 767758
753641 824627 776278 811437
783651 780185 840779 817979
787224 800483 797664 809577
790408 794699 812625 792263
793370 785117 803631 782679
800034 764612 778098 827071
804126 788426 781948 805068
808340 827569 779451 772645
809386 773492 773706 831467
812565 802797 771493 811970
813375 811770 777679 800689
817461 789737 787269 788256
818928 753784 817915 824233
820517 784892 768135 798766
821165 789852 775410 780687
