9 0.473271
759960 801205 810535
812922 768074 767409
760941 805919 809484
823289 789063 766090
760646 809269 804811
767778 772105 833988
789924 780001 794874
795340 781737 775072
798537 765939 779562
766679 783699 793081
773606 804260 786191
778102 780969 780333
763927 799484 806522
786685 749179 801921
796365 815121 765556
837976 783201 766257
790017 784586 779410
809868 805665 746269
802109 791385 750868
764037 809377 768215
793606 766635 788184
794496 802840 773768
805759 783296 774390
808198 747752 794768
825175 764476 787875
