596 15.0677
202254 237760
202372 237252
202387 235671
202512 234000
202630 233492
202645 231911
202827 231570
202932 231476
202936 229449
203079 228638
203085 227810
203112 225839
203589 225390
203755 225348
203769 222723
203992 222312
204659 220303
205419 219084
206396 217723
207063 215714
208074 214262
209250 214155
209657 212980
210209 211902
210324 210971
210876 209893
212386 208270
212514 207860
212544 207658
212672 207496
212845 207350
212901 207199
212993 206708
213121 206298
213151 206096
213209 205081
213367 204469
213452 204252
213489 203411
213911 203332
213998 203201
214327 203079
214570 202969
214698 202807
214837 200906
215320 199766
216050 199703
216216 199661
216327 195485
217200 195361
217421 195159
217715 194332
218718 193504
220226 193253
220253 192893
221421 192701
221646 192461
221945 192355
222861 192268
