30 0.16221
146898 156251 168214 163341
170019 174360 170278 136458
151811 167495 165034 153229
152217 160906 168492 154926
166639 165458 157847 141453
146721 169775 164638 163965
150716 152370 187216 155002
153961 169183 161277 155493
176205 150261 148078 157075
144563 168469 154080 166590
145201 179028 162188 135978
149905 167984 160873 158857
159771 153504 138224 155842
168975 165024 144056 149034
172659 173735 151674 137680
145149 165523 165337 153050
149646 158191 161924 160335
150554 167301 160809 164721
154639 151204 161658 164547
155351 142714 182226 156311
147331 143153 168003 175162
166537 166359 154328 142742
169243 151399 166006 143889
158579 145380 160393 154910
151479 152134 176212 168212
156802 157942 148334 157546
157215 149733 164132 151451
144677 169672 169003 159332
151056 158445 156865 156601
162748 171639 156896 139297
165487 154740 168786 144733
148355 155785 171479 145090
170970 169167 161796 136104
151469 166224 175844 138946
158206 171365 150250 144489
180462 159071 150381 153219
148328 155212 171852 151063
165455 163636 161859 138207
169853 161795 170267 138031
178136 165467 165705 131076
166936 137986 167487 160408
173356 165322 150280 141166
154599 163620 156117 157068
156626 172904 167140 141269
151598 151509 171895 166363
151864 169362 147902 160956
154270 162489 162321 154699
156280 152076 152901 148570
147430 171532 161295 150018
151208 152562 173117 151524
152407 158263 158444 155732
155570 159537 161801 153644
156006 153646 162588 147358
165860 146176 176976 139822
166057 164725 136254 152674
148324 172517 163046 146731
159135 150947 165762 150581
159137 156408 157762 148556
160540 141991 151701 146880
171296 160450 175787 140940
172693 158723 155268 145379
151047 162004 156695 155873
154298 174879 166565 139446
165119 155464 164946 145403
165647 165565 176043 133659
167634 158646 163843 142413
173555 162552 149945 153341
142123 170187 153217 157254
149288 154048 170174 159738
161863 156546 149272 154876
163329 152935 183250 142499
170608 159292 157709 142807
176197 150886 150617 158692
179759 154367 150645 148116
160079 141469 154301 146013
186177 155370 165290 144564
154192 164265 150296 158713
155655 162595 145382 150811
160202 160847 184545 144340
174840 151378 149301 161672
147497 155315 176577 153358
161786 174336 166695 136730
167321 160632 174397 143229
146625 170422 183908 146548
148216 159638 175159 160302
149460 174781 155470 149024
154792 154909 161642 169124
160860 156603 157107 145822
168507 149313 165697 145455
151174 165678 165535 142371
165709 165005 150416 143341
150801 166034 154555 160526
155056 153855 149961 156124
158572 161525 148094 154269
162559 186365 184341 134820
170346 145481 145188 163980
171169 163922 147351 148274
144471 168255 171224 161418
146655 155487 158892 165906
147095 162065 165575 162089
149389 162393 167012 154212
149707 165879 166552 148885
154288 163967 153626 143841
157676 169489 157046 140292
158476 148658 157826 161002
169216 159443 151548 152668
142145 162319 171306 161778
148346 155331 161927 158895
149047 171832 163505 146381
149478 157271 163816 158892
153946 154198 162921 146742
155427 159864 154656 154598
156233 160114 160792 150806
156612 150487 162836 167734
164545 164006 167318 143169
165186 141203 172482 151294
166330 171839 156116 141525
168009 137069 168408 175856
173143 139837 153964 160641
177145 156096 157132 140221
152502 145440 163727 152439
152948 161912 141955 166531
154651 151089 174476 151716
159086 180645 139001 149686
