31 1.17671
137398 177035 156974 163757
157601 146058 144376 151465
134444 183528 167724 154717
138806 163025 151433 141160
147147 142815 150646 154780
162839 165701 121823 177012
133132 166725 164631 167286
137645 170962 170878 161026
143599 176952 135698 168653
166947 168529 132398 162170
170009 154149 142410 149504
138630 167847 157570 167795
138845 157332 156506 167483
139782 148624 151568 160782
154122 132234 153318 165119
148316 161641 159380 144098
150862 170818 154709 136715
151749 148013 146191 155267
135823 171144 160235 173517
166270 151319 150859 127705
137832 169389 160824 165611
165321 157395 132135 164523
170378 156126 139560 147767
168439 173718 144927 138156
135631 151115 174352 155945
146962 149349 145558 149132
155777 144075 130814 166586
157239 142005 141613 153158
158338 149231 139930 157343
160138 157473 151485 136901
161318 180393 140184 151607
162343 145390 151166 144764
165849 169868 126248 159805
171074 164929 147379 138373
177219 160091 130988 158834
136899 150886 178248 156354
138214 167932 162051 167676
144371 144186 176552 143580
155129 134797 176876 149348
159412 147316 147705 142088
162240 147146 150874 135634
139931 151107 143993 159544
141931 165255 163948 140138
142777 168954 174868 134734
147857 151741 133630 159848
152386 174758 141456 154951
152586 137447 155906 154742
157785 167874 150501 140009
160145 175589 154013 136379
162486 152311 149785 141388
167612 167020 134601 149662
152366 163469 139797 156037
154938 139260 146752 146498
156713 155300 153510 139621
159060 116623 172650 159687
161623 134186 148236 166745
143894 163553 141477 153953
145617 137307 160322 160537
149150 141895 144845 166290
149172 154325 151142 145149
151868 141809 182769 137225
161299 148495 144711 143721
161471 155572 133240 155010
164208 163574 153038 130262
168663 155499 143341 144964
180240 159377 138051 151608
142317 149343 160569 140556
152966 137898 165522 150010
153860 141718 153687 152460
155115 129831 158364 170330
157536 130867 156950 167418
158773 124222 164030 156889
169103 158290 137919 154755
174142 154131 136500 154149
174260 132050 145593 161751
176583 150347 142714 151936
187466 151853 141823 149696
136362 174429 163943 152658
146239 156181 143010 162226
148861 148729 147410 146204
150769 158378 143707 140412
151149 148785 143655 165205
154540 142904 152111 151941
157299 152766 155500 142967
157392 146901 169242 133070
160305 173669 139045 155694
161110 145243 143348 147808
164121 130128 151909 174297
167195 150241 164165 134009
167244 166370 130059 157375
169417 140611 138796 152080
169890 157403 140980 140353
172031 160043 130876 165337
172895 144456 154647 142092
180496 142543 165811 134469
144178 145967 150680 171935
155742 158096 148098 140609
156199 155367 159882 130053
157623 175277 135968 154384
160603 141252 135033 162283
164698 144906 152938 135595
165238 167893 132948 158371
170984 167679 138440 148818
176727 137354 151598 152374
136250 145435 164787 170505
145934 165378 158254 140332
148549 157676 154440 144695
151328 131975 158748 167735
153675 134712 141007 157207
174965 131006 151041 172362
176849 143850 181646 138237
139120 142125 155834 145483
142852 150467 147227 158091
146267 156416 143121 145735
148305 140728 152792 154456
152106 154341 163354 130023
153780 130734 172456 166234
154313 146239 172106 144794
154648 148482 145056 149892
155659 133193 177772 154413
157767 151733 149237 144132
159108 134167 155254 143402
159732 162014 142095 142123
161906 175469 139328 154117
162215 156158 143155 150751
165124 152654 138312 154571
165613 124949 168003 156055
165882 132530 156788 143951
168068 128726 172772 151262
169530 163241 135929 152102
172738 160464 124800 160931
173690 156741 127857 159875
175356 162456 137352 146163
187021 150355 130244 153158
138315 169293 159540 132634
146549 146300 159526 137299
146953 154307 154226 149176
147838 136877 168166 145935
150575 137668 161217 150550
150636 136141 156903 150163
153120 144270 144381 158092
153630 143154 144141 153319
154697 162281 141920 148331
155434 151846 139866 153464
155522 133822 167508 159669
155582 171697 139110 158172
156238 134232 144425 159022
156361 139102 158411 143935
156538 131192 158278 138824
158544 151763 138007 157652
158842 153077 161680 135516
160484 144597 166342 138290
166568 173566 135115 151317
168901 145973 139769 156094
169225 137297 153688 155448
171821 145901 149757 145524
144617 152648 149949 149526
147338 174168 146562 139117
148762 161768 161698 136841
149306 143741 148989 148744
149801 155907 157796 135143
151404 140203 175419 143933
151413 135910 173859 157102
151837 154821 148465 146114
154057 145904 155296 146657
155451 150184 132501 162515
160310 116632 169523 151857
162841 160564 154466 134668
163240 171731 129838 168938
164533 144680 145727 147302
164720 134337 156036 141880
165142 133670 151253 160691
167536 131382 150086 167287
168676 185000 138969 145542
171670 145961 150464 145855
172155 156287 150766 132709
179773 174302 141758 134517
