411 135.491
2.90718e+06 2.03342e+06 2.88638e+06 2.80403e+06
2.97143e+06 2.88077e+06 2.83386e+06 2.05195e+06
3.03996e+06 2.70022e+06 2.87262e+06 2.67488e+06
2.9449e+06 2.24879e+06 2.82384e+06 2.91086e+06
2.34519e+06 2.92296e+06 2.95135e+06 2.80151e+06
2.09394e+06 2.99792e+06 2.80119e+06 2.70908e+06
2.09059e+06 2.9377e+06 2.7144e+06 2.8207e+06
2.87234e+06 2.94406e+06 2.01104e+06 2.77718e+06
3.03944e+06 2.70363e+06 2.87503e+06 2.67387e+06
3.00266e+06 2.89127e+06 2.7948e+06 2.11756e+06
2.94618e+06 2.85727e+06 2.10392e+06 2.77248e+06
2.10262e+06 2.91649e+06 2.6784e+06 2.81311e+06
2.86278e+06 2.92346e+06 2.03464e+06 2.79419e+06
2.38471e+06 2.93788e+06 2.87576e+06 2.76927e+06
2.96938e+06 2.25792e+06 2.86335e+06 2.88402e+06
3.03072e+06 2.67974e+06 2.87137e+06 2.68093e+06
2.16966e+06 2.94875e+06 2.77405e+06 2.79377e+06
2.95739e+06 2.22796e+06 2.83581e+06 2.89532e+06
2.89423e+06 2.05612e+06 2.87285e+06 2.7951e+06
3.00076e+06 2.75392e+06 2.89904e+06 2.68405e+06
2.93233e+06 2.81522e+06 2.07061e+06 2.79979e+06
2.99965e+06 2.76769e+06 2.87021e+06 2.71194e+06
2.12055e+06 2.87879e+06 2.77764e+06 2.8534e+06
3.0385e+06 2.70471e+06 2.87044e+06 2.67593e+06
2.9949e+06 2.73439e+06 2.89559e+06 2.69659e+06
2.99591e+06 2.84926e+06 2.849e+06 2.07263e+06
2.87603e+06 2.89158e+06 2.0379e+06 2.78936e+06
2.95476e+06 2.22866e+06 2.83748e+06 2.89983e+06
2.98089e+06 2.85318e+06 2.82958e+06 2.08916e+06
2.93476e+06 2.82984e+06 2.06444e+06 2.79899e+06
2.97753e+06 2.86852e+06 2.82107e+06 2.06617e+06
3.00172e+06 2.84087e+06 2.80034e+06 2.1049e+06
3.00677e+06 2.85115e+06 2.81043e+06 2.09965e+06
2.1495e+06 2.90225e+06 2.72358e+06 2.81578e+06
2.91289e+06 2.92378e+06 2.04743e+06 2.77426e+06
2.11367e+06 2.97608e+06 2.78405e+06 2.73854e+06
2.9374e+06 2.81697e+06 2.07379e+06 2.79334e+06
3.01874e+06 2.87769e+06 2.79517e+06 2.1125e+06
2.35287e+06 2.94796e+06 2.86649e+06 2.69246e+06
2.37424e+06 2.94348e+06 2.88011e+06 2.76468e+06
2.38315e+06 2.94253e+06 2.87429e+06 2.76544e+06
2.10276e+06 2.91632e+06 2.6927e+06 2.81219e+06
2.14637e+06 2.90506e+06 2.72919e+06 2.82383e+06
2.12448e+06 2.90211e+06 2.7648e+06 2.83118e+06
2.93056e+06 2.8263e+06 2.0649e+06 2.80162e+06
2.09274e+06 2.93332e+06 2.70647e+06 2.82424e+06
2.10338e+06 2.91518e+06 2.68744e+06 2.81509e+06
3.00892e+06 2.88397e+06 2.79418e+06 2.11518e+06
2.36022e+06 2.94354e+06 2.87249e+06 2.68757e+06
2.99735e+06 2.87003e+06 2.80243e+06 2.10963e+06
2.95078e+06 2.92647e+06 2.08605e+06 2.74673e+06
2.36832e+06 2.94291e+06 2.88586e+06 2.7091e+06
2.90291e+06 2.91453e+06 2.05491e+06 2.76781e+06
2.12585e+06 2.88756e+06 2.76004e+06 2.8481e+06
2.09652e+06 2.99729e+06 2.80188e+06 2.70724e+06
2.14366e+06 2.90007e+06 2.73538e+06 2.8186e+06
2.92863e+06 2.86348e+06 2.06832e+06 2.81725e+06
2.93091e+06 2.82071e+06 2.06847e+06 2.80239e+06
2.11892e+06 2.92394e+06 2.71801e+06 2.80725e+06
2.95875e+06 2.89369e+06 2.09401e+06 2.78696e+06
2.95169e+06 2.8668e+06 2.07818e+06 2.78928e+06
2.95728e+06 2.23076e+06 2.834e+06 2.89738e+06
3.0201e+06 2.74788e+06 2.87811e+06 2.72654e+06
2.96554e+06 2.24354e+06 2.84024e+06 2.88706e+06
3.01248e+06 2.87811e+06 2.79278e+06 2.11606e+06
2.97994e+06 2.8554e+06 2.83056e+06 2.06239e+06
2.97619e+06 2.864e+06 2.8245e+06 2.05314e+06
2.99463e+06 2.848e+06 2.8026e+06 2.10505e+06
2.96427e+06 2.24758e+06 2.84014e+06 2.88726e+06
2.16504e+06 2.95738e+06 2.74451e+06 2.78094e+06
2.36887e+06 2.93566e+06 2.89333e+06 2.70932e+06
3.01812e+06 2.74221e+06 2.88144e+06 2.73648e+06
2.93698e+06 2.86316e+06 2.06125e+06 2.81057e+06
3.03536e+06 2.68246e+06 2.87369e+06 2.67495e+06
2.12312e+06 2.89598e+06 2.76481e+06 2.83728e+06
2.94128e+06 2.92358e+06 2.08725e+06 2.75933e+06
2.12093e+06 2.87873e+06 2.7765e+06 2.85109e+06
2.11885e+06 2.88547e+06 2.76426e+06 2.84814e+06
3.01641e+06 2.74434e+06 2.87959e+06 2.73446e+06
2.37289e+06 2.93903e+06 2.88551e+06 2.7055e+06
2.9793e+06 2.86047e+06 2.82696e+06 2.08337e+06
2.09245e+06 2.92974e+06 2.71046e+06 2.81361e+06
2.10121e+06 2.98157e+06 2.78817e+06 2.72408e+06
3.02573e+06 2.68936e+06 2.88091e+06 2.67941e+06
2.99695e+06 2.848e+06 2.80454e+06 2.10202e+06
2.09367e+06 2.99361e+06 2.78726e+06 2.71668e+06
2.87221e+06 2.92413e+06 2.02874e+06 2.80024e+06
2.95973e+06 2.23356e+06 2.84726e+06 2.8866e+06
2.96351e+06 2.23748e+06 2.8417e+06 2.89268e+06
2.11949e+06 2.92601e+06 2.71425e+06 2.80075e+06
3.03091e+06 2.69732e+06 2.87393e+06 2.6802e+06
2.13841e+06 2.96376e+06 2.77867e+06 2.7672e+06
2.14483e+06 2.90105e+06 2.73183e+06 2.81702e+06
2.13265e+06 2.9249e+06 2.73955e+06 2.79928e+06
2.93872e+06 2.92883e+06 2.08875e+06 2.76172e+06
2.94982e+06 2.84395e+06 2.0616e+06 2.80392e+06
2.96005e+06 2.23941e+06 2.84188e+06 2.8898e+06
2.98609e+06 2.85464e+06 2.82022e+06 2.08756e+06
2.87379e+06 2.927e+06 2.0247e+06 2.77664e+06
2.9954e+06 2.73987e+06 2.89698e+06 2.69369e+06
2.98183e+06 2.86627e+06 2.81543e+06 2.08033e+06
2.1637e+06 2.95756e+06 2.7417e+06 2.78261e+06
2.14535e+06 2.89947e+06 2.73134e+06 2.81766e+06
2.12114e+06 2.8885e+06 2.76459e+06 2.84431e+06
2.12877e+06 2.92435e+06 2.73747e+06 2.80466e+06
2.99778e+06 2.84713e+06 2.80543e+06 2.10413e+06
3.01452e+06 2.74468e+06 2.88136e+06 2.73329e+06
2.86515e+06 2.92138e+06 2.03369e+06 2.79699e+06
3.00523e+06 2.76521e+06 2.87032e+06 2.69776e+06
2.94768e+06 2.84529e+06 2.10144e+06 2.77925e+06
2.12348e+06 2.89956e+06 2.76452e+06 2.83456e+06
2.91824e+06 2.03779e+06 2.88457e+06 2.79697e+06
2.13424e+06 2.92513e+06 2.74373e+06 2.79846e+06
2.99091e+06 2.86363e+06 2.80397e+06 2.07832e+06
2.95944e+06 2.24211e+06 2.84338e+06 2.88919e+06
2.1005e+06 2.93521e+06 2.69651e+06 2.82127e+06
3.00412e+06 2.73596e+06 2.8886e+06 2.69636e+06
3.00713e+06 2.89537e+06 2.79655e+06 2.11668e+06
2.1225e+06 2.90867e+06 2.75811e+06 2.82182e+06
2.12559e+06 2.89808e+06 2.7673e+06 2.83276e+06
3.00194e+06 2.7385e+06 2.88572e+06 2.6956e+06
2.10738e+06 2.91986e+06 2.70097e+06 2.81002e+06
2.98794e+06 2.86324e+06 2.80644e+06 2.07692e+06
2.14048e+06 2.9584e+06 2.77486e+06 2.76568e+06
2.95606e+06 2.86088e+06 2.09701e+06 2.78756e+06
3.03913e+06 2.70126e+06 2.87253e+06 2.67541e+06
2.98708e+06 2.86193e+06 2.81309e+06 2.07444e+06
2.98571e+06 2.86288e+06 2.81404e+06 2.07514e+06
2.15593e+06 2.95171e+06 2.7591e+06 2.79051e+06
2.99792e+06 2.7593e+06 2.88949e+06 2.69413e+06
2.3557e+06 2.94895e+06 2.86464e+06 2.68488e+06
2.93115e+06 2.81938e+06 2.07036e+06 2.79752e+06
2.13629e+06 2.91121e+06 2.74633e+06 2.8196e+06
3.02337e+06 2.74899e+06 2.88044e+06 2.715e+06
2.10403e+06 2.91335e+06 2.68396e+06 2.81193e+06
2.09617e+06 2.93837e+06 2.70479e+06 2.8161e+06
2.86877e+06 2.91835e+06 2.03014e+06 2.7932e+06
2.9596e+06 2.23247e+06 2.84008e+06 2.89458e+06
3.0158e+06 2.74473e+06 2.88112e+06 2.73266e+06
2.15756e+06 2.95056e+06 2.75716e+06 2.78974e+06
2.13717e+06 2.90271e+06 2.757e+06 2.80627e+06
2.35581e+06 2.94688e+06 2.8659e+06 2.69157e+06
3.02216e+06 2.74964e+06 2.87931e+06 2.71762e+06
2.93038e+06 2.93394e+06 2.09367e+06 2.75343e+06
2.15378e+06 2.9544e+06 2.75482e+06 2.77102e+06
2.91166e+06 2.04539e+06 2.89332e+06 2.79811e+06
2.97393e+06 2.86373e+06 2.84208e+06 2.05888e+06
2.12216e+06 2.96999e+06 2.77675e+06 2.77132e+06
3.02728e+06 2.69241e+06 2.87894e+06 2.67731e+06
3.0319e+06 2.69611e+06 2.87203e+06 2.68058e+06
2.95996e+06 2.23408e+06 2.84413e+06 2.89092e+06
2.94411e+06 2.84953e+06 2.06138e+06 2.80951e+06
2.98199e+06 2.85561e+06 2.81804e+06 2.05626e+06
2.1042e+06 2.91946e+06 2.6786e+06 2.81169e+06
2.9258e+06 2.03677e+06 2.89197e+06 2.79568e+06
2.97274e+06 2.865e+06 2.83939e+06 2.05914e+06
2.91495e+06 2.0342e+06 2.88099e+06 2.79887e+06
3.03254e+06 2.68454e+06 2.8697e+06 2.67753e+06
2.98774e+06 2.85725e+06 2.81666e+06 2.06118e+06
2.16187e+06 2.95247e+06 2.75102e+06 2.78524e+06
2.12424e+06 2.97397e+06 2.77468e+06 2.75049e+06
3.00209e+06 2.75426e+06 2.89874e+06 2.68284e+06
2.10858e+06 2.96763e+06 2.78769e+06 2.77323e+06
2.12136e+06 2.88928e+06 2.76211e+06 2.84075e+06
2.92647e+06 2.04238e+06 2.88293e+06 2.78916e+06
2.16309e+06 2.95875e+06 2.74488e+06 2.78141e+06
2.95845e+06 2.92737e+06 2.08118e+06 2.74691e+06
2.919e+06 2.03637e+06 2.88254e+06 2.79726e+06
2.12293e+06 2.91068e+06 2.75447e+06 2.81901e+06
2.92393e+06 2.04395e+06 2.88365e+06 2.7829e+06
2.98083e+06 2.8568e+06 2.82752e+06 2.0842e+06
2.12103e+06 2.90158e+06 2.76285e+06 2.83369e+06
2.93354e+06 2.82888e+06 2.06358e+06 2.79982e+06
2.959e+06 2.23462e+06 2.84539e+06 2.89322e+06
2.11204e+06 2.9251e+06 2.69908e+06 2.80593e+06
2.14246e+06 2.95152e+06 2.77663e+06 2.76435e+06
2.96558e+06 2.89742e+06 2.08388e+06 2.78718e+06
2.15967e+06 2.95303e+06 2.75525e+06 2.78426e+06
2.8921e+06 2.05405e+06 2.87356e+06 2.79774e+06
2.14835e+06 2.96063e+06 2.76595e+06 2.77192e+06
3.02248e+06 2.75154e+06 2.87924e+06 2.71947e+06
2.90496e+06 2.9124e+06 2.05155e+06 2.77068e+06
2.12843e+06 2.9058e+06 2.75271e+06 2.81106e+06
2.12426e+06 2.88215e+06 2.76431e+06 2.84093e+06
2.93187e+06 2.93618e+06 2.09025e+06 2.75598e+06
2.1002e+06 2.98584e+06 2.78978e+06 2.72354e+06
3.00278e+06 2.76133e+06 2.87502e+06 2.70111e+06
3.0289e+06 2.68989e+06 2.87647e+06 2.6789e+06
2.13959e+06 2.96542e+06 2.7778e+06 2.77789e+06
2.99388e+06 2.8461e+06 2.84446e+06 2.07482e+06
2.98415e+06 2.86291e+06 2.81227e+06 2.0819e+06
3.00039e+06 2.75255e+06 2.88192e+06 2.71813e+06
2.95641e+06 2.2296e+06 2.8355e+06 2.8953e+06
2.99862e+06 2.84581e+06 2.8023e+06 2.10067e+06
2.15826e+06 2.95185e+06 2.75255e+06 2.78466e+06
2.13568e+06 2.96522e+06 2.78038e+06 2.76597e+06
2.98597e+06 2.86431e+06 2.80667e+06 2.07855e+06
2.16032e+06 2.95764e+06 2.74869e+06 2.78188e+06
2.95638e+06 2.2414e+06 2.84572e+06 2.89282e+06
2.14433e+06 2.95451e+06 2.7738e+06 2.75846e+06
2.95078e+06 2.92833e+06 2.0851e+06 2.74852e+06
2.95692e+06 2.89648e+06 2.09222e+06 2.78839e+06
2.95007e+06 2.85209e+06 2.10008e+06 2.77568e+06
2.09535e+06 2.98696e+06 2.79324e+06 2.71398e+06
2.93788e+06 2.93067e+06 2.08968e+06 2.75489e+06
2.96838e+06 2.86222e+06 2.833e+06 2.0618e+06
2.95774e+06 2.23595e+06 2.84293e+06 2.89233e+06
2.35694e+06 2.94555e+06 2.87318e+06 2.68653e+06
2.90436e+06 2.04078e+06 2.87291e+06 2.8031e+06
2.88251e+06 2.93278e+06 2.0187e+06 2.76644e+06
2.96079e+06 2.23558e+06 2.84327e+06 2.89222e+06
2.11715e+06 2.92805e+06 2.71471e+06 2.79565e+06
2.96871e+06 2.87542e+06 2.82893e+06 2.05338e+06
3.01838e+06 2.75697e+06 2.86804e+06 2.73564e+06
2.98175e+06 2.85166e+06 2.82326e+06 2.08516e+06
2.94477e+06 2.84193e+06 2.06304e+06 2.80551e+06
2.88736e+06 2.92947e+06 2.01948e+06 2.76837e+06
2.13179e+06 2.96172e+06 2.7808e+06 2.77467e+06
2.93674e+06 2.86559e+06 2.06312e+06 2.80721e+06
2.92187e+06 2.03714e+06 2.89092e+06 2.79421e+06
2.9e+06 2.92236e+06 2.05375e+06 2.77902e+06
2.90071e+06 2.92231e+06 2.05235e+06 2.7785e+06
2.15215e+06 2.95651e+06 2.76184e+06 2.76897e+06
2.09422e+06 2.92698e+06 2.70959e+06 2.81771e+06
2.10357e+06 2.98099e+06 2.7834e+06 2.69942e+06
2.9604e+06 2.23082e+06 2.83832e+06 2.89492e+06
2.96614e+06 2.87509e+06 2.83179e+06 2.05609e+06
3.03046e+06 2.69197e+06 2.87538e+06 2.6832e+06
2.93386e+06 2.82724e+06 2.06363e+06 2.8015e+06
2.94515e+06 2.86314e+06 2.08056e+06 2.79196e+06
2.10784e+06 2.91491e+06 2.68032e+06 2.81191e+06
2.35916e+06 2.94626e+06 2.86929e+06 2.68932e+06
2.97198e+06 2.8671e+06 2.82207e+06 2.05299e+06
2.95074e+06 2.92079e+06 2.09086e+06 2.75448e+06
2.96066e+06 2.2336e+06 2.84676e+06 2.8877e+06
3.02838e+06 2.68744e+06 2.87655e+06 2.67845e+06
2.12271e+06 2.88499e+06 2.76683e+06 2.83875e+06
2.97049e+06 2.87189e+06 2.81738e+06 2.05254e+06
3.03418e+06 2.68875e+06 2.87497e+06 2.67658e+06
2.11699e+06 2.97198e+06 2.78566e+06 2.7523e+06
2.09156e+06 2.99214e+06 2.79811e+06 2.71304e+06
3.00311e+06 2.75604e+06 2.8805e+06 2.69529e+06
2.91455e+06 2.03925e+06 2.88468e+06 2.7948e+06
2.13611e+06 2.90573e+06 2.75012e+06 2.81931e+06
3.01792e+06 2.74885e+06 2.87828e+06 2.72722e+06
2.15142e+06 2.95369e+06 2.75164e+06 2.77647e+06
2.88884e+06 2.0535e+06 2.86984e+06 2.80706e+06
2.9896e+06 2.8539e+06 2.81078e+06 2.05625e+06
3.03355e+06 2.68097e+06 2.86628e+06 2.67756e+06
2.10558e+06 2.97829e+06 2.79063e+06 2.72911e+06
2.99958e+06 2.75783e+06 2.88034e+06 2.69674e+06
2.12756e+06 2.97459e+06 2.76473e+06 2.74798e+06
3.0328e+06 2.68214e+06 2.86526e+06 2.67716e+06
2.98345e+06 2.86149e+06 2.80745e+06 2.08382e+06
2.14898e+06 2.95301e+06 2.77261e+06 2.76158e+06
2.86659e+06 2.91398e+06 2.03258e+06 2.79431e+06
2.88978e+06 2.05183e+06 2.86835e+06 2.8068e+06
2.10146e+06 2.98349e+06 2.7892e+06 2.72172e+06
2.16494e+06 2.95182e+06 2.74816e+06 2.77636e+06
2.35428e+06 2.94511e+06 2.86992e+06 2.69004e+06
2.0979e+06 2.99046e+06 2.79269e+06 2.70471e+06
2.88629e+06 2.92925e+06 2.02293e+06 2.76863e+06
2.89897e+06 2.04749e+06 2.87683e+06 2.8037e+06
2.35484e+06 2.9473e+06 2.86666e+06 2.68549e+06
2.35706e+06 2.94481e+06 2.87248e+06 2.68894e+06
2.98377e+06 2.85055e+06 2.82371e+06 2.08617e+06
2.99181e+06 2.85512e+06 2.80784e+06 2.05579e+06
2.11156e+06 2.92176e+06 2.69688e+06 2.80912e+06
3.003e+06 2.74618e+06 2.88418e+06 2.69495e+06
2.1009e+06 2.91598e+06 2.68215e+06 2.81282e+06
2.11047e+06 2.97727e+06 2.79254e+06 2.72693e+06
3.00793e+06 2.74652e+06 2.87754e+06 2.73043e+06
2.09872e+06 2.98842e+06 2.78658e+06 2.71443e+06
2.88454e+06 2.92963e+06 2.01919e+06 2.76994e+06
2.14999e+06 2.95559e+06 2.75936e+06 2.77382e+06
2.94814e+06 2.92018e+06 2.08737e+06 2.76266e+06
2.1064e+06 2.97791e+06 2.78778e+06 2.72958e+06
3.00154e+06 2.75993e+06 2.87469e+06 2.70534e+06
2.94549e+06 2.85583e+06 2.06295e+06 2.80506e+06
2.12645e+06 2.96013e+06 2.78902e+06 2.77524e+06
2.09985e+06 2.98823e+06 2.78931e+06 2.70603e+06
2.8781e+06 2.92501e+06 2.01736e+06 2.78794e+06
2.98431e+06 2.8613e+06 2.8057e+06 2.08703e+06
2.09158e+06 2.93035e+06 2.70831e+06 2.82243e+06
3.00194e+06 2.76354e+06 2.87654e+06 2.69332e+06
2.97301e+06 2.86655e+06 2.83937e+06 2.0585e+06
2.10216e+06 2.98453e+06 2.79024e+06 2.72124e+06
2.88024e+06 2.89815e+06 2.03168e+06 2.79491e+06
2.87755e+06 2.92342e+06 2.02213e+06 2.78361e+06
2.13621e+06 2.90652e+06 2.746e+06 2.82156e+06
2.11432e+06 2.97624e+06 2.78232e+06 2.73621e+06
2.3543e+06 2.9504e+06 2.86593e+06 2.6855e+06
2.86743e+06 2.9251e+06 2.03099e+06 2.79356e+06
2.10749e+06 2.91792e+06 2.70315e+06 2.80772e+06
2.95652e+06 2.9291e+06 2.08306e+06 2.74677e+06
3.00032e+06 2.76298e+06 2.87113e+06 2.70982e+06
2.94781e+06 2.85128e+06 2.1031e+06 2.77676e+06
2.10398e+06 2.98814e+06 2.78103e+06 2.70191e+06
2.11516e+06 2.97701e+06 2.78163e+06 2.73493e+06
2.09826e+06 2.98375e+06 2.79144e+06 2.72032e+06
2.90414e+06 2.0351e+06 2.88726e+06 2.80151e+06
2.10527e+06 2.97413e+06 2.78475e+06 2.73171e+06
3.00487e+06 2.75074e+06 2.88168e+06 2.71551e+06
2.10462e+06 2.98515e+06 2.7794e+06 2.69894e+06
2.96253e+06 2.90743e+06 2.08638e+06 2.77892e+06
3.02926e+06 2.69423e+06 2.86842e+06 2.68156e+06
2.09715e+06 2.93287e+06 2.7032e+06 2.81498e+06
2.10047e+06 2.97671e+06 2.79247e+06 2.72808e+06
2.09232e+06 2.99274e+06 2.79629e+06 2.71097e+06
2.9488e+06 2.84905e+06 2.06139e+06 2.80963e+06
2.10572e+06 2.97946e+06 2.77691e+06 2.71996e+06
2.13077e+06 2.96686e+06 2.78051e+06 2.76779e+06
3.00087e+06 2.84556e+06 2.79907e+06 2.10045e+06
2.11672e+06 2.97163e+06 2.7781e+06 2.76602e+06
2.98994e+06 2.8556e+06 2.80895e+06 2.05503e+06
2.14472e+06 2.96272e+06 2.7672e+06 2.78054e+06
2.11612e+06 2.92603e+06 2.71641e+06 2.79666e+06
3.0043e+06 2.76063e+06 2.8753e+06 2.69749e+06
2.09506e+06 2.99129e+06 2.78879e+06 2.71059e+06
2.95368e+06 2.8503e+06 2.09948e+06 2.77732e+06
2.12722e+06 2.92354e+06 2.74274e+06 2.80703e+06
2.88212e+06 2.92538e+06 2.0214e+06 2.78516e+06
2.87378e+06 2.9039e+06 2.03293e+06 2.79114e+06
2.09839e+06 2.93684e+06 2.69773e+06 2.81533e+06
2.14299e+06 2.95214e+06 2.77633e+06 2.76301e+06
2.90869e+06 2.0518e+06 2.89865e+06 2.78817e+06
2.10891e+06 2.92284e+06 2.69838e+06 2.81042e+06
2.10171e+06 2.98407e+06 2.78799e+06 2.72206e+06
2.88012e+06 2.92477e+06 2.02322e+06 2.78282e+06
2.11374e+06 2.9758e+06 2.78253e+06 2.76896e+06
2.95217e+06 2.91812e+06 2.0877e+06 2.76357e+06
2.38434e+06 2.94219e+06 2.87564e+06 2.76393e+06
2.11327e+06 2.97863e+06 2.78363e+06 2.75765e+06
2.10092e+06 2.98978e+06 2.78598e+06 2.70419e+06
2.14321e+06 2.95496e+06 2.77082e+06 2.7605e+06
2.96161e+06 2.8713e+06 2.83948e+06 2.0565e+06
2.87026e+06 2.94097e+06 2.01303e+06 2.77352e+06
2.10233e+06 2.98643e+06 2.78386e+06 2.70335e+06
3.00581e+06 2.75303e+06 2.88804e+06 2.69366e+06
3.03242e+06 2.69492e+06 2.8702e+06 2.68108e+06
2.95811e+06 2.90808e+06 2.08483e+06 2.76855e+06
2.12193e+06 2.92161e+06 2.7382e+06 2.80732e+06
2.96791e+06 2.8688e+06 2.82278e+06 2.05424e+06
2.12169e+06 2.8834e+06 2.76689e+06 2.84257e+06
2.87353e+06 2.93098e+06 2.01483e+06 2.77821e+06
2.91057e+06 2.0446e+06 2.89521e+06 2.7968e+06
2.9541e+06 2.92295e+06 2.08703e+06 2.75553e+06
2.97043e+06 2.86809e+06 2.82299e+06 2.05359e+06
2.12228e+06 2.88842e+06 2.76443e+06 2.84226e+06
2.12274e+06 2.97952e+06 2.76664e+06 2.75676e+06
2.3581e+06 2.94583e+06 2.86994e+06 2.6852e+06
2.98875e+06 2.85635e+06 2.81398e+06 2.05511e+06
2.38367e+06 2.93452e+06 2.88277e+06 2.69245e+06
2.91226e+06 2.04283e+06 2.88611e+06 2.79059e+06
3.02899e+06 2.6937e+06 2.87262e+06 2.68348e+06
2.09336e+06 2.98948e+06 2.79445e+06 2.71164e+06
2.87944e+06 2.92653e+06 2.02194e+06 2.78203e+06
2.9601e+06 2.87268e+06 2.83743e+06 2.05739e+06
2.97952e+06 2.86199e+06 2.82155e+06 2.08124e+06
3.03436e+06 2.68119e+06 2.87059e+06 2.6769e+06
2.96686e+06 2.86978e+06 2.8211e+06 2.0545e+06
2.10067e+06 2.91538e+06 2.68319e+06 2.81424e+06
3.02947e+06 2.68639e+06 2.87649e+06 2.679e+06
2.92273e+06 2.03918e+06 2.88605e+06 2.79655e+06
2.86812e+06 2.92193e+06 2.0329e+06 2.79259e+06
2.95569e+06 2.9002e+06 2.0934e+06 2.78763e+06
2.90142e+06 2.04986e+06 2.87811e+06 2.80116e+06
2.90956e+06 2.04852e+06 2.89454e+06 2.79796e+06
3.00053e+06 2.8479e+06 2.79945e+06 2.09986e+06
2.90878e+06 2.91834e+06 2.04972e+06 2.77064e+06
2.95923e+06 2.8709e+06 2.83861e+06 2.05715e+06
2.12299e+06 2.97267e+06 2.77136e+06 2.75452e+06
2.86938e+06 2.91326e+06 2.03223e+06 2.79157e+06
2.12048e+06 2.97978e+06 2.76931e+06 2.75768e+06
2.9047e+06 2.91454e+06 2.05071e+06 2.77155e+06
2.96514e+06 2.87363e+06 2.83972e+06 2.05588e+06
2.12751e+06 2.97785e+06 2.77092e+06 2.75124e+06
2.14809e+06 2.95275e+06 2.77239e+06 2.76308e+06
2.96314e+06 2.23458e+06 2.84624e+06 2.8868e+06
2.87402e+06 2.92807e+06 2.0167e+06 2.77997e+06
2.91268e+06 2.03954e+06 2.88545e+06 2.7941e+06
2.87864e+06 2.93105e+06 2.01689e+06 2.77725e+06
2.14717e+06 2.95552e+06 2.76359e+06 2.77357e+06
2.96218e+06 2.87338e+06 2.8375e+06 2.05688e+06
2.92096e+06 2.0368e+06 2.87926e+06 2.8016e+06
2.89442e+06 2.05047e+06 2.878e+06 2.80478e+06
2.14644e+06 2.95436e+06 2.77068e+06 2.7649e+06
2.13877e+06 2.96697e+06 2.78343e+06 2.7581e+06
2.95684e+06 2.86058e+06 2.09807e+06 2.78973e+06
2.10834e+06 2.91381e+06 2.68113e+06 2.81711e+06
2.09184e+06 2.92938e+06 2.70784e+06 2.8234e+06
2.88338e+06 2.93191e+06 2.01896e+06 2.76876e+06
2.90876e+06 2.91732e+06 2.04815e+06 2.77611e+06
3.00247e+06 2.76256e+06 2.87411e+06 2.70285e+06
2.1477e+06 2.95821e+06 2.76978e+06 2.76846e+06
2.99346e+06 2.8532e+06 2.81067e+06 2.05721e+06
2.11647e+06 2.9261e+06 2.71609e+06 2.79631e+06
2.09278e+06 2.991e+06 2.79742e+06 2.71586e+06
2.94782e+06 2.84814e+06 2.1012e+06 2.7798e+06
2.11503e+06 2.97389e+06 2.77993e+06 2.76764e+06
2.12502e+06 2.906e+06 2.75624e+06 2.82399e+06
3.00546e+06 2.73586e+06 2.88394e+06 2.69534e+06
2.98855e+06 2.85371e+06 2.80772e+06 2.05756e+06
2.89575e+06 2.05093e+06 2.87509e+06 2.80083e+06
2.14918e+06 2.95617e+06 2.7609e+06 2.77615e+06
2.9528e+06 2.93264e+06 2.08517e+06 2.7473e+06
2.87061e+06 2.91189e+06 2.0326e+06 2.79036e+06
2.98495e+06 2.85884e+06 2.80773e+06 2.08352e+06
2.14723e+06 2.95832e+06 2.76871e+06 2.76972e+06
2.10479e+06 2.9735e+06 2.78642e+06 2.73073e+06
3.00306e+06 2.75892e+06 2.87751e+06 2.69835e+06
2.35977e+06 2.94589e+06 2.86948e+06 2.6875e+06
2.12527e+06 2.90422e+06 2.7558e+06 2.82232e+06
2.90794e+06 2.04848e+06 2.897e+06 2.79194e+06
2.09672e+06 2.92946e+06 2.70193e+06 2.81657e+06
2.90017e+06 2.9138e+06 2.05476e+06 2.76947e+06
2.11287e+06 2.97297e+06 2.78568e+06 2.76615e+06
2.95153e+06 2.92211e+06 2.08898e+06 2.74752e+06
2.10183e+06 2.9166e+06 2.6831e+06 2.81064e+06
2.10023e+06 2.98894e+06 2.7863e+06 2.71742e+06
2.95513e+06 2.92815e+06 2.08572e+06 2.75188e+06
3.00626e+06 2.75714e+06 2.87192e+06 2.71248e+06
3.00381e+06 2.75127e+06 2.88142e+06 2.71623e+06
2.99161e+06 2.85306e+06 2.81001e+06 2.05748e+06
2.98643e+06 2.86111e+06 2.81623e+06 2.05864e+06
2.99464e+06 2.85895e+06 2.80659e+06 2.06227e+06
2.89916e+06 2.04807e+06 2.87314e+06 2.80193e+06
2.11822e+06 2.92125e+06 2.69684e+06 2.81051e+06
2.14732e+06 2.96117e+06 2.76137e+06 2.7727e+06
2.10958e+06 2.9232e+06 2.69657e+06 2.80934e+06
2.15104e+06 2.95406e+06 2.75602e+06 2.77517e+06
2.95706e+06 2.84716e+06 2.09881e+06 2.78201e+06
2.87161e+06 2.94531e+06 2.01375e+06 2.77279e+06
2.10767e+06 2.96659e+06 2.78942e+06 2.7771e+06
2.87028e+06 2.9268e+06 2.02023e+06 2.78152e+06
2.88102e+06 2.93384e+06 2.01416e+06 2.77729e+06
2.35518e+06 2.94693e+06 2.86871e+06 2.68995e+06
2.12293e+06 2.88505e+06 2.76186e+06 2.83967e+06
2.96658e+06 2.87428e+06 2.82924e+06 2.05452e+06
2.12255e+06 2.8833e+06 2.76448e+06 2.84043e+06
3.00055e+06 2.75662e+06 2.8778e+06 2.70229e+06
2.89643e+06 2.04892e+06 2.87559e+06 2.80181e+06
3.00856e+06 2.88338e+06 2.7974e+06 2.11609e+06
2.16112e+06 2.95165e+06 2.75467e+06 2.78649e+06
2.92408e+06 2.03572e+06 2.88316e+06 2.79776e+06
2.90656e+06 2.91436e+06 2.04897e+06 2.77348e+06
2.12062e+06 2.88331e+06 2.76679e+06 2.84388e+06
2.93221e+06 2.8198e+06 2.06948e+06 2.79702e+06
2.96238e+06 2.86087e+06 2.0925e+06 2.79216e+06
2.95353e+06 2.92612e+06 2.0873e+06 2.75425e+06
2.98678e+06 2.85697e+06 2.81703e+06 2.08148e+06
3.00754e+06 2.74736e+06 2.88158e+06 2.6938e+06
2.88188e+06 2.93505e+06 2.01476e+06 2.77608e+06
2.87083e+06 2.9399e+06 2.01232e+06 2.77504e+06
2.8974e+06 2.05137e+06 2.87347e+06 2.80331e+06
2.87183e+06 2.92512e+06 2.0157e+06 2.78614e+06
3.02999e+06 2.68755e+06 2.87563e+06 2.67722e+06
2.9838e+06 2.86159e+06 2.81064e+06 2.08276e+06
2.92465e+06 2.03534e+06 2.87915e+06 2.80377e+06
2.88384e+06 2.05479e+06 2.86849e+06 2.80627e+06
2.9306e+06 2.81985e+06 2.06903e+06 2.80136e+06
2.87686e+06 2.93666e+06 2.01266e+06 2.77977e+06
2.89768e+06 2.04884e+06 2.87736e+06 2.8046e+06
2.09132e+06 2.99175e+06 2.7963e+06 2.71374e+06
3.02928e+06 2.68639e+06 2.8802e+06 2.67802e+06
2.09589e+06 2.93332e+06 2.69715e+06 2.8193e+06
2.10001e+06 2.93803e+06 2.7068e+06 2.80915e+06
2.8895e+06 2.05517e+06 2.87536e+06 2.80386e+06
2.91101e+06 2.03744e+06 2.87819e+06 2.8023e+06
2.90708e+06 2.91566e+06 2.04929e+06 2.77172e+06
2.87366e+06 2.93021e+06 2.01574e+06 2.78016e+06
2.96925e+06 2.8725e+06 2.81737e+06 2.05456e+06
2.09469e+06 2.993e+06 2.78486e+06 2.71183e+06
2.09708e+06 2.92829e+06 2.70233e+06 2.8163e+06
2.16273e+06 2.95638e+06 2.74831e+06 2.77915e+06
2.96666e+06 2.86995e+06 2.8314e+06 2.05574e+06
2.13133e+06 2.91117e+06 2.75555e+06 2.80538e+06
2.89264e+06 2.05072e+06 2.87238e+06 2.80369e+06
2.89344e+06 2.05092e+06 2.87056e+06 2.80562e+06
2.10378e+06 2.98042e+06 2.78787e+06 2.72782e+06
2.10212e+06 2.98119e+06 2.78689e+06 2.73138e+06
2.88213e+06 2.9321e+06 2.01344e+06 2.79597e+06
2.93072e+06 2.82943e+06 2.06377e+06 2.79942e+06
2.86973e+06 2.93976e+06 2.01182e+06 2.77661e+06
3.00743e+06 2.76205e+06 2.87392e+06 2.6988e+06
2.86921e+06 2.93904e+06 2.0113e+06 2.77665e+06
2.99162e+06 2.85527e+06 2.80925e+06 2.05526e+06
2.89856e+06 2.052e+06 2.872e+06 2.79885e+06
2.86956e+06 2.94022e+06 2.01233e+06 2.77524e+06
2.90137e+06 2.03846e+06 2.87131e+06 2.80423e+06
2.09095e+06 2.99281e+06 2.79132e+06 2.71266e+06
2.89688e+06 2.04994e+06 2.87391e+06 2.79828e+06
2.92153e+06 2.04211e+06 2.88117e+06 2.78935e+06
2.95572e+06 2.92217e+06 2.08559e+06 2.75979e+06
2.8989e+06 2.05268e+06 2.87004e+06 2.79647e+06
2.98184e+06 2.85249e+06 2.82895e+06 2.08318e+06
2.96839e+06 2.8734e+06 2.82863e+06 2.05364e+06
2.90749e+06 2.91075e+06 2.05137e+06 2.7737e+06
2.09142e+06 2.93296e+06 2.70779e+06 2.8191e+06
2.87196e+06 2.92896e+06 2.01658e+06 2.78072e+06
