135 31.9508
693522 637300 633467 609963
688182 670816 656952 601309
686830 646787 686952 590792
682844 645591 692704 594913
679136 645223 681838 604255
767153 612838 681943 681713
756554 609788 681163 684992
753716 611207 682109 688838
703137 627493 649183 629524
752075 620499 683003 672062
729839 624730 645559 613297
746722 619005 682518 679133
762410 617695 675348 679444
765249 615532 677434 681302
760012 613679 679748 681394
727837 625682 646303 611581
704642 625776 648620 627725
747875 615594 678903 685703
764096 618943 681049 674732
701370 653462 639350 603769
684447 647643 687463 593388
698815 639231 635498 609263
699359 639860 634223 608567
753654 617934 681680 673534
759276 620328 670642 687814
703286 628353 649857 629192
704617 631097 639263 625978
699388 642489 635783 608293
703425 633285 640132 608362
713560 621527 647679 616267
681632 644443 691619 596243
759793 610617 680124 684915
704766 631957 639937 625646
685984 669117 654243 603667
712908 628930 642065 616513
749018 620114 678941 678431
722235 621033 644856 615548
764314 615001 679857 679855
757351 615909 676937 675906
717395 629640 643872 612329
697073 658934 652892 594696
726016 625204 646943 612653
750944 617668 673195 686072
747248 620207 683552 678074
754807 614523 678065 680104
720102 622972 645489 614914
756351 610532 680349 684180
726863 631231 641404 614098
749650 618801 681824 675136
699535 645291 636506 607057
706561 628175 638396 622340
685035 669833 656802 602602
685618 645639 685867 592122
707858 623755 649009 621167
712459 629873 649253 609713
700277 632368 642400 605620
756334 611835 679545 687010
700838 633673 640081 606104
756448 612353 680161 686531
751207 617127 675074 684334
705637 628505 645293 621544
725132 630435 638730 615811
697890 632542 641558 607028
756026 619373 679449 674087
681689 638779 690472 600275
716880 626839 637744 617636
683839 646170 690985 596327
710621 626078 642759 619193
689131 670100 654393 602374
714806 630294 640867 615256
681635 641765 689741 600537
683235 646495 686378 594718
699393 637599 634187 608778
712160 620653 645858 618522
708381 624290 654648 621052
750788 616810 675460 688664
691717 646325 667190 602653
703698 631174 645537 624997
751812 613901 677600 688427
685454 643333 680787 592490
710253 628331 650054 612002
751099 618347 675799 681675
709631 625600 646048 618120
757674 617343 671930 686584
719473 627960 638550 616081
684170 644981 688341 596489
718198 625175 647651 613197
753277 617940 678651 680029
759255 613215 681446 676317
688453 647000 665063 605326
707140 625776 645437 616569
705325 622855 648666 624156
697693 637867 641712 605093
685871 654108 667038 606076
749477 618579 677615 686933
750490 619230 680246 677169
754392 614619 677704 682522
695063 659802 657679 595573
694137 665959 653219 597133
706122 629380 638700 624179
723336 628825 640792 614951
691951 642751 665420 607275
687409 648948 662685 605866
752203 619935 678392 676139
715897 622632 646787 614733
756639 614193 677051 682415
696968 634092 642935 608049
687131 640111 672513 605004
709294 622931 646310 623632
691568 653025 650644 606784
682578 643796 685016 597991
698972 655570 637277 605159
685311 641529 691465 597254
710130 624449 647852 617819
707614 625471 648659 622897
715270 629704 642198 613596
691065 645768 667733 605921
681687 644880 688613 598165
684023 644495 689505 596340
694717 668214 653467 595986
720643 629140 652335 610142
751643 615819 676631 683739
716572 627034 646592 611855
751763 617244 672727 682349
697557 636258 640356 605840
758467 616077 674127 683504
688024 666826 656247 603038
752577 620427 676101 678595
688215 662872 658317 601808
706805 626459 638746 620610
726447 626263 646255 612275
707662 623960 647774 622622
749779 612900 683412 686114
708589 623648 655926 617076
711477 623574 645812 622091
723685 629002 641420 614295
698877 631494 640579 607875
705198 629710 645597 623383
681871 635709 678354 607099
758108 616373 675239 680983
679697 643666 674352 605701
680276 644683 686655 599937
687602 668561 656704 602456
714280 630739 646023 611661
755260 613830 679286 683120
755587 614871 684272 680055
754130 615395 675290 682105
724196 623212 644358 613777
753356 616524 674777 682709
687894 648145 664477 608113
719012 626509 645030 611922
681525 636473 685392 600643
715690 625063 649080 612098
685235 645643 690590 595010
687740 642046 666770 606822
696329 657540 660725 595632
691794 645404 665712 604820
711627 625104 643253 617455
691334 665621 651618 598142
684884 638147 672921 607614
685230 641012 670177 614558
711916 622369 645508 620252
692499 667713 644217 599189
687464 663503 661568 600815
681014 641301 671564 609337
753830 618711 677531 677266
685108 651651 684027 596050
698344 635945 637974 606808
756189 614226 678536 681528
698756 652046 639012 604283
690490 647407 664292 604171
692884 665420 643482 602447
710929 623417 646487 619405
754405 611460 680649 683596
688551 667845 654145 603521
708282 625574 647052 618943
681792 639551 673475 607556
704317 630130 648888 619598
694314 664938 643098 601118
755657 613076 684619 683350
691408 646810 668748 603346
692353 645044 665959 605572
680610 643288 688003 606301
686427 658556 655555 609293
721605 628029 638118 616664
688122 661069 662462 601332
693582 660455 651549 597711
681963 643254 688975 596405
754939 619499 676856 678883
693679 641779 666589 604785
694677 657754 648451 599018
755921 615367 674587 682906
687797 663158 657995 599812
700016 636531 639772 603304
682237 639847 670779 607384
686716 641863 669314 607058
756539 611709 678761 684651
687849 660057 660898 602312
752986 619297 679134 678299
704466 630990 649562 619266
689383 640609 668157 606588
698590 651012 640463 603512
697881 645554 666215 603073
758656 613590 678453 683380
692263 666103 642518 600052
687288 657350 661005 604422
716189 622393 644540 615556
721089 621924 644510 615761
694754 664643 653872 595954
689848 648271 662960 604507
691730 652622 650467 606881
714497 621758 644966 616988
687037 649943 659056 605167
697176 636756 641355 606185
721673 626453 647278 611161
691005 638699 671243 605983
758953 618894 675649 677136
683864 652893 668447 605602
697304 639180 637516 608335
704952 630414 645954 621937
721248 622081 645835 614701
705081 624571 648316 625886
694492 637398 641137 609248
752937 616417 682296 679599
684646 644201 685478 597427
689804 659580 659425 602021
694066 659191 658244 595410
696192 657387 651300 596179
692109 654933 652994 603951
751934 619611 678774 677753
721438 624100 642338 613942
691195 647858 663558 604062
691263 649467 659798 604208
753752 617875 679004 676789
688695 646727 658901 612229
701086 633927 639525 606115
754285 616920 674027 681117
682417 651684 686018 597186
688252 644080 669644 599248
703693 631427 646160 625182
692908 658731 653637 597411
699639 652666 636676 605482
756955 619784 678854 674413
691106 654330 646507 607770
681553 642847 686268 599062
689054 639756 669898 604655
695094 658200 654985 596799
691629 642235 668965 604703
695646 668696 644367 597896
689168 666529 654798 602342
687956 665123 655792 603061
719352 625498 651968 611543
757889 613311 675615 684504
688388 662434 658728 600411
680792 640218 675885 613125
695606 655743 654351 599502
687559 661658 660430 601992
753462 619471 671102 680621
711229 625325 642156 617909
694850 660850 652489 596289
696770 633788 646335 609637
687531 661793 661729 600733
693486 647551 660201 602615
696108 661592 661204 594774
684329 664160 656571 602740
689913 648196 662153 604659
689264 662736 653415 602677
724711 624901 646168 612800
754544 615047 675652 686120
688837 661919 659606 600203
690636 649609 660593 602568
679436 645140 681119 601696
714457 629248 652788 610832
691891 655430 651649 603816
695903 664312 645958 597826
697366 636077 639631 607858
690320 661259 649508 607254
686207 653409 656376 605156
688006 642656 687114 597637
699101 637245 638216 604576
690048 651273 655879 604865
681045 639949 686896 608399
695902 635040 639089 607880
681636 645977 689053 597609
680128 641070 680889 610709
726561 625552 645645 612927
749258 619762 683748 678056
684205 641425 677387 603164
711836 629480 647899 610431
713757 628640 644654 613286
721935 626928 645629 611109
685726 636944 683415 606496
688330 651476 657205 605695
694419 653607 646464 601905
690993 654869 650888 605691
692148 667345 643656 600882
696058 656605 646718 597494
710251 623251 648214 618696
724526 628266 644578 612471
692547 657572 659259 597974
682709 638839 672999 612653
690860 639263 644018 611066
695488 664706 643662 599625
718696 630595 645532 609807
723071 628673 643823 612703
694044 656258 659360 600338
758543 611499 681560 682826
690392 656422 654529 601131
718395 627275 647364 610791
711528 626672 647157 615378
686012 660174 662744 603297
694974 663830 655058 595916
695040 634518 644539 615465
695066 666441 644119 599043
683415 648363 671789 605245
688887 648693 664039 602135
684382 641380 673595 606228
724316 630225 645895 610469
756599 613427 679679 683229
691897 658039 656494 596916
680703 642242 682379 600093
681351 639616 680104 608756
687209 648566 664155 605190
680531 641692 682652 609120
706261 627208 648021 615960
722630 624676 651882 611913
688628 657882 656060 603618
713990 630084 648032 609914
690797 646072 664722 604908
681488 645831 687740 598607
756752 616284 673944 682969
705881 626789 645643 619814
755133 619704 680320 674424
687746 654644 653828 609487
756198 612490 679862 684447
713602 627661 637830 617266
696563 660274 645372 596738
694840 635636 643374 605524
695263 659007 652707 596658
692447 658785 649775 600153
693088 637732 638671 608343
708935 629995 640147 616441
693784 649780 663238 601097
689353 653897 655733 605630
708879 627190 643383 619479
709142 627564 637854 619076
722489 622798 646331 613506
752679 619020 679275 678640
692337 649226 657364 602384
692039 654530 652338 605053
718621 626131 645242 612833
695775 656941 644766 598398
699867 647622 642315 601376
705814 629575 647548 618398
699072 656812 643545 599417
683621 643373 670439 608997
690808 647939 657909 607857
686311 667009 655063 603727
688746 662442 655436 600877
757176 615044 676037 681730
720789 627819 645283 611322
704180 631122 647108 625737
716391 627403 644313 613089
681140 640648 687305 600743
750659 617312 681215 681857
693344 638057 671850 608230
724818 629340 644895 612441
722785 630014 647116 610268
754713 615710 674884 683953
680827 643541 671978 608452
704309 631292 648111 620197
720918 624034 644444 613407
689205 652345 655295 608777
693418 645942 663961 602469
698263 655253 646420 598922
758175 612588 681248 683001
697856 634803 641594 606817
697130 635303 642361 605463
683915 642992 681609 600671
683878 639408 683103 606340
693204 656110 652101 602212
684827 641676 670899 606056
700158 644223 642091 601583
686785 640875 679551 598548
685090 650173 669760 606404
682834 644756 670569 608926
756711 611829 682574 680515
690910 656716 652508 602931
692537 644395 662369 603952
689716 649356 658125 604823
691570 667231 653317 597279
757825 612673 679096 683317
715734 627730 637398 617849
685576 640441 675750 605172
696920 637554 640698 606004
695446 655966 644837 599127
698002 659416 643792 596606
689596 650848 658982 602177
691678 663282 645124 600157
681198 643359 684815 599887
754708 620055 676822 677454
754222 619763 676385 677555
683419 652597 671143 605774
695401 658348 651094 598200
706896 627492 645087 618299
697493 635195 641215 607508
711119 625436 642990 618646
685731 661885 656981 603405
756271 615282 676739 682590
694846 662270 655719 595152
682599 648614 673900 604010
688903 653169 655071 608309
690290 646883 663217 604341
691278 646011 661938 606822
681310 637266 685840 605653
688972 650612 658537 605359
753415 619101 678839 676894
711173 621701 646837 617675
692742 646157 668034 603551
685906 638353 683553 601291
684503 661463 658563 605005
698080 634561 638061 606269
685539 644043 680516 594941
683539 651162 676572 600067
689318 645193 664847 606958
685362 660641 659979 602239
693240 644199 661324 604364
689479 649801 660042 605926
685949 644450 683223 592284
698143 656330 652645 597507
683624 651872 676301 602518
697912 638427 636913 607051
683285 641172 674919 605419
682553 641732 687751 598916
683730 641468 672223 605247
754294 615184 675353 684036
692668 657069 654304 602225
683687 643411 683329 598748
695660 663994 647757 597892
690196 637140 674118 605488
685014 663739 656893 605663
682628 643958 681409 598652
689583 641622 668408 605306
699664 649715 642621 600587
697027 638544 642836 605376
691785 647934 663430 602799
695372 659317 656121 594880
703142 627240 648560 629339
679256 643731 680981 606901
688326 655149 653515 604724
691407 645977 669158 599274
692216 659370 654075 598265
686548 650154 657235 610737
679846 645547 683826 599039
723819 627397 642604 613302
709050 624647 645960 625362
684034 652279 679008 599861
704185 630869 646485 625552
697797 647257 639420 605334
701124 638395 636861 607065
704314 631039 647488 620012
698652 644671 638842 605858
686895 662199 656902 602249
684403 643184 684419 599992
690551 658387 652326 604380
689882 640724 668080 611413
690745 641784 667815 608676
680867 644548 687459 599725
696475 657051 653252 595275
694488 643338 663714 605280
690234 650693 659547 602772
689209 647685 657488 613660
680569 641005 674260 609509
686949 643181 684631 598180
752875 615853 675351 680193
682748 650495 683374 597348
680382 643245 674674 608624
681941 641432 682949 600894
688843 660385 652148 609151
690711 650354 646561 609138
686100 660664 654735 609233
721204 628756 641224 614368
714680 627340 642562 615276
686680 661169 654422 604470
683766 641111 672135 607333
689685 651688 655182 606091
685151 661380 657294 608168
686128 651850 657558 605105
687280 641992 681987 598342
700096 647180 643378 600982
694384 657455 657413 596989
695137 656964 651181 597661
691928 654795 655481 601188
688324 651116 661525 602522
685606 638436 684272 603850
694243 645479 638534 606539
679941 643310 681303 609824
686807 639762 671614 614448
698851 634951 640009 606145
688894 638975 682980 599708
