14 1.39615
1.57149e+06 1.54043e+06 1.61927e+06 1.68071e+06
1.58641e+06 1.53474e+06 1.64698e+06 1.6224e+06
1.59042e+06 1.60496e+06 1.55169e+06 1.59546e+06
1.61089e+06 1.54176e+06 1.60502e+06 1.62724e+06
1.65854e+06 1.6039e+06 1.52092e+06 1.62725e+06
1.60308e+06 1.53086e+06 1.61663e+06 1.55775e+06
1.57956e+06 1.5398e+06 1.66221e+06 1.60552e+06
1.5889e+06 1.53982e+06 1.61607e+06 1.6301e+06
1.60709e+06 1.56616e+06 1.58838e+06 1.57016e+06
1.53977e+06 1.5737e+06 1.60459e+06 1.62395e+06
1.57841e+06 1.56086e+06 1.56578e+06 1.63824e+06
1.62121e+06 1.56796e+06 1.57547e+06 1.60729e+06
1.58843e+06 1.53603e+06 1.64563e+06 1.6311e+06
1.60278e+06 1.56662e+06 1.59186e+06 1.59697e+06
1.6038e+06 1.55479e+06 1.56288e+06 1.64049e+06
1.631e+06 1.6016e+06 1.58226e+06 1.57303e+06
1.66286e+06 1.5475e+06 1.5723e+06 1.62905e+06
1.54678e+06 1.62391e+06 1.59029e+06 1.63141e+06
1.56121e+06 1.55639e+06 1.54744e+06 1.64072e+06
1.56407e+06 1.63536e+06 1.59642e+06 1.57518e+06
1.59563e+06 1.55632e+06 1.59842e+06 1.61313e+06
1.60256e+06 1.59958e+06 1.56029e+06 1.59874e+06
1.60381e+06 1.58463e+06 1.59198e+06 1.55755e+06
1.52831e+06 1.63855e+06 1.62074e+06 1.59979e+06
1.54872e+06 1.56201e+06 1.5991e+06 1.65864e+06
1.55397e+06 1.5676e+06 1.66842e+06 1.60143e+06
1.56924e+06 1.58673e+06 1.59884e+06 1.60546e+06
1.60951e+06 1.54412e+06 1.57744e+06 1.57872e+06
1.64039e+06 1.55676e+06 1.58704e+06 1.562e+06
1.64607e+06 1.54745e+06 1.61434e+06 1.56806e+06
1.66291e+06 1.52405e+06 1.6099e+06 1.57809e+06
1.5704e+06 1.60555e+06 1.60261e+06 1.59624e+06
1.57976e+06 1.53442e+06 1.65815e+06 1.61776e+06
1.59308e+06 1.53894e+06 1.62826e+06 1.60453e+06
1.59648e+06 1.66078e+06 1.60597e+06 1.54585e+06
1.60094e+06 1.62632e+06 1.56443e+06 1.58936e+06
1.61197e+06 1.56201e+06 1.53917e+06 1.63882e+06
1.62109e+06 1.54679e+06 1.57449e+06 1.6245e+06
1.62622e+06 1.55923e+06 1.59783e+06 1.57032e+06
1.64828e+06 1.53512e+06 1.58155e+06 1.6059e+06
1.54272e+06 1.60891e+06 1.5916e+06 1.6279e+06
1.56464e+06 1.61438e+06 1.57248e+06 1.61858e+06
1.57195e+06 1.59703e+06 1.605e+06 1.59988e+06
1.58405e+06 1.56636e+06 1.55375e+06 1.62197e+06
1.59024e+06 1.55505e+06 1.62899e+06 1.58064e+06
1.59793e+06 1.56521e+06 1.59983e+06 1.59236e+06
1.59987e+06 1.53682e+06 1.63406e+06 1.60567e+06
1.60204e+06 1.56164e+06 1.5551e+06 1.61317e+06
1.61108e+06 1.5271e+06 1.60096e+06 1.62786e+06
1.6291e+06 1.55296e+06 1.62478e+06 1.53598e+06
1.5484e+06 1.61702e+06 1.58401e+06 1.6327e+06
1.54876e+06 1.6e+06 1.62225e+06 1.61878e+06
1.55966e+06 1.62082e+06 1.56381e+06 1.60148e+06
1.58351e+06 1.56137e+06 1.59216e+06 1.60072e+06
1.60224e+06 1.5713e+06 1.57228e+06 1.59801e+06
1.60437e+06 1.56229e+06 1.59333e+06 1.5991e+06
1.60754e+06 1.61308e+06 1.59489e+06 1.53854e+06
1.5504e+06 1.58059e+06 1.589e+06 1.62751e+06
1.56023e+06 1.54429e+06 1.60483e+06 1.60332e+06
1.56758e+06 1.5585e+06 1.58206e+06 1.62276e+06
1.5691e+06 1.61652e+06 1.5956e+06 1.57921e+06
1.59026e+06 1.55984e+06 1.59966e+06 1.61581e+06
1.59478e+06 1.52955e+06 1.64935e+06 1.64089e+06
1.59607e+06 1.61553e+06 1.56031e+06 1.58976e+06
1.60155e+06 1.55669e+06 1.58612e+06 1.60337e+06
1.60774e+06 1.56923e+06 1.583e+06 1.58032e+06
1.6242e+06 1.62667e+06 1.55966e+06 1.58149e+06
1.62916e+06 1.55372e+06 1.62447e+06 1.53579e+06
1.63498e+06 1.58721e+06 1.5851e+06 1.56041e+06
1.66826e+06 1.56885e+06 1.6084e+06 1.56068e+06
1.56466e+06 1.60865e+06 1.6085e+06 1.56545e+06
1.57201e+06 1.5767e+06 1.59852e+06 1.59559e+06
1.57629e+06 1.57559e+06 1.57581e+06 1.61676e+06
1.60598e+06 1.54136e+06 1.60819e+06 1.61868e+06
1.60625e+06 1.5512e+06 1.55211e+06 1.61032e+06
1.61125e+06 1.57066e+06 1.57115e+06 1.59966e+06
1.61745e+06 1.62096e+06 1.58809e+06 1.56732e+06
1.62016e+06 1.54262e+06 1.58392e+06 1.61655e+06
1.62703e+06 1.55111e+06 1.56232e+06 1.61618e+06
1.63408e+06 1.55329e+06 1.60876e+06 1.57004e+06
1.53975e+06 1.62556e+06 1.64376e+06 1.64431e+06
1.54762e+06 1.61716e+06 1.53941e+06 1.60857e+06
1.55039e+06 1.60154e+06 1.62739e+06 1.61212e+06
1.55235e+06 1.57085e+06 1.62518e+06 1.57673e+06
1.55271e+06 1.54066e+06 1.56707e+06 1.63383e+06
1.56679e+06 1.56759e+06 1.60447e+06 1.60051e+06
1.57155e+06 1.58e+06 1.56526e+06 1.60008e+06
1.57771e+06 1.53413e+06 1.60094e+06 1.63263e+06
1.58322e+06 1.57256e+06 1.60072e+06 1.54679e+06
1.59059e+06 1.58441e+06 1.59657e+06 1.56735e+06
1.59872e+06 1.52119e+06 1.57666e+06 1.63083e+06
1.60454e+06 1.60251e+06 1.56014e+06 1.59312e+06
1.6069e+06 1.56973e+06 1.67279e+06 1.54502e+06
1.63574e+06 1.56583e+06 1.57207e+06 1.60935e+06
1.63588e+06 1.51714e+06 1.62295e+06 1.60795e+06
1.64016e+06 1.54768e+06 1.61469e+06 1.55806e+06
1.65143e+06 1.60579e+06 1.61958e+06 1.53377e+06
1.65215e+06 1.56892e+06 1.57067e+06 1.57411e+06
1.66415e+06 1.59912e+06 1.56937e+06 1.56523e+06
1.54004e+06 1.59775e+06 1.64253e+06 1.58286e+06
1.57054e+06 1.59406e+06 1.61158e+06 1.58728e+06
1.58151e+06 1.56735e+06 1.59012e+06 1.62099e+06
1.59352e+06 1.5693e+06 1.57254e+06 1.61048e+06
1.59845e+06 1.56936e+06 1.59737e+06 1.58118e+06
1.59991e+06 1.58792e+06 1.54685e+06 1.60023e+06
1.60564e+06 1.59773e+06 1.62921e+06 1.54613e+06
1.60566e+06 1.55104e+06 1.5983e+06 1.60214e+06
1.60741e+06 1.49605e+06 1.6487e+06 1.61602e+06
1.6164e+06 1.54104e+06 1.61307e+06 1.60991e+06
1.61931e+06 1.53199e+06 1.58383e+06 1.62435e+06
1.63319e+06 1.55447e+06 1.57348e+06 1.58971e+06
1.64827e+06 1.52449e+06 1.63427e+06 1.60717e+06
1.64958e+06 1.61007e+06 1.58272e+06 1.56744e+06
1.53996e+06 1.63503e+06 1.59495e+06 1.60227e+06
1.56148e+06 1.60556e+06 1.6217e+06 1.59482e+06
1.56538e+06 1.60592e+06 1.58412e+06 1.63e+06
1.56753e+06 1.58905e+06 1.58826e+06 1.60599e+06
1.57233e+06 1.59795e+06 1.58562e+06 1.57762e+06
1.57625e+06 1.54545e+06 1.60199e+06 1.58104e+06
1.58061e+06 1.60912e+06 1.56451e+06 1.62798e+06
1.5862e+06 1.57143e+06 1.56774e+06 1.58354e+06
1.59122e+06 1.58855e+06 1.5962e+06 1.57084e+06
1.59303e+06 1.56592e+06 1.59089e+06 1.6044e+06
1.59364e+06 1.54386e+06 1.59524e+06 1.61561e+06
1.59828e+06 1.55363e+06 1.61147e+06 1.58069e+06
1.62522e+06 1.55943e+06 1.59622e+06 1.5699e+06
1.62667e+06 1.59694e+06 1.55794e+06 1.58046e+06
1.63353e+06 1.52524e+06 1.61897e+06 1.62098e+06
1.64507e+06 1.56542e+06 1.57237e+06 1.59614e+06
