129 23.3366
3.13934e+06 3.12593e+06 3.13429e+06 3.11297e+06
3.10548e+06 3.12655e+06 3.14509e+06 3.12358e+06
3.1266e+06 3.14129e+06 3.09128e+06 3.11842e+06
3.14169e+06 3.12436e+06 3.09741e+06 3.12224e+06
3.15461e+06 3.138e+06 3.09285e+06 3.12754e+06
3.25148e+06 3.08653e+06 3.18579e+06 3.1941e+06
3.18371e+06 3.10022e+06 3.12534e+06 3.1092e+06
3.1634e+06 3.18717e+06 3.03014e+06 3.15862e+06
3.09759e+06 3.14907e+06 3.15163e+06 3.16259e+06
3.15377e+06 3.15328e+06 3.08764e+06 3.10667e+06
3.18437e+06 3.13764e+06 3.06932e+06 3.13382e+06
3.14623e+06 3.1165e+06 3.13287e+06 3.12281e+06
3.15624e+06 3.12318e+06 3.13988e+06 3.10644e+06
3.16051e+06 3.12732e+06 3.08929e+06 3.11968e+06
3.20707e+06 3.22658e+06 3.02832e+06 3.18026e+06
3.1423e+06 3.12735e+06 3.09494e+06 3.09342e+06
3.16699e+06 3.14414e+06 3.10183e+06 3.05648e+06
3.14494e+06 3.25757e+06 3.05946e+06 3.09444e+06
3.09935e+06 3.19865e+06 3.08718e+06 3.13129e+06
3.1059e+06 3.19731e+06 3.11526e+06 3.07338e+06
3.16927e+06 3.14398e+06 3.08725e+06 3.14741e+06
3.1769e+06 3.2242e+06 3.05005e+06 3.06482e+06
3.11872e+06 3.19251e+06 3.08185e+06 3.10802e+06
3.13831e+06 3.12957e+06 3.1297e+06 3.04397e+06
3.14535e+06 3.14751e+06 3.0816e+06 3.13798e+06
3.08986e+06 3.21303e+06 3.10648e+06 3.07779e+06
3.1671e+06 3.2085e+06 3.06042e+06 3.07098e+06
3.06748e+06 3.16564e+06 3.13174e+06 3.09806e+06
3.11542e+06 3.19048e+06 3.09597e+06 3.08894e+06
3.12698e+06 3.22277e+06 3.10081e+06 3.05895e+06
3.09804e+06 3.2052e+06 3.13704e+06 3.07177e+06
3.13611e+06 3.19746e+06 3.14453e+06 3.02247e+06
3.12012e+06 3.19194e+06 3.09422e+06 3.06774e+06
3.09308e+06 3.16271e+06 3.13671e+06 3.1086e+06
3.14702e+06 3.14797e+06 3.10385e+06 3.0703e+06
3.15679e+06 3.10229e+06 3.1231e+06 3.07124e+06
3.08713e+06 3.17179e+06 3.09392e+06 3.10415e+06
3.14835e+06 3.14509e+06 3.09926e+06 3.02855e+06
3.17407e+06 3.12556e+06 3.15222e+06 3.0512e+06
3.18397e+06 3.14726e+06 3.09264e+06 3.04693e+06
3.19697e+06 3.11936e+06 3.10936e+06 3.0477e+06
3.20367e+06 3.11727e+06 3.10881e+06 3.10294e+06
3.20483e+06 3.17831e+06 3.12213e+06 3.00662e+06
3.11041e+06 3.13941e+06 3.11267e+06 3.05609e+06
3.12764e+06 3.14858e+06 3.14688e+06 3.03668e+06
3.12959e+06 3.17382e+06 3.11755e+06 3.04656e+06
3.14522e+06 3.12806e+06 3.1345e+06 3.04014e+06
3.15113e+06 3.18468e+06 3.14667e+06 3.02282e+06
3.15815e+06 3.1221e+06 3.13991e+06 3.05549e+06
3.15905e+06 3.1848e+06 3.13707e+06 3.02267e+06
3.16133e+06 3.15799e+06 3.09419e+06 3.05514e+06
3.16698e+06 3.12347e+06 3.16555e+06 3.03685e+06
3.17594e+06 3.12095e+06 3.16544e+06 3.04596e+06
3.18717e+06 3.10706e+06 3.11396e+06 3.05985e+06
3.05354e+06 3.18581e+06 3.14082e+06 3.13207e+06
3.06812e+06 3.17993e+06 3.10239e+06 3.11889e+06
3.07368e+06 3.20642e+06 3.12762e+06 3.11867e+06
3.07904e+06 3.22204e+06 3.0947e+06 3.0881e+06
3.08536e+06 3.2163e+06 3.15058e+06 3.08108e+06
3.12593e+06 3.19855e+06 3.06594e+06 3.1109e+06
3.1288e+06 3.16627e+06 3.07665e+06 3.08046e+06
3.1301e+06 3.18163e+06 3.06189e+06 3.10321e+06
3.1567e+06 3.16572e+06 3.08666e+06 3.06017e+06
3.07868e+06 3.12732e+06 3.16299e+06 3.06555e+06
3.1043e+06 3.1475e+06 3.09072e+06 3.09308e+06
3.10461e+06 3.15359e+06 3.11993e+06 3.06097e+06
3.10621e+06 3.1977e+06 3.11399e+06 3.05356e+06
3.11017e+06 3.15594e+06 3.12592e+06 3.04667e+06
3.11864e+06 3.14174e+06 3.10386e+06 3.08099e+06
3.12343e+06 3.12114e+06 3.16423e+06 3.06879e+06
3.127e+06 3.17252e+06 3.11259e+06 3.06698e+06
3.13288e+06 3.1396e+06 3.11142e+06 3.07372e+06
3.1352e+06 3.15517e+06 3.10629e+06 3.07911e+06
3.13645e+06 3.19764e+06 3.11745e+06 3.04342e+06
3.14476e+06 3.13592e+06 3.10638e+06 3.07664e+06
3.15359e+06 3.15435e+06 3.09494e+06 3.08953e+06
3.16629e+06 3.11943e+06 3.1281e+06 3.06996e+06
3.19925e+06 3.13435e+06 3.12579e+06 3.04736e+06
3.08877e+06 3.19324e+06 3.13848e+06 3.08369e+06
3.09097e+06 3.18832e+06 3.15497e+06 3.08234e+06
3.09604e+06 3.14987e+06 3.1375e+06 3.03328e+06
3.10549e+06 3.22863e+06 3.0742e+06 3.13035e+06
3.1105e+06 3.15139e+06 3.09616e+06 3.08278e+06
3.11303e+06 3.25799e+06 3.08916e+06 3.07478e+06
3.11606e+06 3.13802e+06 3.10773e+06 3.09004e+06
3.12041e+06 3.17923e+06 3.12244e+06 3.04884e+06
3.12353e+06 3.15693e+06 3.07655e+06 3.08525e+06
3.12704e+06 3.16676e+06 3.0801e+06 3.07342e+06
3.12785e+06 3.16754e+06 3.12855e+06 3.03138e+06
3.13199e+06 3.22183e+06 3.10799e+06 3.05388e+06
3.13475e+06 3.12614e+06 3.11489e+06 3.07097e+06
3.13642e+06 3.23215e+06 3.0876e+06 3.05417e+06
3.14094e+06 3.19717e+06 3.08776e+06 3.03453e+06
3.14236e+06 3.18632e+06 3.05371e+06 3.12164e+06
3.14308e+06 3.17307e+06 3.09416e+06 3.04344e+06
3.1447e+06 3.15183e+06 3.09517e+06 3.06452e+06
3.14514e+06 3.15352e+06 3.07339e+06 3.09941e+06
3.14691e+06 3.2112e+06 3.10385e+06 3.01317e+06
3.14712e+06 3.16932e+06 3.12488e+06 3.04344e+06
3.14762e+06 3.15713e+06 3.13324e+06 3.04317e+06
3.15069e+06 3.15306e+06 3.08914e+06 3.10558e+06
3.15101e+06 3.2081e+06 3.1221e+06 3.02189e+06
3.16368e+06 3.1725e+06 3.0436e+06 3.10272e+06
3.16398e+06 3.20738e+06 3.10996e+06 3.02124e+06
3.17021e+06 3.18479e+06 3.05723e+06 3.03571e+06
3.17905e+06 3.14977e+06 3.06563e+06 3.07947e+06
3.18165e+06 3.15563e+06 3.08152e+06 3.0778e+06
3.1411e+06 3.12092e+06 3.16386e+06 3.13274e+06
3.094e+06 3.17664e+06 3.09618e+06 3.07394e+06
3.11259e+06 3.19307e+06 3.0896e+06 3.06132e+06
3.11451e+06 3.20636e+06 3.06378e+06 3.07756e+06
3.11936e+06 3.19282e+06 3.06646e+06 3.06697e+06
3.12328e+06 3.18579e+06 3.11968e+06 3.05235e+06
3.12585e+06 3.16192e+06 3.11863e+06 3.04728e+06
3.13262e+06 3.23275e+06 3.07181e+06 3.0626e+06
3.13537e+06 3.18018e+06 3.0676e+06 3.08381e+06
3.13773e+06 3.19934e+06 3.08134e+06 3.06483e+06
3.14235e+06 3.16645e+06 3.09954e+06 3.05665e+06
3.15158e+06 3.20395e+06 3.04761e+06 3.10784e+06
3.17073e+06 3.14651e+06 3.09046e+06 3.09914e+06
