14 1.3689
1.61797e+06 1.54891e+06 1.5845e+06
1.6463e+06 1.61484e+06 1.5501e+06
1.58894e+06 1.54719e+06 1.5962e+06
1.60249e+06 1.54163e+06 1.62161e+06
1.60964e+06 1.54285e+06 1.61482e+06
1.62111e+06 1.52783e+06 1.6097e+06
1.62841e+06 1.51294e+06 1.63168e+06
1.54972e+06 1.56618e+06 1.62591e+06
1.5533e+06 1.60253e+06 1.59274e+06
1.58152e+06 1.56963e+06 1.60177e+06
1.59983e+06 1.56221e+06 1.5687e+06
1.55664e+06 1.59099e+06 1.565e+06
1.57101e+06 1.56662e+06 1.61064e+06
1.57696e+06 1.52599e+06 1.6735e+06
1.56073e+06 1.56863e+06 1.61071e+06
1.61796e+06 1.56712e+06 1.55943e+06
1.65836e+06 1.56422e+06 1.54781e+06
1.57923e+06 1.56692e+06 1.60213e+06
1.58822e+06 1.58205e+06 1.59898e+06
1.59312e+06 1.58607e+06 1.55496e+06
1.59845e+06 1.54187e+06 1.61684e+06
1.61566e+06 1.59871e+06 1.55476e+06
1.63986e+06 1.53633e+06 1.60095e+06
1.6675e+06 1.60665e+06 1.54592e+06
1.68242e+06 1.52906e+06 1.57063e+06
1.56492e+06 1.55431e+06 1.61251e+06
1.56454e+06 1.58888e+06 1.58688e+06
1.57511e+06 1.56458e+06 1.60394e+06
1.60204e+06 1.58158e+06 1.56463e+06
1.61397e+06 1.57126e+06 1.55581e+06
1.57628e+06 1.54914e+06 1.61808e+06
1.60899e+06 1.61357e+06 1.55357e+06
1.6094e+06 1.51606e+06 1.61782e+06
1.62374e+06 1.53643e+06 1.58165e+06
1.62471e+06 1.53872e+06 1.57392e+06
1.64198e+06 1.52077e+06 1.61262e+06
1.57157e+06 1.58005e+06 1.60907e+06
1.57833e+06 1.57106e+06 1.6017e+06
1.5905e+06 1.56979e+06 1.59401e+06
1.59441e+06 1.53136e+06 1.63731e+06
1.61772e+06 1.54382e+06 1.59576e+06
1.62082e+06 1.53951e+06 1.56232e+06
1.56578e+06 1.53805e+06 1.67105e+06
1.61816e+06 1.63925e+06 1.53175e+06
1.63701e+06 1.55868e+06 1.55728e+06
1.5446e+06 1.5831e+06 1.63056e+06
1.57418e+06 1.58181e+06 1.60823e+06
1.57151e+06 1.54964e+06 1.62997e+06
1.57386e+06 1.58437e+06 1.55776e+06
1.58494e+06 1.54476e+06 1.61748e+06
1.59612e+06 1.55251e+06 1.58396e+06
1.61754e+06 1.55931e+06 1.57265e+06
