196 2.3096
119536 153175
120033 152740
120306 151254
120585 147589
120898 133682
120983 132979
121423 132189
122035 131058
122216 130234
122919 127538
124532 114847
125722 113318
125842 113316
126385 113264
126960 113246
127028 112731
127096 112207
127923 112188
128343 112114
128680 111946
129229 111601
130357 111500
130906 111155
133567 111097
133687 111095
133976 110712
134020 110115
135237 109889
136685 109349
138156 109090
139392 106731
140863 106472
141267 106238
142455 105037
142859 104803
130572 111431
