65 98.0875
1.32175e+06 1.28096e+06 1.1962e+06
1.29327e+06 1.30543e+06 1.20368e+06
1.2862e+06 1.30051e+06 1.20842e+06
1.40974e+06 1.24098e+06 1.43197e+06
1.40331e+06 1.2278e+06 1.43977e+06
1.39852e+06 1.23233e+06 1.44507e+06
1.30978e+06 1.2813e+06 1.25759e+06
1.37566e+06 1.2447e+06 1.22126e+06
1.39296e+06 1.23588e+06 1.43955e+06
1.40859e+06 1.24038e+06 1.4322e+06
1.40184e+06 1.23085e+06 1.43748e+06
1.32426e+06 1.27306e+06 1.24778e+06
1.40088e+06 1.23908e+06 1.43369e+06
1.39716e+06 1.2372e+06 1.43528e+06
1.32925e+06 1.26116e+06 1.23931e+06
1.37212e+06 1.25096e+06 1.21325e+06
1.32311e+06 1.27339e+06 1.25052e+06
1.29306e+06 1.30361e+06 1.20463e+06
1.3201e+06 1.27517e+06 1.24805e+06
1.30194e+06 1.2878e+06 1.20763e+06
1.28725e+06 1.30243e+06 1.2064e+06
1.30336e+06 1.28902e+06 1.20435e+06
1.39528e+06 1.23946e+06 1.43798e+06
1.29242e+06 1.3009e+06 1.20482e+06
1.3192e+06 1.28007e+06 1.19886e+06
1.32328e+06 1.27381e+06 1.20557e+06
1.40301e+06 1.23497e+06 1.43567e+06
1.39991e+06 1.23526e+06 1.43477e+06
1.33095e+06 1.27945e+06 1.19633e+06
1.32758e+06 1.27883e+06 1.19789e+06
1.36826e+06 1.2415e+06 1.22256e+06
1.31128e+06 1.28065e+06 1.25618e+06
1.36074e+06 1.24474e+06 1.22702e+06
1.39637e+06 1.23636e+06 1.43744e+06
1.36409e+06 1.24333e+06 1.22631e+06
1.366e+06 1.24573e+06 1.22192e+06
1.29436e+06 1.30277e+06 1.20315e+06
1.36972e+06 1.24372e+06 1.22198e+06
1.28924e+06 1.29253e+06 1.2152e+06
1.36778e+06 1.2423e+06 1.22404e+06
1.39763e+06 1.23342e+06 1.44409e+06
1.3675e+06 1.24252e+06 1.22403e+06
1.365e+06 1.24753e+06 1.21456e+06
1.36572e+06 1.24688e+06 1.21703e+06
1.39939e+06 1.23141e+06 1.43957e+06
1.32673e+06 1.2725e+06 1.20478e+06
1.31895e+06 1.2755e+06 1.25079e+06
1.3445e+06 1.26683e+06 1.20485e+06
1.36632e+06 1.24453e+06 1.22426e+06
1.31092e+06 1.28096e+06 1.25486e+06
1.29238e+06 1.29895e+06 1.20549e+06
1.31243e+06 1.28032e+06 1.25345e+06
1.32111e+06 1.27574e+06 1.20788e+06
1.36854e+06 1.24128e+06 1.22257e+06
1.30435e+06 1.28886e+06 1.20602e+06
1.30081e+06 1.28812e+06 1.20701e+06
1.29384e+06 1.28351e+06 1.21886e+06
1.32463e+06 1.27636e+06 1.20152e+06
1.39486e+06 1.23604e+06 1.43835e+06
1.40089e+06 1.23211e+06 1.43904e+06
1.39939e+06 1.23537e+06 1.43401e+06
1.39921e+06 1.23194e+06 1.44353e+06
1.39368e+06 1.23444e+06 1.43928e+06
1.2907e+06 1.28932e+06 1.20955e+06
1.28952e+06 1.29304e+06 1.21135e+06
1.39444e+06 1.23405e+06 1.44476e+06
1.29899e+06 1.28533e+06 1.21125e+06
1.29324e+06 1.30349e+06 1.20434e+06
1.31018e+06 1.29418e+06 1.19856e+06
1.28718e+06 1.29966e+06 1.2088e+06
1.30688e+06 1.29034e+06 1.2041e+06
1.31373e+06 1.28129e+06 1.25283e+06
1.29242e+06 1.29804e+06 1.20619e+06
1.37064e+06 1.24679e+06 1.22042e+06
1.30599e+06 1.2872e+06 1.20611e+06
1.35998e+06 1.24576e+06 1.22848e+06
1.3694e+06 1.2411e+06 1.22437e+06
1.28946e+06 1.29594e+06 1.20864e+06
1.29478e+06 1.28614e+06 1.21264e+06
1.31689e+06 1.28305e+06 1.20242e+06
1.34734e+06 1.26626e+06 1.20485e+06
1.30504e+06 1.28988e+06 1.20416e+06
1.28721e+06 1.30048e+06 1.20706e+06
1.3367e+06 1.26814e+06 1.2055e+06
1.28991e+06 1.29452e+06 1.2102e+06
1.31559e+06 1.28466e+06 1.19971e+06
1.29814e+06 1.28627e+06 1.21058e+06
1.29567e+06 1.28311e+06 1.21528e+06
1.29934e+06 1.28968e+06 1.20668e+06
1.32568e+06 1.27179e+06 1.21116e+06
1.3991e+06 1.23283e+06 1.43604e+06
1.35916e+06 1.25788e+06 1.20688e+06
1.31338e+06 1.2877e+06 1.20089e+06
1.35671e+06 1.25053e+06 1.22467e+06
1.37e+06 1.2435e+06 1.22199e+06
1.29997e+06 1.28813e+06 1.2076e+06
1.2935e+06 1.28504e+06 1.21758e+06
1.29013e+06 1.29377e+06 1.20687e+06
1.328e+06 1.27698e+06 1.19995e+06
1.39596e+06 1.23441e+06 1.44156e+06
1.30464e+06 1.2883e+06 1.20512e+06
1.39822e+06 1.23567e+06 1.43605e+06
1.3358e+06 1.26457e+06 1.206e+06
1.37154e+06 1.2535e+06 1.21077e+06
1.35732e+06 1.2581e+06 1.20831e+06
1.36035e+06 1.2497e+06 1.22662e+06
1.328e+06 1.2619e+06 1.23597e+06
1.32665e+06 1.27443e+06 1.20401e+06
1.34246e+06 1.25031e+06 1.23258e+06
1.29504e+06 1.28466e+06 1.21436e+06
1.35199e+06 1.2518e+06 1.21346e+06
1.399e+06 1.23367e+06 1.44222e+06
1.30942e+06 1.28848e+06 1.20025e+06
1.32808e+06 1.27505e+06 1.20073e+06
1.32848e+06 1.27663e+06 1.19977e+06
1.39885e+06 1.23255e+06 1.44462e+06
1.29344e+06 1.29524e+06 1.20402e+06
1.28847e+06 1.29347e+06 1.21207e+06
1.28681e+06 1.29801e+06 1.21044e+06
1.31633e+06 1.29017e+06 1.19726e+06
1.36494e+06 1.246e+06 1.22332e+06
1.3251e+06 1.26558e+06 1.23512e+06
1.31294e+06 1.28449e+06 1.20364e+06
1.30711e+06 1.29147e+06 1.20381e+06
1.32812e+06 1.27075e+06 1.20899e+06
1.32987e+06 1.27448e+06 1.20308e+06
1.31745e+06 1.27594e+06 1.20388e+06
1.28624e+06 1.30245e+06 1.20776e+06
1.3332e+06 1.27043e+06 1.20564e+06
1.33866e+06 1.26369e+06 1.20628e+06
1.32059e+06 1.27792e+06 1.20217e+06
1.32497e+06 1.27354e+06 1.21058e+06
1.36106e+06 1.24911e+06 1.2252e+06
1.3284e+06 1.27856e+06 1.19899e+06
1.29295e+06 1.29915e+06 1.20487e+06
1.33132e+06 1.25707e+06 1.23818e+06
1.34027e+06 1.26865e+06 1.20379e+06
1.28843e+06 1.29472e+06 1.21091e+06
1.29742e+06 1.28724e+06 1.21026e+06
1.31167e+06 1.28246e+06 1.20703e+06
1.29173e+06 1.30068e+06 1.20618e+06
1.29702e+06 1.28566e+06 1.21122e+06
1.30832e+06 1.29209e+06 1.20144e+06
1.39688e+06 1.24075e+06 1.4369e+06
1.36159e+06 1.24871e+06 1.227e+06
1.31445e+06 1.2858e+06 1.20217e+06
1.36026e+06 1.25085e+06 1.21435e+06
1.2879e+06 1.29792e+06 1.20939e+06
1.28714e+06 1.29771e+06 1.20947e+06
1.36359e+06 1.2486e+06 1.22353e+06
1.29764e+06 1.28278e+06 1.21531e+06
1.30549e+06 1.28628e+06 1.20757e+06
1.33887e+06 1.26858e+06 1.20514e+06
1.29149e+06 1.30245e+06 1.20637e+06
1.31216e+06 1.28338e+06 1.20556e+06
1.2923e+06 1.29638e+06 1.20649e+06
1.33877e+06 1.26336e+06 1.20975e+06
1.39817e+06 1.23274e+06 1.44352e+06
1.31528e+06 1.27787e+06 1.20619e+06
1.3295e+06 1.27206e+06 1.20814e+06
1.35552e+06 1.26235e+06 1.20691e+06
1.32984e+06 1.25726e+06 1.23862e+06
1.39546e+06 1.24069e+06 1.43693e+06
1.29291e+06 1.2972e+06 1.20554e+06
1.34906e+06 1.26151e+06 1.20974e+06
1.30041e+06 1.28655e+06 1.20797e+06
1.31081e+06 1.28633e+06 1.20356e+06
1.32602e+06 1.2727e+06 1.20742e+06
1.33094e+06 1.26721e+06 1.21023e+06
1.34002e+06 1.26276e+06 1.20706e+06
1.28775e+06 1.29522e+06 1.21149e+06
1.30793e+06 1.29066e+06 1.20335e+06
1.32804e+06 1.27738e+06 1.19984e+06
1.33103e+06 1.27752e+06 1.1971e+06
1.35123e+06 1.25282e+06 1.21492e+06
1.29601e+06 1.28158e+06 1.21656e+06
1.29908e+06 1.29116e+06 1.20496e+06
1.31268e+06 1.2864e+06 1.20346e+06
1.33201e+06 1.26573e+06 1.20624e+06
1.3084e+06 1.29414e+06 1.20105e+06
1.29421e+06 1.28407e+06 1.2179e+06
1.3291e+06 1.2644e+06 1.23312e+06
1.32609e+06 1.26478e+06 1.23691e+06
1.29736e+06 1.28413e+06 1.2125e+06
1.32983e+06 1.26111e+06 1.23736e+06
1.3353e+06 1.27162e+06 1.20455e+06
1.34313e+06 1.26777e+06 1.20407e+06
1.33389e+06 1.26105e+06 1.23155e+06
1.36317e+06 1.24848e+06 1.225e+06
1.30068e+06 1.28717e+06 1.20792e+06
1.29595e+06 1.29419e+06 1.20203e+06
1.37105e+06 1.25317e+06 1.21189e+06
1.29638e+06 1.28215e+06 1.2156e+06
1.29267e+06 1.2975e+06 1.20621e+06
1.36341e+06 1.24884e+06 1.22436e+06
1.31814e+06 1.28556e+06 1.19704e+06
1.34548e+06 1.25923e+06 1.21081e+06
1.3277e+06 1.27125e+06 1.21061e+06
1.36229e+06 1.24996e+06 1.22279e+06
1.31743e+06 1.28257e+06 1.20177e+06
1.35018e+06 1.25166e+06 1.2306e+06
1.28724e+06 1.29957e+06 1.20776e+06
1.33699e+06 1.26927e+06 1.2054e+06
1.33848e+06 1.26033e+06 1.22876e+06
1.33212e+06 1.2654e+06 1.20971e+06
1.31487e+06 1.28561e+06 1.20237e+06
1.34654e+06 1.25252e+06 1.22922e+06
1.36243e+06 1.24824e+06 1.22552e+06
1.33913e+06 1.26005e+06 1.22707e+06
1.32925e+06 1.26193e+06 1.23515e+06
1.36174e+06 1.24907e+06 1.22569e+06
1.34066e+06 1.25694e+06 1.22906e+06
1.35395e+06 1.25652e+06 1.21059e+06
1.30904e+06 1.29685e+06 1.20086e+06
1.39692e+06 1.23417e+06 1.44071e+06
1.31196e+06 1.28937e+06 1.19759e+06
1.36474e+06 1.24808e+06 1.22292e+06
1.33361e+06 1.25586e+06 1.23336e+06
1.34322e+06 1.24929e+06 1.23112e+06
1.30821e+06 1.29004e+06 1.20413e+06
1.39904e+06 1.24062e+06 1.43483e+06
1.30767e+06 1.28435e+06 1.20527e+06
1.35175e+06 1.25148e+06 1.22854e+06
1.34855e+06 1.25559e+06 1.22597e+06
1.29613e+06 1.28869e+06 1.20858e+06
1.39652e+06 1.23389e+06 1.44216e+06
1.34303e+06 1.25676e+06 1.21377e+06
1.31844e+06 1.28287e+06 1.20122e+06
1.33985e+06 1.25978e+06 1.22826e+06
1.36544e+06 1.25409e+06 1.21236e+06
1.35867e+06 1.25756e+06 1.208e+06
1.33508e+06 1.26974e+06 1.20539e+06
1.36424e+06 1.24855e+06 1.21603e+06
1.32764e+06 1.26736e+06 1.23406e+06
1.36447e+06 1.2483e+06 1.22292e+06
1.36727e+06 1.25418e+06 1.21096e+06
1.34843e+06 1.25226e+06 1.22895e+06
1.33956e+06 1.26726e+06 1.20578e+06
1.29288e+06 1.29679e+06 1.20614e+06
1.39863e+06 1.23369e+06 1.44008e+06
1.34933e+06 1.24769e+06 1.23061e+06
1.33063e+06 1.26907e+06 1.20896e+06
1.30774e+06 1.29052e+06 1.20386e+06
1.31752e+06 1.28211e+06 1.20247e+06
1.29226e+06 1.28667e+06 1.21172e+06
1.34952e+06 1.2546e+06 1.22605e+06
1.33471e+06 1.26883e+06 1.20616e+06
1.3567e+06 1.24636e+06 1.22782e+06
1.29284e+06 1.29484e+06 1.20681e+06
1.31743e+06 1.28183e+06 1.20255e+06
1.33368e+06 1.26304e+06 1.21152e+06
1.35777e+06 1.25781e+06 1.20824e+06
1.35232e+06 1.25017e+06 1.22847e+06
1.33067e+06 1.27142e+06 1.20742e+06
1.35368e+06 1.2553e+06 1.21196e+06
1.37092e+06 1.24657e+06 1.22043e+06
1.35826e+06 1.2501e+06 1.22366e+06
1.35798e+06 1.2577e+06 1.20914e+06
1.338e+06 1.2601e+06 1.22904e+06
1.32629e+06 1.27325e+06 1.20485e+06
1.3326e+06 1.26241e+06 1.23081e+06
1.34435e+06 1.25376e+06 1.22901e+06
1.34769e+06 1.25201e+06 1.22947e+06
1.33344e+06 1.26249e+06 1.22961e+06
1.31577e+06 1.27878e+06 1.20472e+06
1.29167e+06 1.29742e+06 1.20633e+06
1.33181e+06 1.26041e+06 1.2365e+06
1.31817e+06 1.28118e+06 1.20321e+06
1.30855e+06 1.30082e+06 1.20035e+06
1.39753e+06 1.23412e+06 1.44038e+06
1.39617e+06 1.2348e+06 1.43923e+06
1.34196e+06 1.25558e+06 1.2298e+06
1.31772e+06 1.28225e+06 1.20196e+06
1.3087e+06 1.28943e+06 1.20291e+06
1.35323e+06 1.24627e+06 1.22793e+06
1.32952e+06 1.26171e+06 1.23262e+06
1.29401e+06 1.2908e+06 1.2067e+06
1.36187e+06 1.24921e+06 1.22491e+06
1.34086e+06 1.25285e+06 1.23278e+06
1.35089e+06 1.25268e+06 1.22777e+06
1.34103e+06 1.25606e+06 1.23005e+06
1.36608e+06 1.25747e+06 1.20809e+06
1.32804e+06 1.26388e+06 1.23509e+06
1.3548e+06 1.25348e+06 1.21256e+06
1.35411e+06 1.25044e+06 1.22693e+06
1.36686e+06 1.25427e+06 1.21028e+06
1.35602e+06 1.25785e+06 1.20962e+06
1.32811e+06 1.26521e+06 1.23133e+06
1.36496e+06 1.2479e+06 1.2185e+06
1.31891e+06 1.27816e+06 1.2033e+06
1.36743e+06 1.25127e+06 1.21255e+06
1.32966e+06 1.26411e+06 1.23084e+06
1.32629e+06 1.27287e+06 1.20613e+06
1.3181e+06 1.28368e+06 1.20006e+06
1.33483e+06 1.26068e+06 1.22993e+06
1.33939e+06 1.25886e+06 1.2288e+06
1.34622e+06 1.25948e+06 1.21029e+06
1.34127e+06 1.25623e+06 1.22872e+06
1.35337e+06 1.2502e+06 1.22745e+06
1.37027e+06 1.2533e+06 1.212e+06
1.35642e+06 1.25836e+06 1.20855e+06
1.29344e+06 1.29239e+06 1.20539e+06
1.29009e+06 1.29182e+06 1.20754e+06
1.32966e+06 1.27192e+06 1.20736e+06
1.36425e+06 1.24787e+06 1.22458e+06
1.33059e+06 1.27827e+06 1.19717e+06
1.34587e+06 1.25573e+06 1.22772e+06
1.31203e+06 1.28515e+06 1.20494e+06
1.33423e+06 1.26138e+06 1.23026e+06
1.35839e+06 1.24986e+06 1.22632e+06
1.30724e+06 1.29172e+06 1.20218e+06
1.30902e+06 1.2869e+06 1.20121e+06
1.35143e+06 1.25204e+06 1.22873e+06
1.33284e+06 1.25688e+06 1.23483e+06
1.3188e+06 1.27849e+06 1.19982e+06
1.28949e+06 1.29504e+06 1.20934e+06
1.33753e+06 1.25768e+06 1.23057e+06
1.39874e+06 1.23474e+06 1.43639e+06
1.35168e+06 1.2467e+06 1.22894e+06
1.35503e+06 1.25475e+06 1.21165e+06
1.3646e+06 1.24799e+06 1.22414e+06
1.34972e+06 1.25364e+06 1.22655e+06
1.3428e+06 1.25825e+06 1.22792e+06
1.31858e+06 1.28075e+06 1.20245e+06
1.32616e+06 1.2695e+06 1.21156e+06
1.29304e+06 1.29367e+06 1.20498e+06
1.3629e+06 1.24926e+06 1.22245e+06
1.32948e+06 1.26499e+06 1.21081e+06
1.32651e+06 1.26208e+06 1.23641e+06
1.35569e+06 1.25935e+06 1.20785e+06
1.31779e+06 1.28379e+06 1.20046e+06
1.36485e+06 1.24231e+06 1.22485e+06
1.35588e+06 1.2585e+06 1.20849e+06
1.29361e+06 1.28922e+06 1.20767e+06
1.33444e+06 1.26202e+06 1.21005e+06
1.33165e+06 1.26751e+06 1.20897e+06
1.33048e+06 1.27093e+06 1.20804e+06
1.29599e+06 1.29614e+06 1.20136e+06
1.3462e+06 1.25543e+06 1.2264e+06
1.30749e+06 1.29332e+06 1.20212e+06
1.34181e+06 1.25874e+06 1.22674e+06
1.33291e+06 1.2693e+06 1.20575e+06
1.31414e+06 1.28044e+06 1.20463e+06
1.36345e+06 1.24921e+06 1.2212e+06
1.39795e+06 1.23385e+06 1.44049e+06
1.33664e+06 1.25998e+06 1.23035e+06
1.35312e+06 1.25661e+06 1.21203e+06
1.31871e+06 1.28398e+06 1.19971e+06
1.34344e+06 1.25616e+06 1.22891e+06
1.39726e+06 1.23437e+06 1.43718e+06
1.34986e+06 1.24769e+06 1.23143e+06
1.32764e+06 1.27542e+06 1.20208e+06
1.3951e+06 1.2345e+06 1.43925e+06
1.36266e+06 1.24909e+06 1.22378e+06
1.35289e+06 1.25087e+06 1.22829e+06
1.35103e+06 1.25235e+06 1.2267e+06
1.33043e+06 1.2711e+06 1.20797e+06
1.32898e+06 1.26602e+06 1.21114e+06
1.31623e+06 1.28222e+06 1.2032e+06
1.34695e+06 1.25495e+06 1.22857e+06
1.32872e+06 1.26601e+06 1.21228e+06
1.33648e+06 1.26981e+06 1.20403e+06
1.34685e+06 1.25249e+06 1.23095e+06
1.33168e+06 1.26269e+06 1.23127e+06
1.37033e+06 1.25383e+06 1.20942e+06
1.34152e+06 1.25963e+06 1.21111e+06
1.31589e+06 1.28213e+06 1.20437e+06
1.32615e+06 1.26755e+06 1.23451e+06
1.35345e+06 1.25402e+06 1.21287e+06
1.33113e+06 1.25722e+06 1.23697e+06
1.35453e+06 1.25905e+06 1.2088e+06
1.32503e+06 1.27794e+06 1.20056e+06
1.36669e+06 1.25103e+06 1.21307e+06
1.36677e+06 1.24471e+06 1.22045e+06
1.36646e+06 1.24975e+06 1.21398e+06
1.33009e+06 1.27025e+06 1.20826e+06
1.3467e+06 1.2551e+06 1.22838e+06
1.34797e+06 1.2548e+06 1.22785e+06
1.35082e+06 1.25358e+06 1.2254e+06
1.35188e+06 1.26016e+06 1.2101e+06
1.33602e+06 1.25475e+06 1.23379e+06
1.33039e+06 1.27164e+06 1.20743e+06
1.30828e+06 1.28961e+06 1.20272e+06
1.33208e+06 1.25605e+06 1.23671e+06
1.34379e+06 1.25574e+06 1.2123e+06
1.34403e+06 1.25466e+06 1.22988e+06
1.35272e+06 1.26159e+06 1.20924e+06
1.29656e+06 1.29169e+06 1.20404e+06
1.32658e+06 1.2654e+06 1.23468e+06
1.31366e+06 1.28274e+06 1.20423e+06
1.33426e+06 1.25567e+06 1.23308e+06
1.32876e+06 1.26502e+06 1.23105e+06
1.33612e+06 1.26118e+06 1.22928e+06
1.34565e+06 1.25303e+06 1.2291e+06
1.33459e+06 1.26051e+06 1.23126e+06
1.30879e+06 1.28916e+06 1.20384e+06
1.34173e+06 1.2677e+06 1.20542e+06
1.34325e+06 1.25635e+06 1.22845e+06
1.34366e+06 1.25585e+06 1.22891e+06
1.34766e+06 1.25445e+06 1.22878e+06
1.35006e+06 1.25864e+06 1.21136e+06
1.31802e+06 1.28268e+06 1.20156e+06
1.36559e+06 1.25714e+06 1.2092e+06
1.30758e+06 1.29167e+06 1.20364e+06
1.34408e+06 1.25326e+06 1.2311e+06
1.39762e+06 1.23429e+06 1.43874e+06
1.33894e+06 1.25314e+06 1.23164e+06
1.32888e+06 1.26944e+06 1.2101e+06
1.33731e+06 1.25894e+06 1.2307e+06
1.31503e+06 1.28621e+06 1.20182e+06
1.36948e+06 1.25525e+06 1.20988e+06
1.33591e+06 1.26424e+06 1.20947e+06
1.3134e+06 1.28676e+06 1.20282e+06
1.39781e+06 1.23405e+06 1.43949e+06
1.3474e+06 1.25452e+06 1.22852e+06
1.29009e+06 1.2886e+06 1.21403e+06
1.33017e+06 1.26151e+06 1.23234e+06
1.34287e+06 1.26218e+06 1.20705e+06
1.34713e+06 1.25298e+06 1.22886e+06
1.3327e+06 1.25958e+06 1.23158e+06
1.33051e+06 1.27007e+06 1.20846e+06
1.34807e+06 1.25432e+06 1.2279e+06
1.33107e+06 1.26061e+06 1.23213e+06
1.34498e+06 1.26216e+06 1.20891e+06
1.30892e+06 1.29239e+06 1.2011e+06
1.29013e+06 1.29092e+06 1.20824e+06
1.29599e+06 1.29328e+06 1.20273e+06
1.33792e+06 1.2582e+06 1.23021e+06
1.35067e+06 1.25392e+06 1.22587e+06
1.35352e+06 1.25507e+06 1.21238e+06
1.34476e+06 1.26209e+06 1.20945e+06
1.35455e+06 1.25762e+06 1.20986e+06
1.31377e+06 1.27855e+06 1.25331e+06
1.34525e+06 1.25796e+06 1.21172e+06
1.3969e+06 1.23463e+06 1.43915e+06
1.32846e+06 1.26996e+06 1.20923e+06
1.33627e+06 1.26029e+06 1.23023e+06
1.35643e+06 1.25802e+06 1.20944e+06
1.3299e+06 1.2642e+06 1.21176e+06
1.33638e+06 1.26079e+06 1.22958e+06
1.3526e+06 1.25706e+06 1.2109e+06
1.35102e+06 1.25119e+06 1.22912e+06
1.3378e+06 1.25841e+06 1.23027e+06
1.35782e+06 1.25843e+06 1.20719e+06
1.31384e+06 1.28054e+06 1.20472e+06
1.33633e+06 1.26092e+06 1.22944e+06
1.29411e+06 1.28577e+06 1.21311e+06
1.33066e+06 1.26318e+06 1.2103e+06
1.31848e+06 1.28102e+06 1.20152e+06
1.33464e+06 1.26132e+06 1.23077e+06
1.35325e+06 1.25984e+06 1.20929e+06
1.29007e+06 1.29345e+06 1.21066e+06
1.3141e+06 1.28684e+06 1.2028e+06
1.35041e+06 1.25299e+06 1.22763e+06
1.34818e+06 1.25393e+06 1.22821e+06
1.31789e+06 1.2825e+06 1.20167e+06
1.35861e+06 1.25703e+06 1.21058e+06
1.3335e+06 1.25669e+06 1.23455e+06
1.34721e+06 1.25488e+06 1.22769e+06
1.35436e+06 1.25108e+06 1.22651e+06
1.30913e+06 1.28657e+06 1.20468e+06
1.3433e+06 1.25546e+06 1.22971e+06
1.28786e+06 1.29597e+06 1.21006e+06
1.34488e+06 1.25522e+06 1.22893e+06
1.399e+06 1.23276e+06 1.44215e+06
1.3373e+06 1.26114e+06 1.21033e+06
1.36304e+06 1.25447e+06 1.21217e+06
1.3178e+06 1.28171e+06 1.20324e+06
1.34519e+06 1.25558e+06 1.228e+06
1.29653e+06 1.29026e+06 1.20762e+06
1.37083e+06 1.25415e+06 1.2083e+06
1.31438e+06 1.28623e+06 1.20358e+06
1.33206e+06 1.26244e+06 1.23201e+06
1.33602e+06 1.25861e+06 1.23254e+06
1.35493e+06 1.24977e+06 1.22644e+06
1.33516e+06 1.25476e+06 1.23287e+06
1.33054e+06 1.27154e+06 1.20694e+06
1.35566e+06 1.25001e+06 1.22592e+06
1.34139e+06 1.25309e+06 1.23144e+06
1.31391e+06 1.28671e+06 1.20332e+06
1.28948e+06 1.2911e+06 1.21201e+06
1.39603e+06 1.23422e+06 1.43952e+06
1.29295e+06 1.2963e+06 1.20624e+06
1.35047e+06 1.25508e+06 1.22386e+06
1.33315e+06 1.26305e+06 1.23048e+06
1.34825e+06 1.25312e+06 1.22684e+06
1.29287e+06 1.28658e+06 1.21666e+06
1.31519e+06 1.28309e+06 1.20067e+06
1.33679e+06 1.26154e+06 1.22926e+06
1.35425e+06 1.2579e+06 1.20977e+06
1.35442e+06 1.25555e+06 1.21144e+06
1.36621e+06 1.25389e+06 1.21128e+06
1.32867e+06 1.26307e+06 1.23506e+06
1.35141e+06 1.25809e+06 1.21105e+06
1.31864e+06 1.28162e+06 1.20098e+06
1.34164e+06 1.2589e+06 1.22864e+06
1.33129e+06 1.26308e+06 1.2303e+06
1.33049e+06 1.27024e+06 1.20878e+06
1.33474e+06 1.26086e+06 1.23113e+06
1.36292e+06 1.24915e+06 1.22275e+06
