1320 4.64482
137645 141323 118562
134442 130030 123033
137457 143913 118647
134740 128703 124097
134768 128743 123840
134345 128711 124338
140924 128539 124497
135263 123651 133090
131821 124836 135594
132739 124853 128426
134540 123871 128174
134935 123863 127933
131536 125775 128844
131931 125767 128603
132037 125643 128369
132432 125635 128128
132781 124295 130784
133134 124845 128185
134150 125878 127522
134411 124435 129020
134958 124964 127345
137284 125197 127117
132947 132082 121440
135945 138903 118808
131643 132219 121473
130223 132185 122269
131914 128367 125964
134248 127752 125816
129909 131451 122556
130304 131443 122315
130528 127955 126324
132177 131290 121717
131220 132875 121716
132796 127794 125485
131615 132867 121475
130923 127947 126083
132243 130836 122408
134182 128206 125125
132572 131282 121476
133191 127786 125244
132862 127340 126176
133257 127332 125935
132638 130828 122167
136516 127591 124977
135525 127171 125096
134906 130667 121328
130276 131403 122572
131587 132827 121732
132215 130796 122665
132544 131242 121733
132610 130788 122424
131078 127882 127017
134511 130675 121569
135130 127179 125337
140240 127250 124998
130403 132933 121531
129930 133655 121462
129100 136770 120420
130057 135185 120421
130895 127907 126340
130240 135160 121098
132671 132772 120692
129701 133723 121474
131368 136609 119581
132325 135024 119582
131241 135079 120622
132198 133494 120623
132381 133469 121300
132508 134999 120259
134532 132879 120475
134659 134409 119434
134878 130627 121585
135005 132157 120544
132391 134570 120273
132737 132318 121383
135188 132132 121221
132854 132747 121369
134842 134384 120111
135061 130602 122262
132264 133040 121314
135497 127131 125353
140591 128661 123745
130221 128737 126026
132489 128576 125187
131160 140590 119280
131396 136649 119324
131442 138465 119200
133212 142979 118783
137285 145411 118531
129256 134485 121148
129383 136015 120107
129958 133695 121205
130085 135225 120164
131269 135119 120365
131496 134284 120566
131524 134324 120309
131623 135814 119525
132226 133534 120366
132353 135064 119325
131842 132032 121676
130716 128188 126062
131769 128809 124866
136137 133222 120326
130270 128465 126268
130634 137549 120079
132555 128122 125878
131195 133462 121379
132347 130351 122775
135361 130275 121955
136782 132914 120138
129903 136001 120597
130530 126155 128219
132804 125921 128096
132816 126117 126853
133807 126537 126734
132470 128369 125743
132665 126217 127442
133454 129870 123079
122164 134973 122330
124438 137011 120999
124963 134673 121330
125014 133059 122443
126271 133757 122281
131635 125491 129400
131851 125323 129347
121732 134220 122660
123225 135338 122266
121072 133729 124281
121362 133274 126276
122245 131976 124229
122640 131968 123988
123009 134417 122543
123750 133000 122597
124192 129617 124317
124408 129449 124264
122793 134585 122596
121288 133561 124228
121924 131697 126518
123072 132721 123658
124803 129441 124023
125235 130194 123693
126682 129215 124141
127077 129207 123900
123451 131034 124263
123525 130747 126311
123846 131026 124022
126361 128936 126430
126756 128928 126189
120967 133282 126517
121504 134482 123951
123130 130755 126552
123235 131202 124316
123630 131194 124075
125216 132994 122396
126672 133351 122091
131780 130925 122818
122914 130923 126605
123309 130915 126364
120788 134601 125584
124810 131002 123216
125655 131535 123205
125871 131367 123152
124087 129170 126553
125767 129417 123217
127477 129028 124402
127720 128904 125383
128479 129192 123574
129094 132273 122423
129274 129005 123835
122029 132144 124282
123040 131789 124490
125203 129262 124525
125446 129138 125506
126562 129230 123478
126828 129782 123153
128033 131908 122487
128828 131721 122748
125605 130815 123477
126199 130170 122887
125242 131755 122886
126303 132120 122822
127260 130535 122823
124840 130202 123934
126037 131568 123147
126994 129983 123148
128465 132661 122157
137482 123762 132009
137041 124348 127455
120891 132563 134840
121157 133112 129523
127652 128509 127016
128713 128874 126952
124006 136258 121329
127675 129009 125739
128152 126537 129199
129949 128775 125616
125096 139533 120272
124350 128905 128544
126100 125752 129382
127091 126172 129263
127161 126117 129318
129435 125883 129195
130426 126303 129076
123261 128500 128865
123289 128540 128608
126072 125712 129639
128346 125478 129516
128374 125518 129259
129365 125938 129140
126463 137352 120129
124970 136234 120523
125402 136987 120193
126022 134332 121534
126031 136599 120459
126454 135085 121204
127668 139478 119463
128297 139090 119729
128729 139843 119399
127236 138725 119793
128328 136961 120412
128760 137714 120082
131297 138286 120050
128751 135447 121157
130594 139452 119682
131026 140205 119352
133995 141530 118990
119775 135219 133028
121966 130772 129563
120035 133569 128203
121706 132422 134388
124777 127984 130337
120356 133848 125914
120760 134561 125841
123715 138165 121177
120976 134393 125788
127240 131956 122848
122136 134933 122587
121790 137185 121477
122323 130684 126685
122352 134765 122534
124410 136971 121256
122539 130516 126632
122755 131437 126355
122971 131269 126302
121358 136432 121807
121364 138631 121315
121574 136264 121754
121580 138463 121262
121796 139384 120985
121920 134012 122864
121926 136211 122372
122006 137017 121424
122012 139216 120932
122419 136797 121743
122425 138996 121251
122851 137550 121413
122857 139749 120921
123067 137382 121360
123073 139581 120868
121704 134180 122917
121101 142617 120807
121946 143150 120796
122641 138828 121198
120663 139665 121629
120669 141864 121137
120793 137581 122792
121009 137413 122739
121095 140418 121299
122635 136629 121690
120447 139833 121682
120453 142032 121190
120472 137302 125081
120879 140586 121352
122162 142982 120743
122721 141871 120351
123623 136203 121551
121514 142397 121126
122937 141703 120298
123782 142236 120287
123998 142068 120234
123839 136035 121498
123848 138302 120423
124909 138667 120359
123632 138470 120476
124693 138835 120412
127739 133652 121951
125960 133259 122317
126678 133287 122015
128952 133053 121892
129150 134629 121366
121525 134020 123105
122227 133230 123162
122622 133222 122921
123467 133755 122910
124731 131224 123638
126172 128978 127395
124016 130314 126623
127043 127358 127344
128975 126444 128403
129092 127297 127141
129370 126436 128162
119248 138372 127731
119503 137390 130797
119569 138651 125442
119785 138483 125389
119950 137582 127788
120229 138419 123141
120696 135082 125514
121356 134850 123213
123683 133587 122857
119782 138227 126150
120445 138251 123088
124662 131442 123843
119287 137558 130850
119608 137837 128561
121140 135018 123266
120403 137520 125286
119464 138204 127678
119859 138196 127437
120166 137414 127735
119566 138395 126203
119245 138116 128492
119908 138140 125430
120819 134739 125555
119640 138108 128251
120624 138411 122900
121535 135010 123025
124015 130953 126168
124896 132988 122798
121690 133119 125504
121906 132951 125451
124044 130354 126366
126341 128148 127287
126827 127526 127397
127071 127398 127087
128132 127763 127023
128950 127172 127205
120988 133909 125447
119555 141631 123116
120703 137884 121805
121049 135632 122915
121544 135012 122771
119792 141285 121680
120040 137860 124867
120853 141650 121616
122524 131877 125464
119743 139041 123031
120379 137177 125321
120654 135640 123156
121567 133462 125463
123184 131645 123163
123226 131087 125521
123543 132800 123042
120614 137421 122980
122574 134696 122476
123233 133889 121812
123579 131637 122922
124640 132002 122858
124294 134254 121748
120933 135188 123065
120975 134630 125423
120023 138743 123597
120235 140618 122649
121232 137279 122636
119849 135497 128319
120512 135521 125257
121385 132708 129920
124887 132993 122665
130153 127662 127077
129308 127129 127088
129667 128284 126967
123241 129726 126689
126052 126938 127463
128317 126709 127207
129378 127074 127143
130369 127494 127024
119817 138754 125079
120138 139033 122790
120728 135353 125204
121246 133183 127752
121641 133175 127511
121962 133454 125222
124336 131232 123879
122144 130524 126873
124955 127736 127647
125657 126946 127704
122186 129966 129231
122846 129734 126930
122888 129176 129288
124997 127178 130005
125350 127728 127406
125392 127170 129764
127922 126717 127448
127931 126712 127581
128326 126704 127340
126411 128093 127342
127113 127303 127399
