212 5.94942
310694 306977 259396 283986
289649 313176 254013 306239
322426 266654 285207 317423
305748 308682 298747 263559
324078 289321 297722 261214
316199 258071 313568 302786
330225 267429 321751 286509
288101 276636 294130 302061
329245 252309 300126 308933
300134 280341 280195 307076
322259 267844 287368 319185
309522 268129 301343 299475
301169 262440 312173 318421
307359 273711 283247 299516
311234 260194 308739 305133
317913 269176 286951 314995
319510 258599 313327 304037
329131 255493 290191 296659
302498 272592 318502 288884
311203 307078 260175 278330
290069 315148 252867 304873
295499 276537 315205 284417
309189 269095 315946 297161
297933 272650 292979 300285
295935 274448 295766 311695
285935 284659 285446 309036
299133 299606 296024 271476
300275 292258 254838 295756
305790 275003 298710 287711
302278 293360 262036 294335
317683 274875 287628 276652
325872 267761 303361 286300
298114 296929 263059 308958
288867 281190 276819 299594
302567 293151 261564 294193
318600 270019 308384 285458
294390 284466 293428 296900
285498 330830 299645 267632
294138 269746 292022 322706
300202 297508 262339 305121
306120 314828 249835 307222
264885 290467 315774 307818
288885 307721 276846 285563
305656 284392 265289 287842
306011 253140 297936 323475
332448 266696 286460 315846
302934 320394 250092 304021
296007 297062 274574 274590
299810 312760 285385 265861
308483 273467 288258 285589
289685 290112 286564 286507
291170 286936 290994 289431
295564 296299 263695 287368
335538 267151 277226 311697
270583 286139 296792 316030
297951 302173 266306 278655
299158 293252 278854 284163
301881 266740 301449 299817
304491 300976 298002 269971
283583 306460 282911 280667
296080 268369 299798 312727
302321 272292 298722 314647
314363 305126 271505 269095
315260 255249 313340 314389
326742 297777 264765 276738
335920 268029 279586 306764
303820 298344 269839 277572
334478 247351 306496 311623
283230 347238 278512 282297
299209 297833 263645 308256
304300 302372 296079 270148
305494 267383 302767 299294
318912 302693 259684 282268
338353 270578 276874 292242
286622 290845 279126 292972
296127 267608 299917 312249
297736 316454 287946 267700
303073 306694 250924 303150
306588 290596 268941 284961
315682 274505 288468 273596
316799 303967 284654 257184
321150 311896 302275 251317
323448 272702 284096 288429
268189 315317 300454 280915
292156 316723 252666 307630
304307 296755 300381 263911
309864 271368 287710 296023
302708 307142 251956 302363
312462 319228 285053 254169
317419 302944 262344 282587
310795 260990 293498 286974
313701 275262 278853 305592
314132 288755 263769 283611
321493 299806 268866 273173
282258 287319 293083 288192
302696 275380 314670 279758
319205 316303 274884 260429
324662 297702 261512 281424
291151 300075 282916 277212
291360 286779 287142 287422
300989 283776 287653 295070
315711 311984 265241 273408
315867 271145 278707 320700
340091 268237 277050 292931
281601 285618 308610 279527
307650 300562 298745 266792
313399 281882 295381 264271
320973 298472 255056 278416
338644 276552 275008 283173
277528 284371 298762 291787
292615 272994 306569 300789
343480 293290 269428 268617
283068 283961 308829 285490
299141 300505 269161 287065
299706 310516 254827 283622
310434 268561 309890 294460
337494 313073 277412 256984
272643 305520 294609 274953
285508 311858 285426 278597
293291 336024 246902 304623
299766 302137 268373 284137
281577 308446 302529 272264
290381 303030 257727 296041
294502 319004 268117 277026
306798 268969 320261 291116
307548 275337 282358 293426
290385 315114 301468 271451
304282 272662 318174 288417
307848 268258 320118 291864
315488 310720 279081 264729
320630 306833 250688 305190
262776 296030 296785 309545
284114 310702 275917 290679
311423 275271 251089 284662
314672 292497 268575 275298
331161 286639 268038 276517
277690 294907 291439 285986
284424 323037 299033 271339
292908 299640 286065 278549
301901 291073 306199 254308
303975 309417 251523 289869
307915 279097 309205 269215
281687 288465 293909 288985
284092 293207 256922 321359
287905 308967 262646 292231
289632 327575 298696 268304
295112 311704 295688 262495
304419 300575 253251 300041
309699 278472 254973 290396
311984 318871 269585 266365
265321 325460 316787 282479
277803 299925 308942 269995
286696 296045 277318 278658
287286 291894 306577 269535
288608 284029 290198 301592
301695 303434 278212 268581
303075 306451 251176 303337
261431 313132 318608 282562
288890 328033 300127 267817
311564 310168 284599 267279
287648 284714 329716 266036
288712 310573 301855 268516
293380 318845 293262 268130
299444 305269 257983 287048
301893 290494 262705 312183
306928 303679 287171 258082
325634 294608 311343 251647
338708 284627 258786 281197
345274 312013 277042 262366
297466 290608 284410 280164
302447 303291 292378 272305
270961 300875 284871 294596
285691 316332 265299 293828
286672 282898 306919 274156
289868 299037 294085 276298
304809 309857 287348 267269
267771 300913 300309 305546
281784 318402 286636 277100
292322 285877 295003 279822
316015 315922 278254 259094
277327 296570 292719 288361
281953 288169 292451 289382
288169 287991 327414 265412
311505 272177 296639 273334
312687 258618 288095 288697
319188 272014 317251 283583
334299 268832 275005 304942
263673 307986 289930 286953
280280 308277 297270 272566
286803 332878 301217 267293
287226 311621 263243 304718
295697 287998 300349 272105
298795 290042 272747 298551
317506 302435 265167 274588
320048 296636 285449 266486
271592 304711 282019 301493
284592 282594 333573 268249
287468 314680 262758 306797
290409 278811 297931 300195
291482 311176 254456 307081
293959 288019 296621 279206
300211 295907 283302 275184
302365 309798 252865 300858
303380 292925 288639 277251
308454 305644 252212 303029
322155 311108 282370 253109
333361 304336 272642 268640
256625 314206 306657 301907
282319 323004 270280 285971
284406 282966 294960 289413
286864 300715 299577 271770
288626 283572 308850 265242
289911 279379 312932 283463
291136 306708 260337 287599
295771 291910 269478 296479
296256 291518 297032 271482
299157 316301 291176 263292
301116 316043 273849 268596
301785 286337 269777 310422
308626 296390 266514 285636
322773 310802 284506 251447
327742 294785 268405 280196
255102 314756 302311 313154
260666 305296 284876 308615
297471 295365 267342 296046
305306 296302 299324 270619
309525 274337 290588 283604
319548 315907 250798 299567
326873 277126 263989 281147
268224 295582 301763 292564
268532 311703 278931 317623
282500 316319 262653 309073
283203 330664 279655 283359
302578 275147 280183 296762
305582 300262 254382 301644
315924 285440 262197 284639
320751 300482 260679 273670
334493 287541 269141 272055
268553 296701 287521 277818
274090 294827 303198 285994
283006 288416 310234 278214
286282 297161 307524 256199
289772 293431 255459 318629
294134 294923 294591 277234
298940 319985 305616 257162
300855 283937 281141 290815
302762 299481 254490 301042
307842 275027 305413 283987
268998 280367 306205 287252
276648 290028 289248 289089
285361 293276 273260 290805
287041 293027 288154 278653
293185 283630 289718 298082
296053 269495 317587 311964
297818 306656 256848 285072
308446 285134 262432 299663
324977 294186 261760 282016
267602 314319 300558 277010
268311 290662 309318 271387
274285 308435 304020 271625
282484 304935 262766 304860
283280 295473 276819 327137
289816 290979 282514 280051
290959 303459 261015 289983
292483 270756 322490 301313
293665 274481 313905 284631
295591 297398 299476 263354
298325 317306 270013 271360
303098 307019 261418 276969
329827 273944 283457 268632
266988 295305 304456 277927
268241 278455 307486 288448
274616 276874 313694 306777
281005 288440 291258 302871
285215 291724 302608 281178
296106 285419 272675 302453
299201 262949 306345 331201
300618 269041 303786 303144
304136 284303 311863 263358
305095 289770 268618 303718
305878 288737 258952 303461
308516 285232 305323 263759
308537 315988 251023 298419
272490 313044 307893 275442
277931 314613 280597 285276
278042 304034 278095 312891
278222 298169 307437 249105
279428 308655 288214 274774
292341 291883 295002 276341
301308 279683 319601 272836
303952 312538 254024 294340
315509 279582 306546 271656
324863 308570 263195 272618
326151 269333 278529 313313
338291 299035 281341 267261
273030 281400 299403 294504
274278 273355 315936 290015
287263 287573 297828 275239
307431 295217 267717 287026
307433 311506 280268 259160
310922 306267 260706 284403
316291 317835 276823 256415
320654 293702 250446 302843
275729 323966 266789 302828
282147 300281 287197 278139
283551 284879 335559 268223
284386 300773 255698 330282
285043 294189 297503 285194
285973 291395 277974 303516
289764 309760 264679 292085
290209 275184 300678 297224
294522 290739 288417 284551
295148 277958 298728 284899
299625 313573 254169 284985
304133 311209 270331 275550
304950 298075 280981 268053
309940 309301 249474 301315
320821 296600 263814 283545
283192 293915 303931 268221
284657 296239 318706 265184
287564 281857 303331 267548
291181 287768 300528 259290
291219 282807 236332 313405
293996 280957 305513 292991
294299 307104 269267 278594
298133 311075 256687 276912
298147 287046 268206 309460
299833 289112 269147 295134
300310 316594 273730 268250
302105 319366 253742 300244
302915 304042 253392 303379
303095 305913 248227 307997
303515 271085 319761 263536
306462 281380 259586 305007
307691 301750 297712 260728
309240 267940 310194 290371
311775 283636 268430 279576
326038 298128 294199 256451
258577 311729 326170 297966
264148 305144 293940 314125
278571 293185 285845 291341
279514 295004 280567 284558
280094 301567 276300 299908
281176 292496 282125 297103
284354 295851 272226 297475
292954 270098 314861 298723
293644 287095 281933 286433
297410 293890 265195 304745
301287 263966 306859 302819
302828 278722 269877 290785
308074 276894 274952 311073
309010 314021 254088 281306
312909 308350 266610 267726
325299 277544 263584 282169
336019 315374 277433 258852
266405 287727 318245 277084
272297 291146 309830 268986
281139 284494 293911 293767
282247 286426 289789 298349
284161 308908 265348 291056
286660 291393 276366 292759
295276 302464 263916 288161
301929 312168 297712 262223
313015 270534 281266 290952
320045 312498 278466 257037
329684 308226 248417 289295
340163 300266 262440 275347
260351 316916 268655 288771
260943 305747 285289 306403
275085 294921 281892 289388
280288 300060 306826 251184
283402 299393 301881 261125
291273 289636 276647 289101
291622 303856 271045 273084
296021 286980 273166 301708
298603 306428 250135 311986
299803 278678 283645 298451
300327 283416 280036 295485
304095 282873 268740 296492
305094 291401 257057 312976
306756 265238 291228 303244
308747 280406 303126 277365
310005 252607 298371 323209
318244 300119 255589 282313
320988 314969 244048 308215
321460 293988 265676 281857
333329 305804 257783 274950
259024 294853 307726 288105
268789 290406 312173 275540
272267 295443 312576 269806
274137 304900 309595 265221
276573 310162 286222 287946
277376 295463 278583 300101
281582 294398 304657 286387
283406 300314 295426 273268
292411 290881 291087 281127
295438 324811 267281 275136
299258 316922 269450 272687
300673 316705 273494 264870
301389 288740 303736 255461
302309 322440 252587 305258
307056 299305 300041 261124
311745 308769 239162 309115
320072 304692 293840 254597
322199 278194 262287 282272
322250 287954 269096 274375
325570 267560 285586 301951
326685 269912 293030 283357
327984 295259 291981 269049
342156 271679 284351 276963
266985 304838 330340 275570
279234 311151 278781 285689
285662 284510 291911 280014
286088 292456 269358 292534
286727 307195 276042 286725
290447 307876 280786 270321
291028 271800 310287 310789
291971 298286 255293 289255
295343 277209 287897 278219
295954 282323 278243 296168
297350 276086 309626 287970
301363 292076 267931 304573
301455 295287 268853 290219
309176 280123 269703 269486
315819 315599 286584 257174
318989 308527 277922 263078
321476 294846 265761 279845
325499 299933 285169 255174
338832 271737 279420 274679
261829 314595 316435 286512
283946 300470 286164 273065
286268 289492 298775 275785
287409 300975 281680 274466
287540 309203 269836 290046
288742 330369 298484 267697
289973 297547 257909 314862
295391 295714 252564 310984
302534 297612 262696 278056
302637 279314 309107 268980
304414 274169 280121 293759
305180 306341 296535 267013
307615 302637 294123 266290
316383 282071 264049 282603
316751 310732 303662 256540
329097 268164 283253 291710
260073 309732 300360 304227
285637 292069 300926 284803
286427 286709 274014 294394
288586 284064 299598 283553
289683 322851 253364 313206
294982 306815 295361 265562
301227 272327 286028 297908
304458 291882 268910 292685
310929 279299 268184 283668
317514 314031 266319 269269
319861 300647 282496 255993
331486 274703 277152 291976
331640 293291 297918 261158
263622 296616 318106 285246
267933 298884 300518 294570
268547 282659 316469 270943
270512 291872 291211 297862
272667 316561 303462 267577
274387 274717 331528 284180
275509 289908 294027 301793
277013 276089 324108 269443
277639 312741 262938 296144
289048 283431 299574 282654
289121 282426 297233 272396
294030 298417 270471 274037
297867 290531 275615 293832
300906 308081 256208 280366
301921 277029 271278 278034
303223 261410 293012 299907
304304 275023 309770 283719
304521 280182 260083 304380
309572 288554 307985 257119
310132 292876 266424 283000
311578 299723 292917 263416
317679 269642 266897 293603
328711 305009 300347 254223
335454 263734 283479 299559
