26 0.390157
311930 320687 301108 295531
313887 318498 326041 301940
318196 344643 301737 294909
319369 352210 316516 288615
320769 305447 303457 314728
326591 294342 295228 317831
330143 305342 303806 309292
330175 324057 306021 285538
331737 308458 307604 306968
341335 354655 285264 307744
327126 329360 288010 306980
308737 346928 303093 312208
314308 323785 308229 294322
326767 314334 300259 307759
327940 322980 289878 304065
337438 299276 298215 298405
306981 301415 326409 320072
317783 305945 300815 311931
334886 309255 317757 298109
321682 315608 288969 311904
325834 309842 313728 308036
336237 330322 304763 286795
312494 311740 300505 327134
337370 297111 307711 312709
351894 293208 313000 308345
316222 340966 294659 307399
349443 341653 298674 293243
313720 315261 309515 322603
320625 321123 285607 314093
327607 330676 307160 285250
348779 310879 322491 293712
303869 340872 310547 334845
310625 333866 311650 317438
333442 342012 311482 281198
340250 290451 301875 320123
317829 334350 311599 294096
321766 339468 295744 309420
321885 321796 293802 301063
335712 306602 324596 288321
338278 296638 316127 311144
306299 314283 316831 308425
321122 293816 333224 306564
324820 323862 289228 306480
328745 319173 299965 297730
341870 323978 294797 297897
328054 310388 332117 299766
337162 325981 291526 296578
320503 302904 318636 301562
321208 311901 309828 293407
333673 335577 283195 317900
339287 312260 320942 292384
344490 311150 304333 291775
348768 310063 305339 298102
305210 338952 317578 309356
310119 309670 321074 309494
313283 323955 288890 326301
323295 332424 287156 311929
327462 311971 295053 322580
336136 298635 286551 304491
336943 314953 303864 300034
311974 318303 331577 299951
319679 322142 305683 292464
322435 312660 306718 304553
336059 334606 305050 288314
341755 318068 322412 272799
307163 341684 308616 309495
314799 311347 304847 315965
321134 334152 295042 309903
321887 316673 297925 298347
324484 321446 296438 300889
327057 341438 307091 290800
332170 322873 309280 292324
335191 344697 294874 289128
338336 311011 307746 292715
291845 331587 322093 316751
300762 343992 321314 307934
305695 347528 306289 306482
314828 314282 315329 309487
329796 311101 295458 308657
331394 311141 329759 296140
335418 310441 317420 297045
360906 314034 301691 295145
314776 326327 320393 288098
320656 313053 307716 307634
331184 330127 290945 299035
334491 296325 327522 306912
300809 336000 321700 309173
308034 347865 309705 301627
318411 329314 297065 322136
323717 320008 290809 301150
330662 300969 315241 312835
332712 305988 292437 328288
334216 317297 281001 324764
335226 318301 306506 289825
307579 343296 310127 294511
314395 316762 301373 295364
320451 325491 290605 322804
330435 297332 321128 312872
308196 335677 307565 318256
340529 291350 315547 302468
348993 326903 284502 301349
308071 331224 323170 307392
328954 312323 307508 304763
335849 326684 279601 325116
309251 327711 326128 306929
315535 303388 315411 302160
319549 304338 305114 324059
329393 313284 299373 307909
330034 332387 294384 297076
331515 306046 290875 308148
305173 340647 305490 311326
308969 294094 311982 313169
311339 318666 311436 333931
329048 315574 300056 308618
334899 315716 314804 286023
337163 314021 319714 291613
352700 328879 306647 280050
353302 305425 310082 281437
305523 334041 312560 318810
307687 320066 313685 309995
319273 343162 307622 292345
322500 342280 314465 281004
324636 333435 291462 294092
330853 308028 307650 304298
337086 325759 288330 303782
340382 317858 296136 298006
310784 316574 333423 306902
311158 323661 297201 307296
313984 315581 300352 301864
318363 335057 284799 317610
330204 314023 312164 287641
333431 317797 295884 299217
337746 313153 311089 287932
345922 331181 297858 295645
349186 314514 324850 283897
