750 79.2908
2.98221e+06 2.97158e+06 2.81493e+06 2.91104e+06
3.00092e+06 2.95321e+06 2.82313e+06 2.89092e+06
3.06697e+06 2.87606e+06 2.84997e+06 2.89742e+06
3.01464e+06 2.87245e+06 2.9487e+06 2.82012e+06
2.98939e+06 2.94791e+06 2.98026e+06 2.75101e+06
2.86465e+06 3.04288e+06 2.99432e+06 2.80844e+06
2.94675e+06 2.909e+06 2.85298e+06 2.84342e+06
2.94763e+06 2.90536e+06 2.86092e+06 2.88164e+06
2.96903e+06 2.85571e+06 2.9378e+06 2.82112e+06
2.97898e+06 2.84192e+06 2.94722e+06 2.85222e+06
2.86014e+06 2.98003e+06 2.92644e+06 2.95682e+06
2.83013e+06 3.02458e+06 2.97462e+06 2.89851e+06
3.02187e+06 2.96056e+06 2.80803e+06 2.85475e+06
2.84379e+06 3.00715e+06 2.91724e+06 2.86354e+06
2.94322e+06 2.92218e+06 2.83472e+06 2.85931e+06
2.96793e+06 2.97351e+06 2.79315e+06 2.87296e+06
2.89765e+06 2.94082e+06 2.94969e+06 2.80363e+06
2.93551e+06 2.85804e+06 2.9547e+06 2.88142e+06
2.87802e+06 3.01018e+06 2.89755e+06 2.81374e+06
2.88984e+06 2.8653e+06 2.9905e+06 2.88109e+06
2.86665e+06 2.92388e+06 2.99465e+06 2.90678e+06
2.9459e+06 2.86765e+06 2.89359e+06 2.88829e+06
2.86921e+06 2.91158e+06 2.94033e+06 2.8529e+06
2.87188e+06 2.97477e+06 2.9035e+06 2.81761e+06
3.03579e+06 2.93432e+06 2.91745e+06 2.76148e+06
2.94685e+06 2.94436e+06 2.83191e+06 2.8646e+06
2.9002e+06 2.99294e+06 2.84959e+06 2.84702e+06
2.97369e+06 2.88972e+06 2.85059e+06 2.90385e+06
2.89026e+06 2.9365e+06 2.90837e+06 2.84388e+06
2.89431e+06 2.94925e+06 2.88488e+06 2.83454e+06
2.89897e+06 2.90787e+06 3.00328e+06 2.827e+06
2.94348e+06 2.8637e+06 2.90066e+06 2.90887e+06
2.86376e+06 2.94099e+06 2.92199e+06 2.85338e+06
2.87402e+06 3.01176e+06 2.8566e+06 2.89309e+06
2.89947e+06 2.89756e+06 2.92889e+06 2.86232e+06
2.96849e+06 2.84718e+06 2.94469e+06 2.82408e+06
2.93151e+06 2.92188e+06 2.84407e+06 2.83958e+06
2.94459e+06 2.87268e+06 2.93075e+06 2.83622e+06
3.00891e+06 2.84484e+06 2.9256e+06 2.82257e+06
2.88107e+06 2.89876e+06 2.95248e+06 2.82736e+06
2.94829e+06 2.95148e+06 2.91188e+06 2.7272e+06
2.9484e+06 2.9387e+06 2.84679e+06 2.83697e+06
2.8969e+06 2.94928e+06 2.94639e+06 2.81965e+06
2.92417e+06 2.9438e+06 2.85919e+06 2.80713e+06
3.05027e+06 2.93955e+06 2.81036e+06 2.87787e+06
2.89375e+06 2.94806e+06 2.95016e+06 2.77283e+06
2.94612e+06 2.86303e+06 2.93422e+06 2.83793e+06
2.95896e+06 2.87198e+06 2.95871e+06 2.81476e+06
2.8843e+06 2.90731e+06 2.94772e+06 2.85556e+06
2.89305e+06 2.91449e+06 2.95124e+06 2.82667e+06
2.93252e+06 2.91781e+06 2.83951e+06 2.84495e+06
2.91706e+06 2.89515e+06 2.97624e+06 2.75555e+06
2.97189e+06 2.9037e+06 2.85821e+06 2.88483e+06
2.93747e+06 2.9472e+06 2.94544e+06 2.75845e+06
2.99619e+06 2.8671e+06 2.98175e+06 2.79583e+06
2.86998e+06 2.94161e+06 2.89865e+06 2.83809e+06
2.89814e+06 2.92388e+06 2.89899e+06 2.83785e+06
2.86732e+06 2.96785e+06 2.92135e+06 2.8587e+06
2.86948e+06 2.97472e+06 2.92948e+06 2.75687e+06
2.87785e+06 2.95371e+06 2.87285e+06 2.8144e+06
2.88299e+06 2.90752e+06 2.87146e+06 2.8483e+06
2.88393e+06 2.95543e+06 2.84562e+06 2.8607e+06
2.94349e+06 2.92589e+06 2.85274e+06 2.77773e+06
2.90965e+06 2.86878e+06 2.93015e+06 2.85643e+06
2.92555e+06 2.92796e+06 2.85286e+06 2.82754e+06
2.94269e+06 2.97774e+06 2.82432e+06 2.81737e+06
2.98316e+06 2.8658e+06 2.8895e+06 2.82076e+06
2.99891e+06 2.85292e+06 2.9605e+06 2.81161e+06
2.87538e+06 2.96528e+06 2.87482e+06 2.83008e+06
2.87993e+06 2.92609e+06 2.87415e+06 2.87321e+06
2.88888e+06 2.91683e+06 2.86953e+06 2.89901e+06
2.90211e+06 2.86406e+06 2.89856e+06 2.86183e+06
2.96303e+06 2.94096e+06 2.82483e+06 2.87981e+06
2.89986e+06 2.87316e+06 2.86216e+06 2.766e+06
2.96007e+06 2.93565e+06 2.83221e+06 2.78121e+06
2.94222e+06 2.95564e+06 2.84907e+06 2.80068e+06
2.95627e+06 2.89514e+06 2.8557e+06 2.92171e+06
2.96816e+06 2.85341e+06 2.86845e+06 2.91346e+06
2.97496e+06 2.91581e+06 2.83868e+06 2.81572e+06
2.98616e+06 2.88623e+06 2.8516e+06 2.89176e+06
2.83401e+06 2.94611e+06 2.92985e+06 2.82977e+06
2.89832e+06 2.93323e+06 2.9425e+06 2.83485e+06
2.94185e+06 2.85092e+06 2.90601e+06 2.85196e+06
2.95056e+06 2.93902e+06 2.99124e+06 2.74679e+06
2.95514e+06 2.97076e+06 2.84476e+06 2.83035e+06
2.97557e+06 2.91124e+06 2.93822e+06 2.76222e+06
2.97936e+06 2.85796e+06 2.86753e+06 2.82841e+06
2.85966e+06 2.98669e+06 2.89024e+06 2.82364e+06
2.86473e+06 2.94657e+06 2.8849e+06 2.89381e+06
2.87616e+06 2.91961e+06 2.89452e+06 2.86272e+06
2.88222e+06 2.90894e+06 2.90806e+06 2.84905e+06
2.93765e+06 2.82833e+06 2.9267e+06 2.8675e+06
