86858 198.349
92795 70108 99401
97264 75212 81627
93232 75792 81406
92194 71220 86662
93914 71378 85129
88615 75067 83245
90365 72882 84452
88087 76066 83272
90389 70580 97718
85254 71144 92731
91055 70633 94706
88300 71384 89106
91525 70898 90480
88054 71273 90525
92986 71725 84971
92594 71636 85596
95750 71104 86035
91359 71950 85794
82709 73318 91931
91698 75626 82016
93001 70752 91115
93342 71837 84342
93555 71827 84369
87893 74024 84945
98039 74982 81782
89194 71260 89075
88053 76350 83244
88060 73591 85276
93617 69752 91400
88132 73681 84932
91383 75324 82182
93837 71074 86510
87562 73755 85252
91705 71925 85295
92467 72627 84235
87669 71473 89404
87023 71489 90313
90725 71647 86043
87354 74433 84608
89357 71139 88728
87882 71463 89431
89242 71207 90208
86296 72427 89273
85681 74498 85870
93840 71673 84366
86469 72837 85628
81871 73542 90277
85279 73970 86385
84787 73363 88395
83767 74494 86750
96370 71330 84758
94100 71514 83802
82993 74456 88613
89037 73431 84549
90246 72745 85099
84500 72785 89824
82872 77732 84575
88336 71361 88867
91394 71744 85555
91523 71381 86386
82912 73281 90839
83729 73788 88616
90518 71252 87039
86154 71091 93061
88234 73993 84739
89868 70669 93329
83098 75136 86420
83892 73906 88567
96613 71087 85944
81239 73346 92101
86454 74069 85099
86079 71234 90752
83014 72920 91717
82064 72781 92294
92436 71049 87378
83825 72758 90192
86762 70641 94399
83033 72253 91883
84585 71055 93470
86050 72609 86715
80979 73505 92665
90144 73106 84221
82826 72531 91808
83989 73629 88052
96564 70132 87229
82207 71902 94287
80856 72358 94686
85498 72693 88930
85851 72550 88968
81343 72455 93846
81612 74006 89513
86358 71903 90317
83200 72900 90637
89771 71181 88009
88242 71840 88423
85059 74690 84956
92908 72744 83124
80556 72300 95561
85940 74120 85385
87475 71530 88991
85890 71421 90473
86401 70683 92548
86980 71198 90830
81507 73326 91706
83929 71867 91937
92338 71260 85934
90455 71155 87506
89588 70806 90997
85353 73484 87689
91056 72003 85800
86776 71201 90926
88243 73986 84862
91157 71423 86757
90310 71612 87036
90552 70819 90829
93829 70585 88780
92953 72505 83474
87417 71510 89611
82886 74469 88394
82458 72506 92702
84713 71335 92583
84713 72775 89851
83685 71628 92225
83730 71389 92575
93449 72859 82182
92161 72000 85165
83494 71298 93281
93946 71628 84272
82879 71823 93659
88468 75127 83051
85393 72783 88107
85797 71891 90786
84793 71314 92378
87376 71956 89453
86176 72160 90451
93591 71915 84112
81373 71865 97318
78937 75074 91375
83630 76633 84799
86088 74111 85470
92398 72310 84380
87890 74422 84221
81033 72503 94036
90172 72884 84583
90208 71973 86158
82410 73740 89856
90898 72120 85441
82094 74559 88012
92486 71157 86738
85342 71961 91239
86239 74423 85294
82827 71410 93818
85471 73937 86180
87751 74791 83800
86511 77571 81873
91106 72433 84373
84935 72957 88279
92571 72055 84179
89519 73248 84666
85790 72390 89775
92616 71816 84529
83268 73958 88263
86848 71965 89554
86584 72046 89071
88648 71843 86868
89134 71479 87326
90010 72760 85529
92476 72452 84222
87092 74688 83878
88192 77275 81418
82952 74458 88220
83127 73739 89693
81181 75082 88659
91110 70222 94967
84144 72501 91596
86315 71329 90367
91956 70835 90757
90791 72131 84539
83515 72806 90382
85334 76852 83465
83437 73691 89503
82773 72412 92447
83142 74636 87195
83025 74100 88815
85058 72553 89924
85601 71102 92212
80915 72748 93746
82593 73670 90135
79513 75497 89945
86415 72248 89330
82021 74322 89490
79529 74780 91470
85601 71721 91592
93025 72469 83920
80256 72402 95242
84988 72485 90152
80811 72597 94336
90539 72396 85324
82732 72661 91737
81523 74486 89466
89331 72143 86357
78621 74911 91849
83901 71710 91964
89230 73841 84495
78296 77512 89887
82931 74598 87806
80235 72769 93693
79946 72450 95432
80404 73990 91577
83625 74700 87170
79818 75099 89731
82440 72697 93005
83911 73018 89465
83528 73480 89500
79574 74541 91820
79478 75235 90780
83733 73287 90052
79091 74832 91662
83212 74299 87656
82886 72419 92024
80368 75348 89596
88427 77045 81860
89118 72196 85801
82813 74827 87799
81354 74467 89544
79044 72792 95527
85163 73799 86701
79560 75560 89762
84055 74113 86548
85733 74398 85310
83937 72865 88961
83090 77279 85786
85639 74528 85239
85303 76568 83537
79083 77667 88172
88830 72577 86003
78719 74372 91942
81302 74054 89703
80626 74887 89565
82404 74511 87822
82840 74764 87739
79271 75513 90705
79196 75608 90677
78409 74420 92132
89689 72982 84599
83450 71876 92998
83562 73911 88148
80394 74927 90374
82770 73406 89839
81837 74448 88906
77946 82639 87327
95081 72298 83038
90298 71929 86139
81474 75051 88481
85438 72407 89945
84679 73432 87871
85418 73776 87165
84477 72133 90534
85977 73879 86425
82668 73767 88961
83470 72786 91110
80677 74196 90148
80995 73832 90223
84116 73485 88753
81167 74829 89001
83564 72656 91181
87149 74248 84809
83460 74272 87270
80422 73810 90769
84568 73958 87423
81650 73165 92462
81725 76895 85794
80448 72223 99507
85223 72274 90237
89247 72644 85653
77341 73567 93341
80616 74833 90074
82350 74131 88886
82043 73909 89406
81727 83511 83233
84107 74526 86389
86847 72029 87270
85464 82924 80356
85476 74313 86071
89379 73030 84789
80784 75854 87479
88939 74517 84175
85745 73541 87515
88217 76290 82221
80877 75366 88388
86719 75210 83470
82712 75598 85856
90862 72659 83554
88949 73992 83450
80359 78374 85730
81664 75521 86673
85298 75010 83947
86851 76577 82963
83318 74853 85729
84365 74065 86358
88863 72387 86162
80879 75210 89203
82893 77373 83980
85315 74503 86176
78346 78407 87353
84433 74863 85043
85438 73319 88035
83625 75075 85209
87187 74537 84665
87279 73787 85042
79419 75627 89874
78771 75887 89102
78083 75987 91537
83227 79550 82780
79300 75881 89125
82165 75087 87027
81039 75663 87118
76809 78823 93985
86305 72437 87275
79078 76109 88582
85350 75423 83788
77204 81062 88049
80220 77290 86506
79616 82786 84945
82287 78118 84107
89071 75466 82547
77823 83823 85468
80614 78183 85369
96389 76239 80797
83200 77595 83460
83751 77272 84188
80617 77913 85699
76871 81285 89011
79154 78195 87187
78398 75697 90359
80307 77961 85889
83030 75234 85931
76971 77905 94432
78398 78820 87194
77523 76409 92008
86969 73835 85232
80055 82950 84665
78653 78629 86833
86133 76355 83031
81847 75451 86952
81357 75299 87193
81242 77771 85254
83174 79876 83032
80932 77819 85444
79461 78417 86667
84132 82244 80880
85795 73524 86891
78532 89023 85358
89989 75454 82155
81334 82206 83716
77554 78899 91411
79586 76441 87538
84873 77530 82198
85708 78875 81282
82500 74972 86783
85936 73979 86164
81980 77896 84627
88263 75678 82713
79669 74435 90865
88352 80513 81241
80567 75884 86765
91222 82004 79149
79442 83273 85467
88741 73881 84662
78494 76352 88695
88596 75535 82903
88093 73317 85184
83345 77990 82397
81568 75657 87141
84566 77308 82718
88548 87444 79672
89030 80770 79260
78823 76300 88943
78784 78717 86183
83533 77452 83650
81499 80533 84185
83213 75164 86210
81806 80755 83665
81005 80691 83751
75881 83635 89072
84991 74788 84467
78986 78486 87023
78059 78193 88734
95404 77498 81172
82605 77754 84182
80206 78185 85856
85347 89133 80833
83318 77377 83652
79196 75891 88774
81422 77971 85203
77605 83121 86035
75660 79754 89399
80374 82463 84405
82317 78430 83424
79009 80369 85838
79579 75675 88936
76735 77627 95367
79538 76752 87424
79274 78105 86821
87185 76644 82487
81740 77607 85278
82152 82087 82662
80874 76106 86245
85914 74491 84713
82215 78129 84075
79826 80598 85447
77738 76031 90034
81900 75292 87656
83777 76827 84353
80732 75441 87638
79296 78860 85794
88381 72936 84982
83153 75296 84856
78559 78649 86949
82535 78250 83962
82047 82398 83143
80877 75836 86575
78546 75819 89868
78181 78850 86480
79581 78327 86301
81192 75742 86320
80019 78342 86091
79534 76028 87697
82883 77685 84002
81045 75874 86527
82459 82309 82142
76442 83712 87787
83546 77310 82553
78030 80601 87784
81815 78339 83754
80449 78626 84496
82557 80143 83110
81983 83292 81476
80950 78192 84850
80183 82849 83861
81697 74489 88256
81499 75964 85800
84990 82143 81088
89450 73558 83804
82623 78127 83588
84486 77635 82421
79113 83499 83900
89592 74223 82411
81119 82231 83594
79411 75966 88772
88893 80455 80677
89692 76363 81719
77216 86149 86524
77183 78998 89105
81096 78404 84406
80999 82321 83960
81115 77749 85723
81987 82530 81789
84401 77751 81845
78171 79720 88492
82262 75739 85858
83422 77367 84003
93479 73346 82079
85742 76731 82000
86821 74470 85065
82285 74997 86661
78555 83574 84476
84268 75306 84170
85799 74576 84301
79109 78548 85948
78606 76330 88229
80142 78404 85016
82728 77816 83107
84126 74641 85563
83961 75084 84690
77796 82805 86752
82979 77368 85178
80209 82906 83532
86844 74382 84725
82662 75529 86179
83324 73964 87466
80324 75443 88125
81214 75662 86675
81169 75901 86325
78942 82903 85892
82000 75530 86154
79609 88672 82951
81575 78050 84405
80241 82644 84500
