21 0.162928
151959 155782 167277 166375
158144 150508 174178 151643
162515 152700 152476 176876
163393 154778 167960 144030
164720 154487 159098 148864
165717 158915 167633 139210
171971 155693 157326 155882
173888 155885 152316 161323
147960 182268 162132 152564
148112 162094 176129 150837
155046 149610 164122 181766
162204 150727 155510 170347
164424 173827 145676 158908
168974 154371 164884 150575
169081 189463 141045 170669
169982 163960 153151 148998
179223 149443 160825 149961
146752 156272 178194 172241
164889 154799 158033 144568
167430 178212 150307 150814
170828 139725 153679 156192
163341 152986 167556 147072
166359 150994 166775 150464
149645 178889 163701 147849
157610 158293 163562 149225
164506 163387 180626 140095
164633 148804 157307 167444
165996 164559 154124 150426
141271 157573 154388 152655
159876 169741 148047 157566
176029 150533 170484 152387
155188 154291 184385 156184
160950 153527 160904 164169
163604 160156 162904 150773
167424 148886 172837 155611
171764 150731 172751 152773
158428 161062 169791 147688
166013 152050 159871 159953
166863 154304 162613 154481
170261 149018 173156 142963
154574 150070 169953 156280
159916 164540 145644 176144
160967 155334 155729 169647
165732 155914 151924 158251
148800 169412 168800 146767
150466 169621 183774 146343
156071 154543 167748 163403
163401 151057 165094 154034
149771 155385 182765 159785
153166 161308 174458 141418
157344 163868 151733 172178
160853 147894 176124 158868
169296 149458 155815 160624
185484 151063 171765 142964
152455 154993 161939 152048
159111 150633 186243 150029
159174 154682 166020 153328
172243 144909 176782 143352
151177 161770 158885 146491
158133 147142 163918 162524
162832 163979 148088 169040
165849 142206 159008 163912
167217 152560 156951 167801
167541 145420 167831 157995
163276 163107 172775 140453
163433 179461 146801 151725
165916 158964 149619 175245
151615 155948 162975 163155
152191 181655 147530 171302
157564 153381 166084 165707
158867 155699 175668 150984
159716 147161 166384 159044
172314 153113 180588 140031
173776 163943 145729 154938
177188 145258 146329 166727
184331 173374 144816 146551
148823 150488 166995 167478
154964 180455 149609 165865
156998 162760 150564 172522
166253 155446 156203 157826
169275 152888 170583 142427
170454 156637 150021 151534
177300 149477 152305 143786
161858 150934 172791 154809
162354 150235 160600 154867
163140 157282 157437 155824
164741 164897 152522 147995
168147 143711 161416 154780
169075 152684 159284 159365
154945 165270 153261 152132
163908 149847 167433 157116
179334 158349 156298 138711
152600 151479 168968 163842
155591 160604 172108 151035
156589 156245 177579 150534
160658 156866 154860 164368
166763 161667 149244 167697
170628 158528 136909 155613
152663 176554 154168 158404
154056 166210 153043 166260
155091 165122 151321 137068
161698 166946 164132 132535
170095 168321 150313 161664
144682 154180 179326 177487
159260 154410 160754 157847
159659 156079 159712 165930
160988 163521 155343 151104
161819 147034 164717 161578
166039 156680 154173 140954
166907 175083 151147 156882
172161 163650 175087 136058
153427 153475 169011 156224
159401 165438 149697 163325
163701 161512 157796 145437
169108 161436 152320 153625
175989 153228 162171 151864
