2491 120.316
3.27339e+06 3.21104e+06 3.11857e+06 3.16684e+06
3.20032e+06 3.17598e+06 3.18245e+06 3.16479e+06
3.22051e+06 3.12825e+06 3.25907e+06 3.24082e+06
3.22654e+06 3.14469e+06 3.18388e+06 3.2019e+06
3.20452e+06 3.15882e+06 3.17219e+06 3.23325e+06
3.18913e+06 3.16278e+06 3.20922e+06 3.1885e+06
3.17519e+06 3.17916e+06 3.23513e+06 3.14918e+06
3.15346e+06 3.2285e+06 3.1414e+06 3.15714e+06
3.16618e+06 3.15494e+06 3.21112e+06 3.26214e+06
3.15143e+06 3.19073e+06 3.23312e+06 3.20422e+06
3.13482e+06 3.3133e+06 3.22502e+06 3.15461e+06
3.11907e+06 3.25079e+06 3.23799e+06 3.13506e+06
3.20788e+06 3.18065e+06 3.20276e+06 3.13002e+06
3.14459e+06 3.26059e+06 3.2172e+06 3.15515e+06
3.23093e+06 3.12248e+06 3.25709e+06 3.20899e+06
3.27785e+06 3.2282e+06 3.15873e+06 3.11259e+06
3.13254e+06 3.28211e+06 3.15666e+06 3.25507e+06
3.13964e+06 3.22816e+06 3.25603e+06 3.20445e+06
3.17921e+06 3.18502e+06 3.18893e+06 3.13079e+06
3.2664e+06 3.27666e+06 3.11469e+06 3.17729e+06
3.22048e+06 3.19323e+06 3.13382e+06 3.17624e+06
3.18008e+06 3.24112e+06 3.12789e+06 3.16496e+06
3.26366e+06 3.12347e+06 3.23008e+06 3.17432e+06
3.20781e+06 3.20269e+06 3.13803e+06 3.18224e+06
3.10647e+06 3.24328e+06 3.20357e+06 3.17958e+06
3.14675e+06 3.18678e+06 3.26491e+06 3.16705e+06
3.15606e+06 3.16514e+06 3.19248e+06 3.19497e+06
3.21266e+06 3.20404e+06 3.13812e+06 3.1746e+06
3.15722e+06 3.18288e+06 3.16938e+06 3.23566e+06
3.2226e+06 3.21531e+06 3.14444e+06 3.1263e+06
3.16806e+06 3.17805e+06 3.20828e+06 3.17714e+06
3.14801e+06 3.17525e+06 3.2133e+06 3.2274e+06
3.25079e+06 3.29337e+06 3.11859e+06 3.18042e+06
3.23942e+06 3.16984e+06 3.10087e+06 3.19166e+06
3.13212e+06 3.23226e+06 3.16522e+06 3.16526e+06
3.20486e+06 3.1634e+06 3.21438e+06 3.1558e+06
3.12637e+06 3.16856e+06 3.19528e+06 3.22956e+06
3.16276e+06 3.21998e+06 3.13472e+06 3.22347e+06
3.21407e+06 3.1427e+06 3.22868e+06 3.1804e+06
3.18781e+06 3.17122e+06 3.21198e+06 3.1672e+06
3.22516e+06 3.14954e+06 3.18717e+06 3.0999e+06
3.17468e+06 3.162e+06 3.09397e+06 3.23019e+06
3.21046e+06 3.13695e+06 3.19922e+06 3.23713e+06
3.25042e+06 3.22378e+06 3.16342e+06 3.12224e+06
3.15447e+06 3.21215e+06 3.16288e+06 3.17564e+06
3.12813e+06 3.21856e+06 3.18618e+06 3.20544e+06
3.20407e+06 3.22637e+06 3.15111e+06 3.14242e+06
3.2181e+06 3.19181e+06 3.22064e+06 3.11834e+06
3.22919e+06 3.17704e+06 3.16665e+06 3.16206e+06
3.16076e+06 3.17354e+06 3.2376e+06 3.18248e+06
3.1506e+06 3.20121e+06 3.25439e+06 3.13206e+06
3.14983e+06 3.23037e+06 3.22487e+06 3.14806e+06
3.22639e+06 3.18493e+06 3.17409e+06 3.13372e+06
3.21612e+06 3.14676e+06 3.21671e+06 3.19619e+06
3.20872e+06 3.1519e+06 3.18338e+06 3.24517e+06
3.19163e+06 3.24835e+06 3.13539e+06 3.16196e+06
3.21884e+06 3.23079e+06 3.16006e+06 3.1172e+06
3.16412e+06 3.19212e+06 3.14168e+06 3.17018e+06
3.2161e+06 3.15711e+06 3.15896e+06 3.18057e+06
3.13656e+06 3.25742e+06 3.22885e+06 3.15596e+06
3.23413e+06 3.13068e+06 3.12669e+06 3.12674e+06
3.14175e+06 3.19158e+06 3.18557e+06 3.16737e+06
3.1675e+06 3.20276e+06 3.15605e+06 3.14738e+06
3.22127e+06 3.15437e+06 3.18609e+06 3.16803e+06
3.21745e+06 3.25939e+06 3.17532e+06 3.08424e+06
3.18539e+06 3.26466e+06 3.15355e+06 3.14339e+06
3.21094e+06 3.16571e+06 3.22432e+06 3.11544e+06
3.11762e+06 3.19076e+06 3.19502e+06 3.21286e+06
3.20934e+06 3.1637e+06 3.20386e+06 3.16572e+06
3.21163e+06 3.16172e+06 3.16135e+06 3.16615e+06
3.19755e+06 3.22239e+06 3.22115e+06 3.06316e+06
3.14961e+06 3.19824e+06 3.14214e+06 3.21003e+06
3.30583e+06 3.28905e+06 3.10543e+06 3.14746e+06
3.20046e+06 3.16932e+06 3.20486e+06 3.1363e+06
3.15497e+06 3.19387e+06 3.16259e+06 3.12342e+06
3.16258e+06 3.21571e+06 3.17441e+06 3.09563e+06
3.24504e+06 3.12595e+06 3.18387e+06 3.15589e+06
3.17367e+06 3.16612e+06 3.15033e+06 3.16886e+06
3.14616e+06 3.18017e+06 3.23702e+06 3.22236e+06
3.19933e+06 3.14241e+06 3.19942e+06 3.20207e+06
3.19463e+06 3.18261e+06 3.16586e+06 3.15605e+06
3.18349e+06 3.32036e+06 3.1399e+06 3.14074e+06
3.16305e+06 3.17784e+06 3.1042e+06 3.18816e+06
3.16828e+06 3.16103e+06 3.2418e+06 3.1955e+06
3.16909e+06 3.16017e+06 3.23398e+06 3.17411e+06
3.24823e+06 3.14043e+06 3.20914e+06 3.06765e+06
3.1646e+06 3.23096e+06 3.14082e+06 3.14712e+06
3.21695e+06 3.14843e+06 3.17732e+06 3.19801e+06
3.15562e+06 3.26901e+06 3.11754e+06 3.20872e+06
