493 13.125
1.30143e+06 1.33467e+06
1.42625e+06 1.25567e+06
1.32763e+06 1.31491e+06
1.34121e+06 1.30191e+06
1.33886e+06 1.30515e+06
1.26405e+06 1.35681e+06
1.42923e+06 1.25468e+06
1.44765e+06 1.24782e+06
1.34372e+06 1.29682e+06
1.23451e+06 1.49484e+06
1.33448e+06 1.30628e+06
1.23375e+06 1.50114e+06
1.26247e+06 1.35903e+06
1.25401e+06 1.40634e+06
1.31861e+06 1.31775e+06
1.34186e+06 1.29946e+06
1.31719e+06 1.32305e+06
1.31788e+06 1.32012e+06
1.25791e+06 1.36446e+06
1.26862e+06 1.34838e+06
1.34332e+06 1.29688e+06
1.43188e+06 1.25183e+06
1.43698e+06 1.2517e+06
1.26239e+06 1.3609e+06
1.46226e+06 1.23943e+06
1.34091e+06 1.30437e+06
1.37296e+06 1.27781e+06
1.43755e+06 1.24831e+06
1.42242e+06 1.25757e+06
1.30255e+06 1.33464e+06
1.31451e+06 1.32884e+06
1.40118e+06 1.26496e+06
1.23341e+06 1.51508e+06
1.31766e+06 1.32288e+06
1.31663e+06 1.32419e+06
1.36487e+06 1.28135e+06
1.40148e+06 1.26366e+06
1.26337e+06 1.35875e+06
1.39979e+06 1.26583e+06
1.35024e+06 1.29168e+06
1.37198e+06 1.2797e+06
1.43154e+06 1.25421e+06
1.47409e+06 1.23697e+06
1.35479e+06 1.28415e+06
1.25414e+06 1.37402e+06
1.26779e+06 1.34845e+06
1.31955e+06 1.31563e+06
1.45229e+06 1.24449e+06
1.3049e+06 1.32946e+06
1.34514e+06 1.29564e+06
1.48043e+06 1.23211e+06
1.40673e+06 1.25983e+06
1.44791e+06 1.24732e+06
1.47599e+06 1.23589e+06
1.47908e+06 1.23562e+06
1.34281e+06 1.29785e+06
1.37349e+06 1.27312e+06
1.23037e+06 1.51761e+06
1.26734e+06 1.35084e+06
1.3034e+06 1.3304e+06
1.32186e+06 1.31544e+06
1.37243e+06 1.27863e+06
1.24002e+06 1.45814e+06
1.27211e+06 1.3467e+06
1.33073e+06 1.31011e+06
1.24624e+06 1.45455e+06
1.25229e+06 1.45223e+06
1.29349e+06 1.3347e+06
1.38676e+06 1.26749e+06
1.28126e+06 1.34176e+06
1.23573e+06 1.46589e+06
1.31268e+06 1.32933e+06
1.47368e+06 1.23745e+06
1.23129e+06 1.51728e+06
1.33356e+06 1.3092e+06
1.37684e+06 1.26939e+06
1.48342e+06 1.22656e+06
