5 0.409491
789224 757047 770606 850821
790469 756552 832807 766338
794626 752026 832311 758681
765516 787343 788149 825282
768888 790321 788483 824178
769304 787790 790001 823831
770325 763336 810366 782163
773461 757253 805889 786406
780458 764928 768593 858963
781689 753341 771675 862238
782057 746944 777155 862114
783334 745041 788619 854028
787062 745836 824045 782684
787120 760475 830976 763843
787128 761529 769804 846956
787157 731063 821970 795096
787848 768937 824061 759409
789208 758314 831413 763290
789967 770567 823270 761831
790562 751819 764826 856261
790578 766327 825051 758548
792851 731842 835711 790203
793199 737442 834534 785956
793755 730910 822821 789700
794075 735989 826741 781419
794413 749882 832586 758555
809401 770419 810938 760287
766936 760922 770779 846361
769710 764695 810467 784746
774264 748950 791756 792027
774336 785358 754852 785862
774977 749624 785566 789234
776590 747984 790607 791857
779248 784753 755019 786518
779808 791456 747420 769371
779921 755186 804719 775554
780941 789925 746909 775865
780949 790768 745157 774552
781355 747239 772429 858303
783530 793538 744733 763298
786257 732178 821029 798440
789596 726079 824203 803902
791314 745952 826806 762241
792033 745090 776203 860310
802703 715202 820111 785308
804225 712138 818128 780956
804642 712319 813529 781329
810068 712934 820749 778170
813195 816832 761595 742914
744901 796887 778764 823190
746501 799499 776043 825961
756573 771473 809509 768276
759004 766257 811039 779251
759409 759361 810571 773411
760431 756571 812263 771292
763464 766009 812597 768141
764291 775324 811561 765732
764295 805184 730597 771308
764748 805016 731766 770201
769129 750514 772042 843579
771585 794064 738985 765110
773086 781328 807690 765157
773569 800976 734975 763151
774024 803188 730144 765651
774248 802263 731454 764353
776355 748992 784012 791238
780715 800401 736561 765355
782150 777849 740370 770456
782937 777542 741092 768916
788005 766862 737690 768726
790247 786112 732517 772250
791726 785512 733048 767510
792436 781100 796526 719089
792648 779092 795396 718428
794213 719457 813181 775873
794798 781652 799473 717328
795303 786919 735167 764345
796040 716599 819633 772032
798642 714144 820487 785157
798894 724167 826756 771867
803611 713656 802298 780676
803667 712504 799563 783481
803901 713750 800983 782604
803937 713086 818813 779721
804805 712566 802006 783480
727510 806988 808727 815299
729158 812351 807695 815354
729280 814765 805863 819297
733456 813503 793243 809949
735259 812301 782760 815180
747644 770530 803267 778469
748848 807377 726148 774230
750850 767218 808159 784323
751854 804198 728160 772916
752117 797105 728263 776268
752191 803703 725179 771425
752489 760770 811087 779685
752998 800003 724471 772264
753355 797335 724744 773083
754756 804785 732470 766114
755583 803789 733975 766131
755607 803303 732970 766288
756594 797108 731771 773072
757358 758476 810415 788718
757604 797762 732420 768818
760298 804790 723497 773078
761770 791993 736344 767022
762391 758718 816083 770547
768807 800182 720991 774866
771252 800584 721328 771895
773163 803012 812300 727199
778143 789313 799028 720724
778395 793886 797371 721443
780581 785546 797653 717092
783515 786513 796125 717471
786144 784527 792507 719694
787394 789926 713313 767177
787624 787187 710140 769129
790233 764785 736387 770637
790567 787403 710414 768041
791693 778865 712676 768359
792088 774999 766138 719905
792983 786027 711698 768102
793818 785696 714046 766055
794745 713768 815854 788522
794856 773031 802789 722283
795124 780831 761623 718356
795892 788262 713374 761686
796256 777815 769047 718229
796342 777969 769671 717985
797011 716523 790341 781115
797283 711317 814939 788173
797342 709067 813828 788669
798183 781482 769919 716600
798833 777176 720579 775718
799027 711348 822550 757224
799247 719595 830998 756904
800689 776049 764423 718193
801090 774000 767376 717825
801430 700868 822327 761654
801894 781664 711018 761394
802630 698442 821123 762728
802952 722226 833428 749610
805609 794228 778191 712615
807266 793297 780239 714004
808559 694336 826866 773202
809364 695176 826892 770870
809486 791866 782111 716427
810084 697415 819645 773508
810142 793455 762111 714285
810291 697025 825788 771992
810728 698856 817980 769140
810948 697349 825554 768671
811704 696584 827769 769504
814212 715696 817680 750555
814280 791264 760519 715350
815170 700679 819122 766837
816864 696216 824913 784330
827606 797486 757829 709791
832105 797245 766586 714167
