1 0.255752
3.13568e+06 3.25381e+06 3.19721e+06
3.15776e+06 3.18564e+06 3.22198e+06
3.19974e+06 3.20647e+06 3.21769e+06
3.20323e+06 3.21573e+06 3.18124e+06
3.21449e+06 3.15925e+06 3.29817e+06
3.23983e+06 3.25511e+06 3.14958e+06
3.24092e+06 3.1614e+06 3.24472e+06
3.24474e+06 3.21902e+06 3.17744e+06
3.25096e+06 3.17049e+06 3.18269e+06
3.26962e+06 3.15345e+06 3.23253e+06
3.12615e+06 3.25551e+06 3.20838e+06
3.12974e+06 3.25738e+06 3.20285e+06
3.15811e+06 3.17481e+06 3.22709e+06
3.16924e+06 3.24111e+06 3.16542e+06
3.179e+06 3.23498e+06 3.18633e+06
3.19529e+06 3.21078e+06 3.21371e+06
3.19623e+06 3.17954e+06 3.22556e+06
3.20614e+06 3.21079e+06 3.20703e+06
3.21914e+06 3.15486e+06 3.28858e+06
3.23184e+06 3.20167e+06 3.22174e+06
3.23312e+06 3.25133e+06 3.16074e+06
3.23588e+06 3.16364e+06 3.25048e+06
3.23886e+06 3.16397e+06 3.24221e+06
3.24278e+06 3.20677e+06 3.20321e+06
3.24311e+06 3.17094e+06 3.18074e+06
3.2442e+06 3.25696e+06 3.14108e+06
3.25047e+06 3.20087e+06 3.16647e+06
3.25886e+06 3.16882e+06 3.21574e+06
3.26057e+06 3.23047e+06 3.15821e+06
3.26677e+06 3.15875e+06 3.22731e+06
3.30884e+06 3.26505e+06 3.1278e+06
3.3266e+06 3.26939e+06 3.12162e+06
