27 0.677297
770257 807193 787562
803244 768612 779176
816958 768023 778028
824199 771143 764609
810185 785173 764067
776554 808755 776702
771108 825348 776988
786336 798156 776173
785942 768908 795260
794307 767303 833282
804896 767014 804928
806726 787862 768811
775580 767888 801149
810598 753549 797587
821310 792835 762149
778406 790035 792853
784499 805753 772268
800731 768889 796273
803266 756408 828642
799243 842671 757545
810202 755368 800359
767142 778524 793532
802543 811546 746614
792339 793071 758870
815037 763811 778552
809163 775940 772760
791925 767397 812218
783359 819410 764576
788928 796298 761523
824516 767036 777933
754541 799479 835309
802095 769662 787685
831369 792985 754328
833760 747284 784639
770720 801864 778390
808697 762732 804988
762633 792231 792899
803133 772982 779003
839980 795281 747842
801899 753084 830256
803404 791424 769282
808411 793177 755189
819166 784541 769323
786435 791689 773001
810067 763961 791403
765447 793082 790076
799219 785808 777573
803924 768596 793756
786923 771180 779201
801672 775395 777078
823133 775512 768105
836028 801486 754164
803852 791274 776755
808633 766656 801246
816853 759019 783308
788291 801817 770065
812111 771685 769967
