13 0.539208
297679 312923 307046
326591 294342 295228
295099 332188 308051
291048 332062 318956
323752 299493 301832
304473 305228 319029
338474 328950 271540
295365 320777 310618
299813 317656 299133
328783 340266 273254
312810 302744 304759
294665 341395 303494
301983 311499 308914
310037 345780 276522
356088 314676 289091
292568 331004 323137
293054 327572 333580
305003 325888 288202
305794 346431 285517
307336 310773 308389
323282 328045 284895
324163 326506 277510
335564 319654 289044
338522 322514 276129
307689 308253 307620
323781 319833 289881
324652 324485 287171
350261 322163 288659
314400 300956 290012
317767 328072 288193
334446 293908 316796
296809 314527 305168
331623 323898 280990
305569 316438 298010
313637 322044 295134
333155 323007 287229
334001 320670 288681
306185 313385 297307
307596 295832 311551
308707 307542 305415
312032 331642 285019
315480 298863 303302
325333 299382 289816
329326 322786 287311
