5 0.101846
150497 143397 140921
156063 138045 142074
157522 141860 132755
174166 130438 145022
179196 119965 165649
182741 127133 147834
127202 154705 150969
131661 146014 170810
133836 134672 168403
134190 135827 157841
135058 139104 155690
138445 129805 154583
151541 129945 150653
152066 132384 148365
153730 142724 132937
154747 126016 154544
154761 149102 131236
155256 127870 151299
157945 141561 132558
159517 141262 132526
161169 143859 132311
162532 149412 130311
163165 146578 127876
171520 121167 168587
176465 121953 153870
179651 123570 149162
179710 119354 163707
183816 124915 145364
121000 150911 158511
121383 153518 154237
121950 149626 163006
123312 148179 160636
123349 151368 157650
123524 151952 152349
125142 150807 157719
125252 151571 151075
126110 155891 145029
126920 146402 158364
127223 154268 150800
127253 154180 149236
127785 155743 148441
134152 134346 158507
135753 133994 152315
135966 131713 156708
136467 128083 158417
136474 132611 156636
137216 133475 153098
139066 132586 152855
139385 128071 154305
140190 134149 150477
140206 132420 153296
142890 150224 124986
145595 154889 124484
145691 153952 123513
146428 161144 121609
146562 160905 122608
152314 143709 133436
155108 129715 148801
155942 139886 133145
156121 137164 135079
156609 136614 134967
158421 131260 141034
158997 139067 133396
159646 122074 153521
159767 131076 138753
160413 135183 136869
160517 138962 134502
173418 118120 166337
177518 120466 149265
178288 117514 167005
179295 119433 155897
180669 116070 156230
184172 119747 144088
185140 115907 156890
185832 119167 148492
186932 121723 143724
