1768 39.9783
824935 751350 766374
776238 774579 752559
826949 752928 747729
813628 740923 801657
749418 779370 803059
761519 807386 751440
782092 764263 768170
765029 762849 798985
752231 775990 789203
786992 740553 807210
748936 778846 805831
766235 753096 842313
760352 781315 761056
740415 829486 770529
817322 741497 777924
819861 781858 737147
815003 739660 787829
800621 759385 766123
813085 741756 774041
774327 760028 776852
809303 758167 753621
790692 825704 733962
795405 795796 739561
857038 780427 735308
800094 791371 740246
779451 752178 786554
814883 807312 730058
772441 799335 752992
847284 780847 741176
810415 831172 730582
826101 737458 796633
748822 782364 756577
789331 807061 734039
840913 735443 794189
804073 787846 740130
777294 748158 823090
807898 738893 813762
828524 801899 729783
742479 791591 804781
817130 785321 740023
801483 754773 754985
741795 820938 785339
778033 799957 738161
767922 764677 777427
771160 753917 795549
783781 751847 809326
745169 822634 774352
822494 743485 768376
785094 763656 762886
799193 787900 742327
775226 797602 749640
770901 756542 783225
825933 737529 799541
744323 797901 801211
740284 822133 779017
760259 789413 753913
760666 764504 793310
737769 811030 810560
741246 785536 819345
822174 761708 746154
801401 757550 766839
797250 791729 741598
835183 736711 787967
848454 773596 744304
798050 830420 731884
833896 744274 763375
753623 810486 754173
810933 744673 777267
776645 781777 743183
769031 781809 755807
789158 807527 737453
772164 838853 743362
800892 764372 761938
804891 748336 779474
817344 800947 734325
806506 770822 748904
761471 766876 759454
800829 812921 733042
775365 795641 753821
784086 764546 761039
772721 828613 733607
792428 779882 744174
781261 762670 771598
769269 763049 779291
829505 751470 759905
785813 749178 768520
781319 770882 745515
736608 818866 797373
753836 755093 801065
829521 751467 754094
823281 795650 732293
805357 779816 743545
787344 762273 766968
796479 741999 790358
779273 756488 793511
744955 788546 780142
