3 2.19581
297134 323404 318076
313736 337780 294447
319401 308434 306630
320067 302001 308822
324761 316473 294168
324903 304598 301156
335025 325001 275766
340763 321835 282069
290998 333297 334769
297055 355688 311084
302282 332728 295967
312020 327805 298413
317783 317047 302724
323245 300545 338832
323324 314724 306574
325503 312229 300759
326425 315930 290714
326652 304217 298927
338815 323739 289192
341446 331142 274739
343194 305736 294585
343603 311605 291560
358453 306960 294191
301578 314432 311752
301691 316097 303524
304568 336289 294812
307583 313000 311815
307947 310457 322404
311931 308829 318476
313595 323397 300803
317799 312979 307449
318123 301570 312361
323451 317011 302803
324006 302289 302394
324500 353169 283661
326836 297988 319163
329370 308846 298903
330158 317861 290618
330336 293031 304327
337472 311650 297539
340710 309670 293209
342723 303966 297653
344486 308757 285059
294253 325494 311160
297933 346598 306438
306500 313717 319450
309004 331944 299077
311228 318236 302881
313184 308691 324072
314185 321313 294931
315472 332394 290698
316701 325305 291980
317549 313340 310593
317600 307848 311578
319782 341227 289367
323681 326365 289637
324635 330607 284406
327191 298159 303644
327316 294076 320460
327614 324494 282128
329516 309914 297897
330226 289110 319715
332836 315287 294348
337476 310979 291785
344759 302183 303604
