165 0.504623
223078 265072
232506 241668
237118 238428
246455 228498
288917 218187
222695 265089
225377 256350
286802 219396
292007 213948
232336 244276
231783 247306
239239 230533
241645 230350
248556 228399
300319 209461
219129 272537
223328 260981
227603 254691
245039 230031
287800 219393
290202 214436
225599 255981
221775 265707
249575 227117
289191 216254
297721 210323
219100 274859
219598 271800
223479 259748
223556 256832
227882 253625
239023 233885
252833 226122
253588 222561
280208 221691
286783 220368
290024 216032
295426 212182
216980 276193
219827 271710
230120 249797
232921 240007
234080 239265
237207 238313
237609 236150
253018 225716
291043 213988
301266 208916
217644 275879
219908 268977
226858 255730
229947 252614
230131 247604
237338 238071
237441 237578
285526 220484
