8 0.224391
298946 311162 333594
304386 336655 289826
305615 319962 315789
306611 333118 305099
307508 313547 305062
309767 304808 305490
312130 319529 294973
301566 333184 300727
350967 306709 282078
368872 313367 281783
300141 321064 310902
303835 319343 316125
305813 324538 307652
328291 320997 284126
331054 303623 306811
356753 302153 284711
293096 321781 315920
297398 319132 339997
299802 320838 328475
315016 309313 299918
316033 323595 293771
324778 293772 324491
341387 330531 279849
302571 330825 307213
309886 323898 292981
314223 323312 294508
318882 306966 299015
319956 301047 311689
321567 308411 286767
329233 334720 265375
329243 294851 321244
318468 310802 292788
324441 297481 313360
329394 301591 311179
334139 304504 286694
334304 300610 300886
336040 300613 300216
342782 327725 283684
292350 328768 330533
300293 297910 316352
302482 328812 308596
309778 321525 302913
311151 314217 299876
321020 300983 311569
322792 306168 299441
328207 320011 286247
333265 297362 302755
334335 303569 291245
337443 293427 299241
340071 282868 293935
341841 331276 273901
