2131 23.6112
325820 296445 299404 300155
307717 320779 311197 284979
296283 323018 291095 309369
299033 347941 306168 295201
308357 310084 296740 297053
325328 304889 281379 289201
316410 339810 324359 272651
292596 313153 302415 313341
304272 300910 294305 322028
311020 314631 288382 324812
301446 316973 295364 298171
289909 340638 295890 314174
342306 300870 294799 290528
330385 303936 292187 300769
301569 294740 336432 319888
302086 304836 332479 290167
327794 309596 278777 305978
304340 322501 303670 288392
320233 286222 296924 324086
306088 329078 309991 283982
335074 313171 274949 301370
307326 324831 321592 286338
335573 293412 339010 277134
293168 317397 317165 305174
361274 288952 304261 297609
337890 336953 290761 279052
325442 305764 291194 286568
317135 304256 293291 307430
314491 331209 282044 296770
309414 326681 273563 308583
314265 340339 292247 288320
321913 332273 291945 286031
323717 318331 281022 302721
343237 288402 323135 297159
302994 309457 323394 299560
320674 321107 280891 299629
330911 326125 287138 286952
321745 296680 300893 296728
320004 303544 315900 287461
288830 317912 311537 327148
318815 302925 294974 297101
314896 306269 318040 286572
294604 299543 305582 303069
289767 317832 312716 318973
319670 306005 296325 289741
289961 341275 306459 302359
296075 312904 302348 313530
327109 331266 292052 284179
341525 288497 307185 295075
313134 308335 293319 303805
307848 330947 318063 278338
337817 304477 290182 288635
330891 300930 296910 301819
314403 295250 302907 310944
335937 291170 299126 294335
314041 312905 324045 284466
332093 302450 294750 301194
305350 294155 317516 302025
329633 323656 288215 285097
327003 285099 303770 322435
283151 308503 316823 322382
351097 313621 301297 280232
336956 299951 314904 275547
309259 340775 283772 297181
287684 320506 298426 319296
285790 325444 318107 316314
317303 290927 304495 303242
350511 323830 301046 276740
296833 340599 298104 304785
324945 324486 313158 277832
321310 313900 322453 269540
339540 324898 295961 281728
298587 297977 335610 271998
333149 300080 288704 294803
301187 348363 303201 291070
299823 319032 321614 295325
313295 314481 297458 282883
316291 336737 295478 289605
306600 352113 308423 288151
288386 321031 322163 316242
303535 333280 326511 277122
296293 316171 305569 304368
327803 300837 313495 283364
324986 337402 294677 278904
293981 322758 299339 296005
299101 310879 303413 317160
286481 350044 302867 314351
296953 329999 294618 308271
312012 322352 295545 289080
316424 314614 282768 304685
300338 327493 303740 293261
290895 338378 295734 309199
323649 314590 290269 294689
305041 308364 305047 289785
305104 323685 322475 286290
330410 322338 303768 279098
313217 324678 288252 301213
319239 320051 284468 295836
331914 316207 280784 305631
334785 293441 286083 329836
320363 289173 299371 317148
304070 322023 332769 284288
316238 347905 295705 281294
300179 318777 323813 289166
332130 305423 290728 288652
307237 291397 296909 314128
322389 301885 290334 311660
317809 310130 307614 278665
297631 313940 296526 297337
288003 326828 312112 301723
291888 313643 296853 313931
341668 317153 292397 285868
295582 342400 324405 287275
307597 316902 296331 297408
302994 340754 298300 295664
288718 326360 311038 314633
338668 322605 291757 282521
303910 317140 290762 290615
313086 337208 285352 299262
298716 312907 292690 315472
290755 325647 325488 304853
334580 331538 290205 279665
340721 287231 296013 302359
339231 318472 268603 311112
314938 303576 305120 299493
323841 294553 319001 286459
329723 307332 306854 281056
313973 316823 294036 302788
327227 326540 278860 291393
336608 309547 279493 297054
324804 329499 295648 270804
329817 310388 293839 284050
323404 329266 283821 289509
317243 322278 302227 281368
321299 322056 283248 299510
326469 341854 267484 322222
341210 311261 279869 294654
330095 301463 303866 280157
297723 329664 314942 285819
346393 313092 277982 303835
339213 330105 288651 284840
301458 327988 312409 291309
301193 332163 322268 279554
332479 322720 309072 275905
309803 304012 295363 311105
320171 305861 295587 285952
304858 318586 288688 290516
340329 305609 274566 321956
335800 317670 303853 273898
302735 308811 309607 300681
329344 300901 298852 292205
306475 301468 325872 296187
319392 303129 287420 344541
334271 298636 307015 282699
302072 341057 310495 287297
307630 329654 297854 288377
300404 308117 324085 302953
324065 299898 286472 307478
294773 314822 321800 294779
311327 307175 287399 305120
284349 331088 322609 300135
296380 320071 288847 318710
325279 301523 301230 291613
314051 304832 286682 296690
334259 307186 273493 304212
311754 289047 323677 296630
322407 322140 306844 281263
338470 290172 326842 289161
290749 335468 306196 309253
300889 302645 303125 326783
315606 293967 309711 307497
324646 343222 312239 273186
303112 303180 292148 312760
330928 325096 270485 319005
323060 305673 298665 295798
323559 314077 292574 282044
301175 312847 316083 300522
302062 325886 314618 289837
326591 338776 271823 312509
319713 302668 294978 309367
331497 320795 304346 280007
297822 348507 316092 285310
328314 297745 291048 314057
316940 354720 279133 298365
330253 335220 290331 280355
313222 334683 295601 287548
326014 301081 297682 299431
315836 320351 287027 295722
321512 298122 296791 310737
290391 315450 300455 314424
330198 341912 270005 302100
303060 301394 299484 299638
342367 289451 295262 319517
346230 282124 322612 306356
316350 299148 304480 301602
312062 308857 296191 305099
293656 319510 315627 293267
301026 315726 318802 297304
306462 341035 302024 289240
325324 296665 300942 301896
334797 313271 278634 299290
332915 307138 299985 283371
299046 306691 297939 321791
314157 297637 314904 304014
320502 301490 280427 320606
355618 270550 306469 307395
315085 299759 316882 286999
323917 320428 283940 295191
317510 309218 297696 288317
334022 296077 298270 292369
307012 308204 309561 288946
301611 294454 318756 327218
300629 316256 291860 303938
299434 313687 327960 299864
294647 323236 330342 287384
303685 316845 292980 302335
338011 304218 295324 294076
318552 292410 301237 305861
318590 298360 295043 322094
337201 301057 308140 279567
302755 328127 312355 288764
327423 304000 282673 297676
307767 334753 278445 301073
299470 329206 305661 290588
283106 326028 322570 327582
316845 313484 299022 291403
326938 287925 295722 308564
324694 299403 281990 319426
327302 304079 296472 296670
293697 326879 294544 309926
292964 327812 325668 300092
337917 297804 289427 302099
286799 319893 316946 320945
308979 304836 299927 295043
303159 361065 307936 286804
345057 323652 289997 282196
309063 300113 325244 286806
328000 329449 275163 296015
333542 296735 286220 306919
318380 293680 302577 290863
315019 315799 295980 289133
301092 301798 304920 312889
332691 286704 328335 293992
327156 331885 287874 284104
296906 332832 295368 307461
325146 312592 286450 293429
314165 302952 321197 293115
322167 356078 295142 283825
337591 283497 303690 318445
306628 338773 310783 278840
305224 315759 303561 292171
323227 295678 284452 326616
306794 298675 290831 311508
334511 287413 327843 297682
316761 304434 301259 281936
315001 306366 284598 324961
306786 328833 307692 288102
334313 291500 298796 282484
322249 330458 293986 283954
313006 306920 298261 293773
323282 289735 294123 305554
330843 297426 292296 314526
307478 328812 297949 290224
298639 320487 320837 287806
318903 335264 294292 289111
335582 326523 297963 277083
353948 313271 293323 277327
303161 316031 304419 292044
332167 346054 302394 265474
302848 322142 324802 281541
321129 298478 293329 320839
318642 282344 308011 298814
306713 327324 318730 282240
309546 326272 298100 274157
306072 299210 308638 324086
299138 319388 294220 307548
332843 296233 299074 299613
316171 324093 313828 282780
300864 295484 317123 315345
311757 325882 308032 286067
316777 297982 297917 301815
340629 307498 298378 282841
342067 321053 262688 320929
315170 329423 281865 298641
326921 319828 272807 300322
308019 327217 309650 286918
318640 352169 277190 300035
331582 296814 293349 307818
312755 312416 286676 316483
324277 350824 275498 299764
331020 312828 307980 276820
302795 321551 290185 300624
324434 308640 282273 294747
300541 325189 308358 295339
346670 299704 321057 281474
318300 349409 285963 293172
333515 285658 292911 322033
338380 300055 284518 303270
321995 316864 292668 290537
296187 326335 310669 293723
312684 315810 302541 285452
325230 301311 316600 289192
301130 313731 330687 295125
314131 326019 279023 299272
291592 321270 305558 308839
307185 328889 300320 289486
327577 319421 277734 287613
314703 311432 321160 284083
304349 310836 293166 303541
306425 297834 305454 311622
306243 316423 321505 287749
301635 296918 313191 318838
329449 293505 330644 290411
297250 330155 288108 300374
308418 303654 296484 300021
301305 312786 302238 294878
305561 303724 308345 289059
346968 284045 322211 296521
340355 301947 279684 304910
351518 283256 302154 321005
295681 296480 314019 307393
293886 329293 309620 295808
299717 318686 278596 302255
314017 326433 287276 291446
319804 302404 287859 302553
328113 295020 308987 290311
320004 301718 285457 314987
279009 329309 315696 302106
317342 288714 308251 311379
339363 321710 331567 263637
294399 339043 293616 308599
325407 270522 312021 313933
287672 306803 314674 316603
348058 295047 295734 301756
351515 296248 284446 302341
331735 298800 293117 304590
304347 311832 278209 325939
324299 330272 316086 263155
309202 298907 303946 301868
312950 294123 295557 311134
320053 338979 291822 285977
329509 329897 288101 286688
324904 344925 292186 285314
317677 330928 296273 285756
321310 310009 333681 280354
317591 303532 292582 300613
283022 320605 340110 311430
325213 340485 276727 293698
291501 321204 288229 311955
285039 319677 322754 318908
285841 325742 316197 311780
316322 294080 321509 307428
295551 324837 316906 292522
315713 298938 300281 303465
283821 353010 306894 316158
292790 319442 310701 311828
310768 297260 314351 306264
311579 318053 284500 309864
299468 327768 328164 286916
304550 315505 323682 277970
292292 311746 306176 316377
328703 283910 307020 323345
336430 333833 266686 291140
299889 334624 305349 294739
300061 311436 302337 313938
315387 294540 314816 299034
320962 311843 294820 295208
322684 309704 324758 281646
303753 291389 309216 312036
295240 316872 299383 312734
323220 326327 294985 289614
302291 311743 307591 297024
325051 288879 304784 291683
313702 306421 272996 308178
317953 285521 318415 304686
334247 301888 283568 309603
317717 297935 297832 309292
290298 317723 307624 324122
306337 333871 316151 283571
303084 320338 314538 293880
295823 319125 294705 317737
291151 324759 319729 309164
301014 297220 311512 332023
320569 312476 292304 296668
328401 335454 268652 310584
331042 330532 272549 302010
333833 321208 301171 275105
311742 308783 297237 299511
299560 332508 321608 285775
316662 297247 312197 292670
287648 319038 322387 305818
316437 322267 283259 298013
316851 310540 297520 289306
286558 311374 326383 302394
316082 290380 320651 314419
314088 287899 327996 324940
311997 312952 314551 275373
292095 328164 312017 308546
303606 288111 319904 318928
308434 317692 283721 319403
302301 308680 303193 305217
309267 316687 287280 315145
323178 303417 306222 290573
331204 302599 294030 295737
302912 323103 292607 298148
292212 319067 315502 308806
333603 290217 288073 304542
293649 316861 315329 300613
301782 312290 306404 299282
301504 307548 308997 302442
318430 304758 290328 318319
300451 308786 289398 310471
299837 305055 303497 309840
308857 334446 288464 300070
333884 289548 295949 295284
321044 307883 294083 296059
332583 334466 287747 281232
290320 331378 318334 290522
303727 297118 310105 306613
302170 321502 308071 293284
311370 291079 322761 316633
339663 339079 289408 276878
293641 313457 309032 311685
341648 310051 294499 286233
293011 331050 306981 297965
312533 305946 296159 308905
307120 298875 307259 296042
301977 345681 310695 281086
310166 311216 299455 292825
293273 316628 329700 294353
303513 311525 317869 295516
282432 326877 320643 309282
314283 348053 286924 295058
292080 313434 313246 309949
298593 310801 322470 301363
308779 310172 316918 287385
309529 317501 304923 286854
298479 312227 295184 317818
292502 298857 310241 312301
322516 290470 325682 291347
327181 305409 299333 289041
330235 309072 310376 269782
301435 299390 294761 316676
285194 339656 308397 325611
321386 302632 296415 297317
309777 293664 328730 296249
291128 332509 293090 309015
310423 305676 299211 296331
311157 318416 314446 282369
309363 350843 299785 277696
304194 317830 308460 287923
302139 311648 299208 303658
293957 332704 313161 290795
307922 320657 300075 289954
300165 312473 316432 301970
311161 310399 298787 296612
307091 301292 307751 294610
314765 294120 322053 305634
323244 319938 284816 300928
301560 308357 305194 306381
301913 311726 312073 297122
290895 338334 294189 324127
315404 303050 297184 300849
313729 298718 302599 308028
326428 302636 305061 285117
311323 307682 289893 313093
319029 314872 284565 304478
