255 46.1478
2.96185e+06 2.10563e+06
2.96214e+06 2.10226e+06
2.06917e+06 2.97456e+06
2.96464e+06 2.10131e+06
2.0656e+06 2.97551e+06
2.05413e+06 3.00421e+06
2.9856e+06 2.08243e+06
2.98563e+06 2.08166e+06
2.98081e+06 2.08284e+06
2.98642e+06 2.07803e+06
2.98766e+06 2.07487e+06
2.98774e+06 2.07248e+06
2.59496e+06 2.20116e+06
2.59891e+06 2.19862e+06
2.9914e+06 2.06208e+06
2.60004e+06 2.19561e+06
2.98929e+06 2.06298e+06
2.98956e+06 2.06277e+06
2.13042e+06 2.7512e+06
2.13458e+06 2.74036e+06
2.14086e+06 2.72786e+06
2.14146e+06 2.72561e+06
2.14264e+06 2.72485e+06
2.14463e+06 2.72432e+06
2.58765e+06 2.20436e+06
2.58891e+06 2.20311e+06
2.02998e+06 3.01144e+06
2.03091e+06 3.01091e+06
2.0322e+06 3.0052e+06
2.13581e+06 2.72927e+06
2.1465e+06 2.71939e+06
2.58373e+06 2.20837e+06
2.58411e+06 2.20733e+06
2.5859e+06 2.20551e+06
2.62011e+06 2.17577e+06
2.62076e+06 2.17307e+06
2.62487e+06 2.17206e+06
2.62625e+06 2.17101e+06
2.62654e+06 2.17075e+06
2.62656e+06 2.16797e+06
2.62825e+06 2.16727e+06
2.99166e+06 2.05972e+06
2.99386e+06 2.05954e+06
3.0039e+06 2.05757e+06
