37 4.65719
3.14891e+06 3.23723e+06 3.17831e+06 3.18016e+06
3.19778e+06 3.17576e+06 3.14479e+06 3.16431e+06
3.15068e+06 3.21629e+06 3.19085e+06 3.18231e+06
3.1976e+06 3.17294e+06 3.14899e+06 3.17027e+06
3.1442e+06 3.21963e+06 3.18254e+06 3.18033e+06
3.18732e+06 3.18062e+06 3.14408e+06 3.17944e+06
3.14704e+06 3.21655e+06 3.18899e+06 3.17991e+06
3.199e+06 3.1678e+06 3.14542e+06 3.17343e+06
3.21889e+06 3.15168e+06 3.1551e+06 3.23705e+06
3.1325e+06 3.23e+06 3.17968e+06 3.1765e+06
3.14784e+06 3.22099e+06 3.18444e+06 3.17573e+06
3.15269e+06 3.19457e+06 3.27023e+06 3.18181e+06
3.15536e+06 3.20764e+06 3.17822e+06 3.17836e+06
3.17753e+06 3.21751e+06 3.1691e+06 3.15841e+06
3.18981e+06 3.17359e+06 3.15273e+06 3.17544e+06
3.19466e+06 3.17326e+06 3.14973e+06 3.16649e+06
3.19787e+06 3.1587e+06 3.1496e+06 3.17209e+06
3.20018e+06 3.16826e+06 3.15318e+06 3.16335e+06
3.22136e+06 3.20447e+06 3.12553e+06 3.16209e+06
3.13444e+06 3.23807e+06 3.17438e+06 3.18012e+06
3.179e+06 3.169e+06 3.15559e+06 3.15879e+06
3.20029e+06 3.16606e+06 3.14673e+06 3.17401e+06
3.20725e+06 3.20492e+06 3.11735e+06 3.17107e+06
3.21535e+06 3.18257e+06 3.14257e+06 3.15187e+06
3.11998e+06 3.24446e+06 3.1784e+06 3.1874e+06
3.13171e+06 3.2187e+06 3.1919e+06 3.1858e+06
3.15362e+06 3.19239e+06 3.25747e+06 3.18181e+06
3.16073e+06 3.24325e+06 3.17994e+06 3.17393e+06
3.18285e+06 3.17872e+06 3.15085e+06 3.16764e+06
3.21366e+06 3.18963e+06 3.13011e+06 3.14623e+06
3.21488e+06 3.15097e+06 3.18668e+06 3.23014e+06
3.12506e+06 3.24866e+06 3.19312e+06 3.18143e+06
3.16755e+06 3.23664e+06 3.16844e+06 3.14042e+06
3.18082e+06 3.18079e+06 3.15039e+06 3.16031e+06
3.19237e+06 3.16272e+06 3.15578e+06 3.15849e+06
3.20084e+06 3.16536e+06 3.15977e+06 3.15489e+06
3.20278e+06 3.17497e+06 3.14717e+06 3.16044e+06
3.20446e+06 3.13219e+06 3.18507e+06 3.23777e+06
3.20461e+06 3.20798e+06 3.10441e+06 3.17236e+06
3.20661e+06 3.18757e+06 3.14078e+06 3.1774e+06
3.2228e+06 3.16808e+06 3.13247e+06 3.1725e+06
3.22354e+06 3.18385e+06 3.12453e+06 3.15882e+06
3.12694e+06 3.2231e+06 3.19189e+06 3.18372e+06
3.13019e+06 3.22046e+06 3.18138e+06 3.18466e+06
3.1907e+06 3.16129e+06 3.16263e+06 3.14752e+06
3.1934e+06 3.14096e+06 3.17651e+06 3.23571e+06
3.20818e+06 3.2048e+06 3.10058e+06 3.18579e+06
3.2094e+06 3.20031e+06 3.13321e+06 3.17475e+06
3.21597e+06 3.15238e+06 3.18048e+06 3.21477e+06
3.23604e+06 3.17856e+06 3.13932e+06 3.16614e+06
3.23941e+06 3.14698e+06 3.15832e+06 3.24025e+06
3.26311e+06 3.128e+06 3.19154e+06 3.18016e+06
3.09693e+06 3.2583e+06 3.2086e+06 3.22578e+06
3.12469e+06 3.21361e+06 3.18358e+06 3.24203e+06
3.14393e+06 3.25707e+06 3.18489e+06 3.16901e+06
3.1601e+06 3.24106e+06 3.18991e+06 3.14217e+06
3.17436e+06 3.17959e+06 3.1733e+06 3.16078e+06
3.19975e+06 3.20387e+06 3.13176e+06 3.14348e+06
3.22595e+06 3.28069e+06 3.20431e+06 3.11826e+06
3.24758e+06 3.16767e+06 3.10329e+06 3.17625e+06
3.09797e+06 3.24384e+06 3.20276e+06 3.22697e+06
3.19332e+06 3.15668e+06 3.16175e+06 3.14101e+06
3.19903e+06 3.20497e+06 3.15139e+06 3.1417e+06
3.20556e+06 3.19316e+06 3.14854e+06 3.155e+06
3.2491e+06 3.16577e+06 3.11096e+06 3.17435e+06
3.1074e+06 3.22582e+06 3.22122e+06 3.23044e+06
3.12766e+06 3.18899e+06 3.13282e+06 3.21052e+06
3.13827e+06 3.19193e+06 3.13054e+06 3.20017e+06
3.17673e+06 3.29931e+06 3.2023e+06 3.10417e+06
3.19721e+06 3.13284e+06 3.18141e+06 3.2352e+06
3.19837e+06 3.11466e+06 3.18608e+06 3.25155e+06
3.19975e+06 3.15099e+06 3.21158e+06 3.15048e+06
3.22633e+06 3.195e+06 3.12187e+06 3.13233e+06
3.23982e+06 3.15757e+06 3.12948e+06 3.19892e+06
3.2408e+06 3.17024e+06 3.09503e+06 3.17773e+06
3.10193e+06 3.21558e+06 3.17454e+06 3.24424e+06
3.13497e+06 3.24774e+06 3.18951e+06 3.17236e+06
3.16331e+06 3.18632e+06 3.16133e+06 3.16463e+06
3.17488e+06 3.18687e+06 3.17158e+06 3.1582e+06
3.17682e+06 3.28874e+06 3.21531e+06 3.10747e+06
3.17916e+06 3.23695e+06 3.16636e+06 3.13498e+06
3.24303e+06 3.18255e+06 3.09383e+06 3.16745e+06
3.26193e+06 3.17692e+06 3.2694e+06 3.09736e+06
3.11206e+06 3.2489e+06 3.1778e+06 3.18111e+06
3.16446e+06 3.23624e+06 3.16934e+06 3.14944e+06
3.16997e+06 3.22156e+06 3.20144e+06 3.13326e+06
3.1783e+06 3.29058e+06 3.1952e+06 3.10187e+06
3.1863e+06 3.20344e+06 3.27487e+06 3.14801e+06
3.2195e+06 3.11935e+06 3.18544e+06 3.24717e+06
3.23376e+06 3.18434e+06 3.08891e+06 3.17148e+06
3.26685e+06 3.18544e+06 3.25933e+06 3.09719e+06
3.10162e+06 3.22695e+06 3.23141e+06 3.22912e+06
3.11414e+06 3.24736e+06 3.18238e+06 3.18588e+06
3.16964e+06 3.18844e+06 3.24959e+06 3.1591e+06
3.18269e+06 3.28362e+06 3.19818e+06 3.11004e+06
3.18638e+06 3.27772e+06 3.20604e+06 3.10682e+06
3.20192e+06 3.12283e+06 3.18519e+06 3.2788e+06
3.23425e+06 3.19782e+06 3.08167e+06 3.17843e+06
3.26333e+06 3.18986e+06 3.25745e+06 3.10023e+06
3.10138e+06 3.25896e+06 3.19411e+06 3.22481e+06
3.1213e+06 3.20689e+06 3.16786e+06 3.2656e+06
3.15838e+06 3.19518e+06 3.25172e+06 3.15725e+06
3.19556e+06 3.11465e+06 3.18111e+06 3.28175e+06
3.24408e+06 3.08548e+06 3.22518e+06 3.17807e+06
3.24782e+06 3.17174e+06 3.09219e+06 3.16669e+06
3.09442e+06 3.22726e+06 3.21625e+06 3.2265e+06
3.12775e+06 3.18527e+06 3.16523e+06 3.20924e+06
3.13682e+06 3.17234e+06 3.15225e+06 3.20952e+06
3.16171e+06 3.1809e+06 3.25414e+06 3.15072e+06
3.16715e+06 3.31524e+06 3.1961e+06 3.11201e+06
3.18135e+06 3.20754e+06 3.26384e+06 3.13776e+06
3.18934e+06 3.2621e+06 3.20999e+06 3.09843e+06
3.19085e+06 3.21015e+06 3.09589e+06 3.16746e+06
3.19128e+06 3.11831e+06 3.192e+06 3.27563e+06
3.19653e+06 3.20813e+06 3.08397e+06 3.1784e+06
3.25681e+06 3.18572e+06 3.2353e+06 3.10248e+06
3.25735e+06 3.18161e+06 3.26003e+06 3.10202e+06
3.27212e+06 3.1247e+06 3.18409e+06 3.17423e+06
3.27238e+06 3.14377e+06 3.18026e+06 3.17866e+06
3.13072e+06 3.1743e+06 3.17072e+06 3.20738e+06
3.17374e+06 3.30487e+06 3.16705e+06 3.12019e+06
3.18728e+06 3.28097e+06 3.2338e+06 3.0809e+06
3.18813e+06 3.2113e+06 3.10983e+06 3.16972e+06
3.20392e+06 3.11423e+06 3.17659e+06 3.27326e+06
3.20652e+06 3.12749e+06 3.17974e+06 3.25934e+06
3.25615e+06 3.1861e+06 3.2299e+06 3.11316e+06
3.27436e+06 3.1262e+06 3.17008e+06 3.16652e+06
3.09328e+06 3.21576e+06 3.17242e+06 3.2518e+06
3.11447e+06 3.27626e+06 3.16476e+06 3.17751e+06
3.16733e+06 3.23037e+06 3.16968e+06 3.13589e+06
3.17167e+06 3.28056e+06 3.23919e+06 3.08402e+06
3.17296e+06 3.30829e+06 3.17061e+06 3.10673e+06
3.17761e+06 3.29111e+06 3.19934e+06 3.11233e+06
3.18188e+06 3.28267e+06 3.23613e+06 3.07571e+06
3.1838e+06 3.20446e+06 3.27809e+06 3.14862e+06
3.19373e+06 3.25463e+06 3.20505e+06 3.09911e+06
3.21213e+06 3.20972e+06 3.07996e+06 3.18913e+06
3.21375e+06 3.10549e+06 3.17726e+06 3.28638e+06
3.2624e+06 3.13737e+06 3.18866e+06 3.17148e+06
3.27276e+06 3.20031e+06 3.23203e+06 3.0836e+06
3.27577e+06 3.15007e+06 3.17875e+06 3.15258e+06
3.15656e+06 3.30039e+06 3.17552e+06 3.11897e+06
3.17199e+06 3.23603e+06 3.16852e+06 3.1443e+06
3.17291e+06 3.20823e+06 3.26347e+06 3.1397e+06
3.18443e+06 3.21438e+06 3.09095e+06 3.17331e+06
3.2322e+06 3.12642e+06 3.1047e+06 3.26676e+06
3.2416e+06 3.15647e+06 3.07535e+06 3.19594e+06
3.11834e+06 3.27869e+06 3.16092e+06 3.17632e+06
3.16159e+06 3.22687e+06 3.1716e+06 3.13214e+06
3.17623e+06 3.30048e+06 3.15886e+06 3.11761e+06
3.1975e+06 3.2513e+06 3.20862e+06 3.08722e+06
3.20944e+06 3.15534e+06 3.22526e+06 3.12243e+06
3.22554e+06 3.15257e+06 3.26189e+06 3.10511e+06
3.25232e+06 3.0764e+06 3.22112e+06 3.16592e+06
3.2691e+06 3.1343e+06 3.18191e+06 3.15643e+06
3.27996e+06 3.14662e+06 3.19389e+06 3.15039e+06
3.29298e+06 3.19008e+06 3.21785e+06 3.10336e+06
3.12614e+06 3.2773e+06 3.15718e+06 3.181e+06
3.13136e+06 3.27604e+06 3.15221e+06 3.18164e+06
3.17295e+06 3.22071e+06 3.1792e+06 3.13277e+06
3.17477e+06 3.23091e+06 3.17055e+06 3.12468e+06
3.17724e+06 3.29875e+06 3.15422e+06 3.11452e+06
3.18512e+06 3.20976e+06 3.25248e+06 3.15717e+06
3.19075e+06 3.11808e+06 3.19548e+06 3.24647e+06
3.19703e+06 3.28901e+06 3.21947e+06 3.07523e+06
3.20337e+06 3.14826e+06 3.22288e+06 3.12328e+06
3.23324e+06 3.06558e+06 3.18517e+06 3.19032e+06
3.23573e+06 3.18163e+06 3.08494e+06 3.17321e+06
3.24257e+06 3.13444e+06 3.09924e+06 3.2592e+06
3.26225e+06 3.14301e+06 3.18106e+06 3.1596e+06
3.27801e+06 3.13639e+06 3.17768e+06 3.1534e+06
3.31667e+06 3.20115e+06 3.21178e+06 3.10195e+06
3.08831e+06 3.26168e+06 3.20521e+06 3.22328e+06
3.1367e+06 3.16603e+06 3.15057e+06 3.2221e+06
3.15828e+06 3.15275e+06 3.12954e+06 3.20217e+06
3.16912e+06 3.33183e+06 3.18989e+06 3.11809e+06
3.18022e+06 3.29961e+06 3.16556e+06 3.10911e+06
3.2042e+06 3.0547e+06 3.21308e+06 3.1873e+06
3.22284e+06 3.12357e+06 3.09574e+06 3.27253e+06
3.23627e+06 3.05675e+06 3.20973e+06 3.17841e+06
3.25562e+06 3.07433e+06 3.21518e+06 3.15865e+06
3.29234e+06 3.16798e+06 3.30162e+06 3.08804e+06
3.09766e+06 3.25618e+06 3.19534e+06 3.22101e+06
3.16549e+06 3.30943e+06 3.2006e+06 3.11748e+06
3.17127e+06 3.22894e+06 3.17848e+06 3.11986e+06
3.20184e+06 3.06946e+06 3.21463e+06 3.20167e+06
3.20786e+06 3.04769e+06 3.2175e+06 3.19331e+06
3.23766e+06 3.18218e+06 3.07795e+06 3.17475e+06
3.24023e+06 3.12692e+06 3.09941e+06 3.24482e+06
3.24142e+06 3.07413e+06 3.18206e+06 3.1914e+06
3.24705e+06 3.20254e+06 3.22034e+06 3.07523e+06
3.25039e+06 3.08638e+06 3.23412e+06 3.15102e+06
3.25298e+06 3.13895e+06 3.18093e+06 3.18043e+06
3.2628e+06 3.19663e+06 3.22978e+06 3.09039e+06
3.2638e+06 3.09101e+06 3.2134e+06 3.15558e+06
3.05596e+06 3.27375e+06 3.25091e+06 3.26385e+06
3.07535e+06 3.23301e+06 3.22735e+06 3.25052e+06
3.10831e+06 3.21675e+06 3.30846e+06 3.15373e+06
3.11009e+06 3.25326e+06 3.19152e+06 3.21669e+06
3.12882e+06 3.1854e+06 3.15224e+06 3.23781e+06
3.13804e+06 3.20737e+06 3.27076e+06 3.20588e+06
3.16771e+06 3.31769e+06 3.19307e+06 3.10635e+06
3.19517e+06 3.05892e+06 3.21493e+06 3.19721e+06
3.20395e+06 3.11291e+06 3.15376e+06 3.28833e+06
3.21528e+06 3.13466e+06 3.11097e+06 3.27776e+06
3.23699e+06 3.11658e+06 3.11538e+06 3.25552e+06
3.25113e+06 3.13948e+06 3.18978e+06 3.15914e+06
3.27452e+06 3.09447e+06 3.21651e+06 3.15392e+06
3.0531e+06 3.29275e+06 3.23589e+06 3.26641e+06
3.06554e+06 3.30069e+06 3.2144e+06 3.29951e+06
3.08137e+06 3.2689e+06 3.20241e+06 3.23234e+06
3.08339e+06 3.23436e+06 3.21812e+06 3.24092e+06
3.08929e+06 3.25505e+06 3.17891e+06 3.23003e+06
3.09473e+06 3.22401e+06 3.17382e+06 3.24192e+06
3.11954e+06 3.21769e+06 3.28509e+06 3.15798e+06
3.17389e+06 3.3024e+06 3.20039e+06 3.11156e+06
3.18725e+06 3.10268e+06 3.23373e+06 3.23325e+06
3.19483e+06 3.26313e+06 3.23274e+06 3.08583e+06
3.21082e+06 3.14538e+06 3.12796e+06 3.2613e+06
3.21676e+06 3.14012e+06 3.11763e+06 3.27215e+06
3.21816e+06 3.13161e+06 3.11922e+06 3.24454e+06
3.22156e+06 3.12611e+06 3.11062e+06 3.25114e+06
3.23645e+06 3.1186e+06 3.12388e+06 3.25518e+06
3.24019e+06 3.09719e+06 3.23299e+06 3.15661e+06
3.26911e+06 3.15026e+06 3.17016e+06 3.18327e+06
3.3012e+06 3.16195e+06 3.29814e+06 3.08802e+06
3.06761e+06 3.28868e+06 3.21312e+06 3.29204e+06
3.10097e+06 3.26194e+06 3.18795e+06 3.22021e+06
3.10303e+06 3.21049e+06 3.30385e+06 3.16314e+06
3.11977e+06 3.20353e+06 3.277e+06 3.16324e+06
3.1213e+06 3.2638e+06 3.16783e+06 3.19032e+06
3.12765e+06 3.21275e+06 3.28991e+06 3.1556e+06
3.17026e+06 3.29e+06 3.22899e+06 3.07628e+06
3.17427e+06 3.28671e+06 3.23115e+06 3.06288e+06
3.18153e+06 3.11081e+06 3.2367e+06 3.23682e+06
3.19388e+06 3.12405e+06 3.13541e+06 3.26387e+06
3.20755e+06 3.20494e+06 3.08778e+06 3.12977e+06
3.21486e+06 3.135e+06 3.10227e+06 3.27488e+06
3.21744e+06 3.0463e+06 3.22086e+06 3.19846e+06
3.21874e+06 3.15598e+06 3.05725e+06 3.21685e+06
3.22287e+06 3.12468e+06 3.10693e+06 3.26738e+06
3.2363e+06 3.18506e+06 3.08308e+06 3.16785e+06
3.23673e+06 3.10696e+06 3.12714e+06 3.24278e+06
3.25168e+06 3.20302e+06 3.22126e+06 3.07227e+06
3.29956e+06 3.17854e+06 3.19667e+06 3.13092e+06
3.07549e+06 3.28922e+06 3.20028e+06 3.28208e+06
3.09933e+06 3.26128e+06 3.19078e+06 3.22377e+06
3.15097e+06 3.15768e+06 3.12321e+06 3.19854e+06
3.17254e+06 3.31517e+06 3.18919e+06 3.10238e+06
3.17817e+06 3.28532e+06 3.22876e+06 3.07939e+06
3.18913e+06 3.0603e+06 3.21889e+06 3.19334e+06
3.20164e+06 3.12859e+06 3.13335e+06 3.28524e+06
3.20931e+06 3.06236e+06 3.20967e+06 3.17896e+06
3.22047e+06 3.05808e+06 3.25876e+06 3.17778e+06
3.22748e+06 3.1141e+06 3.10769e+06 3.28318e+06
3.23455e+06 3.11218e+06 3.11288e+06 3.2577e+06
3.24381e+06 3.08871e+06 3.22985e+06 3.15919e+06
3.24705e+06 3.09306e+06 3.21852e+06 3.17555e+06
3.2504e+06 3.0884e+06 3.22894e+06 3.1485e+06
3.25556e+06 3.14474e+06 3.17764e+06 3.17923e+06
3.27126e+06 3.18856e+06 3.29755e+06 3.0935e+06
3.28713e+06 3.15324e+06 3.30151e+06 3.09958e+06
3.30119e+06 3.18052e+06 3.29449e+06 3.08575e+06
3.30502e+06 3.17215e+06 3.20538e+06 3.12527e+06
3.04834e+06 3.30171e+06 3.23821e+06 3.25539e+06
3.08954e+06 3.2122e+06 3.17636e+06 3.24847e+06
3.09348e+06 3.23446e+06 3.22022e+06 3.23708e+06
3.10549e+06 3.25774e+06 3.19407e+06 3.21451e+06
3.12386e+06 3.2919e+06 3.16071e+06 3.1786e+06
3.14677e+06 3.1545e+06 3.1403e+06 3.19132e+06
3.17335e+06 3.34852e+06 3.19372e+06 3.09101e+06
3.17353e+06 3.33547e+06 3.19242e+06 3.0913e+06
3.1784e+06 3.12884e+06 3.14588e+06 3.24259e+06
3.19343e+06 3.07333e+06 3.19491e+06 3.19227e+06
3.20513e+06 3.21872e+06 3.08916e+06 3.1291e+06
3.21765e+06 3.1385e+06 3.09252e+06 3.27114e+06
3.2241e+06 3.05385e+06 3.26435e+06 3.18393e+06
3.2264e+06 3.19591e+06 3.05402e+06 3.19377e+06
3.22791e+06 3.03734e+06 3.21935e+06 3.2129e+06
3.22909e+06 3.11995e+06 3.11083e+06 3.27517e+06
3.23126e+06 3.14864e+06 3.25513e+06 3.11879e+06
3.23612e+06 3.09523e+06 3.21011e+06 3.17208e+06
3.24392e+06 3.1428e+06 3.17313e+06 3.18667e+06
3.2485e+06 3.20239e+06 3.247e+06 3.05666e+06
3.26805e+06 3.14189e+06 3.18822e+06 3.15611e+06
3.29598e+06 3.15739e+06 3.30611e+06 3.09276e+06
3.29846e+06 3.17872e+06 3.18905e+06 3.13447e+06
3.05799e+06 3.28005e+06 3.23104e+06 3.25472e+06
3.06885e+06 3.27775e+06 3.20648e+06 3.27934e+06
3.07715e+06 3.23513e+06 3.22146e+06 3.24418e+06
3.10101e+06 3.26107e+06 3.19597e+06 3.2035e+06
3.10312e+06 3.24486e+06 3.16962e+06 3.23011e+06
3.10955e+06 3.20648e+06 3.2964e+06 3.15127e+06
3.13002e+06 3.26789e+06 3.16338e+06 3.18346e+06
3.15654e+06 3.28656e+06 3.23902e+06 3.04768e+06
3.18487e+06 3.10466e+06 3.2259e+06 3.2397e+06
3.18694e+06 3.28406e+06 3.2299e+06 3.07742e+06
3.19024e+06 3.10732e+06 3.15281e+06 3.30354e+06
3.20407e+06 3.12794e+06 3.1099e+06 3.29315e+06
3.21864e+06 3.21793e+06 3.07924e+06 3.13692e+06
3.22638e+06 3.06145e+06 3.25676e+06 3.166e+06
3.23746e+06 3.19713e+06 3.07756e+06 3.17065e+06
3.24552e+06 3.08729e+06 3.21883e+06 3.16824e+06
3.28442e+06 3.16144e+06 3.30316e+06 3.09688e+06
3.08019e+06 3.23627e+06 3.2066e+06 3.23665e+06
3.09764e+06 3.2515e+06 3.20149e+06 3.23476e+06
3.12122e+06 3.20311e+06 3.27399e+06 3.17309e+06
3.12413e+06 3.19508e+06 3.28449e+06 3.16486e+06
3.13272e+06 3.2688e+06 3.15958e+06 3.18103e+06
3.18303e+06 3.34931e+06 3.1955e+06 3.08295e+06
3.19418e+06 3.0795e+06 3.18938e+06 3.18716e+06
3.19983e+06 3.13138e+06 3.11814e+06 3.29386e+06
3.21658e+06 3.0366e+06 3.2282e+06 3.20977e+06
3.23353e+06 3.16579e+06 3.0645e+06 3.18732e+06
3.24857e+06 3.08406e+06 3.21968e+06 3.17e+06
3.26248e+06 3.09073e+06 3.21709e+06 3.15835e+06
3.2792e+06 3.15214e+06 3.31016e+06 3.09257e+06
3.28484e+06 3.16048e+06 3.2974e+06 3.0947e+06
3.31583e+06 3.18441e+06 3.17398e+06 3.12717e+06
3.06395e+06 3.30884e+06 3.2247e+06 3.24949e+06
3.08608e+06 3.24314e+06 3.20184e+06 3.23631e+06
3.09814e+06 3.21937e+06 3.16631e+06 3.24758e+06
3.10002e+06 3.21445e+06 3.31065e+06 3.14066e+06
3.11481e+06 3.24131e+06 3.18707e+06 3.21327e+06
3.13596e+06 3.19388e+06 3.13205e+06 3.21552e+06
3.16126e+06 3.32196e+06 3.19056e+06 3.09192e+06
3.17476e+06 3.33733e+06 3.18225e+06 3.10517e+06
3.17519e+06 3.35587e+06 3.18873e+06 3.07653e+06
3.1839e+06 3.11808e+06 3.14804e+06 3.3112e+06
3.1851e+06 3.3329e+06 3.18573e+06 3.08466e+06
3.19206e+06 3.11308e+06 3.15402e+06 3.29297e+06
3.20026e+06 3.13519e+06 3.13383e+06 3.28535e+06
3.21041e+06 3.13241e+06 3.10362e+06 3.29604e+06
3.2301e+06 3.03609e+06 3.2305e+06 3.2093e+06
3.23018e+06 3.05064e+06 3.25451e+06 3.17868e+06
3.23714e+06 3.14266e+06 3.2609e+06 3.12737e+06
3.23871e+06 3.12009e+06 3.10954e+06 3.26651e+06
3.28325e+06 3.17043e+06 3.28953e+06 3.08838e+06
3.3091e+06 3.17058e+06 3.19056e+06 3.12235e+06
3.05949e+06 3.2599e+06 3.24489e+06 3.2616e+06
3.10646e+06 3.22704e+06 3.30437e+06 3.14744e+06
3.11479e+06 3.24189e+06 3.18509e+06 3.18822e+06
3.12624e+06 3.20289e+06 3.27953e+06 3.15579e+06
3.13852e+06 3.16042e+06 3.11015e+06 3.1826e+06
3.1496e+06 3.2697e+06 3.25644e+06 3.04419e+06
3.17316e+06 3.31779e+06 3.20159e+06 3.07188e+06
3.17405e+06 3.35088e+06 3.18948e+06 3.08253e+06
3.19691e+06 3.07085e+06 3.19287e+06 3.19792e+06
3.19969e+06 3.21894e+06 3.09639e+06 3.13968e+06
3.20129e+06 3.216e+06 3.08179e+06 3.13492e+06
3.22818e+06 3.05531e+06 3.26349e+06 3.1696e+06
3.23244e+06 3.03577e+06 3.22314e+06 3.21881e+06
3.23485e+06 3.09788e+06 3.21653e+06 3.17731e+06
3.24332e+06 3.14626e+06 3.25239e+06 3.11266e+06
3.24959e+06 3.20779e+06 3.2316e+06 3.05789e+06
3.2581e+06 3.08812e+06 3.19756e+06 3.1605e+06
3.26246e+06 3.1549e+06 3.30526e+06 3.09495e+06
3.2902e+06 3.17542e+06 3.27509e+06 3.10085e+06
3.03218e+06 3.28249e+06 3.24771e+06 3.28179e+06
3.05893e+06 3.2729e+06 3.24152e+06 3.2473e+06
3.06424e+06 3.30597e+06 3.21922e+06 3.25619e+06
3.11159e+06 3.18892e+06 3.28597e+06 3.16749e+06
3.11532e+06 3.2454e+06 3.28387e+06 3.15537e+06
3.12389e+06 3.23678e+06 3.17675e+06 3.18459e+06
3.13182e+06 3.21141e+06 3.27619e+06 3.14016e+06
3.13301e+06 3.19853e+06 3.12869e+06 3.2242e+06
3.14346e+06 3.25403e+06 3.27398e+06 3.04014e+06
3.1469e+06 3.27524e+06 3.24324e+06 3.04296e+06
3.164e+06 3.3404e+06 3.18961e+06 3.11173e+06
3.1654e+06 3.32223e+06 3.20178e+06 3.05953e+06
3.16701e+06 3.32997e+06 3.19046e+06 3.11465e+06
3.19077e+06 3.07732e+06 3.19847e+06 3.20882e+06
3.19428e+06 3.15878e+06 3.05033e+06 3.20189e+06
3.21414e+06 3.03747e+06 3.20722e+06 3.20509e+06
3.21879e+06 3.217e+06 3.07556e+06 3.13062e+06
3.22016e+06 3.0608e+06 3.20614e+06 3.19327e+06
3.23962e+06 3.08095e+06 3.23394e+06 3.17316e+06
3.24157e+06 3.04564e+06 3.22395e+06 3.20424e+06
3.25496e+06 3.20027e+06 3.23892e+06 3.0626e+06
3.25866e+06 3.0841e+06 3.2031e+06 3.17066e+06
3.27118e+06 3.16505e+06 3.2784e+06 3.10364e+06
3.2716e+06 3.16952e+06 3.29464e+06 3.08314e+06
3.2802e+06 3.17427e+06 3.27701e+06 3.10345e+06
3.03021e+06 3.26376e+06 3.22834e+06 3.2859e+06
3.09105e+06 3.22474e+06 3.31397e+06 3.11826e+06
3.09475e+06 3.22208e+06 3.1693e+06 3.24733e+06
3.10326e+06 3.21237e+06 3.3204e+06 3.12666e+06
3.14024e+06 3.25889e+06 3.27045e+06 3.04148e+06
3.16026e+06 3.34028e+06 3.19283e+06 3.09967e+06
3.17056e+06 3.35328e+06 3.16544e+06 3.10918e+06
3.18569e+06 3.10435e+06 3.15803e+06 3.29179e+06
3.1887e+06 3.11242e+06 3.15264e+06 3.2944e+06
3.19115e+06 3.07562e+06 3.1974e+06 3.19986e+06
3.20073e+06 3.1716e+06 3.05095e+06 3.19766e+06
3.20074e+06 3.13032e+06 3.11582e+06 3.31857e+06
3.21033e+06 3.13647e+06 3.10228e+06 3.29746e+06
3.22135e+06 3.20705e+06 3.07723e+06 3.13622e+06
3.22305e+06 3.15787e+06 3.07241e+06 3.18632e+06
3.22678e+06 3.05195e+06 3.24586e+06 3.17181e+06
3.25051e+06 3.04558e+06 3.23083e+06 3.20231e+06
3.25825e+06 3.20182e+06 3.23317e+06 3.05114e+06
3.28819e+06 3.17825e+06 3.2841e+06 3.0921e+06
3.31676e+06 3.19615e+06 3.27377e+06 3.09139e+06
3.04142e+06 3.26024e+06 3.25256e+06 3.28921e+06
3.05191e+06 3.29057e+06 3.23496e+06 3.26915e+06
3.05912e+06 3.2998e+06 3.23993e+06 3.24054e+06
3.06498e+06 3.31023e+06 3.21469e+06 3.25283e+06
3.06994e+06 3.27315e+06 3.2289e+06 3.2326e+06
3.07545e+06 3.24479e+06 3.214e+06 3.24232e+06
3.08538e+06 3.21681e+06 3.32074e+06 3.11935e+06
3.11472e+06 3.27021e+06 3.16605e+06 3.19419e+06
3.13914e+06 3.25785e+06 3.28284e+06 3.03729e+06
3.1413e+06 3.24735e+06 3.25873e+06 3.04604e+06
3.149e+06 3.31347e+06 3.205e+06 3.06286e+06
3.15609e+06 3.33572e+06 3.18794e+06 3.12173e+06
3.16408e+06 3.29587e+06 3.21519e+06 3.03097e+06
3.16502e+06 3.34919e+06 3.15771e+06 3.11271e+06
3.16766e+06 3.34613e+06 3.16662e+06 3.10294e+06
3.1729e+06 3.35454e+06 3.19441e+06 3.06925e+06
3.17679e+06 3.35742e+06 3.18418e+06 3.09662e+06
3.17909e+06 3.11083e+06 3.16286e+06 3.28603e+06
3.18405e+06 3.15862e+06 3.06886e+06 3.20862e+06
3.19674e+06 3.09637e+06 3.15049e+06 3.30091e+06
3.19984e+06 3.16057e+06 3.05398e+06 3.1972e+06
3.20178e+06 3.16876e+06 3.04513e+06 3.20127e+06
3.2044e+06 3.12488e+06 3.12562e+06 3.26181e+06
3.20691e+06 3.11598e+06 3.1425e+06 3.2641e+06
3.22392e+06 3.09368e+06 3.22496e+06 3.17405e+06
3.23419e+06 3.02838e+06 3.22141e+06 3.22079e+06
3.23868e+06 3.12355e+06 3.10712e+06 3.25511e+06
3.26447e+06 3.20552e+06 3.2275e+06 3.07111e+06
3.29883e+06 3.19615e+06 3.28722e+06 3.08153e+06
3.01815e+06 3.2838e+06 3.23758e+06 3.26432e+06
3.03731e+06 3.27869e+06 3.2182e+06 3.27046e+06
3.0399e+06 3.27123e+06 3.2262e+06 3.27714e+06
3.04153e+06 3.28206e+06 3.24835e+06 3.26953e+06
3.04662e+06 3.26211e+06 3.23495e+06 3.2754e+06
3.05623e+06 3.28638e+06 3.23139e+06 3.26044e+06
3.06373e+06 3.2763e+06 3.22817e+06 3.23574e+06
3.09017e+06 3.21346e+06 3.33141e+06 3.11566e+06
3.09213e+06 3.22955e+06 3.29598e+06 3.12614e+06
3.09566e+06 3.22023e+06 3.30995e+06 3.11713e+06
3.10165e+06 3.21836e+06 3.31296e+06 3.11591e+06
3.10377e+06 3.20599e+06 3.32624e+06 3.12599e+06
3.1164e+06 3.23708e+06 3.28819e+06 3.14148e+06
3.14812e+06 3.29356e+06 3.22058e+06 3.02462e+06
3.15284e+06 3.30066e+06 3.20656e+06 3.05692e+06
3.1534e+06 3.23172e+06 3.24613e+06 3.04746e+06
3.1581e+06 3.31602e+06 3.19374e+06 3.08313e+06
3.17304e+06 3.13342e+06 3.26746e+06 3.23779e+06
3.1809e+06 3.16952e+06 3.05827e+06 3.20857e+06
3.19208e+06 3.31489e+06 3.20414e+06 3.07376e+06
3.19314e+06 3.10442e+06 3.14941e+06 3.34491e+06
3.19681e+06 3.0992e+06 3.14482e+06 3.30401e+06
3.20421e+06 3.21892e+06 3.09463e+06 3.13133e+06
3.23538e+06 3.04376e+06 3.24571e+06 3.17601e+06
3.2457e+06 3.11946e+06 3.12177e+06 3.24924e+06
3.26944e+06 3.14135e+06 3.20037e+06 3.15122e+06
3.28204e+06 3.16206e+06 3.28232e+06 3.09658e+06
3.286e+06 3.17939e+06 3.17934e+06 3.10952e+06
3.29692e+06 3.15404e+06 3.28166e+06 3.09627e+06
3.30486e+06 3.193e+06 3.17704e+06 3.122e+06
3.30875e+06 3.18631e+06 3.27857e+06 3.0904e+06
3.31819e+06 3.18945e+06 3.27893e+06 3.08935e+06
