7500 170.583
749449 774898 779154
755650 784774 771729
782717 767804 752652
752669 791896 771947
775997 798292 745272
757986 796221 757446
799742 761724 744390
754238 796808 769099
780883 778191 728577
768438 744336 779281
797877 737508 767518
754149 770299 786052
762199 749267 833897
776993 793099 750243
821874 797317 725529
736741 798430 824387
812100 726388 795914
784354 770035 741660
781334 730881 786122
755412 791639 771367
783943 764072 752661
746259 787157 796516
766705 782543 767012
770002 781387 752495
763776 748168 782333
759313 793926 766026
755856 757289 788550
785657 745213 772691
861885 725843 768596
740067 774850 800949
831731 746587 752256
787588 743596 777370
763268 813523 748135
784102 730630 842511
747470 770335 813118
747454 799368 764283
771317 770810 757368
825223 751546 752141
784614 794238 726254
766899 767412 775211
814065 745313 752652
740590 789492 772615
795150 741083 771217
802710 768518 739055
770080 761073 768685
753069 795621 770492
800593 744120 767162
733590 804221 831576
769464 731908 785326
743143 784612 800873
764811 763930 782043
801825 812322 719256
757432 766778 786657
777917 837453 744842
757832 770133 767229
832826 756061 751121
775779 746007 754012
773540 764528 765370
802290 757431 742470
759182 751760 789890
831420 771164 734701
779157 799069 745088
765024 769835 768198
785400 760465 750506
786526 737997 782576
768773 781672 765691
750750 772666 774606
768615 746885 777250
789580 703779 800671
759693 768548 773790
769305 770521 760414
771183 766237 757431
789712 764803 745897
775792 817020 746177
740152 770437 816782
815866 792265 726864
784455 736889 784764
766684 786437 756122
739814 792468 794331
746522 783826 790247
838425 765324 739665
775361 752067 772784
757238 824185 760316
766685 761660 779999
751057 756458 792311
761845 752176 789473
780349 833529 743748
785934 766751 749587
849396 736018 778480
761266 787454 754250
