80 1.73956
300489 305820 308307 284943
326146 326926 301661 268529
282376 323002 284527 320584
341993 319287 273651 290265
288601 316033 274437 322335
307583 318187 298727 281000
282715 317099 312764 287588
279375 321174 318971 285797
319018 285173 295691 306637
298128 309618 318445 280364
310560 306312 319510 270981
321874 307274 300243 273671
319594 321761 273259 291876
333706 286102 296862 298171
288217 313942 299356 292429
342423 289805 313564 279306
331860 283068 297922 309739
301106 296819 294003 281026
301364 292678 299778 292553
313011 311832 293876 282565
316772 292569 292815 287918
318508 283750 304480 291544
284276 292279 300710 310150
299071 312084 296520 288716
319656 283484 304953 292611
332666 326263 282151 267322
298536 297146 298713 298305
305114 295734 294882 292628
328950 317518 282691 273637
277006 329167 324484 303163
286335 310554 294150 320801
294322 342849 293887 277218
297619 294834 301092 295731
311403 292057 285664 303727
314373 307271 273971 284886
318340 288494 292228 292717
319159 297204 305442 278787
324247 289629 284713 294411
334555 326440 266506 303205
345241 297118 277307 304912
349411 306325 263452 304519
349468 287454 290242 295565
284014 308338 307382 309355
287862 298863 298063 306493
291369 329946 290444 280532
317608 325040 261661 306568
318864 288417 299725 298360
321851 320038 293559 271876
286839 310333 308911 306778
293118 315151 295207 295669
307917 293113 278211 315585
289571 315176 314548 288890
292875 290025 305669 312436
307062 326712 276654 289898
321136 299974 293056 282818
331350 285958 291142 302517
282848 323751 298609 312116
291552 319817 278876 294876
312000 328887 301420 275491
316153 312044 284635 274801
316315 289639 295957 295072
317559 286651 274720 317689
332490 284326 270217 305658
281511 325047 307198 295704
283891 323417 297862 297024
284448 311583 294970 314528
285398 273435 307197 309550
309986 296203 289345 288568
329691 285840 298552 290152
285304 317293 312516 288561
293761 319629 293614 295193
295446 303907 297308 299470
299638 324653 303665 277062
314561 287708 284713 321013
318939 285017 302965 293071
322555 297824 272768 291490
275776 305165 305118 310278
291241 314164 286023 315749
291324 293646 299340 311155
305067 296203 295786 284396
321238 311374 273655 287157
327213 306979 306175 274964
285756 289964 299132 316265
293447 304146 307209 291190
297190 279361 311625 298440
310674 307219 282478 290126
313913 325277 284454 273707
314446 303148 296720 280252
317979 280308 307538 299098
330244 289951 314966 288044
351164 306428 283363 281150
288315 297956 296576 302647
294149 280892 306717 308626
296717 314128 281061 282705
312448 295743 318696 276958
324225 326956 274794 283873
326922 298601 297145 275485
353510 324154 279861 282399
291330 332879 305732 275652
294823 310088 279370 300098
297275 339532 290784 272411
310872 323232 274555 295059
314896 274960 305117 331414
323861 290026 300650 278809
330414 282388 298732 287300
351620 322760 271727 288365
279120 313396 307743 308369
281477 303985 317078 301254
285344 318730 303657 289984
295421 292491 292353 305131
297587 285522 304844 304929
297767 289101 306252 302338
308933 282936 303343 314059
309795 317463 328970 277969
309925 285918 319324 296142
317776 289351 305686 299924
330519 286521 295408 289976
269473 313170 311862 309697
293184 342053 286234 292039
306185 284446 308945 296159
325168 310027 291611 282969
288062 304873 286221 297799
288952 321040 308983 284840
293364 309859 284610 300654
300567 293259 297163 301461
301705 325015 268906 305583
302457 287590 286122 303804
308770 320420 289014 278033
309981 292053 288658 299232
319422 343272 271145 297463
337854 324896 261680 292353
284835 321993 291217 292359
285379 321537 291001 299211
293339 290571 283086 307263
298282 329041 316042 278172
302088 294276 278847 295738
303954 290226 311245 296519
305259 290712 298157 291819
305988 314566 266909 300989
308447 324032 279268 283092
309433 294538 294977 289272
315592 296791 287506 283901
322961 304253 316181 276993
329857 296603 297323 282587
338184 286088 333175 275898
292693 303043 304357 297121
309638 302831 296288 280547
314291 290869 297696 298099
319393 294543 312628 282604
322936 316609 267994 296334
325498 294975 283588 286293
326942 284115 292490 299910
327007 315372 297966 270669
286305 328566 289824 289566
287851 311510 315611 291241
298422 319155 281924 278638
300017 294069 311483 298830
300634 295511 302145 294542
305891 292722 321464 287848
306791 317892 305327 275691
310864 321854 283719 277386
322559 295825 293478 284512
324356 309828 272022 310396
289886 303812 311886 294752
296503 297592 274901 290142
300275 290201 304718 315745
303568 304738 289778 286838
308930 295795 304097 287447
312360 305884 277296 287708
314670 317730 316482 279886
328102 316042 297466 270931
341361 293009 291731 289066
279123 299821 305231 314244
279799 316827 308356 303857
281922 324013 304276 278719
285919 311389 300141 307947
287240 297698 311395 307737
290210 316774 295665 282766
291928 303488 311422 292622
294478 311103 297140 293484
294483 342133 288105 288254
295415 302606 315605 298957
295616 310885 315082 286505
308421 303296 274168 311944
311736 299390 278658 286708
314059 283156 295750 302944
316058 315289 292065 276107
326368 276190 299347 318540
326960 305152 297065 279798
