240 64.1817
3.03196e+06 3.05869e+06 3.15069e+06
3.14722e+06 3.08367e+06 3.01756e+06
3.04047e+06 3.02465e+06 3.16646e+06
3.11761e+06 3.0933e+06 3.02517e+06
3.14147e+06 3.06471e+06 3.03395e+06
3.07064e+06 3.12809e+06 3.05166e+06
3.0138e+06 3.2258e+06 3.07476e+06
3.10206e+06 3.051e+06 3.0716e+06
3.16125e+06 2.99012e+06 3.09779e+06
3.12593e+06 3.09176e+06 3.02476e+06
3.0288e+06 3.08719e+06 3.13976e+06
3.03555e+06 3.03877e+06 3.15152e+06
3.01934e+06 3.04977e+06 3.20289e+06
3.03272e+06 3.0925e+06 3.13342e+06
3.09936e+06 3.08668e+06 3.04291e+06
3.10893e+06 3.03354e+06 3.07909e+06
3.11005e+06 2.99952e+06 3.14371e+06
3.14783e+06 3.06124e+06 3.03045e+06
3.03684e+06 3.09826e+06 3.11797e+06
3.10927e+06 3.00836e+06 3.12618e+06
3.14198e+06 2.98848e+06 3.10113e+06
3.03892e+06 3.0625e+06 3.13034e+06
3.05881e+06 3.0989e+06 3.06841e+06
3.02673e+06 3.10014e+06 3.12333e+06
3.04382e+06 3.1336e+06 3.07712e+06
3.06879e+06 3.04359e+06 3.08291e+06
3.11021e+06 3.03157e+06 3.0897e+06
3.10907e+06 3.03879e+06 3.07243e+06
3.00352e+06 3.10175e+06 3.1992e+06
3.03306e+06 3.03208e+06 3.1626e+06
3.06486e+06 3.06318e+06 3.0813e+06
3.02317e+06 3.07303e+06 3.164e+06
3.03607e+06 3.08488e+06 3.14471e+06
3.05742e+06 3.17419e+06 3.02684e+06
3.07415e+06 3.0076e+06 3.2204e+06
3.13494e+06 2.94515e+06 3.10462e+06
3.14492e+06 3.06687e+06 3.02957e+06
3.018e+06 3.08692e+06 3.15223e+06
3.08186e+06 3.09865e+06 3.0506e+06
3.11299e+06 2.99949e+06 3.17498e+06
3.11514e+06 3.06742e+06 3.04338e+06
3.11139e+06 3.0273e+06 3.08255e+06
3.11505e+06 2.99576e+06 3.16408e+06
3.13249e+06 2.98016e+06 3.11895e+06
3.007e+06 3.05781e+06 3.17996e+06
3.01273e+06 3.08256e+06 3.15358e+06
3.05075e+06 3.01179e+06 3.11755e+06
3.08571e+06 3.11541e+06 3.03856e+06
3.11689e+06 3.04867e+06 3.05251e+06
3.12801e+06 3.07562e+06 3.02361e+06
3.07453e+06 3.03535e+06 3.07886e+06
3.08487e+06 3.00669e+06 3.17954e+06
3.11315e+06 3.02553e+06 3.06515e+06
3.12991e+06 3.07106e+06 3.03524e+06
3.15026e+06 3.0178e+06 3.04974e+06
3.04079e+06 3.04762e+06 3.14081e+06
3.04777e+06 3.06635e+06 3.09554e+06
3.05018e+06 3.04947e+06 3.09333e+06
3.07353e+06 3.01071e+06 3.2252e+06
3.07973e+06 3.10652e+06 3.06118e+06
3.09642e+06 3.05465e+06 3.06074e+06
3.11845e+06 2.98707e+06 3.12714e+06
3.14339e+06 3.03212e+06 3.03454e+06
3.0143e+06 3.13281e+06 3.07878e+06
3.05377e+06 3.10532e+06 3.06619e+06
3.06155e+06 3.12888e+06 3.03364e+06
3.06376e+06 3.07854e+06 3.0626e+06
3.1014e+06 3.07905e+06 3.03278e+06
3.10402e+06 3.01094e+06 3.11662e+06
3.11095e+06 3.07662e+06 3.05471e+06
3.12067e+06 2.99832e+06 3.0577e+06
3.13791e+06 2.94612e+06 3.10215e+06
3.17581e+06 3.04125e+06 3.03222e+06
3.11601e+06 3.05602e+06 3.04925e+06
3.02582e+06 3.10562e+06 3.14168e+06
3.07978e+06 3.07796e+06 3.06544e+06
3.09936e+06 3.00279e+06 3.16788e+06
3.11591e+06 3.00072e+06 3.12244e+06
3.15728e+06 3.0571e+06 3.02217e+06
3.00145e+06 3.17043e+06 3.10308e+06
3.05095e+06 3.10095e+06 3.06718e+06
3.05124e+06 3.09316e+06 3.07786e+06
3.0554e+06 3.21649e+06 3.03538e+06
3.07228e+06 3.10704e+06 3.05184e+06
3.08558e+06 3.12519e+06 3.02186e+06
3.12386e+06 3.02136e+06 3.05612e+06
3.14728e+06 3.08333e+06 3.00486e+06
3.01498e+06 3.20213e+06 3.05569e+06
3.0171e+06 3.12793e+06 3.1399e+06
3.02811e+06 3.19397e+06 3.05251e+06
3.03767e+06 3.10971e+06 3.11344e+06
3.05348e+06 3.05328e+06 3.08678e+06
3.08852e+06 3.08012e+06 3.05691e+06
3.09089e+06 3.0043e+06 3.13708e+06
3.09868e+06 3.11738e+06 3.02481e+06
3.11634e+06 2.99683e+06 3.07544e+06
3.17702e+06 2.97497e+06 3.06778e+06
3.02491e+06 3.03172e+06 3.18722e+06
3.02584e+06 3.17913e+06 3.06468e+06
3.03302e+06 3.15627e+06 3.05249e+06
3.06392e+06 3.15242e+06 3.02884e+06
3.07774e+06 3.11715e+06 3.0399e+06
3.08163e+06 3.0079e+06 3.18275e+06
3.1025e+06 2.99397e+06 3.21034e+06
3.11553e+06 3.00624e+06 3.06582e+06
2.99283e+06 3.17899e+06 3.08785e+06
3.02492e+06 3.12733e+06 3.11627e+06
3.04395e+06 3.01575e+06 3.18326e+06
3.04418e+06 3.14639e+06 3.03776e+06
3.1016e+06 2.99845e+06 3.19081e+06
3.15616e+06 3.09151e+06 3.0024e+06
3.01699e+06 3.05376e+06 3.2119e+06
3.02153e+06 3.15152e+06 3.07126e+06
3.03284e+06 3.16849e+06 3.06839e+06
3.0371e+06 3.14858e+06 3.05036e+06
3.04514e+06 3.11639e+06 3.08648e+06
3.04621e+06 3.0508e+06 3.13036e+06
3.04843e+06 3.04569e+06 3.09573e+06
3.07132e+06 3.11046e+06 3.04849e+06
3.0753e+06 3.02124e+06 3.11061e+06
3.12025e+06 2.97479e+06 3.16403e+06
3.1223e+06 2.97767e+06 3.13908e+06
3.131e+06 3.10977e+06 3.00542e+06
3.16866e+06 3.01266e+06 3.04702e+06
3.02137e+06 3.06789e+06 3.17624e+06
3.03211e+06 3.13929e+06 3.07334e+06
3.03969e+06 3.17731e+06 3.04468e+06
3.04342e+06 3.0502e+06 3.13435e+06
3.04451e+06 3.1242e+06 3.06802e+06
3.04653e+06 3.11652e+06 3.05488e+06
3.05637e+06 3.06744e+06 3.0854e+06
3.06632e+06 3.03678e+06 3.11426e+06
3.07027e+06 3.11184e+06 3.05206e+06
3.07761e+06 3.13144e+06 2.97449e+06
3.07887e+06 3.11928e+06 3.02454e+06
3.08245e+06 3.01533e+06 3.09786e+06
3.08605e+06 3.06468e+06 3.06616e+06
3.12446e+06 3.10137e+06 3.00864e+06
3.13316e+06 2.99024e+06 3.11444e+06
3.13543e+06 3.02775e+06 3.0434e+06
3.13909e+06 3.06219e+06 3.04234e+06
