566 20.3748
1.20319e+06 1.2439e+06 1.23624e+06
1.21875e+06 1.20025e+06 1.18412e+06
1.21813e+06 1.21246e+06 1.18648e+06
1.21442e+06 1.20995e+06 1.2465e+06
1.24734e+06 1.1501e+06 1.19431e+06
1.25162e+06 1.15462e+06 1.19406e+06
1.24064e+06 1.23806e+06 1.15057e+06
1.25937e+06 1.16933e+06 1.15863e+06
1.24735e+06 1.1762e+06 1.1711e+06
1.22101e+06 1.18714e+06 1.17488e+06
1.22763e+06 1.1821e+06 1.19137e+06
1.23935e+06 1.16373e+06 1.18384e+06
1.26528e+06 1.16919e+06 1.15825e+06
1.23017e+06 1.24134e+06 1.16591e+06
1.24447e+06 1.16867e+06 1.17674e+06
1.22994e+06 1.17906e+06 1.17905e+06
1.25306e+06 1.17289e+06 1.16118e+06
1.26112e+06 1.2107e+06 1.14098e+06
1.28344e+06 1.14177e+06 1.20008e+06
1.23111e+06 1.14837e+06 1.19637e+06
1.26359e+06 1.1472e+06 1.19e+06
1.28326e+06 1.13914e+06 1.21994e+06
1.25104e+06 1.18526e+06 1.15202e+06
1.24213e+06 1.2036e+06 1.14928e+06
1.24425e+06 1.17824e+06 1.15823e+06
1.24917e+06 1.17649e+06 1.15576e+06
1.2519e+06 1.21537e+06 1.13826e+06
1.2308e+06 1.1747e+06 1.18372e+06
1.25292e+06 1.15553e+06 1.17346e+06
1.25533e+06 1.14674e+06 1.20234e+06
1.26292e+06 1.14849e+06 1.18663e+06
1.26801e+06 1.14845e+06 1.1604e+06
1.27257e+06 1.19111e+06 1.12854e+06
1.28567e+06 1.18115e+06 1.13833e+06
1.28941e+06 1.13152e+06 1.15973e+06
1.23569e+06 1.17964e+06 1.17553e+06
1.27361e+06 1.13894e+06 1.24755e+06
1.24757e+06 1.19343e+06 1.14796e+06
1.25226e+06 1.17456e+06 1.15555e+06
1.24054e+06 1.19342e+06 1.1697e+06
1.24945e+06 1.17577e+06 1.17264e+06
1.22101e+06 1.18215e+06 1.17637e+06
1.23126e+06 1.18299e+06 1.17104e+06
1.23332e+06 1.19822e+06 1.1658e+06
1.24772e+06 1.14417e+06 1.22963e+06
1.26326e+06 1.18182e+06 1.14728e+06
1.26976e+06 1.14244e+06 1.20497e+06
1.23689e+06 1.1828e+06 1.17524e+06
1.23888e+06 1.21057e+06 1.16157e+06
1.24819e+06 1.16507e+06 1.17912e+06
1.25028e+06 1.15813e+06 1.17041e+06
1.24365e+06 1.19553e+06 1.14479e+06
1.25017e+06 1.16105e+06 1.18984e+06
1.26562e+06 1.1796e+06 1.1469e+06
1.2689e+06 1.14388e+06 1.23544e+06
1.28503e+06 1.16227e+06 1.15628e+06
1.21985e+06 1.19921e+06 1.19918e+06
1.26104e+06 1.14705e+06 1.20205e+06
1.26926e+06 1.1432e+06 1.17091e+06
1.28197e+06 1.17049e+06 1.14794e+06
1.28289e+06 1.16873e+06 1.15308e+06
1.28407e+06 1.13976e+06 1.18501e+06
