36 3.14685
3.23338e+06 3.09832e+06 3.19599e+06
3.14291e+06 3.16638e+06 3.18889e+06
3.14721e+06 3.14134e+06 3.25134e+06
3.17974e+06 3.16898e+06 3.10625e+06
3.14829e+06 3.14538e+06 3.18654e+06
3.25388e+06 3.13758e+06 3.13278e+06
3.11729e+06 3.20963e+06 3.17973e+06
3.1943e+06 3.24286e+06 3.09802e+06
3.20896e+06 3.08862e+06 3.23187e+06
3.16147e+06 3.27001e+06 3.10431e+06
3.19095e+06 3.14712e+06 3.15573e+06
3.1612e+06 3.15534e+06 3.15547e+06
3.19789e+06 3.14282e+06 3.15622e+06
3.13033e+06 3.16771e+06 3.14355e+06
3.15247e+06 3.2235e+06 3.12891e+06
3.21741e+06 3.11776e+06 3.17713e+06
3.09244e+06 3.22908e+06 3.21337e+06
3.16618e+06 3.11638e+06 3.21408e+06
3.22285e+06 3.14618e+06 3.14223e+06
3.20789e+06 3.15725e+06 3.13849e+06
3.11678e+06 3.27535e+06 3.13669e+06
3.20454e+06 3.13966e+06 3.15235e+06
3.25117e+06 3.22018e+06 3.09485e+06
3.10949e+06 3.19745e+06 3.23796e+06
3.13518e+06 3.2271e+06 3.14213e+06
3.18356e+06 3.11475e+06 3.18646e+06
3.17472e+06 3.2176e+06 3.12541e+06
3.2221e+06 3.10158e+06 3.20282e+06
3.24295e+06 3.15442e+06 3.13472e+06
3.16774e+06 3.19252e+06 3.13121e+06
3.19888e+06 3.25182e+06 3.08544e+06
3.27434e+06 3.1683e+06 3.12384e+06
3.09693e+06 3.21818e+06 3.14367e+06
3.1511e+06 3.16527e+06 3.1839e+06
3.15262e+06 3.2306e+06 3.12204e+06
3.17812e+06 3.18737e+06 3.13073e+06
3.23979e+06 3.1532e+06 3.13744e+06
3.17949e+06 3.14358e+06 3.18034e+06
3.1877e+06 3.15959e+06 3.14736e+06
3.19906e+06 3.22944e+06 3.09866e+06
3.25791e+06 3.22266e+06 3.07827e+06
3.14387e+06 3.14142e+06 3.23078e+06
3.28041e+06 3.24279e+06 3.0622e+06
3.14403e+06 3.15613e+06 3.18442e+06
3.27751e+06 3.11296e+06 3.17097e+06
3.11235e+06 3.2154e+06 3.23705e+06
3.16478e+06 3.23623e+06 3.11872e+06
3.22531e+06 3.12362e+06 3.17683e+06
3.14036e+06 3.22153e+06 3.1316e+06
3.17686e+06 3.14725e+06 3.18454e+06
3.17984e+06 3.11519e+06 3.19899e+06
3.18227e+06 3.13126e+06 3.16769e+06
3.209e+06 3.15118e+06 3.14043e+06
3.1839e+06 3.15286e+06 3.15728e+06
3.21733e+06 3.20401e+06 3.09779e+06
3.22733e+06 3.22904e+06 3.07109e+06
3.2632e+06 3.1247e+06 3.17067e+06
3.12368e+06 3.21103e+06 3.1703e+06
3.16894e+06 3.22367e+06 3.10443e+06
3.20315e+06 3.17292e+06 3.09898e+06
3.22249e+06 3.125e+06 3.14988e+06
3.11394e+06 3.19404e+06 3.27102e+06
3.22909e+06 3.12902e+06 3.14929e+06
3.2475e+06 3.10312e+06 3.18517e+06
3.08587e+06 3.27366e+06 3.2107e+06
3.14979e+06 3.19382e+06 3.14208e+06
3.16023e+06 3.15992e+06 3.13234e+06
3.17296e+06 3.15435e+06 3.15498e+06
3.18158e+06 3.13857e+06 3.16179e+06
3.19992e+06 3.11253e+06 3.21626e+06
3.21222e+06 3.16949e+06 3.09802e+06
3.17617e+06 3.1521e+06 3.15789e+06
3.21545e+06 3.12709e+06 3.1515e+06
3.12472e+06 3.19261e+06 3.22417e+06
3.18854e+06 3.16833e+06 3.13032e+06
3.20712e+06 3.22302e+06 3.08155e+06
