101 7.2154
321991 265209 256171
322256 264847 256361
322878 264958 256098
324037 265434 254405
324961 265413 254353
325117 264529 259037
325469 264907 255423
325734 264545 255613
326049 263515 257920
326097 264893 253697
326356 264656 255350
326462 264447 255435
326936 263264 257847
327030 262670 255166
327399 265595 253403
327529 264366 254715
327664 265233 253593
327794 264004 254905
327833 260251 254689
327980 265442 253367
328286 265344 253330
328416 264115 254642
328947 262882 253358
329265 259724 255707
329267 265107 252683
329530 259362 255897
329532 264745 252873
329660 265409 252081
329877 263067 252932
330152 259473 255634
330154 264856 252610
330379 262355 254376
330644 261993 254566
331266 262104 254303
331309 262540 253950
331574 262178 254140
332196 262289 253877
287084 258819 274743
290920 261296 274201
291630 258622 278249
292137 257620 275667
292493 262206 270291
292689 257927 274882
293107 261382 273654
294436 255156 274937
294648 260829 273863
294850 257353 274369
295124 260058 271206
295284 259057 274023
295553 257826 273136
295740 254897 278512
296370 253493 275189
296929 258285 272465
299726 255688 274715
302998 251848 276674
277431 289783 239957
277532 288814 240314
277554 285648 240230
277962 291606 239912
278604 294624 239580
278625 284866 239911
278923 284381 240095
279199 281962 237932
279473 282690 237769
279934 281093 237926
281584 280290 238755
281858 281018 238592
282190 279739 237936
282319 279421 238749
282464 280467 237773
282925 278870 237930
283790 291875 236850
284066 289456 234687
284098 278728 238358
284286 279898 237032
284340 290184 234524
284560 280626 236869
284787 277822 241685
284801 288587 234681
284956 283070 236245
285021 279029 237026
285230 283798 236082
285316 274527 240401
285410 280961 236065
285592 272108 238238
285690 286316 235163
285694 278345 237496
285866 272836 238075
285885 279005 236390
285964 287044 235000
286145 280092 236059
286194 278887 237454
286263 277082 236976
286327 271239 238232
286425 285447 235157
286530 280553 235944
286537 277810 236813
286727 281664 235941
286771 279819 235761
286776 284506 235755
286978 281915 235005
286998 276213 236970
287029 281480 235100
287045 280547 235598
287252 282643 234842
287265 279684 235938
287303 282208 234937
287481 278622 235528
287483 280776 234142
287500 271097 238660
287764 280611 235094
288171 276071 237398
288367 279436 234899
288641 280164 234736
288804 276851 236591
288935 279773 234365
289096 270714 237798
289102 278567 234893
289121 277481 235640
289767 275688 236536
290273 279801 234053
290275 278425 235321
290400 276468 235729
290547 280529 233890
290628 286271 232881
290736 269573 237910
290811 274566 237063
291008 278932 234047
291407 274547 236648
291576 278098 234996
291674 278018 235616
291915 277284 235433
292040 275327 235841
292181 278790 234475
292749 277956 235424
292826 286093 233089
293093 278779 234523
293332 277352 235346
293605 274369 236856
293730 272412 237264
293777 278407 233613
294003 265620 238050
294113 277106 235641
294238 275149 236049
294345 277573 234562
294511 268357 236835
295022 274437 236769
295156 277075 235284
295985 276432 234674
296846 274160 236707
297675 273517 236097
298183 276254 234882
300466 253758 270800
302063 258649 265626
302691 253757 272822
303709 255550 268537
303763 256438 266500
304446 257274 264183
304465 260061 263547
305128 253702 273201
305265 257041 265204
305281 257200 264867
305833 254505 265191
306189 256995 261732
306363 261674 261511
306658 257203 260229
308058 254504 267213
308414 256994 263754
308633 256732 263555
309599 256662 262268
310495 254449 267592
311824 256661 264290
313981 256368 263939
