156 20.1627
3.18113e+06 3.14224e+06 3.21087e+06
3.2256e+06 3.16015e+06 3.12169e+06
3.14423e+06 3.27248e+06 3.1559e+06
3.21411e+06 3.22308e+06 3.10665e+06
3.21673e+06 3.1458e+06 3.13076e+06
3.13985e+06 3.27916e+06 3.14428e+06
3.18342e+06 3.24317e+06 3.12579e+06
3.19189e+06 3.22198e+06 3.12796e+06
3.34048e+06 3.12574e+06 3.16798e+06
3.32111e+06 3.10725e+06 3.24848e+06
3.16283e+06 3.16801e+06 3.23444e+06
3.19702e+06 3.232e+06 3.1137e+06
3.09312e+06 3.25403e+06 3.20912e+06
3.18583e+06 3.19876e+06 3.15541e+06
3.20682e+06 3.194e+06 3.13028e+06
3.19385e+06 3.17489e+06 3.14128e+06
3.23767e+06 3.23066e+06 3.10112e+06
3.23914e+06 3.1229e+06 3.20223e+06
3.14838e+06 3.22883e+06 3.16457e+06
3.21638e+06 3.18519e+06 3.13509e+06
3.20145e+06 3.20463e+06 3.11816e+06
3.24699e+06 3.11257e+06 3.25412e+06
3.17948e+06 3.13551e+06 3.21636e+06
3.14403e+06 3.1704e+06 3.25046e+06
3.13379e+06 3.17732e+06 3.20119e+06
3.18586e+06 3.1256e+06 3.18512e+06
3.14026e+06 3.23979e+06 3.16894e+06
3.1425e+06 3.18072e+06 3.19214e+06
3.12802e+06 3.17674e+06 3.27143e+06
3.21211e+06 3.18586e+06 3.13104e+06
3.10426e+06 3.19751e+06 3.18134e+06
3.14587e+06 3.17629e+06 3.19856e+06
3.17422e+06 3.14614e+06 3.20042e+06
3.19113e+06 3.18254e+06 3.15469e+06
3.24368e+06 3.11965e+06 3.23837e+06
3.17578e+06 3.16757e+06 3.17062e+06
3.23009e+06 3.12013e+06 3.26114e+06
3.15946e+06 3.20088e+06 3.14411e+06
3.16715e+06 3.17651e+06 3.19035e+06
3.14331e+06 3.19738e+06 3.16579e+06
3.21053e+06 3.17287e+06 3.14137e+06
3.20346e+06 3.25743e+06 3.09799e+06
3.1533e+06 3.2072e+06 3.13846e+06
3.16344e+06 3.16546e+06 3.22833e+06
3.17272e+06 3.14335e+06 3.24815e+06
3.23399e+06 3.17728e+06 3.10668e+06
3.16594e+06 3.17686e+06 3.19816e+06
3.12314e+06 3.18634e+06 3.17832e+06
3.14004e+06 3.27529e+06 3.10287e+06
3.22296e+06 3.12351e+06 3.17236e+06
3.18314e+06 3.20399e+06 3.13113e+06
3.22817e+06 3.1395e+06 3.12289e+06
3.15551e+06 3.17313e+06 3.21239e+06
3.19522e+06 3.24108e+06 3.12436e+06
3.26395e+06 3.26238e+06 3.0885e+06
3.18646e+06 3.19371e+06 3.14211e+06
3.19e+06 3.12164e+06 3.26077e+06
3.16336e+06 3.18147e+06 3.16345e+06
3.22168e+06 3.18774e+06 3.12338e+06
3.20656e+06 3.20187e+06 3.13573e+06
3.20575e+06 3.15629e+06 3.16671e+06
3.29327e+06 3.13569e+06 3.172e+06
3.17655e+06 3.15924e+06 3.1709e+06
3.16444e+06 3.15463e+06 3.20553e+06
3.21576e+06 3.16693e+06 3.15521e+06
3.17769e+06 3.13764e+06 3.25002e+06
3.18485e+06 3.1796e+06 3.16762e+06
3.18528e+06 3.26922e+06 3.12435e+06
3.19264e+06 3.14676e+06 3.18035e+06
3.13586e+06 3.24284e+06 3.16392e+06
3.15945e+06 3.15847e+06 3.28065e+06
3.16607e+06 3.15631e+06 3.19869e+06
3.16743e+06 3.15214e+06 3.1748e+06
3.1513e+06 3.2193e+06 3.13404e+06
3.12326e+06 3.26965e+06 3.16712e+06
3.16603e+06 3.21621e+06 3.13144e+06
3.14231e+06 3.17708e+06 3.19594e+06
