5866 300.034
1.52009e+06 1.55836e+06 1.68089e+06
1.60001e+06 1.58673e+06 1.52051e+06
1.61124e+06 1.49744e+06 1.62887e+06
1.5358e+06 1.55112e+06 1.60863e+06
1.51424e+06 1.60793e+06 1.61092e+06
1.54854e+06 1.60715e+06 1.56408e+06
1.52067e+06 1.61996e+06 1.5935e+06
1.52598e+06 1.61457e+06 1.57903e+06
1.55123e+06 1.51988e+06 1.62158e+06
1.54119e+06 1.64112e+06 1.56649e+06
1.56875e+06 1.51167e+06 1.59161e+06
1.60804e+06 1.50621e+06 1.59763e+06
1.61411e+06 1.53894e+06 1.51871e+06
1.56899e+06 1.51104e+06 1.63619e+06
1.57215e+06 1.51782e+06 1.5909e+06
1.586e+06 1.50669e+06 1.56514e+06
1.537e+06 1.54312e+06 1.6171e+06
1.5234e+06 1.58219e+06 1.59144e+06
1.57609e+06 1.52614e+06 1.55929e+06
1.5856e+06 1.50797e+06 1.63051e+06
1.57527e+06 1.52318e+06 1.56697e+06
1.60314e+06 1.50323e+06 1.63558e+06
1.57321e+06 1.50484e+06 1.68433e+06
1.60469e+06 1.56536e+06 1.53329e+06
1.59807e+06 1.50401e+06 1.60589e+06
1.56585e+06 1.54398e+06 1.57197e+06
1.60656e+06 1.50079e+06 1.64315e+06
1.65818e+06 1.50532e+06 1.57862e+06
1.55641e+06 1.56113e+06 1.56219e+06
1.6206e+06 1.50165e+06 1.59955e+06
1.6258e+06 1.57477e+06 1.51854e+06
1.61766e+06 1.5372e+06 1.53874e+06
1.60922e+06 1.50479e+06 1.5932e+06
1.55363e+06 1.53992e+06 1.5762e+06
1.52741e+06 1.56763e+06 1.58671e+06
1.57007e+06 1.55674e+06 1.54789e+06
1.57347e+06 1.55059e+06 1.54232e+06
1.58e+06 1.53615e+06 1.53959e+06
1.62454e+06 1.51857e+06 1.54653e+06
1.55786e+06 1.52957e+06 1.61317e+06
1.65582e+06 1.49386e+06 1.60251e+06
1.60881e+06 1.48698e+06 1.64712e+06
1.58166e+06 1.54301e+06 1.53539e+06
1.55516e+06 1.56915e+06 1.55976e+06
1.57307e+06 1.526e+06 1.58936e+06
1.56073e+06 1.56349e+06 1.55721e+06
1.59336e+06 1.50436e+06 1.62335e+06
1.52234e+06 1.56174e+06 1.62193e+06
1.64068e+06 1.49783e+06 1.5794e+06
1.65075e+06 1.49078e+06 1.63542e+06
1.6384e+06 1.50799e+06 1.55389e+06
1.53074e+06 1.55414e+06 1.63084e+06
1.5338e+06 1.55385e+06 1.56878e+06
1.56621e+06 1.53689e+06 1.5599e+06
1.54899e+06 1.52426e+06 1.673e+06
1.61777e+06 1.49093e+06 1.63103e+06
1.58516e+06 1.5085e+06 1.60416e+06
1.61037e+06 1.50182e+06 1.61996e+06
1.55148e+06 1.53204e+06 1.6199e+06
1.55973e+06 1.6007e+06 1.53702e+06
1.55065e+06 1.53549e+06 1.5992e+06
1.59277e+06 1.50642e+06 1.63339e+06
1.63874e+06 1.58469e+06 1.5165e+06
1.6067e+06 1.57516e+06 1.52246e+06
1.56304e+06 1.57299e+06 1.52403e+06
1.53245e+06 1.55257e+06 1.59312e+06
1.56284e+06 1.59402e+06 1.53683e+06
1.56061e+06 1.52866e+06 1.57791e+06
1.56583e+06 1.51555e+06 1.5972e+06
1.55761e+06 1.57809e+06 1.55148e+06
1.55138e+06 1.53516e+06 1.61522e+06
1.53043e+06 1.58925e+06 1.58654e+06
1.5679e+06 1.56345e+06 1.54422e+06
1.57188e+06 1.56978e+06 1.53302e+06
1.53677e+06 1.54641e+06 1.62504e+06
1.5452e+06 1.5298e+06 1.64617e+06
1.567e+06 1.55481e+06 1.55221e+06
1.65029e+06 1.63092e+06 1.50467e+06
1.54923e+06 1.54533e+06 1.60536e+06
1.55155e+06 1.56738e+06 1.56764e+06
1.55502e+06 1.56961e+06 1.55353e+06
1.56226e+06 1.52469e+06 1.6142e+06
1.60794e+06 1.52385e+06 1.54666e+06
1.51117e+06 1.57048e+06 1.62271e+06
1.59837e+06 1.50344e+06 1.65243e+06
1.64181e+06 1.5137e+06 1.55265e+06
1.5193e+06 1.57309e+06 1.59457e+06
1.55753e+06 1.58718e+06 1.5473e+06
1.50029e+06 1.63283e+06 1.59297e+06
1.58289e+06 1.50762e+06 1.66241e+06
1.55306e+06 1.59898e+06 1.56026e+06
1.55494e+06 1.63572e+06 1.54043e+06
1.54947e+06 1.59844e+06 1.56846e+06
1.56985e+06 1.55433e+06 1.55878e+06
1.60479e+06 1.52415e+06 1.56034e+06
1.57352e+06 1.52398e+06 1.5633e+06
1.59712e+06 1.56148e+06 1.53366e+06
1.52299e+06 1.57104e+06 1.60223e+06
1.55875e+06 1.52406e+06 1.61984e+06
1.63811e+06 1.5007e+06 1.61076e+06
1.52581e+06 1.53669e+06 1.63672e+06
1.61426e+06 1.639e+06 1.51702e+06
1.60264e+06 1.52897e+06 1.55734e+06
1.52109e+06 1.59085e+06 1.59282e+06
1.63167e+06 1.52595e+06 1.53829e+06
1.62657e+06 1.5039e+06 1.59207e+06
1.61538e+06 1.53507e+06 1.543e+06
1.61302e+06 1.4973e+06 1.61175e+06
1.59521e+06 1.6183e+06 1.52018e+06
1.5633e+06 1.53689e+06 1.57508e+06
