12 0.218415
150268 150273 164221 170757
156441 165150 146692 158042
159154 147043 174632 158047
160278 175790 181247 127320
164071 141761 180492 167931
172271 145716 174814 150958
172571 156487 154628 147433
180158 174012 149712 143490
141655 173713 174736 153709
141981 168219 162159 166667
166304 148394 152576 161316
167255 144001 157177 170871
143524 162688 159041 153148
160763 157072 153481 151930
166317 143059 164045 164288
170440 158439 145833 156335
143454 182124 163882 148341
147719 153525 162467 142525
148583 166367 153692 175667
162032 154837 153008 161277
162707 168650 174132 139764
168321 154049 141564 161434
168591 163943 154504 141773
168840 173768 144530 157311
174939 145289 153793 155414
142610 151260 169805 147878
146853 158927 168879 159764
156138 163437 163259 140978
162575 171823 155457 149004
165473 152209 168998 133025
168661 144668 174789 153275
169495 154523 157285 139305
169645 147284 174394 155618
171664 165207 147935 149443
174205 141162 160234 156559
185112 184272 142212 154269
143620 160855 160087 152873
156340 148785 156097 162385
158699 171917 144595 160687
160270 155320 151905 160270
160511 164904 155474 149534
162575 153114 155090 163099
164902 166929 164495 139979
168105 144755 166979 158136
168966 137903 156018 172536
171604 159081 153385 142897
172006 144284 156252 162499
184609 157052 147359 158464
140920 177875 173580 170837
146203 168884 151840 175357
151966 146153 163518 171885
154196 160858 175408 142233
154751 147808 146109 173194
158708 166353 156232 149689
159078 147680 156334 160422
162433 163081 161930 144174
162940 143139 158424 160860
165049 167979 156286 145704
165474 167521 151711 148808
165932 157911 154548 148808
166611 138310 163329 161785
167170 149071 151945 161604
171017 151226 152059 160623
147218 167294 177330 144672
153773 165443 148588 158670
154876 157357 147206 150413
158583 151075 146946 169161
167352 177882 160246 140495
167484 164386 162382 137786
174303 164814 157252 134315
177516 172313 184155 129543
144876 171574 153564 169955
147157 159837 164746 173313
162450 153509 151952 164301
162862 162000 145325 161390
163741 156912 173352 135707
164375 145316 174611 155774
164386 154703 152902 155174
165197 169974 144580 150983
165886 151309 152929 154791
181103 149754 157897 142236
141481 171983 167635 164821
145615 148611 170692 149842
152814 162241 148627 152282
161669 152720 171912 144515
162745 156868 176607 135735
165228 147363 147026 163798
165989 153501 151460 154154
166089 144999 155881 161259
166511 169900 163182 140937
167896 141568 185924 161705
172309 145023 158387 146512
173566 163210 152250 143129
182168 151289 152053 153847
142794 168600 162415 158403
145337 172568 185073 146066
157522 154760 154648 165299
159194 148677 156304 149257
159860 161146 179066 142035
164191 156500 166987 141456
165279 164247 146169 153971
167265 165845 147047 150743
170196 156109 155142 153672
145477 163549 160122 148696
146733 157740 165768 167085
149578 163356 160355 143787
150411 162094 155850 160887
152016 147429 156749 144985
160813 146098 179655 154789
163259 175860 154860 147576
164040 147213 162646 155969
144666 165444 154672 151369
147520 174443 149498 167210
150658 152207 164151 154378
151690 160125 161515 165797
158231 154945 155013 156830
159732 144075 166346 161023
165388 151907 153551 153989
167913 184945 141360 159291
169355 164071 153665 149379
173756 156209 155447 149934
