13 0.349337
835842 789014 742770
754604 795900 820058
810939 760473 767887
795090 775076 771668
772415 779957 785221
775100 776605 784935
791729 778524 762519
780664 795827 757091
782374 792673 765882
806193 769076 770641
768157 799175 790111
778906 750763 819363
825510 764505 759329
763172 792570 808331
771824 792274 797169
774087 803329 775096
788625 766500 791382
803114 772687 780186
755653 794372 817447
800711 784368 754996
768406 775468 798190
748999 814815 772956
757640 807153 747578
774049 767548 812063
777144 788453 780824
785536 760372 791974
772544 790010 778159
778966 766644 782921
781860 789985 775999
802910 793413 740217
778551 767198 792343
788085 778511 778978
796677 775948 760470
813565 774868 766634
756794 794451 815829
779563 798170 772585
784939 782104 767490
787990 755400 798934
788497 778069 763824
789694 766636 784806
799764 741866 786712
815749 757753 780170
