82 2.09041
792181 777735 757766
751797 815596 789585
767896 750508 820364
786563 774835 764307
747005 780422 803381
755591 754181 775193
770646 786079 761329
777339 776006 767753
794438 743148 781097
795065 763440 749379
788526 742621 788776
813064 767432 743154
780654 751112 784126
786457 744796 792207
787776 738488 811772
810301 724737 822057
770308 819259 748817
769670 794644 751304
783207 765969 764804
796548 729010 789166
762603 807322 760865
771236 785306 765863
753669 788851 787448
786316 742594 804346
820089 798178 736966
755188 778496 790220
793359 749217 783828
745140 796060 831449
765056 751325 777529
782640 798182 750317
772381 745922 789871
783293 800069 745662
801007 757867 758826
802849 763026 756148
789234 742500 800340
830595 748880 758544
830717 727417 769607
819306 727430 801905
770699 775065 771927
788184 759186 758429
781789 774906 766983
758646 787464 763810
779488 778035 753256
794968 798656 730729
772862 767159 769820
794020 745694 771839
758383 780983 774270
786378 780470 750906
822028 750162 764553
797131 767931 740231
