150 1.14173
288846 335445 268241
291339 332362 268442
288158 338344 271546
316295 270960 274868
268313 305954 294765
270569 303292 296629
316566 265190 276192
266535 305601 298977
268444 308641 291906
270264 306415 290532
290180 338669 265395
268588 305204 292110
297907 307577 270683
306989 282418 287498
304291 282485 286391
270274 305306 290231
312568 269317 282616
323333 270022 266603
280571 302275 276813
323214 268871 268105
269698 306505 287547
322988 269664 266811
267077 318805 289165
307370 275286 278144
314430 267453 276280
316334 265775 272513
286370 280764 317203
263900 323534 295192
268145 318207 286882
282416 302474 274436
275825 309094 276332
279085 314051 273481
319485 268515 271396
324774 274062 261585
264077 323354 294975
283030 298597 291422
312310 263076 289879
272073 305867 278414
272324 302668 300454
288533 303967 272190
316633 259828 287649
264883 323190 296175
272279 302933 288680
276494 309250 274616
278747 299208 300220
280819 299327 286994
289648 301890 271119
278302 306868 276824
320072 258989 285733
292950 300121 273890
246354 327150 303870
246763 323999 307053
264075 322259 296281
269970 313752 286959
289716 284826 306299
322905 274369 260222
247224 326689 303002
276130 283388 321832
283939 294207 278437
324392 272735 261784
295987 286625 292781
314053 285295 270020
261389 311666 302014
270787 315850 285333
247335 321324 304939
265886 322869 295677
297162 298626 270724
314949 281383 268839
321287 260558 284902
296711 298752 271924
313073 285605 270792
319022 261385 283246
247943 318711 307822
265226 321365 297851
285011 292769 275803
318327 259558 284937
245930 319534 308867
261047 325452 291562
261840 312320 301623
270536 316883 284757
290578 292352 275178
292809 301262 270980
254064 324769 294537
261669 308607 302170
332735 270842 256327
264149 321641 297035
282728 280474 326407
317976 262708 283477
247271 325743 306531
267757 314468 288374
310473 304803 258930
247380 323685 303280
255319 324541 294573
287077 278886 326317
313812 285316 269817
248461 321325 303618
292115 275201 337474
294889 328380 244427
317660 280314 268334
255367 323119 297867
248561 321284 304495
272753 292721 331194
291819 293328 273998
345528 269509 251753
270808 293099 331524
327919 255368 271448
245996 319276 308732
249242 324996 297710
266181 311351 294845
313558 287339 267470
333985 270473 253495
340869 270324 254400
343760 266919 254952
297588 328291 248055
298245 330268 242193
336549 272817 250454
259472 328262 292025
261933 327818 287722
266482 292672 341637
267886 313367 289294
283918 300299 285578
312139 293657 259600
256283 322120 297700
264124 324249 293411
291386 287486 280296
293860 331292 250943
299648 330146 242397
265051 304170 340856
291866 292846 274376
293371 294491 273305
314233 287254 267975
273792 280140 334445
341925 271016 251413
306192 299211 263269
332134 274627 250618
261119 327604 288606
276953 300413 290034
332487 278245 250549
322205 258339 272486
323762 258000 270249
331643 272035 254272
264830 302369 341336
280243 280059 326492
321347 261384 275854
239672 342530 297011
241020 333081 300598
260606 326569 289002
278181 281718 325688
308368 293875 260014
330265 251230 267403
332223 272015 256933
247839 313290 310466
251504 323422 297109
259367 331117 284343
307868 296751 264123
310795 249562 297740
241497 336390 298357
252121 324193 295936
260504 329698 284916
263616 297436 343780
292324 332252 250985
299732 335008 240795
318124 254368 286351
320217 261535 275650
330128 252959 271819
247439 318943 310469
248623 318432 304362
248669 311886 311820
289694 297742 274895
306165 334561 234467
319411 263600 277154
322905 264116 270884
236128 339818 298615
245602 337155 295207
282634 284210 320500
290823 334133 262004
299781 332382 241220
325004 271247 262480
328316 252963 275637
331100 251548 267101
249144 318564 304345
251067 336386 294436
267261 297551 341386
293135 334187 250947
305666 300194 264116
309091 248523 298424
346978 265879 254716
243592 338045 297672
261931 302070 341687
263857 297184 344451
280257 281201 321531
293401 328691 255663
293480 273073 325975
301376 273186 310079
318622 263968 274794
325709 251800 282325
241026 339098 290530
260789 329193 284739
262033 307904 307720
265026 293274 345054
270730 280636 335493
272433 282781 334760
282575 281074 324197
300394 335043 239421
301928 290947 266554
326478 255204 278708
333447 261250 257978
240552 339977 291433
242992 320579 308363
266628 299395 341501
330238 273529 252509
239361 322357 309862
258316 307343 309636
268556 290433 338685
273492 279337 334700
273499 280487 332468
298459 335047 240534
299002 323141 247102
300368 292837 266853
305134 330984 234519
229144 330341 308223
241389 320257 308437
252453 333435 294461
265083 300178 337137
270498 277855 336003
277183 282998 332160
299743 326689 242559
308641 341690 233080
314920 267112 279745
234799 344557 299779
237915 320178 310640
239706 343309 285887
242923 319016 309767
247663 314621 308522
270835 279032 335209
273988 301216 282289
279075 281719 321966
295763 275546 310321
298257 273442 310070
302609 323662 246114
329797 257485 260723
248406 313449 305842
248959 317402 304731
262589 298374 343118
269696 285322 333880
274102 292659 328345
275403 300817 283232
278101 286209 318237
299760 326247 243505
232226 326473 308849
242907 318843 312358
243361 340095 285507
257389 308224 305332
261475 305908 307777
270041 280226 337478
296178 311825 270278
300507 283870 298532
310295 321629 236193
311546 266205 289927
317426 239334 296306
320312 263273 275223
240606 319557 310942
244159 333688 300269
247354 342011 284736
254875 309884 307352
258538 308240 302775
268266 294128 336419
281845 286014 317774
292406 276797 311631
314662 261356 286155
314877 240879 295401
321496 239070 296093
237273 347460 298535
249136 318107 304430
250893 340762 284705
284876 289120 276861
292660 274601 311721
296208 271794 311928
297641 322059 247706
300794 325521 242868
326196 258475 258140
345600 269312 252100
228306 333708 305432
238826 338764 300937
244127 318624 312347
246504 323020 307189
265852 294729 344112
273841 277707 336879
278500 292622 314023
279306 277290 328187
280077 284516 319696
287796 287435 316771
287893 310270 273280
290750 295871 274716
295414 279704 309392
298775 326461 243881
313006 263634 284729
317225 239540 294839
320364 276267 262446
235009 339733 298800
246336 323869 307092
265246 303165 302166
268188 298520 340131
269825 296588 324354
288492 310024 273715
293733 280425 309916
298581 335150 237418
306734 341658 233344
331289 257806 259455
339124 271314 251933
254989 328321 286462
260265 344069 283386
261428 334199 283811
267527 297455 340939
268202 299670 326153
268942 290256 345410
274784 285520 325140
279251 284259 320283
290932 275937 318051
294689 335191 238120
296460 284171 309073
299426 314658 246816
309886 339225 232330
318767 263331 282586
324352 255739 278275
324742 256299 269640
334168 261963 257033
338992 271749 251908
245144 324279 306600
277052 285396 319802
279535 288840 310232
283091 282728 319141
294628 335011 241419
298627 312908 250753
300236 311540 247849
306703 251086 291494
308279 344114 232982
323391 254390 279753
342101 269947 255123
349355 265904 254030
234148 324096 312703
271078 283390 332948
273080 284858 330437
308663 330618 234761
317292 241151 288371
321436 258520 280680
332789 265146 255707
338846 272348 253069
234380 324001 312561
240033 341970 287882
245274 317727 311839
251547 337297 283962
269684 295208 325419
277737 277543 326619
290184 278565 316841
305005 340363 233584
305673 251608 293613
316020 240771 292357
321626 252353 283325
329608 255176 270964
344433 264907 255015
228088 335908 305746
230107 328779 303277
241019 341531 286911
241108 319801 310721
245230 316913 312469
249547 313516 297904
265735 295921 342375
272127 299452 323301
273675 304801 288363
297411 313129 249654
301199 330735 240719
304143 339884 233919
304446 249722 296040
310985 241908 292571
314598 240917 297870
317992 272814 262836
324899 271688 266547
328261 255521 271025
342296 267120 252527
232138 332795 301167
237778 323828 313197
245644 316858 311412
262912 284364 345760
280742 281387 320645
281101 275204 330889
290832 334938 242196
294314 324905 248309
301694 325126 235978
306897 256496 290519
310969 248918 290568
317057 243407 286927
324406 275207 251705
324995 255716 267454
326038 263236 264454
336604 266183 255442
338720 271375 253181
