2896 27.1722
209085 185192 186603
207272 185125 193155
208958 183479 189013
200367 192673 176697
202044 186930 182615
203171 187501 178982
195445 190973 182696
203724 186096 182421
201881 188885 175780
199833 194966 178696
203205 188329 178380
198323 191635 179657
201614 189889 177956
200415 189907 180263
201830 191841 175741
206090 186628 178358
199485 191788 179265
203734 185938 191690
197747 198838 174690
209643 183731 177898
201280 191017 177475
202321 188262 179199
205385 187028 180631
206058 188871 177351
198286 195439 180653
203384 189134 174820
207906 186078 184741
199710 190927 184321
209380 183825 179479
211373 182899 183473
207968 185907 178444
201886 187304 181904
207191 186699 175726
211541 188907 172162
206167 188679 176879
210542 185697 177122
213424 185638 175166
198841 190634 184523
198174 198123 180822
205652 189754 171246
215343 184498 176851
200468 191471 180185
207485 185586 184902
195211 196838 181347
217942 186080 171463
200831 189294 185255
211580 188972 170821
215264 187376 173926
200193 196664 174441
196945 203113 179646
200712 194083 173171
219189 184184 173587
194876 198965 184734
196363 200478 179794
199949 197021 174642
198298 197424 172923
211662 189221 169290
199976 193886 174882
210333 189128 170045
202570 191468 175158
213934 186125 174869
214209 189206 168408
199768 195065 179051
207128 187511 173932
212675 189076 170807
212699 188919 171034
199691 196664 176469
211089 187744 173747
201868 204439 167282
199247 196558 179051
203085 210478 165720
218972 188897 165992
201676 197992 167805
211961 188599 172756
217028 187329 171010
200740 207969 166719
197727 208986 173790
200599 207217 166915
203490 200330 166541
203339 203085 165564
200786 198968 171620
199087 200496 169219
203626 204415 163985
202941 202865 167721
201375 192229 169802
201884 192742 168516
213349 199093 154908
205422 193069 163099
218887 191415 160503
218621 192205 158899
209156 194517 159565
217486 191614 159011
220859 187451 163375
210017 194824 158899
231517 186915 159781
221830 190489 158449
203286 205807 163429
220228 191380 158705
203835 196622 159384
220614 191164 156629
232060 190478 155005
205092 189982 172637
207902 195606 159630
214185 192337 160310
201113 192621 169080
218513 189327 160879
222993 190303 157391
212135 189271 162592
220696 188115 166218
208052 200209 158516
223370 188562 162322
226288 189683 159008
218209 191474 159042
216283 194430 155694
215676 197837 154364
219295 189284 160248
212446 197611 155991
220150 188926 164296
227399 190872 155131
215557 187948 166564
223871 202038 148116
213746 199265 152464
215225 192515 157221
223744 200995 148779
216682 195614 152285
231712 198603 147654
211586 188733 171289
212344 198016 156491
214409 200364 152121
217572 195199 153481
233673 193345 151042
216609 197970 152908
231413 197711 149338
220761 205622 147118
225655 199805 148874
227873 198678 147938
216869 198727 150645
233222 203324 145113
215491 193838 156043
213813 207665 149277
219620 191758 155650
215648 191580 160512
220486 191335 159233
230585 209353 142755
210352 192854 158798
211927 202237 153908
221106 198544 149835
232230 196825 149586
219677 198739 149994
222359 197747 149902
204243 190504 163599
209910 210010 152312
208288 198485 159341
237931 197296 147503
219477 197263 151631
231278 202696 145514
215818 204319 148913
229707 200240 147887
211913 204339 151704
210241 199588 156904
206214 201591 156692
231591 194365 150630
220797 196493 150731
231669 200225 147145
212460 194918 155283
216063 191864 159518
220091 207723 145844
203506 190647 164484
210364 194345 158261
209115 196274 157165
234935 202315 146176
217816 186918 170168
208417 189396 160647
230104 195285 150030
230642 202185 146566
206498 191913 161324
207447 192439 161263
235446 196325 148096
216651 197504 153480
210892 198658 155834
219242 192101 155041
232049 199493 147301
213929 198723 153822
216625 194327 155799
216723 203025 149830
218774 207111 146349
241386 199295 146604
231092 203136 146558
214632 198908 151956
220362 198504 151608
222691 191118 156486
217898 193171 151745
214385 193725 157631
225987 195113 150889
224940 191726 153208
210403 209576 151409
238541 194726 148992
233060 198246 146735
213733 203020 150299
216614 211416 145924
230609 190786 152723
207185 190231 168316
232436 193513 151517
226568 201074 148146
200770 223039 164351
207196 200570 154129
222632 192141 152056
235420 203168 145409
219355 213675 144863
221926 216228 142079
221386 217560 142489
225139 197468 149421
235557 191427 150719
234090 211741 140545
216607 210098 147073
224050 227094 140492
230033 203863 144851
232240 200081 146248
235127 219914 139280
224974 222835 140781
229003 209930 142452
224041 221905 140993
220966 201154 149013
230228 230600 137298
223117 223637 140705
221592 221446 141661
228886 235255 138732
225305 216842 140949
233795 206775 142040
224437 221379 141890
232171 216398 140369
225324 202569 147008
232140 227618 137005
205014 206584 155737
226385 220192 140549
235200 216699 139338
234318 199452 146536
237650 206503 142645
234593 216190 139356
230847 209717 141815
222767 224845 140550
243661 196999 145707
241610 199710 145643
227026 191876 152874
237160 195846 149401
226547 223837 139712
209464 213959 150145
227074 200956 147068
229713 195541 149949
234946 209728 141255
235247 219744 138248
215947 213364 147011
203672 220485 158681
208256 220044 152122
219276 202399 150222
220446 212615 143583
220592 212286 144677
220958 203167 146394
223493 203161 146457
216747 222538 144504
234730 209788 141548
221666 230328 140831
230337 212741 141823
228260 203334 145912
225192 235927 140114
230727 229217 137578
213967 219199 145088
209222 205823 152903
223578 223456 141215
226503 225037 140002
230248 216540 140575
226010 212997 141525
230628 204279 144655
212697 203407 152828
225537 210880 142096
224792 227346 140449
221092 224932 142098
228975 226663 138807
220325 210134 144928
214210 218697 144919
221458 233569 140715
217520 208438 145231
227824 187207 166481
225911 233068 139675
217890 206670 147404
218881 227284 141861
222076 224876 140949
217392 215615 142640
238387 201733 145980
232928 190140 157816
227002 222711 140310
227673 189161 161564
223057 212821 142963
220664 209435 143216
230375 210134 141035
240813 210768 138910
231711 206754 142870
216245 204154 149698
227135 222901 138836
228042 213294 141272
226950 201036 148533
228066 216771 139781
231378 204988 142898
215653 213447 145097
223669 212724 141970
218227 212666 145205
216605 202480 151857
227526 210876 142515
224850 220346 140822
213741 209360 147716
239002 218273 137882
218654 202750 147759
215158 206112 147663
222286 204308 143005
238089 212199 139540
218224 208356 146270
221483 204776 145870
221486 207087 145529
230911 221055 138159
218016 215608 143453
216672 207942 146892
221725 207720 145139
229783 225116 138335
221002 209829 143214
229601 240299 137550
229047 212978 140976
225965 213309 140728
231861 217941 139590
230041 222031 137859
223447 210209 142925
220807 222187 142630
210544 212512 147385
216875 220545 143516
232791 209099 142436
236098 213013 140343
219949 212440 144250
211486 216926 145306
216550 207900 147425
218277 206058 148180
225828 210017 142677
232982 214200 139972
211158 205694 149851
