4 0.0189949
148421 166084 189135
164131 150769 167339
168683 152199 159731
171190 178577 146301
149615 172891 157256
155575 148850 178589
161377 158189 146569
170949 150050 164645
149410 162431 170059
151795 161342 154657
160183 171782 153535
173462 147432 158443
156072 157973 161247
158401 139714 172744
163129 153561 154425
164952 157822 153185
171414 141982 167123
177078 151404 147001
150802 166811 160600
152065 155539 173538
156446 149650 170215
165588 152231 164842
165876 150335 168793
173101 153667 143768
