227 2.24458
298613 286190 284787 259371
299478 292127 258349 288531
294958 299821 260380 284377
293953 270785 276311 278441
307769 281293 276352 261016
299862 285529 283637 258067
300414 294356 256445 288521
278417 280243 270522 274468
294628 297028 261771 283702
295745 295310 256790 287994
295890 284900 282001 260586
301287 293072 258457 285602
304382 290926 258738 279107
298143 289637 280977 259429
299108 294905 257462 287011
295662 286689 282691 260029
298892 295029 258566 286466
297276 283275 283393 262245
296865 286311 284185 260229
297824 293404 260398 282789
305456 288956 259594 283779
298971 284810 277079 258811
296883 292589 256522 287288
296421 294081 260312 284265
297229 295905 259731 282203
296883 296397 261093 281710
300814 296525 258883 284432
301305 290549 257602 280658
307001 290293 275232 260712
283880 277397 274865 271392
299006 292108 260597 285400
296848 292175 259185 285283
302895 274173 268508 273469
295362 295774 260061 284249
293657 290707 262712 284734
303747 274233 264464 280681
298934 288446 261305 286988
304890 296419 270550 262547
307611 280462 275232 262447
304023 287493 261642 274183
292775 280460 280172 262570
301462 272015 268819 279663
290850 285927 279309 265650
299280 274772 264216 286471
306783 278644 272451 264103
295405 292731 261707 283003
297630 290033 275404 262904
283273 277752 266594 271691
293793 284057 279559 265283
306375 279851 277738 264582
296489 292573 259477 285320
297165 295379 261138 283152
295892 283687 278068 261355
295147 291656 261700 284651
296819 295481 260226 284699
294877 291555 267515 264631
301866 272166 266085 281746
286859 273184 277675 279940
295106 289399 277889 262667
299743 284485 259907 287128
298439 284181 279864 259716
302399 286122 270881 263900
290869 270876 278431 279943
289626 275032 269336 283416
297434 281836 262017 273939
297118 288166 277804 261917
292020 283322 280544 265051
305125 287690 270547 264382
296331 291176 262472 270629
295467 286539 268182 266296
288765 273697 269885 282475
284847 279454 265995 280289
285385 275385 271606 276999
290253 288641 279140 264520
290694 288685 270551 265390
292649 292065 270121 263763
297501 285181 261804 273062
300967 272072 270127 277182
280570 276059 278219 277632
300779 280835 275286 261049
302554 273353 265846 280513
295380 292457 276794 262397
287615 275820 268683 283975
290185 288187 271569 266964
282449 274484 274039 281081
305707 284073 271158 265111
295166 283423 279041 261827
300666 283001 277467 260669
291326 284812 279884 262035
297952 287250 276423 262883
285680 278289 270567 271221
292344 289721 269544 265568
292183 285616 271276 263407
287824 293301 265258 276586
296808 284860 275857 263178
298768 283136 276775 262982
300499 271433 269914 281778
286132 278826 276678 268290
283260 276955 278989 271515
285009 275972 270348 280142
292434 289176 269242 264917
306237 280226 279044 263614
302017 282360 273135 263816
305745 285186 275819 260259
292726 287935 266189 268124
288258 275625 268723 281978
285427 279375 274428 267158
306975 287107 259852 280110
284070 276666 270909 275509
296973 272919 271456 276187
283176 277370 278712 269015
286623 277510 266772 273288
278671 278004 270626 275629
288128 273268 272472 279226
303774 280981 273622 264790
298052 283857 261627 276346
300160 273458 266680 282142
297831 292160 259056 276386
297674 283926 280806 259945
302785 273569 266222 277921
284444 279127 272586 268894
301040 271703 270052 281148
299640 281138 263107 270800
295738 280931 261350 276550
282984 279046 271766 269920
300084 284870 273252 261486
301173 287486 260466 284421
302815 271096 272373 284501
295664 289028 264887 267077
287460 274903 272666 282006
301380 272019 269727 279444
296569 283888 262467 273695
302309 274779 264914 276919
289948 276310 280581 269863
290677 292234 269996 264944
300596 285570 276008 260463
294252 287347 266829 266189
279669 278066 273724 272532
294237 286751 278117 259935
286712 278448 268145 269631
294453 281232 265782 268341
285857 275090 275408 278053
292535 281970 264435 271157
305136 276120 276205 268729
299990 280017 275387 265529
279148 282232 269890 273420
301110 272595 268403 277681
302829 272748 264990 279631
285227 278741 276446 268880
296937 283875 280751 260085
281044 276432 272916 277244
290854 284613 275010 267081
297229 286403 269974 264671
288000 273219 276178 280017
289432 274016 273965 271819
279880 280337 277336 270626
285191 277343 278597 269596
289920 272912 274265 276222
278420 284335 270286 274755
300371 271384 273620 282569
291385 273889 277548 271413
291102 274228 268325 283981
300556 273179 268622 280695
278901 283990 270068 274409
295876 285020 277218 264243
301899 283567 273372 262508
284388 287241 278519 268786
287105 277164 266874 275158
282779 275860 271617 274530
294732 287735 265550 267710
302803 285509 276114 260914
289905 275745 267356 280886
289627 285632 273441 266581
298836 276188 277510 269743
293283 283504 279715 263859
279570 278978 272555 271628
293814 274701 267439 275896
292994 276228 263769 277439
291723 280504 270290 266790
280822 281455 270765 272257
279357 277755 273944 272909
284225 281956 265878 277708
287181 276751 270447 275521
288380 274065 275726 276355
297242 284569 278624 259573
293346 273426 267998 280893
300359 278170 274889 267184
282526 276517 271998 274205
293272 281645 263016 272654
296414 276959 262275 278797
294181 278942 262156 276695
289734 274821 267712 282543
280210 281547 269607 281042
287889 278669 264838 280046
286230 276411 275517 270034
300021 282553 275623 263656
292488 287154 266416 268461
283074 279253 274552 269433
288695 272472 275978 276421
293396 272133 270475 278951
292932 290439 265902 267339
296301 285462 270402 264619
293475 282111 269283 266437
296886 284446 279664 259611
298745 284544 277004 263590
281468 285352 270569 270547
294782 288057 262795 268366
298340 283966 277018 263946
291659 281361 267567 267418
289015 280786 264128 274972
293141 281944 265985 268459
287302 282778 270599 267694
294834 271371 276124 276107
297168 290584 276973 263134
295761 284425 278542 262667
294104 278703 268843 268596
292671 282834 272484 265598
289091 275016 267672 284540
295588 275258 263190 278041
284634 280126 269200 269926
288503 276343 268293 278328
306006 284874 272117 264445
295051 276964 262954 277214
280043 277781 272981 273931
293052 289254 263976 270189
293167 287128 265911 266715
299802 291012 261097 280565
282583 277497 272129 270361
292089 287019 267392 267803
291821 275506 267644 272120
292017 289251 264709 268215
286810 274291 274335 276295
280735 276731 274486 273356
299239 282530 274365 264010
295582 283647 278152 263033
280016 279308 275855 269915
291350 273626 273832 273855
298919 280456 277164 264269
292138 273194 268828 281384
279846 277645 274378 273526
282201 275666 270954 278206
297985 279903 269473 267276
299834 283867 277593 260412
294564 280681 262146 275354
289327 277048 263503 282102
288899 273640 277972 272278
285834 278100 269832 270237
282122 279395 266874 274072
280904 281451 269857 272476
299491 272876 271138 276617
289288 281052 263255 281118
290605 283745 270538 269269
281254 277562 272711 272966
290403 273677 274675 273625
293684 275002 265722 280632
290536 282503 264179 273742
296076 277959 263343 272000
291002 282959 264782 272381
290940 274920 267831 274454
296208 279961 262771 273962
281959 285099 272082 270947
282061 277672 266521 275645
285215 288315 269045 270249
294040 290300 265878 266482
290967 287004 270791 264185
290307 273923 271719 272739
295997 283760 264509 267499
294979 282687 262586 271922
289502 276541 269166 272398
287851 277852 264514 281537
291958 273043 273058 276264
294324 272863 269686 278161
294496 277349 262408 276761
285972 277607 267907 271443
293419 286648 264012 269110
281280 278464 268747 274806
289979 275539 267282 278893
291533 285681 269394 267971
291925 285756 272130 263808
296234 274718 265337 277737
281095 279258 267063 275364
290096 283492 263418 275551
286466 278443 271348 267596
282376 277156 266978 275233
293014 288437 263652 271680
294725 274400 265839 275995
290282 280197 280932 265076
290016 278217 271392 268368
288339 277262 266411 275818
291879 278045 264082 275374
296134 284247 261760 274310
291131 274628 266929 276513
301034 272309 269623 279525
281647 284788 272302 271324
288657 271655 275654 277912
292222 276410 265359 275925
295441 281753 270593 266069
279026 278261 273684 274529
301935 274587 265128 276045
282310 277170 267689 273806
282706 276226 270503 275749
298470 285237 274315 262075
299105 272233 270017 281432
293692 284967 264252 267905
291840 274505 272291 271751
291457 275947 264716 278578
298472 285215 261346 277819
297991 286343 276921 260085
293959 277810 262844 276780
280396 280046 268381 274744
294375 280936 262029 274967
289970 276853 263543 280105
292039 271913 273294 274790
292133 287851 263839 274014
293023 289321 263403 271076
299148 280629 274424 264819
291926 272712 273626 275808
292979 282656 272210 265797
291763 277750 264350 273224
288561 276064 276970 271080
294224 273080 275858 273561
281891 277320 267097 275084
289234 272801 278458 272766
298684 286323 277568 261480
283156 276464 276851 272812
306033 276526 273270 268622
294495 282170 262484 274286
294876 282463 270977 265854
293369 287740 266229 266127
286087 278924 266713 271347
292514 275190 272858 271576
290753 271781 275340 280537
278751 283829 270546 273135
288902 272373 275224 274262
281375 275926 273176 275624
294014 276695 263572 273690
294057 282287 274576 265824
286418 278418 266973 269727
280277 278740 276680 270911
289176 275222 271379 270333
286276 278748 272632 269052
291283 276712 273439 267361
292291 279225 272009 267565
293548 282667 272324 265793
290337 276011 270116 270832
292275 273945 269125 272352
289862 277064 265167 280978
290112 278353 265607 275933
290640 277720 273306 270268
288420 277863 264628 281533
298191 286885 275816 262942
280388 282994 275046 269352
291694 280571 269717 267677
291354 275763 268419 273086
290857 271779 270774 280442
291974 281688 277010 265967
279455 279499 274907 272131
290951 276284 270205 268857
280195 278744 277588 270692
290254 279811 271072 268941
292167 283789 269776 265668
284634 280022 268859 271556
281518 277758 275129 270881
287536 279445 264262 281471
288737 276349 266881 277471
279885 283381 272099 271538
290239 285255 265569 272156
300042 282681 275336 262222
294844 280664 263345 270509
292489 282370 263123 274700
285982 282747 268386 271274
300537 272250 270238 280287
289308 274157 269805 278726
291632 274140 269085 274349
290970 291096 270555 264472
290459 272170 272430 280542
293191 276520 267973 270158
295106 275849 263682 274124
281814 279534 267040 275004
287781 280163 263832 277821
296018 279682 261787 280205
295319 271257 272661 283032
281669 275537 276086 275619
291645 281951 264915 269474
295188 281641 262269 274876
288816 275130 272065 274417
295308 282546 262675 273554
280491 281961 270505 273877
290838 273117 271509 274226
292926 279856 269614 266411
293436 279554 264156 270105
280960 277951 269801 272971
298270 286326 277255 260675
293331 286923 265905 267618
280374 277275 273241 272311
288206 277155 267091 275984
290304 284301 280778 266232
289522 278858 265290 275469
281715 277894 273732 271286
281410 277665 267315 275430
291506 277099 267392 272054
286307 278847 272373 269006
291071 274228 268525 278227
288627 276123 271190 270890
290820 271983 275091 276298
294985 280367 263870 269940
289365 277865 263827 280611
293520 279033 266297 269964
279507 277916 273466 274183
291589 277464 264618 275946
280317 284142 269053 274812
286193 276337 270305 275884
295201 281392 261786 276569
288959 280856 266303 273858
289572 277766 263073 278452
291741 271564 273534 276410
292628 279507 269854 268031
288106 278553 266246 276347
280629 278457 269541 274591
280686 277586 273021 271934
288812 274817 271249 276948
279491 277388 271320 274626
294528 279616 265126 268814
291665 278617 266507 271535
291577 275304 266705 278327
282526 276621 272339 272575
278965 277615 273536 275624
293631 279652 263075 275021
281979 277780 267770 273796
292345 276470 264326 272931
290384 278926 270720 268782
298195 273525 268647 278426
281749 283461 266374 274236
291052 282416 270494 268632
281042 277947 268893 273190
291211 280944 271114 268758
293712 281965 264160 269187
290672 271180 277123 274822
281925 277018 272729 274910
288951 271266 278564 277907
279058 281096 275563 271846
290188 274236 271159 275704
282917 281083 272153 269028
289622 281614 264566 273477
279063 278144 271034 272914
278727 281602 275303 273466
279402 283836 269752 273350
292303 274915 267152 276037
292590 270790 276990 276858
292964 277766 267224 270720
296830 278840 262132 277830
291040 283776 265106 270890
289834 273666 274561 273629
288101 275512 271004 278531
295320 271518 272482 278409
293145 278186 263903 272071
291102 272497 270344 276792
295646 272837 270269 280474
287127 276924 268383 279572
289848 280177 263077 277534
295133 287438 262681 270248
294618 282973 263834 271019
295521 278344 262797 271547
287525 276533 266727 279472
290810 286824 270601 267576
289187 273298 274395 275469
298174 277322 276803 266039
282232 277010 269429 272580
288080 282274 265605 276848
291521 278306 273119 267934
291164 274436 269296 276291
290659 279538 268983 269146
291583 276978 263726 277893
281611 277958 269007 273186
290431 275344 267300 273785
294317 280620 263089 272895
282379 279916 272144 270745
292209 280651 266648 269092
296031 284252 277056 263786
290008 277670 263867 278614
292109 278413 272524 268117
279140 281092 274655 272065
282883 277017 268635 272795
290784 277582 263227 276451
281741 277263 267916 272180
278748 279737 270782 272848
280648 283636 269313 273192
293502 279467 264143 269679
282232 276906 269088 274210
292578 281677 267285 268726
291978 279076 264290 274010
298253 281613 276215 264621
292858 274530 267698 276490
291544 277916 267716 270563
291079 279772 265354 271874
282560 278408 269217 270517
281550 277312 268859 274281
281779 279096 271102 271308
292826 272822 272821 274420
295358 272335 272806 276918
