8 1.85856
3.162e+06 3.25783e+06 3.2155e+06 3.23622e+06
3.1622e+06 3.22806e+06 3.25074e+06 3.18472e+06
3.16328e+06 3.23937e+06 3.16505e+06 3.19684e+06
3.16868e+06 3.23783e+06 3.15923e+06 3.21573e+06
3.1735e+06 3.17639e+06 3.24936e+06 3.20476e+06
3.17662e+06 3.22453e+06 3.18866e+06 3.23135e+06
3.18162e+06 3.22588e+06 3.20539e+06 3.16922e+06
3.18267e+06 3.25353e+06 3.14203e+06 3.17141e+06
3.18758e+06 3.19827e+06 3.24948e+06 3.15017e+06
3.19676e+06 3.26339e+06 3.13989e+06 3.20153e+06
3.19721e+06 3.18897e+06 3.14413e+06 3.22227e+06
3.20128e+06 3.18197e+06 3.18169e+06 3.19828e+06
3.20595e+06 3.17e+06 3.19465e+06 3.15385e+06
3.20948e+06 3.22476e+06 3.20605e+06 3.13107e+06
3.21168e+06 3.20588e+06 3.23326e+06 3.13368e+06
3.21584e+06 3.24785e+06 3.17435e+06 3.12665e+06
3.2176e+06 3.24454e+06 3.16507e+06 3.18996e+06
3.22338e+06 3.23703e+06 3.16142e+06 3.18521e+06
3.22952e+06 3.13953e+06 3.16776e+06 3.19833e+06
3.23343e+06 3.24784e+06 3.19491e+06 3.1344e+06
3.24445e+06 3.25325e+06 3.13671e+06 3.14471e+06
3.24997e+06 3.21735e+06 3.13704e+06 3.19294e+06
3.2536e+06 3.19556e+06 3.20066e+06 3.12012e+06
3.25888e+06 3.15747e+06 3.20704e+06 3.16446e+06
3.29241e+06 3.20535e+06 3.19182e+06 3.15951e+06
3.11649e+06 3.25202e+06 3.2404e+06 3.27096e+06
3.16142e+06 3.22659e+06 3.2266e+06 3.21656e+06
3.1859e+06 3.151e+06 3.22634e+06 3.19545e+06
3.18915e+06 3.1793e+06 3.2191e+06 3.17276e+06
3.201e+06 3.16931e+06 3.20734e+06 3.17076e+06
3.20254e+06 3.15231e+06 3.28663e+06 3.17271e+06
3.2263e+06 3.11139e+06 3.27338e+06 3.22223e+06
3.22942e+06 3.13038e+06 3.24546e+06 3.21047e+06
3.18497e+06 3.2096e+06 3.18002e+06 3.215e+06
3.21177e+06 3.22363e+06 3.18074e+06 3.19065e+06
3.2127e+06 3.17684e+06 3.16332e+06 3.19734e+06
3.21867e+06 3.28338e+06 3.15903e+06 3.14779e+06
3.22663e+06 3.19447e+06 3.21086e+06 3.1368e+06
3.23074e+06 3.23615e+06 3.14477e+06 3.19287e+06
3.27007e+06 3.19512e+06 3.1828e+06 3.17116e+06
3.31232e+06 3.22464e+06 3.1796e+06 3.1395e+06
3.16482e+06 3.21837e+06 3.28247e+06 3.1889e+06
3.16583e+06 3.20439e+06 3.2674e+06 3.21058e+06
3.18118e+06 3.22948e+06 3.20874e+06 3.17452e+06
3.18579e+06 3.22077e+06 3.22761e+06 3.17557e+06
3.19624e+06 3.22829e+06 3.16791e+06 3.17969e+06
3.20805e+06 3.27751e+06 3.20617e+06 3.11599e+06
3.20911e+06 3.31795e+06 3.16648e+06 3.15933e+06
3.25287e+06 3.20298e+06 3.17086e+06 3.17226e+06
3.26211e+06 3.1952e+06 3.1833e+06 3.17341e+06
3.14453e+06 3.23798e+06 3.27173e+06 3.18435e+06
3.14561e+06 3.14207e+06 3.24335e+06 3.25317e+06
3.17229e+06 3.2252e+06 3.23889e+06 3.20294e+06
3.1725e+06 3.20721e+06 3.2819e+06 3.15392e+06
3.17533e+06 3.23298e+06 3.18563e+06 3.16472e+06
3.17969e+06 3.198e+06 3.21714e+06 3.20426e+06
3.19229e+06 3.17661e+06 3.20977e+06 3.28524e+06
3.19297e+06 3.2172e+06 3.18191e+06 3.17834e+06
3.19688e+06 3.17843e+06 3.19919e+06 3.23868e+06
3.19725e+06 3.21141e+06 3.20986e+06 3.17334e+06
3.19756e+06 3.23506e+06 3.18599e+06 3.14656e+06
3.19898e+06 3.2034e+06 3.19022e+06 3.21651e+06
3.23789e+06 3.17378e+06 3.19128e+06 3.18807e+06
3.24076e+06 3.16462e+06 3.21512e+06 3.16344e+06
3.26561e+06 3.1507e+06 3.22697e+06 3.15365e+06
3.28217e+06 3.19084e+06 3.14246e+06 3.19858e+06
3.29658e+06 3.22828e+06 3.16607e+06 3.16181e+06
3.31294e+06 3.1442e+06 3.1574e+06 3.21366e+06
3.14482e+06 3.30976e+06 3.22414e+06 3.24073e+06
3.15368e+06 3.22282e+06 3.23794e+06 3.26111e+06
3.1665e+06 3.20133e+06 3.19412e+06 3.21867e+06
3.17042e+06 3.23257e+06 3.20086e+06 3.18003e+06
3.1756e+06 3.22539e+06 3.22511e+06 3.18189e+06
3.18301e+06 3.2195e+06 3.20271e+06 3.20891e+06
3.19866e+06 3.18755e+06 3.2169e+06 3.19765e+06
3.21233e+06 3.21566e+06 3.13182e+06 3.24235e+06
3.22695e+06 3.19675e+06 3.13583e+06 3.23383e+06
3.23212e+06 3.15676e+06 3.16639e+06 3.21146e+06
3.2343e+06 3.25942e+06 3.25837e+06 3.0979e+06
3.24925e+06 3.15074e+06 3.28918e+06 3.1835e+06
3.34541e+06 3.24114e+06 3.23023e+06 3.1049e+06
3.12773e+06 3.24674e+06 3.2381e+06 3.17616e+06
3.1499e+06 3.32025e+06 3.17444e+06 3.12173e+06
3.17059e+06 3.26304e+06 3.17246e+06 3.18458e+06
3.18759e+06 3.21327e+06 3.19915e+06 3.15127e+06
3.19328e+06 3.16452e+06 3.21727e+06 3.14774e+06
3.19639e+06 3.19602e+06 3.21561e+06 3.239e+06
3.20064e+06 3.27727e+06 3.13366e+06 3.25313e+06
3.20355e+06 3.23827e+06 3.13703e+06 3.22633e+06
3.21171e+06 3.21531e+06 3.17683e+06 3.19965e+06
3.21725e+06 3.1759e+06 3.27811e+06 3.14447e+06
3.22794e+06 3.23597e+06 3.16572e+06 3.16352e+06
3.23403e+06 3.1935e+06 3.18464e+06 3.17291e+06
3.25054e+06 3.16673e+06 3.19332e+06 3.17933e+06
3.25404e+06 3.13248e+06 3.23778e+06 3.24787e+06
3.2562e+06 3.18764e+06 3.16994e+06 3.18787e+06
3.2672e+06 3.21204e+06 3.15789e+06 3.18074e+06
3.28353e+06 3.21289e+06 3.16851e+06 3.178e+06
3.14933e+06 3.26911e+06 3.2068e+06 3.2463e+06
3.1506e+06 3.20276e+06 3.2573e+06 3.23778e+06
3.16095e+06 3.25937e+06 3.17288e+06 3.16713e+06
3.16145e+06 3.20909e+06 3.25392e+06 3.22922e+06
3.17572e+06 3.22601e+06 3.18316e+06 3.22877e+06
3.18179e+06 3.18507e+06 3.24247e+06 3.2227e+06
3.18443e+06 3.19486e+06 3.2683e+06 3.18378e+06
3.18601e+06 3.22744e+06 3.15088e+06 3.19842e+06
3.19129e+06 3.24814e+06 3.19573e+06 3.16118e+06
3.20593e+06 3.26657e+06 3.15337e+06 3.16643e+06
3.21612e+06 3.20265e+06 3.15033e+06 3.20772e+06
3.21774e+06 3.24369e+06 3.16864e+06 3.15121e+06
3.22026e+06 3.15523e+06 3.21159e+06 3.20494e+06
3.2204e+06 3.25662e+06 3.13041e+06 3.28741e+06
3.22228e+06 3.24626e+06 3.1394e+06 3.22321e+06
3.22495e+06 3.22531e+06 3.11199e+06 3.24948e+06
3.24514e+06 3.27984e+06 3.17346e+06 3.1427e+06
3.25332e+06 3.21805e+06 3.11953e+06 3.2107e+06
3.2708e+06 3.18937e+06 3.20046e+06 3.14402e+06
3.27437e+06 3.21443e+06 3.18663e+06 3.14354e+06
3.1548e+06 3.29087e+06 3.22829e+06 3.2374e+06
3.16752e+06 3.21132e+06 3.26e+06 3.20061e+06
3.17332e+06 3.27483e+06 3.14537e+06 3.1632e+06
3.17553e+06 3.16553e+06 3.25323e+06 3.22782e+06
3.18257e+06 3.22714e+06 3.20137e+06 3.15665e+06
3.21954e+06 3.15006e+06 3.23498e+06 3.1962e+06
3.22125e+06 3.24786e+06 3.14166e+06 3.17836e+06
3.22291e+06 3.22452e+06 3.23022e+06 3.11081e+06
3.23884e+06 3.17838e+06 3.15661e+06 3.26179e+06
3.25248e+06 3.21555e+06 3.17201e+06 3.18618e+06
3.2527e+06 3.21556e+06 3.18154e+06 3.16029e+06
3.2711e+06 3.14074e+06 3.26252e+06 3.18098e+06
3.2876e+06 3.25182e+06 3.22263e+06 3.11539e+06
3.29872e+06 3.15057e+06 3.17704e+06 3.16344e+06
3.30795e+06 3.18383e+06 3.15902e+06 3.22925e+06
