18 1.43256
1.59175e+06 1.61223e+06 1.61885e+06 1.57557e+06
1.59295e+06 1.6346e+06 1.63553e+06 1.57411e+06
1.60782e+06 1.58754e+06 1.65322e+06 1.57529e+06
1.60891e+06 1.59583e+06 1.58522e+06 1.56325e+06
1.62466e+06 1.56689e+06 1.56922e+06 1.62492e+06
1.60325e+06 1.55805e+06 1.5959e+06 1.59795e+06
1.63496e+06 1.55212e+06 1.58614e+06 1.60885e+06
1.60438e+06 1.54059e+06 1.59747e+06 1.60556e+06
1.62952e+06 1.53137e+06 1.59922e+06 1.6667e+06
1.65091e+06 1.56317e+06 1.56721e+06 1.6295e+06
1.57834e+06 1.62009e+06 1.57729e+06 1.62772e+06
1.60685e+06 1.59286e+06 1.58534e+06 1.56913e+06
1.61183e+06 1.57284e+06 1.6068e+06 1.5699e+06
1.61504e+06 1.54363e+06 1.59261e+06 1.6392e+06
1.63853e+06 1.54076e+06 1.60663e+06 1.60221e+06
1.58581e+06 1.60978e+06 1.54618e+06 1.61858e+06
1.59289e+06 1.56341e+06 1.58742e+06 1.61179e+06
1.63168e+06 1.62747e+06 1.6037e+06 1.54411e+06
1.58111e+06 1.61282e+06 1.58558e+06 1.58657e+06
1.57814e+06 1.62657e+06 1.54666e+06 1.63566e+06
1.58122e+06 1.58025e+06 1.57169e+06 1.59946e+06
1.61546e+06 1.57467e+06 1.61071e+06 1.56711e+06
1.63021e+06 1.55531e+06 1.59367e+06 1.60346e+06
1.56936e+06 1.56833e+06 1.60249e+06 1.6298e+06
1.58238e+06 1.57391e+06 1.54876e+06 1.58402e+06
1.59238e+06 1.56412e+06 1.55373e+06 1.62654e+06
1.59888e+06 1.589e+06 1.65361e+06 1.56813e+06
1.63943e+06 1.52029e+06 1.61577e+06 1.56817e+06
1.57649e+06 1.57787e+06 1.59022e+06 1.65698e+06
1.57712e+06 1.55753e+06 1.58897e+06 1.61807e+06
1.60574e+06 1.56325e+06 1.57586e+06 1.66591e+06
1.62754e+06 1.54975e+06 1.58423e+06 1.60979e+06
1.63534e+06 1.54903e+06 1.57304e+06 1.62406e+06
1.55827e+06 1.58038e+06 1.60649e+06 1.59376e+06
1.56101e+06 1.60686e+06 1.60232e+06 1.62189e+06
1.56701e+06 1.63073e+06 1.57086e+06 1.64077e+06
1.5715e+06 1.6027e+06 1.6061e+06 1.62244e+06
1.57448e+06 1.59257e+06 1.57784e+06 1.62713e+06
1.58556e+06 1.53861e+06 1.59616e+06 1.62872e+06
1.58952e+06 1.53011e+06 1.62513e+06 1.60564e+06
1.60372e+06 1.55509e+06 1.59519e+06 1.61902e+06
1.55706e+06 1.57522e+06 1.66331e+06 1.64589e+06
1.56692e+06 1.57035e+06 1.64031e+06 1.58818e+06
1.62663e+06 1.64025e+06 1.62037e+06 1.53356e+06
1.62966e+06 1.57278e+06 1.57461e+06 1.61752e+06
1.65278e+06 1.59545e+06 1.65159e+06 1.54591e+06
1.5686e+06 1.59754e+06 1.58097e+06 1.6284e+06
1.62173e+06 1.54373e+06 1.59549e+06 1.6265e+06
1.64996e+06 1.61461e+06 1.5747e+06 1.57618e+06
1.56286e+06 1.6118e+06 1.58853e+06 1.64285e+06
1.57889e+06 1.57455e+06 1.59963e+06 1.616e+06
1.58689e+06 1.61734e+06 1.62001e+06 1.57566e+06
1.61464e+06 1.54406e+06 1.59356e+06 1.66845e+06
1.54799e+06 1.58365e+06 1.61567e+06 1.59172e+06
1.55489e+06 1.59087e+06 1.60376e+06 1.65903e+06
1.57614e+06 1.5815e+06 1.58074e+06 1.60014e+06
1.58613e+06 1.566e+06 1.59361e+06 1.6107e+06
1.59443e+06 1.59967e+06 1.61003e+06 1.55875e+06
1.60175e+06 1.55275e+06 1.61888e+06 1.60304e+06
1.56027e+06 1.57277e+06 1.61451e+06 1.60122e+06
1.5968e+06 1.57236e+06 1.6099e+06 1.60946e+06
1.61656e+06 1.55095e+06 1.59748e+06 1.56155e+06
1.62528e+06 1.59142e+06 1.56068e+06 1.58402e+06
1.5585e+06 1.57048e+06 1.61547e+06 1.64523e+06
1.56945e+06 1.56604e+06 1.62165e+06 1.58753e+06
1.57164e+06 1.56544e+06 1.64547e+06 1.62873e+06
1.61192e+06 1.57664e+06 1.61553e+06 1.55953e+06
1.6304e+06 1.57036e+06 1.567e+06 1.609e+06
1.56581e+06 1.55959e+06 1.62706e+06 1.63845e+06
1.57078e+06 1.60504e+06 1.58792e+06 1.59833e+06
1.5776e+06 1.61395e+06 1.61019e+06 1.58369e+06
1.58442e+06 1.51995e+06 1.6301e+06 1.58563e+06
1.60615e+06 1.55721e+06 1.57547e+06 1.59344e+06
1.63538e+06 1.53936e+06 1.605e+06 1.6241e+06
1.67647e+06 1.55238e+06 1.58392e+06 1.61291e+06
1.563e+06 1.56513e+06 1.64197e+06 1.63726e+06
1.56654e+06 1.6068e+06 1.57872e+06 1.67411e+06
1.57121e+06 1.57537e+06 1.64516e+06 1.57964e+06
1.57404e+06 1.52231e+06 1.60743e+06 1.61461e+06
1.57864e+06 1.62184e+06 1.626e+06 1.58087e+06
1.60151e+06 1.56223e+06 1.60229e+06 1.57647e+06
1.60378e+06 1.54204e+06 1.59701e+06 1.62205e+06
1.60847e+06 1.55625e+06 1.62987e+06 1.58606e+06
1.60945e+06 1.55439e+06 1.59956e+06 1.57228e+06
1.61864e+06 1.5655e+06 1.57548e+06 1.56571e+06
1.6209e+06 1.63481e+06 1.61936e+06 1.55413e+06
1.56557e+06 1.59248e+06 1.60448e+06 1.63181e+06
1.58075e+06 1.60252e+06 1.57715e+06 1.60493e+06
1.59645e+06 1.61853e+06 1.59875e+06 1.56066e+06
1.60618e+06 1.61177e+06 1.57821e+06 1.57045e+06
1.61135e+06 1.55146e+06 1.59713e+06 1.61511e+06
1.62045e+06 1.5519e+06 1.58988e+06 1.6385e+06
1.63819e+06 1.51031e+06 1.63534e+06 1.61916e+06
1.67012e+06 1.5381e+06 1.58548e+06 1.62385e+06
