194 6.26404
103095 120404 105044 111827
144227 84938 134789 117932
137199 139723 120562 91840
148660 96892 101457 147948
105073 125148 143259 107783
130262 110130 76366 117365
141219 108134 126683 87216
143060 93682 105390 139294
117144 99639 112951 138129
127829 99957 84930 131306
137235 134408 118687 91863
110257 129744 88216 110198
139536 136916 116991 90552
107123 138007 135586 104880
146571 91066 113265 118570
106328 126553 138049 107527
120224 109484 142150 95669
109694 132483 90339 108900
129665 111353 136034 90919
115187 128375 92411 97746
122670 132665 123676 92330
139325 87310 131000 106282
124046 91703 140250 108854
133948 109971 125107 88713
122668 99772 93322 128283
142896 113204 124296 90431
103589 123607 99436 116429
135963 108088 127177 89046
124206 90431 139062 113435
127672 91116 116248 129377
144768 85063 129091 113005
141992 94446 109548 107421
145630 107456 125942 88940
126887 96638 132885 92906
112297 127144 87747 99758
105810 125173 102464 108705
144721 109838 122241 91756
145177 104744 131723 92636
108608 120374 107927 102248
121765 96681 108917 124370
104736 114128 139860 113035
107914 115595 103282 110394
108091 125629 130355 104407
138379 88032 126109 125922
104147 122965 99602 120954
123083 93077 115259 130037
131386 85895 128203 113929
139235 88846 127021 107189
132818 86473 132126 108510
128101 111370 77058 110608
146192 106767 115441 96250
131577 91623 111893 125793
141516 104023 124056 94028
144076 98112 102185 122230
140753 89455 126375 107366
124190 102593 83811 130776
104126 126626 97041 111631
138666 89572 119829 126996
143494 97810 129260 96233
126556 116320 79529 106769
121969 98692 110729 122180
108679 125923 135897 99320
114960 102460 107224 112202
140545 102120 113609 102031
109492 116899 105014 103225
119937 122192 80971 107089
143293 107791 128144 92661
136455 97639 123568 100708
125039 97099 106463 126422
138420 96300 108719 108549
112261 123363 89771 102921
134444 98729 126399 94730
107495 108421 93415 123719
133491 100822 117965 99620
125181 122164 77537 113597
118065 103432 84621 127643
129269 92046 105919 113369
114727 103632 127595 116176
135812 110856 118388 93822
135148 107653 116712 97735
140189 98726 120849 99969
137549 103863 125683 94870
142673 97869 131588 94430
134197 88597 123946 121506
132444 85975 133738 108846
105294 123868 98286 111815
138185 99872 124476 100554
127341 108833 78663 113224
105439 116538 102770 109349
107504 124290 91428 110554
109210 117572 102658 99045
124174 111684 77991 111326
140069 106300 121281 93119
104550 119147 97327 119091
125370 99178 86857 127818
139104 90847 109714 123035
119732 93636 128972 112870
128225 92288 110103 111842
126456 97515 134462 99633
134845 108482 89233 101190
106002 122735 94700 110210
113332 98604 131464 108792
110878 126135 85772 113831
113124 112849 106526 100304
106437 120808 97680 110572
131280 97647 104035 121199
138333 91880 111213 122242
111639 121385 89056 109142
107053 121190 95859 112875
116949 112247 93014 106481
128896 113793 78336 108613
135065 91674 131212 101564
142079 86253 119428 109244
134901 90063 122852 110925
122043 98933 95744 129934
122166 118333 135155 93557
119978 94810 132217 112382
137153 104989 120537 93516
142184 109887 88325 100981
124928 90308 121177 116140
109106 114466 89836 121900
137808 96479 126188 101194
126364 124477 89032 94728
126709 101741 114708 101129
113528 126987 88663 104674
133248 105394 81869 115414
130161 111815 100655 93326
141018 90540 112816 119204
126843 120852 91520 91999
108866 122670 91638 105156
119375 107893 85157 127023
123414 93467 122277 105035
133201 100486 105136 111507
117545 98947 115162 127215
107823 123674 133978 102426
106861 111821 98889 113798
136051 92128 133850 100366
139881 102994 116682 98034
136799 94271 127119 101683
107680 115992 100879 108020
117868 96811 133530 111084
142405 100678 88432 118204
107408 114508 104312 106209
106735 118427 100798 108379
132978 95725 125598 102695
116664 108143 84693 124965
138824 99293 126058 96519
125054 98156 99887 121308
135337 86344 127119 111328
111223 97943 135034 107670
125485 90730 131922 103551
115819 121500 91800 104041
120273 103918 107020 109081
143454 107070 124236 90687
136731 93879 129559 101438
111099 119461 102520 99511
111779 108158 127843 114138
120554 103986 94385 112589
136178 91511 117624 103331
119067 100059 112991 123512
132168 95460 119893 105363
128091 95193 113949 115583
125063 120892 91245 93382
115396 104231 94527 121618
119623 112944 83389 124308
117739 113555 81239 111606
113889 119290 83210 117988
117602 92576 124922 114530
112831 124785 95606 102422
113543 126017 87272 108845
118732 119801 90984 96655
120692 90757 118861 122878
108484 121828 90349 110281
126869 88338 125432 110148
121945 105361 89925 125245
111483 113002 100448 99891
121013 113993 90817 98740
112139 120347 88505 105060
128754 110356 78006 126619
107273 122011 94244 107888
120658 118242 97538 94508
122761 109247 80420 120776
115615 103378 128536 105117
127620 99388 119499 103753
121566 110569 99247 98532
112562 105627 100305 109832
110401 114522 87069 119801
114878 97512 129297 117005
115597 106651 98015 114984
126206 100305 115791 106931
106644 121998 98091 108424
111239 109699 88666 122707
137410 95725 127921 96665
109306 117782 97821 102105
121897 99092 113914 116755
123543 97323 120097 110381
122199 111687 101180 94256
119617 101221 111196 115141
121558 101365 112481 110055
123192 95334 122220 111760
127567 88068 128227 112927
113754 105560 90255 117145
114299 116380 94887 98179
118314 120505 84475 102086
121162 111238 97185 97195
125528 88755 123121 109586
125569 112948 93861 95166
124526 111257 78641 106800
121995 100398 112142 116587
109643 113934 99067 103296
129185 110367 93273 95370
137752 100973 88344 122660
115988 108339 94179 115506
110136 106419 101333 114963
121124 93216 134820 99886
144747 89848 114394 117463
128529 94634 130103 100069
122520 96286 114165 115853
114191 114830 85566 105525
136674 98061 128495 96859
119637 105977 85773 125545
131289 93833 129774 103932
129022 98382 95191 115246
115691 96472 125151 120519
131979 94596 116171 110375
116844 107536 87685 130970
125372 91306 122581 115719
105024 114568 98606 113885
130095 97109 127871 99166
131170 106820 81414 126502
114419 106884 96590 108497
124041 120031 84722 104630
135602 95692 128352 102541
141118 91185 129947 104631
117239 116563 88427 102255
125827 103688 85186 112035
114604 114794 96661 100302
119807 97600 123125 109009
122015 114977 89350 101335
116769 104333 97328 120894
119703 111976 95559 97435
112935 108926 101976 102374
138889 107000 80469 120182
108183 117076 101334 104448
120854 113308 101828 95930
124678 96142 114571 118799
112718 115370 87487 107358
130564 101541 100269 110671
120155 99630 112592 123259
124722 109064 80520 114088
127778 107881 82581 115234
128313 96385 116354 103035
124277 91555 133332 102481
115473 108562 87006 119477
109833 123572 88160 113707
107725 117937 90271 113545
119465 104070 113117 106703
140933 104971 124065 93839
121692 102752 118624 102560
129975 114487 81585 105747
118212 114694 102150 94398
122888 112698 80168 107228
126387 100984 122091 103683
115141 118195 93994 98676
136473 91411 115462 114340
118251 105422 91015 122269
129765 105208 85558 110332
135461 95679 115604 108013
111883 118385 86007 116779
126158 109811 96294 99231
129557 109576 92502 97946
120897 94859 130729 106824
116146 99862 122932 119899
112526 115312 96719 96886
123452 104408 114272 105197
121337 118673 78178 111596
124387 110978 81655 116537
132144 105181 104722 100668
110162 125102 89696 106942
118461 104171 90111 118433
131043 108658 81960 103345
119549 119041 81018 122984
131831 91553 116857 119361
113232 115227 92171 105967
120514 90538 125353 117791
113795 113726 100025 98639
120315 120142 90910 100169
121634 109267 86105 114060
112309 117361 95994 99432
104899 118634 95497 113250
129413 103417 82936 121966
121594 95255 130535 106349
110630 116203 95196 106620
122388 111062 80053 114766
106000 115105 96451 117687
138461 101151 117062 98321
131317 91848 116447 119164
128477 100067 105421 102833
118538 97069 122647 117703
121819 103252 92500 122389
108827 117483 98467 105414
124730 101235 105789 111575
110914 118630 83655 110304
124622 97360 113632 113761
128617 98801 96166 114447
128463 91957 117805 108088
107621 118984 97294 109075
118387 111862 96005 96940
111310 108737 98169 105859
126858 92742 118334 125658
118949 108624 85107 117225
116237 113472 82744 111896
115309 124555 92027 100088
127451 100583 123118 101842
109727 110378 104579 116291
116591 119496 84588 110081
108194 114173 95056 118152
120613 117187 92626 96376
142883 90391 118212 111647
122412 110603 83942 120316
129911 108665 79999 116295
128080 104918 99625 103804
110705 109390 95075 107142
124353 100812 90465 118969
117332 106085 95155 112284
132461 108087 82190 108507
131669 99921 93727 114569
122381 109595 83696 121439
125346 106228 84556 116028
125756 103111 90590 108536
125087 106765 84638 119596
126467 101697 120948 102463
119841 101978 117730 106766
119144 100882 122558 103132
132023 99856 120291 102837
127449 109752 82090 105347
108966 110962 95827 120409
128126 90910 119081 112309
124810 92820 117360 106356
114326 109111 92864 111239
116383 116447 87954 102656
130555 104255 89491 106566
130665 103933 96865 104177
119782 94891 116292 113305
130894 98387 96472 114232
139630 105384 86321 102852
125140 109615 79847 106269
121500 106330 86473 107722
132624 102517 83374 113223
111998 117233 97791 101604
122151 94099 117129 112280
114979 95513 120559 124995
125637 94890 116651 111014
111365 108835 102973 104709
114320 102992 127411 118849
133742 108983 89955 102715
104685 119202 95805 120272
118842 115431 87777 104924
116521 97396 121706 110288
116899 112417 85691 110833
113983 112947 93768 108078
118691 97725 127266 107317
130370 97701 105356 115177
127680 104802 90351 109404
117632 105120 103128 106660
134274 100244 93066 125917
123001 101121 84289 121055
120406 114332 117276 96029
121325 113920 80481 109910
114920 123720 82836 114351
122732 109980 82267 113155
117951 110452 85335 110944
115783 113382 90024 106362
118961 101100 92540 116969
131886 107833 117215 94111
111003 117296 94799 106957
123134 95920 120893 109304
110025 117604 91910 119092
126276 94827 110004 117898
127924 100429 96944 118484
127646 91560 121846 106017
127646 110294 93687 97757
135438 107375 85659 102225
117518 105921 92291 100156
127151 106969 87182 105602
126021 102907 86304 116978
105314 124610 92623 113795
121419 114302 93183 94788
122737 115809 86686 104079
127799 99651 125815 101291
123684 106785 84317 109300
125977 107110 83320 108270
130831 100691 105112 110526
124912 108989 80274 111898
131358 98992 109593 112481
132706 89888 117221 111689
127271 92347 118644 113439
127020 108123 83069 112374
139024 96098 122968 99728
120084 109383 91858 106964
110618 110101 86757 109180
118569 94816 122507 110963
116635 118840 96841 95966
128211 112534 98283 92408
141161 100181 125052 99723
122559 101801 87569 114174
136760 98865 98348 104235
135745 104432 91955 102072
116055 101344 119155 118712
128969 91872 112628 121981
122040 112026 91688 101185
123895 97631 121486 106659
120460 110859 83465 107377
124273 94023 122796 103392
124004 112470 85888 105862
126679 102307 84011 118154
121418 101925 95703 105647
125901 101015 95907 118275
137188 89671 126315 107312
123036 99573 119241 105489
122819 110379 87180 97086
120723 105834 86342 116508
122438 110939 81419 121525
125240 113171 91649 96344
133830 105873 116855 95321
128016 92528 116180 116226
127195 101158 118172 102488
115409 108346 90244 114888
134056 90864 115733 120914
116268 112760 88625 108945
133833 107141 86553 101432
133765 94250 117087 104365
128178 96089 121688 104820
123375 108840 88404 106248
138550 100418 124147 99860
127363 103064 89551 109985
112814 111926 127921 100505
131642 103851 102875 102113
125172 104603 120421 100136
126260 97629 115092 111234
128771 99558 131792 94056
126705 107270 91338 103987
110500 114016 98010 100143
108440 114336 103113 107767
126556 104586 104037 102449
130419 100684 120059 96290
130596 112591 86296 94318
109964 115143 97200 106162
118774 113705 89674 103176
120341 108577 84212 115998
128808 105668 91303 97959
122685 92459 126248 106080
112551 115870 95032 103075
124785 115353 84836 101862
120905 116287 98527 95835
115174 114608 97063 101979
107893 116939 92216 114467
109857 100201 128996 111169
126646 105766 84110 105959
123746 112526 85612 107066
139512 104239 86563 108805
130400 96013 121294 105153
128174 92909 110070 113292
116098 111346 95997 97333
120644 110166 88090 102407
122727 96650 124609 110367
122206 92090 120920 120199
119975 105288 86923 125615
118823 102237 117548 108109
118021 100847 96820 118352
122410 107506 90644 103468
128661 103788 126238 96610
128142 108132 100161 95810
115004 105369 95897 122460
118853 104518 125486 104880
108364 113321 93717 107776
120131 112295 80233 121196
125853 106854 82917 122097
134129 96759 126329 102317
115094 122032 93421 99937
111961 104050 125548 131034
116052 111111 93577 106611
106373 117470 93073 113379
121097 102129 116924 104225
127015 91053 125907 108143
118330 102678 93558 113020
113039 115146 93224 107521
123929 114759 79907 118450
120827 112360 81118 116598
108183 118050 92196 102600
126307 98502 125955 103122
120164 109930 96388 99836
126977 105193 87915 111521
125037 108593 83209 104084
110521 117741 92008 108415
124050 106090 90894 110505
119091 105782 88406 117561
128106 97834 92001 131119
122169 122151 88461 101731
130877 96255 124566 103183
