2424 167.57
264730 222426 196408 153195
173219 216614 229842 186327
193959 201370 170362 223882
204397 172189 211028 192955
217902 208168 163534 210614
191731 204711 246391 167301
190696 255775 173237 174229
259172 220736 188791 154131
197450 181960 182810 216356
251409 182551 187331 175792
248767 195639 192166 160065
193914 199877 244693 170242
178228 201230 186585 214208
251154 221214 196379 153769
246325 208347 176199 162754
188894 213085 242474 169614
202916 250858 181225 168439
186217 253335 185449 181869
180420 254629 189601 179161
190950 248715 181765 174417
186555 202295 240960 175560
244784 226905 198688 153414
245690 207003 164426 183748
192123 189646 178248 209370
186900 241748 189878 176826
201216 210599 167200 212808
177100 251293 191159 182964
180275 201882 203023 202986
208629 205813 165950 203930
192888 195240 234873 173250
189435 195752 183640 202618
194992 202211 241819 165429
175512 233270 204951 184474
185874 247153 200038 167754
208542 212587 163849 193937
201785 192763 171264 208827
216600 172883 199077 187476
203008 184790 233197 175080
174527 214395 193419 205880
175660 214930 189937 206310
195463 174783 198466 200926
219684 242387 196537 154623
201033 188302 232543 170044
244446 209803 165611 182880
194454 203364 228600 169300
176321 223270 194187 205003
179728 238696 213036 173129
195849 173765 197767 200611
243818 224134 190697 154293
195911 187983 179404 203661
240532 192956 174098 179560
181980 246515 199099 176237
173487 208819 225490 180435
186402 183214 188294 211383
179275 197501 234094 191697
215258 173398 202220 190351
177229 244756 198177 188538
240008 179528 201104 173650
200217 216790 164568 210154
211204 193581 166711 205477
204328 175244 203382 195138
202376 187824 236213 173350
185457 252011 196954 173742
177592 225526 227609 175135
205613 218482 218335 156189
212781 199170 170708 200770
204234 183817 231523 169785
178592 244150 202877 174840
221444 206647 189618 159862
206061 194838 169485 209820
216823 173902 197904 181337
191277 211949 238948 168219
241297 191563 186800 164369
173902 234771 202299 188381
196452 192263 188056 201956
185052 192141 183547 213155
182746 197009 183292 213723
194939 214583 169032 212157
182809 220896 226952 169353
176527 208782 192714 204630
186669 194857 176957 207267
187635 240858 192086 167546
183706 239177 188061 183105
234848 193556 177861 165157
174697 232657 208134 189803
180721 217780 237034 176384
230298 185412 184980 180421
241522 178511 196698 178449
209293 177474 223037 177864
191625 228917 183183 185918
198621 242122 180474 172013
193143 252642 179343 173413
202597 242864 205653 157318
193209 185963 181056 211918
233394 216699 172924 165849
243663 177766 209447 177649
179645 202823 230699 186162
190937 176862 199385 205251
239140 197613 182521 163980
176033 229201 198332 190092
213584 174319 219045 179534
234060 210516 168751 169039
203913 224786 164844 186525
225910 216053 167700 172629
190536 203072 232187 169083
236904 195039 177761 166056
230735 189764 206047 165527
207526 179871 223988 175298
188288 235334 191764 177097
182367 198863 173694 213919
229612 179280 189184 183331
206584 176028 191494 194415
215935 180919 210571 173847
185398 218105 212390 170514
190300 211041 239954 165189
200176 186706 207010 185639
238536 217164 195935 154730
187976 220170 224429 170460
206188 175597 214830 180577
199546 193588 174008 208138
189366 193664 176175 207759
201123 178662 196511 196113
200711 225590 167898 187347
227680 192514 186911 162157
183978 193244 176973 206709
219180 182243 201780 177869
190041 224513 210139 172548
211265 219260 220377 155164
206956 172928 206164 190595
175076 210095 194913 198797
193508 203164 233739 166481
208002 205849 165227 195950
210435 203223 166511 186655
219896 211455 212800 155523
195455 200462 240127 168272
195187 176297 209986 186920
188478 204446 215417 182138
178811 199423 201310 208541
197886 198987 238417 167940
189983 196280 184737 201400
195210 195760 239285 169621
198098 235840 174863 181475
187203 207307 226420 172494
228971 180095 187900 180249
207695 182946 217252 171007
221777 215564 183073 159463
202948 189162 229126 168827
223852 204120 194233 155607
190750 188587 178858 204734
198993 199795 235510 160341
197982 234513 203016 160642
184806 209848 206723 188734
197291 239909 208690 157136
222692 218535 166235 182693
211680 231401 205730 157643
203461 177351 202868 189018
183422 211928 222048 175036
227246 191510 187753 163467
225308 206845 187379 158015
209088 218228 214358 155244
230875 218503 176040 163702
212041 213788 225910 155733
195558 239691 171504 178061
223057 198241 184881 165747
201310 226400 165150 194944
205216 180775 199611 189472
241741 203513 174408 165808
207403 181614 207155 185182
181008 209015 222230 175720
205759 231124 167524 184160
175869 240664 196632 192274
191830 192051 222726 181746
180958 212121 186346 198672
236202 195581 178080 165118
182056 239439 212824 171867
194549 186058 191045 196421
209386 182836 210647 178570
188527 188091 189745 210931
208260 194312 213646 163168
228193 219053 181686 158290
199762 183251 225223 183192
189363 229850 200641 164336
215223 209044 186104 166984
213141 215797 217474 155922
222322 226494 180990 157812
186128 234042 199858 174623
196695 176674 197597 195318
193085 194221 179731 204314
207841 214103 211609 161075
194948 199921 237263 168565
205842 228660 191681 158447
201930 184019 184527 201849
203343 224404 219500 156887
178425 243931 206438 174589
174239 206237 216893 179456
178860 218962 189097 196999
243546 221985 191399 153993
239585 182137 185670 181119
217631 187121 209908 174310
184330 208356 215912 183760
220387 203799 170885 174127
235200 179597 197049 178116
214156 213999 164192 188854
191984 245883 174448 176906
242785 185123 187681 172555
210756 209364 174534 185421
180515 206407 216240 178152
217494 219829 207164 157628
209575 221474 200264 167337
210174 197964 191497 181084
194736 193414 184743 199338
182641 252438 181219 184414
198863 200471 238280 167668
204606 207795 172126 196906
197424 238355 177922 177018
207432 210912 164818 206966
197793 187137 200525 191530
226400 196003 179194 168127
181366 219607 195139 193252
204049 231307 224761 156506
195755 195132 237665 170276
199171 213940 167040 211508
199115 213899 168516 197592
221913 205309 167419 173940
224281 209426 186369 156569
216424 217435 208558 159255
207790 208742 204661 168855
185409 215207 205478 180516
178133 212341 190556 196764
183789 196749 193092 189276
193814 189093 203713 193566
214950 190434 204259 172154
214106 176711 198796 192736
232996 183775 194112 169985
198579 197950 174302 210444
231213 205948 182547 163100
179931 208817 184292 199145
237622 181067 184250 185004
198297 187732 213762 179775
188699 201153 221377 175336
229878 202196 187753 160768
198303 233681 189957 161942
182934 211146 219334 177923
184666 222243 223538 170856
216189 213616 214788 155392
223708 206909 208365 157907
201693 230789 171632 176184
217986 194962 184112 178320
242334 195878 181483 163753
215711 197773 209610 161830
180358 228397 236590 171923
189201 196102 192435 192274
190965 236479 194686 174745
187511 248075 185812 173838
185014 225010 233897 165455
199692 190653 230591 177193
228557 186316 184438 173639
220080 188394 195614 175959
217370 224019 185608 159172
243247 198665 182594 162585
192696 203995 201341 184862
196064 236372 179577 174015
175130 207587 194735 195526
189030 225813 209204 173061
187773 234874 203370 162635
213891 206159 169080 184826
197695 180251 189420 200237
200841 227456 174607 169900
231904 186579 176666 179384
193603 199028 227995 172650
199354 221069 218867 161337
218593 186143 194472 178151
188082 243573 180539 178558
231605 184443 185231 178544
235550 193014 177542 166095
219345 214233 190174 158885
218711 182550 195197 182584
230457 180490 193191 179070
185937 200341 215509 184544
194001 201711 237913 169456
220011 209558 182074 165716
184359 207916 227308 172715
224085 184307 187179 192084
203618 184162 229552 168740
205490 177985 225002 177490
192597 245437 175082 176771
229408 210479 186619 155003
211549 220461 204127 160260
213491 216955 216748 154186
185108 215998 224198 172304
200847 178974 198050 194519
220481 199144 176154 173020
208734 217594 202405 164504
233920 219002 191455 153923
224995 237008 173260 169409
183653 220685 200704 173690
208313 178026 222224 179708
232284 221240 173427 162498
226898 203501 180111 167327
214410 200074 171796 199804
200980 227318 182209 178788
206368 225962 172561 180628
223318 212794 200014 158145
178032 217944 194402 194682
221351 184575 206933 174085
182706 232376 190051 191305
187309 200773 218553 176149
198334 185276 193217 198123
200136 221752 192550 166279
183920 231793 188276 189688
192342 245500 175277 177297
220969 199451 168892 175645
190345 214855 207538 173314
181493 211585 199421 187333
202586 190509 223460 169282
204967 206942 170084 191545
217214 193756 188251 174685
215156 183926 197270 188129
224761 202855 191989 161542
181622 220250 230355 169466
184415 214611 186827 198398
194235 236803 193247 165015
192922 205500 211984 179248
221570 215555 188592 157602
198427 202612 230233 167981
198922 247575 178472 175707
216132 193079 201104 163120
198238 187560 182961 193878
195403 228274 175698 190889
193829 188776 202491 192631
207556 219366 169213 178072
206317 183534 195480 193336
179305 222901 195674 194455
182247 212668 219628 175662
195651 203465 195198 187934
206741 193166 180784 186763
238239 207212 176763 163829
189161 213078 177748 201075
184233 217504 203240 186616
191444 217249 220177 167586
196046 197891 197456 180731
228306 189960 203597 166615
225587 227019 176588 164993
244300 184410 188492 173752
191141 235480 190024 173768
180066 237594 213335 169491
202754 213766 169746 193326
192460 242812 180210 176446
201464 211191 174837 194317
181310 214004 207041 185487
209151 203857 208916 158709
181781 205134 214696 191837
242908 206087 184790 160171
189885 220747 231952 163824
214867 209784 183195 170697
196417 190231 207841 181694
204108 182147 226450 175646
182487 211873 217566 175378
202008 191398 203894 172844
218293 189293 202763 169971
186870 245149 186180 190924
200016 229466 193306 164923
201265 237977 170524 173565
213713 217491 209090 157247
219024 205641 193670 161193
227427 180387 199286 179993
208156 182135 189520 195853
225764 210478 168309 173361
189776 223549 214081 164360
199866 191979 231066 169483
196286 228476 208015 165401
222090 206462 176898 169732
174458 240211 204492 184165
177976 206214 201941 190975
196348 196340 225942 171362
237249 194566 180279 164371
194955 228028 173534 192813
203862 181242 191431 197687
191496 230655 179362 186993
176856 231910 206476 184482
205458 237622 204501 156290
194864 198585 180236 199719
210569 240302 173876 170523
189859 232982 196432 164640
177704 204531 220274 178910
195104 208511 180703 189403
197799 192381 181708 197379
228756 208862 173229 166442
195843 200074 229418 169213
190197 216478 221660 173186
197544 237480 175644 179193
192262 218244 221061 162916
189909 230429 202134 162726
199197 187966 211796 185358
185679 218546 191887 182082
202424 197229 217707 172481
224493 204970 189494 161540
207165 184591 218571 168964
236056 200264 182262 160701
238040 193634 184806 164693
231482 198543 191078 160877
212284 190069 193584 183891
181708 228157 224963 171603
238774 197234 173617 176629
197399 194090 235547 173840
226136 202925 188810 164428
204463 178591 196171 189561
174860 232547 198381 192232
242349 194752 175478 169997
192373 213212 214614 161680
202120 184913 189528 191085
182712 233291 196865 182494
197165 208421 177136 198899
200278 182655 221053 179648
233993 215050 197323 154435
205008 227723 191443 161749
194654 230254 177303 182640
191185 232142 182453 179919
201610 212275 175398 187398
201961 235869 171276 174334
235748 196271 186173 164443
223615 216665 184635 158618
205360 195554 222919 164103
195775 214734 210984 170111
213268 226117 177350 162271
196332 192665 215082 174523
199311 236189 189727 169459
225810 217337 176371 164623
194057 211818 188750 184595
192095 222183 217962 166645
187640 208855 177905 200139
207248 207944 219327 160144
232708 205089 172404 170539
203437 185609 220845 177434
211546 180651 191612 188545
215504 190945 203101 176478
212422 197237 199353 174902
190911 246379 195441 166078
179245 211290 215146 178668
196750 191268 178384 198351
209644 213922 221708 156941
197337 225427 189269 172905
185502 200635 190429 188077
193022 246148 188807 167428
203705 203131 183999 186817
208327 227837 182636 163521
217286 192136 220787 164240
203486 194072 219888 167576
207615 223091 192632 162369
203298 212997 166945 194995
202498 202063 180905 188255
193889 215344 206743 174815
193972 185685 216209 188325
193834 214524 174142 197126
193790 195939 183298 197938
217745 232006 219450 154111
199034 222767 183084 175131
191244 225191 179840 190568
189747 214800 178028 195633
226574 205945 170820 168166
211679 181385 189160 191873
186086 203413 230968 174714
209978 221993 178768 170750
194505 243289 188489 176081
225711 196504 178661 171280
189719 197485 181962 194602
201858 192108 181134 189938
192886 203605 182790 193542
198010 209800 182658 187690
232104 197765 186296 159009
232559 201561 200028 158757
222476 210941 178730 165082
202187 191169 176075 191943
214507 192025 189822 171763
198497 222250 171855 193799
200450 244970 181510 170632
223430 209492 187848 160470
228617 210659 184615 164096
210589 226670 182315 167700
233211 184131 187256 180930
189815 237288 182416 183462
208472 199077 202608 164236
203534 195791 192946 183614
206202 215528 170457 189157
191748 212763 193744 182430
193362 207499 191905 180926
210570 191320 216588 168822
220241 220082 183647 156492
203173 230091 191877 163889
184610 215886 190368 195009
232224 207863 190414 154794
232764 214476 186239 160533
178779 219008 218028 175064
197100 210895 182321 186294
213368 187578 193533 178926
190715 248326 182822 178403
187846 210334 190237 193024
186647 245419 183793 177661
206281 183803 227985 171812
217741 211732 219121 156898
