0 0.0196627
778722 809895 818200 828443
782584 795989 817917 823822
784481 819691 815996 801538
787742 822587 814804 840002
788860 823052 803356 808782
789346 794242 807551 831994
790400 822920 786761 820529
792055 787186 816828 823390
792567 821876 768189 782663
793142 784129 816034 819228
793635 765353 833743 799383
794589 816831 813502 819901
797318 801057 797674 802311
797643 802600 820317 780415
798679 796329 814001 793070
799141 809549 819949 792602
800591 791125 793296 820383
803648 806436 779851 820183
805564 769049 783878 820038
808474 814598 812757 801909
809647 816739 797125 802780
811811 821484 813026 784335
811987 819348 799266 795897
812447 811201 796021 801511
813041 778818 779610 834770
814147 768666 797846 794963
814721 815489 782581 812777
815974 801154 818002 788599
821362 785088 800887 790902
822927 798235 794096 820023
824830 813038 775777 784685
825129 809964 800723 794515
826082 792611 822404 764372
826242 809799 795624 797614
826272 793188 793842 785463
826698 783263 775526 857622
827857 812374 803260 770757
828058 786077 790337 815643
830211 807220 792667 784093
831196 764201 779357 802603
834043 755036 803925 802401
834078 801624 773943 856495
840302 795178 782878 779066
841170 805497 771650 841094
847482 777967 811239 783516
859958 782308 782812 769074
