349 18.0713
1.4398e+06 1.4318e+06 1.49938e+06 1.41631e+06
1.53585e+06 1.37787e+06 1.4959e+06 1.49102e+06
1.4448e+06 1.40785e+06 1.4539e+06 1.51315e+06
1.51353e+06 1.36536e+06 1.5083e+06 1.50998e+06
1.44216e+06 1.40428e+06 1.49932e+06 1.4921e+06
1.48292e+06 1.39419e+06 1.46418e+06 1.4915e+06
1.4734e+06 1.37532e+06 1.4875e+06 1.49634e+06
1.43848e+06 1.42264e+06 1.4563e+06 1.47379e+06
1.48168e+06 1.39011e+06 1.46537e+06 1.49328e+06
1.50484e+06 1.38573e+06 1.49096e+06 1.46935e+06
1.49689e+06 1.38659e+06 1.46072e+06 1.463e+06
1.43436e+06 1.40052e+06 1.43334e+06 1.52536e+06
1.47568e+06 1.39437e+06 1.52845e+06 1.46018e+06
1.48799e+06 1.38574e+06 1.45486e+06 1.48922e+06
1.52043e+06 1.39212e+06 1.51086e+06 1.45379e+06
1.4356e+06 1.42785e+06 1.4756e+06 1.51942e+06
1.45275e+06 1.44122e+06 1.4501e+06 1.46357e+06
1.4976e+06 1.38345e+06 1.50871e+06 1.47677e+06
1.48974e+06 1.38687e+06 1.42403e+06 1.49284e+06
1.43591e+06 1.47966e+06 1.43481e+06 1.48965e+06
1.45218e+06 1.43845e+06 1.43142e+06 1.48679e+06
1.46712e+06 1.38389e+06 1.51227e+06 1.50486e+06
1.46613e+06 1.4348e+06 1.43122e+06 1.46401e+06
1.47075e+06 1.46884e+06 1.41568e+06 1.45105e+06
1.50562e+06 1.41472e+06 1.48316e+06 1.41675e+06
1.50867e+06 1.38458e+06 1.46459e+06 1.52324e+06
1.51322e+06 1.40949e+06 1.4271e+06 1.4228e+06
1.45502e+06 1.39948e+06 1.4978e+06 1.47721e+06
1.4626e+06 1.39582e+06 1.47798e+06 1.47222e+06
1.46876e+06 1.39873e+06 1.45525e+06 1.50061e+06
1.50051e+06 1.40539e+06 1.46934e+06 1.43483e+06
1.46825e+06 1.43402e+06 1.41709e+06 1.52183e+06
1.45392e+06 1.3897e+06 1.46891e+06 1.49566e+06
1.46756e+06 1.39578e+06 1.46189e+06 1.54566e+06
1.49402e+06 1.38112e+06 1.54106e+06 1.47407e+06
1.51873e+06 1.39922e+06 1.43972e+06 1.46021e+06
1.44452e+06 1.49714e+06 1.45027e+06 1.43832e+06
1.52443e+06 1.40534e+06 1.45376e+06 1.42945e+06
1.50842e+06 1.39538e+06 1.52874e+06 1.45259e+06
1.50871e+06 1.40666e+06 1.44738e+06 1.4482e+06
1.51824e+06 1.4057e+06 1.47143e+06 1.4236e+06
1.48963e+06 1.42746e+06 1.47066e+06 1.40836e+06
1.50833e+06 1.39547e+06 1.51836e+06 1.45965e+06
1.44278e+06 1.46035e+06 1.4442e+06 1.46667e+06
1.44523e+06 1.4709e+06 1.44809e+06 1.45405e+06
1.46426e+06 1.38353e+06 1.4878e+06 1.546e+06
1.46624e+06 1.4557e+06 1.42745e+06 1.42263e+06
1.42883e+06 1.42852e+06 1.44709e+06 1.48543e+06
1.48215e+06 1.43297e+06 1.41303e+06 1.49728e+06
1.48285e+06 1.39674e+06 1.40653e+06 1.4717e+06
1.5177e+06 1.41915e+06 1.49515e+06 1.40568e+06
1.45732e+06 1.40153e+06 1.47448e+06 1.48149e+06
1.46095e+06 1.43214e+06 1.52452e+06 1.41463e+06
1.47166e+06 1.40272e+06 1.42726e+06 1.47723e+06
1.48361e+06 1.51155e+06 1.4411e+06 1.39855e+06
1.50705e+06 1.41223e+06 1.45828e+06 1.43199e+06
1.51748e+06 1.37879e+06 1.46579e+06 1.48424e+06
1.53494e+06 1.38292e+06 1.45501e+06 1.47165e+06
1.43653e+06 1.40571e+06 1.47222e+06 1.45487e+06
1.44438e+06 1.42296e+06 1.50108e+06 1.45064e+06
1.46865e+06 1.40213e+06 1.49432e+06 1.46073e+06
1.47296e+06 1.41695e+06 1.43103e+06 1.47577e+06
1.50168e+06 1.41128e+06 1.45419e+06 1.43488e+06
1.45345e+06 1.4297e+06 1.45938e+06 1.45661e+06
1.45787e+06 1.42569e+06 1.42082e+06 1.48844e+06
1.46739e+06 1.40382e+06 1.47834e+06 1.43901e+06
1.47236e+06 1.39554e+06 1.43608e+06 1.46514e+06
1.47684e+06 1.4646e+06 1.4773e+06 1.40203e+06
1.47916e+06 1.43135e+06 1.41998e+06 1.4873e+06
1.49739e+06 1.41623e+06 1.45049e+06 1.41482e+06
1.5012e+06 1.45563e+06 1.404e+06 1.44738e+06
1.51851e+06 1.39788e+06 1.46713e+06 1.44481e+06
1.44542e+06 1.44144e+06 1.46187e+06 1.44608e+06
1.46929e+06 1.43936e+06 1.39741e+06 1.48535e+06
1.46987e+06 1.38087e+06 1.46894e+06 1.48327e+06
1.48591e+06 1.41747e+06 1.44527e+06 1.44011e+06
1.49023e+06 1.44162e+06 1.42569e+06 1.45323e+06
1.49551e+06 1.43879e+06 1.44654e+06 1.42086e+06
1.45991e+06 1.49359e+06 1.43286e+06 1.39993e+06
1.44454e+06 1.42263e+06 1.48922e+06 1.4385e+06
1.46961e+06 1.46363e+06 1.45894e+06 1.40245e+06
1.49387e+06 1.44682e+06 1.43972e+06 1.44326e+06
1.49572e+06 1.40764e+06 1.43897e+06 1.44898e+06
1.49664e+06 1.39576e+06 1.48038e+06 1.43645e+06
1.51692e+06 1.42269e+06 1.41665e+06 1.46066e+06
1.53066e+06 1.39425e+06 1.50835e+06 1.45499e+06
1.43658e+06 1.48108e+06 1.49801e+06 1.42851e+06
1.4403e+06 1.41364e+06 1.46513e+06 1.45257e+06
1.44349e+06 1.44026e+06 1.48523e+06 1.41089e+06
1.45438e+06 1.43248e+06 1.44015e+06 1.45432e+06
1.45734e+06 1.44817e+06 1.45011e+06 1.42181e+06
1.45882e+06 1.39405e+06 1.50516e+06 1.47734e+06
1.46367e+06 1.42859e+06 1.43904e+06 1.48774e+06
1.47669e+06 1.46034e+06 1.44018e+06 1.40801e+06
1.47764e+06 1.4382e+06 1.43167e+06 1.44784e+06
1.48153e+06 1.46288e+06 1.42472e+06 1.46423e+06
1.50087e+06 1.40506e+06 1.43355e+06 1.44988e+06
1.51558e+06 1.44457e+06 1.44342e+06 1.40509e+06
1.52147e+06 1.4426e+06 1.41733e+06 1.42484e+06
1.45042e+06 1.43644e+06 1.39966e+06 1.49472e+06
1.45706e+06 1.4261e+06 1.47549e+06 1.43142e+06
1.47329e+06 1.48886e+06 1.46022e+06 1.39038e+06
1.47786e+06 1.44744e+06 1.4028e+06 1.47877e+06
1.48713e+06 1.46625e+06 1.41106e+06 1.43595e+06
1.49005e+06 1.44626e+06 1.45439e+06 1.39631e+06
1.49191e+06 1.47394e+06 1.43294e+06 1.41214e+06
1.50019e+06 1.4803e+06 1.40628e+06 1.45398e+06
1.50898e+06 1.42767e+06 1.43156e+06 1.47061e+06
1.52106e+06 1.46656e+06 1.39749e+06 1.45971e+06
1.54017e+06 1.44576e+06 1.43242e+06 1.41852e+06
1.54843e+06 1.44076e+06 1.44796e+06 1.412e+06
1.44762e+06 1.39669e+06 1.46233e+06 1.51165e+06
1.45743e+06 1.40579e+06 1.46215e+06 1.46687e+06
1.46186e+06 1.40831e+06 1.51643e+06 1.41641e+06
1.46886e+06 1.41284e+06 1.44723e+06 1.41813e+06
1.47285e+06 1.44425e+06 1.45658e+06 1.4152e+06
1.48455e+06 1.44383e+06 1.42754e+06 1.4495e+06
1.48712e+06 1.45465e+06 1.43378e+06 1.41299e+06
1.48978e+06 1.39114e+06 1.49239e+06 1.47338e+06
1.49211e+06 1.40002e+06 1.46709e+06 1.44655e+06
1.40698e+06 1.45376e+06 1.49169e+06 1.45018e+06
1.42401e+06 1.45416e+06 1.44263e+06 1.46862e+06
1.44197e+06 1.42081e+06 1.4602e+06 1.46508e+06
1.44629e+06 1.42674e+06 1.45369e+06 1.48121e+06
1.46886e+06 1.40479e+06 1.46602e+06 1.47958e+06
1.47202e+06 1.40149e+06 1.45637e+06 1.43628e+06
1.47298e+06 1.42369e+06 1.48344e+06 1.39851e+06
1.48239e+06 1.44612e+06 1.49452e+06 1.38802e+06
1.48825e+06 1.38886e+06 1.45517e+06 1.47383e+06
1.49378e+06 1.43317e+06 1.4449e+06 1.43357e+06
1.50471e+06 1.41729e+06 1.44202e+06 1.42998e+06
1.40856e+06 1.43268e+06 1.47054e+06 1.434e+06
1.42033e+06 1.46042e+06 1.44297e+06 1.48592e+06
1.427e+06 1.43651e+06 1.46282e+06 1.45556e+06
1.45987e+06 1.46954e+06 1.44085e+06 1.43462e+06
1.46024e+06 1.48277e+06 1.44981e+06 1.41447e+06
1.46957e+06 1.41168e+06 1.44459e+06 1.49102e+06
1.48318e+06 1.45497e+06 1.47424e+06 1.41366e+06
1.49723e+06 1.45329e+06 1.4285e+06 1.42735e+06
1.50499e+06 1.45464e+06 1.45144e+06 1.39595e+06
1.44303e+06 1.44111e+06 1.48961e+06 1.42226e+06
1.45522e+06 1.41302e+06 1.44103e+06 1.44524e+06
1.46096e+06 1.4353e+06 1.46051e+06 1.43851e+06
1.48631e+06 1.45351e+06 1.41494e+06 1.45484e+06
1.494e+06 1.42887e+06 1.43772e+06 1.42226e+06
1.43735e+06 1.42442e+06 1.50551e+06 1.42861e+06
1.45698e+06 1.48979e+06 1.44969e+06 1.43161e+06
1.47069e+06 1.39795e+06 1.50278e+06 1.47175e+06
1.47188e+06 1.40977e+06 1.46362e+06 1.4532e+06
1.47823e+06 1.42071e+06 1.43563e+06 1.46585e+06
1.47986e+06 1.4579e+06 1.46497e+06 1.39753e+06
1.48732e+06 1.43308e+06 1.46242e+06 1.37522e+06
1.51226e+06 1.41845e+06 1.43205e+06 1.43187e+06
1.43566e+06 1.41869e+06 1.46704e+06 1.45933e+06
1.43662e+06 1.45305e+06 1.45129e+06 1.43028e+06
1.44874e+06 1.40029e+06 1.488e+06 1.46786e+06
1.4548e+06 1.40312e+06 1.49094e+06 1.45977e+06
1.46598e+06 1.45313e+06 1.43391e+06 1.45363e+06
1.47862e+06 1.47052e+06 1.4494e+06 1.38816e+06
1.48028e+06 1.46887e+06 1.4634e+06 1.40019e+06
1.48398e+06 1.43308e+06 1.40958e+06 1.45642e+06
1.50484e+06 1.40156e+06 1.46508e+06 1.43453e+06
1.53575e+06 1.39961e+06 1.46707e+06 1.45222e+06
1.42774e+06 1.41069e+06 1.48844e+06 1.47512e+06
1.44282e+06 1.45269e+06 1.46081e+06 1.46136e+06
1.44473e+06 1.44504e+06 1.43447e+06 1.45651e+06
1.46094e+06 1.41339e+06 1.46075e+06 1.44374e+06
1.46298e+06 1.46748e+06 1.44607e+06 1.43438e+06
1.4692e+06 1.40116e+06 1.49347e+06 1.43335e+06
1.49679e+06 1.43226e+06 1.45956e+06 1.415e+06
1.51916e+06 1.43788e+06 1.44366e+06 1.42002e+06
1.53454e+06 1.4523e+06 1.45615e+06 1.39482e+06
