2798 188.162
1.20655e+06 1.1685e+06 1.21576e+06 1.21282e+06
1.23777e+06 1.1204e+06 1.21175e+06 1.26362e+06
1.23341e+06 1.11772e+06 1.23454e+06 1.23175e+06
1.19799e+06 1.17174e+06 1.24283e+06 1.2089e+06
1.21971e+06 1.12404e+06 1.21566e+06 1.25302e+06
1.2209e+06 1.13513e+06 1.24185e+06 1.21293e+06
1.22742e+06 1.12386e+06 1.21908e+06 1.25885e+06
1.22463e+06 1.14875e+06 1.15634e+06 1.23665e+06
1.24349e+06 1.11235e+06 1.19033e+06 1.24054e+06
1.23449e+06 1.12147e+06 1.20806e+06 1.23588e+06
1.2214e+06 1.16018e+06 1.17342e+06 1.20648e+06
1.24398e+06 1.1288e+06 1.20012e+06 1.22447e+06
1.1939e+06 1.18815e+06 1.20192e+06 1.22935e+06
1.2259e+06 1.14082e+06 1.16588e+06 1.23622e+06
1.22958e+06 1.13235e+06 1.21542e+06 1.20898e+06
1.21283e+06 1.13362e+06 1.16102e+06 1.24572e+06
1.23188e+06 1.12859e+06 1.19235e+06 1.2308e+06
1.23494e+06 1.12092e+06 1.2109e+06 1.25422e+06
1.24583e+06 1.13354e+06 1.15685e+06 1.23297e+06
1.2378e+06 1.16638e+06 1.18802e+06 1.18371e+06
1.18413e+06 1.23445e+06 1.22134e+06 1.2336e+06
1.22888e+06 1.14611e+06 1.16909e+06 1.22702e+06
1.28188e+06 1.15312e+06 1.16157e+06 1.19039e+06
1.25101e+06 1.15247e+06 1.14078e+06 1.22911e+06
1.25291e+06 1.14007e+06 1.15341e+06 1.22763e+06
1.24973e+06 1.145e+06 1.13708e+06 1.27404e+06
1.23726e+06 1.14451e+06 1.1558e+06 1.22552e+06
1.22067e+06 1.16538e+06 1.15067e+06 1.207e+06
1.22766e+06 1.16241e+06 1.21181e+06 1.18895e+06
1.24027e+06 1.15784e+06 1.13679e+06 1.23648e+06
1.21419e+06 1.22656e+06 1.15779e+06 1.21008e+06
1.24069e+06 1.15912e+06 1.13626e+06 1.2209e+06
1.19378e+06 1.19603e+06 1.21518e+06 1.21598e+06
1.24006e+06 1.1442e+06 1.19662e+06 1.19082e+06
1.27539e+06 1.14883e+06 1.14835e+06 1.2172e+06
1.24753e+06 1.16144e+06 1.20327e+06 1.17754e+06
1.24826e+06 1.12631e+06 1.18252e+06 1.23549e+06
1.1855e+06 1.15712e+06 1.21041e+06 1.24812e+06
1.20413e+06 1.18283e+06 1.18262e+06 1.20734e+06
1.20661e+06 1.1995e+06 1.21045e+06 1.20507e+06
1.25277e+06 1.18421e+06 1.15972e+06 1.19235e+06
1.22941e+06 1.12466e+06 1.20501e+06 1.23313e+06
1.21476e+06 1.1657e+06 1.18881e+06 1.19947e+06
1.22122e+06 1.17593e+06 1.18244e+06 1.16676e+06
1.20353e+06 1.21661e+06 1.16332e+06 1.1928e+06
1.22679e+06 1.20158e+06 1.13331e+06 1.20147e+06
1.22739e+06 1.17175e+06 1.18811e+06 1.17843e+06
1.22906e+06 1.16436e+06 1.19956e+06 1.18331e+06
1.20893e+06 1.20086e+06 1.19067e+06 1.20458e+06
1.17552e+06 1.17666e+06 1.1959e+06 1.24355e+06
1.22221e+06 1.13889e+06 1.16163e+06 1.23911e+06
1.19309e+06 1.18741e+06 1.2175e+06 1.22647e+06
1.19465e+06 1.13105e+06 1.17368e+06 1.21304e+06
1.22825e+06 1.17331e+06 1.14148e+06 1.26894e+06
1.24027e+06 1.17566e+06 1.18915e+06 1.17586e+06
1.18537e+06 1.17126e+06 1.18701e+06 1.24952e+06
1.23767e+06 1.12762e+06 1.20384e+06 1.22408e+06
1.22457e+06 1.1669e+06 1.24809e+06 1.17449e+06
1.23729e+06 1.15861e+06 1.17924e+06 1.19186e+06
1.22576e+06 1.16084e+06 1.17916e+06 1.20109e+06
1.22771e+06 1.18148e+06 1.1504e+06 1.20893e+06
1.19103e+06 1.17255e+06 1.21454e+06 1.23046e+06
1.23753e+06 1.13199e+06 1.16675e+06 1.23542e+06
1.25747e+06 1.13974e+06 1.16455e+06 1.20012e+06
1.19502e+06 1.19835e+06 1.16943e+06 1.25033e+06
1.21219e+06 1.17239e+06 1.16011e+06 1.1912e+06
1.22429e+06 1.15563e+06 1.17149e+06 1.22899e+06
1.23182e+06 1.1717e+06 1.17065e+06 1.20618e+06
1.27158e+06 1.19369e+06 1.16966e+06 1.16889e+06
1.22597e+06 1.12884e+06 1.17039e+06 1.21688e+06
1.24929e+06 1.15683e+06 1.14304e+06 1.22907e+06
1.2041e+06 1.20537e+06 1.19042e+06 1.18401e+06
1.2604e+06 1.18687e+06 1.13851e+06 1.19539e+06
1.2195e+06 1.19282e+06 1.15679e+06 1.2223e+06
1.23831e+06 1.19418e+06 1.17647e+06 1.18433e+06
1.23299e+06 1.17456e+06 1.17688e+06 1.18366e+06
1.24456e+06 1.16251e+06 1.1684e+06 1.18611e+06
1.26425e+06 1.15388e+06 1.15932e+06 1.19873e+06
1.2547e+06 1.15037e+06 1.18524e+06 1.19215e+06
1.22026e+06 1.18034e+06 1.15661e+06 1.22311e+06
1.22565e+06 1.14688e+06 1.1434e+06 1.23841e+06
1.18932e+06 1.18968e+06 1.17791e+06 1.23433e+06
1.23323e+06 1.14821e+06 1.16567e+06 1.19975e+06
1.21009e+06 1.18054e+06 1.16932e+06 1.18758e+06
1.2335e+06 1.16354e+06 1.16984e+06 1.19179e+06
1.24385e+06 1.15409e+06 1.14289e+06 1.24423e+06
1.22306e+06 1.16301e+06 1.18267e+06 1.19287e+06
1.25113e+06 1.17618e+06 1.13837e+06 1.20373e+06
1.26501e+06 1.13561e+06 1.15477e+06 1.21311e+06
1.20245e+06 1.15462e+06 1.14915e+06 1.23116e+06
1.22537e+06 1.16135e+06 1.18505e+06 1.19735e+06
1.25874e+06 1.1432e+06 1.15252e+06 1.215e+06
1.24196e+06 1.17172e+06 1.12512e+06 1.21798e+06
1.26684e+06 1.20463e+06 1.14223e+06 1.17956e+06
1.2452e+06 1.15305e+06 1.19224e+06 1.19127e+06
1.22622e+06 1.13473e+06 1.18884e+06 1.20348e+06
1.2474e+06 1.12534e+06 1.19659e+06 1.20248e+06
1.25941e+06 1.18368e+06 1.17608e+06 1.1783e+06
1.24768e+06 1.16422e+06 1.13624e+06 1.23727e+06
1.23147e+06 1.1776e+06 1.13721e+06 1.20784e+06
1.23783e+06 1.16125e+06 1.14961e+06 1.20499e+06
1.25345e+06 1.16334e+06 1.17814e+06 1.17253e+06
1.23532e+06 1.17161e+06 1.17918e+06 1.18314e+06
1.26366e+06 1.1676e+06 1.14756e+06 1.20785e+06
1.22357e+06 1.15082e+06 1.20693e+06 1.20106e+06
1.24824e+06 1.12178e+06 1.19291e+06 1.22018e+06
1.26317e+06 1.16121e+06 1.18206e+06 1.17299e+06
1.22029e+06 1.17197e+06 1.17286e+06 1.21736e+06
1.24801e+06 1.17442e+06 1.14016e+06 1.19884e+06
1.20966e+06 1.19533e+06 1.18404e+06 1.20517e+06
1.25815e+06 1.14189e+06 1.16442e+06 1.20772e+06
1.23437e+06 1.09937e+06 1.21206e+06 1.23795e+06
1.26261e+06 1.16678e+06 1.16402e+06 1.18611e+06
1.25369e+06 1.16679e+06 1.14891e+06 1.21067e+06
1.25955e+06 1.17186e+06 1.14434e+06 1.20504e+06
1.29236e+06 1.12108e+06 1.15755e+06 1.22273e+06
1.23889e+06 1.14484e+06 1.14906e+06 1.21227e+06
1.2467e+06 1.14238e+06 1.16676e+06 1.19927e+06
1.27198e+06 1.17468e+06 1.1322e+06 1.20459e+06
1.23566e+06 1.17254e+06 1.18578e+06 1.18225e+06
1.23233e+06 1.17068e+06 1.18558e+06 1.18414e+06
1.26627e+06 1.19964e+06 1.14097e+06 1.18249e+06
1.299e+06 1.1623e+06 1.14583e+06 1.19586e+06
1.25879e+06 1.13723e+06 1.14971e+06 1.2e+06
1.25075e+06 1.17206e+06 1.147e+06 1.19295e+06
1.25502e+06 1.17429e+06 1.14532e+06 1.21508e+06
1.23813e+06 1.11879e+06 1.20764e+06 1.23892e+06
1.25861e+06 1.16144e+06 1.16002e+06 1.19104e+06
1.25938e+06 1.17525e+06 1.11783e+06 1.2762e+06
1.25849e+06 1.18422e+06 1.17684e+06 1.16398e+06
1.29815e+06 1.16367e+06 1.14903e+06 1.20574e+06
1.26728e+06 1.159e+06 1.15303e+06 1.19076e+06
1.24537e+06 1.12227e+06 1.18459e+06 1.21224e+06
1.21975e+06 1.14527e+06 1.2199e+06 1.19616e+06
1.24983e+06 1.18888e+06 1.18022e+06 1.17376e+06
1.22596e+06 1.16037e+06 1.1965e+06 1.19268e+06
1.24826e+06 1.12753e+06 1.2303e+06 1.18128e+06
1.26433e+06 1.17881e+06 1.14579e+06 1.19718e+06
1.27131e+06 1.17161e+06 1.15784e+06 1.17097e+06
1.24974e+06 1.12512e+06 1.19896e+06 1.20919e+06
1.22658e+06 1.17384e+06 1.18561e+06 1.18837e+06
1.24698e+06 1.17238e+06 1.21711e+06 1.16026e+06
1.25653e+06 1.12461e+06 1.19626e+06 1.20185e+06
1.25704e+06 1.1439e+06 1.16226e+06 1.19259e+06
1.25958e+06 1.17271e+06 1.17187e+06 1.16854e+06
1.23907e+06 1.17211e+06 1.2032e+06 1.17537e+06
1.22552e+06 1.15535e+06 1.18329e+06 1.2125e+06
1.28651e+06 1.16196e+06 1.20916e+06 1.16176e+06
1.2345e+06 1.16278e+06 1.15166e+06 1.19384e+06
1.22088e+06 1.15257e+06 1.20308e+06 1.19076e+06
1.30707e+06 1.1133e+06 1.17159e+06 1.23164e+06
1.19801e+06 1.18214e+06 1.16497e+06 1.25046e+06
1.25766e+06 1.15068e+06 1.1482e+06 1.22216e+06
1.25189e+06 1.14969e+06 1.18509e+06 1.1942e+06
1.23779e+06 1.1578e+06 1.2342e+06 1.16509e+06
1.27364e+06 1.13752e+06 1.21587e+06 1.17546e+06
1.26858e+06 1.11808e+06 1.19041e+06 1.20373e+06
1.21733e+06 1.14168e+06 1.20979e+06 1.20659e+06
1.2347e+06 1.14987e+06 1.19556e+06 1.17995e+06
1.27639e+06 1.11796e+06 1.17472e+06 1.19283e+06
1.23157e+06 1.13795e+06 1.17504e+06 1.19761e+06
1.24051e+06 1.12278e+06 1.1631e+06 1.2396e+06
1.23846e+06 1.17097e+06 1.18707e+06 1.17692e+06
1.23335e+06 1.19142e+06 1.21532e+06 1.16425e+06
1.25804e+06 1.124e+06 1.17454e+06 1.17936e+06
1.2257e+06 1.15467e+06 1.21364e+06 1.17632e+06
1.24468e+06 1.15989e+06 1.16626e+06 1.1943e+06
1.26786e+06 1.16981e+06 1.22244e+06 1.1629e+06
1.29205e+06 1.11886e+06 1.21638e+06 1.19004e+06
1.26628e+06 1.1552e+06 1.1606e+06 1.18635e+06
1.23515e+06 1.15652e+06 1.16492e+06 1.19779e+06
1.24047e+06 1.1543e+06 1.17167e+06 1.17997e+06
1.30337e+06 1.1697e+06 1.199e+06 1.16589e+06
1.27186e+06 1.14026e+06 1.22297e+06 1.17662e+06
1.21596e+06 1.16187e+06 1.17995e+06 1.2097e+06
1.25353e+06 1.1676e+06 1.17049e+06 1.18406e+06
1.28917e+06 1.16674e+06 1.14282e+06 1.18565e+06
1.23684e+06 1.1786e+06 1.19979e+06 1.16296e+06
1.23875e+06 1.15199e+06 1.1901e+06 1.19547e+06
1.2541e+06 1.14993e+06 1.20817e+06 1.17492e+06
1.25198e+06 1.14176e+06 1.21113e+06 1.17056e+06
1.28833e+06 1.11219e+06 1.17576e+06 1.20372e+06
1.2266e+06 1.16592e+06 1.21323e+06 1.18306e+06
1.25444e+06 1.13973e+06 1.23421e+06 1.17186e+06
1.23247e+06 1.15764e+06 1.18576e+06 1.19692e+06
1.26859e+06 1.14345e+06 1.14953e+06 1.22044e+06
1.26318e+06 1.11383e+06 1.21963e+06 1.18768e+06
1.28445e+06 1.13937e+06 1.15747e+06 1.19958e+06
1.2332e+06 1.12935e+06 1.22039e+06 1.21091e+06
1.29096e+06 1.14131e+06 1.20929e+06 1.15328e+06
1.2519e+06 1.12904e+06 1.17392e+06 1.2148e+06
1.25474e+06 1.14222e+06 1.19551e+06 1.17367e+06
1.25029e+06 1.17238e+06 1.19963e+06 1.17047e+06
1.26061e+06 1.12991e+06 1.14739e+06 1.22286e+06
1.22821e+06 1.15843e+06 1.18099e+06 1.1886e+06
1.30062e+06 1.11814e+06 1.20627e+06 1.18326e+06
1.26537e+06 1.11842e+06 1.16184e+06 1.21557e+06
1.23814e+06 1.14372e+06 1.21054e+06 1.17904e+06
1.26396e+06 1.15162e+06 1.22957e+06 1.1627e+06
1.28932e+06 1.12695e+06 1.16691e+06 1.21295e+06
1.26939e+06 1.16288e+06 1.20183e+06 1.16965e+06
1.23551e+06 1.1361e+06 1.19332e+06 1.19281e+06
1.27637e+06 1.12946e+06 1.13935e+06 1.21753e+06
1.26618e+06 1.16923e+06 1.14188e+06 1.20808e+06
1.21118e+06 1.16856e+06 1.22931e+06 1.20625e+06
1.25935e+06 1.1412e+06 1.16649e+06 1.18261e+06
1.2743e+06 1.13559e+06 1.16236e+06 1.17281e+06
1.27184e+06 1.14706e+06 1.15741e+06 1.19992e+06
1.30766e+06 1.13995e+06 1.14674e+06 1.20714e+06
1.28923e+06 1.12879e+06 1.17116e+06 1.20107e+06
1.31128e+06 1.1068e+06 1.23816e+06 1.19729e+06
1.25144e+06 1.12156e+06 1.19576e+06 1.23823e+06
1.29719e+06 1.12336e+06 1.17414e+06 1.19978e+06
1.32128e+06 1.09243e+06 1.23158e+06 1.2522e+06
1.25509e+06 1.13714e+06 1.20776e+06 1.17785e+06
1.24976e+06 1.12132e+06 1.20526e+06 1.18481e+06
1.28297e+06 1.17e+06 1.2171e+06 1.16427e+06
1.28761e+06 1.14048e+06 1.20873e+06 1.17158e+06
1.23374e+06 1.13697e+06 1.17196e+06 1.20264e+06
1.25304e+06 1.09793e+06 1.17477e+06 1.20824e+06
1.25637e+06 1.13744e+06 1.16366e+06 1.21669e+06
1.21773e+06 1.14448e+06 1.21961e+06 1.20278e+06
1.24254e+06 1.13922e+06 1.16704e+06 1.22215e+06
1.24554e+06 1.14142e+06 1.15701e+06 1.23274e+06
1.30439e+06 1.16054e+06 1.20806e+06 1.17076e+06
1.27766e+06 1.11254e+06 1.19827e+06 1.20112e+06
1.25812e+06 1.12713e+06 1.16808e+06 1.2018e+06
1.25739e+06 1.1297e+06 1.20419e+06 1.1989e+06
1.2327e+06 1.12983e+06 1.19938e+06 1.21471e+06
1.25149e+06 1.14209e+06 1.16505e+06 1.19534e+06
1.2333e+06 1.14697e+06 1.17213e+06 1.2057e+06
1.22007e+06 1.1694e+06 1.20097e+06 1.19382e+06
1.30736e+06 1.15015e+06 1.14603e+06 1.20192e+06
1.26597e+06 1.13654e+06 1.21487e+06 1.17828e+06
1.29358e+06 1.11552e+06 1.20323e+06 1.19563e+06
1.2185e+06 1.12442e+06 1.24226e+06 1.22269e+06
1.2352e+06 1.13023e+06 1.16747e+06 1.1965e+06
1.25537e+06 1.11465e+06 1.13313e+06 1.22409e+06
1.26889e+06 1.1203e+06 1.20472e+06 1.19934e+06
1.22814e+06 1.15486e+06 1.15313e+06 1.21559e+06
1.24802e+06 1.11579e+06 1.21574e+06 1.19971e+06
1.26406e+06 1.10637e+06 1.21425e+06 1.20144e+06
1.26682e+06 1.11162e+06 1.16342e+06 1.24172e+06
1.24943e+06 1.11351e+06 1.23239e+06 1.2332e+06
