110 8.20904
290767 324076 238277 220192
324274 247744 276138 269426
270427 276412 269460 283210
334932 250231 276879 264582
282467 321332 236457 225389
268760 312357 270160 228717
313099 267794 255112 231737
298569 283106 220134 246022
299307 310710 254154 219028
327008 283307 252821 221296
309688 228781 277982 321828
312669 265186 239573 238703
313575 260414 229224 252584
288884 278487 237123 235231
303902 284327 230348 237167
312479 222948 270810 332870
323363 239131 297991 269231
336015 243934 297331 262118
282524 268531 274010 264921
292668 271674 250383 230087
296462 287813 225494 249421
315115 274606 225865 243853
316300 272407 224672 244377
324738 252394 282436 250778
264507 287499 277367 275432
290283 311070 266953 215071
297488 285023 221434 252630
298508 275733 242016 229239
304817 290737 223660 230837
307493 253097 241489 289469
315642 253425 292603 239117
319670 252429 314487 248637
333060 249541 289253 258016
334298 251979 298627 250715
272981 282644 235514 246958
273734 280072 266843 292455
274240 273619 254580 254579
284155 279589 240192 223322
285816 257592 283919 276114
287355 299045 248233 221429
295450 296231 216939 250843
301790 229403 275577 324919
302325 287411 227214 233961
311482 248546 244447 276876
328530 235398 316115 270038
330161 249278 293135 253977
331735 272930 216610 286466
274250 293290 233219 258196
274980 286419 255113 222382
275376 280864 260413 244685
281256 312797 255834 218673
282942 274397 234347 242380
295434 244394 258272 277691
298983 285184 253080 221126
301991 269490 238816 230672
303010 280477 227827 247365
308596 278477 253612 228734
309386 249276 287513 258397
330619 244889 303959 259686
276260 295022 226912 249231
290210 306623 228802 227108
292564 293275 259502 222234
292869 290044 230832 241641
296127 266305 231929 239429
298857 251880 268816 251071
299590 294339 240746 221605
299717 288982 223313 239059
301132 256367 291824 247246
303889 286412 222692 244783
305797 285020 232476 219242
305940 274445 231478 230166
309256 292284 216492 232362
319923 270599 231647 245683
322819 236724 258060 285348
326413 250229 281835 258009
342159 251934 239007 289651
266767 298617 239418 240640
272910 286920 246856 240469
273392 289572 247191 233156
276097 279434 251387 251662
278785 273064 280902 263031
280378 293855 249837 220261
280825 263128 269218 293770
280989 290591 220805 240160
281014 262985 277781 283810
282567 287698 247941 234842
282579 309460 267038 215583
287633 257999 244900 262406
291107 286696 232151 229903
291142 302005 256644 218098
291686 254820 270043 275667
294407 241543 269756 283047
297111 300595 264392 218044
297522 289800 224639 241665
299681 255614 249864 283627
302250 294820 224122 234980
302684 246419 255421 281398
302967 315816 258677 210342
305170 274943 228362 230439
306543 279069 222055 247596
309457 246428 301009 261721
309571 290070 219316 242998
312416 271292 240445 230156
312544 263759 229410 248431
313562 222082 272957 331345
322677 256238 257262 256230
352880 260284 237925 283222
271729 287881 233425 250304
276910 280870 232150 245944
281961 292905 253286 225784
285612 286517 228182 244541
287475 293548 227054 233345
287697 270918 242397 236866
290782 295151 255443 219284
291615 254449 271416 253135
294450 266459 232072 246318
294912 278314 243782 231514
295057 254844 264322 290089
295792 280656 233398 230147
295960 293912 241665 222496
296008 237192 248762 305814
296253 302020 245636 222124
301278 264998 235195 262955
302519 304312 256719 215616
302571 237972 254620 285774
302735 247834 303292 270601
304492 282914 222614 237024
308876 271461 229012 247281
309260 245987 283037 261882
312164 237322 303498 268778
313400 237667 256378 290186
318627 295535 221706 230784
318755 258174 240430 280155
320620 238757 256507 272518
320668 230993 269139 308117
321566 281272 221047 235881
323353 234972 249499 305016
323884 281178 219292 275652
328676 268475 229841 234005
330698 246808 299946 253260
342152 234848 248496 276993
259121 291815 239732 232315
267301 288187 252402 234212
272408 283120 249834 241624
274687 297734 242081 226771
276025 285518 231106 241868
276709 278177 243104 250863
278017 258920 281206 282986
281187 272727 280319 257164
284634 310711 258642 218059
284741 266076 228449 249136
284936 313280 244815 216051
288472 289384 233609 234563
288657 283914 239116 223040
289525 274693 235266 238990
290522 316892 253481 213668
291288 305363 256432 211190
292600 305381 233967 223049
294088 293289 256702 221606
294852 238129 266175 309116
295862 278554 236842 236204
297498 285757 230068 238212
298121 240930 249670 285260
298678 284017 232840 239168
300202 260882 228687 265035
300903 248822 283709 274271
303247 277996 228060 243887
304373 288820 227590 229368
308412 284987 238609 225295
314351 273161 238043 234516
315532 279169 224717 247119
316153 256245 235799 291132
326994 262596 262740 233589
328894 259401 228435 284176
332541 255508 254059 269459
338205 265319 232157 235248
261896 287652 234339 245880
261911 293838 250098 230584
267375 302328 225220 235024
271108 271464 266994 277787
274481 281071 255646 233368
274890 269995 278642 268797
276367 297354 248467 232309
276384 278679 249492 242544
280774 279624 231442 239302
281127 284326 254721 233506
281829 286518 265365 218748
283227 279434 242222 235083
283516 281165 241365 235534
285602 295975 238288 222627
285705 252712 244591 304041
286917 280576 235997 235456
288349 269088 239965 232532
288924 293507 230163 236792
289978 308223 226274 233961
290040 241003 273041 277996
290857 268573 241807 236546
291602 279625 233628 228501
291628 269140 234724 238567
292375 251263 236845 292179
294656 252838 264338 284638
295057 249111 267446 287102
295524 254722 239761 290181
298264 300088 236708 221063
299953 299693 223161 238404
300352 249388 243350 291981
300356 256624 266753 274125
301321 231487 266696 299884
302561 281105 231135 233529
302593 283571 225645 242998
304377 239553 280423 263634
305879 280199 227552 242885
308322 289617 225206 236864
309565 287639 220743 234731
310101 233305 265375 328563
310845 266528 226444 290144
312099 275719 225050 235714
312216 286786 226121 227981
312937 232564 267179 279464
313801 236143 253220 302351
313905 251348 259131 273082
314380 239627 246835 287630
314754 238448 243578 320357
316942 287179 216056 233995
319841 223253 271310 314759
326723 258051 230535 284815
328077 239878 309115 249036
345575 247359 244657 275230
270287 281370 252253 248066
272802 287760 243777 233740
274004 281161 224640 260292
276254 268855 291760 280390
277089 279268 243728 247937
278956 274956 233110 236413
279436 292170 233561 229501
280026 304124 244859 222187
281711 285014 228039 256313
282858 260598 235546 240311
283241 317048 212353 246247
284040 280950 260831 233281
285871 260224 268594 259434
285957 288985 235260 225490
289814 323925 223361 234703
289847 268693 256577 235331
292705 276343 250052 231238
293147 250128 255471 294607
293745 257799 266075 286193
294156 283349 225399 254417
295136 288992 217083 243463
295572 256841 243137 242075
297292 247160 257070 281031
298047 256543 235481 304974
298257 295520 239572 220062
299092 246743 248055 305816
299674 233955 270713 296269
299705 244180 258503 282509
300330 281490 218003 246645
300760 297379 259510 212374
300883 280189 231849 229667
302030 250003 254868 278674
302622 250292 300450 267075
303375 243613 267910 284676
303697 285859 230171 236694
304636 266897 269670 232947
307658 266020 245949 234820
311273 242332 246900 289226
312112 274540 229964 233429
312552 249934 262308 268872
313042 227809 256479 308389
314532 284391 218606 237845
316459 259516 219025 290283
316789 255609 266066 257319
320644 263799 221163 237725
321680 262195 241551 235449
322343 240954 233795 290878
323659 226851 255511 303395
325121 252692 248660 274841
325839 236303 248160 274379
337412 271137 233353 228509
271099 303716 245083 226233
271941 305109 227201 229293
272805 291830 248832 231256
273592 285943 257183 227219
278419 298694 238066 223297
279308 270100 270174 292634
280687 272868 284384 262182
283694 243013 274230 299655
284554 276050 232866 268774
284619 271861 231740 240901
284800 254543 281396 277168
285193 280462 236118 230009
285801 273856 241645 240280
286540 281748 227117 242144
287006 250946 271723 268315
287761 282800 234497 231086
290711 263982 240599 238089
293185 286277 235941 227778
294180 302403 240320 221086
294530 289408 225657 225216
296048 301821 247843 220659
296192 312041 224177 237189
296213 272174 223887 250208
297668 281337 254164 220797
298183 256418 256985 282260
299114 288694 225695 234668
299682 232192 286591 285768
300818 259992 238254 249709
301254 255428 241773 283383
301327 252820 250331 269736
303112 250805 251214 283213
304196 299372 236572 222067
304998 300132 246875 217887
307924 249801 267576 276772
308293 299553 223425 236399
310420 246977 239170 283952
310920 252602 249846 282879
312532 252624 242994 277901
314852 253465 250080 270776
315435 235219 254037 307878
315863 235681 231177 291673
317038 256459 261069 257814
317911 240855 252737 279331
319258 242366 240515 278380
322917 281559 215390 243875
325019 241953 249657 281223
325648 242605 282156 262330
327067 238574 312458 259734
329691 236179 262139 291196
333887 271431 226923 227941
334937 267001 236520 234706
343097 248951 307754 246117
