1384 184.597
450776 640157 645118 378563
729356 489941 360064 653906
602062 335822 622558 694289
737937 474507 372493 653454
674024 697920 375422 455499
322827 646064 640866 603922
333118 623114 654828 621029
657023 304081 599304 588068
589050 342319 636092 679971
587595 341964 636534 679927
456088 643756 631385 380188
708237 654431 423619 475012
421503 633183 507325 640625
355432 650374 563973 669664
419121 572075 559961 438554
431959 603735 534382 617981
392432 561392 576785 436320
701589 639598 396246 513751
699589 665237 397715 490178
705578 503174 363500 651124
687970 326765 629673 560392
416918 526807 580703 441953
716627 656926 380168 542390
664771 318739 593314 567363
636676 339518 634420 672010
621187 335114 620632 690584
643259 308293 614219 596281
644667 310063 610843 589053
429051 614039 524606 640176
428266 605240 537291 618581
621044 334846 622362 690841
614602 337140 611253 688350
695747 667696 399668 468427
684235 329500 617965 562847
684011 325472 631685 562430
598274 338089 630196 676705
715926 670460 416954 461217
609836 335832 623698 679116
707605 661787 400168 486569
436347 642219 637794 392592
641507 309758 607838 598654
653980 312305 598348 601850
727704 484239 370320 648696
331886 634377 651068 622414
423092 622833 529791 623243
618383 336152 620382 687218
672329 673757 382463 473024
673272 681437 389645 470657
718433 668042 413894 464275
593174 341387 631495 679133
422776 619370 533357 621334
349401 669793 554748 661374
412730 565377 556619 454072
682493 693717 373320 464294
655140 304198 599641 583727
689321 654624 395540 520922
638787 310677 609222 600924
725759 485793 367613 653224
648063 307164 602487 575572
712144 657509 409002 478099
705316 664473 402400 484103
709204 642097 392082 522608
327450 639745 629377 605966
710883 644429 391289 523779
717436 651108 393609 519512
699360 655015 407298 481854
348040 647306 613749 604374
650193 306253 601831 576477
350304 669812 551750 662802
681637 680947 381175 471587
342409 638824 622043 609600
603102 335346 623129 692467
676095 678063 379711 478470
647294 307412 610132 600703
666029 305527 598555 579543
604773 339402 615487 678929
419104 568367 558953 439671
703406 663304 404987 482622
707773 501229 363117 653024
692368 653053 394235 521717
701798 655681 420005 476735
345472 633977 622651 614479
430801 632982 634047 401772
718473 646573 387592 528743
617193 337492 611679 685310
700765 650434 411931 480335
679676 677397 388182 471145
444102 639001 629238 390004
429499 604981 534801 620424
425354 625022 519725 632309
424568 627378 516404 627133
686958 680041 375848 464253
693212 652295 394182 520233
702995 662212 403060 484282
444653 637531 626020 385393
346472 653649 570365 675973
335098 622596 646758 620374
680945 328530 625536 560835
732607 476542 374915 644833
334592 635465 619937 623819
665631 309247 595188 575285
409075 552903 579492 432875
669013 684931 380484 480742
329213 651347 619419 618659
339030 639252 620769 617176
661164 309261 595462 571061
657742 306431 604421 565040
401323 534929 586452 447143
426904 623239 527216 630351
418700 640651 541012 612785
426953 619366 522616 636532
720730 648110 386297 530557
425490 627447 517941 625189
616554 336650 616410 684693
323601 638222 632887 601856
449002 633765 632065 383403
419584 567450 560599 437303
416487 644453 649182 397509
451367 630476 635158 395579
419095 553781 563147 442768
724644 483189 371453 649065
333529 625546 648358 616511
657994 306148 605469 565946
699940 652939 422036 476421
656220 306863 604279 569774
350485 649773 569732 666971
701586 663366 397439 488884
714976 657716 382382 534687
343933 641174 611344 605471
416951 645696 652335 396505
420137 622385 639693 419350
427444 618718 628117 421399
332411 628529 645637 619672
419525 625899 641992 420366
425139 623994 523846 629514
704266 667527 396815 489899
670464 306108 598461 578638
708884 498482 363194 652975
432855 632264 546906 610005
645298 308170 609566 597654
428734 629347 627429 410828
446342 634905 629660 389058
659315 311803 602282 566995
419903 626442 510799 642083
350099 670586 550164 672868
658241 304197 598203 582927
336869 632606 633370 620891
716291 647562 387524 527659
422125 625243 527413 625205
720236 661031 378612 540794
410483 537191 592851 423358
722855 480945 372106 653709
437748 533787 574552 424673
708574 656712 418870 478257
407046 538091 587927 425442
348372 654026 567693 664026
405346 539671 590894 426830
734364 475587 374606 646797
657384 309039 600682 569455
441714 643068 627838 386282
420050 644914 538414 610997
421106 642515 632745 402741
420892 629793 509632 644382
692559 664957 410629 484915
607181 335507 622639 682026
652313 306538 599842 574431
424675 624734 525944 629640
638560 341111 644773 669359
401977 547641 580654 430576
732125 476245 375270 646667
433680 617594 630818 417704
655830 304625 599561 580875
712393 656095 384164 537362
423697 628230 515890 628262
676901 692638 374830 453133
725011 540595 419197 637917
404183 541602 586920 427933
419668 615225 541896 620688
669100 683712 379854 483737
716925 662668 380357 538170
421208 628547 508970 642560
708599 666805 398715 485908
694450 651384 395294 514720
423934 621280 638152 415322
710850 641493 390544 524899
601935 337429 626069 677566
615699 337885 611032 683323
426188 640396 630937 405292
702249 655410 409392 479800
349848 665963 548043 674647
710009 630664 395378 516080
334393 620888 653741 621446
424116 622820 529214 621000
721912 660856 377965 541677
681442 691383 373715 459927
399035 542671 584534 438750
328738 639131 629119 607681
591249 341123 634066 679258
353045 643387 580894 635013
599799 337374 626554 677529
696893 649097 394468 515094
604239 335292 624225 686148
420786 530032 576031 437617
420717 629884 545090 614926
425115 632043 626239 412168
421942 647589 535956 612012
657549 308288 604985 562924
425249 622390 633930 414093
637403 338857 635986 675145
413267 562569 561718 449161
428282 617407 620944 422042
422642 616300 540519 619977
338495 634623 640087 618085
423890 625926 526395 628701
674289 693647 374037 455370
440694 635932 634286 387483
342849 636799 621353 612182
724417 486874 364304 655198
425091 629779 520575 626301
682159 668357 380011 462495
322933 643087 637382 602393
421752 638100 542619 608898
334215 621700 653200 621442
417242 648382 638378 398737
707180 660275 409649 475642
420597 644152 634799 400173
416947 550555 565115 441318
418697 530139 578335 444515
428847 623028 635552 413098
394087 562862 572555 434466
433161 536951 581364 430861
400603 536426 584555 445462
349135 666055 551600 673161
419682 645521 634377 403881
661164 308856 595999 571089
432268 633386 626368 407877
698253 636242 406512 483792
417550 644449 647363 397459
393079 563092 568937 437160
605103 335586 625350 681745
592008 341997 630468 681284
437238 532452 575387 424945
676732 696046 374383 454991
707888 664166 410139 473989
350910 643198 592043 641153
349960 661758 556552 661774
398153 548854 581600 440475
425995 626461 517550 625979
707977 630884 395057 516979
684794 326496 626726 562335
403683 543595 585350 427121
726374 486429 365498 656153
416777 528714 582239 441683
349536 667951 555128 660290
444359 636050 628503 394468
725617 487148 360942 667954
347254 650548 571122 666574
424967 632598 637240 406106
422494 631047 544259 611311
657447 305299 607109 572025
693984 672374 379822 457273
617697 337772 608742 680591
706096 490680 374122 650635
720872 647921 386005 529802
656955 306252 605448 567928
434697 530399 573409 425907
401128 548487 591072 432703
726604 485463 366958 649399
729036 478958 377974 634317
427036 631256 629280 407002
329875 636928 624974 606685
349691 671265 549362 675287
350703 668731 545820 677171
395438 560868 573298 435426
418677 556237 562341 443115
419275 629536 512284 639062
702747 640995 406003 483234
713776 663131 380779 539833
713396 658134 383168 535189
695311 676146 378836 454412
726761 476881 374209 643486
642738 308730 608586 597674
673622 694461 375158 455724
685953 678823 379116 462141
417044 642869 639041 399371
714301 643099 390010 525415
714142 658248 383379 533724
438940 637578 631148 394243
418255 628644 514474 639746
403398 540548 589524 428138
712749 653583 384743 534000
731503 485510 365260 658007
396450 551506 577593 440129
421793 637161 512818 631420
396044 558812 575194 432352
709672 657088 384439 539445
354431 646171 577833 646861
727929 479818 371789 632626
730254 486723 364006 658570
415238 557477 574014 429632
402100 550052 583661 428319
415885 561460 559518 450105
394728 562223 574228 433672
418273 644475 539868 611864
418335 628381 513538 640356
351141 647135 583397 635847
704061 496448 373103 647737
402447 547040 582751 429872
719825 481983 371812 656147
419582 559601 558017 452060
413985 558285 562048 448689
431474 619548 627398 416871
717828 650885 385157 531946
423523 632322 634897 409547
658068 304918 599603 578354
331390 640752 616236 616805
720220 659150 382859 533166
434257 628998 547981 608566
686487 675411 377188 461867
397210 551848 577546 438182
448287 638895 641645 379948
453932 627091 628021 383249
347155 647069 568679 668942
658999 304644 596962 583444
425876 620278 633227 418474
409349 536573 584840 425197
718247 658958 379969 537053
399510 537048 587231 446051
440312 637890 632048 388251
403679 540168 591747 427782
650735 306656 600198 575319
696912 637800 405390 485216
700165 653843 421077 476436
418821 624209 511246 651650
676450 675118 380637 473881
402718 545481 584130 428190
392723 566291 573335 438396
398466 555781 569067 435660
656277 306201 601467 570885
697428 679858 378962 453964
427992 638408 627207 408817
399429 554530 577067 434089
450118 638647 645077 378631
352296 645251 566655 665873
603517 335241 622198 693836
348838 660558 566030 660778
678599 497700 374605 657158
400372 536913 583757 448581
682826 326591 629276 561507
450591 531007 575622 424372
720184 494843 366225 648271
423118 641391 538984 615940
455141 637107 623815 381634
645183 308327 607529 598283
413857 649212 642971 398160
688640 667805 398533 480569
603623 337509 623077 682753
426076 620462 635839 416066
395592 559164 572111 440661
678856 687439 374934 458940
715697 657183 380561 536039
350075 671031 548956 671621
683604 492370 376513 656739
684635 679021 376814 458352
448730 638332 643508 379508
681608 686242 373851 462034
407903 537389 588390 424537
673410 696946 374726 456582
332791 626615 644601 616634
413052 559851 558816 452743
723599 478247 371785 638923
680509 495586 374486 657678
417709 614460 543437 620861
727957 487379 363415 654988
717813 647247 385771 531561
714181 493043 362653 652423
653372 307521 608267 567125
703136 665787 397244 489036
654790 305455 597706 579982
427304 616031 626484 422645
330509 643443 617451 615463
443175 532362 578082 423441
702985 633610 394254 518404
420594 633612 508080 638737
723017 493650 366391 651900
425620 620836 521927 633816
606796 335574 622124 680079
680032 688906 376481 451873
424882 627002 521441 633779
701237 641119 410531 481168
417755 527159 579153 442349
451971 637245 627724 381197
656065 307877 596465 574101
715569 482626 382494 651282
416954 531508 575627 443423
330009 636611 627149 607384
397355 544656 586416 441449
423575 643282 643230 393502
680964 689101 374451 460770
729360 489008 361108 660490
720990 484905 373456 654250
417802 528264 578813 440941
709568 654796 385050 532827
399922 561096 564074 439466
419743 627963 543743 617404
452700 641993 630334 380646
398927 537449 583885 449597
403806 546635 582034 430350
402984 546355 585630 427120
730840 486848 361613 658014
617350 337352 611437 683969
350391 671199 551235 665204
393471 560501 574865 434586
646754 307941 602447 576268
443466 636831 629913 382890
736077 475267 373488 648524
349956 657645 557245 663363
351048 671117 549242 670193
408184 538767 585460 425799
707926 644925 390493 526377
702579 682665 380107 452741
698606 490129 375339 649927
717745 492735 362332 654522
707154 491200 373649 650396
677243 674206 380374 475535
419391 627640 545856 615871
351478 666736 551327 659399
330567 642736 617019 616721
677155 690323 375633 451092
420676 552410 564429 439775
725470 488195 363795 654051
679545 688140 374752 459764
447486 638215 624698 382230
696348 650659 394243 517679
688136 679303 378928 457878
736688 475343 372532 648512
415937 556804 575081 429373
399718 555151 566419 436283
680547 681544 375659 456762
677155 689992 375075 451752
713508 641412 390309 527108
438350 527768 582938 428991
656321 306419 605190 566938
423491 629673 515106 629579
408229 538065 589063 424398
700377 679894 377414 456142
416493 645228 640979 399727
445259 636706 626741 381915
682011 690598 374469 459295
433483 527849 573861 428877
727245 478401 371835 637309
715835 665380 421607 460928
729790 475179 376551 650117
696252 676725 378734 455010
427696 620173 634108 417033
352712 643479 574411 659792
397292 557871 565780 439847
350046 666527 547304 677346
395996 558410 573425 436843
354990 641743 596160 634662
452299 634126 643001 379271
347159 647619 568477 671194
677991 494132 375324 662147
655358 305151 607977 573533
655846 307461 599234 572775
694014 675723 379307 455893
678930 682832 375599 457468
721835 477337 373347 639710
327673 637669 630496 604247
351673 640173 600324 639700
732454 478294 372749 633450
394695 562433 571354 434632
727336 488575 362015 656745
445852 531770 577845 423129
447635 633934 624231 382243
707804 495039 372842 647464
349778 655050 557606 665756
397763 534967 587582 457241
678258 493270 375624 664939
355008 655418 597240 631588
419551 642139 640224 396266
678614 498144 374316 655813
728808 476856 375844 638179
728995 489573 360695 651728
404962 540439 586491 426478
678824 496552 375225 658265
669061 685212 380350 480272
397729 535728 585993 454999
405699 540417 586096 425901
442982 641291 626208 383166
446096 636014 635956 386830
654450 306201 599852 573253
396073 555382 568449 440934
695736 491505 374944 651549
440107 531742 576949 425075
399682 537065 582947 450106
323461 638224 630960 601671
655755 306318 597959 576158
657522 308897 597403 571877
455415 633662 629674 380696
