133 1.86384
340249 308338 280563 312177
342849 293429 290510 306956
324363 317667 283031 299722
315964 315369 291741 295555
320137 289943 303251 326071
353598 331326 276584 288650
293005 323188 311568 303171
311421 321264 294248 282747
331315 311399 296632 287771
340047 297816 288163 314903
327555 320922 286592 296742
312699 318876 301226 284321
315502 292958 297447 299738
340684 317360 297986 283919
339426 316183 287756 290259
311634 304970 295530 310456
334023 291996 329863 292679
326260 312802 297918 287487
311447 320160 295223 290254
342516 325425 282570 296946
314561 292185 309405 297678
330468 300454 289472 289652
319834 290152 308858 302487
336193 310073 280833 318307
322634 319817 282346 341924
309053 295736 311810 309994
336390 334224 278945 301439
324961 294797 304686 298767
338933 322559 276137 316777
315763 321930 331854 281812
328760 314908 286447 294838
340456 317169 289283 290119
302606 292413 296916 314886
334889 298448 292959 323351
353296 303585 300423 288163
320382 318730 313508 279716
336299 292751 302282 309935
312376 322129 290745 298242
323430 314897 288529 293131
343427 300011 297476 293128
333132 325966 273584 308078
342646 309815 280828 300824
317924 297457 294226 295461
319352 319429 303481 281309
321601 299489 313156 284444
328235 296846 295569 313870
291359 314230 302612 307497
302585 310331 285409 317359
308129 297032 318555 313491
317414 302322 293514 313831
322891 312182 300296 290822
328618 319935 299138 275614
298524 338777 303741 291363
340982 306891 332656 277902
323559 288524 311327 314413
336201 286780 301037 315744
326654 326661 291589 289462
325596 305206 282887 305100
341369 286793 304302 310093
302160 328295 264696 303732
307081 311120 289770 299852
347595 313311 296218 288903
289101 324526 297660 316674
295005 318107 309597 304551
311920 310361 300075 290884
328617 316101 280318 304075
328909 285503 313304 305273
315474 321123 290740 293812
331699 305243 300399 280534
334630 283944 306025 327694
313526 336832 292608 289445
317561 316269 305679 283090
301191 324345 291082 310731
301544 312407 295725 298035
332063 291550 324853 294795
287634 311899 308494 308284
292265 308798 310382 327442
307960 336976 314194 282551
294099 326570 275742 326124
295735 308084 314673 319255
329028 334869 289983 285188
305088 332877 302138 286848
312378 316732 288547 302638
315987 303763 295259 305011
318486 314449 291738 295825
314871 295659 301762 285862
361430 315685 296338 283262
314317 335397 292164 294272
291956 306056 315071 311759
290288 315640 305607 324210
327722 308256 297119 293445
297298 329065 305902 305712
297668 331488 289614 317069
308886 320786 298816 288095
310406 340461 295423 296904
324871 294384 316509 290292
338920 321259 296519 287133
340516 302957 277236 303861
300235 302378 312323 318983
332955 327366 282746 297864
322907 314901 291956 291447
327910 309520 282695 304380
304114 297060 309268 307103
315616 318674 297422 288325
318556 314945 283774 302968
293374 313051 301834 325234
295134 323745 301364 326461
303846 325589 282850 300399
317667 315400 297689 291607
288505 329138 285671 331993
319669 318992 289443 293783
324810 327836 280859 314929
338796 334460 281992 291540
293599 323286 309093 295126
297709 307418 300637 313032
302585 302951 306501 308372
304257 298328 322029 302766
310513 335384 295563 299298
310836 329189 288470 298768
316186 329708 289298 294196
319931 292180 309308 302411
322243 322278 291772 287081
326866 326022 307419 280626
336477 305215 285524 303537
336977 316448 311044 273693
299662 304106 299477 291935
303559 315985 298420 288297
307044 297613 308441 302528
314799 320028 290644 296240
335607 336556 292331 282167
341027 318425 298574 282685
348989 290975 311489 297248
294742 330486 295425 307037
335766 293580 315167 291786
310392 313335 295978 294679
312338 316552 316145 282020
286827 324628 305865 314328
292264 309237 307601 308150
299360 303064 307787 295724
323444 314668 301523 290109
327849 312473 301800 283491
333925 292364 322305 292737
298265 309173 291193 301453
306721 337462 307984 280358
312662 326270 296488 271172
313830 301937 298307 309943
326500 331294 283930 290740
278771 324770 312051 303265
287829 336364 284376 322572
298698 323062 289040 312821
308969 307838 295477 317476
289386 306931 314774 282519
301406 299705 328107 324036
306980 300588 304026 288610
314828 321955 284090 320365
316342 287742 319393 316227
326416 313344 289351 294521
330494 327058 287857 291379
334890 327930 284913 296187
296987 320212 303670 307213
298638 303772 334475 305645
307218 337781 299304 284509
312637 304788 286875 296577
318463 294272 305002 298120
323458 337530 290003 282119
330148 299064 318016 283968
335735 321898 282712 293878
