2 0.0431486
145057 168924 168410 164389
146029 155725 166980 169742
149854 172361 173446 149155
151199 159151 165332 155989
151331 156045 150393 149467
152523 150356 156644 163264
153088 162382 150017 161580
154083 148928 156474 157253
156114 172462 179489 148014
158882 173635 163268 144922
159820 158482 185901 141692
162302 167418 146961 163701
162796 153016 152108 165850
163875 163653 182886 144144
166729 157487 149825 158848
167185 164483 177170 141793
167992 168351 170554 144109
168197 173062 169698 142368
168853 157581 149603 178450
169559 152375 151979 166462
174356 147053 161737 159910
174935 175060 155567 148693
175402 142531 154817 160931
176331 181468 175949 140771
178928 163292 143745 169804
182354 165226 146550 153954
186252 150894 158599 155997
147849 162748 173792 162274
148829 159967 175436 162062
149493 173752 161747 159776
150843 164483 157436 156018
153743 161268 148673 156727
158579 166227 168411 148167
164308 151950 153730 169849
165049 142775 175268 162111
166151 146098 171914 165515
167332 169514 165221 144035
168015 151808 166429 154673
172393 180221 162962 144867
172470 162053 161173 148992
176425 163152 162069 145074
183695 158752 146008 161217
144495 174955 189114 168460
145277 178558 165679 159772
145652 174287 163077 143960
146661 165876 176460 158819
148645 169275 154869 168331
150597 149598 169348 151248
156283 152512 174459 151158
159135 154371 151503 160712
160264 154756 164266 145344
161991 146855 164298 161005
165287 148522 154230 161354
166151 146963 159344 163279
169547 160174 167939 143899
171245 172356 142680 156105
172371 182116 150823 146558
176644 155104 151219 149189
178587 154813 162946 156547
