12298 108.011
264178 237781 196403
273431 227447 197035
274697 223813 195500
225249 217357 232103
218730 247192 216775
222221 236097 213956
226037 232326 220488
251590 205291 202108
226539 219498 229321
245744 204585 205185
230614 233196 215254
242368 205098 205989
254900 193501 211565
229961 239805 210587
236604 208133 209865
242268 201944 211887
247547 192768 221227
248647 192557 217352
246000 208690 201233
254971 203769 198973
219846 241603 217552
222836 239158 213146
223656 223735 225789
243257 205159 204318
219184 228916 225918
248002 201773 206602
247463 193614 224956
223580 222560 226907
245553 196935 212213
225636 234546 217316
244922 210587 200201
215312 231535 227438
223999 238345 213344
254521 205918 200422
236155 214778 207891
243155 194695 218108
231723 201972 217198
246177 195268 212451
241342 195938 218787
237471 211678 207102
215929 244525 222209
223455 234782 218319
250820 207547 200605
241411 195103 215655
213311 238965 230919
225340 221779 227236
228870 235647 215036
243938 210306 200719
269622 200527 203502
220325 238781 215536
212528 241560 226801
240552 204087 212189
258066 192125 210796
221110 236561 215756
241246 194986 224624
237785 208358 205674
219193 226632 229019
252550 194933 204232
229824 239166 212329
224171 223677 226819
249578 209502 199802
240511 205070 213056
226475 220682 229023
237473 195197 226626
219999 222078 231749
239115 211524 204159
239821 210486 204568
246508 205121 205148
240168 206029 201368
248422 200132 210907
227634 242079 210639
221688 228786 226791
222890 222182 229178
242829 199154 213044
224273 217904 231402
240557 199602 212708
211936 250934 233630
228489 206363 220142
244319 202544 207195
250822 193912 216681
242981 215330 200351
242269 194333 218294
223296 242401 212854
223127 234885 215962
223481 229465 225036
221047 221766 229781
223842 239902 213110
255025 192162 212946
239544 201622 214064
258014 194719 208169
221318 237225 214329
249247 198616 210930
214965 224886 236646
224183 221236 228153
253866 204721 201939
248922 197032 211002
264857 194465 207530
217793 226827 228946
231003 210032 216667
243865 204410 205930
251240 193639 216566
212884 236606 235537
246595 195043 216606
235892 204774 213746
225006 221169 229397
238598 198847 214144
216294 231466 227992
225309 234298 217765
249344 194801 214849
213782 231273 231724
253017 192106 220842
224884 224336 225496
223945 225723 222624
220815 221098 231649
219220 229746 223552
234916 195998 221585
227068 225524 223630
256726 191229 216067
232364 196729 218229
212947 232547 235436
252561 191435 223418
213859 228804 232637
246862 196406 211880
236610 197925 216306
214129 228546 231244
221757 218808 230119
215166 233000 227438
215526 225005 233573
220196 241373 217461
224162 240181 212683
238482 207046 208785
250462 205729 201320
274831 231539 195307
258999 188903 214262
223631 227964 225015
247465 205875 202139
215834 230022 228008
227212 214928 234652
226858 221571 225613
229527 206197 217234
234765 198798 217134
217461 244785 217414
242320 196553 213058
238432 203010 213425
214395 228067 235014
221958 237208 214996
229385 201940 220025
215842 223053 231464
229110 242629 210546
259407 202401 203711
213612 234037 231017
237277 206745 213172
243925 197746 210968
251692 193676 212376
224150 222441 227537
237558 210003 207278
223841 217256 234640
216054 240228 221494
222296 235273 215081
227581 230696 216207
221967 226633 225045
247473 203957 206003
215150 229998 229566
225668 236555 213810
237578 210014 205094
265248 234820 195682
254151 223597 197473
278072 228376 195313
226765 219199 229196
232485 217415 210441
219414 243580 215384
221909 221910 229424
226062 233147 217797
250601 192455 218066
221073 243280 215088
222620 224816 226801
227448 223771 225287
213441 234295 231745
217615 238843 220395
241928 215376 200984
247071 200161 209239
225132 234525 217789
225004 214856 245542
216802 232333 221705
246549 201915 210259
244923 208803 201127
238283 196953 215131
271118 228013 197070
223140 218792 232961
227510 220147 228211
236371 198156 217188
255637 190205 224450
219986 218973 232570
231797 208256 215750
216324 226330 230713
213763 233287 234242
217821 233673 218507
217895 229442 228601
253274 224520 199287
215020 225942 231103
236834 204737 213245
240547 196782 216501
244950 204289 206794
239774 201555 214049
218415 229922 228067
237833 202853 213795
224171 221819 227657
254751 190957 220107
228671 245718 209647
223633 228451 221166
220469 244485 214498
214069 232620 229487
250063 196026 205144
235711 197512 217841
230486 201305 218598
249064 215079 199377
231306 208792 215461
259663 200963 203654
221046 234325 218360
229555 202469 216735
223665 234511 218238
225157 222433 226896
239936 208171 207888
239885 206786 212199
233840 197730 217226
213190 239557 232415
231656 199367 225093
220860 244673 212821
224690 222602 226692
240734 203272 207400
251822 192740 213924
256089 218433 198627
238220 208291 206626
214093 228370 231670
225490 222799 226531
254780 193568 210068
223443 242424 212102
222541 225113 226261
214934 222479 236949
211954 227060 236452
256908 190341 216183
240072 196360 220415
226526 233118 218524
239422 204154 213058
224069 216616 233456
227161 220165 228515
225864 216009 230947
243680 203231 211546
228066 236227 213106
239799 195611 222987
214822 226652 234728
218228 220097 232382
228532 203709 221838
220837 222511 227469
244034 203146 208558
232155 205912 215783
239285 195486 225936
246474 204013 206838
227832 224757 224360
216616 247359 218070
226259 237366 213776
220320 224915 227994
233296 198916 215354
237840 198621 216281
215816 231003 229172
216724 244793 220881
224364 216005 234012
232955 196414 218342
239879 203514 213394
249664 194299 214789
246288 202194 210331
247983 192026 224622
239870 208203 207364
250876 194322 210564
224066 233566 220595
246241 193839 220576
234347 196400 225434
216859 239334 218819
285028 236130 194889
214564 233219 223054
227718 217976 228066
232455 201142 218071
235260 208370 209013
222145 217693 232989
217026 219560 232399
217609 225749 229304
253701 194308 208440
224178 216112 232764
249713 194019 215928
248009 202546 202949
227383 228385 222552
216706 229018 230310
249074 195729 211433
221253 234791 217276
225409 217863 231087
232683 199646 215013
240230 195538 221528
224871 219488 229885
238450 194665 226345
227665 219049 229588
253612 192367 220081
225245 240133 213106
253345 217588 198746
214257 250465 226734
257120 194311 208359
247845 192750 221679
227931 217716 228111
249803 196670 211191
225464 224041 225701
250445 194728 211842
220281 226172 227997
248378 201562 207358
237570 209739 206901
218304 223251 230375
215511 221821 234107
242441 196418 213952
239893 197400 213174
232801 200530 214107
223792 222236 227558
238977 207500 208252
238318 215760 203305
250000 193943 213164
225145 225251 225395
