6564 85.8313
582999 458432
580128 459969
583106 457780
585045 457593
586426 457505
592105 455737
590552 456907
486830 574002
587212 457144
574096 464355
592851 454660
593478 454512
489891 568485
594205 453116
482269 578160
578163 461350
481880 578323
480332 582805
477326 585271
475554 587553
581364 459742
480205 582897
475529 589168
474067 592811
481158 582214
597285 451976
473318 593629
473071 595545
538380 488503
489718 570502
486351 574686
591909 456818
540317 486020
539070 486570
598203 451155
487923 570541
487859 571318
540584 485603
543831 483347
433284 641412
433216 642415
651562 426390
539314 486513
534206 492785
656527 421268
491420 563761
451632 609876
543787 484046
454036 609246
489268 570536
463230 603471
467917 600487
492068 563592
463023 603476
455548 609016
467330 601087
542643 485303
565043 470206
655623 423266
490423 566127
467882 600673
468724 599374
435535 640478
457229 608534
535249 491401
470444 597813
574374 463247
473157 594958
575635 463058
533250 495042
596495 452383
568842 465540
537445 489345
495602 559144
535462 490397
568527 466685
493831 560721
549159 482048
495496 560326
493279 562859
440940 626010
568397 467398
549316 481441
429257 645895
440166 627611
436791 637773
663376 415949
525128 503251
410546 704294
410014 704453
445268 621298
411188 703765
660478 416535
657609 419564
437809 633427
520555 505953
657085 421036
525881 502634
405159 721885
409902 705471
561632 471684
578848 461211
568507 467289
486013 574744
575971 462043
405390 720397
471045 596452
568011 467578
411817 696528
660091 417617
485689 576234
742860 396380
404034 723148
528010 499399
667687 414846
438153 632145
405583 716852
406065 715889
485009 577668
722021 405067
437256 634023
436313 637812
411269 703271
407007 715667
662422 416311
403497 723387
669557 413776
723501 404293
435247 640691
443520 624046
464254 601305
723260 404925
461864 604404
459948 606238
411811 702712
408373 715445
602439 446563
669646 413539
533858 493694
531648 495835
602333 446659
517073 511543
567130 469952
562648 471531
573145 464835
665920 415502
515720 512743
425934 649015
470700 596760
416621 657884
604661 445090
521984 504565
548445 482899
708654 407052
678427 411550
732478 398837
608074 444866
517339 510390
736101 396728
530695 496661
732058 400743
408530 714547
624753 440538
676050 411874
734040 398668
419818 654084
653207 424296
398998 751971
650819 426996
445251 623447
627861 435608
409534 713303
409708 707967
446076 619344
735190 396986
665968 415052
514987 513504
446601 615201
626336 437558
448696 614430
532498 495464
658293 419154
678430 410910
481792 581146
656464 421304
670770 412925
535372 490445
450922 613106
395123 766140
557042 472151
707647 407531
399765 728875
457944 608060
642712 429042
419192 654534
629626 435367
411103 703984
399818 728018
672095 412842
543615 485001
451117 611420
626640 436135
485288 577390
403076 724763
648943 428067
727753 403523
708697 405906
600358 448081
504946 520538
560405 472061
432544 643512
504453 524185
681290 409142
416249 659890
398846 752135
415464 660291
523518 504308
399443 751850
401841 726232
506091 520148
555285 473990
639284 430272
429947 644289
682732 408859
414055 674051
676630 411639
625712 440178
716605 405389
413310 674616
500224 528373
603297 446448
726315 403944
414058 668384
486984 572133
566525 470161
684396 407944
715990 405872
503299 526746
619330 440563
656279 423104
499350 532964
615246 442156
510302 518124
453017 609724
414331 667925
600093 450918
395288 757207
458808 607183
398726 752995
457941 608408
614915 443985
395414 753414
421948 649888
496748 541932
425636 649620
496579 546536
534418 491751
554231 474639
743487 395302
442958 625792
552491 480195
427356 647313
729381 401540
438971 627793
530589 497687
630047 430985
499215 534161
517588 507793
514229 516249
745551 394197
420798 651317
443423 625357
453723 609477
519761 506673
