110 19.2996
3.17653e+06 3.18132e+06 3.17225e+06
3.17782e+06 3.1483e+06 3.20859e+06
3.1823e+06 3.18368e+06 3.16289e+06
3.18462e+06 3.18321e+06 3.16441e+06
3.1695e+06 3.22374e+06 3.12858e+06
3.22636e+06 3.17727e+06 3.11392e+06
3.19548e+06 3.15264e+06 3.15192e+06
3.18345e+06 3.09828e+06 3.25179e+06
3.12113e+06 3.18668e+06 3.19145e+06
3.16434e+06 3.21888e+06 3.13248e+06
3.23783e+06 3.25442e+06 3.09805e+06
3.20297e+06 3.1515e+06 3.12513e+06
3.23104e+06 3.2404e+06 3.11044e+06
3.0846e+06 3.25072e+06 3.27002e+06
3.16854e+06 3.23387e+06 3.12528e+06
3.14254e+06 3.16751e+06 3.29485e+06
3.21628e+06 3.1396e+06 3.14834e+06
3.1714e+06 3.1657e+06 3.19751e+06
3.16688e+06 3.16587e+06 3.18513e+06
3.2146e+06 3.10487e+06 3.23178e+06
3.1252e+06 3.2755e+06 3.17859e+06
3.16706e+06 3.14166e+06 3.22109e+06
3.18926e+06 3.19115e+06 3.12731e+06
3.1827e+06 3.16122e+06 3.1669e+06
3.16145e+06 3.17294e+06 3.20219e+06
3.18464e+06 3.14748e+06 3.20814e+06
3.16628e+06 3.18787e+06 3.13696e+06
3.17941e+06 3.20607e+06 3.11383e+06
3.15085e+06 3.26277e+06 3.1306e+06
3.20134e+06 3.14236e+06 3.21134e+06
3.09988e+06 3.20874e+06 3.21178e+06
3.15106e+06 3.14606e+06 3.22065e+06
3.17772e+06 3.17311e+06 3.1737e+06
3.27552e+06 3.17411e+06 3.10878e+06
3.1946e+06 3.15757e+06 3.19424e+06
3.17841e+06 3.16264e+06 3.19909e+06
3.20179e+06 3.14228e+06 3.213e+06
3.24668e+06 3.31254e+06 3.08651e+06
3.11279e+06 3.25145e+06 3.19715e+06
3.10195e+06 3.28581e+06 3.20939e+06
3.16592e+06 3.16153e+06 3.20267e+06
3.27132e+06 3.21134e+06 3.10613e+06
3.2325e+06 3.23763e+06 3.11291e+06
3.13279e+06 3.17502e+06 3.24072e+06
3.20417e+06 3.14159e+06 3.22335e+06
3.14352e+06 3.16335e+06 3.20312e+06
3.19226e+06 3.18266e+06 3.1515e+06
3.19661e+06 3.14455e+06 3.19188e+06
3.17274e+06 3.18255e+06 3.16786e+06
3.19547e+06 3.17569e+06 3.16273e+06
3.22504e+06 3.16788e+06 3.1242e+06
3.13505e+06 3.187e+06 3.14317e+06
3.28633e+06 3.18937e+06 3.10026e+06
3.17126e+06 3.19329e+06 3.11784e+06
3.25612e+06 3.24541e+06 3.09329e+06
3.12972e+06 3.25988e+06 3.16082e+06
3.26778e+06 3.22535e+06 3.07686e+06
3.09665e+06 3.299e+06 3.21494e+06
3.26156e+06 3.14699e+06 3.14436e+06
3.20499e+06 3.10577e+06 3.14974e+06
3.1281e+06 3.19312e+06 3.1673e+06
3.1363e+06 3.1695e+06 3.23178e+06
3.17133e+06 3.12872e+06 3.27396e+06
3.19776e+06 3.12246e+06 3.23459e+06
3.1723e+06 3.14867e+06 3.20142e+06
3.20966e+06 3.24361e+06 3.10044e+06
3.14746e+06 3.18302e+06 3.18416e+06
3.15581e+06 3.15366e+06 3.21468e+06
3.18728e+06 3.15924e+06 3.1715e+06
3.14296e+06 3.18652e+06 3.20862e+06
3.15669e+06 3.17242e+06 3.2031e+06
