1036 98.4845
471816 482991
472079 481578
472292 480675
472630 480132
472974 479818
473318 479653
473369 479054
473582 478151
473787 478101
473851 477610
473920 477608
474000 476826
474064 476707
474213 475923
474551 475380
474895 475066
475239 474901
475559 474133
475708 473349
476414 473331
476425 473204
476627 473075
477344 472930
477558 472092
477707 471308
478424 471163
478512 471031
478615 470155
478820 470007
479075 469960
479221 469812
479676 469429
479814 469188
480357 469104
480474 468698
480698 468662
481017 468614
481030 468355
481459 467885
481907 467847
482038 467425
482413 466824
482516 465948
483059 465864
484262 465411
488470 465222
488976 464470
490033 464392
491198 464111
492369 464075
493548 464047
494974 463382
