7 0.0549573
154479 163710 164299 153633
166907 160694 158689 147849
168274 149618 163860 148844
174838 158713 159424 153619
177173 152422 156513 158594
178819 159266 157560 150431
152754 163926 158694 157986
156382 159271 150849 174841
157933 161607 165200 149767
165508 151270 169904 153119
168180 170900 160585 142984
152140 174184 150925 148932
152470 163875 158868 160511
157227 154661 165161 158160
157692 155175 159181 156716
163375 152535 164797 147450
165795 146714 162048 164714
167607 147060 163206 158218
170607 143524 148869 171279
174020 149553 154559 160077
174469 162782 179730 140848
143823 165025 162390 165806
150990 167718 164170 142452
153089 164765 151581 163731
153351 150099 158852 158732
153841 159463 165886 155151
154584 147952 158570 162745
155372 162637 157557 149423
161741 168109 149482 170298
161834 145245 163446 153219
166111 151425 164645 143565
168197 151049 165134 151822
169308 145180 173521 154139
176026 157935 161164 153795
131656 164782 174523 153542
150274 170678 160624 158379
152734 155379 166315 163021
155575 154397 167004 145647
157056 156957 160405 155112
161306 148519 177599 159637
164396 157526 152947 162746
164777 135972 168927 158359
165001 155246 147219 154026
165930 150369 167185 153116
166783 144695 165691 167098
167392 154034 156246 159596
181133 145537 160226 163495
188762 155510 147776 148808
142212 161540 181093 163407
151223 176241 156675 162562
151582 163040 174989 154908
152293 166296 161680 157106
153084 162941 153321 163511
155223 157063 154944 156445
155677 150069 175190 156353
156728 157770 158772 155390
157555 173131 150033 160629
157631 155991 153014 158593
158559 155957 156984 156355
161790 150838 155894 160241
162066 161379 153336 146233
164330 172052 155639 144909
166548 167999 152743 146542
166984 160809 139575 153939
169591 162325 165766 142716
171918 160883 191537 139559
176433 167234 161322 142200
176639 149215 152997 158669
179580 149869 152969 163810
182322 149245 152181 163260
145846 156547 155806 167535
145922 177090 166347 164382
147487 155585 162143 158350
151261 170325 162944 156185
153415 170955 158693 155545
155103 170607 153314 159406
155521 151073 154875 164319
156647 158752 170282 142930
158876 168858 162381 143190
159505 164183 152553 156019
160880 171929 148877 165895
161646 152595 161324 144088
165187 149350 177506 150924
165494 161556 150647 153041
167321 154865 151207 168326
167810 173526 170344 139315
169866 149710 167865 148191
173238 167184 137339 146135
136866 150501 183741 170158
145187 162505 168888 162207
147163 161188 162096 166162
147355 163763 174245 154015
150940 167960 158082 160731
151723 152455 176145 150475
151901 166302 168071 141276
152098 166156 151164 161149
154932 161865 164029 146458
156508 174781 159144 148920
156770 164520 150534 147926
157309 140712 170828 161785
160179 183509 157793 142317
161484 154231 166813 146896
165159 165379 146887 146966
167123 146442 155094 164495
169692 147960 162639 151722
173684 160280 158765 153743
177446 139127 163146 160164
194165 155085 145572 155747
