6 0.302275
766988 812011 791086 812142
770328 795532 796719 826198
777797 817994 791832 810217
781102 825204 786185 841383
781327 764055 774992 825002
788583 824596 786534 796413
790593 775591 789113 820204
790871 793123 791309 798213
793759 800387 781333 799825
793766 796105 811918 781218
796464 789323 779279 779501
797849 784664 773550 838948
798212 799007 765939 803378
800299 786289 772315 804571
801673 783634 789474 787264
803337 796334 765958 842282
804463 776685 758266 821659
804982 760858 826561 825105
805971 773723 763454 805745
812648 759310 845647 820505
813268 793355 767786 769219
815145 783097 777382 800043
816842 787576 775978 781729
819892 778478 785148 783463
820379 789227 795412 769991
821706 782011 756790 771357
822726 763650 791809 831211
827178 776018 788710 804847
829123 782401 797203 770364
850427 755569 817398 831063
778275 803937 807623 805776
779218 808800 797705 793882
792788 799228 781704 798921
796008 779651 788455 796483
803343 773963 797306 800880
804835 780186 794988 779430
833340 804839 799910 764899
777434 800552 794404 843255
778606 802050 796295 838210
778831 810206 795267 804502
780392 777526 826309 835742
782131 806813 787263 795496
792435 820398 780229 793602
798744 765805 824721 798554
801259 783837 816688 793012
807900 774030 792285 780632
808249 823757 775771 771895
831188 760881 798476 808973
831409 760119 793964 815598
780643 820559 812925 780185
781579 791018 769945 805626
784154 805515 776186 799097
786454 780985 791593 819049
793722 798764 783276 787910
795688 776063 816469 814341
809073 792592 771477 785135
757568 842743 812248 840638
778446 831194 777137 789858
782611 781910 793861 793085
783731 784823 782828 819561
788800 775583 829203 817840
790399 807157 791575 774862
793725 804924 830991 786598
796063 797803 767896 786604
796069 809182 804116 772336
797250 764884 807360 811720
797772 786838 772995 798605
815480 818739 757406 796342
815899 783398 780924 791481
817640 784273 733614 813481
825681 762276 802171 836268
772947 809566 806538 804064
788074 793458 781923 804080
794248 778682 790725 797787
796885 793665 781788 773155
807346 812667 765156 797263
872081 770072 789099 811163
764483 790192 803077 808771
788274 760510 796912 844321
789478 784855 789801 815831
791972 780472 810783 815928
792523 796695 762633 819427
799424 772106 800272 797955
800221 780387 782580 815536
802380 788906 769093 790623
806928 767170 801346 788544
807254 815881 753118 801507
808880 768028 792451 784603
814804 828372 820776 768019
816244 776997 783060 792295
816358 837430 766871 787023
