18 0.0889898
306264 334512 299371
303982 351894 297057
305357 338567 300288
306941 316369 306296
331747 293842 310945
304489 340184 292602
305708 317279 304170
306301 316349 311132
307068 333887 297533
323224 310670 287169
326698 310754 283034
327960 301149 299170
329151 294028 310751
332265 291324 310199
347256 308839 279043
288758 325942 320998
299208 322597 314181
305375 314247 314731
305833 335962 296984
306114 339144 294247
306331 314771 310878
306955 317111 301965
307481 331933 295030
314090 333940 284373
324362 311207 286940
327971 305941 287042
327974 294249 310355
339405 290635 313546
299362 318256 301884
299888 353046 295021
303242 316441 312941
304817 313716 318979
305014 321408 301752
305945 329461 301149
308044 325181 292355
311753 332757 285606
317590 330289 284224
320750 320901 279410
324023 301789 301274
326311 311195 286703
326489 294413 308502
327444 301550 299158
336987 315755 282643
345695 313847 277958
286186 328150 322412
294880 325619 314051
300143 351401 298627
303983 350050 295924
304528 341276 288943
305646 337860 297306
306966 338362 295622
307044 337976 291399
307529 331533 299331
311059 329749 285814
318243 309501 293047
318937 308119 287557
323095 296137 305517
325095 302351 299396
331986 290015 313564
338648 291432 306237
339282 313021 281063
349022 304923 279107
289006 328671 318489
292958 319375 314370
296122 326899 309452
296567 322641 310719
301403 356442 294301
303853 345166 299369
306153 340236 290588
308810 300499 306230
311538 303193 304943
312406 309923 293851
313667 303045 305853
314185 330935 280957
317473 304680 293404
318472 307775 289342
325153 312744 285445
325695 304001 298417
327172 306469 286074
328062 297152 305054
328209 290986 311132
333171 291713 308292
334428 295173 307521
339673 289264 313949
342334 310979 282041
343980 308794 279461
348723 313140 278262
286817 325120 321720
288650 330091 319755
289075 324521 317617
290366 317617 316841
290607 326477 314506
294284 327676 312147
295402 324127 311433
297388 324468 308768
302239 316869 305635
302881 346340 300815
305416 337222 297736
306865 301376 307877
306962 338507 291606
307801 307153 295459
308244 340702 284719
309072 339577 289365
310409 328791 292341
314983 311338 293517
315564 308404 294750
319441 305507 290541
322553 302964 299917
326268 301783 300345
326748 289853 313851
329379 302787 298815
331659 297388 304106
334309 291053 308965
336054 291627 304619
342681 286705 312785
343705 306931 281316
347879 316813 277233
349436 308513 278369
349964 314067 276193
352241 304023 281598
