26 4.40585
1.56926e+06 1.57168e+06 1.56387e+06
1.57344e+06 1.60494e+06 1.5557e+06
1.60501e+06 1.58195e+06 1.5266e+06
1.61403e+06 1.52304e+06 1.57623e+06
1.56554e+06 1.51735e+06 1.65593e+06
1.59232e+06 1.54835e+06 1.57421e+06
1.58961e+06 1.58533e+06 1.55444e+06
1.64514e+06 1.49447e+06 1.60326e+06
1.6815e+06 1.58715e+06 1.52239e+06
1.5875e+06 1.54559e+06 1.57918e+06
1.60209e+06 1.51697e+06 1.64153e+06
1.56411e+06 1.55224e+06 1.5852e+06
1.57092e+06 1.58643e+06 1.56348e+06
1.57794e+06 1.59095e+06 1.53996e+06
1.59509e+06 1.50913e+06 1.65369e+06
1.5964e+06 1.51342e+06 1.65177e+06
1.61942e+06 1.52411e+06 1.55521e+06
1.54473e+06 1.54158e+06 1.58675e+06
1.58019e+06 1.53902e+06 1.58892e+06
1.56867e+06 1.54724e+06 1.57919e+06
1.57413e+06 1.56737e+06 1.55971e+06
1.59723e+06 1.53542e+06 1.58835e+06
1.60903e+06 1.52483e+06 1.58811e+06
1.53026e+06 1.57199e+06 1.614e+06
1.63896e+06 1.53604e+06 1.55343e+06
1.64137e+06 1.48741e+06 1.6059e+06
1.58751e+06 1.52e+06 1.5949e+06
1.53919e+06 1.56929e+06 1.62544e+06
1.59568e+06 1.62446e+06 1.52808e+06
1.63621e+06 1.50037e+06 1.56201e+06
1.54082e+06 1.54319e+06 1.59972e+06
1.55224e+06 1.57686e+06 1.57626e+06
1.58755e+06 1.53893e+06 1.58034e+06
1.5926e+06 1.51754e+06 1.61888e+06
1.5959e+06 1.57905e+06 1.55017e+06
1.59682e+06 1.56142e+06 1.54264e+06
1.62088e+06 1.5474e+06 1.54847e+06
1.62616e+06 1.54521e+06 1.53784e+06
1.55296e+06 1.52195e+06 1.59037e+06
1.56844e+06 1.56383e+06 1.58032e+06
1.5762e+06 1.55291e+06 1.55621e+06
1.62724e+06 1.5114e+06 1.63142e+06
1.63577e+06 1.51966e+06 1.587e+06
1.54722e+06 1.51832e+06 1.65133e+06
1.56901e+06 1.56301e+06 1.5669e+06
1.59492e+06 1.58037e+06 1.54216e+06
1.59556e+06 1.54816e+06 1.56468e+06
1.59608e+06 1.6265e+06 1.52796e+06
1.60073e+06 1.54801e+06 1.53471e+06
1.55112e+06 1.58928e+06 1.56042e+06
1.57414e+06 1.61521e+06 1.54847e+06
1.60381e+06 1.53026e+06 1.56302e+06
1.62186e+06 1.5393e+06 1.55233e+06
1.62388e+06 1.51799e+06 1.59998e+06
1.67095e+06 1.49882e+06 1.58498e+06
1.52357e+06 1.58137e+06 1.59028e+06
1.59234e+06 1.58056e+06 1.55619e+06
1.60023e+06 1.53659e+06 1.58259e+06
1.60159e+06 1.5322e+06 1.58058e+06
1.61583e+06 1.52341e+06 1.56866e+06
