126 2.48006
128947 88603 127425
99560 112557 122091
127182 99633 106074
110069 96453 110289
119646 91687 129283
107284 106140 112919
109358 111437 103602
113688 102430 108862
102605 103178 123063
107381 103065 112711
109209 118976 107388
118788 99641 106689
121144 93291 120441
126693 86875 128335
109850 98188 118476
119848 119832 100801
124292 105870 102342
106581 111086 108186
110598 109499 105908
114299 103930 106972
115104 105348 106020
119878 99940 105779
121663 93245 120827
122857 92437 125813
100322 106807 119510
100802 104540 124274
103601 110974 113526
107285 100271 124483
108698 104410 111642
112346 94393 122992
116323 105207 104014
118355 93092 125948
124154 95657 108290
98440 109529 124185
99185 113274 121690
101414 122872 119049
101650 103400 120731
103572 126411 113550
106774 106923 112507
109862 101406 108885
110520 108586 106674
111047 104988 108793
111284 95188 130538
112722 105773 103001
114213 98304 109607
115147 110615 101032
116762 95686 109691
120060 104998 104244
121572 96065 108749
122945 93433 119541
123441 114248 100226
124497 102920 104350
126439 122202 98266
130374 103513 99753
99619 110502 120043
104633 100681 118216
105873 107251 108443
106403 101695 114089
107628 121166 104578
109206 99105 122511
110021 98329 110256
112222 95161 133098
116950 97940 108045
123258 90825 121260
128789 94758 115105
134038 93571 119201
99651 109032 126469
100070 109330 120108
102761 102516 114355
109204 99555 118786
110500 95451 128253
114535 94542 117598
115854 99986 107668
117924 106406 102213
122950 98833 106474
122998 99515 106158
128920 100688 103880
131443 115751 97908
102406 105202 114588
102677 95725 124549
106182 101980 115536
108023 99772 115470
108728 101359 109445
109426 100863 114166
110411 110950 106914
111374 104975 107034
111852 107144 106282
113763 95062 109871
115079 98771 108174
115405 93255 127717
116983 102551 105028
119609 93664 121851
119964 92395 127755
120546 96623 108348
122823 113173 100480
122965 89061 122542
128917 103396 103341
129988 110173 99233
99959 106892 126055
101429 102190 125031
102317 117391 114330
105590 126491 110559
106096 106659 113581
107926 101523 112401
107961 101110 115851
109164 96409 124153
109179 109643 108378
111469 110150 101616
112384 94881 122204
113437 100717 109934
114519 100195 106591
122007 97960 106832
127426 89370 121209
131748 90815 119823
