5157 31.2046
723719 693198 732008 753408
725498 693976 721331 775436
696970 717365 705698 754903
712033 696690 723174 722998
704138 703349 732756 766513
737131 686275 732143 721289
717827 694453 733300 760575
750830 691762 694284 744086
705629 692155 739055 741609
720454 699376 713039 761819
706350 744527 688052 730608
702271 743196 693839 747766
690443 734818 696336 749980
721146 721007 696098 761100
717048 699611 728276 717749
712566 725789 714404 710250
714359 734775 694423 734305
752094 732056 674675 757815
699829 751813 702097 747038
696762 725311 709374 740744
723398 743592 684193 737788
701448 704194 704617 736326
716479 733010 696166 729910
716643 703415 721597 735038
686685 713664 717447 738446
704643 703605 697425 710675
746088 688121 724680 758833
722470 706660 695037 720919
689486 718572 709440 735203
727997 730774 682950 742155
714368 728315 687699 744496
665121 729763 702060 754685
700665 725290 747642 715086
700411 721922 738587 728285
721457 748172 696716 721142
683869 747868 708560 741411
731202 686921 735709 773473
702366 740190 700010 746756
703056 722105 695161 743724
703772 743437 706047 729346
731038 701951 710060 728972
701958 712118 725061 724217
722753 710865 685920 726008
703594 761364 687788 760224
692359 749906 719137 729966
725537 732220 713596 703323
694095 714968 719053 731505
704624 733556 710366 724365
722926 693823 735911 735921
690828 706037 714007 732844
727875 701780 718956 713732
727725 693624 687884 729231
