96 3.45582
136070 162610 161204
138184 149705 172682
143907 145219 169468
136934 157560 146219
138281 161831 139306
138316 159551 141834
138491 160244 136972
138504 157384 148586
138538 158136 135997
138747 156885 143180
138748 156549 133663
138957 155298 140846
139225 161399 132730
139229 154711 141361
139384 155695 131952
139469 155659 136296
139610 154419 145620
139679 154072 133962
139736 155426 132683
139853 153920 140214
139983 151717 143129
140063 152333 137880
140089 155026 133224
140362 154591 133644
140475 155816 130017
140533 153554 135368
140585 154530 132823
140604 155575 132172
140630 154971 131798
140725 154172 131513
140788 153927 134234
140907 155458 130584
140944 155458 130128
141020 152549 133523
141077 153903 132244
141404 150810 137441
141703 153068 133205
141816 154293 129578
141874 152031 134929
141926 153007 132384
141945 154052 131733
141971 153448 131359
142129 152404 133795
142247 153923 131210
142248 153935 130145
142285 153935 129689
142408 164687 126094
143038 159996 126893
143221 153650 127891
143282 153415 130508
144379 158473 126454
145169 127014 142115
148261 122829 136994
148446 122782 143066
148579 123158 136001
148789 123481 134580
149040 129124 127565
149107 123810 133587
149565 125562 129257
149723 122621 132994
149757 127741 127553
150051 126456 128798
150057 122084 134948
150591 123858 129794
150890 121849 133710
151431 121837 136466
151452 120278 136650
151742 123827 132119
151944 120720 136493
151961 119736 139004
151980 120930 134236
152502 122990 132241
152586 126660 127319
152829 123002 131848
152835 119421 135378
153177 120782 135321
153264 122563 133447
153301 131929 125425
153353 122262 132823
153355 130082 125977
153362 123392 128196
153363 120073 132964
153433 120227 128088
153649 128797 127222
154103 126843 124415
154295 129022 122711
154358 124345 125862
154550 126524 124158
154589 127737 123956
154602 119130 139342
154659 125201 124146
155129 125139 124952
155133 122957 127964
155384 122641 126399
155667 131325 122347
155922 128827 123794
155931 128051 123774
156001 124194 124764
156422 136997 120975
156433 128784 123010
156716 135712 122220
156717 125991 123266
156721 119930 127958
156767 126837 121782
156847 125688 123744
157055 119393 129912
157061 125552 123027
157125 125379 123071
157167 121443 124515
157614 131606 117609
157625 127647 121764
157641 124434 123690
157838 128695 118170
157873 123984 124281
157885 125220 122950
157888 119158 128674
157996 125754 121907
158030 130874 116466
158179 123935 124195
158324 129589 117711
158459 123764 124005
158488 119737 128252
158864 126991 118707
158896 120830 127803
159163 124982 122623
159338 119861 127637
159597 124732 123237
161805 126005 121528
162099 124720 122773
162137 124213 123996
162249 124094 122452
162281 126791 119202
162450 123283 124109
162575 125506 120447
166404 123954 123595
