865 37.7735
248621 299184 203068
280421 243379 227268
225849 254838 255420
252955 220636 258884
253066 220239 256781
231341 306121 214827
275484 244080 226676
266936 244347 227286
230447 295457 221863
264460 243050 228919
232595 303853 216256
226960 248440 256985
269391 242229 228590
262688 235442 231199
229821 301790 222655
271065 244945 225514
263918 235866 230433
237928 280432 221216
258980 231062 234070
261732 243829 229509
273817 243920 226938
272330 244571 226431
255920 293103 203364
274468 241894 227886
259828 234915 231209
226294 254312 255321
258277 257471 224665
235507 245288 243623
238439 278372 219887
229843 301686 225073
268201 243973 228203
227532 264745 242953
253198 260462 219407
268826 242034 229604
271247 243179 228205
244997 228403 247564
253298 294548 203133
261223 260881 215405
275301 240711 228485
228299 300134 225660
227134 251026 253255
272955 242632 227832
242569 233026 246678
233618 300816 215523
234181 248588 245660
247397 223885 251572
260358 262593 212329
231608 259405 244269
236418 283641 223968
248450 224828 251428
260696 264584 211166
242748 267105 218218
234084 290566 215077
257412 259183 221589
249770 261359 218759
247834 294659 203518
253510 220678 256078
228588 246557 252795
253450 257685 224444
249331 288714 205132
250973 223502 246346
236859 270071 232143
251428 285073 204780
251847 287755 204477
227268 249911 252426
250022 258582 223796
254175 255109 226171
254410 271025 210338
246281 262889 217879
247629 222367 256210
235672 247260 242631
239068 291399 210907
272403 242525 228082
248318 225216 250445
228818 249225 248708
244801 262026 223217
252092 287341 203886
235912 239992 244700
257017 264323 211532
245060 261943 222719
244972 264957 218504
240485 271622 227056
236789 274314 232007
246085 292657 204029
251004 273203 209138
233958 300325 216441
253326 283055 205622
268274 241927 229854
237403 238664 241671
251536 229430 235102
244106 281788 210021
272862 243898 227941
249202 261418 223408
246640 254892 230600
242435 268413 217316
238784 280730 216192
243556 265532 216964
256498 228939 236889
257544 260620 215771
253076 241071 230846
239832 242779 239130
231873 260001 240985
236660 258224 232525
252513 275396 208273
251145 277264 207912
248786 229853 234833
234676 244934 245287
230553 247265 248429
251862 268982 210479
246527 225855 250105
257921 265988 210237
235212 246253 244109
233149 259852 236774
227816 263730 242296
241237 279504 215661
241901 275799 225900
233845 258774 235650
255573 221817 253627
234960 250439 242200
234761 283849 225731
254325 238103 229864
236008 283206 225268
243369 270413 212384
232833 256808 239892
231572 259474 241497
253507 251559 227731
247664 229569 238923
245533 274780 209999
249064 269629 211117
241750 276580 214395
244263 226869 250278
230108 300244 224654
247837 262633 217508
236408 275942 232480
249450 283388 206754
231592 251076 248152
233906 255800 245645
250098 285753 204988
252897 278767 207454
243414 276705 211415
254809 268576 209566
257322 228506 235588
244350 277444 209977
230030 247665 249951
245112 265276 216593
257671 220541 253859
246742 230296 240656
253053 243506 231467
254347 250027 227112
239891 246519 236129
249514 222741 252246
227602 252288 249065
229638 266537 239772
234414 287895 216820
247839 226486 245052
243429 265872 217843
235629 288091 215952
252723 222154 254246
232281 259133 238203
227065 251775 255063
237805 237740 250728
234738 292353 210972
271160 241698 229717
251217 278422 207793
242877 236929 236861
244473 227663 249834
244012 285623 209691
251602 233253 231648
243239 268141 212758
250104 253597 230071
232194 240263 250978
245941 285883 208153
253290 221244 254496
254364 273762 207247
234719 258013 236603
250664 234173 231843
237141 243982 241748
239426 280755 214324
253562 239763 230947
253384 286576 204325
255138 272724 207640
241518 266219 229077
234514 241497 248878
254714 285896 204117
250881 282695 205716
230079 261636 244797
232785 260088 234340
248272 233802 234738
252236 279948 207514
239530 288295 211965
239720 287163 211175
238895 244786 239540
248899 284925 206911
246862 266676 211966
245447 227382 249740
240626 253258 234982
245304 233967 236406
237727 258476 231377
238240 242985 239963
242201 239076 238011
252967 247511 230270
256679 262332 212695
231986 290186 219789
249820 228579 240384
256396 261095 215184
257780 220907 253729
228505 246978 250877
244328 285413 208760
233343 245896 248041
246436 236068 234502
240258 284193 213898
241776 238299 238067
256115 266651 209793
251927 263919 213982
250265 280388 208414
243815 265449 216466
243195 235296 234599
243660 274646 210810
228920 267766 241475
248073 223341 251692
235418 245655 244111
246005 250433 231941
251177 280258 207056
246823 264291 213489
255853 223126 248276
242211 237380 238080
248030 236301 232335
252642 247857 228538
237252 257808 232744
250395 254617 228632
238940 236724 240554
240890 246080 237016
245409 264760 214796
251948 249462 228348
248676 236130 234226
244688 267195 215013
255133 288578 203814
239720 242958 239345
236022 289324 212144
246411 227154 249327
229491 264468 241129
247926 282736 207918
228047 251762 248966
252511 290023 203583
251482 269209 211341
258200 228217 235256
243009 277903 211565
241407 278818 214069
250926 232304 232067
235320 263666 234338
228149 247137 250488
255003 265698 210563
244548 240415 233908
238360 255568 233350
252835 231661 233681
254510 221208 254767
238056 237617 241302
236036 252456 239389
232318 256200 241417
245342 232148 238753
245731 232634 237439
242114 271910 211654
249840 234606 233144
247152 236590 232667
234834 255256 240065
249637 248047 231090
245691 233149 235786
241004 281259 212789
228999 241315 251466
236933 244503 242018
239125 234308 251379
256703 265666 211464
245271 272154 210164
256532 220285 254617
249869 284819 206428
241823 230763 250341
226968 251918 251883
248000 253954 229950
240722 282459 212931
249184 222939 252093
258066 243131 229617
239171 291764 209965
242943 267320 213383
236155 256127 236676
242097 239260 237749
233548 256027 240680
232544 240629 250652
235781 291498 212225
247285 236247 233823
240866 286673 211486
246840 230002 240224
251089 253012 228822
236325 246213 242262
243247 279782 211238
243900 263243 230355
247044 231426 237120
246854 282851 208957
241705 240820 237359
245817 264751 216073
249075 283209 207261
241065 280063 212298
234997 246357 245146
249882 278825 209293
233562 251944 246378
253951 272797 208225
234916 289877 215853
240278 282058 213231
244041 270651 211480
251464 252659 229421
233350 256677 237624
227294 246943 252182
240118 286274 212807
247472 231542 235347
241869 239722 237184
249726 284657 206500
238016 235191 250203
242356 228807 249160
254987 221140 254073
250247 223548 250953
238582 242384 240686
244476 231088 247796
249560 264122 214572
250025 278987 209221
253649 237154 230283
248946 284482 207153
229210 264419 241557
256299 221771 249020
254574 232244 232989
248358 286525 206139
231181 292037 216917
255823 248938 227377
235815 288649 213689
253782 267660 210382
252401 221561 254902
248467 286038 207482
227904 262356 242054
247983 223130 252067
249666 281964 206767
234396 257195 237102
253961 280792 206245
241142 266454 230330
233748 240600 249118
248105 281221 208619
243494 278185 211271
251776 254544 227407
236092 239491 250612
244888 267740 211855
235368 256304 235902
246569 232860 235454
249294 280868 208279
249580 231967 233553
235251 257065 236077
236991 282157 214549
245052 272313 211160
255630 253155 227011
251755 253679 227982
247502 230568 237089
248909 284988 205982
244143 227861 249681
255464 221451 253757
237187 256604 232883
245235 238963 234052
241993 266887 227710
230753 263235 236021
242362 267528 219595
255222 269541 208588
250762 288021 204094
239989 233534 249511
231051 261986 237566
249289 261731 214902
245241 282381 209564
252470 252939 227597
241580 290336 210001
250624 273430 210000
230494 263019 237363
244249 234088 238837
236500 263701 232915
235749 255459 237321
234551 244626 248564
228605 245006 251190
244882 292191 208688
239594 243214 239737
240979 235380 247951
271168 241153 228405
230926 242291 251406
240065 279573 215449
248193 249737 230316
245657 234583 235213
244849 226114 250773
233318 237640 251168
245747 231942 240308
229794 263735 237835
229365 244074 250131
232796 251047 246618
230340 243046 250911
237063 239954 250054
240798 244134 237615
246115 249364 231680
235862 240145 250028
248350 231253 235015
250119 256281 229258
231100 242114 249852
252717 260834 215550
242489 267188 218716
239309 289225 210826
247084 230575 236466
238562 237126 240763
248569 279536 209910
242676 283084 210721
237380 252088 237737
232102 240703 251525
228185 262405 241626
238470 242563 240901
250330 284232 205873
248228 286616 206628
251696 275727 207755
245653 288868 205808
235101 289538 212951
227854 248102 250974
234220 287291 228321
251315 222382 251813
233048 246861 248527
255705 220363 254956
240107 245361 238352
240555 233514 251259
247613 265097 212770
251678 249307 229212
240602 234770 249374
240314 254103 232841
242377 270526 214460
256190 221405 249150
254047 247580 230019
233911 288469 216561
242942 228052 249655
252656 275558 208201
250581 246733 231176
257357 236463 231342
232981 242642 249315
237586 243456 241649
251170 257608 227524
246166 231715 237452
245166 266882 212584
231332 262035 237138
242588 227289 253798
239112 244668 239589
242684 267403 213881
235053 235680 250889
242121 243377 234363
248184 222409 253404
234892 255659 239028
254948 220484 254560
248019 261577 223330
246050 225923 250799
254014 271865 209405
237647 243491 241209
243037 279138 211436
255737 263740 213025
249731 222581 251756
254611 222205 253686
254154 254244 226746
235097 288884 212972
241487 277964 211589
246726 264178 215288
234775 290239 212495
251738 254154 228748
247200 264132 213748
239625 267641 229828
229070 245039 250617
248982 236156 233960
243874 273728 211303
247263 263200 214928
234109 246793 247801
245982 284553 208992
237862 243387 240172
247113 226532 249659
248246 286471 207624
237296 239462 249078
242289 265805 227623
241445 245524 235513
254401 220842 254897
255306 221816 254051
238338 235784 249547
244939 226325 250398
247415 291977 203821
236971 284292 215216
255341 267689 209400
230394 260993 240739
241342 241526 237823
248138 231761 234807
239208 289650 211488
240955 235893 238414
252292 221195 255032
239961 278311 219863
240123 246235 238253
233823 287958 217431
249565 233442 233561
248021 254819 229375
255256 249020 227886
250488 222460 252152
236703 244925 241080
