1611 2.20849
325737 293887 298156 319372
303029 306633 328237 331807
308226 298946 298745 317900
329847 315649 293515 282557
324385 293003 300755 310152
313813 313591 287637 315933
301760 344383 301533 293710
319428 297436 300663 313776
335377 300964 299313 294752
345341 302120 289225 298547
347588 308152 281776 293037
311869 311777 306895 293984
302522 315444 299899 280233
326479 310363 283960 299565
304894 332712 297430 302258
309821 323035 282761 311450
322983 334007 279739 305424
356742 299784 282641 312199
335231 307630 285918 287718
350025 308962 276995 326567
342889 297841 295201 294697
310525 309321 298119 317118
333284 299274 280192 315369
324265 315647 278184 305379
318985 336402 285197 298160
340241 298519 292227 298739
315150 324466 292668 290645
364930 287328 301555 310092
319959 301958 290282 294261
323494 296163 286357 301502
311751 306145 287272 319029
332688 293780 292261 323877
325353 280669 292614 320135
319769 303799 279862 302225
301519 335050 317675 313551
303263 295485 303668 311550
332919 294336 300662 300709
330388 294151 291161 309836
314556 305258 284133 301367
326498 303193 288252 297118
314633 302573 298001 309967
311286 320548 282976 298508
341421 294260 297847 297750
332234 286489 309533 304879
334077 303494 291892 291848
312263 308559 292255 302521
329576 307754 277016 318652
331715 293049 293596 306952
302577 317355 286843 305617
334475 296373 281861 330220
357346 291596 269077 289669
325121 308647 288867 287981
335638 306526 283296 297609
327667 293625 298157 303111
335827 328247 274953 291915
333355 302486 283746 303981
310230 291136 301097 299619
330315 301348 290666 300861
317515 290756 305944 286984
313226 315971 290865 312801
331546 318108 274244 296238
