859 34.8452
208105 245866 200633 200807
261183 194786 232605 194904
228149 179520 230208 217337
209814 217827 196876 237883
194561 214973 211580 218861
245656 232408 187119 219610
227818 215171 199907 186339
217312 188461 245228 216972
199562 212847 202829 236530
256977 199284 200855 205966
231333 183205 227788 224662
225340 242751 191485 209822
207413 211196 206331 233901
243401 213785 208340 186918
218673 245470 193669 204026
248769 184266 215820 227469
230271 201949 241326 192456
229732 192806 243468 200808
249232 199617 206057 201336
207388 203063 208755 232523
215432 184071 236752 218962
237217 237262 192207 192765
224713 192605 239507 204633
246581 199149 230867 188565
248027 199191 200411 210790
227958 211329 219891 188523
223616 233824 187680 213062
242979 192353 235691 198120
251303 202073 201281 204206
223238 190577 241134 207671
195639 239831 201031 218341
254521 200549 200974 209288
230102 238430 192371 208271
222406 195219 244861 200962
229350 231434 188016 229202
255674 211618 201578 200021
220535 191348 243663 203770
227274 211214 192825 233711
252551 192933 208051 205741
218602 218352 224746 189721
210241 236115 192697 225500
225062 218985 203195 188752
256266 199475 207975 204543
213721 197047 231806 209195
253553 204138 197333 204869
207909 233004 198245 210891
221244 231810 220500 193131
236126 237551 191119 207479
197599 222944 209576 225351
216144 195826 212411 228089
251523 198247 201504 205772
242240 211970 188506 222679
227364 185977 230925 222730
233188 185198 227425 213248
208120 242007 198735 201912
239868 186377 210654 216169
234686 187376 228786 208035
224121 217525 189892 221587
244101 188238 219614 204694
196858 230473 206308 214020
236981 204617 223793 190694
212275 190142 239068 207970
223648 239126 201012 199631
211614 240410 205447 202567
223166 187751 220024 217578
220884 241220 199843 193877
238001 222762 199538 192049
241368 188202 231876 204949
244634 185342 219279 221910
221618 217625 234289 192838
218486 224697 192686 229374
199629 214560 212974 228925
204056 209766 207195 226844
211177 230231 190658 219303
223809 187979 227249 216369
227461 212535 233921 192639
201783 200700 225131 211485
213467 192716 237703 212323
219138 207246 196071 226043
221946 241555 204361 193443
233738 221081 189630 213001
213028 225438 196492 206753
206029 211267 199260 231802
206842 218613 200024 230755
232684 210536 213061 191080
234983 234665 193501 203619
211979 190201 235160 215791
225585 205162 194938 228550
196112 215050 211090 222464
220724 205652 237113 195091
203375 210373 211549 229833
198724 218137 204561 223463
225762 214724 225924 191396
198188 208256 224869 207749
207327 202882 228013 208662
204960 239999 214194 204616
211918 202523 206200 224787
204357 193932 211886 230517
241890 200129 211927 191801
243629 196220 197200 212808
230650 211329 193982 228371
232949 215778 194251 220374
204302 220672 197835 222865
239995 199327 238213 192040
219950 190988 218544 209983
220917 227950 188914 211731
215347 230463 189321 213754
205895 196747 238376 215246
205414 212154 214827 218104
209417 221867 217017 198650
216914 229337 201769 199572
213391 188681 233479 220522
223314 197276 205729 221045
248616 200477 207020 200422
200626 228622 200773 211688
200023 215055 211930 216878
210376 201807 215950 217418
229087 187412 217845 212929
238676 204205 225777 190005
231464 213662 210227 191942
234523 190683 219962 212181
195709 235971 217068 210356
210314 205601 205041 231887
242055 201366 202461 206248
207902 219040 198902 208490
219075 210003 196370 226598
227467 205204 233362 190057
216447 188896 222947 217297
236455 195009 213646 193396
234660 207569 227653 191568
216609 220930 207630 197696
241003 230469 192391 200734
215631 197768 207995 223830
212663 231103 196330 203077
245313 203423 204475 197104
197984 224903 202458 213325
202391 219851 204507 218971
203079 214425 223230 216148
210485 202776 224425 209072
234065 191572 204851 208108
213460 221305 194125 218750
226984 188482 226817 212066
208763 225961 193757 218909
204159 196058 216194 219425
228381 196495 220980 207106
213486 227007 198131 202427
216302 204355 222535 203408
235203 227543 191474 208800
223663 220402 206893 194213
207117 232260 209745 202038
229725 214974 210026 190455
206288 217224 202362 230427
200943 214973 214510 213623
222674 201934 217668 198195
217203 223853 207476 204019
202738 226679 197780 220805
211983 195504 221198 221667
215452 230216 191646 231098
208787 223519 223573 200267
245950 217416 196410 194562
216221 216869 212318 196855
224280 197352 216099 206473
203907 216874 224563 211902
239377 190162 237444 207020
207436 207082 226430 208727
197344 229396 204222 212864
213169 194689 215364 214101
224587 223130 212144 193546
226002 206383 232319 194648
213329 193632 213647 231373
224103 189626 226081 214469
217344 216304 206841 202942
245905 189854 201896 210025
223022 223321 206981 193012
232310 230854 192179 204161
242461 191231 225389 204391
223856 186319 221721 214549
240471 189378 216521 209570
253007 189679 206686 220791
214199 193661 226384 203175
204674 222807 195126 226643
214976 229054 192838 216899
199337 213662 217274 219854
221040 210690 229897 193312
239650 194439 231910 197145
200890 215335 213780 215796
205978 213803 205249 229967
243117 204792 190882 204230
203408 229812 202294 210962
243023 212582 194607 215562
198395 207791 215400 221494
235603 189187 214049 216833
208631 235536 197867 211159
225780 220059 198019 205587
224401 215924 206206 204076
239855 208606 195041 224587
221096 205765 213335 196222
239113 193329 204035 225709
221762 188867 220606 222262
215767 218014 193603 216714
219281 215499 202224 214422
213745 193268 221538 213735
223602 222334 193812 213433
199845 223451 203860 217606
240142 204679 199314 213471
211948 219378 194778 214799
229589 212419 213263 189795
221543 203867 231922 200313
221529 216559 201170 195614
231948 190422 229126 203282
209190 199917 211080 222582
220366 211492 209652 202193
225029 213134 223924 194515
217613 212117 220632 200129
211455 215280 203492 213803
205785 224065 199730 205624
230520 191224 218753 207900
209060 234318 194360 214735
226170 192159 207736 221964
214958 230746 191898 208939
226530 226533 200937 199139
226289 190243 217938 215074
208335 219923 222386 201639
220294 227884 203771 196504
217514 222537 198243 207223
238632 206491 201143 205298
209118 217422 202047 225877
209814 211660 228270 202834
211040 202451 207925 215200
210793 210501 224089 201592
206298 234333 195179 223094
217878 206700 225588 195000
233184 221941 197679 195359
225953 197492 218900 206197
203289 214391 211224 219026
224480 232293 200753 196576
218570 228625 191848 222115
200693 235383 221911 202476
206214 221767 195719 213947
224826 204485 211185 203510
209959 213850 198580 220631
240640 204586 225430 191793
225366 229424 193186 208551
207804 208892 214255 210551
227665 217081 223720 193759
220088 216582 191178 218497
212649 197856 234792 203942
219685 207915 225304 195520
218195 219350 202581 202017
228451 190643 229478 209330
201278 216593 204809 221503
225239 208848 207541 198872
221624 203172 200182 211890
230920 190511 205006 219316
215709 200854 209770 212605
200779 208698 218115 216293
208097 206954 203623 231160
231505 185815 222197 208934
235356 196266 209162 206103
217803 209601 228825 199244
222340 193136 215054 217945
210189 230596 195850 208820
232342 195455 229649 200017
212260 196028 215791 217836
232862 185704 216572 214632
219161 226192 198857 201936
217677 191971 218356 219997
221433 205129 221788 201839
222252 228718 196534 201180
229350 195396 197346 214979
208784 191446 228869 218570
223457 221738 194473 215422
212478 210443 232596 200939
201558 226687 204235 212274
210099 222429 211626 193826
242766 202074 206530 203751
226110 206521 197573 224087
198868 224562 206609 211741
213078 216624 195550 214452
208647 212882 199384 230839
208793 204871 226923 207678
229837 211573 208745 195832
212303 235180 201087 203259
238252 194645 205982 206118
219516 224412 194727 213366
206534 213095 204644 224214
206757 204287 233049 206727
225483 213944 192990 231121
212328 229823 210532 197738
239323 216921 197764 205492
224042 219686 190985 212764
236011 205991 203873 194328
210611 198911 212698 211426
231908 194080 217761 201998
214531 234703 202330 198450
208271 214236 211827 209768
245149 193405 217190 204897
210612 211772 227122 202042
207698 229833 214679 199023
222457 214750 196804 213174
244964 190006 210345 206992
205607 199289 209985 229055
214120 230008 208570 194498
204848 217350 205551 220042
225089 205631 234636 197064
224185 209718 209474 197302
239479 208361 207113 188639
208614 229563 227712 201081
231276 207384 195372 214677
218397 209259 209901 203823
212755 202358 230542 202899
232199 190582 228581 207366
213528 212256 210402 208352
235363 208032 202688 199851
195817 229680 206271 215221
212755 193232 217914 217144
227213 199277 210893 199326
218017 189263 232248 213793
215077 211261 203331 204329
226689 196886 212312 206541
210833 227248 211158 202453
212436 207615 203731 215966
221549 226448 197099 201389
214421 207032 212556 206728
231640 207776 199503 210163
226614 200292 205099 220475
226931 211933 202221 205350
227589 204319 215227 196153
214650 218849 209925 199487
227843 196729 234857 202803
197942 221687 205189 214689
229910 191145 207325 221176
226752 201073 201515 211250
231693 206162 200592 209283
238969 188904 217049 211050
223958 205072 216464 200317
196042 224344 205332 218872
230324 203645 208224 207427
244532 196767 202531 209524
210708 200796 209577 221297
208712 227677 193628 225377
221918 192042 227174 209938
212998 219706 209820 203342
215848 215524 208724 200635
228708 196602 210311 194236
231475 204611 229056 192269
220336 209240 233099 193623
227847 197983 205320 215294
223931 228282 198396 198892
213324 198636 213588 211044
207616 207990 215606 204832
233151 195647 214805 205512
214031 214970 214958 193926
218041 193579 206847 207524
220670 212445 209355 199329
207605 209887 207014 219684
228526 229944 196707 199977
226561 212998 205379 198094
235823 206001 206516 203389
215305 208625 228651 199285
232072 213032 199637 192183
205524 230233 198672 211130
209019 227916 197075 210574
217223 226770 195998 201299
214729 212973 230652 200478
242060 198574 212734 193875
226887 208071 202379 205797
214513 210233 203323 209379
230441 195638 219710 205787
204709 206269 216844 219100
211289 219875 219051 203119
228825 194331 206047 209746
205820 209623 211556 224337
227372 218067 225079 192698
233458 206244 203843 203805
244387 202650 207056 203177
228867 205905 209477 203196
226807 201987 208881 204723
210577 222021 208595 204002
202584 217299 215893 210053
206763 228759 198251 206826
199142 217467 205346 204824
219430 218453 209422 193670
213957 228502 208428 199947
225122 203646 197635 221415
218723 209836 206384 212716
227124 196016 212240 207132
223269 209111 202580 210636
225976 204123 211791 201164
238394 197322 204407 206673
231031 206439 204757 206969
218834 207282 204175 208884
204722 208496 216882 211438
241220 190645 208700 216256
209822 200614 223877 212004
228036 209240 213147 191771
236295 215158 198335 203789
228419 212032 192303 221835
219780 204788 210114 206952
211310 212784 199647 223214
209252 199831 233395 208904
222540 198309 216592 199874
221238 212688 197541 217067
231805 210124 209234 193164
207719 214326 203018 215473
252933 205548 204189 203283
225427 190251 215121 213586
222546 202384 196644 225738
233880 207276 194312 229303
210882 205299 223131 201310
210449 211078 230758 199518
211716 210377 206782 210101
211352 207412 217410 209541
226548 201031 222402 197678
231766 191971 230333 198368
216115 208336 223960 199507
225904 202036 214034 207355
212130 205416 218190 204002
215596 197657 221078 208072
235150 202722 197339 218246
213844 195140 229989 208553
230585 191917 222019 204206
218993 189085 215795 220024
221758 197673 221145 199760
233190 192181 207280 210800
226627 206959 205606 202719
221355 228458 198218 200459
226585 198839 224640 197038
213825 228111 195220 205593
245060 199379 208642 205997
240518 193054 203960 215335
244738 200951 204001 209302
220170 221448 204308 199643
195675 234436 204606 217368
233652 195211 216468 200252
210258 215673 212795 204368
204001 223194 201414 208902
232579 205588 208172 198464
225903 212073 206495 197457
234685 191689 217720 201265
212082 210543 201757 219222
220953 213881 200251 212106
217889 223300 193017 229924
223037 199655 198478 221436
199248 230119 199487 217322
225412 207203 205860 200618
222439 215698 202953 210407
209625 211338 205515 210716
229996 194718 233466 202570
227762 217309 204476 194047
204883 214468 207157 219511
233997 202183 201741 211084
224026 217319 212452 194872
227647 195047 225196 203639
219184 221630 213694 195046
223087 192222 230362 207106
217947 218765 205489 200556
215615 205708 217548 201526
220759 202104 210463 203833
217664 211179 216667 200517
229357 205530 209690 202991
203171 212386 209755 222747
209613 212936 204771 220756
232598 212695 195291 210524
227328 210769 201727 209706
212378 201222 217927 207144
209105 196507 213198 223350
206713 206574 217336 218505
212471 210982 199284 216015
208443 196496 213452 223461
232507 206587 203799 198969
211249 224557 195663 206872
224676 226735 217920 190605
238467 193385 223195 198952
238176 196591 209249 205984
205834 210879 206650 223410
227243 211466 201272 208958
206508 212261 205591 213300
232831 192741 217700 209662
227303 191076 214161 216992
211580 207868 206900 209199
219743 212130 209009 203169
216177 235219 203262 193668
232143 206849 206195 198419
225305 207219 206493 211824
231297 211734 207076 196051
228402 214310 207054 195979
215432 221502 209419 201092
235163 204921 210627 188545
224727 205721 207373 206889
216373 192615 217590 213792
225863 205378 214967 196552
221164 205962 204898 213306
213894 224049 205534 201377
225763 193063 230111 207995
218442 205302 213491 203014
226040 206900 222063 194521
214009 206814 203997 216718
219714 210062 211130 199674
221006 206899 206739 212193
