939 22.0221
621794 594645 486310
583857 565912 490701
560321 569433 493058
563342 555839 491019
538125 549628 497042
536823 533110 507569
535580 555471 494024
551467 534611 498217
518453 533087 536095
536664 544608 497091
564324 533414 493045
518714 542674 512031
558680 536056 497803
513662 538797 545324
522528 529774 544727
598299 575294 488227
526618 533208 509800
535725 546219 500190
536781 533243 503555
523268 526721 510708
562009 535893 496689
541115 517821 533372
537340 524895 530348
533127 533346 503440
538206 523081 519920
539007 551081 495220
522383 530374 519146
521798 534543 533244
522175 533657 516126
521758 534464 535257
517686 550638 538264
518269 534551 533889
524555 525654 515380
550408 518832 499364
534723 523662 531881
547521 522036 501489
543150 523232 511429
546025 524888 503983
546191 536556 493450
547117 528772 501933
593425 555961 490241
540386 522023 525512
518307 556519 530601
535259 534700 500984
536738 538832 500083
547405 522225 514171
517641 552082 531422
536672 525392 507668
519761 535819 503590
539845 525353 503183
547311 522469 516379
541279 512340 516469
551802 515728 511474
538137 530222 505036
539895 524102 519299
547996 511979 513429
595736 553075 489343
