20 1.82459
776762 800106 763514
786920 754266 794727
795612 805711 744852
790728 794965 752591
835546 764855 756156
780932 812612 760787
785276 767902 781483
786557 758227 788444
760560 787212 779488
772305 815367 766731
838693 797294 746882
840699 789574 745960
855667 765783 754248
784409 780117 759481
812642 783819 757673
838541 798526 748074
842098 778063 743202
825353 808434 741618
788914 799632 752969
790514 754458 759630
808334 783888 753495
751824 822414 792795
793548 810190 742192
831929 737332 799526
776254 759725 782265
779556 777283 764373
786390 752008 797261
794174 784153 759057
847159 763436 757093
850992 791743 719199
774615 779287 771002
792628 832804 746095
752762 810621 809276
754657 780842 789429
774426 800291 763848
784597 769966 764411
803806 781130 759421
775776 778459 772131
780955 805375 761660
796065 800732 750834
806310 753244 785175
757693 776264 808878
760270 812129 783514
761354 781155 773280
778204 773939 767261
788996 744741 800772
794654 805880 746569
820003 776611 748828
838350 830743 732279
745701 811031 830980
761591 771013 774991
768315 751719 797541
786728 801227 758937
787919 765542 772187
806511 803603 747266
812036 738711 785701
841536 779552 745973
