137 23.4116
770686 697556 663494 735986
760182 691269 710799 647294
711201 694324 754021 667954
716171 671710 708284 706543
783858 702409 663974 709402
683778 694574 695847 720102
742976 678548 750813 657737
745660 733914 695507 662415
774628 674828 697650 673525
797123 704274 649471 739914
728116 660973 708306 713767
728288 737846 670599 693767
738489 694021 729581 655748
751368 751436 664068 729099
751607 685345 722252 658635
785016 700409 655641 743233
674321 708018 700511 750377
720387 694029 679249 688733
725097 695491 673163 706369
751568 692577 715144 643552
769172 693628 706627 656407
769769 701328 664207 725692
772280 715283 663291 709819
778285 728276 653531 730699
779798 704778 703952 646013
790262 696892 659334 747840
691870 708698 689014 718486
696034 681909 717396 703097
697185 685498 728232 698480
700411 705103 704650 698779
709620 695363 700573 693041
712455 681085 711453 704198
736890 704743 704929 662647
737599 676698 731325 660801
745683 691663 720586 649009
757105 679738 743312 648891
696513 693522 719756 688433
699018 676585 687228 723338
699080 673298 730111 685839
703549 697722 708620 696260
711103 669851 739072 727825
716607 713259 684098 696726
723651 657641 731756 684637
745859 707121 696489 658998
752768 694869 675662 706428
690931 714647 747105 648382
703740 695148 725367 675933
705273 683494 722285 690878
709241 683519 698798 722434
715364 682856 715404 669777
721100 681180 704354 666147
726518 690791 674961 717294
730098 697610 677807 701408
731106 701293 688863 675896
731687 683332 702419 664050
732041 698336 705000 659831
734833 662287 718871 686680
737327 673674 720364 672074
741028 680814 716013 659835
748087 693762 702357 649131
693326 682969 746553 717269
697210 673539 699266 712771
701163 694983 710424 699867
708182 698317 719724 671241
714506 675858 698407 693582
722617 672463 716363 672093
724748 687410 676183 724960
729457 703278 670954 706445
734015 694212 688856 676887
737371 702561 681544 687707
741981 694777 687002 670907
750583 673633 730680 667260
757995 675089 686724 671578
763863 659194 733019 676012
766181 663152 744795 671058
768013 678806 720144 653184
771942 676258 728905 649362
682998 717862 676277 711484
687360 699464 696503 712723
692222 693678 746137 689364
693369 721176 692545 707627
695278 684578 683189 703225
725757 720827 673100 697084
729408 683086 680558 714134
729501 686502 718017 658004
733117 678101 743351 661022
733396 675891 679420 703508
735101 715709 661915 749763
735363 653067 735553 727113
736485 661265 717363 679661
744390 678831 680928 698047
745598 685072 668338 707596
751638 673956 715562 667241
756246 707305 736060 641843
758211 670316 706318 677624
760640 659480 707261 689296
774960 707592 657096 720608
775306 721469 653601 763815
789640 706354 651362 735965
807719 692792 656422 726469
678231 732752 708744 711272
683260 712388 701744 691271
695133 683454 747267 693287
701609 692336 712115 698327
702772 687091 731307 680726
704299 699027 674141 704093
705606 668980 711714 734274
705704 691289 702727 697471
706553 690598 705126 686137
712657 680832 718905 687325
713217 674919 715099 690511
713898 708264 683005 703993
717942 664690 714173 710173
722020 669761 709424 675589
722525 690614 715703 660184
722829 663135 710770 703032
725294 668242 726318 680076
737357 662978 712218 680906
737810 692252 703479 660090
745188 714241 673848 684763
746649 660629 704528 730285
752357 679875 721359 647687
753575 675258 710670 664699
761488 697833 672734 702672
785936 706747 662973 730588
803576 689270 664824 711248
695873 718776 687736 674264
703572 713753 701855 690700
704117 705689 686257 686138
706231 671169 730620 714977
708455 670910 726451 722861
710139 686721 685854 677050
710220 689514 736921 668841
715786 705378 685309 703066
725317 664129 698396 703520
725931 694325 715932 646649
728574 712078 683740 679093
728631 664804 722064 680331
731125 662263 683261 688933
731598 679191 720266 667836
733249 675999 721409 662651
738762 675857 698231 661841
745232 696235 730083 642750
784881 692832 664888 745130
786159 707655 660222 718612
793498 701619 663133 738738
697990 689321 666622 722584
707520 710588 671410 697639
707690 702174 707829 668240
709810 657755 735637 732711
713224 679621 744701 684569
717864 695832 681838 708868
719448 706368 699493 670978
723145 693738 694569 664123
730585 676504 665086 709954
732524 680798 722230 663863
738548 695526 675462 704858
742282 648711 714048 696767
746296 655430 736841 680252
757369 727106 663168 736183
757928 699163 662017 739924
810106 699616 653939 743116
670146 698601 711143 660803
688614 718838 704738 673836
694361 686697 707861 719385
698323 689786 666877 720394
700001 683285 699148 709444
708279 684098 709531 671280
710132 713277 706086 674671
711432 676558 680158 720256
711841 700222 706374 644995
712431 681392 697241 711933
714689 685148 706122 663782
718128 676394 681783 680627
718188 669444 721237 708567
728475 675378 704829 691921
737940 657564 728298 706432
738578 654481 737338 726091
741489 680168 675980 682879
741714 647088 717494 730033
750436 660853 729025 688824
757311 665621 720272 658370
773156 714801 658420 768706
786745 713115 653837 730375
811766 691934 658829 720860
