6445 38.7753
198039 252956 194860
183207 261088 216406
213920 248540 181224
226059 227343 197224
221686 234895 190449
201914 241535 195355
184044 258202 208317
228437 216663 222458
214130 237503 194372
222237 232149 192456
181771 248444 226862
215957 236941 192425
211073 242211 189635
221007 234789 191584
182650 246918 218466
217879 233447 191965
225652 232463 190152
187842 245546 202339
189099 233316 221079
216143 260744 179418
225090 230660 190343
220010 226030 202377
211605 250094 185943
219983 218557 221212
190606 264726 192560
189026 235586 218935
194629 250938 195799
219989 235498 187775
187257 265359 200224
196660 255392 190633
198869 252737 194018
216927 252551 178001
186300 248849 200804
187648 239729 206132
206812 221518 210877
215261 226532 199226
196309 252308 195570
201279 241931 194902
183945 249574 212393
206362 225579 208443
200045 251972 187418
203184 259091 185785
198663 239055 196471
191120 228968 227167
183693 244714 221241
205808 228153 205121
202808 227794 206074
224858 232387 192368
187304 243009 205005
198970 240489 195716
200696 244827 195414
199231 250114 192790
205139 228623 201773
188408 241750 203285
197885 239672 196498
219974 230121 196715
214629 245243 184729
183513 261515 212720
211165 256368 183303
186823 246929 202265
215670 260026 179743
229736 230600 192159
220553 229064 195026
205716 240140 194087
211171 255109 180407
198166 232271 199017
191053 231994 221289
212024 241582 191351
198145 233167 198421
213562 261027 178783
188406 238843 205134
196110 226896 223126
209593 246019 189156
184251 238562 216312
199571 249747 195496
194652 254804 192936
205367 230862 195052
216747 250884 178858
194391 247781 196468
212366 249053 182805
188822 235665 226414
200639 250338 191443
190395 246492 198615
221028 243191 183842
213357 261309 179675
223379 232945 186665
201832 230520 199252
196545 224386 221566
189664 249129 197077
191418 237506 201936
187281 246055 201670
191156 234068 210197
201691 250809 190834
204456 224048 215907
225912 217451 221457
207125 247006 190106
196464 227495 217786
198566 224246 218556
190831 239265 200991
203339 223075 216629
212711 241567 188338
195741 227159 218091
217263 234690 192553
220657 229792 193537
216738 239346 185332
193887 250129 195901
186031 269325 198491
189143 242631 202929
182477 244422 222746
217368 243935 184508
210257 261914 184390
215469 257977 179802
209842 245959 191979
223343 218965 219794
189742 247287 196863
196169 224441 229199
195792 238963 199199
194373 227654 220008
210411 223515 204070
188997 247665 199686
200854 229486 213525
194305 231856 216249
214324 241798 185456
190521 246113 198315
186032 239050 209009
213062 237757 189945
210473 257662 180860
212771 238797 189940
213916 248748 184376
213398 239179 185768
188936 243697 201911
213510 247805 185531
214056 237576 194503
214718 246873 184504
216425 238446 186864
193482 230683 219848
189529 238583 207906
200801 225895 214760
191472 245516 198400
227344 216563 228060
190476 237287 205115
203879 249369 191971
192362 241049 198911
222569 217520 223157
183230 242586 230834
217568 243632 184594
195438 225698 224890
197896 221837 223805
206672 229045 200415
195864 235082 198618
219392 243851 182882
188277 252532 199174
183797 239277 213243
212544 241244 192274
218464 241800 184195
191254 237051 204444
204021 259908 185107
223044 228112 198559
212909 222744 205989
208171 224410 206317
195979 231288 216133
196900 237572 198296
217190 235930 186091
184455 240530 205062
215176 257765 180232
190327 246556 197290
200658 241891 195595
196349 226473 221675
225606 238083 185701
203820 249676 191730
190504 236635 209176
198169 247828 195695
205439 229064 198209
192249 238609 200519
193177 243593 198829
185586 239115 210599
203703 220850 225103
197632 226712 220176
189215 248031 198142
191091 236906 206776
191360 230933 216930
191505 236005 203147
197257 227024 219399
200315 228809 214637
186542 237489 213946
210622 243601 186118
229163 228722 197065
226152 241306 184877
204319 229296 203860
198875 230617 195924
190924 235758 210529
216634 238267 188013
187271 252588 197845
194984 227663 219215
199744 252759 192001
221513 220011 219461
194922 246734 196186
207835 248276 188248
192314 255073 196452
189867 238318 203613
196024 224443 224066
182408 243553 228899
186918 237641 213081
198177 237547 196709
202246 225880 213016
205441 249308 192282
189697 237059 207914
192590 261523 194071
186477 240465 208427
214451 239498 185742
191997 266943 192488
222478 219938 215206
217987 249073 179896
191643 233691 200804
199689 225305 214761
193230 252649 196345
197590 232345 203119
186121 247451 203150
191303 231528 225865
196643 245869 197028
194893 228252 217605
205402 239571 194392
190395 231581 224058
192968 251712 196606
187581 241891 204182
197124 237488 197888
196664 244004 196735
207064 226314 204920
193265 230185 222758
216678 238791 186753
200569 248275 194402
193545 248688 196009
188159 244721 200240
186691 244530 204060
184998 237793 215264
189996 239639 199087
186334 244226 204616
194960 232600 214354
201639 225157 214399
201459 228355 204953
191970 244456 197104
195015 239266 199222
202678 224447 214563
180019 249135 221877
216553 242684 185314
197566 232090 209229
189034 228201 229465
211718 252057 183482
189274 238761 209196
210311 224654 202616
196577 239676 197214
187345 235789 223748
191124 238979 201600
199048 256464 190530
183565 245070 212468
197600 229921 216408
194644 241030 197247
189427 239176 203663
205752 222620 217170
218754 237656 185849
180410 245044 230262
198684 220951 217371
185900 248078 201797
186696 247177 201779
219854 241417 185195
197541 230092 215240
193858 227415 224971
203136 220949 218654
219665 262332 177836
185578 239971 210349
184409 247506 205041
203146 224137 214172
219017 232091 194386
217323 241419 184751
192658 229725 223378
186756 238119 212625
209516 256891 184796
197798 234787 200306
208673 227153 200762
224471 232557 191667
213055 252185 180965
204316 218624 220526
183490 242317 226198
192344 252650 196271
185786 236353 214193
187428 235789 209445
193526 228354 222997
202882 246366 193561
198026 226846 216787
190122 232300 216234
195764 232951 207469
188621 231895 228211
196620 230397 216671
197337 253829 195400
192662 232956 214836
190434 238527 203083
193371 235360 199844
198317 253445 191584
196919 243576 197051
189299 243155 199279
198016 243843 196326
193781 228408 221749
223895 218952 218090
211307 242771 187632
202275 247536 193763
213056 240644 189904
193169 245923 196591
193593 261311 194394
191545 239456 199748
205429 251514 189582
200830 249077 193639
214954 244024 180636
198329 239453 196122
