1339 29.9105
791999 750232 765983
765720 750722 789080
826534 737581 791228
789934 783036 745222
798231 759053 762105
803626 743144 795733
811295 756349 761036
748055 791867 785777
822500 762605 746271
795509 760911 762350
780025 771576 759273
772651 796785 735256
760980 760464 786853
763790 764131 763140
759222 770830 759860
746777 783516 801601
787353 782911 748915
789672 759504 763815
807003 781974 741559
784672 784148 724485
746468 820743 776137
774517 784209 750766
802630 773488 747036
798632 758531 759895
767808 750343 806933
729079 818835 780473
770652 748097 836037
806411 738375 799028
765888 760052 775839
734625 787487 786199
740643 804370 780213
808577 749859 764402
753928 766507 777402
807660 740250 780415
828112 738222 785792
762838 752012 783553
749705 765124 790447
802633 744764 784702
805729 729690 806692
811223 807072 721079
750741 787619 778497
811358 724876 817878
795796 775320 752060
756500 821230 752759
804113 771830 749427
779417 763859 770975
767740 772816 754291
756634 774825 763071
755724 773790 775970
744780 823521 762719
839159 774882 740867
846840 727138 801354
814657 784125 741039
751004 781927 786777
747997 820735 775734
778585 806279 729453
796031 761250 759261
753521 790055 774644
761184 789089 754314
796344 736394 818355
758224 764183 804574
747030 806052 777607
787609 740483 799262
798597 779601 741665
779963 745209 799864
801471 775596 751530
789648 777379 747612
784835 761637 752080
767833 758805 777070
776255 745254 774831
751659 783234 783550
787039 776609 750330
789041 749473 767557
781395 744318 800444
759435 791354 741736
823369 775242 736779
784560 739291 802409
753034 794742 767911
804262 763671 747480
762388 790875 750261
763259 786592 749940
789976 780009 742577
796086 778229 744504
815666 755669 755278
774956 781221 751408
798240 739348 801970
749064 813469 761672
752773 801645 769743
775522 747143 795384
780233 770119 761606
809396 759413 753620
831797 750855 756611
784053 759453 771145
806809 740898 770080
754628 785191 761768
745224 778596 822288
