1 0.027913
302374 327320 310508
312142 331210 309911
315630 325773 316311
319526 321349 310782
321223 342855 299812
322242 314369 312580
323701 353302 296773
325529 316000 302691
327283 336705 291227
331058 315193 311765
332669 307452 297221
336061 333479 293247
338004 306163 342809
343594 327250 287480
347365 305429 315468
357484 328982 283491
380838 307150 313774
312245 307321 319088
313440 343125 297842
319396 323961 316834
322087 341429 307467
322157 319265 303310
328979 321425 293446
339337 302328 315963
342529 332841 292666
346560 299784 317150
