0 0.0492484
1.5632e+06 1.63412e+06 1.59421e+06
1.56627e+06 1.60781e+06 1.60219e+06
1.57232e+06 1.60034e+06 1.64839e+06
1.5822e+06 1.6278e+06 1.58188e+06
1.58316e+06 1.59768e+06 1.64625e+06
1.58394e+06 1.56582e+06 1.63263e+06
1.58497e+06 1.59774e+06 1.61838e+06
1.58764e+06 1.56898e+06 1.61068e+06
1.58977e+06 1.58739e+06 1.59601e+06
1.59698e+06 1.62216e+06 1.59264e+06
1.59812e+06 1.60574e+06 1.55054e+06
1.60719e+06 1.58342e+06 1.607e+06
1.61036e+06 1.58052e+06 1.60622e+06
1.61044e+06 1.54418e+06 1.63716e+06
1.61177e+06 1.56846e+06 1.5958e+06
1.61309e+06 1.53731e+06 1.62429e+06
1.61902e+06 1.58676e+06 1.59449e+06
1.62538e+06 1.60172e+06 1.5783e+06
1.62846e+06 1.56216e+06 1.61438e+06
1.62861e+06 1.5816e+06 1.59241e+06
1.63387e+06 1.59444e+06 1.57786e+06
1.63748e+06 1.57986e+06 1.59469e+06
1.63929e+06 1.56036e+06 1.6156e+06
1.64173e+06 1.58521e+06 1.5924e+06
1.64461e+06 1.55727e+06 1.60669e+06
1.64514e+06 1.5435e+06 1.59131e+06
1.66112e+06 1.57017e+06 1.58701e+06
