198 19.7131
3.19972e+06 3.07084e+06 3.1022e+06
3.21363e+06 3.06363e+06 3.0758e+06
3.20356e+06 3.06604e+06 3.06118e+06
3.21342e+06 3.06481e+06 3.06588e+06
3.21402e+06 3.07643e+06 3.05579e+06
3.19099e+06 3.01906e+06 3.17328e+06
3.01758e+06 3.24992e+06 3.07681e+06
3.21969e+06 3.0881e+06 3.05555e+06
3.20177e+06 3.10299e+06 3.06593e+06
3.21041e+06 3.02521e+06 3.14918e+06
3.17583e+06 3.03732e+06 3.13001e+06
3.2077e+06 3.0269e+06 3.148e+06
3.18312e+06 3.04221e+06 3.12818e+06
3.17985e+06 3.03146e+06 3.13885e+06
3.20284e+06 3.02774e+06 3.13581e+06
3.14467e+06 3.07228e+06 3.10569e+06
3.16516e+06 3.0419e+06 3.14551e+06
3.1725e+06 3.04757e+06 3.13648e+06
3.04572e+06 3.23746e+06 3.05428e+06
3.17002e+06 3.04955e+06 3.1224e+06
3.17781e+06 3.04979e+06 3.11562e+06
3.1738e+06 3.05045e+06 3.11536e+06
3.18493e+06 3.03792e+06 3.10973e+06
3.18367e+06 3.04689e+06 3.11695e+06
3.18383e+06 3.06164e+06 3.1043e+06
3.0307e+06 3.22219e+06 3.07388e+06
3.24002e+06 2.96008e+06 3.16323e+06
2.988e+06 3.25006e+06 3.08254e+06
3.02139e+06 3.09783e+06 3.25723e+06
3.23128e+06 2.96697e+06 3.14962e+06
3.01802e+06 3.08938e+06 3.2604e+06
3.02313e+06 3.23311e+06 3.06677e+06
3.21958e+06 2.971e+06 3.15146e+06
3.14813e+06 3.07333e+06 3.10167e+06
3.27033e+06 2.92616e+06 3.18557e+06
3.02851e+06 3.23719e+06 3.06501e+06
3.13517e+06 3.07387e+06 3.1019e+06
3.21593e+06 2.97469e+06 3.1495e+06
3.24231e+06 2.96613e+06 3.15042e+06
3.13786e+06 3.06236e+06 3.1166e+06
3.2388e+06 2.96038e+06 3.15392e+06
3.13303e+06 3.066e+06 3.1061e+06
3.21671e+06 2.96419e+06 3.16226e+06
3.24472e+06 2.94712e+06 3.16649e+06
3.07091e+06 3.02657e+06 3.19804e+06
3.15398e+06 3.053e+06 3.11051e+06
3.22217e+06 2.95143e+06 3.17805e+06
3.23756e+06 2.979e+06 3.14341e+06
3.02604e+06 3.24695e+06 3.03314e+06
3.06636e+06 3.03877e+06 3.20065e+06
3.08822e+06 3.01745e+06 3.18942e+06
3.16178e+06 3.05125e+06 3.10585e+06
3.22534e+06 2.95798e+06 3.16366e+06
3.06962e+06 3.03863e+06 3.22548e+06
3.22653e+06 2.95448e+06 3.1769e+06
3.01801e+06 3.23864e+06 3.03944e+06
3.06404e+06 3.04458e+06 3.2144e+06
3.27848e+06 2.91679e+06 3.19074e+06
3.07129e+06 3.03002e+06 3.19591e+06
3.12987e+06 3.07942e+06 3.12111e+06
3.03628e+06 3.13241e+06 3.18033e+06
3.20674e+06 2.97993e+06 3.15395e+06
3.2353e+06 2.94831e+06 3.17465e+06
3.1483e+06 3.05518e+06 3.11563e+06
3.06604e+06 3.04248e+06 3.19939e+06
3.2821e+06 2.97019e+06 3.08795e+06
3.1672e+06 3.05722e+06 3.10469e+06
3.21568e+06 2.95748e+06 3.16805e+06
3.22344e+06 2.98152e+06 3.14838e+06
3.25626e+06 2.92378e+06 3.19007e+06
3.04472e+06 3.03874e+06 3.27474e+06
3.19663e+06 2.96735e+06 3.16291e+06
3.03547e+06 3.05217e+06 3.26989e+06
3.04236e+06 3.03704e+06 3.27883e+06
3.2195e+06 2.9405e+06 3.17943e+06
3.21214e+06 2.95888e+06 3.18042e+06
3.2742e+06 2.9721e+06 3.09086e+06
3.06727e+06 3.05093e+06 3.18144e+06
3.08239e+06 3.04403e+06 3.17243e+06
3.05963e+06 3.05602e+06 3.17515e+06
3.22882e+06 2.95534e+06 3.16342e+06
3.27693e+06 2.96699e+06 3.09349e+06
3.2239e+06 2.95846e+06 3.16359e+06
3.04198e+06 3.04159e+06 3.2716e+06
3.0595e+06 3.06485e+06 3.15619e+06
3.06357e+06 3.06181e+06 3.17158e+06
3.16442e+06 3.21709e+06 2.94985e+06
2.97908e+06 3.25466e+06 3.06776e+06
3.26698e+06 2.98002e+06 3.07113e+06
3.2811e+06 2.97226e+06 3.08071e+06
3.25068e+06 2.9829e+06 3.08231e+06
3.26955e+06 2.9191e+06 3.19003e+06
3.2465e+06 2.9851e+06 3.09654e+06
3.07183e+06 3.04611e+06 3.18564e+06
3.24909e+06 2.97524e+06 3.08735e+06
3.06056e+06 3.06412e+06 3.16859e+06
3.09044e+06 3.16477e+06 3.04766e+06
3.27022e+06 2.92835e+06 3.18181e+06
2.8855e+06 3.23266e+06 3.14033e+06
3.26746e+06 2.92228e+06 3.1917e+06
3.14536e+06 3.09275e+06 3.09344e+06
3.28431e+06 2.9825e+06 3.0664e+06
3.22369e+06 2.95729e+06 3.17776e+06
2.88206e+06 3.23229e+06 3.14424e+06
3.06364e+06 3.05181e+06 3.18878e+06
3.28362e+06 2.9957e+06 3.05799e+06
3.00254e+06 3.24978e+06 3.08041e+06
3.1285e+06 3.09235e+06 3.09621e+06
3.27947e+06 3.00641e+06 3.06541e+06
2.8736e+06 3.21601e+06 3.15516e+06
3.12237e+06 3.09551e+06 3.09715e+06
3.18698e+06 3.17778e+06 2.96564e+06
2.87375e+06 3.21033e+06 3.14628e+06
2.90294e+06 3.24745e+06 3.11538e+06
3.18229e+06 3.18191e+06 2.95641e+06
3.18516e+06 3.20329e+06 2.93723e+06
3.13484e+06 3.098e+06 3.08726e+06
3.14062e+06 3.0963e+06 3.09329e+06
3.27329e+06 3.00648e+06 3.06503e+06
2.8986e+06 3.24377e+06 3.12238e+06
2.86936e+06 3.2014e+06 3.16218e+06
2.88463e+06 3.21016e+06 3.16006e+06
3.04691e+06 3.05863e+06 3.19683e+06
3.20249e+06 3.16384e+06 2.96941e+06
3.26744e+06 2.96579e+06 3.09891e+06
2.88164e+06 3.22155e+06 3.14432e+06
3.1337e+06 3.09869e+06 3.08401e+06
3.01156e+06 3.11914e+06 3.18082e+06
3.07924e+06 3.03152e+06 3.178e+06
3.1285e+06 3.08281e+06 3.1019e+06
3.13603e+06 3.24163e+06 2.96071e+06
3.17877e+06 3.2023e+06 2.94115e+06
3.19136e+06 3.19215e+06 2.93709e+06
3.24958e+06 2.9692e+06 3.14646e+06
3.01818e+06 3.13885e+06 3.18035e+06
3.15762e+06 3.21447e+06 2.9508e+06
2.88044e+06 3.25205e+06 3.13608e+06
3.01675e+06 3.11086e+06 3.18037e+06
3.1174e+06 3.23456e+06 2.97104e+06
3.11879e+06 3.23331e+06 2.96877e+06
3.27341e+06 2.96441e+06 3.09985e+06
2.89288e+06 3.20627e+06 3.13098e+06
3.17597e+06 3.1917e+06 2.94155e+06
3.19668e+06 3.20212e+06 2.92919e+06
3.23078e+06 2.93017e+06 3.1862e+06
3.24787e+06 2.97304e+06 3.14317e+06
3.27985e+06 2.9515e+06 3.09996e+06
3.12175e+06 3.23292e+06 2.97391e+06
3.1267e+06 3.22367e+06 2.97257e+06
3.16437e+06 3.21579e+06 2.95004e+06
3.19471e+06 3.18606e+06 2.94757e+06
3.19835e+06 3.18964e+06 2.93337e+06
3.28912e+06 2.96124e+06 3.09351e+06
2.89524e+06 3.20115e+06 3.13713e+06
2.9103e+06 3.21625e+06 3.11073e+06
3.23336e+06 2.9507e+06 3.17159e+06
2.90026e+06 3.20213e+06 3.12581e+06
2.90663e+06 3.2149e+06 3.11504e+06
2.90331e+06 3.22376e+06 3.1199e+06
3.02131e+06 3.10969e+06 3.20539e+06
3.12808e+06 3.16182e+06 2.97345e+06
3.12906e+06 3.13356e+06 2.98964e+06
3.12705e+06 3.11513e+06 3.0199e+06
3.13397e+06 3.23612e+06 2.96676e+06
3.14233e+06 3.16765e+06 2.96952e+06
3.16156e+06 3.2097e+06 2.9578e+06
2.86717e+06 3.23645e+06 3.14106e+06
3.0416e+06 2.98778e+06 3.31895e+06
3.11097e+06 3.14226e+06 2.99796e+06
3.12912e+06 3.12569e+06 2.99711e+06
3.1573e+06 3.20667e+06 2.961e+06
3.23128e+06 3.24404e+06 2.90533e+06
2.88129e+06 3.24808e+06 3.13396e+06
3.00327e+06 3.11072e+06 3.2065e+06
3.04026e+06 3.06051e+06 3.25983e+06
3.08337e+06 3.03695e+06 3.16113e+06
3.10646e+06 3.01689e+06 3.21146e+06
3.13788e+06 3.10958e+06 3.01334e+06
3.23575e+06 3.24308e+06 2.9043e+06
3.0374e+06 2.98176e+06 3.32974e+06
3.08521e+06 3.0333e+06 3.17517e+06
3.11191e+06 3.12816e+06 3.00754e+06
3.14886e+06 3.1669e+06 2.97033e+06
3.24168e+06 2.93667e+06 3.16722e+06
2.94676e+06 3.26312e+06 3.06733e+06
3.0397e+06 3.00906e+06 3.30349e+06
3.04742e+06 3.05562e+06 3.19403e+06
3.07359e+06 3.034e+06 3.17404e+06
3.09194e+06 3.02586e+06 3.18098e+06
3.13196e+06 3.11073e+06 3.01064e+06
3.27439e+06 2.97323e+06 3.08975e+06
3.28912e+06 2.97338e+06 3.07206e+06
2.90534e+06 3.20802e+06 3.11852e+06
2.92093e+06 3.2126e+06 3.09397e+06
3.06482e+06 3.05094e+06 3.18469e+06
3.0905e+06 3.03081e+06 3.1832e+06
3.10455e+06 3.12113e+06 3.00768e+06
3.12308e+06 3.1594e+06 2.97422e+06
3.21547e+06 3.2149e+06 2.91823e+06
3.28202e+06 2.97553e+06 3.06695e+06
2.90658e+06 3.18748e+06 3.12357e+06
3.0995e+06 3.02458e+06 3.1779e+06
3.22436e+06 3.25343e+06 2.9026e+06
3.28732e+06 2.9313e+06 3.11274e+06
2.99993e+06 3.11122e+06 3.21261e+06
3.03096e+06 2.98591e+06 3.32798e+06
3.26942e+06 2.94634e+06 3.10828e+06
3.2842e+06 2.96548e+06 3.08428e+06
2.92017e+06 3.18507e+06 3.11079e+06
2.92262e+06 3.21058e+06 3.08498e+06
3.02668e+06 3.05322e+06 3.29396e+06
3.07097e+06 3.04352e+06 3.18606e+06
3.22237e+06 2.85676e+06 3.25797e+06
3.23555e+06 3.25279e+06 2.89763e+06
2.97297e+06 3.28406e+06 3.03688e+06
3.08816e+06 3.04288e+06 3.15451e+06
3.10963e+06 3.11834e+06 3.00902e+06
3.25489e+06 2.92995e+06 3.13076e+06
3.03516e+06 3.06289e+06 3.18894e+06
3.0974e+06 3.02169e+06 3.17833e+06
3.23821e+06 3.2435e+06 2.904e+06
2.9834e+06 3.2646e+06 3.00424e+06
3.00572e+06 3.10623e+06 3.20959e+06
3.17537e+06 3.17904e+06 2.96755e+06
3.21846e+06 2.8515e+06 3.26653e+06
3.24482e+06 3.24082e+06 2.90603e+06
2.98358e+06 3.2595e+06 3.00274e+06
3.00859e+06 3.11052e+06 3.20588e+06
3.10121e+06 3.02651e+06 3.15913e+06
3.10242e+06 3.07474e+06 3.13147e+06
2.97528e+06 3.26017e+06 3.00639e+06
2.99363e+06 3.25356e+06 3.02481e+06
3.03198e+06 2.9858e+06 3.33472e+06
3.04472e+06 3.00167e+06 3.30724e+06
2.96336e+06 3.28135e+06 3.03903e+06
3.24851e+06 3.23753e+06 2.90424e+06
2.89074e+06 3.19506e+06 3.14532e+06
3.03544e+06 3.06405e+06 3.1842e+06
3.22946e+06 2.84776e+06 3.27413e+06
3.2504e+06 2.94113e+06 3.12186e+06
3.25109e+06 2.9324e+06 3.11034e+06
3.26273e+06 2.96149e+06 3.10838e+06
3.29757e+06 2.9787e+06 3.06244e+06
3.16571e+06 3.19606e+06 2.94628e+06
2.95083e+06 3.2841e+06 3.05697e+06
3.22515e+06 3.27508e+06 2.89889e+06
2.95174e+06 3.28502e+06 3.05618e+06
3.15511e+06 3.19252e+06 2.962e+06
3.21262e+06 2.86038e+06 3.27033e+06
3.2506e+06 2.94094e+06 3.12347e+06
2.90391e+06 3.17745e+06 3.13094e+06
2.93165e+06 3.29705e+06 3.06254e+06
2.95398e+06 3.28787e+06 3.04283e+06
2.9877e+06 3.2719e+06 2.99782e+06
2.99624e+06 3.11912e+06 3.1988e+06
3.02579e+06 3.05347e+06 3.28133e+06
3.05718e+06 2.95461e+06 3.27405e+06
3.05756e+06 2.9483e+06 3.2709e+06
3.13724e+06 3.19981e+06 2.96528e+06
3.20772e+06 2.86494e+06 3.27805e+06
3.30396e+06 2.94554e+06 3.06628e+06
2.8857e+06 3.2131e+06 3.13746e+06
2.91412e+06 3.18733e+06 3.12323e+06
3.05281e+06 2.98409e+06 3.24112e+06
3.0564e+06 3.00696e+06 3.22878e+06
3.08687e+06 3.04362e+06 3.1581e+06
3.21585e+06 2.85876e+06 3.25476e+06
3.24161e+06 2.93866e+06 3.17644e+06
2.88984e+06 3.21636e+06 3.13384e+06
2.90592e+06 3.17737e+06 3.12812e+06
3.0637e+06 2.95012e+06 3.26748e+06
3.07113e+06 3.05189e+06 3.17468e+06
3.16166e+06 3.20841e+06 2.9531e+06
3.16719e+06 2.91836e+06 3.21546e+06
3.18077e+06 3.20545e+06 2.92636e+06
3.18431e+06 2.90262e+06 3.21659e+06
3.20004e+06 2.86703e+06 3.25617e+06
3.21079e+06 2.86036e+06 3.27435e+06
3.25579e+06 2.99564e+06 3.0725e+06
2.98512e+06 3.25631e+06 3.00842e+06
3.02592e+06 3.07287e+06 3.19023e+06
3.04526e+06 2.96124e+06 3.24625e+06
3.099e+06 3.07569e+06 3.12435e+06
3.16709e+06 3.19141e+06 2.94321e+06
2.91314e+06 3.19502e+06 3.0955e+06
2.98295e+06 3.27073e+06 3.00241e+06
3.05011e+06 3.07468e+06 3.18218e+06
3.08272e+06 3.04054e+06 3.16124e+06
3.10077e+06 3.07072e+06 3.14356e+06
3.1778e+06 2.89611e+06 3.21862e+06
3.21559e+06 2.86121e+06 3.26474e+06
3.22088e+06 3.28288e+06 2.89759e+06
3.29176e+06 2.95784e+06 3.06244e+06
2.99095e+06 3.12971e+06 3.20627e+06
3.01308e+06 3.00692e+06 3.33339e+06
3.02202e+06 3.08095e+06 3.20052e+06
3.06012e+06 2.95846e+06 3.2584e+06
3.07728e+06 3.05527e+06 3.17234e+06
3.12192e+06 3.14182e+06 2.98146e+06
3.16192e+06 3.18388e+06 2.95286e+06
3.16759e+06 2.91507e+06 3.22529e+06
3.18174e+06 2.89467e+06 3.26532e+06
3.2045e+06 2.86648e+06 3.23889e+06
3.02197e+06 3.00152e+06 3.34289e+06
3.03543e+06 3.06276e+06 3.19089e+06
3.05848e+06 2.97424e+06 3.23774e+06
3.12878e+06 3.13713e+06 2.98313e+06
3.1644e+06 2.92856e+06 3.22094e+06
3.20046e+06 2.87199e+06 3.25484e+06
2.85313e+06 3.2633e+06 3.15993e+06
2.89177e+06 3.21049e+06 3.13581e+06
2.95621e+06 3.27694e+06 3.03932e+06
3.01514e+06 3.10486e+06 3.2076e+06
3.04002e+06 3.03668e+06 3.29047e+06
3.13046e+06 3.12568e+06 2.98755e+06
3.18016e+06 2.90569e+06 3.20485e+06
2.85326e+06 3.25325e+06 3.1674e+06
3.09891e+06 3.16317e+06 2.98611e+06
3.1206e+06 3.0606e+06 3.14853e+06
3.21285e+06 3.27869e+06 2.90776e+06
3.24405e+06 3.02143e+06 3.09585e+06
3.3114e+06 2.96795e+06 3.03604e+06
2.91411e+06 3.17511e+06 3.1251e+06
3.01306e+06 3.11694e+06 3.20253e+06
3.01328e+06 3.00483e+06 3.32473e+06
3.04697e+06 3.08439e+06 3.18292e+06
3.08624e+06 3.10684e+06 3.12106e+06
3.09232e+06 3.08429e+06 3.10528e+06
3.10719e+06 3.13077e+06 2.99958e+06
3.1224e+06 3.07186e+06 3.14186e+06
3.1425e+06 3.12522e+06 2.97383e+06
3.14681e+06 3.19846e+06 2.96718e+06
3.15734e+06 2.92923e+06 3.24192e+06
3.17135e+06 2.91192e+06 3.21028e+06
3.26494e+06 2.9781e+06 3.07269e+06
2.86051e+06 3.23806e+06 3.14843e+06
2.88583e+06 3.23189e+06 3.13496e+06
2.99588e+06 3.11524e+06 3.20463e+06
3.19568e+06 2.87541e+06 3.24807e+06
3.22078e+06 3.27764e+06 2.90835e+06
3.25655e+06 2.98268e+06 3.07672e+06
3.27182e+06 2.92819e+06 3.16988e+06
3.2895e+06 2.9216e+06 3.1632e+06
2.84862e+06 3.25356e+06 3.1736e+06
2.93626e+06 3.20276e+06 3.08611e+06
2.95767e+06 3.27242e+06 3.05396e+06
2.96717e+06 3.02478e+06 3.31353e+06
3.05093e+06 3.07589e+06 3.17512e+06
3.12574e+06 3.13078e+06 2.99366e+06
3.12944e+06 3.12743e+06 2.9728e+06
3.16733e+06 3.17971e+06 2.96409e+06
3.2276e+06 3.25832e+06 2.88995e+06
3.23297e+06 3.25945e+06 2.88915e+06
2.87061e+06 3.22972e+06 3.1446e+06
2.92768e+06 3.3021e+06 3.04074e+06
3.01467e+06 3.1109e+06 3.19658e+06
3.01909e+06 3.00235e+06 3.33301e+06
3.04887e+06 3.05305e+06 3.18846e+06
3.06017e+06 2.95361e+06 3.26092e+06
3.11399e+06 3.12976e+06 2.99451e+06
3.1357e+06 3.12704e+06 2.97952e+06
3.17416e+06 2.90314e+06 3.21944e+06
3.24043e+06 3.24805e+06 2.89453e+06
3.24788e+06 2.9858e+06 3.08768e+06
3.261e+06 2.98373e+06 3.06682e+06
3.29283e+06 2.95079e+06 3.08492e+06
2.91749e+06 3.15691e+06 3.11645e+06
3.02329e+06 3.01045e+06 3.31893e+06
3.02802e+06 2.98963e+06 3.32062e+06
3.07113e+06 2.95808e+06 3.25364e+06
3.07623e+06 2.98516e+06 3.22608e+06
3.10118e+06 3.14467e+06 2.9797e+06
2.89816e+06 3.21932e+06 3.13015e+06
2.95704e+06 3.02664e+06 3.31421e+06
2.98079e+06 3.01505e+06 3.29719e+06
3.01231e+06 3.09959e+06 3.21378e+06
3.0239e+06 3.00134e+06 3.3392e+06
3.02698e+06 2.99054e+06 3.32976e+06
3.08969e+06 2.99807e+06 3.22585e+06
3.14617e+06 3.18068e+06 2.96756e+06
3.16772e+06 2.93169e+06 3.20346e+06
3.23466e+06 2.84934e+06 3.2684e+06
3.29316e+06 2.9164e+06 3.14171e+06
2.87649e+06 3.2349e+06 3.14039e+06
2.96101e+06 3.04235e+06 3.31153e+06
2.97338e+06 3.33794e+06 3.01216e+06
2.9752e+06 3.01491e+06 3.29994e+06
3.01655e+06 3.01075e+06 3.29472e+06
3.09872e+06 3.08515e+06 3.09839e+06
3.23785e+06 2.83666e+06 3.26566e+06
2.85661e+06 3.22673e+06 3.15936e+06
2.93779e+06 3.29395e+06 3.02564e+06
2.9407e+06 3.15549e+06 3.0876e+06
2.96764e+06 3.02996e+06 3.29602e+06
3.00505e+06 3.2524e+06 3.05713e+06
3.02577e+06 3.00542e+06 3.31137e+06
3.04592e+06 3.10314e+06 3.18012e+06
3.05692e+06 3.07114e+06 3.16767e+06
3.08774e+06 3.07967e+06 3.10772e+06
3.1026e+06 3.14232e+06 2.9847e+06
3.11253e+06 3.08411e+06 3.09974e+06
3.1721e+06 2.92988e+06 3.20473e+06
3.22581e+06 3.24997e+06 2.90256e+06
3.23726e+06 2.83561e+06 3.2701e+06
3.25222e+06 2.98585e+06 3.07964e+06
3.31628e+06 2.95821e+06 3.0484e+06
2.86277e+06 3.23456e+06 3.15322e+06
2.89284e+06 3.22112e+06 3.12795e+06
2.90195e+06 3.18772e+06 3.1372e+06
2.91729e+06 3.16671e+06 3.13202e+06
2.9215e+06 3.14847e+06 3.1131e+06
2.92152e+06 3.14659e+06 3.08925e+06
2.92902e+06 3.30595e+06 3.0385e+06
2.95209e+06 3.30935e+06 3.01218e+06
3.02947e+06 3.03983e+06 3.275e+06
3.04085e+06 2.99655e+06 3.31074e+06
3.09675e+06 3.15768e+06 2.99862e+06
3.13753e+06 3.1249e+06 2.99752e+06
3.14756e+06 3.11203e+06 2.97502e+06
3.15642e+06 3.24143e+06 2.94338e+06
3.16633e+06 3.19328e+06 2.94288e+06
3.16806e+06 3.20772e+06 2.92275e+06
3.18557e+06 2.88902e+06 3.24041e+06
3.1941e+06 2.87834e+06 3.24612e+06
3.28768e+06 2.96599e+06 3.07839e+06
2.85534e+06 3.24478e+06 3.16416e+06
2.93321e+06 3.293e+06 3.0298e+06
2.93923e+06 3.288e+06 3.02384e+06
2.94297e+06 3.13939e+06 3.10191e+06
2.96672e+06 3.03372e+06 3.30637e+06
3.0531e+06 3.11537e+06 3.17105e+06
3.14526e+06 3.23694e+06 2.94803e+06
3.15044e+06 3.18729e+06 2.96452e+06
3.16348e+06 2.93269e+06 3.21603e+06
3.1769e+06 3.21955e+06 2.9095e+06
3.18493e+06 2.88081e+06 3.24455e+06
3.19241e+06 2.88994e+06 3.19538e+06
3.22411e+06 2.85529e+06 3.25571e+06
3.23242e+06 3.26355e+06 2.88318e+06
3.2571e+06 2.97685e+06 3.08466e+06
3.27365e+06 2.92733e+06 3.16063e+06
3.28135e+06 2.97273e+06 3.07949e+06
3.29464e+06 2.97924e+06 3.04044e+06
3.29866e+06 2.95628e+06 3.05604e+06
