44 2.75266
689515 660245 722911
680014 660320 724649
618362 734550 746923
618586 736130 744604
619400 737591 742485
619693 738097 742445
622541 738411 739137
649149 698501 712736
650121 705058 705045
650998 700431 706542
619189 727854 751617
650592 700263 706571
615663 726629 760873
607282 745972 741558
606308 746956 740503
607875 740693 734834
698073 613346 730387
653075 673446 688640
655913 660909 692654
656667 665361 689868
658374 660896 695143
755516 724219 574026
657676 662354 691687
657810 663105 686971
752272 722834 576208
755373 722256 574697
758051 724059 573067
759819 719838 577230
764300 723455 571810
651724 665411 691827
653149 663607 689885
658441 662308 686348
663362 660815 687303
752797 724375 572614
764942 723906 570503
575117 737488 746574
652595 662123 693026
657306 664219 683315
739374 730632 569253
741069 731316 568525
741998 731626 568045
742298 728783 567530
744020 730326 567225
745378 729832 566369
758224 721846 573175
573877 742396 746597
575406 741564 744417
676627 601601 736634
684857 593074 734889
689401 587208 753551
691484 586691 752921
692392 587474 750341
734003 732407 570399
735788 729016 570890
738066 733575 567160
738628 726197 572077
745046 731303 563087
746488 729321 562323
747142 732294 562143
747488 728992 560840
750101 725766 563544
570292 731985 753638
570479 726652 753000
571028 733293 752523
571913 729510 749810
572012 728137 752492
572245 734585 747212
572728 732125 747874
575586 742774 742674
675184 603041 730467
675566 601683 730558
681773 591214 744913
681806 590877 743868
681932 590476 737231
682935 590360 737162
683549 590287 742156
684454 589973 741814
685678 588913 738931
686107 592071 732938
711501 578674 743639
715448 575486 740695
717201 575018 740126
717206 576688 737897
718113 572607 741243
731567 734381 571511
732965 572407 748676
733240 731584 571127
744773 732425 560222
745648 724487 564168
747015 739750 556374
747241 732586 558720
747358 731045 558211
747749 734854 557617
747868 729385 560341
748072 735414 557178
748122 728556 559634
748219 730189 557750
748463 732637 557227
749546 730475 557616
