95 0.717863
151475 141143 174714 156749
161579 156312 169089 146633
166368 165371 155029 146633
170826 164491 156770 142152
169477 167695 153930 146201
156880 155624 160506 157169
169252 139416 172764 177858
177074 160551 142889 157874
152655 142137 170173 163575
158166 156215 158203 148789
171827 153533 143350 157308
177570 148936 153793 158230
154281 160022 156593 161352
150299 166255 165597 154649
157273 166985 151033 160427
166638 172503 136892 163060
147292 174121 180399 150827
160683 142488 168652 164306
173164 172696 136328 173960
151256 152868 162971 153452
159408 172247 153554 139849
163823 175340 157752 136498
153180 143911 175533 154675
160540 160569 143025 147382
158996 148852 159499 162429
167257 150559 152073 151031
152079 171736 153574 150063
155405 169862 155543 151719
158975 169267 141194 173605
164470 173544 170682 138394
150310 165116 163312 157289
168062 158078 168512 139973
169663 135507 162376 147564
170443 156412 149042 158758
147021 167521 170725 151876
153683 176599 158942 149169
158832 153383 150535 159119
172437 161079 145878 141325
149881 153661 165412 160399
143701 167293 153999 165135
150739 152809 173151 146035
164263 151099 160273 146225
164556 148368 151851 164424
140652 182111 190940 159781
162223 152085 160281 143284
177747 141346 164191 142895
154910 167781 148882 164316
166636 167552 161528 141150
167066 155058 150737 154435
167179 166469 155372 145962
148001 158688 176427 151842
157437 179920 153187 151715
165912 154194 151817 158636
160403 169470 155131 138694
149367 148097 171278 165731
154394 160028 156701 158189
155531 174456 157783 145595
166949 158544 153914 146494
171255 151308 150726 156273
150037 173453 169032 142670
161503 165782 158605 143787
146907 166899 164212 159304
157475 155994 156724 160432
167288 167272 171166 138711
170916 155108 160573 134176
174499 150950 149212 171620
158474 168885 179803 133295
167325 142396 159630 163380
176217 158359 150469 148171
141384 173505 170811 158543
152487 145602 168347 150713
154866 152166 169213 148389
154847 161813 149637 160976
156910 161887 154498 155097
182206 152618 155604 149296
156077 178560 159636 143669
156309 162215 152056 158131
163000 154730 141682 164528
164367 155388 152817 152034
172586 163037 158327 137799
172862 165849 141045 174732
139033 163511 170979 164217
165207 153161 153755 160258
165305 151227 152447 160494
165408 164592 170972 142901
151917 153316 153921 164288
157801 156461 154136 149076
151606 157676 162500 163077
151983 160490 157463 154778
146185 153078 174725 153990
150187 163162 170485 149127
159663 156779 143233 151421
168723 157238 165018 139766
178304 155064 155004 136095
144294 174823 164634 158486
168638 149572 155080 157519
146185 158583 151236 162657
147832 163111 155226 160020
153301 151835 166842 149904
154547 149697 158132 166502
166384 161463 169727 141669
171410 154723 149281 154551
159024 175814 155134 144166
161250 145590 172674 156404
169075 146923 153817 152313
147524 171899 168706 153293
177188 155673 156695 149726
157823 141556 168338 170336
169809 153818 149495 156507
167176 158908 165886 139712
167973 158206 165186 136340
177144 139674 161933 164649
158764 160097 142031 167409
166068 151935 154059 157372
151065 152343 167317 164594
156496 174020 149767 155971
160893 156889 156647 147215
164398 148378 179940 149316
164882 176228 152947 143081
144945 169096 159297 153494
151178 170841 151379 160516
168638 148204 151388 171636
168753 150426 152508 161563
145074 150262 161339 164923
149946 182254 136290 150799
159750 166907 168437 139282
162155 149062 159205 160909
145652 147926 166924 167304
153550 164904 153517 157698
158344 174728 164103 136641
155473 142713 166509 156587
175196 149393 167025 143390
143425 170047 172209 163032
155576 166088 167916 143150
160294 144924 173014 151981
161377 165270 141351 167231
165784 142096 153069 175654
166796 166292 155840 143383
166875 148069 153943 163748
155541 154236 148811 160635
164559 147466 163604 144420
165043 143321 178249 145785
150747 161726 155928 151523
159360 172307 171353 141248
162123 165137 168542 140738
146949 174799 150629 171131
152045 159613 159760 143359
158741 176848 158962 140341
161243 160998 157645 143889
186938 143491 149655 171587
165011 145402 173598 150799
165611 166915 139800 174785
170237 146187 157242 170373
148923 160434 177336 151082
162184 149844 183307 147257
176153 155684 148192 149086
143880 164445 170527 169791
147452 163193 170047 155475
154115 171305 152948 159870
179743 150005 153759 158685
151739 173774 160095 145787
167517 146474 158012 173489
153324 153370 157567 159559
156394 159842 157306 150622
157062 169967 147757 156320
154765 149935 172945 135883
162511 151294 153797 170298
143512 174018 166643 172662
148224 157417 168174 155905
150619 165585 165362 156189
165002 139374 180290 174421
149962 162418 168436 150546
159658 169189 151474 151546
168826 180896 160645 135799
150993 158302 167664 145837
157805 162233 151512 158028
154500 155183 171641 149758
165402 145112 159491 164410
147963 170021 153107 158933
148626 176902 164329 144517
146190 170232 156509 162180
157214 151097 161884 147744
158687 149974 155539 152330
171874 145464 160269 149375
144375 180137 174162 143613
154289 158023 171682 144477
171081 168018 142225 163375
143930 150525 172694 154269
150962 175516 176597 138135
140673 186932 178427 151771
151921 175115 161864 139490
156619 153845 148675 162654
167774 158723 152509 148147
170581 148691 150149 164597
145037 159280 163997 163521
148854 166993 165732 147929
151483 160858 161170 154189
155447 171375 147799 172307
156376 166181 155278 146046
157291 183174 155045 145181
169968 148770 153305 161348
171589 153772 148950 167543
151918 164641 157090 150264
170240 146096 159191 143992
147059 183607 150371 158192
161690 140547 159755 162400
180455 148613 153710 156826
147349 177530 171577 145681
153449 143975 159517 157657
157265 172620 154318 150054
141516 170674 171193 160232
142908 167446 171051 164138
144914 162240 197564 152730
152913 152252 161459 152911
157567 150666 154841 150764
170807 153943 166036 137253
