58 10.2511
2.85576e+06 2.7572e+06
2.85825e+06 2.74917e+06
2.86814e+06 2.71589e+06
2.66752e+06 3.10421e+06
2.67198e+06 3.10289e+06
2.67322e+06 3.10059e+06
2.80588e+06 2.77746e+06
2.80857e+06 2.76931e+06
2.81119e+06 2.76658e+06
2.81121e+06 2.76647e+06
2.81387e+06 2.76632e+06
2.81661e+06 2.76059e+06
2.8613e+06 2.71919e+06
2.86566e+06 2.71624e+06
2.86848e+06 2.7133e+06
2.86898e+06 2.71312e+06
3.14142e+06 2.63236e+06
3.14268e+06 2.6323e+06
3.14367e+06 2.62933e+06
3.14424e+06 2.62889e+06
3.1475e+06 2.62834e+06
