302 57.9641
3.07055e+06 3.13125e+06 2.98828e+06
3.0749e+06 3.1745e+06 2.96178e+06
3.05629e+06 3.11108e+06 2.9963e+06
3.13212e+06 3.1526e+06 2.953e+06
3.16595e+06 3.08787e+06 2.993e+06
3.07581e+06 3.09722e+06 3.00718e+06
3.15091e+06 3.15315e+06 2.94682e+06
3.17704e+06 3.09666e+06 2.98512e+06
2.96124e+06 3.04196e+06 3.09284e+06
3.09445e+06 3.20668e+06 2.95509e+06
3.14608e+06 3.10536e+06 2.98014e+06
3.12758e+06 3.07629e+06 2.99746e+06
3.08564e+06 3.07805e+06 2.99927e+06
2.96156e+06 3.22191e+06 3.01979e+06
2.99609e+06 3.0421e+06 3.05803e+06
3.20891e+06 3.05493e+06 3.00743e+06
3.11613e+06 3.13242e+06 2.95957e+06
3.17024e+06 3.12572e+06 2.96395e+06
2.97395e+06 3.01519e+06 3.1466e+06
3.06097e+06 3.15111e+06 2.96742e+06
2.98075e+06 2.99216e+06 3.19313e+06
2.98575e+06 3.02526e+06 3.11509e+06
3.09479e+06 3.07632e+06 3.01177e+06
3.1075e+06 2.96128e+06 3.20482e+06
3.08614e+06 3.13254e+06 2.9634e+06
3.07412e+06 3.13994e+06 2.98685e+06
2.95176e+06 3.06663e+06 3.05846e+06
2.97316e+06 3.02153e+06 3.15368e+06
3.10829e+06 3.07735e+06 3.009e+06
2.93211e+06 3.06666e+06 3.06431e+06
2.95786e+06 3.02764e+06 3.11909e+06
2.97606e+06 2.9961e+06 3.1261e+06
3.03837e+06 2.9983e+06 3.12144e+06
3.03852e+06 3.14917e+06 2.98814e+06
3.06745e+06 3.1399e+06 2.99165e+06
2.99465e+06 2.99407e+06 3.18076e+06
3.02077e+06 3.08545e+06 3.04036e+06
3.07421e+06 3.12311e+06 2.97413e+06
3.03977e+06 3.14416e+06 2.98974e+06
3.15617e+06 3.13804e+06 2.95229e+06
2.95059e+06 3.05226e+06 3.09716e+06
3.04259e+06 3.02307e+06 3.05558e+06
3.06527e+06 3.15034e+06 2.97408e+06
3.11599e+06 3.09685e+06 2.98649e+06
2.95782e+06 3.21541e+06 3.04344e+06
2.97605e+06 3.03465e+06 3.10603e+06
2.98918e+06 2.99599e+06 3.14511e+06
3.193e+06 3.09239e+06 2.98911e+06
2.96374e+06 3.02176e+06 3.1486e+06
2.98863e+06 3.01045e+06 3.12424e+06
3.05978e+06 3.21546e+06 2.97607e+06
3.11192e+06 3.04553e+06 3.00855e+06
3.1801e+06 3.04478e+06 3.01703e+06
3.00102e+06 3.02339e+06 3.07144e+06
3.06388e+06 2.99239e+06 3.11826e+06
2.94281e+06 3.07475e+06 3.04444e+06
3.00318e+06 3.02902e+06 3.07006e+06
3.0513e+06 3.16538e+06 2.9859e+06
3.0981e+06 3.11863e+06 2.98787e+06
3.14195e+06 3.10331e+06 2.9837e+06
2.93712e+06 3.04961e+06 3.15015e+06
3.13087e+06 3.14116e+06 2.95453e+06
3.1607e+06 3.10004e+06 2.98243e+06
3.16071e+06 3.12284e+06 2.97074e+06
2.96336e+06 3.03708e+06 3.10748e+06
2.98979e+06 3.02546e+06 3.10496e+06
3.0845e+06 3.06628e+06 3.05279e+06
3.08866e+06 3.06375e+06 3.0346e+06
3.15799e+06 3.13244e+06 2.95311e+06
2.93963e+06 3.04699e+06 3.16362e+06
2.96282e+06 3.00719e+06 3.16466e+06
2.99696e+06 2.98944e+06 3.22313e+06
3.02953e+06 3.16395e+06 2.99528e+06
3.04027e+06 3.17073e+06 2.9817e+06
3.09568e+06 3.16044e+06 2.92033e+06
3.16905e+06 3.12672e+06 2.96552e+06
3.16907e+06 3.09298e+06 2.98627e+06
3.00364e+06 2.96263e+06 3.12797e+06
3.04812e+06 3.12236e+06 3.00127e+06
3.12075e+06 3.15764e+06 2.9467e+06
3.15349e+06 3.13136e+06 2.96173e+06
2.97735e+06 3.04052e+06 3.09783e+06
3.03936e+06 3.13272e+06 3.00939e+06
3.05928e+06 2.97726e+06 3.11933e+06
3.15627e+06 3.03224e+06 3.04007e+06
2.9258e+06 3.08127e+06 3.18842e+06
2.9271e+06 3.08311e+06 3.13848e+06
2.93882e+06 3.08204e+06 3.05598e+06
3.11227e+06 3.13049e+06 2.97134e+06
3.16553e+06 3.09963e+06 2.98568e+06
3.03142e+06 3.14173e+06 2.99136e+06
3.03896e+06 3.14132e+06 2.99418e+06
3.06421e+06 2.98637e+06 3.05945e+06
3.08024e+06 3.10214e+06 3.00643e+06
2.97929e+06 3.05434e+06 3.06755e+06
2.99751e+06 3.01597e+06 3.11082e+06
3.01747e+06 3.00078e+06 3.06669e+06
3.02732e+06 3.06763e+06 3.01269e+06
3.04404e+06 3.12622e+06 3.00167e+06
3.14963e+06 3.13083e+06 2.96315e+06
2.93984e+06 3.02836e+06 3.1141e+06
2.96569e+06 3.2101e+06 3.03732e+06
2.97015e+06 3.10408e+06 3.0255e+06
2.97466e+06 3.02248e+06 3.12299e+06
2.99418e+06 3.16605e+06 2.99922e+06
3.01129e+06 3.01352e+06 3.10103e+06
3.01778e+06 3.14789e+06 3.00936e+06
3.03364e+06 3.0591e+06 3.05726e+06
3.10073e+06 3.10847e+06 2.97253e+06
3.10569e+06 3.0927e+06 2.99418e+06
3.11092e+06 3.0495e+06 3.01238e+06
2.95957e+06 3.03747e+06 3.11325e+06
3.05664e+06 3.04337e+06 3.05285e+06
3.06588e+06 2.97335e+06 3.10431e+06
