12350 228.488
1.47698e+06 1.4161e+06 1.54418e+06 1.55827e+06
1.47944e+06 1.42813e+06 1.49716e+06 1.48875e+06
1.47209e+06 1.46385e+06 1.45647e+06 1.51208e+06
1.47583e+06 1.47894e+06 1.4661e+06 1.45992e+06
1.44634e+06 1.44136e+06 1.51892e+06 1.48959e+06
1.49746e+06 1.42281e+06 1.50028e+06 1.49362e+06
1.51054e+06 1.49742e+06 1.4413e+06 1.48591e+06
1.48183e+06 1.43351e+06 1.49084e+06 1.47204e+06
1.45184e+06 1.49637e+06 1.51473e+06 1.44405e+06
1.48142e+06 1.43606e+06 1.49388e+06 1.46967e+06
1.4739e+06 1.45049e+06 1.49282e+06 1.46594e+06
1.4618e+06 1.50056e+06 1.46179e+06 1.50817e+06
1.47432e+06 1.50761e+06 1.45129e+06 1.47764e+06
1.47686e+06 1.45783e+06 1.45827e+06 1.44025e+06
1.47e+06 1.47934e+06 1.4346e+06 1.54546e+06
1.49845e+06 1.45398e+06 1.42958e+06 1.51056e+06
1.51228e+06 1.44959e+06 1.43922e+06 1.53254e+06
1.46428e+06 1.48576e+06 1.49779e+06 1.44864e+06
1.52446e+06 1.44518e+06 1.45939e+06 1.43747e+06
1.47631e+06 1.4293e+06 1.52235e+06 1.48312e+06
1.45566e+06 1.47552e+06 1.4681e+06 1.47408e+06
1.43506e+06 1.49092e+06 1.44805e+06 1.52858e+06
1.46085e+06 1.50653e+06 1.44404e+06 1.49689e+06
1.43638e+06 1.49e+06 1.48985e+06 1.50565e+06
1.49774e+06 1.46075e+06 1.4479e+06 1.46271e+06
1.46756e+06 1.50066e+06 1.45079e+06 1.48661e+06
1.45281e+06 1.42835e+06 1.50452e+06 1.50186e+06
1.42121e+06 1.52089e+06 1.49775e+06 1.48698e+06
1.46168e+06 1.43976e+06 1.4618e+06 1.475e+06
1.47821e+06 1.40924e+06 1.47218e+06 1.49882e+06
1.43632e+06 1.51447e+06 1.46234e+06 1.51227e+06
1.43716e+06 1.51928e+06 1.50253e+06 1.49533e+06
1.46755e+06 1.51182e+06 1.44836e+06 1.48526e+06
1.48794e+06 1.48411e+06 1.44633e+06 1.51081e+06
1.41664e+06 1.49176e+06 1.45214e+06 1.52894e+06
1.46021e+06 1.44611e+06 1.46969e+06 1.50234e+06
1.51543e+06 1.47052e+06 1.46246e+06 1.43656e+06
1.47197e+06 1.49838e+06 1.46216e+06 1.46016e+06
1.46473e+06 1.5216e+06 1.45728e+06 1.48418e+06
1.43515e+06 1.43488e+06 1.4938e+06 1.50259e+06
1.47551e+06 1.44419e+06 1.48786e+06 1.46888e+06
1.45635e+06 1.41958e+06 1.50204e+06 1.50004e+06
1.4332e+06 1.47931e+06 1.49724e+06 1.50725e+06
1.49231e+06 1.48425e+06 1.42693e+06 1.52088e+06
1.42731e+06 1.44082e+06 1.49812e+06 1.51168e+06
1.44646e+06 1.51236e+06 1.46392e+06 1.47832e+06
1.46489e+06 1.49177e+06 1.45962e+06 1.47698e+06
1.46356e+06 1.45682e+06 1.45626e+06 1.51759e+06
1.46036e+06 1.49443e+06 1.45895e+06 1.51495e+06
1.418e+06 1.48105e+06 1.47932e+06 1.51364e+06
1.42109e+06 1.5174e+06 1.51023e+06 1.4789e+06
1.45245e+06 1.46387e+06 1.49364e+06 1.469e+06
1.43925e+06 1.44342e+06 1.49245e+06 1.47817e+06
1.43815e+06 1.47209e+06 1.47348e+06 1.50149e+06
1.4564e+06 1.48836e+06 1.49108e+06 1.47118e+06
1.46737e+06 1.47133e+06 1.44863e+06 1.49633e+06
1.45917e+06 1.45371e+06 1.48688e+06 1.50076e+06
1.45525e+06 1.46039e+06 1.46574e+06 1.47564e+06
1.4564e+06 1.45968e+06 1.48742e+06 1.4717e+06
1.4634e+06 1.41616e+06 1.50472e+06 1.51559e+06
1.47392e+06 1.43518e+06 1.46135e+06 1.51202e+06
1.45735e+06 1.46001e+06 1.46638e+06 1.45593e+06
1.48856e+06 1.42422e+06 1.48617e+06 1.48168e+06
1.46498e+06 1.51048e+06 1.51168e+06 1.44097e+06
1.51181e+06 1.45662e+06 1.4881e+06 1.46566e+06
1.48296e+06 1.43986e+06 1.50906e+06 1.4604e+06
1.45243e+06 1.49491e+06 1.45889e+06 1.52168e+06
1.48271e+06 1.4459e+06 1.45366e+06 1.46839e+06
1.49313e+06 1.44076e+06 1.4871e+06 1.47064e+06
1.49068e+06 1.4577e+06 1.45982e+06 1.46595e+06
1.46237e+06 1.42489e+06 1.56153e+06 1.48039e+06
1.51179e+06 1.43372e+06 1.4873e+06 1.48087e+06
1.46751e+06 1.43428e+06 1.44479e+06 1.52302e+06
1.47206e+06 1.43212e+06 1.50918e+06 1.461e+06
1.43632e+06 1.48202e+06 1.4722e+06 1.51271e+06
1.49677e+06 1.41777e+06 1.48719e+06 1.49682e+06
1.46664e+06 1.46967e+06 1.51343e+06 1.4519e+06
1.49877e+06 1.45727e+06 1.48648e+06 1.4647e+06
1.51983e+06 1.44738e+06 1.45232e+06 1.51409e+06
1.4199e+06 1.49169e+06 1.48754e+06 1.49833e+06
1.46502e+06 1.44666e+06 1.44474e+06 1.51524e+06
1.45564e+06 1.43334e+06 1.47636e+06 1.50812e+06
1.45385e+06 1.42797e+06 1.4644e+06 1.52232e+06
1.49898e+06 1.42816e+06 1.48921e+06 1.46253e+06
1.50089e+06 1.43682e+06 1.49514e+06 1.44141e+06
1.46301e+06 1.44792e+06 1.49657e+06 1.46527e+06
1.47685e+06 1.42521e+06 1.47618e+06 1.5057e+06
1.42852e+06 1.46511e+06 1.49343e+06 1.52267e+06
1.45221e+06 1.47023e+06 1.47052e+06 1.50916e+06
1.47484e+06 1.47888e+06 1.4783e+06 1.4536e+06
1.44795e+06 1.43062e+06 1.48749e+06 1.49172e+06
1.44035e+06 1.49049e+06 1.46416e+06 1.49954e+06
1.44234e+06 1.44165e+06 1.49619e+06 1.48792e+06
1.45756e+06 1.48945e+06 1.51884e+06 1.44563e+06
1.45713e+06 1.47769e+06 1.48956e+06 1.46691e+06
1.47165e+06 1.43878e+06 1.47354e+06 1.47549e+06
1.47002e+06 1.43615e+06 1.50604e+06 1.4746e+06
1.46857e+06 1.42281e+06 1.46278e+06 1.51054e+06
1.4708e+06 1.52169e+06 1.47632e+06 1.45572e+06
1.47455e+06 1.42078e+06 1.50563e+06 1.48551e+06
1.46867e+06 1.47122e+06 1.43884e+06 1.51457e+06
1.46527e+06 1.47258e+06 1.44886e+06 1.48669e+06
1.43145e+06 1.44535e+06 1.50277e+06 1.48753e+06
1.47885e+06 1.42661e+06 1.45768e+06 1.49295e+06
1.46558e+06 1.4299e+06 1.48238e+06 1.49769e+06
1.47416e+06 1.46448e+06 1.51279e+06 1.44815e+06
1.49578e+06 1.45761e+06 1.4426e+06 1.48546e+06
1.49087e+06 1.49527e+06 1.51107e+06 1.42718e+06
1.43218e+06 1.4498e+06 1.48529e+06 1.50805e+06
1.45919e+06 1.45234e+06 1.50385e+06 1.4555e+06
1.44751e+06 1.46669e+06 1.4808e+06 1.47987e+06
