13 0.541026
313134 301343 311272
316346 309423 295339
311348 313166 297978
322825 316835 293075
301696 336198 306450
303749 326084 302865
310917 310844 308957
302616 319231 308460
303431 334861 304093
320716 320594 290552
309585 311898 310443
317711 311574 293496
333789 283827 309799
346189 293710 298014
301298 338728 307985
303062 313240 306188
315702 312681 297784
324575 303782 286108
327158 335896 278103
330287 315648 265907
298327 311676 312502
307040 307601 313299
319068 294593 295366
296191 332128 310986
305791 313098 304962
310708 297509 325259
313197 288616 298100
327024 310115 278797
286728 313397 311263
306728 323365 295726
308649 324574 289532
314506 335489 284574
316078 316120 295543
316890 307042 297148
323622 305427 294302
350585 302570 292486
