5 1.18535
3.053e+06 3.28307e+06
3.05611e+06 3.26898e+06
3.08096e+06 3.15694e+06
3.08478e+06 3.15606e+06
3.08722e+06 3.15555e+06
3.08742e+06 3.15349e+06
3.09002e+06 3.1523e+06
3.09015e+06 3.1505e+06
3.09601e+06 3.13472e+06
3.10078e+06 3.13113e+06
3.1011e+06 3.13066e+06
3.10636e+06 3.09998e+06
3.13056e+06 3.09588e+06
3.13058e+06 3.09279e+06
3.14296e+06 3.06251e+06
3.18098e+06 3.0622e+06
3.1834e+06 3.05401e+06
3.18988e+06 3.04611e+06
3.19439e+06 3.04496e+06
3.19619e+06 3.04058e+06
3.19741e+06 3.03265e+06
