289 1.80002
341046 304116 285204
299656 332266 287804
330890 335861 277479
340558 286299 312019
323382 296157 308084
302709 301210 306173
319082 305999 291239
305928 299665 328009
325859 307038 289561
300248 330155 294129
304207 314434 285225
300330 322581 298473
293743 301859 317425
290296 334061 319632
317244 303232 291924
297825 313145 298979
323877 294114 342776
320037 299356 299835
311424 310998 288299
304660 299726 310024
326433 293277 312422
287175 315885 324588
317846 313144 281320
343751 288957 301206
330330 344788 277877
332350 302106 298182
333290 336052 275050
336979 289375 303478
325165 295726 304516
331983 290176 309110
290299 312179 324440
325875 312939 282472
345169 283961 310205
324786 285952 318218
342349 342746 272670
329330 296194 304453
338137 285206 317270
295815 327047 303209
316651 337589 284967
323403 294362 321025
301186 309391 289590
325227 311230 284752
316158 300782 300673
327248 292649 309197
353551 329693 274022
332003 324471 275996
298510 344701 298961
303076 304617 301409
314930 296071 327427
332745 294012 304305
318109 294980 311023
333779 291318 293564
293040 314746 306403
300809 310590 304457
328838 302581 298477
310551 297629 303179
315972 307120 299977
324489 307977 287193
