408 0.271581
149502 164149 171701
164131 150769 167339
168683 152199 159731
171190 178577 146301
176286 165474 148411
179898 154838 151493
184165 139930 168488
171530 158028 155609
181084 160317 145975
154979 159369 177673
170645 162150 153898
182290 156102 148765
167450 156754 156392
147104 164996 175340
171915 169966 148654
178916 164795 147424
161680 160925 156090
166491 148427 168801
148775 161206 177701
159256 172669 154905
167354 170477 146481
155179 158668 166614
154133 169770 155541
159121 147590 175099
165639 156942 160829
157247 160725 164300
165637 152587 161847
166195 166878 151583
153276 169093 164149
167769 155406 157209
155932 150726 169508
158094 157508 157180
165907 167689 153132
161508 152489 164440
154439 162594 160723
183778 151538 162023
163323 159629 155110
167615 162121 154640
172409 156267 149306
160248 162141 154573
