59 1.8883
795089 815086 754820 767911
798561 794569 750414 780191
819010 760188 791711 763355
768336 788325 800691 776492
822208 792596 743442 797301
763648 802601 803264 786749
783312 793901 788010 760407
792237 753937 785863 841149
796968 754688 777033 786129
779548 789018 768631 778126
747053 779774 822927 822876
770544 784332 797585 771563
764154 818863 763241 794085
836825 803091 727022 843977
766052 793424 748309 806868
770487 773364 784072 850504
772613 766524 805238 761233
779929 765020 789442 788482
756247 809295 800187 795878
774203 753563 803798 812089
778937 817497 757750 775508
780534 805397 783392 763046
766989 803166 780559 785399
770023 759155 818775 764824
772996 771035 792086 799764
780488 815364 798062 760435
785739 760112 774074 827975
812473 781814 756216 792403
834767 801362 731305 846677
807264 763374 767536 787810
812785 786404 742885 809609
753007 792632 794398 818520
793995 758900 807410 781684
795256 805249 753688 784321
817398 796263 743427 804062
781747 817976 752302 774974
815620 800281 779190 743894
748981 774759 821537 795323
760100 776189 791889 798600
791901 786373 756017 764309
741089 815111 810844 812472
777071 810873 787534 782731
807120 737465 813685 824838
818738 778560 759306 790246
819755 757114 757225 807429
759024 788354 780832 824437
780139 812200 804326 761299
795188 806752 749677 776870
797248 764875 747169 819054
797496 751405 809399 832974
779314 821043 802765 762233
755592 795647 796882 812862
756464 810197 774359 830702
762162 809017 806019 778423
796768 800048 745884 770824
838358 781022 750672 795664
781952 778702 783478 794746
783132 769496 771815 803652
790337 793648 778212 765630
764384 748724 816879 798237
831356 763588 764774 801085
845965 779508 742227 813551
764054 792865 786551 786273
773921 778501 798386 787188
774958 765407 772140 798857
776171 816136 778437 782692
779889 764057 805885 781503
781389 799075 782602 764722
804401 752043 798767 798150
808706 748271 769396 768504
746271 811201 813045 811449
757425 794064 771401 809069
794114 775252 765277 780284
790067 783072 770331 778105
768980 781698 783818 799725
810392 824898 743281 783804
814936 796432 758448 762895
788256 789257 782740 770262
809244 758864 766867 829018
811293 782813 776532 758366
813605 766157 751893 799548
750031 801890 809540 795999
779978 783655 773540 782771
782927 791626 792280 774478
757865 799228 807634 787329
793482 804323 787760 756084
807230 748149 788394 782014
754281 810956 791794 820648
761035 824834 823491 783532
784025 814098 776067 768606
792014 829187 807662 755077
815548 791024 806640 747752
816673 775786 796459 750602
765875 784215 806806 794705
800370 745536 811581 794669
763970 763478 807200 833733
779012 772552 786915 792404
787806 808953 818357 754957
793688 824053 752096 760565
794341 779477 786970 777671
744138 802227 815958 828502
766653 798549 776678 793097
782723 820540 799646 759404
786482 759535 771287 814397
789371 777714 781374 793513
790470 780496 771138 768009
793533 748790 809938 802295
794766 775551 822518 748459
810035 786511 742438 842351
738994 790979 824444 804727
753297 827739 801024 797419
771070 779593 770452 785683
789280 799535 830951 759834
805108 786194 754073 782381
809775 819547 721144 823551
768503 784008 782698 820997
773238 794829 795983 777950
781385 778084 792329 760781
795308 766766 792134 750838
833503 757186 767993 778891
786481 796425 763993 788462
757199 792719 836895 786567
764167 770474 807293 795481
770841 774563 766518 797553
810845 742159 769128 804540
833480 790171 785131 754725
762902 815546 778492 792036
795108 763865 761649 758425
821872 797830 790965 748675
751035 784639 799388 806002
763985 786469 789476 828146
767213 756504 798343 788559
798873 772947 745339 802713
802711 756430 776403 778876
830728 791028 736581 813597
833278 796374 778302 757039
773357 821362 780634 780397
820597 773353 789506 758398
832830 817615 765769 754896
834299 790767 751159 789171
765041 799463 801322 764124
786414 798409 764052 785136
811401 807825 782999 749725
830869 766247 753576 781039
752901 775107 809214 807067
765937 805890 772632 800969
770473 836912 792483 779015
771406 774213 748116 796555
778123 820448 769562 790837
788626 814593 763339 782903
793859 773513 773352 798137
803883 787471 753089 781264
808750 737338 793342 802163
822832 829432 791489 731861
743617 792911 819848 803677
782994 797143 786073 777847
788701 761230 794083 771212
798567 740519 798885 801671
800858 814459 791299 751456
814284 788767 781011 757012
765343 807363 774401 808533
791190 761159 775787 784891
765986 766443 804220 772139
770712 760848 789169 802465
780281 754201 783636 782156
785807 783202 773276 773728
794396 768863 768539 785869
802004 762102 772961 810844
817102 735871 785410 811697
769574 802134 771300 803023
772994 787040 741722 817061
783468 760399 761791 825094
790951 814663 805377 759311
801930 747771 804707 760129
805122 771818 760254 800763
820925 785233 754620 792800
840800 811450 745025 791151
